Export/ASCII/RMeteo_SP_inch/impervious0/net_infiltration_2014_SP4_inch.asc
ncols         660
nrows         338
xllcorner     1476100.0
yllcorner     5017100.0
cellsize      100
NODATA_value  -9.9000000089461e-20
[rows 27 to 53 of 338, columns 480 to 539 of 660]
5.223535 0.56227505 0.4827324 0.40084806 0.56227493 0.56227493 0.5654163 13.178359 0.5622747 0.56227463 0.56227463 0.6603555 0.56227463 0.40084767 0.40084767 0.40084764 0.66035545 0.56227446 0.4008475 2.6213014 2.6213014 2.6213012 2.621301 2.621301 2.621301 2.6213007 2.6213005 12.8680525 11.728993 13.178354 13.178354 11.996418 12.388006 13.178354 0.56227386 0.40084714 2.6212997 2.621299 8.660977 7.2708006 7.2708006 4.1200294 7.994273 8.116314 8.116314 8.93941 9.274797 6.660177 9.4549465 6.6601763 8.537483 11.82034 8.412836 14.295634 3.5476236 3.5476236 13.178347 13.956831 8.080706 5.223525
5.2234964 0.5622673 0.40084082 0.4008408 0.4008408 0.5622671 3.5475988 0.5622671 0.5622671 0.56226707 0.562267 0.562267 0.562267 0.40084058 0.40084058 0.5622669 3.5475981 3.5475976 0.4008405 2.62127 3.0505397 2.6212697 2.6212692 2.621269 2.621269 3.050538 2.6212685 11.728936 0.5622664 0.56226635 3.547596 3.5475957 11.996342 13.178297 0.5622663 0.40083992 9.044467 7.270752 3.3290064 2.621267 3.1537528 4.119991 4.5195627 8.915773 6.6601105 8.441163 9.35722 6.6601076 9.113699 8.11624 6.660107 11.327934 10.190725 17.694353 3.5475924 3.5475924 5.223487 5.223487 5.223487 4.119987
5.2234583 0.40083387 0.40083382 0.4008338 0.4008338 0.5622594 3.5475686 0.5622594 0.5622593 0.5622593 0.5622593 0.56225926 0.56225926 0.56225914 0.56225914 0.56225914 3.5475674 2.6212385 2.6212382 2.621238 2.621238 2.6212378 2.6212378 5.2234526 3.5475664 2.621237 0.5622588 0.5622587 0.5622586 5.2234526 3.5475652 3.547565 3.5475645 3.5475645 3.5475643 2.621236 5.9495707 2.621236 2.6212358 2.6212358 2.6212356 4.1199512 6.6600413 3.8154144 6.660039 8.761954 9.530646 8.116167 9.203759 8.3367815 9.608521 8.412751 10.469713 8.412751 14.295528 13.178233 5.2234483 5.2234483 8.080597 7.2706957
0.56225187 0.56225175 0.40082672 0.40082672 0.40082672 0.60514796 3.5475373 13.178189 0.5622515 0.5622515 0.5622515 0.5622514 0.5622514 0.5622514 0.5622514 3.547536 3.547536 2.621206 2.621206 2.6212058 2.6212056 0.44537982 2.6212053 5.2234144 3.5475352 3.547535 0.562251 0.562251 14.295484 5.223414 3.5475347 3.5475345 3.5475345 3.5475345 2.6212034 2.6212034 2.6212032 2.6212027 2.6212025 2.6212025 7.2706494 7.2706494 3.147277 2.621202 8.116096 7.2706485 6.6599703 9.322272 6.6599693 8.537253 9.653921 8.412709 10.85405 10.190634 3.5475311 5.22341 5.22341 13.178175 20.079155 7.2706447
0.5622441 0.56224406 0.660325 0.562244 0.40081954 0.56224394 13.178133 0.66032493 3.5475066 3.5475066 0.56224394 13.178132 0.5622438 0.6603248 0.56224376 3.547506 3.547506 2.6211748 2.6211743 3.3757648 2.6211743 0.4008191 5.223377 5.223377 6.986163 0.5622434 0.5622434 0.5622434 14.295432 14.295432 14.295432 3.547504 2.621172 2.621172 2.621172 3.0504422 2.6211715 2.6211712 2.6211712 2.621171 3.1536489 3.1536486 2.6211705 2.6211703 8.632975 6.6599007 8.116025 9.61845 6.6599007 8.756308 9.825466 10.190587 8.412665 10.469621 3.5475001 4.0319066 3.5474997 3.5474997 3.5474997 7.2705946
0.5622363 0.56223625 0.56223625 0.56223625 0.4008125 0.56223625 13.178076 3.5474756 3.5474756 3.5474753 12.387631 3.547475 3.5474749 0.56223595 0.5622359 0.40081215 3.235768 2.6211426 0.4008121 0.40081203 0.400812 0.5622357 11.9960375 5.2233377 5.2233367 13.17807 13.17807 14.295382 14.295382 14.295382 3.5474727 3.5474727 3.0504115 2.6211402 2.6211402 2.6211402 2.62114 2.62114 2.62114 2.6211395 2.6211395 6.6598334 7.270549 6.659832 9.512271 6.659832 6.659831 9.476251 6.659831 5.497124 6.65983 7.270547 11.307195 8.412624 2.6211376 3.5474696 3.5474696 3.5474696 2.621137 0.4008108
0.5622286 0.40080535 0.40080535 0.40080535 0.40080535 0.56222856 0.5622284 3.547445 3.547445 3.547445 3.5474446 3.5474446 3.5474443 0.56222826 0.40080503 0.40080503 0.40080503 0.40080497 0.48268515 0.40080494 0.56222814 11.99596 11.99596 13.178014 5.223299 5.2232985 13.178013 14.295326 14.295324 14.295324 3.5474415 2.6211088 2.6211088 2.6211085 2.6211083 2.6211083 2.6211083 2.621108 2.6211076 2.6211076 2.6211076 0.47364864 8.04737 8.11588 9.40233 8.115879 9.434414 6.6597605 8.115879 4.119792 8.115879 8.66066 12.039027 0.40080386 0.40080383 0.40080383 0.4008038 3.5474377 2.621105 0.4008037
0.5622209 0.5622209 0.40079823 0.4007982 0.46233597 0.4007982 0.4007982 0.40079814 0.40079814 0.56222063 0.56222063 13.17796 0.40079793 0.5622205 0.5622204 0.40079784 0.40079784 0.40079784 0.56222034 0.56222034 0.5622203 5.2232604 11.995886 13.177958 5.2232604 5.2232604 13.177957 13.177957 3.5474114 3.547411 3.5474107 2.6210763 2.6210763 2.6210763 2.621076 2.6210759 2.6210756 2.6210756 2.6210756 2.6210756 2.6210756 2.6210754 2.6210752 8.336415 6.6596937 0.4965778 0.40079698 6.659693 8.336412 6.659693 8.336412 3.3287957 3.9097328 0.40079668 0.40079662 0.40079662 0.40079662 2.6210728 2.6210725 6.659688
0.56221324 0.5622132 0.5622132 0.40079108 0.40079108 0.40079108 0.40079105 0.40079105 0.56221306 0.56221306 5.2232237 0.5622129 0.5622129 14.295228 0.5622128 0.56221277 0.56221277 0.5622127 0.5622127 0.56221265 13.177898 5.223222 5.223222 14.295228 5.223222 5.223221 3.547381 3.547381 2.621045 2.621045 2.6210449 0.40079033 0.4007903 0.4007903 2.621044 2.621044 3.050316 2.621044 2.621044 2.6210437 2.6210434 2.6210434 6.659625 8.536875 0.47363374 0.40078992 0.4007899 8.727896 9.138069 8.115734 3.3841765 2.621042 2.6210418 0.40078965 0.40078965 0.4007896 2.6210408 2.6210408 2.6210408 3.1471071
0.56220555 0.5622055 0.5622055 0.5622054 0.40078413 0.40078405 0.40078396 0.5622053 0.5622052 5.223187 3.547352 13.177845 13.177845 13.177845 13.177845 3.5473511 3.547351 3.547351 14.295176 13.177843 11.728443 14.295174 5.2231846 4.1196785 14.295174 14.295174 3.54735 3.5473497 3.5473495 2.6210132 2.621013 0.40078333 0.48266158 0.40078315 0.40078312 0.40078312 2.6210115 2.6210115 2.6210115 2.6210113 2.6210113 3.3522365 6.6595554 8.75593 0.40078267 0.40078261 0.40078261 3.2918406 8.4124565 8.336267 2.6210096 2.6210096 2.6210096 2.6210093 3.5473466 3.5473464 2.621009 2.6210089 2.6210086 2.6210086
4.5031238 0.5621977 0.5621977 0.5621977 0.5621977 0.5621976 0.5621976 0.66027874 0.56219757 3.547321 3.547321 13.177789 13.177789 5.223147 13.177789 3.5473201 2.620983 3.5473201 14.295123 13.177787 13.177787 14.295121 5.223146 5.3152375 13.177787 13.177786 10.2810955 3.5473185 4.031725 3.5473182 3.547318 0.40077615 0.4007761 0.4007761 0.40077603 2.6209803 2.6209803 2.6209803 2.6209803 2.62098 2.6209798 2.6209798 7.270299 5.4969106 6.659485 0.4007757 0.4007757 7.270299 9.040684 6.659483 2.6209786 2.6209786 2.6209786 3.5473151 3.5473151 2.6209776 5.802364 4.119633 6.659481 6.65948
3.5472918 0.56219 0.56219 0.56219 5.2231107 0.5621899 0.5621898 0.56218976 13.177732 3.5472906 3.5472898 13.177731 13.177731 5.223109 13.177731 3.5472896 3.547289 3.547289 14.29507 13.177729 5.223108 0.5621894 0.5621894 0.5621894 13.177729 3.5472882 13.177729 0.56218916 3.5472882 3.547288 3.5472877 0.4007691 0.4007691 0.400769 0.400769 2.6209483 2.6209483 2.6209483 2.620948 2.620948 2.620948 4.1195965 8.660397 6.659416 8.727741 4.1195955 7.2702503 8.660397 9.073952 0.4007684 6.6594143 2.6209462 7.698562 11.728312 5.2231026 4.119594 0.42652577 4.119594 0.4736112 8.115516
3.5472608 0.5621823 0.56218225 11.728261 11.728261 0.5621822 0.5621822 0.56218207 13.177674 14.295023 14.295023 13.177674 5.2230706 13.177674 0.5621819 13.177674 5.22307 0.5621819 13.177674 5.22307 5.22307 0.56218165 0.56218165 0.5621816 14.295018 3.5472574 0.5621816 0.56218153 3.5472572 3.5472572 3.547257 0.40076187 0.40076184 0.40076184 0.40076184 0.40076184 2.6209164 2.6209164 2.6209164 2.6209161 2.6209161 7.2702017 0.49742246 0.4007617 8.853025 4.1195574 8.660339 0.4974222 0.55103093 0.4007614 0.4736041 0.4007614 0.4007613 11.7282505 11.7282505 0.40076113 0.40076107 4.1195536 0.400761 8.938757
3.5472298 3.5472295 2.6208887 3.5472295 3.547229 3.547229 5.223032 13.177619 3.547229 13.177619 13.177619 13.177619 5.223031 13.177617 0.56217414 0.56217414 0.5621741 0.5621741 13.177615 13.177615 0.5621739 0.5621739 0.40075514 0.56217384 2.620886 13.177613 13.177613 3.5472262 3.5472262 3.5472262 0.56217366 0.40075484 0.40075478 0.40075478 0.4007547 0.4007547 2.6208844 2.6208844 2.620884 2.6208837 2.6208837 8.66029 0.40075454 0.4007545 0.50946736 0.40075445 0.49741477 0.40075436 0.4007543 0.40075427 0.40075424 0.4007542 0.40075415 0.5621728 0.5621728 0.40075415 0.4007541 0.40075403 7.2701473 3.3829339
2.620857 2.620857 2.620857 2.6208568 2.6208565 3.5471985 3.5471983 3.5471983 3.547198 13.177562 11.995354 11.995354 5.2229924 13.177562 0.5621664 0.56216633 13.177562 13.177562 13.177561 0.5621662 0.5621662 0.400748 0.6602474 0.56216615 13.177557 13.177557 13.177557 3.5471954 3.5471954 3.5471952 0.40074778 0.40074778 0.40074775 0.40074775 0.4007477 0.40074766 2.620853 0.40074766 2.6208527 2.6208522 2.6208522 0.49740738 0.4007474 0.40074736 0.4007473 0.40074727 0.40074727 0.40074727 0.40074718 0.40074715 0.40074715 0.4007471 0.4007471 0.5621652 0.40074694 0.40074688 0.40074688 7.2700973 9.791251 8.412246
0.40074155 0.40074155 2.8857808 3.5471678 3.5471675 2.6208248 3.547167 2.6208246 3.5471666 11.995278 11.995276 11.995276 0.5621589 0.5621588 0.6602399 0.5621588 0.5621588 13.1775 5.222953 0.56215864 0.6893229 0.40074098 0.5621585 0.5621585 13.1775 13.529665 13.1775 14.294862 3.5471644 3.5471644 0.40074068 0.53709483 0.40074053 0.40074053 0.40074053 0.4007405 2.6208203 0.4007405 0.40074047 0.4007404 0.4007404 0.4007404 0.40074027 0.40074024 0.4007402 0.4007402 0.40074018 0.40074018 0.40074015 0.4007401 0.40074006 0.40074006 0.40074003 0.40073997 0.40073997 0.40073997 7.270048 8.66018 7.270047 10.810807
0.40073434 0.40073428 2.620793 3.547137 14.294817 3.5471368 4.2966394 3.5471368 13.177446 3.5471365 3.5471365 3.5471363 4.5029354 0.5621511 0.56215096 0.40073392 0.56215096 0.58503634 0.56215084 0.56215084 0.56215084 0.56215084 0.660232 13.177445 3.547134 3.5471337 3.5471337 4.031541 3.5471334 3.5471334 3.5471332 3.5471332 0.5621505 0.40073347 0.4007334 0.40073338 0.40073335 0.40073335 0.40073332 0.40073332 0.4007333 0.4007333 0.40073323 0.40073314 0.40073308 0.40073308 0.40073302 0.40073302 0.48260665 0.40073296 0.40073287 0.40073287 0.40073287 0.40073287 0.40073285 0.40073285 0.44401783 5.337242 4.119396 6.2671385
0.40072736 0.40072736 0.60504025 3.5471058 14.294764 14.294764 13.177391 13.177391 3.5471056 2.885718 5.222877 3.5471048 3.5471044 0.40072694 0.4007269 0.4826001 0.40072682 2.6207592 0.56214315 0.56214315 0.66022426 0.562143 0.562143 13.177388 3.5471036 4.0315104 3.5471034 3.5471032 3.5471032 5.222875 5.222874 0.5621428 0.5621428 0.40072635 0.40072635 0.40072623 0.40072623 0.40072623 0.4007262 0.40072617 0.4007261 0.4007261 0.4007261 0.400726 0.400726 0.400726 0.400726 0.400726 0.400726 0.40072596 0.40072587 0.40072587 0.40072584 0.40072578 4.1193576 0.40072563 0.4007256 4.1193576 4.119357 4.119357
0.40072027 0.40072027 0.56213593 3.547075 3.547075 0.5621358 13.177334 3.5470746 3.547074 3.547074 5.2228384 3.547074 3.547074 0.5621357 0.40071985 0.40071985 0.40071976 2.620727 0.4007197 0.5621355 0.5621354 0.5621354 3.5915492 0.56213534 3.5470726 3.5470726 3.5470726 3.5470722 3.5470717 5.222836 0.56213516 0.56213504 0.56213504 0.40071929 0.40071929 0.40071917 0.40071914 0.4007191 0.40071908 6.04295 6.04295 2.620724 0.400719 0.400719 0.40071893 0.40071893 0.40071893 2.6207235 2.6207235 2.6207235 2.6207232 8.41208 7.2698984 4.1193185 4.1193185 4.1193185 7.2698965 0.4007186 7.2698965 7.2698965
2.6206975 2.6206973 3.5470445 4.0314517 3.5470445 0.56212807 13.177278 13.177276 0.56212795 0.56212795 13.177276 13.177276 0.56212795 0.56212795 0.56212795 0.40071264 0.40071255 2.6206954 2.6206954 2.620695 2.620695 3.5470421 3.5470421 0.5621274 0.40071243 0.56212735 0.56212735 0.56212735 3.5470414 0.5621273 0.5621273 0.56212723 0.5621272 0.5621272 0.5621271 4.119283 0.40071213 0.40071207 0.40071204 0.47202414 0.47202414 0.40071204 0.40071198 0.40071195 0.4007119 0.40071183 2.6206913 2.6206908 2.6206908 2.6206906 2.6206903 4.119279 0.5170727 0.4007115 6.0428743 7.6980877 0.40071145 0.47196552 8.659966 8.659965
3.547014 3.5470138 3.5470138 3.5470138 3.5470133 3.5470133 5.222762 3.5914888 3.5470126 5.222761 13.177218 13.177218 0.5621202 0.66020143 0.5621202 0.4007056 0.4007056 0.40070555 0.40070555 0.4007055 2.6206634 3.5470119 0.56211996 0.40070534 0.4007053 0.40070528 0.40070528 14.294601 13.177214 13.177214 0.5621196 0.5621196 14.294601 14.294601 5.222757 6.11422 6.658795 0.40070492 0.40070492 0.40070486 0.4007048 0.4007048 0.4007048 0.40070468 0.40070468 0.40070462 2.6206589 2.6206589 2.6206586 2.6206586 0.40070456 0.40070456 0.40070453 0.40070453 7.4954023 7.698027 0.40070438 0.40070438 5.8020496 8.942774
3.5469832 3.546983 14.294556 4.0313897 3.5469825 3.5469825 3.5469825 3.5469825 3.5469823 5.222723 0.5652541 0.5621126 0.56211257 0.56211245 0.56211245 0.56211245 0.40069848 0.40069845 0.4006984 0.4006984 0.425766 0.40069836 0.40069833 0.40069833 0.49223953 8.411959 0.5621121 13.177158 13.177158 13.177158 0.6601932 0.5621119 14.294552 14.29455 14.29455 11.994808 6.658725 0.40069786 0.40069783 0.40069777 0.4006977 0.40069768 0.40069768 0.40069765 0.40069762 2.6206274 2.6206272 2.6206272 2.620627 2.620627 0.40069738 0.40069735 0.40069732 0.4006973 9.440981 7.6979675 2.6206262 5.8020177 6.1744356 9.267056
3.5469522 3.5469522 14.294505 3.5469515 3.5469515 3.5469513 3.5469513 3.5469513 0.5621049 13.177107 0.5621049 0.5621049 0.56210476 0.56210476 0.56210476 0.56210476 0.5621047 0.56210464 0.56210464 0.56210464 0.5621046 14.294502 14.294502 14.294502 0.56210446 0.56210434 0.56210434 3.5469491 3.546949 3.5469487 0.56210417 0.56210417 14.294502 14.2945 14.2945 17.767181 6.6586556 0.40069076 0.40069076 0.40069073 0.40069073 0.40069064 0.40069064 0.4006906 0.40069056 2.6205957 2.6205955 2.6205955 2.620595 2.620595 2.6205947 0.40069038 0.40069035 0.4006903 0.4609351 2.9229338 2.6205938 6.0426626 8.031421 10.013019
13.177052 13.17705 13.177049 13.177049 4.408645 3.5469205 0.56209713 0.56209713 0.56209713 0.5620971 0.66017836 0.40068445 0.562097 3.5469196 3.5469193 3.5469193 14.294451 14.294451 14.294451 14.294451 14.294451 14.294451 13.177044 13.177044 0.56209654 0.56209654 0.56209654 3.5469177 3.5469177 3.5469177 0.5620964 14.294447 14.294447 14.294447 11.727577 5.222642 4.1191244 0.4006836 0.40068358 0.40068358 0.40068355 0.40068355 0.4006835 0.4006835 0.40068337 2.6205635 2.6205635 2.6205635 2.6205635 2.6205633 2.6205633 2.6205633 2.6205633 2.6205626 2.6205626 8.411869 8.411869 3.1410613 8.741421 7.269648
13.176994 13.176994 13.176994 13.176994 13.176994 0.5620895 0.5620895 0.56208944 0.56208944 0.56208944 0.56208944 0.56208944 0.5620894 3.546889 2.6205363 3.5468886 0.5620893 0.56208915 0.56208915 0.56208915 14.294397 13.1769905 13.1769905 13.176989 0.56208897 0.56208897 0.5620889 0.5620889 0.5620889 0.40067685 0.56208885 0.5620888 14.294394 14.294394 11.727515 13.702381 0.40067658 0.40067655 0.4006765 0.40067643 0.40067643 0.40067643 0.40067637 0.40067637 0.4006763 2.6205325 2.620532 2.620532 7.269599 7.269598 4.1190825 2.6205318 2.6205316 2.6205316 2.620531 8.411827 8.411827 3.2810495 8.942561 7.269597
14.294347 14.294347 13.176937 0.5620819 13.176935 0.56208175 0.56208175 0.56208175 0.5620817 0.40067032 0.5620817 0.56208163 0.5620816 3.5468578 3.5468578 3.5468576 0.56208146 0.5620814 0.5620814 3.5468574 13.176932 14.294344 13.176932 13.17693 13.17693 0.5620812 0.56208104 0.56208104 0.56208104 0.56208104 0.56208104 0.562081 14.294342 14.294342 11.727452 7.697736 7.697736 7.697736 7.2695513 7.2695513 0.40066943 0.40066937 0.4006693 0.40066928 4.1190443 4.1190443 7.2695503 7.2695494 8.659647 7.2695494 8.659646 7.269549 2.6204991 2.620499 2.6204984 3.2810147 5.2407827 4.1190424 7.2695456 9.470409
0.5620743 0.5620742 0.5620742 0.5620742 13.176878 14.294298 0.5620742 0.5620741 0.56207407 0.4006631 0.56207407 0.562074 0.4006631 0.56207395 0.56207395 0.56207395 0.56207377 0.5620737 0.5620737 13.529038 13.176873 14.294296 13.176873 13.176873 13.176873 13.176872 13.176872 13.176872 13.176872 13.176872 13.17687 13.17687 14.294294 14.294294 11.727391 9.332272 7.6976767 8.398762 8.659597 8.659597 7.2695017 7.2695017 0.4006623 8.411745 4.119005 4.119005 8.659594 8.659594 8.942457 8.659594 8.942457 7.269499 3.1528919 2.620467 2.620467 6.0423803 4.1190033 4.1190033 8.659594 9.983488
