Export/ASCII/RMeteo_SP_inch/impervious0/net_infiltration_2015_SP1_inch.asc
ncols         660
nrows         338
xllcorner     1476100.0
yllcorner     5017100.0
cellsize      100
NODATA_value  -9.9000000089461e-20
[rows 81 to 107 of 338, columns 0 to 59 of 660]
2.8226047 2.8991437 2.8991442 2.8991442 2.8991442 3.1112175 3.1870775 3.1870775 3.1870775 3.1870785 3.0348568 3.0348573 3.1870794 3.18708 3.0348587 3.1870804 3.1870804 3.1571982 3.3838978 3.3838978 1.7713096 1.3922708 3.767359 3.767359 3.0143533 0.30568117 0.30568117 0.30568117 0.3056812 0.2213945 1.1026038 1.1026038 1.1026038 1.1026039 1.3922713 1.3922713 1.3922713 1.3922713 1.3922714 1.3922714 1.3922715 1.1026047 1.102605 1.3922718 0.30568138 0.3056814 3.1550832 1.392272 1.392272 0.30568147 0.30568147 1.392272 1.3922722 1.3922722 1.3922722 0.30568147 0.30568147 1.3922724 0.3056815 3.3839016
2.8225522 2.8990793 2.8225527 2.8225532 2.8225536 3.111156 3.1870155 3.0348039 3.1870155 3.0348039 3.1870155 3.0348043 3.0348048 3.1870165 3.1870165 3.1870165 3.187017 3.1571534 3.3838646 3.3838646 3.3838646 3.3838646 3.7673132 3.7673135 3.0143197 0.30567744 0.30567744 0.30567747 0.30567747 0.22138801 1.392256 1.392256 1.3922561 1.1025782 1.1025784 1.3922561 1.3922561 1.3922563 1.3922564 1.3922564 1.3922564 1.1025789 1.102579 1.3922564 0.30567762 0.3194786 0.30567765 3.3838673 3.87618 0.3056777 1.3922569 1.3922569 1.1025797 1.10258 1.392257 1.3922571 1.3922571 1.3922571 1.3922572 3.3838692
2.8224988 2.8224988 2.8990173 2.8990178 2.8990178 3.111093 3.034751 3.186953 3.0347514 3.186953 3.0347514 3.034752 3.186954 3.0347524 3.186955 3.1869555 3.0347528 3.1869555 3.2156608 3.3838313 3.3838313 3.3838313 3.7672658 3.7672663 3.0142844 3.383832 1.3922408 1.3922408 1.3922408 1.3922411 0.30567375 0.30567375 1.1025523 1.1025524 1.1025525 1.3922414 1.3922414 3.7672684 2.5108845 3.383833 1.3922415 1.3922415 1.1025531 0.22138186 0.30567384 0.30567384 0.30567393 3.383834 1.3922418 1.3922418 1.3922418 1.3922418 1.1025541 1.1025541 1.1025541 1.1025541 1.3922422 1.3922422 1.4165261 1.3922423
2.8224463 2.8989563 2.8224478 2.8989568 2.8989568 3.034699 3.186891 3.186891 3.034699 3.1868916 3.0347 3.186892 3.186892 3.186892 3.1868925 3.0347004 3.186893 3.186893 3.1570632 3.3837976 3.3837976 3.7672186 3.7672186 3.7672188 3.7672193 3.3837984 1.3922259 1.3922259 1.392226 1.392226 1.1025261 1.1025261 1.1025261 1.1025264 1.1025264 1.1025267 1.3922265 3.7672217 2.5108583 3.3838 1.3922267 1.4165106 0.22137533 0.30567017 1.3922269 1.3922269 0.30567017 1.3922269 1.3922269 1.3922269 1.3922269 1.3922269 1.1025281 1.1025283 0.22137554 0.2387114 1.3922273 1.3922272 1.3922272 1.3922273
2.8223934 2.8988924 2.8988924 2.8988924 2.8988934 3.110971 3.1868296 3.1868296 3.1868296 3.18683 3.18683 3.18683 3.1868305 3.1868305 3.186831 3.0346484 3.0346484 3.186832 3.157019 3.0142138 3.383765 3.767172 3.7671726 3.7671728 3.767173 3.383765 3.383765 0.30566612 1.3922108 1.3922108 1.1025001 1.1025001 1.1025003 1.1025003 1.1025006 1.1025008 1.1025008 0.22136877 0.3056663 3.383767 1.3922113 1.1025013 1.1025015 1.3922118 1.3922118 1.3922118 0.30566645 1.392212 1.392212 1.3922122 1.3922122 1.3922122 1.1025021 1.1025021 0.2213691 0.22136912 0.22136912 1.3922124 1.1025025 1.3922124
2.822342 2.8223424 2.8988318 2.8988328 2.8988328 3.1109061 3.1867666 3.186767 3.186767 3.0345945 3.0345945 3.1867676 3.1867676 3.1867676 3.034595 3.0345955 3.186768 3.034596 3.2155325 3.014181 3.014181 3.767126 3.767126 3.767126 3.767126 3.014181 3.3837318 1.392196 1.392196 1.1024742 1.1024742 1.1024746 1.1024746 1.1024747 1.1024747 1.1024748 1.1024748 1.3921967 0.3056626 1.3921967 1.3921967 1.1024752 1.1024752 1.1024752 1.1024752 1.1024752 0.22136243 1.392197 1.392197 1.392197 1.3921971 1.3921971 1.3921971 0.22136256 0.22136258 0.22136258 0.2213626 0.22136262 1.1024765 1.1024765
2.82229 2.898768 2.8222904 2.898769 2.8987694 3.1108432 3.1867037 3.1867037 3.0345416 3.1867037 3.1867042 3.1867046 3.0345426 3.034543 3.1867056 3.034543 3.1867056 3.186706 3.2154887 3.0141451 3.0141451 3.7670794 3.7670794 3.0141459 3.0141459 3.014146 3.014147 1.392181 1.392181 1.1024482 1.1024482 1.1024482 1.1024482 1.1024486 1.1024487 1.1024487 1.1024487 1.3921815 1.3921816 1.3921816 1.3921816 1.1024492 1.1024494 1.1837494 1.1024494 1.1024494 1.392182 0.30565897 0.30565897 0.30565897 1.3921821 1.3921821 1.3921821 1.3921822 0.22135611 0.22135611 0.22135614 0.22135617 0.22135617 1.1024506
2.8222356 2.898704 2.822236 2.8987045 2.822236 3.1107802 3.1866403 3.0344887 3.1866407 3.0344892 3.1866407 3.0344892 3.1866412 3.0344896 3.1866417 3.1866417 3.1866417 3.1866426 3.1568854 3.014111 1.7742612 1.7711782 3.0141113 3.0141113 3.0141115 3.0141115 1.7711786 1.392166 1.4871082 1.1837224 1.1837225 1.2206095 1.2627869 1.1024227 1.1024227 1.1024227 1.1024227 1.1024227 1.1024227 1.3921664 1.3921665 1.3921665 1.3921666 1.3921666 1.3921666 1.3921667 1.3921669 1.3921669 0.3056552 1.392167 1.3921671 1.3921671 1.3921671 1.3921671 1.3921672 0.22134961 0.22134961 0.22134963 0.22134963 1.3921673
2.822184 2.8986425 2.8986425 2.8986425 2.8986425 3.1107187 3.1865788 3.1865788 3.1865792 3.1865792 3.0344367 3.1865797 3.1865802 3.0344381 3.1865816 3.186582 3.1865826 3.03444 3.1568403 3.014076 1.7711594 1.7711594 1.7711594 3.014077 3.014077 3.3836324 1.7711599 3.3836324 1.3921511 1.1023965 1.1023965 1.1023965 1.1023965 1.1023965 1.1023965 1.1836967 1.1023967 1.1023967 1.1023968 1.1023971 0.30565137 0.30565137 0.30565137 1.3921516 1.392152 1.7711612 1.7711614 0.30565146 1.3921521 1.3921522 1.3921522 1.3921522 1.3921522 1.3921524 1.3921524 1.3921524 0.30565152 0.30565152 0.22134316 1.3921525
2.822132 2.8985796 2.8221326 2.8985796 2.8221326 3.0343862 3.0343862 3.1865187 3.1865187 3.1865187 3.1865187 3.1865187 3.1865187 3.1865191 3.034387 3.1865196 3.1865196 3.1567955 3.0140414 1.3921354 1.3921355 3.76694 3.7669404 3.014042 3.0140421 3.0140424 3.3835993 3.3835993 3.3835993 1.1023704 1.1023705 1.1023707 1.102371 1.102371 1.102371 1.1023712 1.1023715 1.1023715 0.22133633 0.22133638 3.383601 3.383601 0.30564758 1.3921367 1.3921367 1.3921367 1.7711425 1.3921368 1.3921368 1.392137 1.392137 1.392137 1.392137 1.3921373 1.3921373 1.416421 1.3921374 1.3921375 1.3921375 1.3921376
2.8220782 2.8220782 2.8985171 2.898518 2.8220792 3.0343347 3.0343347 3.0343347 3.0343347 3.0343351 3.0343351 3.0343351 3.0343356 3.0343356 3.0343356 3.034336 3.186459 3.014006 1.3921207 1.3921207 1.3921207 0.3099953 1.3921207 1.3921207 3.0140066 3.0140069 3.3835661 3.3835661 3.3835661 0.3229976 1.102344 1.1023443 1.1023443 1.1023443 1.1023445 0.2213297 1.1023446 1.3530382 0.22132982 0.22132982 0.22132984 3.383567 3.383567 3.3835673 0.30564386 1.7711234 1.7711234 0.3056439 1.392122 3.3835683 1.3921221 1.4164059 1.3921221 1.3921221 1.3921221 1.3921221 1.3921223 1.3921224 1.3921225 1.3921225
2.8220263 2.8220263 2.8984551 2.8220263 2.8984551 3.1105337 3.1863928 3.1863928 3.1863933 3.1863933 3.1863933 3.1863933 3.1863933 3.1863933 3.1863933 3.1863937 3.1863937 3.1567063 3.0139725 1.3921056 3.013972 1.3921057 1.4163895 1.3921058 1.7711036 3.3835325 3.3835328 3.3835328 3.3835328 1.3921062 0.22132318 1.1836189 1.1023188 1.3921063 1.1023188 1.1023188 1.1023191 1.1023191 1.3530154 0.22593708 2.6420155 3.3835337 3.3835337 3.013974 3.0139747 1.7711046 1.7711046 0.30564022 1.392107 3.4519806 3.3835351 1.3921072 1.3921072 1.3921075 1.4404985 1.3921076 1.3921076 1.3921076 1.4163915 1.3921076
2.8219738 2.8219738 2.898394 2.898394 2.898394 3.1104708 3.1863294 3.1863298 3.1863298 3.1863298 3.1863298 3.1863298 3.1863298 3.1863308 3.1863308 3.1863313 3.0342298 3.1566606 3.0139372 3.0139372 3.0139372 0.30563617 1.3920907 1.3920907 1.7710848 3.3834984 3.3834984 3.451945 1.392091 1.392091 0.3056363 1.3920914 1.3920914 1.3920914 1.1022927 1.3920915 1.3920916 1.3920916 1.1022931 1.1022934 1.1022935 1.3920918 1.3920918 0.30563644 3.0139403 3.0139403 3.0139406 0.30563653 1.7710865 1.7710865 1.3920921 1.3920921 1.3920921 1.3920921 1.3920922 0.30563658 0.30563658 1.4163762 0.30563658 1.7710869
2.8219233 2.8983312 2.8983316 2.898332 2.898332 3.1104083 3.1862679 3.1862679 3.1862688 3.1862688 3.1862693 3.1862693 3.1862693 3.1862693 3.1862698 3.1862698 3.0341783 3.1862702 0.0 3.013903 3.013903 0.30563238 1.392076 1.7710663 1.7710663 3.3834653 1.7710663 1.7710663 0.3056325 3.3834662 1.3920761 1.3920763 1.3920763 1.3920763 1.4163603 1.3920765 0.30563256 1.3920766 3.383467 1.3920766 1.3920768 1.3920768 1.3920768 1.392077 3.3834682 1.392077 1.392077 1.3920771 1.7710676 1.7710676 1.4163609 1.3920771 1.3920772 1.4163611 1.3920772 1.3920773 0.3056328 3.7667582 0.3056328 0.33829996
2.821869 2.821869 2.8982668 2.8218699 2.8218699 3.1103463 3.034123 3.1862063 3.0341244 3.0341244 3.1862068 3.0341244 3.1862073 3.0341249 3.0341253 3.1862078 3.0341253 3.0341253 3.6549854 0.0 3.013869 3.013869 1.3920609 1.7710471 1.7710471 0.30562866 1.3920609 1.3920609 1.7710477 0.30562875 1.4163449 1.392061 0.22130376 0.3056288 0.3056288 0.3056288 3.01387 3.0138705 3.0138705 1.3920616 1.3920616 1.392062 1.392062 1.392062 1.7710488 1.3920623 1.3920623 1.3920623 1.3920623 3.3834348 3.383435 3.383435 3.4518816 3.0138721 1.7710493 0.30562904 3.6785553 3.7667115 3.5061848 0.30562913
2.821817 2.8982058 2.8218179 2.8982058 2.8218179 3.1102839 3.034071 3.1861439 3.034071 3.1861444 3.1861453 3.0340724 3.1861453 3.0340724 3.1861458 3.0340729 3.1861458 3.1861463 3.0340729 3.7341642 3.013835 3.0138352 3.0138352 3.3833995 3.3833995 0.31426084 1.392046 1.3942484 0.30562496 0.30562496 1.7710291 1.7710292 0.22129737 0.22129737 0.22129737 0.30562505 0.30562508 3.013836 3.013836 3.3834007 0.3056252 1.3920467 1.7710298 3.0138366 3.0138366 3.0138366 1.3920472 1.3920472 1.7710302 1.7710302 3.383402 3.383402 3.0138373 3.0138373 3.678511 3.6785111 3.6785111 3.6785111 3.0138388 3.0138388
2.821764 2.8981428 2.8981428 2.8217645 2.8981433 3.0340176 3.186081 3.0340176 3.186081 3.034018 3.034018 3.1860814 3.034018 3.1860814 3.0340185 3.186082 3.186082 3.186082 3.2697177 2.742854 0.0 3.0137994 0.0 3.3833666 3.3833666 3.3833666 1.4163152 1.3920314 1.7710105 1.7740935 1.7710106 1.7710106 0.22129078 0.22129078 0.22129078 0.22129083 0.35987812 0.30562136 3.0138016 3.013802 0.3056214 0.30562145 3.0138013 3.0138013 3.0138013 1.3920321 1.3920321 1.3920324 1.7710116 1.7710116 3.0138018 3.0138023 3.0138023 2.510525 2.5105252 3.383369 3.678467 3.013803 3.0138035 3.0138035
2.8217092 2.8217092 2.8980794 2.8980808 2.821711 3.110159 3.1860185 3.1860185 3.1860185 3.033967 3.1860185 3.1860185 3.1860185 3.1860185 3.1860194 3.18602 3.18602 3.18602 3.18602 3.18602 3.6548433 0.0 3.0137646 3.013765 3.3833332 0.3099692 1.392016 1.7709916 1.7709916 1.7709918 1.3942187 1.3920163 0.22128423 0.26526332 0.26526332 0.2212843 0.22128433 0.3056176 0.3056176 0.30561763 0.30561766 3.0137665 3.0137665 3.0137668 1.3920169 1.392017 1.1021638 1.1021643 1.7709926 1.7709926 3.3833354 3.3833354 3.013769 2.5104988 2.510499 1.770993 1.770993 3.013769 3.013769 3.013769
2.821659 2.8980188 2.8980188 2.8980188 2.8980188 3.1100965 3.185956 3.1859565 3.185957 3.1859574 3.185958 3.1859593 3.1859593 3.1859593 3.1859593 3.1859593 3.1859593 3.1859598 3.1859603 3.1859603 3.1859603 3.0137308 3.0137308 3.3832998 3.3832998 0.3056137 0.3056137 0.30561373 1.392001 1.7709727 1.7709727 3.3833003 0.30561385 0.2212778 0.2212778 0.22127786 0.22127786 0.2212779 0.22127791 0.3056139 0.3056139 0.30561393 3.383302 3.383302 3.013733 1.392002 1.1021379 1.1021379 1.7709738 1.7709739 3.3833025 3.3833025 3.3833025 2.5104733 2.515026 3.0137336 3.383303 3.0137339 3.0137346 2.5830681
2.8216062 2.8979554 2.897956 2.8979568 2.8979573 3.1100335 3.185892 3.185892 3.185892 3.185892 3.1858926 3.1858935 3.185894 3.185894 3.185894 3.1858945 3.1858945 3.1858945 3.185895 3.185895 3.185895 3.1563485 0.30560997 3.3832657 3.3832657 1.3919859 0.30560997 1.4162699 1.3919861 1.7709541 1.3919863 0.30561003 0.30561003 0.22127138 0.22127141 0.22127141 0.22127143 0.26525056 0.22127144 0.22127144 0.30561012 0.30561015 3.3832684 3.3832684 1.3919871 1.3919871 1.3919871 1.3919871 1.3919872 3.3832688 3.3832688 3.3832695 3.3832698 3.0136993 3.0136993 3.0136993 3.0136993 3.0136993 3.3832707 3.057721
2.8215532 2.8215532 2.8215532 2.8978925 2.8215537 3.0338101 3.0338106 3.185833 3.033811 3.0338116 3.1858344 3.0338116 3.1858344 3.0338125 3.0338125 3.1858354 3.1858358 3.0338125 3.1858358 3.0338125 3.0338125 3.013661 0.3056062 0.30560622 3.383233 1.391971 0.30560622 1.391971 1.391971 3.3832335 3.8755457 0.30560622 0.35956296 0.22126488 0.22126491 0.26524398 0.22126497 0.221265 0.22126503 0.22126503 0.22126503 0.3056064 0.30560642 3.383235 1.3919717 1.7709361 1.7709363 1.3919717 1.3919718 1.3919718 3.383236 3.3832362 3.0136635 3.0136635 3.0136635 3.0136642 3.0136642 3.0136642 3.3832366 3.383237
2.8215003 2.8978276 2.897829 2.8978295 2.8978295 3.1099095 3.18577 3.18577 3.18577 3.18577 3.18577 3.0337572 3.18577 3.1857705 3.1857705 3.0337577 3.1857705 3.0337582 3.1857715 3.185773 3.03376 3.0136254 0.30560246 0.30560246 3.8755121 0.30560246 0.30560246 1.3919561 3.3832002 3.3832002 3.3832004 3.3832004 0.30560252 0.22125842 0.22125842 0.22125842 0.26523748 0.22125848 0.2212585 0.2212585 0.25258216 0.22125855 1.3919568 1.3919568 1.3919568 1.7709174 1.7709174 1.3919568 1.3919569 1.3919569 3.3832026 3.01363 3.01363 3.01363 3.01363 3.01363 3.01363 3.383203 3.3832033 3.3832033
2.8214474 2.8977656 2.897766 2.897766 2.8214488 3.0337043 3.1857057 3.1857057 3.1857057 3.1857057 3.1857061 3.1857066 3.185707 3.185707 3.1857076 3.185708 3.0337062 3.1857085 3.185709 3.1857095 3.1857104 3.0135918 3.5059042 3.013592 3.7663383 0.3055987 0.3055987 3.3831666 3.3831668 3.383167 3.3831673 3.3831673 0.33826604 0.30559888 0.22125192 0.26523098 0.22125192 0.265231 0.22125201 0.22125201 0.30559894 1.3919419 1.391942 1.391942 1.3919421 1.770899 1.3919423 1.770899 1.7708993 3.0135946 3.0135946 3.3831687 3.0135949 3.0135949 3.0135949 3.0135949 3.0135949 3.3831701 3.3831701 3.0135949
2.8213959 2.8977036 2.8977041 2.8213964 2.8977046 3.1097841 3.1856446 3.0336518 3.1856446 3.1856446 3.0336523 3.1856456 3.0336523 3.0336533 3.185647 3.0336533 3.185647 3.185647 3.0336537 3.1856475 3.1856475 3.0135565 3.0135565 3.0135567 3.3831336 0.30559498 1.3919262 3.3831341 3.3831344 3.3831346 3.3831346 3.8754466 0.3055951 0.35955182 0.30559513 0.30559516 0.30559516 0.3055952 0.3055952 0.3055952 0.3055952 3.3831353 1.3919271 1.4162111 1.7708802 1.7708802 1.3919274 3.3831358 1.7708805 3.3831363 3.3831363 3.3831363 3.0135608 3.0135608 3.3831365 3.3831367 3.383137 3.383137 3.383137 3.7662973
2.8213449 2.897643 2.8976436 2.897644 2.897644 3.033598 3.1855803 3.033598 3.1855803 3.1855807 3.1855817 3.0335994 3.1855822 3.1855826 3.0335999 3.0335999 3.1855826 3.0335999 3.1855826 3.185583 3.185583 3.0135224 3.0135224 3.0135226 1.3919111 1.3919111 3.3830998 3.3830998 3.3830998 3.3831005 3.3831015 3.3831015 3.3831017 3.3831017 3.875414 3.383102 3.383102 3.383102 3.0135243 3.0135243 3.0135243 3.0135243 3.383102 3.383102 3.3896062 3.383102 3.3831022 3.3831022 3.3831024 3.3831027 3.3831031 3.3831031 3.0135252 3.013525 3.3831031 3.3831031 3.3831031 3.013526 3.3831034 3.3831034
2.8212924 2.897581 2.8975816 2.8975816 2.8975816 3.1096606 3.1855197 3.1855206 3.1855206 3.0335484 3.0335484 3.1855211 3.1855211 3.1855211 3.0335498 3.1855226 3.185523 3.1855235 3.185524 3.0335507 3.1855245 1.8420954 1.7708414 1.3918961 1.3918962 3.013488 3.013488 3.013488 3.013488 3.7662013 3.7662017 3.3830676 3.3830676 3.383068 3.383068 3.383068 3.383068 3.3830683 3.3830688 3.3830688 3.0134902 3.3830688 3.3830688 3.3830688 3.3830688 3.3830688 3.3830693 3.3830695 3.3830695 3.3830695 3.38307 3.38307 3.0134914 3.0134914 3.3830705 3.3830705 3.3830705 3.7662053 3.3830705 3.3830705
2.821238 2.821238 2.8975163 2.8975163 2.8975167 3.1095982 3.1854582 3.1854582 3.1854582 3.1854582 3.1854587 3.1854596 3.1854596 3.18546 3.18546 3.18546 3.18546 3.18546 3.18546 3.18546 3.1854606 1.7708222 1.7708222 1.7708223 1.3918811 3.0134535 3.0134542 3.0134542 3.0134542 3.7661555 3.7661557 3.3830345 3.3830345 3.3830347 3.383035 3.383035 3.383035 3.383035 3.383035 3.3830354 3.0134554 3.3830354 3.3830354 3.3830357 3.3830357 3.383036 1.7708241 3.3830364 3.3830364 3.3830366 3.3830366 3.3830366 3.0134556 3.3830373 3.3830373 3.3830373 3.3830373 3.7661588 3.0134568 3.0134568
