Export/ASCII/RMeteo_SP_inch/impervious0/net_infiltration_2016_SP2_inch.asc
ncols         660
nrows         338
xllcorner     1476100.0
yllcorner     5017100.0
cellsize      100
NODATA_value  -9.9000000089461e-20
[rows 260 to 285 of 338, columns 177 to 235 of 660]
0.6193613 1.6092694 1.6092694 1.6092694 1.6092694 1.6092694 1.6092694 0.9785844 1.279573 0.9785844 1.6092694 1.6092694 0.6193613 0.6193613 0.6193613 0.6193613 0.4220736 0.27246454 0.9785844 0.9785844 0.9785844 0.9785844 1.6092694 1.6092694 0.93001056 1.6092694 1.6092694 1.6092694 1.6092694 1.6092694 1.6092694 1.6092694 0.24 0.24 0.25531173 0.0 0.24 0.24 0.24 0.24 0.24 0.24 0.24 0.35999998 0.24 0.0 0.0 0.24 0.24 0.9785844 1.1695114 0.037695847 0.037695847 0.037695847 0.037695847 0.27246454 1.1695114 0.71494895 0.71494895
1.6092639 1.6092639 1.6092639 1.6092639 1.6092639 1.6092639 1.8008537 0.978583 1.3119993 0.978583 0.978583 1.6092644 1.6092644 0.61935985 0.42207205 0.61935985 0.61935985 1.6092644 1.1695086 1.1695086 1.1695086 1.1695086 1.6092644 0.9300039 0.9300039 1.6092644 1.6092644 1.6092644 1.6092644 1.6092644 1.6092644 1.6092644 0.31248927 0.31248927 0.31248927 0.24 0.0 0.24 0.31248927 0.24 0.35999998 0.31248975 0.31248975 0.35999998 0.31248975 0.24 0.24 0.31248975 0.31248975 1.1695086 1.1695086 0.978583 0.978583 0.978583 0.978583 0.2724638 0.3288738 0.66321826 0.66321826
0.6193584 0.07667207 1.6092591 1.6092591 1.6092591 1.6092591 1.9924352 0.9785811 1.2009634 1.1695057 1.1695057 0.9785811 0.6193584 0.6193584 0.6193584 0.6193584 1.6092591 1.6092591 2.204474 0.9785811 1.1695057 1.1695057 0.9785811 0.9299967 0.9299967 1.6092591 1.6092591 1.6092591 1.6092591 1.8510432 1.8510432 1.6092591 0.35999998 0.35999998 0.35999998 0.08479309 0.0 0.0 0.35999998 0.31248832 0.35999998 0.35999998 0.28701568 0.35999998 0.35999998 0.31248832 0.31248832 0.35999998 0.35999998 1.1695057 1.1695057 1.1695057 1.1695057 1.1695057 1.1695057 0.2724631 0.2724631 0.66321063 0.2724631
0.6193571 0.6193571 1.6092536 1.6092536 1.6092536 1.6092536 1.6092536 0.97857964 1.2795696 0.97857964 1.1695033 0.97857964 0.97857964 0.97857964 1.6544964 1.6092536 1.6092536 1.6092536 1.6092536 1.6092536 1.1695033 1.1695033 1.1695033 1.6092536 1.6092536 0.92999005 0.92999005 1.6092536 1.6092536 1.8510387 1.8510387 1.6092536 2.1030152 0.24 0.35999998 0.0 0.0 0.0 0.24 0.122125864 0.122125864 0.3573668 0.16701281 0.33566833 0.12 0.35999998 0.35999998 0.35999998 0.24 1.1695033 0.97857964 1.1695033 0.97857964 1.1695033 1.1695033 0.97857964 0.27246234 0.27246234 0.27246234
0.61935574 0.07667156 1.6092484 1.6092484 1.6092484 1.6092484 1.9924207 1.3755785 0.97857773 0.97857773 1.1695005 1.2795682 0.97857773 1.1695005 1.6092484 1.6092486 1.6092486 1.6092486 1.6092486 1.6092486 1.8008354 1.1695007 1.1695007 1.6092486 0.92998314 0.45808882 0.45808882 0.07667156 0.45808882 0.45808882 1.8510346 1.6092486 0.9299834 0.18417883 0.36448655 0.0 0.0 0.0 0.3124869 0.0 0.0 0.3893926 0.28701043 0.37649512 0.0 0.35999998 0.24 0.35999998 0.3124869 1.1695007 1.1695007 1.1695007 1.1695007 1.1695007 1.1695007 1.1695007 0.978578 0.2724619 0.2724619
0.61935425 0.61935425 1.6092429 0.61935425 0.61935425 1.6092429 0.61935425 1.2795672 0.9785763 1.1694981 1.1694981 1.3113518 0.9785763 1.1694981 0.61935425 0.6193543 1.6092434 1.6092434 1.6092434 0.07667124 0.07667124 0.04699434 1.1694981 0.2724612 0.45808786 0.45808786 0.45808786 0.45808786 0.45808786 0.45808786 0.45808786 0.929976 0.929976 0.0 0.0 0.0 0.24 0.24 0.0 0.16700804 0.16700804 0.34224534 0.34224534 0.34224534 0.24 0.35999998 0.31248593 0.36448416 0.24 0.5048288 0.5048288 1.1694981 1.1694981 1.1694981 1.1694981 1.1694981 1.1694981 0.2724612 0.2724612
0.9549719 0.9549719 0.45808658 0.61935306 0.61935306 1.6092381 0.7349183 0.97857463 0.97857463 1.279566 0.97857463 1.2009412 1.169495 1.169495 0.61935306 0.61935306 1.6092381 1.6092381 1.6092381 0.076671004 0.076671004 0.076671004 0.0469941 0.30094928 0.45808658 0.45808658 0.27246043 0.45808658 0.45808658 0.92996955 0.92996955 0.92996955 0.92996955 1.6092381 0.0 0.0 0.31248498 0.31248498 0.0 0.28700566 0.28700566 0.31248498 0.31248498 0.31248498 0.31248498 0.35999998 0.35999998 0.35999998 1.2954701 0.4220643 0.4220643 1.169495 1.169495 1.169495 0.50482655 0.50482655 1.169495 0.97857463 0.27246055
0.9549693 0.45808524 0.45808524 0.45808524 0.6193515 1.6092329 1.9923995 0.9785732 1.1694931 1.3755602 0.9785732 1.2795651 0.9785732 1.1694931 0.9785732 1.6092329 1.6092329 1.6092329 1.6092329 0.07667068 0.07667068 0.0766707 0.037694678 0.037694678 0.27245978 0.45808548 0.45808548 0.45808548 0.45808548 0.92996264 0.92996264 0.92996264 0.92996264 1.6092329 1.6092329 0.0 0.1868211 0.1868211 0.0 0.2982986 0.2982986 0.35999998 0.35999998 0.35999998 0.35999998 0.35999998 0.35999998 0.122225046 0.05491686 0.9785732 0.9785732 1.1694931 0.9785732 0.5048249 0.42206275 0.42206275 0.9785732 1.1694931 0.27245978
0.4580843 0.4580843 0.4580843 0.4580843 1.6092277 1.6092277 1.6092277 0.9785713 1.2795637 0.9785713 1.1694902 1.3755549 0.9785713 1.2795637 0.9785713 0.9785713 1.6092277 1.6092277 0.07667044 0.07667044 0.07667044 0.037694536 0.037694536 0.037694536 0.037694536 0.4580844 0.4580844 1.6092277 1.6092277 1.6092277 0.92995524 0.92995524 0.92995524 1.6092277 1.6092277 0.24 0.24 0.0 0.0 0.16700089 0.32027936 0.35999998 0.35999998 0.35999998 0.35999998 0.24 0.24 0.0 0.0 0.9785713 0.9785713 1.2795637 0.9785713 0.9785713 0.4220612 0.9785713 1.1694902 1.1694902 0.9785713
0.4580832 0.27245834 0.27245834 0.4580832 0.4580832 1.6092224 1.6092224 1.8008044 1.3755494 0.97856987 1.2795627 0.97856987 1.1694878 1.3755494 0.97856987 1.1694878 1.6092227 1.6092227 0.07667016 0.07667016 0.07667016 0.07667016 0.07667016 0.037694342 0.037694342 1.6092227 1.6092227 1.6092227 1.6092227 1.6092227 1.6092227 0.92994857 0.92994857 1.6092227 1.6092227 0.3124826 0.3124826 0.24 0.0 0.34224248 0.34224248 0.35999998 0.35999998 0.35999998 0.35999998 0.02538681 0.02538681 0.24 0.0 1.1694878 1.1694878 1.3755494 0.97856987 1.1694878 0.97856987 1.1694878 1.1694878 1.1694878 1.1694878
0.27245778 0.27245778 0.076669894 0.076669894 0.45808214 0.45808214 0.45808214 1.8007982 0.61934733 0.5048187 1.3755411 0.97856796 1.2795618 0.97856796 1.1694845 1.1694845 0.97856796 1.6092176 0.076669894 0.076669894 0.076669894 0.076669894 0.076669894 0.076669894 0.076669894 1.6092176 1.6092176 1.6092179 1.6092179 1.6092179 1.6092179 0.9299419 1.6092179 1.6092179 1.6092179 0.35999998 0.35999998 0.31248116 0.0 0.31248116 0.31248116 0.35999998 0.35999998 0.35999998 0.35999998 0.0 0.0 0.31248116 0.24 0.24 1.1694845 1.1694845 1.1694845 1.1694845 1.1694845 1.1694845 1.1694845 1.1694845 1.1694845
0.45808098 0.037694007 0.037694007 0.0766696 0.45808098 0.45808098 0.45808098 0.45808098 0.6193459 0.71208125 0.6193459 1.1694816 1.3755339 0.9785665 1.2795608 0.9785665 1.1694816 0.9785665 1.6092122 0.0766696 0.0766696 0.0766696 0.0766696 1.6092122 1.6092122 1.6092122 1.6092122 1.6092122 1.6092122 1.6092122 1.6092122 1.6092122 1.6092122 1.6092122 1.6092122 2.1029298 0.35999998 0.35999998 0.24 0.12 0.35999998 0.35999998 0.35999998 0.35999998 0.35999998 0.0 0.0 0.0 0.31247973 0.24 0.9785665 1.1694816 1.1694816 0.9785665 0.9785665 1.1694816 1.1694816 1.1694816 0.9785665
0.4580799 0.07666933 0.037693843 0.037693843 0.4580799 0.4580799 0.49894482 0.4580799 0.6193447 0.4580799 0.6193447 1.2795601 0.97856534 1.16948 1.3113227 0.97856534 1.2795601 0.97856534 0.97856534 0.07666933 0.07666933 1.6092076 1.6092076 1.6092076 1.6092076 1.6092076 1.6092076 1.6092076 1.6092076 1.6092076 1.6092076 1.6092076 1.6092076 1.6092076 1.6092076 1.6092076 2.102919 0.35999998 0.31247926 0.24 0.12 0.35999998 0.35999998 0.35999998 0.35999998 0.24 0.24 0.24 0.35999998 0.31247926 1.16948 1.16948 1.16948 1.16948 1.16948 1.16948 1.16948 1.16948 1.16948
1.6092014 0.4580788 0.07666906 0.07666906 0.4580788 0.4580788 0.4580788 0.4580788 0.4580788 0.4580788 1.6092014 1.987185 0.97856367 1.3109841 0.97856367 1.1694773 1.375523 0.42205346 0.50481296 0.037693676 0.037693676 1.6092017 1.6092017 1.6092017 1.6092017 1.6092017 1.6092019 1.6092019 1.6092019 1.6092019 1.6092019 1.6092019 1.6092019 1.6092019 1.6092019 1.6092019 1.6092019 2.1029077 0.35999998 0.24 0.24 0.35999998 0.24 0.35999998 0.35999998 0.3124783 0.3124783 0.3124783 0.35999998 0.35999998 0.24 1.1694773 1.1694773 1.1694773 0.97856367 1.1694773 1.1694773 1.1694773 1.1694773
1.6091967 1.6091967 2.12475 1.6091969 1.6091969 1.1866208 0.97856224 0.45807767 0.45807767 1.6091969 1.6091969 1.6091969 1.169475 1.2012333 0.4220519 1.279558 0.97856224 0.4220519 0.4220519 0.4220519 0.037693508 0.037693508 1.6091969 1.6091969 1.6091969 1.6091969 1.6091969 1.6091969 1.6091969 1.6091969 1.6091969 1.6091969 1.6091969 1.6091969 1.6091969 1.6091969 1.6091969 1.6091969 1.6091969 0.31247735 0.31247735 0.35999998 0.31247735 0.24 0.35999998 0.24 0.24 0.35999998 0.35999998 0.35999998 0.31247735 1.169475 1.169475 1.169475 1.169475 1.169475 1.169475 1.169475 1.169475
1.6091912 1.6091912 1.6091912 1.6091912 1.6091912 1.6091912 1.1694716 0.9785608 1.6091912 1.6091912 1.6091912 1.6091912 0.5812299 0.42205048 0.42205048 0.60047233 0.9785608 0.04189764 0.42205048 0.42205048 0.037693344 0.037693344 0.9785608 1.6091912 1.6091912 1.6091912 1.6091912 1.6091912 1.6091912 1.6091912 1.6091912 1.6091912 1.6091912 1.6091912 1.6091912 1.6091912 1.6091912 1.6091912 1.6091912 2.0698059 2.0698059 0.35999998 0.12 0.3124764 0.35999998 0.3124764 0.35999998 0.24 0.35999998 0.35999998 0.35999998 1.1694721 1.1694721 1.1694721 1.1694721 1.1694721 1.1694721 1.1694721 1.1694721
1.6091859 1.6091859 1.6091859 1.6091859 1.6091859 1.8007607 1.6091859 0.9785596 1.6091859 1.6091859 1.6091859 1.6091859 0.4220487 0.4220487 0.4220487 0.4220487 1.1694704 0.9785596 0.037693173 0.037693173 0.037693173 0.9785596 1.1694704 0.9785596 1.6091859 1.6091859 1.6091859 1.6091859 1.6091859 1.6091859 1.6091859 1.6091859 1.6091859 1.6091859 1.6091859 1.6091859 1.6091859 1.6091859 1.6091859 1.6091859 1.6091859 0.0 0.0 0.0 0.24 0.24 0.35999998 0.24 0.24 0.24 0.24 1.1694704 0.9785596 0.9785596 0.9785596 0.9785596 0.9785596 0.9785596 0.9785596
1.6091807 1.6091807 1.6091807 1.6091807 1.6091807 1.6091807 1.8007545 1.6091807 0.97855794 1.6091807 1.6091807 0.4580743 0.272453 0.272453 0.97855794 0.97855794 1.2795551 0.97855794 0.97855794 0.97855794 0.97855794 1.1694678 1.1694678 0.7597022 0.97855794 1.6091809 1.6091809 1.6091809 1.6091809 1.6091809 1.6091809 1.6091809 1.6091809 1.6091809 1.6091809 1.6091809 1.6091809 1.6091809 1.6091809 1.6091809 1.6091809 0.24 0.0 0.0 0.31247497 0.31247497 0.35999998 0.31247497 0.31247497 0.31247497 0.31247497 1.1694678 1.1694678 1.1694678 1.1694678 1.1694678 0.97855794 1.1694678 0.97855794
1.6091757 1.6091757 1.6091757 1.6091757 1.6091757 1.6091757 1.6091757 2.0127697 0.9785565 0.9785565 0.9785565 0.45807317 0.32885742 0.9785565 1.169465 1.169465 1.3754922 0.9785565 1.1694652 1.1694652 1.2795544 0.97855675 1.1694652 0.56812716 1.1694652 0.97855675 0.97855675 1.6091757 1.6091757 1.6091757 1.6091757 1.6091757 1.6091757 1.6091757 1.6091757 1.6091757 1.6091757 1.6091757 1.6091757 1.6091757 1.6091757 0.312474 0.0 0.0 0.35999998 0.35999998 0.35999998 0.35999998 0.35999998 0.35999998 0.35999998 1.1694652 1.1694652 1.1694652 1.1694652 1.1694652 1.1694652 1.1694652 1.1694652
1.6091702 1.6091702 1.6091702 1.6091702 1.6091702 1.6091702 1.6091702 1.6091702 1.6091702 1.2795534 0.9785553 0.9785553 0.9785553 0.9785553 0.5048013 0.42204428 1.1694628 1.1694628 1.1694628 1.1694628 1.375486 0.9785553 1.1694628 0.56812525 0.9785553 1.1694628 0.9785553 0.9785553 1.6091704 1.6091704 1.6091704 1.6091704 1.6091704 1.6091704 1.6091704 1.6091704 1.6091704 1.6091704 1.6091704 1.6091704 1.6091704 0.24 0.0 0.0 0.35999998 0.35999998 0.35999998 0.35999998 0.24 0.35999998 0.35999998 0.24 1.8007419 1.1694628 1.1694628 1.1694628 1.1694628 1.1694628 1.1694628
1.609165 1.609165 0.61933327 0.61933327 1.609165 1.609165 1.609165 1.609165 1.609165 1.609165 1.2795527 0.9785541 1.1694602 1.1694602 0.42204285 0.42204285 1.2795527 0.9785541 1.1694602 1.1694602 0.9785541 0.8539815 1.1694602 0.27245098 0.50479925 0.50479925 1.1694602 1.1694602 0.9785541 0.037692532 1.609165 1.609165 1.6091652 1.6091652 1.6091652 1.6091652 1.6091652 1.6091652 1.6091652 1.6091652 1.6091652 0.18395329 0.0 0.0 0.2527095 0.35999998 0.35999998 0.41654524 0.0 6.961822e-05 0.35999998 0.3124721 1.6091652 1.1694602 1.1694602 1.1694602 1.1694602 1.1694602 1.1694602
1.6091597 1.6091597 0.63877386 0.619332 0.619332 0.619332 0.619332 1.6091597 1.6091597 1.6091597 1.201192 0.9785527 1.2795517 0.56812215 0.9785527 0.9785527 1.201192 0.9785527 1.1694578 1.1694578 1.1694578 0.56812215 0.759691 0.27245033 0.42204118 0.7149012 0.8428566 1.1694578 0.046990953 0.037692364 0.9785527 0.9785527 0.9785527 1.60916 1.60916 1.60916 1.60916 1.60916 1.60916 1.60916 1.60916 0.0 0.0 0.0 0.0 0.35999998 0.35999998 0.35999998 0.0 0.0 0.35999998 0.35999998 0.9785527 1.1694578 1.1694578 1.1694578 1.1694578 1.1694578 1.1694578
1.6091547 1.6607566 1.6091547 0.6193305 0.6193305 0.6193305 0.6193305 1.6091547 1.6091547 1.6091547 1.8007228 1.8007228 1.2056996 0.97855127 1.1694554 1.2795508 0.97855127 1.1694554 1.1694554 1.1694554 0.97855127 0.5681207 0.5681207 0.27244967 0.27244967 0.7148988 0.7148988 0.3288538 0.27244967 0.97855127 1.1694554 1.2795508 0.97855127 0.97855127 1.6091549 1.6091549 1.6091549 1.6091549 1.6091549 1.6091549 1.6091549 0.24 0.31246972 0.24 0.24 0.0 0.35999998 0.35999998 0.0 0.0 6.618499e-05 0.35999998 1.1694554 1.1694554 1.1694554 1.1694554 1.1694554 1.1694554 1.1694554
1.6091499 1.6091499 1.6543927 0.6193291 0.6193291 0.6193291 1.6091499 1.6091499 1.6091499 1.6091499 1.6091499 1.6091499 1.8007176 1.8007176 1.8007176 1.9870832 0.9785496 1.2795496 0.9785496 1.1694533 0.75968623 0.5681188 0.5681188 0.5681188 0.6630533 0.6630533 0.2724489 0.2724489 0.2724489 0.32885283 1.1694533 1.3112788 0.9785496 1.1694533 0.9785496 1.6091499 1.6091499 1.6091499 1.6091499 1.6091499 1.6091499 0.31246924 0.35999998 0.24 0.31246924 0.0 0.35999998 0.24 0.24 0.24 0.24 0.35999998 1.8007176 1.1694533 1.1694533 1.1694533 1.1694533 1.1694533 1.8007176
1.6091444 1.6091444 1.6091447 0.6193277 0.6193277 0.6193277 1.6091447 1.6091447 1.6091447 1.6091447 1.6091447 1.6091447 1.6091447 1.6091447 1.6091447 1.6091447 1.8007109 1.3754553 0.9785484 0.75968385 0.56811786 0.56811786 0.56811786 0.66304564 0.66304564 0.66304564 0.27244842 0.27244842 0.27244842 0.27244842 0.32885197 0.9785484 1.1694502 1.1694502 1.1694502 0.9785484 1.6091447 1.6091447 1.6091447 0.6193277 0.6193277 0.122075796 0.35999998 0.3124683 0.24 0.24 0.41653714 0.24 0.24 0.31372952 0.24 2.102791 1.6091447 0.9785484 1.1694502 0.9785484 1.8007109 1.6091447 1.6091447
1.6091392 1.6091392 1.6091392 1.6091392 1.6091392 1.6091392 1.6091394 1.6091394 1.6091394 1.6091394 1.6091394 1.6091394 1.6091394 1.6091394 0.9298377 1.6091394 1.6091394 1.8007042 1.1694473 0.56811595 0.56811595 0.9785465 0.9785465 0.663038 0.9785465 0.27244768 0.27244768 0.27244768 0.27244768 0.27244768 0.27244768 1.2795479 0.9785465 1.1694473 1.1694473 1.1694473 1.6091397 1.6091397 1.6091397 0.61932635 0.6193264 0.0 0.35999998 0.35999998 0.31246734 0.24 0.35999998 0.025309086 0.31246734 0.35999998 1.6091397 1.6091397 1.6091397 1.6091397 2.0127194 1.6091397 1.6091397 1.6091397 1.6091397
