Export/ASCII/RMeteo_SP_inch/impervious0/net_infiltration_2015_SP4_inch.asc
ncols         660
nrows         338
xllcorner     1476100.0
yllcorner     5017100.0
cellsize      100
NODATA_value  -9.9000000089461e-20
[rows 234 to 259 of 338, columns 118 to 176 of 660]
1.9548254 1.9548254 1.0722761 0.0 2.5173748 0.0 0.0 0.0 2.517375 1.5900764 1.5900764 2.2775924 2.2775924 2.5173752 2.5173752 2.2775927 0.22304735 0.5590988 0.5590989 2.277593 2.277593 2.277593 2.277593 2.277593 2.277593 2.277593 2.2775931 2.2775931 2.2775931 2.2775931 2.5175881 0.8142189 0.81421906 2.2775936 2.2775936 2.2775936 0.5590996 0.5590996 2.2775936 2.2775936 2.2775936 2.2775936 2.2775936 0.42941827 0.23739898 0.23739898 0.23739898 0.23739898 0.23739898 0.23739898 0.3384318 0.23739898 0.23739909 0.008115818 0.008115818 0.008115818 0.008115818 0.008115818 0.008115818
1.8248572 1.8248572 1.0340124 0.0 0.0 2.1289606 2.1289606 0.0 2.3584678 1.4614913 1.4614913 2.128961 1.4614913 1.9410605 1.9410605 0.0 0.23104161 0.4106487 0.5286203 2.1289613 2.1289613 2.1289613 2.1289613 2.1289613 2.1289618 2.1289618 2.1289618 2.1289618 2.1289618 1.4614916 2.3584685 0.7338663 0.73386645 2.1289618 2.1289618 2.1289618 2.1289618 2.1289618 2.1289618 2.1289618 2.1289618 2.1289618 2.1289618 0.35142365 0.35142365 0.17081985 0.17081985 0.17081985 0.17081985 0.17081985 0.17081985 0.17081985 0.17081994 0.0029198653 0.0029198653 0.0029198653 0.002919913 0.002919913 0.002919913
1.8248239 1.8248243 1.0339557 1.0339557 0.0 2.1289403 2.1289403 0.5285913 2.35845 2.35845 1.4614542 2.1289406 1.4817326 1.4614551 1.4817331 0.4106114 0.41061163 1.4614551 1.4614553 1.4614553 1.4614553 1.4614553 2.128941 2.128941 2.128941 2.128941 2.1123097 2.1123097 2.128941 1.4614565 2.3584507 2.3584507 2.3584507 2.128942 2.128942 2.128942 2.128942 2.128942 0.52859277 2.128942 2.128942 0.5285928 0.5285928 0.35140103 0.35140103 0.17079619 0.17079619 0.17079619 1.8215213 1.8215213 0.17079628 1.8215213 1.8215213 0.0029158837 0.0029158837 0.0029158837 0.0029159314 0.0029159314 0.0029159314
1.8247876 1.8247881 1.0667801 0.0 0.0 2.1289206 0.5285632 0.5285632 2.3584323 2.3584323 1.4614177 2.1289215 2.1289215 1.4614184 1.4614184 0.4105748 0.4105748 0.23099174 1.9850945 1.941 1.941 1.941 1.4614184 2.1289215 2.1289215 0.5285637 0.5285639 2.1122904 2.1289217 2.1289217 1.4614189 2.358433 2.3584332 2.1289217 2.1289217 2.128922 2.128922 0.5285643 0.5285645 2.128922 2.128922 0.5285645 2.128922 0.35137817 0.35137817 0.17077273 0.35137847 0.35137847 1.8558128 0.288701 0.17077282 0.19318512 0.17077303 0.0029118783 0.0029118783 0.0029118783 0.0029119023 0.0029119023 0.0029119023
1.8247533 1.8247533 1.0338424 0.0 2.1289005 2.1289005 0.52853477 0.52853477 2.3584146 2.3584146 1.4613826 2.128901 2.128901 1.4613831 1.4613831 1.4613831 0.23096703 0.23096703 1.9409697 1.9409697 1.995723 1.9409697 1.9409697 1.4613831 2.128901 0.52853554 0.52853554 2.1122696 2.128901 2.1289012 1.4613831 2.3584156 0.52853584 0.52853584 2.1289012 2.1289015 2.1289015 0.5285361 2.1289015 2.1289015 2.1289015 2.1289015 2.1289015 0.3513557 0.3513557 0.3513559 0.3513559 0.3513559 0.0048454534 0.17074937 0.17074937 0.17074937 0.17074937 0.17074937 0.37412974 0.002907873 0.0029079206 0.0029079206 0.0029079206
1.8247185 1.8331409 0.0 0.0 2.1288805 2.1288805 2.1288805 2.1288805 2.358397 2.358397 1.461345 1.461345 1.461345 2.1288805 1.4613454 1.4613454 1.4613454 1.4738257 1.4613454 1.4816377 1.4613454 0.0 0.0 1.4613457 0.41050148 0.5285071 2.128881 2.1122496 2.128881 2.128881 1.4613464 2.128881 0.52850753 0.52850753 2.1288812 2.1288812 0.40658996 0.52850777 0.5285078 0.40659016 0.40659016 0.40659016 0.40659016 0.3513331 0.3513331 0.0029038435 0.3513331 0.3513331 0.35133317 0.17072582 0.17072582 0.17072582 0.17072591 0.17072591 0.17072591 0.0029038913 0.0029038913 0.0029038913 0.0029038913
1.8246827 1.8246832 1.8246832 0.0 0.0 2.1288607 2.1288607 2.1288607 2.128861 0.52847826 0.5284783 1.4613085 1.4613085 1.4613085 1.4613085 1.4613087 1.4613087 1.4613087 1.4613087 1.4613087 1.4613087 1.4613087 1.9409099 1.4613087 0.41046453 0.5284788 2.1288612 2.112229 2.1288612 2.1288612 2.1288612 1.4613097 2.148403 2.1288612 2.1288614 2.1288614 0.40656725 0.5284793 0.52847946 0.4065673 0.4065673 0.40656742 0.40656742 0.35131052 0.06245858 0.06245858 0.35131055 0.35131055 0.36684558 0.17070246 0.17070246 0.17070255 0.0028998859 0.010863688 0.17070255 0.17070264 0.0028998859 0.0028998859 0.0028998859
1.8246484 1.8246484 1.8246484 0.0 0.0 2.1288402 2.1288402 2.1288402 0.0 0.5284499 0.52844995 2.1288404 1.4612722 1.4612727 1.4612727 1.4612727 1.4612727 1.4612727 1.4612727 1.4612727 1.4612727 1.487989 1.9408805 1.4612727 1.4612727 2.128841 2.128841 2.128841 2.128841 2.128841 2.128841 2.1288412 2.1288412 2.1288412 2.1288414 2.1288414 2.1288414 0.4065447 0.5284512 0.4065447 0.4065447 0.40654472 0.40654472 0.35128796 0.45690215 0.45690215 0.35128796 0.35128796 0.35128826 0.17067897 0.17067897 0.17067909 0.17067909 0.17067909 0.17067909 0.17067927 0.17067927 0.17067927 0.17067927
1.8246121 1.8246126 1.8246126 0.0 0.0 2.1288202 2.1288202 2.1288202 0.0 1.461235 2.1288202 2.1288202 2.1288204 1.4612353 1.4612353 1.4612353 1.4612353 1.4612358 1.4612358 1.4612358 1.4612358 1.4612358 1.4612358 1.4612353 1.4612353 1.4612362 2.128821 2.128821 2.128821 2.128821 2.128821 2.128821 2.128821 0.40652165 0.52842253 0.52842253 0.4065217 2.1288211 0.52842253 0.4065217 0.4065217 0.4065219 0.4065219 2.01294 0.45687407 0.35126537 0.35126537 0.35126546 0.35126546 0.17065534 0.17065534 0.17065552 0.17065552 0.17065552 0.17065552 0.17065564 0.17065564 0.17065564 0.17065564
1.8245792 1.8245792 1.8245792 0.0 0.0 0.0 2.1288002 2.1288002 0.0 1.4611988 2.1288004 2.1288004 2.1288004 1.4611988 1.4611988 1.4611988 1.4611988 1.4611993 1.4611993 1.4611993 1.4611993 1.4611993 1.4611993 1.4611993 1.4611993 1.4611995 2.1288006 2.1288006 2.1288006 2.1288006 2.1121686 2.1288006 2.1288006 2.1288006 0.52839446 0.52839446 0.52839446 0.40649933 0.52839446 0.40649933 0.0750473 0.0750473 2.1288009 2.0129197 0.4568457 0.35124272 0.35124272 0.35124275 0.35124275 0.35124275 0.17063168 0.17063168 0.17063168 0.17063168 0.17063168 0.17063189 0.17063189 0.17063189 0.17063189
1.824543 1.824543 1.824543 1.824543 0.0 0.0 0.0 0.0 0.0 2.12878 2.1287801 2.1287801 2.1287801 2.1287801 1.4611628 1.4611628 1.4736431 1.4611633 1.4611633 1.4611633 1.4611633 1.4611633 1.4736431 1.4611633 1.4611633 1.4611633 2.1287801 2.1287801 2.1287801 2.1121478 2.1287801 2.1287801 2.1287801 2.1287801 2.1287804 2.1287804 2.1287804 0.40647662 0.52836615 0.40647662 0.07504166 0.07504166 2.128781 0.4568174 0.45681757 2.0129008 0.08099657 0.062436882 0.35122025 0.062436882 0.17060852 0.17060852 0.17060852 0.17060852 0.17060852 0.17060861 0.17060861 0.17060861 0.17060861
1.8245082 1.8245087 1.8245087 1.8245091 0.0 0.0 0.0 0.0 0.0 0.0 2.1287594 2.1287594 2.1287594 2.1287594 1.4611256 1.4611263 1.4611263 1.4611263 1.4442742 1.4442742 1.4611263 1.4611263 0.0 1.4611266 1.4611266 1.461127 2.1287599 2.1287599 2.12876 2.12876 2.12876 2.1287606 2.1287606 2.1287606 2.1287606 2.1287606 2.1287606 0.40645403 0.40645403 2.3582911 0.07503596 0.07503596 0.52833784 0.46398515 0.45678908 2.0128803 2.0128803 2.0128803 0.45678926 0.45678926 0.062431443 0.17058524 0.17058524 0.17058524 0.2657316 0.17058524 0.17058524 0.002879811 0.17058524
1.8244748 1.8244748 1.8244748 1.8244748 0.0 0.0 0.0 2.1287398 0.0 0.0 2.1287398 2.1287398 2.1287398 2.1287398 1.4610898 1.444241 1.444241 1.444241 1.444241 1.444241 1.4610898 0.41024292 0.41024315 1.4610898 1.4610898 1.4610898 1.4610898 1.4610898 2.1287403 2.1287403 2.1287403 2.1287405 2.1287405 2.1287405 2.1287405 2.1287405 2.1287405 2.1287408 2.1287408 2.3582737 0.075030334 0.075030334 0.52830964 0.45676088 2.0128608 2.0128608 2.0128608 2.0128608 0.45676088 0.351175 0.351175 0.17056158 0.17056158 0.17056158 0.17056158 0.17056158 0.17056158 0.17056158 0.17056158
1.8244405 1.8244405 1.8244405 1.8244405 0.0 0.0 2.1287193 2.1287193 0.0 0.0 0.0 2.1287193 2.1287193 0.5282801 0.41020584 1.4610531 0.41020584 0.4102062 1.4610531 1.4610531 1.4610536 0.4102062 0.41020644 0.41020644 1.4610541 1.4610546 1.4610546 1.4610546 2.12872 0.52828074 0.52828074 2.12872 2.12872 2.12872 2.12872 2.12872 2.12872 2.12872 2.12872 2.12872 2.1287203 2.1287203 0.52828115 0.45673227 2.0128405 0.45673227 0.45673227 2.0128405 2.237838 0.35115218 0.35115245 0.17053804 0.17053804 0.17053804 0.17053813 0.17053813 0.17053813 0.17053813 0.0028718002
1.8244042 1.8244042 1.8244042 1.8260994 0.0 0.0 2.1286988 2.1286988 0.0 0.0 2.1286988 2.3582377 2.1286988 0.5282517 0.410169 1.4610162 0.410169 0.41016936 1.4441757 1.4610174 2.1286995 1.4610174 1.4610174 1.4610174 1.4734972 1.4610176 1.4610176 1.4610176 1.4610178 0.42565775 0.41017008 2.1287 2.1287 2.1287003 2.1287003 2.1287003 2.1287003 2.1287003 2.1287003 2.1287003 2.1287003 2.1287003 0.52825284 2.0128202 2.0128202 0.45670432 0.45670432 2.012821 2.012821 0.35112965 0.35112983 0.35112983 0.35112983 0.35112983 0.17051467 0.17051467 0.17051467 0.17051467 0.17051494
1.8243685 1.8243685 1.8327909 0.0 0.0 0.0 0.0 0.0 0.0 0.5282232 0.5282232 2.35822 2.1286798 2.1286798 2.1286798 1.4734597 1.4609799 1.4441423 1.4441423 1.4609802 1.4609802 1.4859025 1.4609802 1.4609802 1.4609802 1.4609802 0.41013265 0.41013265 1.4609802 1.4609802 1.4609802 2.12868 2.12868 2.12868 2.12868 2.12868 2.12868 2.12868 2.12868 2.12868 2.1286802 2.1286802 2.1286802 2.012801 2.012801 0.4566759 2.0128014 2.0128014 2.0650597 0.351107 0.35110706 0.35110706 0.35110706 0.35110706 0.17049131 0.17049131 0.17049131 0.17049131 0.1704914
1.8243332 1.8243332 1.8243337 0.0 0.07500732 0.07500736 0.0 2.1286592 0.52819467 2.1286592 0.5281949 2.3582022 2.3582022 2.1286595 2.1286595 1.4609442 1.4609442 1.4609447 1.4609447 1.4609447 1.4609447 1.4609447 1.4609451 1.485867 1.4609451 1.4609451 0.41009617 0.4100963 1.4734254 2.1286595 2.1286597 1.4609456 1.4609456 2.1286597 2.1286597 2.1286597 2.1286597 2.1286597 2.1286597 2.1286597 2.1286597 2.1286597 2.1286597 2.012781 2.012781 2.012781 2.012781 2.012781 0.3510844 0.3510844 0.35108453 0.17046764 0.35108453 0.35108453 0.3510846 0.3510846 0.3510846 0.17046764 0.17046776
1.8242989 1.8242989 0.0 0.0 0.075001724 0.07500174 0.0 2.128639 2.128639 2.128639 2.128639 2.128639 2.3581848 2.3581848 2.128639 1.4609072 1.4609072 1.4609072 0.41005838 0.41005874 1.4609072 1.4609072 1.4609075 1.4609075 1.4609077 1.4609077 1.4609077 1.4609077 1.4609077 1.4609077 1.4609077 2.1286397 1.4609077 1.4609082 2.1286402 2.1286402 2.1286402 2.1286402 2.1286402 2.1286402 2.1286402 2.1286402 0.406318 0.45661932 2.0127614 2.0127614 2.0127614 2.0127614 2.0127614 0.35106182 0.35106194 0.17044419 0.17044419 0.45661962 0.4566198 0.0623989 0.0623989 0.0028557547 0.3184948
1.8242636 0.0 0.0 0.0 0.0 0.0 0.0 2.1286187 2.1286187 2.1286187 2.1286187 2.1286187 2.3581672 0.5281382 2.128619 2.128619 1.4608707 1.4608707 0.41002166 0.41002178 1.4608707 0.41002178 0.4100219 1.4608712 1.4608717 1.4608717 1.4608717 1.4608717 1.4608717 1.4608717 1.4608717 1.4608717 2.1286194 2.1286194 1.4608717 2.1286194 2.358168 2.1286194 2.1286194 2.1286197 2.1286197 2.1286197 0.40629533 0.4565912 0.4565912 2.0127409 2.0127409 2.0127409 2.0127409 0.35103923 0.3510393 0.3510393 0.3510393 0.45659155 0.45659155 0.062393475 0.062393475 0.062393527 0.31846225
0.6671233 0.0 0.0 1.0329922 0.0 0.0 0.0 0.0 2.1285987 2.128599 2.128599 2.128599 2.128599 0.52811 2.128599 2.128599 1.460834 1.5448608 0.4099847 0.4099847 1.460834 0.4099847 0.40998483 1.460835 1.460835 1.460835 1.460835 1.460835 1.460835 1.460835 1.460835 1.460835 1.460835 2.1285994 2.1285994 2.35815 2.3581502 2.1285994 2.1285994 2.1285994 2.1285994 2.1285994 2.1285996 0.45656288 0.45656288 2.012722 2.012722 2.012722 2.012722 0.35101658 0.35101658 0.35101658 0.35101658 0.06305836 0.06238803 0.06238803 0.06238803 0.06238803 0.06238803
0.0 0.0 0.0 0.0 0.0 0.0 0.0 0.5280814 0.5280814 0.5280816 0.5280816 0.5280816 2.1285787 2.1285787 2.1285787 2.1285787 1.4607975 1.4607975 1.4607975 1.4607978 1.4607978 1.5448294 1.4607978 1.4607978 1.4607983 1.4607983 1.4607983 1.4607983 1.4607983 1.4607983 1.4607987 0.23056945 1.4607987 2.1285794 2.1285794 1.460799 2.1285799 0.52808267 0.53637934 0.52808285 2.1285799 2.1285799 2.1285799 2.0127022 2.0127022 2.0127022 2.0127022 2.0127022 2.0127022 0.3509941 0.38151985 0.3509941 0.3509941 0.35099423 0.062382627 0.062382627 0.062382627 0.062382653 0.45653504
0.0 0.0 0.0 0.0 0.0 0.0 0.0 0.52805316 0.52805316 2.1285586 0.52805346 0.5280535 2.1285586 2.1285586 2.1285586 2.1285586 2.1285586 1.4607613 1.4607613 1.4607613 1.4607613 1.4607613 1.4607613 1.4607613 1.4607613 1.4607613 1.4607613 1.4607613 1.4607613 1.4607613 0.40991163 0.40991163 0.23054513 1.4607613 2.1285594 1.4607613 1.4607613 0.5280545 0.5280545 0.5280545 2.1285594 2.1285594 2.1285594 2.012682 2.012682 2.012682 2.012682 2.012682 2.012682 0.4565068 0.4565068 0.4565068 0.35097152 0.35097164 0.062377203 0.062377203 0.062377203 0.062377203 0.4565069
0.0 0.0 0.0 0.0 1.032823 0.0 0.0 2.128538 0.0 2.128538 0.5280249 0.52802503 2.128538 2.128538 2.128538 2.128538 2.1285384 1.4607251 1.4607251 1.4607253 1.4607253 1.4607253 1.4607253 1.4607253 1.4607253 1.4607253 1.4607253 1.4607253 1.4607253 1.4607253 0.4098748 0.4098748 1.4607255 1.4607255 1.4607255 2.128539 2.128539 2.128539 2.128539 2.128539 2.128539 2.128539 2.128539 2.0126626 2.0126626 2.0126626 2.0126626 2.0126626 2.0126626 2.012663 0.46367455 0.45647824 0.35094887 0.35094893 0.062371757 0.0 2.237683 2.2376833 0.45647848
0.0 0.0 0.0 0.0 0.0 0.0 0.0 0.0 0.0 2.1285179 2.1285179 2.1285179 2.1285179 2.128518 2.128518 2.128518 2.128518 1.4606876 1.4606879 1.4606879 1.4606879 1.4606879 1.4606879 1.4606879 1.4606884 1.4606884 1.4606884 1.4606886 1.4606886 1.4606891 1.4606891 1.4606891 1.4606891 1.4606891 1.4606891 1.4606893 2.128519 2.128519 2.128519 2.1285193 2.1285193 1.4606893 1.4606893 1.2467737 2.0126424 2.0126426 2.0126426 2.0126426 2.0126426 2.0126426 0.4564501 0.4564501 0.4564501 2.237666 2.237666 2.237666 2.237666 2.237666 2.237666
0.0 0.0 0.0 0.0 0.0 0.0 0.0 0.0 0.0 0.0 0.0 2.1284983 2.1284983 2.1284983 2.1284983 2.1284983 2.1284983 0.5279685 0.40980065 1.4606521 1.4606521 1.4606521 1.4606521 1.4606521 1.4606521 0.40980077 0.4098009 0.4098009 1.4606516 1.4731324 1.4606521 1.4606521 1.4606521 1.4606521 1.4606521 1.4606526 1.4606526 1.4606526 2.128499 2.128499 2.128499 2.128499 2.128499 1.2562861 1.2467406 2.0126228 2.0126228 2.0126228 2.0126228 2.0126228 2.0126228 2.2376485 0.4564219 0.4564219 2.012623 2.012623 2.0126233 2.0126233 2.0126233
0.0 0.0 0.0 0.0 0.0 0.0 0.0 0.0 0.0 0.0 0.0 2.1284776 2.1284776 2.1284776 2.1284776 2.1284776 2.1284776 0.5279403 0.4097637 0.4097637 1.4606161 1.4606166 1.4606166 1.4606166 0.40976393 0.40976393 0.4097638 1.9403391 1.4606166 1.4606166 1.4606166 1.4606166 1.4606166 1.4606166 1.9403393 1.4606171 1.4606171 1.4606171 1.4606171 2.1284788 2.1284788 2.1284788 2.1284788 2.012603 1.246707 2.012603 2.012603 2.012603 2.012603 2.012603 2.012603 2.237632 0.45639348 0.45639348 2.012603 2.012603 2.012603 2.012603 0.45639348
