Export/ASCII/RMeteo_SP_inch/impervious0/net_infiltration_2014_SP1_inch.asc
ncols         660
nrows         338
xllcorner     1476100.0
yllcorner     5017100.0
cellsize      100
NODATA_value  -9.9000000089461e-20
[rows 297 to 323 of 338, columns 427 to 487 of 660]
9.175328 9.175328 9.175328 9.175328 9.175326 13.176279 13.176279 11.873885 17.299131 13.176279 7.5382524 7.1041255 7.1041255 7.104125 13.176279 13.176279 13.7969265 13.176277 9.175324 9.1753235 9.1753235 3.4385169 3.4385169 3.4385169 3.4385166 3.0960298 3.0960298 3.4385166 3.4385164 3.4385161 3.4385161 6.740737 7.3114676 7.478091 7.3114676 5.779492 3.843738 5.779491 5.763913 5.763913 9.175319 9.175319 9.175319 9.175319 3.4385152 3.8316598 3.8437376 5.4928355 6.466074 6.8056893 7.05364 7.1778502 5.4917107 5.49171 10.733525 8.5978565 8.472479 8.472479 4.0428405 4.0428405 8.436741
9.175266 9.665897 3.438494 3.4384937 9.175266 9.175266 9.175266 9.175265 9.175265 9.175265 6.857001 6.6252646 6.6252637 13.796788 9.175264 9.175264 9.175264 9.175264 9.175264 9.175264 9.175262 9.175262 0.7015293 0.6117838 3.0960038 3.0960038 3.0960035 3.0960035 3.4384928 3.4384928 3.4384928 3.4384925 14.093567 14.1968 14.093566 11.8902855 9.213636 11.8902855 6.740685 6.740685 9.175261 9.175259 9.175259 9.175259 3.438491 4.542567 3.8316286 5.492791 6.466024 6.8056464 7.0535917 7.1777954 7.7675576 8.118287 8.189075 13.4837 8.43667 8.43667 8.436669 8.436669 8.436669
9.175204 9.175204 3.4384708 3.4384708 9.175204 9.175204 9.175204 9.175202 9.175202 9.175202 4.5425406 4.5425406 4.5425406 9.175202 9.1752 9.1752 9.1752 9.1752 9.1752 9.1752 9.1752 9.1752 0.7015235 0.7015235 3.4384694 3.095978 3.095978 3.095978 3.0959778 3.4384685 3.4384685 3.4384685 9.175199 9.175199 9.175199 9.175199 9.175199 9.175199 13.176041 13.176041 9.175197 9.175197 9.175197 9.175197 9.175197 9.175197 5.763823 5.49162 6.4440694 6.805603 7.0535436 5.4916177 5.4916177 6.4440665 5.491617 6.4440665 11.732866 8.749968 8.507702 8.47233 8.47233
9.175143 8.377552 9.175143 3.438447 3.438447 9.175143 9.175143 9.175143 9.175141 9.175141 9.175141 4.542511 4.542511 3.4384463 9.175141 9.175141 9.175141 9.175141 9.17514 6.578634 6.5786333 8.857479 9.175138 3.4384456 9.665791 3.4384456 3.4384453 3.4384453 3.0959518 3.438445 3.438445 3.438445 3.438445 9.175137 9.175137 9.175137 9.175137 9.175137 9.175137 9.175137 9.175137 9.175137 9.175137 9.175137 9.175137 9.175137 9.175135 5.4915733 6.4440203 6.8055606 7.0534964 7.7674575 5.4915724 6.444019 6.805559 7.0534954 12.511325 8.76141 8.472257 8.472257 8.472257
9.175082 9.17508 9.17508 9.17508 3.4384232 3.4384232 9.175078 9.175078 9.175078 9.175078 9.175078 9.175078 9.175078 9.175078 9.175078 9.175078 9.175078 9.175078 9.175078 6.578594 6.578594 8.857418 9.175078 9.1750765 3.4384217 9.665737 3.4384217 3.4384217 3.4384217 3.4384217 3.4384215 3.4384215 3.4384215 9.665734 9.175075 9.175075 9.175075 9.175075 9.175075 9.175075 9.175075 9.175075 9.175075 9.175073 9.175073 9.175073 9.175073 8.688971 8.688971 5.491529 5.491528 5.491528 6.44397 6.805518 5.4915276 6.44397 11.732644 8.436459 8.436459 8.436457 8.472181
9.175022 9.175022 9.175022 9.175022 3.4383993 3.4383993 3.4383993 9.17502 9.17502 9.17502 9.17502 9.17502 9.17502 9.17502 9.17502 9.17502 9.17502 9.17502 9.17502 6.578553 6.578553 9.175018 9.175018 8.377427 3.0958996 3.4383981 9.175016 3.4383981 3.438398 3.438398 3.4383976 3.4383976 9.1750145 9.1750145 9.665681 9.665681 9.175013 9.175013 9.175013 9.175013 9.175013 9.175013 9.175013 9.175013 9.175013 9.175011 9.175011 8.688913 8.688911 5.4914846 6.9557204 7.041436 7.3383036 7.3403597 7.276071 7.242925 7.237751 13.794598 8.688908 2.9506285 8.436388
8.37737 9.174959 9.174959 4.5424232 4.5424223 4.5424223 3.438376 3.438376 9.174958 9.174958 9.174958 9.174958 9.174958 9.174958 9.174958 9.174958 9.174958 9.174958 9.174957 9.174957 9.174957 9.174957 9.174957 8.377366 3.4383748 3.4383745 9.174955 9.174954 9.174954 9.174953 9.174953 9.174953 9.174953 9.174953 9.174953 9.1749525 9.1749525 9.1749525 9.1749525 9.174952 9.174952 9.174952 9.174952 9.174952 9.174952 9.174952 9.174952 8.688852 8.688852 8.688852 5.4914384 6.4438744 6.805433 7.053354 7.177532 7.208245 7.2226176 13.451429 3.2719524 3.2719522 3.2719522
9.174899 9.174899 4.542393 4.542393 4.542393 4.542393 3.438352 3.4383519 3.4383516 9.174896 9.174894 9.174894 9.174894 9.174894 9.174894 9.174894 9.174892 9.174892 9.174892 9.174892 9.174892 9.174892 9.174892 9.174892 3.4383497 3.4383497 9.174892 0.7014937 0.7014937 9.174892 9.174892 9.174892 9.174892 9.174892 9.1748905 9.1748905 9.1748905 9.1748905 9.1748905 9.1748905 9.1748905 9.1748905 9.174889 9.174889 9.174889 9.174889 9.174889 8.688792 8.688792 8.688792 3.65767 5.492526 6.466156 5.4913917 5.4913917 6.4438257 5.491391 5.491391 3.2719293 4.316663 4.316663
9.174838 4.5423636 4.5423636 4.5423636 4.5423636 3.4383287 3.4383285 3.4383283 3.438328 9.174836 9.174836 9.174836 9.174836 9.174836 9.174836 9.174836 9.174836 9.174836 9.174834 9.174834 9.174834 9.174834 9.174834 9.174831 3.438327 9.174831 9.174831 0.7014878 0.7014878 9.1748295 9.1748295 9.1748295 9.1748295 9.1748295 9.1748295 9.1748295 9.1748295 9.1748295 9.1748295 9.1748295 9.174828 9.174828 9.174826 9.174826 9.174826 9.174826 9.174826 8.68873 8.68873 4.316634 4.3166337 3.6576371 5.491348 6.443779 6.805349 7.053261 7.4849024 7.9675193 15.521076 4.316633 4.316633
9.174776 4.5423336 4.5423336 4.5423336 3.4383047 9.174774 9.174774 3.4383047 3.4383047 3.4383044 9.174774 9.174774 9.174774 9.174774 9.174774 9.174772 9.174772 9.174772 9.174772 9.174772 9.174772 9.174772 9.174772 9.174772 9.174772 9.174772 9.174772 9.174772 9.17477 9.17477 9.17477 9.17477 9.17477 9.17477 9.17477 9.17477 9.17477 9.174768 9.174768 9.174768 9.174767 9.174767 9.174767 9.174767 9.174767 9.174767 9.174767 8.688668 8.688667 8.688667 3.2718828 2.5726345 5.491301 5.4913 6.4437294 6.8053055 7.053211 7.177373 13.376656 3.2718816 3.2718816
9.174715 4.5423036 4.5423036 9.174715 9.174714 9.174714 9.174714 3.4382803 3.4382803 3.43828 9.174713 9.174713 9.174713 9.174713 9.174713 9.174712 9.174712 9.174712 9.174712 9.174712 9.174712 9.17471 9.17471 9.174709 9.174708 9.174708 9.174707 9.174707 9.174707 9.174707 9.174707 9.174706 9.174706 9.174706 9.174706 9.174706 9.174706 9.174706 9.174706 9.174706 9.174705 9.174705 9.174705 9.174705 9.174705 9.174704 9.174704 8.688608 8.688608 8.688608 8.688608 8.688608 5.4912553 6.4436812 6.8052626 5.4912553 5.4912553 6.4436812 12.462558 8.688606 8.405821
9.174652 9.174652 9.17465 9.17465 9.17465 9.17465 9.17465 9.17465 3.438257 3.438257 9.17465 9.17465 9.17465 9.17465 9.17465 9.174648 9.174648 9.174648 9.174648 9.174648 9.174648 9.174648 9.174648 9.174648 9.174648 9.174648 9.174648 9.174648 9.174648 9.174646 9.174646 9.174646 9.174646 9.174646 9.174646 9.174646 9.174646 9.174646 9.174646 9.174646 9.174646 9.174646 9.174646 9.174645 9.1746435 9.1746435 9.1746435 8.688547 8.688547 8.688547 8.688547 8.688547 5.4912114 6.4436345 6.8052216 7.6249228 7.9517016 8.165674 7.662289 13.778052 8.688545
9.174591 9.174591 9.174591 9.174591 9.174591 9.174591 9.174591 9.174589 3.4382334 3.4382334 9.174589 9.174589 9.174589 9.174589 9.174589 9.174589 9.174589 9.174589 9.174589 9.174587 9.174587 9.174587 9.174587 9.174587 9.174587 9.174587 9.1764145 9.174587 9.174587 9.174585 9.174585 9.174585 9.1745825 9.1745825 9.1745825 9.1745825 9.1745825 9.1745825 9.1745825 9.1745825 4.542241 4.542241 4.542241 9.1745825 9.1745825 9.1745825 9.1745825 8.688488 8.688488 8.688488 8.688488 8.688488 5.4911656 6.4435854 5.4911647 5.4911647 6.443585 6.8051777 7.05307 13.282276 8.688486
9.665265 9.665265 9.174528 9.174528 3.4382102 3.4382102 4.5422144 9.174528 3.4382102 3.4382098 9.174528 9.174528 9.174528 9.174528 9.174528 9.174526 9.174526 9.174526 9.174526 9.174526 9.174526 9.174524 9.174524 9.174524 9.174524 4.542213 4.542213 9.174524 9.178175 9.174522 9.174522 9.17635 9.174522 9.174522 9.174522 9.174522 9.174522 9.174522 9.174521 4.542211 4.5422106 4.247055 4.5422106 4.5422106 9.1745205 9.1745205 9.1745205 8.688426 8.688426 8.688426 8.688426 8.688426 5.4911213 5.4911213 7.181934 5.491121 5.491121 6.4435368 6.8051353 13.044991 8.688424
2.6942463 3.4381864 4.5421853 3.4381864 3.4381864 3.4381864 4.5421853 9.174466 9.174466 3.438186 3.438186 9.174466 9.174466 9.174466 8.376883 9.174466 9.174464 9.174464 9.174463 9.174463 9.174463 9.174463 9.174463 9.174463 9.174463 9.665208 9.665206 4.5421834 4.5421834 4.5421834 9.174463 9.174463 8.805589 8.805589 8.805589 8.805589 8.805589 9.174461 9.174461 4.5421824 4.5421824 4.5421824 4.5421824 4.5421815 9.665203 9.174459 9.174459 8.688368 8.688368 8.688368 8.688368 8.688366 11.236069 5.4910736 7.65289 5.491073 6.443493 5.4910727 6.4434867 6.8050914 8.688364
2.6942203 3.4381626 4.542156 4.542156 3.4381626 3.0956407 3.0956407 8.805523 8.805523 8.805523 3.4381623 9.174406 9.174406 9.174404 9.174404 8.3768215 9.174404 9.174404 9.174404 9.174404 9.174404 9.174402 9.174402 9.174402 9.665153 4.5421534 4.2469926 4.5421534 4.5421534 4.5421534 9.174402 9.426963 8.805517 8.927326 8.927325 8.927325 8.927325 9.174401 9.174401 9.174401 9.174401 9.174401 9.174399 9.174399 9.174399 9.174399 9.174399 8.688305 8.688305 8.688305 8.688305 8.688305 8.688305 6.4434457 7.727566 6.443445 5.4910283 6.805056 5.491028 6.4434395 16.789827
2.6941948 2.6941948 3.831161 3.831161 4.2469616 3.0956144 8.805451 8.927258 8.805451 8.927256 3.128424 3.0956142 9.174344 9.174344 9.174344 9.174344 8.376764 9.174342 9.174342 9.174342 9.174342 9.174342 9.174342 9.174342 9.665101 4.542124 4.542124 4.542124 4.542124 0.70144033 8.805446 8.805445 8.805445 8.927249 9.163414 8.805444 8.927249 8.805442 8.805442 8.805441 8.805441 8.805441 8.805441 8.805441 8.805441 8.805441 8.805441 8.688244 8.688244 8.688244 8.688244 8.688244 8.688244 6.805016 5.4909844 5.4909844 6.443399 5.490984 7.0528946 5.490984 5.490984
3.0955884 5.763154 5.778727 5.778727 4.246929 8.80538 8.927183 8.80538 8.927183 8.927183 8.927183 3.0955882 3.095588 9.17428 9.17428 9.17428 9.17428 9.17428 9.17428 9.17428 9.17428 9.17428 9.17428 9.17428 9.17428 3.4381137 3.4381132 3.4381132 4.246927 8.805373 8.927177 4.2971244 4.2469263 8.927177 8.927177 8.805371 8.9271755 8.9271755 8.927175 8.927175 8.927175 8.927175 8.927175 8.927174 8.927174 8.927174 8.927174 8.688184 5.4909406 5.4909406 5.4909396 8.688184 5.4909396 7.052848 6.4433503 6.4433503 6.8049726 6.44335 5.490939 7.4451156 7.597935
8.805307 8.805307 7.278145 6.748498 8.805307 8.805307 8.805306 8.805306 8.927108 8.927108 8.927108 3.1283712 3.0955622 4.246896 4.5420666 4.5420666 9.174221 9.174221 9.174221 9.174221 9.174221 9.174221 9.174219 9.174219 9.174219 9.174219 3.4380903 3.43809 9.174217 8.805302 3.1283689 4.2468934 4.2468934 3.09556 8.927104 8.927104 8.8053 8.927102 8.927102 8.8053 8.927102 8.927102 8.805299 8.927101 8.927101 8.805299 8.927101 8.435482 5.490894 6.443303 6.443303 5.490894 6.4433026 7.1769238 5.490893 12.461704 5.490893 7.0528 6.443301 5.4908924 6.4432955
8.805237 8.927038 8.927038 7.6370096 5.7630634 8.805237 8.927038 8.927038 8.927036 8.927036 8.927036 8.927036 3.095536 4.246864 4.2468624 4.5420356 4.5420356 9.174158 9.174157 9.174157 9.174157 9.174157 9.174157 9.174157 9.174157 9.174157 9.174157 9.174157 9.174157 8.927031 8.805229 3.095534 4.2468605 4.2468605 8.805228 8.927029 8.927028 8.927028 8.927028 8.927027 8.927027 8.927027 8.927026 8.927026 8.927025 8.927025 8.927025 8.471094 6.443257 6.804889 6.804889 6.443256 6.8048882 7.2075176 5.4908485 11.235601 5.480467 4.3163123 13.281357 6.8048854 8.688061
8.805161 8.92696 8.92696 14.932934 11.295731 8.92696 8.805161 8.92696 8.926959 8.926959 8.926959 8.926959 3.1283178 3.09551 4.246831 4.246831 8.80516 9.174096 9.174096 9.174096 9.174096 9.174096 9.174096 9.174096 9.174096 9.174095 9.174095 9.174095 8.805159 8.926956 8.926956 3.095508 4.246828 3.0955074 3.1283154 8.926955 4.2970233 4.2970233 8.926954 8.926954 8.926954 8.926954 8.926954 8.926952 8.926951 8.926951 8.926951 8.471022 11.730918 7.0527062 7.0527062 6.8048463 5.4908032 7.684668 6.4432063 8.688 4.316283 4.316283 8.687998 8.687998 13.044135
8.805094 9.046179 8.926891 8.805094 10.186962 8.926889 8.926889 8.805092 8.926889 8.926889 8.926889 8.926889 8.926888 3.0954828 3.0954828 3.0954828 8.926887 8.805089 9.174037 9.174035 9.174035 9.174035 9.174035 9.174035 9.174035 9.174035 9.174035 8.805087 8.926884 4.296991 4.296991 8.805086 8.805086 8.805086 8.805086 3.1282892 4.2467957 4.2467947 8.926882 8.926882 8.926881 8.926881 8.92688 8.92688 8.926879 8.926879 8.926879 8.47095 8.748452 7.1767664 5.4907575 7.6487613 6.4431567 4.0242753 3.3742015 2.5723257 4.316253 4.316253 8.68794 8.68794 8.68794
9.046102 8.926814 8.926814 8.805019 8.926814 9.046102 5.762928 8.926813 8.805018 8.926813 8.926813 8.926813 9.046099 8.8050165 3.0954568 3.0954566 3.1282635 8.926811 8.805016 9.173974 9.173974 9.173974 9.173974 9.173974 9.173974 9.173974 8.805015 8.805015 4.3448496 4.246764 4.246763 8.926808 8.926808 8.926808 3.1282625 3.0954554 3.0954554 3.0954554 8.926804 8.926804 8.926804 8.926804 8.926804 8.926804 8.926804 8.926803 8.926803 8.470874 8.435199 7.207336 6.443109 7.874429 4.8774033 3.6571922 2.5722995 5.4907126 5.4907126 8.687878 8.687877 8.687877 8.687877
8.926741 8.926739 8.926739 8.926739 8.804947 4.2969275 5.4117937 8.926739 8.926739 8.804946 4.296926 4.3448167 0.6166107 8.926736 8.804943 3.0954309 3.0954309 8.926736 8.926736 3.4379725 3.4379725 9.173911 9.173911 9.173911 9.17391 9.17391 8.926734 8.804942 8.926734 3.2608397 3.0954301 8.926732 8.926732 8.926732 3.09543 3.09543 3.09543 3.09543 3.1282358 3.1282358 8.92673 8.926729 8.926729 8.926728 8.926728 8.926728 8.926728 8.470803 8.470803 5.490668 7.2216535 6.8047185 5.6832557 3.6571593 5.4906673 6.4430604 6.4430604 5.4906673 5.490667 11.2352 8.687817
8.804877 8.926668 8.804876 8.926667 8.804876 8.804875 8.804875 8.804875 8.926666 4.246701 4.246701 4.246701 0.61163396 8.804873 8.926664 8.804873 8.804873 8.926664 8.804873 3.4379482 4.5418873 9.173851 9.173851 9.173851 9.173851 8.804871 8.9266615 8.804871 8.804871 3.1282096 3.0954037 8.92666 8.804869 8.92666 3.095403 3.095403 3.095403 3.095403 3.0954025 3.0954025 8.926659 8.926659 8.804868 8.926658 8.926658 8.804867 8.804867 8.558144 8.470729 8.435059 8.435058 7.243205 5.4906225 5.5342846 4.491774 3.6571279 5.4906225 6.954911 7.0403776 7.3374214 7.3393517
8.926595 8.926595 8.926595 8.926595 8.926594 8.926593 8.804805 8.926593 9.045874 4.2466683 4.2466683 4.2466674 8.804805 8.926592 8.926592 8.926592 8.926591 8.311407 3.1281834 4.2466664 4.5418587 9.173787 8.856146 9.173787 8.804799 8.926588 8.926588 8.926588 8.926588 8.804799 8.804798 8.804798 8.926587 3.1281824 3.095377 3.0953765 3.0953765 3.0953765 3.0953765 3.0953765 8.926584 8.926584 8.926584 8.926584 8.926584 8.926584 8.221413 8.55807 8.470654 8.470654 8.470654 8.470654 12.681506 10.73116 5.1233773 3.6662219 5.4917345 6.4652596 6.8046246 7.052452 7.1765313
9.045797 8.926519 8.926519 8.926518 8.926518 8.926518 8.186026 8.435614 8.926518 4.2466354 4.2466354 3.095353 8.926516 8.926516 8.926516 8.926516 8.926516 8.917683 3.0953524 4.2466345 4.2466345 8.221344 8.221344 8.8047285 8.926515 8.926515 8.926514 8.926514 8.926513 8.804727 9.045792 8.926513 8.926513 8.804726 3.095351 3.0953507 3.0953507 3.0953507 3.0953507 0.6116205 0.61659044 8.926511 8.92651 8.926509 8.926509 8.32172 8.221337 8.434919 8.470585 2.9594314 2.9594314 2.9594314 2.959431 3.1221442 8.434917 4.0565033 8.434917 8.4349165 5.491821 5.4905286 6.4429073
