Export/ASCII/RMeteo_SP_inch/impervious0/net_infiltration_2014_SP1_inch.asc
ncols         660
nrows         338
xllcorner     1476100.0
yllcorner     5017100.0
cellsize      100
NODATA_value  -9.9000000089461e-20
[rows 243 to 269 of 338, columns 427 to 487 of 660]
9.178644 9.178644 9.178644 6.580954 6.5809536 3.4397986 3.4397986 3.09744 3.0974398 3.0974398 3.0974398 0.6121425 0.6121425 0.61214244 0.6121424 0.6121424 0.6121424 8.932428 6.3039594 6.3039594 8.810482 8.810482 8.810481 11.197105 6.743438 6.743438 5.766347 8.141678 7.106445 5.766347 11.878987 9.1786375 9.1786375 3.439797 4.544199 0.6121419 3.097437 0.6121419 0.61214185 0.6121418 6.3039556 6.3039556 3.0974364 3.0974364 3.0974362 3.0974362 3.0974362 2.9521487 2.9521487 0.5852381 0.5852381 0.58523804 0.5852379 0.58523786 0.58523786 8.692493 8.692493 8.692493 8.692493 8.692493 8.692493
9.178583 9.178583 9.178583 9.178583 9.178583 3.4397752 3.4397752 3.4397752 3.4397752 3.439775 3.0974133 0.61213607 4.2492104 4.2492094 4.2492094 0.612136 0.61213595 0.6121359 8.810411 8.810411 8.932356 8.81041 8.932356 8.81041 5.908801 7.106402 7.106402 6.743387 8.507529 6.743387 7.106395 9.178577 9.1785755 3.4397736 3.4397736 3.0974114 3.0974114 3.0974114 9.347774 9.347774 9.347774 8.810404 3.0974112 3.0974112 3.0974107 3.0974104 3.0974104 2.952123 2.952123 2.9521227 2.9521227 2.9521227 2.9521224 0.58523154 0.58523154 8.692434 8.692434 8.692433 8.692433 7.894087 3.2733338
9.178522 9.17852 9.17852 9.17852 9.17852 9.17852 9.17852 9.17852 9.17852 9.17852 8.810343 8.810342 4.2491765 4.2491765 0.61212945 0.61212945 0.61212945 0.6121294 8.810341 8.810341 8.810341 8.810341 8.81034 8.81034 8.81034 5.7662563 5.7662563 5.7662563 5.7662563 6.743331 7.1063514 7.313966 5.7662544 9.178516 3.4397488 3.4397488 3.0973845 3.0973845 3.0973845 9.483952 8.190959 8.331292 3.0973845 3.0973842 3.097384 3.0973837 3.0973837 2.952097 2.9520967 2.9520967 2.9520967 2.9520965 2.9520965 2.9520962 0.5852251 8.69237 8.69237 8.69237 8.69237 8.69237 7.894024
9.178459 9.178459 9.178459 9.178459 9.178459 9.178459 9.178459 9.178459 9.178459 9.178459 9.30488 8.932209 8.8102665 0.61212295 0.61212295 0.6121229 0.6121229 0.6121229 0.6170989 8.932207 8.932207 8.932207 8.932207 8.932207 8.8102665 8.932207 7.281249 5.7662125 6.7432895 5.7662125 6.743281 7.1063094 7.9717107 5.7662115 3.4397252 3.4397252 3.0973587 3.0973587 9.347667 9.347667 9.056961 8.190897 3.127639 3.0973587 3.0973587 3.0973582 3.0973582 2.9520721 2.9520721 2.9520717 2.9520717 2.9520717 2.9520717 2.9520714 0.58521867 8.440318 8.692312 8.692312 8.692312 8.692311 8.692311
9.178399 9.178399 9.178397 9.178397 9.178397 9.178397 9.178397 9.178397 9.178397 9.178397 9.178397 9.304816 0.61709243 0.61211646 0.61211646 0.61211646 0.61211634 0.6121163 0.6121163 0.6170922 8.932134 8.932133 8.932133 8.810194 8.810194 9.051558 8.810194 7.2992926 6.7432365 7.106272 5.7661653 5.7661653 5.7661653 8.464355 6.743236 2.6959121 2.695912 6.1291084 9.347614 9.617016 8.932129 9.460699 3.0973315 3.0973315 3.0973315 3.097331 3.097331 2.9520462 2.952046 8.96432 9.021524 2.9671519 2.9520457 2.9520454 0.5852122 0.58659005 8.692253 8.692253 8.692252 8.692251 8.692251
9.178337 9.178337 9.178337 9.178337 9.178337 9.178337 9.178337 9.178337 9.178337 9.178335 9.178335 0.701826 0.61210996 0.61210996 0.61210996 0.6121099 0.6121098 0.6121098 0.6121098 0.6121098 0.6170855 9.4695 8.81012 9.051479 8.932056 8.932056 8.932056 3.8332012 7.5621886 7.1062284 7.3138356 6.743186 7.106222 5.7661204 8.843406 2.6958864 2.6958864 6.129063 7.160237 5.7661204 8.810117 9.065509 9.347561 3.0973058 3.0973053 3.097305 3.097305 2.9520202 2.95202 0.58520573 8.964266 9.021466 2.967125 2.952019 0.5852056 4.044418 4.044418 8.692191 8.692191 8.692191 8.692191
9.178275 9.178275 9.178275 9.178275 9.178274 9.178273 9.178273 9.178273 9.178273 0.70182025 0.70182025 0.70182014 0.70182014 0.6121035 0.6121035 0.6121035 0.61210346 0.6121034 0.6121034 0.61210334 0.61210334 9.347511 9.469446 8.810051 8.931986 8.931985 4.2992964 4.264029 3.0972807 8.046448 5.7660766 5.766076 5.7660756 6.7431297 7.1061797 3.6463385 2.6958601 5.766075 5.7660747 5.7660747 6.743135 5.766074 9.065431 0.6121026 3.0972793 3.0972793 3.0972793 2.951994 2.951994 8.440108 8.475985 9.000091 2.9670987 2.9519937 4.044385 4.044385 4.044385 8.4401045 8.692128 8.692128 8.692128
9.178215 9.178215 9.178215 9.178215 9.178215 9.178215 4.543993 4.543993 9.178213 0.7018141 0.7018141 0.701814 0.701814 0.6120968 0.6120968 0.6120968 0.6120968 0.6120968 0.6120968 0.6120968 0.6120967 0.6176092 9.483677 8.931911 8.809979 8.931911 8.327146 9.347455 9.347455 8.029672 5.766031 6.743086 6.743086 5.76603 5.76603 3.279388 2.6958344 2.6958344 6.743084 6.743084 6.743084 7.10614 6.8392863 0.6170718 0.61209613 3.0972536 3.0972536 2.9519687 2.9519684 2.9519684 8.44004 2.961368 2.9519682 2.9519675 4.044353 8.440039 8.475911 8.475911 8.729548 8.692068 8.692068
9.178153 9.178152 9.178152 9.178152 9.178152 9.178152 4.5439644 4.5439644 9.178152 0.70180815 0.70180815 0.61209047 0.61209047 0.7018081 0.61209035 0.61209035 0.61209023 0.6120902 0.6120902 0.6120902 0.6120902 0.6120901 9.347404 8.931839 8.931839 8.809908 8.931837 9.48362 9.48362 7.971286 6.1289344 7.1019044 7.106099 7.1060977 5.765983 5.7659826 2.6958082 2.6958082 5.7659826 7.1060967 7.1060967 7.1060967 7.313688 0.7884359 0.6120895 3.0972278 3.0972278 0.5851866 2.951943 2.951943 2.9519427 2.9519427 2.9519427 2.9519424 2.9519424 8.439966 8.475836 8.475836 8.475836 8.692007 9.179419
9.178093 9.178093 9.178093 3.4395857 3.4395857 9.178091 9.178091 9.178091 8.38046 0.70180225 0.70180225 0.70180225 0.70180213 0.70180213 0.70180213 0.70180213 0.61208373 0.61208373 0.61208373 0.6120837 0.6120837 9.34735 9.483567 8.931762 8.931762 8.809833 9.051177 8.94605 8.946049 14.080146 5.7659407 5.7659407 7.1527 7.3136415 5.7659397 7.2809734 5.7659388 2.6957815 2.6957815 6.7429843 7.3136406 7.3136406 7.31364 7.4804926 0.61208314 0.61208314 0.6120831 0.5851802 0.5851802 2.9519167 2.9519162 2.9519162 0.5851801 2.9519157 0.5851801 8.439898 8.475765 8.475765 8.475765 8.766899 9.179365
9.178031 9.178031 3.439562 3.4395618 3.4395618 9.17803 9.178029 9.178029 9.178029 5.7658987 5.7658987 9.178029 9.178029 9.178029 0.7017961 0.7017961 0.7017961 0.7017961 9.347299 9.347299 9.347299 9.483511 8.945976 8.80976 9.051099 8.931687 8.931687 8.931686 8.31592 9.416067 6.7429366 6.7429366 5.7658954 7.330376 7.7229133 7.2989926 6.742935 2.695756 2.695756 5.7658935 7.1060104 7.480438 7.4804373 7.4804373 8.809755 0.6170518 0.6120764 0.5851738 0.5851737 0.5851737 0.5851737 0.5851737 0.5851737 0.5851737 0.58517367 8.439825 8.475689 8.475688 8.439823 8.691885 8.691884
9.177969 9.177969 9.177969 9.177969 9.177969 9.177969 9.177969 9.177969 5.7658544 5.7658544 5.765854 9.177969 9.177968 9.177968 9.177967 0.70179033 0.70179015 0.70179015 8.809691 8.809691 8.80969 8.80969 8.80969 8.80969 8.80969 8.8096895 8.931615 8.8096895 8.809689 8.809689 8.809688 5.7658505 5.7658505 7.493132 7.8936367 5.765849 5.765849 2.69573 2.6957297 5.765849 6.7428837 7.313544 5.7658486 7.520098 8.809684 9.469164 0.61758226 0.5851672 0.5851672 0.5851672 0.5851672 0.5851672 0.5851672 0.5851672 0.5851672 0.5851672 8.439756 8.439756 8.439756 8.439755 9.179261
9.177906 5.7658105 5.7658105 9.177906 9.177906 9.177906 9.177906 9.177906 5.76581 7.2808447 11.877847 9.177904 9.177904 9.177904 9.177904 0.70178443 0.70178443 0.70178443 9.304306 3.097126 9.050953 8.931542 8.931542 8.931542 8.931542 8.931541 8.931541 8.931541 8.9315405 8.9315405 8.809617 6.742836 6.742836 7.525583 7.8245487 6.7428355 6.7428355 5.765804 2.6957035 3.2792294 5.7658033 5.0950913 5.8400216 5.765803 13.202419 8.809614 9.469107 0.590947 4.044193 4.0441923 0.5851608 0.5851608 0.5851608 0.58516073 0.58516073 0.58516073 0.58516073 8.439686 8.475544 8.475544 9.216674
9.177845 5.7657638 6.7427907 6.7427907 9.177845 9.177845 9.177845 9.177845 6.74279 7.2988477 9.177845 9.177845 9.177845 9.177845 9.177845 0.7017784 0.7017784 0.7017784 9.177845 3.4394891 3.1299393 8.931468 8.931467 8.931467 8.931467 8.931467 8.931467 8.931466 8.8095455 9.050875 8.931464 12.290923 7.105885 7.557166 7.75085 7.105885 7.105884 6.742786 2.6956775 2.6956773 5.765761 4.7247148 3.9365997 6.742785 8.809541 9.32044 9.347134 9.101497 4.0675073 4.0441613 0.5851544 0.5851543 0.5851543 0.5851543 0.5851543 0.5851542 0.5851542 8.439614 8.439614 8.47547 8.47547
9.177785 5.765721 6.742742 13.180914 13.180914 9.177783 9.177783 9.177783 7.1058455 7.561766 9.177783 9.177783 9.177783 9.177782 9.177782 8.380155 8.380155 9.66807 9.66807 3.439466 3.0970728 8.931393 8.809473 8.931392 9.469002 9.469002 9.347084 9.5884075 9.469002 8.93139 8.93139 9.296163 7.3134017 7.5370374 7.6055117 7.3134003 7.3134003 7.105841 5.7657146 2.695651 3.2791626 3.8710501 3.8450096 3.5188627 3.1299105 8.809469 8.931387 8.439547 8.475399 0.5865247 0.58514804 0.585148 0.585148 0.585148 0.585148 0.5851479 0.5851479 8.475401 8.475397 8.475396 8.439543
9.177722 5.7656755 6.7426925 13.180799 9.177721 9.177721 9.177721 9.177721 5.765675 8.102379 9.177721 9.177721 9.177721 9.17772 9.17772 9.17772 9.17772 9.17772 4.5437546 4.5437546 4.2487526 4.298997 8.93132 8.93132 8.809402 9.078759 8.945606 9.4832325 9.4832325 9.4689455 8.315595 8.931319 8.809402 7.541722 7.543579 5.76567 7.4801745 7.3133516 6.742685 2.6956253 2.6956253 3.8328848 3.844977 3.0970452 3.0970452 8.809399 8.931314 8.562689 8.439477 0.5851415 0.5851414 0.5851414 0.5851414 0.5851414 8.439475 8.475324 8.475324 8.475323 8.475323 8.475322 8.475322
9.177663 5.7656302 6.7426414 13.180681 9.177663 9.177663 9.177663 9.177661 5.7656293 6.742641 17.108551 9.177661 9.177661 9.177661 9.177661 9.177661 9.177661 9.177661 9.177661 4.543725 4.543725 9.177659 8.809331 9.050648 8.931245 8.931245 8.931245 8.945531 8.945531 9.483176 9.460038 8.931243 8.931242 8.809328 8.072802 6.7426357 7.519794 7.48012 7.105754 5.7656236 2.6955996 3.8449464 2.7026768 2.6955996 3.0970194 8.809324 8.931238 8.562618 8.475259 8.475259 0.58651155 0.5851351 0.5851351 8.439406 8.439405 8.4394045 8.4394045 8.475251 8.475251 8.475251 4.05864
9.177599 5.765585 6.7425914 13.180566 9.177599 9.177599 9.177597 9.177597 5.765585 6.742591 13.18056 9.177597 9.177597 9.177597 9.177597 9.177597 9.177597 9.177597 9.177597 3.4393952 3.4393952 9.177597 9.3039875 8.931171 8.93117 8.809258 8.809258 8.9311695 8.9311695 9.346924 9.483125 8.809257 8.9311695 8.9311695 15.486414 7.1057124 7.534428 7.5197325 7.650975 6.742586 2.6955733 2.70265 2.695573 2.695573 8.809254 8.931167 8.809254 8.562547 8.475185 8.475181 8.475181 8.475181 8.439336 8.475181 8.475183 8.510667 8.47518 8.439335 7.868904 2.9525173 4.04403
9.177542 9.177542 6.742542 13.180448 9.177538 9.177538 9.177538 9.177538 5.7655396 6.742541 13.180444 9.177536 9.177536 9.177536 9.177536 9.177536 9.177536 9.177536 9.177536 9.177536 9.177536 9.177536 9.177536 9.303925 8.931098 4.298896 4.298896 8.931097 8.931096 8.809185 9.07853 8.931095 8.931095 8.931094 9.794518 12.771968 7.536343 7.53437 7.5516796 7.10567 2.695548 2.6955478 5.765535 5.765535 8.931089 8.931089 8.809177 8.562472 8.439266 8.475106 8.475106 0.58512217 0.58512217 0.5851221 8.5105915 8.475106 7.86884 4.045267 8.439266 2.9610755 4.0439982
9.177478 9.177478 5.7654943 11.877152 9.177476 9.177475 9.177475 9.177475 5.7654934 7.4381094 9.177475 9.177475 9.177475 9.177475 9.177475 9.177475 9.177475 9.177475 9.177474 9.177474 9.177474 9.177474 9.177474 9.177474 4.6018925 4.5436354 4.5436354 9.177473 8.809115 8.931023 8.809114 8.931023 8.931023 8.809114 8.931022 8.809114 13.238702 2.6955209 3.7605035 7.313157 5.765489 2.6955206 3.2789972 5.765489 6.7424836 7.1056194 7.358541 7.302125 5.4945636 5.493298 5.493298 0.6087682 0.5058096 0.5058096 0.58511573 0.58511573 0.5851157 4.043967 4.043967 8.439194 2.9610488
9.177419 5.7654486 5.7654486 5.7654486 11.877056 9.177417 9.177417 9.177417 6.7424393 5.765448 7.6112123 9.177417 9.177417 9.177415 9.177415 9.177415 9.177415 9.177413 9.177413 9.177413 9.177413 9.177412 9.177412 9.177412 4.543606 4.543606 4.543606 9.177411 8.930949 8.930949 8.930948 8.930948 8.930948 8.930948 8.930946 8.930946 9.319828 3.096915 2.695495 5.4102206 6.7424355 2.695495 2.6954947 6.7424355 5.7654443 6.742428 7.105574 7.076577 7.225461 5.4932528 5.4932528 6.4458065 0.6450936 0.50580317 0.5851092 0.5851092 0.5851091 4.043935 8.439125 8.439125 8.439125
9.177354 6.742391 5.765404 6.742391 9.177354 9.177354 9.177353 9.177353 9.177353 7.1055436 6.74239 14.897179 9.177352 9.177352 9.177352 9.177352 9.177352 9.177352 9.177351 9.17735 9.17735 9.17735 9.17735 9.17735 9.17735 4.5435767 4.5435767 9.177348 8.930875 8.930875 8.930875 8.930875 8.930874 8.930874 8.930874 8.8089695 9.050265 4.248555 3.8326974 3.8695421 7.1055393 2.6954684 2.6954682 3.5186138 5.765398 5.765398 6.742378 6.861152 7.057584 7.746539 6.4457636 5.4932075 5.4932075 0.5057967 0.5057967 0.5851027 0.5851027 8.4390545 8.474886 8.545473 8.474886
8.808907 5.7653604 7.437987 5.76536 9.177294 9.177293 9.177293 9.177293 9.177293 5.76536 5.76536 13.17998 3.4392765 9.177291 9.177291 9.177291 9.177291 9.177289 9.177289 9.177289 9.177289 9.177287 9.177287 9.177287 9.177287 9.177287 9.177286 9.177286 9.303667 8.9307995 8.9307995 8.9307995 8.9307995 8.808897 9.05019 8.9307995 8.9307995 8.808895 8.845676 5.7809405 7.313014 5.765354 2.6954422 2.6954422 5.7653537 6.7423353 7.10549 7.0764832 5.493161 6.4457088 8.270126 6.807055 6.957295 7.0434995 0.6922491 0.5057901 0.5850962 8.438984 8.438984 8.438984 8.4748125
8.930735 5.7653146 5.7653146 7.6110654 9.177233 9.177231 9.177231 9.177231 9.177231 5.765314 5.7653136 11.8768 3.4392526 3.4392526 9.177229 9.177229 9.177229 9.177229 9.177229 9.177229 9.179054 9.177229 9.177229 9.177229 9.177229 9.177227 9.177227 9.177227 9.177227 9.303604 8.808826 8.808826 9.050115 8.930726 8.930726 8.930724 8.808824 9.468503 8.930723 11.203545 7.4797463 6.7422857 5.76531 2.6954167 6.7422843 5.765308 5.7653074 6.483536 6.8386106 7.074994 5.4931173 8.438061 5.493117 3.6588798 3.6588798 0.50578374 0.5850898 8.438913 8.510208 8.438913 8.474739
8.930659 6.742241 5.7652698 6.742241 14.896667 9.177168 9.177168 9.177168 9.177168 5.7652683 6.742239 11.876706 4.5434885 4.5434885 9.177168 9.177168 9.177168 9.177168 9.177168 9.177168 9.177168 9.177168 9.177168 9.177166 9.177166 9.177166 9.177166 9.177166 9.177166 9.177166 8.930653 8.930653 8.930653 8.930653 8.930653 8.930653 9.468449 9.482734 8.930653 9.103674 13.157568 7.1054115 6.7422366 3.0968103 4.145962 2.6953902 2.6953902 2.5736396 2.5736396 5.4930706 5.4930706 5.4930696 6.4456105 4.4936743 3.6588473 5.494152 5.493068 10.75928 8.608395 8.474668 8.474668
8.930587 7.105373 5.7652254 7.4378624 5.765225 9.177109 9.177109 9.177109 9.177108 5.7652245 7.437862 9.177108 4.5434585 4.5434585 9.177107 9.177107 9.177106 9.177106 9.177106 9.177106 9.177106 9.177106 9.177106 9.177106 9.177104 9.177104 9.177103 9.177103 9.177103 9.177103 9.177103 8.930577 9.049962 8.930577 8.930577 9.793858 9.48268 9.48268 8.930576 8.930576 9.317342 12.771031 12.206229 3.0967846 3.0967846 3.0967846 3.0967846 2.5736134 5.4930263 6.4455647 7.144293 7.378051 7.495359 5.8827147 3.658816 5.493023 5.493023 5.493023 5.0759435 4.043773 4.317715
5.765181 7.3128266 6.7421427 5.76518 7.9434085 5.7651787 9.177048 4.5434303 4.5434303 4.695 5.7651787 15.308325 9.177046 4.5434294 9.177046 8.379427 8.379427 8.379427 9.177044 9.177044 9.177044 9.177044 9.177044 9.177044 9.177044 9.177044 9.177044 9.177042 9.177042 9.177042 9.17704 9.17704 9.303413 9.429787 9.3034115 9.667431 9.177038 9.318445 9.3034115 8.808607 8.930502 9.310352 9.295183 8.808605 3.096758 3.096758 3.096758 2.951479 2.5735874 5.492981 5.492981 5.4929805 6.4455156 6.806878 7.134296 5.494066 6.9571257 7.043276 7.339833 6.040677 4.317687
