Export/ASCII/RMeteo_SP_inch/impervious0/net_infiltration_2017_SP2_inch.asc
ncols         660
nrows         338
xllcorner     1476100.0
yllcorner     5017100.0
cellsize      100
NODATA_value  -9.9000000089461e-20
[rows 208 to 233 of 338, columns 464 to 521 of 660]
1.1794667 0.49705315 0.49705315 0.0 0.0 0.0 0.0 0.5399926 0.6243048 1.0458884 0.9576855 0.9576855 0.95768523 0.25268343 0.25268343 0.25268334 0.25268334 0.25268334 0.25268334 0.015146568 0.015146568 0.015146568 0.015146568 0.06005596 1.4610288 1.4610288 1.4610288 1.4610286 1.4610286 1.4610286 1.4610286 1.4610286 1.4610286 1.4610286 1.4610286 1.4610286 1.4610286 1.4610286 1.3637278 1.3637278 1.4610286 1.4610286 1.4610286 1.4610286 1.4610286 1.4610286 1.4610286 1.4610286 1.4610286 1.4610286 1.4610286 1.4610286 1.4610286 1.4610286 1.4610286 1.4610286 1.4610286 1.4610286
1.1794603 0.45193553 0.4970498 0.574553 0.45193553 0.0 0.0 0.0 0.5399854 0.5886729 0.9576776 0.95767736 0.95767736 0.25268048 0.25268048 0.25268048 0.25268048 0.25268048 0.25268048 0.25268048 0.015145877 0.015145853 0.015145853 1.3637223 1.3637221 1.3637221 1.4610233 1.4610231 1.4610231 1.4610231 1.4610231 1.4610231 1.4610231 1.4610231 1.4610231 1.4610231 1.4610231 1.4610231 1.4610231 1.4610231 1.4610231 1.4610231 1.4610231 1.4610231 1.4610231 1.4610231 1.4610231 1.4610231 1.4610231 1.4610231 1.4610231 1.4610231 1.4610231 1.4610231 1.4610231 1.4610231 1.4610231 1.4610229
1.1794529 1.1794529 0.49704123 0.57454824 0.0 0.0 0.0093937665 0.0093937665 0.0 0.6242919 0.5340617 0.5340617 0.95766973 0.25267723 0.25267723 0.25267723 0.25267723 0.25267723 0.25267723 0.25267723 0.015145091 0.015145091 0.015145091 0.7640233 1.3637166 1.3637166 1.3637166 1.4610178 1.4610178 1.4610178 1.4610178 1.4610178 1.4610178 1.4610178 1.4610178 1.4610178 1.4610178 1.4610178 1.4635603 1.4610176 1.4610176 1.4610176 1.4610176 1.4610176 1.4610176 1.4610176 0.0 0.0 0.8501029 1.4610176 1.4610176 1.4610176 1.4610176 1.4610174 1.4610174 1.4610174 1.4610171 1.4610171
1.0458674 1.0458674 0.5745425 0.49118686 0.4519236 0.0 0.009393122 0.009393122 0.0 0.5399716 0.5586431 0.5586431 0.534055 0.95766187 0.95766187 0.25267425 0.25267425 0.25267425 0.95766187 0.95766187 0.95766187 0.95766187 0.95766187 0.95766187 1.4610126 1.3637111 1.3637109 1.4610121 1.4610121 1.4610121 1.4610121 1.4610121 1.4610121 1.4610121 1.4610121 1.4610121 1.4610119 1.4610119 1.4610119 1.4610119 1.4610119 1.468636 1.4610119 0.6041511 1.4610116 0.42934197 0.0 0.604151 0.60415095 0.85009736 1.4610114 1.4610114 1.4610114 1.4610114 1.4610114 1.4610114 1.4610114 1.4610114
0.056935325 0.009392383 1.0458496 1.2519114 0.45191693 0.49702978 0.02993594 0.009392359 0.0 0.58864903 0.5586355 0.5586355 0.5586355 0.5340488 0.95765424 0.25267133 0.25267133 0.25267133 0.95765424 0.95765424 0.95765424 0.95765424 0.95765424 0.95765424 0.95765424 1.3637059 1.4610069 1.4610069 1.4610069 0.6041475 0.6041475 1.4610066 0.6041475 1.4610066 1.4610066 1.4610066 1.4610066 1.4610066 1.4610066 1.4610066 1.4610064 1.4610064 0.6041473 0.6041473 0.42933896 0.42933896 0.42933896 0.6041472 0.6041472 0.8500919 1.4610062 1.4610062 1.4610059 1.4610059 1.4610059 1.4610059 1.4610059 1.4610059
0.056934692 0.056934692 1.1889107 1.0458529 1.1794324 1.31146 1.1794324 0.009391644 0.0 0.5886409 0.55862784 0.5340421 0.58258605 0.55862784 0.5340421 0.25266826 0.009912586 0.25266826 0.25266826 0.95764613 0.95764613 0.95764613 0.95764613 0.95764613 0.95764613 1.3636997 1.4610012 1.4610012 0.60414374 0.60414374 0.60414374 1.4610009 0.60414374 1.4610009 1.4610009 1.4610009 1.3636997 1.4610009 1.4610009 1.4610009 1.4610009 1.4610009 0.60414356 0.60414356 1.4610007 0.42933586 0.42933586 0.42933586 0.42933586 0.42933583 1.4610004 1.4610004 1.4610004 1.4610004 1.4610004 1.4610004 1.4610004 1.4610004
0.056934014 1.5580668 1.0458457 1.0458457 1.259268 0.45190454 0.45190454 0.0 0.0 0.5399506 0.65474725 0.5586207 0.5586207 0.5340359 0.5586207 0.009909629 0.009909629 0.2526651 0.2526651 0.252665 0.95763826 0.95763826 0.95763826 0.95763826 0.95763826 0.95763826 1.4609957 1.4609957 0.60414 0.60414 0.60413986 1.4609957 0.60413986 1.4609954 1.3636935 1.4609954 1.4609952 1.4609952 1.4609952 1.4609952 1.4609952 1.4609952 1.4609952 1.4609952 1.460995 0.4293327 0.42933264 0.42933264 0.42933264 0.42933264 0.42933258 1.460995 1.460995 1.460995 1.460995 1.4609947 1.4609947 1.4609947
0.056933396 1.5580614 1.5580614 1.0458393 1.0458391 1.0458391 0.17143059 0.17143059 0.53994346 0.5886247 0.62211275 0.5586121 0.5586121 0.5586121 0.5586121 0.53402877 0.009906768 0.009906673 0.009906673 0.25266215 0.9576304 0.95763016 0.95763016 0.95763016 0.9576299 0.9576299 1.363688 1.4609897 1.4609897 1.4609897 1.4609897 1.4609897 1.4609897 1.4609897 1.4609897 1.4609897 1.4609897 1.4609897 1.4609897 1.4609897 1.4609897 1.4609897 1.4609897 1.4609897 1.4609897 1.4609897 0.4293296 0.4293296 0.4293296 0.4293296 0.4293296 1.4609897 1.4609897 1.4609897 1.4609897 1.4609897 1.4609895 1.4609892
0.05693274 0.05693274 1.5580573 1.5580573 1.5580573 0.009389451 0.13267863 0.13267863 0.0 0.0 0.5586059 0.55860543 0.55860543 0.55860543 0.31999698 0.33536613 0.31999698 0.009903907 0.009903907 0.25265893 0.25265893 0.9576218 0.9576218 0.9576218 0.9576218 0.9576216 0.763978 1.4609842 1.3636823 1.4609842 1.4609842 1.4609842 1.4609842 1.4609842 1.4609842 1.460984 1.460984 1.460984 1.460984 1.460984 1.460984 1.460984 1.460984 1.460984 1.460984 1.4609838 1.4609838 1.4609838 0.42932662 0.42932662 1.4609838 1.4609838 1.4609838 1.4609838 1.4609838 1.4609838 1.4609835 1.4609835
0.056932103 0.056932103 1.5580521 1.5580521 1.5580521 1.045825 0.0 0.13267505 0.13267505 0.1326747 0.014751719 0.0 0.0 0.0 0.31999096 0.31999096 0.31999096 0.5340164 0.009901237 0.009901237 0.25265604 0.25265604 0.95761395 0.95761395 0.95761395 0.9576137 0.7639704 1.3636768 1.3636768 1.3636768 1.3636768 1.3636768 1.3636768 1.4609787 1.4609787 1.4609787 1.4609787 1.4609787 1.4609787 1.4609785 1.4609785 1.4609785 1.4609785 1.4609785 1.4609785 1.4609785 1.4609785 1.4609783 1.4609783 1.4609783 1.4609783 1.4609783 0.4293234 0.42932332 1.460978 0.42932332 0.42932332 0.42932332
1.558047 1.558047 1.558047 1.558047 1.558047 1.0458179 0.53992295 0.132671 0.132671 0.132671 0.5340102 0.5340102 0.0 0.0 0.0 0.31998527 0.31998527 0.5585902 0.5340102 0.5340102 0.2526529 0.25265282 0.9576063 0.9576063 0.7639632 0.9576061 0.95760584 0.763963 0.4293207 0.4293207 0.4293207 1.4446776 1.3636706 1.4609728 1.4609728 1.4609728 1.4609728 1.4609728 1.4609728 0.42932048 0.42932048 1.4609728 1.4609728 1.4609728 1.4609728 1.4609728 1.4609728 1.4609728 1.4609728 1.4609728 1.4609728 0.4293203 0.604124 0.604124 0.604124 0.4293203 0.25265282 0.4293203
1.5580425 1.5580425 1.5580425 1.5580423 1.5580423 1.5580423 1.0458107 1.0458102 1.0458102 0.5399153 0.534004 0.5916426 0.0 0.0 0.0 0.60639757 0.31998095 0.33534846 0.5340035 0.55858207 0.5340035 0.95759845 0.95759845 0.95759845 0.95759845 0.95759845 0.95759845 0.76395583 0.4293176 0.4293176 0.6041205 0.6041205 1.3636653 1.3636653 1.3636653 1.3636653 1.3636653 1.3636653 0.42931753 0.42931753 0.42931753 1.4609673 1.4609673 1.4609671 1.4609671 1.4609671 1.4609668 1.4609668 1.4609668 1.4609668 1.4609668 1.4609668 0.6041202 0.6041202 0.6041202 0.6041202 0.4293172 0.42931718
1.558037 0.9282092 1.558037 1.558037 1.558037 1.558037 1.0458035 1.0458035 1.0458033 1.0458033 0.60508513 0.5339973 0.0 0.0 0.0 0.60639185 0.3199753 0.3199753 0.5585749 0.5339973 0.582525 0.9575908 0.9575908 0.9575908 0.9575908 0.9575908 0.9575908 0.9575908 1.460962 0.42931458 0.6041168 0.60411674 1.3636596 1.3636596 1.3636594 1.3636594 1.3636594 1.3636594 1.3636594 0.4293144 0.4293144 1.4609618 1.4609618 1.4609618 1.4609618 1.4609618 1.4609616 1.4609616 1.4609616 1.4609613 1.4609609 1.4609609 1.4609609 1.4609609 1.4609609 1.4609609 0.60411626 0.42931414
0.92820394 0.92820394 0.92820394 1.5580323 1.5580323 1.5580323 1.5580323 1.0457964 1.0457964 1.0457964 0.5339911 0.5585673 0.5585673 0.8949549 0.6063867 0.60638654 0.60638654 0.5339911 0.5585673 0.5339911 0.5585668 0.95758295 0.9575827 0.9575827 0.9575827 0.9575827 0.9575827 0.9575827 1.4609563 1.4609563 0.42931125 0.42931125 1.4609563 1.3636537 1.4609563 1.4609563 1.3636537 1.3636537 1.3636537 1.3636537 1.3636537 1.4609563 0.60411257 0.60411257 0.4293111 1.4609563 1.4609563 1.4609563 1.4609563 1.4609563 1.4609561 1.4609559 1.4609559 1.4609559 1.4609559 0.6041123 0.42474115 0.42474115
0.9281988 0.9281988 0.9281988 1.558027 1.5580268 1.5580268 1.5580268 1.0457888 1.0457888 1.0457888 0.5339849 0.55856013 0.55856013 0.55856013 0.6063812 0.6063812 0.0 0.55856013 0.55856013 0.55856013 0.55856013 0.5339849 0.95757484 0.95757484 0.95757484 0.95757484 0.95757484 0.95757484 0.95757484 1.4609506 1.4609506 1.4609506 1.4609506 1.3636482 1.4609506 1.4609506 1.4609506 1.4609506 1.4609506 1.4609506 1.4609506 1.4609506 0.6041087 0.60410863 0.42930794 1.4609506 1.4609506 1.4609506 1.4609506 1.4609506 1.4609506 1.4609504 1.4609504 0.9575741 0.9575739 0.42473733 0.42473733 0.42473733
0.92819375 0.92819375 1.5580225 1.5580225 1.5580225 1.5580225 1.5580225 1.5580225 1.0457821 1.0457821 0.5339782 0.5585525 0.5585525 0.5585525 0.0 0.0 0.0 0.9575672 0.58249974 0.5585525 0.5585525 0.5585525 0.957567 0.957567 0.957567 0.957567 0.957567 0.957567 0.957567 1.4609454 1.4609454 1.4609454 1.4609454 1.3636425 1.4609454 1.4609454 1.4609454 1.4609454 1.4609451 1.4609451 1.4609451 1.4609451 0.6041048 1.4609451 1.4609451 1.4609451 1.4609451 1.4609447 1.4609447 1.4609447 1.4609447 1.4609447 1.4609447 0.95756555 0.95756555 0.015135364 0.015135364 0.015135364
1.5580175 1.5580175 1.5580175 1.5580175 1.5580175 1.5580175 1.5580175 1.5610199 1.0457745 1.0457745 0.5339725 0.55854535 0.55854535 0.55854535 1.4216003 0.0 0.0 0.5339725 0.5339725 0.58249164 0.55854535 0.55854535 0.95755863 0.95755863 0.4247303 0.4247303 0.95755863 0.9575584 0.9575584 0.9575584 0.9575584 0.9575584 0.9575584 1.4609394 1.4609394 1.4609394 1.4609394 1.4609394 1.4609394 1.4609394 1.4609394 1.4609394 1.4609394 1.4609394 1.4609394 1.4609394 1.4609394 1.4609392 1.4609392 1.4609392 1.4609392 1.4609392 0.9575579 0.9575579 0.9575579 0.015134601 0.015134601 0.9575577
1.5580122 1.5580122 1.5580122 1.5580122 1.5580122 1.558012 1.558012 1.558012 1.558012 1.558012 0.9575517 0.55853724 0.55853724 0.5824821 0.53396535 0.74854803 0.53396535 0.53396535 0.5585363 0.5585363 0.5964854 0.5585363 0.5339649 1.1097631 0.4247266 0.4247266 0.95755076 0.9575505 0.9575505 0.9575505 0.9575505 0.9575505 0.9575505 0.9575505 1.4609342 1.4609342 1.4609342 1.4609339 1.4609339 1.4609339 1.4609337 1.4609337 1.4609337 1.4609337 1.4609337 1.4609334 1.4609334 1.4609334 1.4609334 1.4609334 1.4609334 1.4609332 0.9575496 0.9575496 0.424726 0.424726 0.015133837 0.015133813
1.5580077 1.5580075 1.5580075 1.5580075 1.5580075 1.5580075 1.5580075 1.5580075 1.5580075 1.5580075 0.95996356 0.53395915 0.5585296 0.53395915 0.5585296 0.5585296 0.5585296 0.5585296 0.5585296 0.5585296 0.53395915 0.57254815 0.53395915 0.95754313 0.42472267 0.42472267 1.1097558 0.9575429 0.9575429 0.9575429 0.9575429 0.9575429 0.9575429 0.9575429 0.9575429 1.4609287 0.60409343 0.6040933 1.4609287 1.4609287 1.4609287 1.388124 1.4609284 1.4609284 1.4609284 1.460928 1.4609277 1.4609277 1.388124 1.4609277 1.4609277 0.95754194 0.95754194 0.95754194 0.4247223 0.4247223 0.015133098 0.015133098
1.5580025 1.5580025 1.5580025 1.5580025 1.5580025 1.5580025 1.5580025 1.5580025 1.5580025 1.5580025 0.95753574 0.558522 0.5339525 0.558522 0.558522 0.558522 0.558522 0.558522 0.558522 0.558522 0.558522 0.558522 0.62204504 0.5339525 1.1097493 1.1097493 1.1097493 0.9575355 0.9575355 0.9575355 0.9575355 0.9575355 0.9575355 0.95753527 0.95753527 1.4609227 0.6040895 0.6040895 1.4609225 1.4609225 1.4609225 1.4609225 1.4609225 1.4609225 1.4609225 1.4609225 1.4609222 1.4609222 1.388118 1.4609222 0.9575343 0.4247185 0.4247185 0.9575341 0.4247185 0.9575341 1.1097493 0.25262517
0.43814793 1.0457463 0.24594048 0.24594048 0.24594048 1.0457461 1.5579975 1.5579975 1.5579975 1.0457461 0.9575281 0.015131762 0.55851436 0.55851436 0.5585139 0.5585139 0.5585139 0.5585139 0.5585139 0.5585139 0.5585139 0.5824554 0.5585139 0.5339458 0.5339458 0.95752764 0.95752764 0.95752764 0.95752764 0.95752764 0.95752764 0.95752764 0.95752764 0.95752764 0.95752764 0.95752764 1.4609175 1.4609175 1.4609175 1.4609175 0.9575267 0.95752645 0.95752645 0.95752645 1.460917 1.460917 1.460917 1.4609168 1.4551909 0.9575262 0.9575262 0.42471492 0.4247148 0.015131621 0.015131621 0.9575262 1.1097419 0.2526222
0.43510163 1.1793225 0.24593762 0.24593762 0.24593762 0.24593762 1.0457387 1.5579927 1.5579927 1.5579927 0.015131049 0.015131049 0.5339401 0.49954486 0.49954486 0.5339401 0.5339401 0.5585072 0.5339401 0.5585072 0.0350317 0.014714908 0.5585072 0.5585072 0.5585072 0.2526197 0.2526197 0.2526197 0.2526197 0.2526197 0.76388144 0.2526197 0.2526197 0.2526197 0.95751953 0.95751953 0.95751953 1.4609118 0.95751905 0.95751905 0.95751905 0.95751905 0.95751905 0.9575188 0.9575188 0.9575188 1.4609113 1.4609113 1.4609113 0.9575188 0.42471087 0.42471087 0.42471087 0.015130834 0.015130834 0.9575186 1.1097348 1.388104
0.43509817 0.24593505 1.1793149 0.24593505 0.24593505 0.24593505 0.24593505 0.43814263 0.43814263 0.43814263 0.95751214 0.95751214 0.95751214 0.986315 0.51787424 0.51787424 0.5584996 0.5584996 0.5584991 0.58243823 0.15273595 0.15273583 1.4918604 0.5584986 0.5584986 0.009863948 0.2526167 0.2526167 0.2526167 0.2526167 0.2526167 0.2526167 0.2526167 0.2526167 0.95751166 0.95751166 0.95751166 0.95751166 0.95751166 0.9575112 0.9575112 0.9575112 0.9575112 0.9575112 0.9575112 0.9575112 0.9575112 1.4609058 1.4609058 0.9575112 0.9575112 1.1097283 1.1097283 0.015130143 0.015130143 0.015130143 0.015130143 0.061190773
1.1793089 0.245932 1.1793087 1.1793087 0.245932 0.245932 0.245932 0.4381401 0.4381401 0.56863356 1.4609015 0.9575045 0.9575045 0.9575045 0.95750403 1.2187123 1.0664942 0.55849195 0.5824301 0.5339272 0.15273237 0.15273237 0.4292806 1.4609005 0.5339272 1.4609005 0.42928055 0.2526136 0.2526136 0.2526136 0.2526136 0.2526136 0.2526136 0.2526136 0.9575038 0.9575033 0.42470396 0.9575033 0.9575033 0.9575033 0.9575033 0.9575033 0.95750284 0.95750284 0.95750284 0.25261334 1.1097219 1.4609001 1.4609001 1.4609001 0.9575026 0.0151294265 0.0151294265 0.0151294265 0.0151294265 0.0151294265 0.015129403 0.06119001
1.179302 1.1793017 1.1793017 0.009378077 0.24592914 0.24592914 0.24592914 0.4381375 0.4381375 0.4381375 1.4608955 1.4608955 0.9574964 0.9574964 0.9574964 0.9574964 0.9574964 0.9862964 0.5584848 0.5584848 0.533921 0.009858321 0.4292775 1.4608953 1.4918466 1.4608953 0.42927745 0.42927745 0.2526105 0.2526105 0.2526105 0.2526105 0.2526105 0.2526105 0.95749545 0.95749545 0.957495 0.957495 0.015128759 0.015128759 1.1097152 1.1097152 0.957495 0.957495 0.2526104 0.2526104 0.2526104 0.957495 1.3880844 1.3880844 1.3880844 0.015128664 0.01512864 0.01512864 0.01512864 0.01512864 0.01512864 0.06118925
1.1792948 1.1792946 1.1792946 1.1792946 1.5602115 0.2705098 0.24592619 0.43813503 0.43813503 1.5579729 0.60406685 1.4608903 0.9574883 0.95748806 0.95748806 0.95748806 0.95748806 0.95748806 0.5339148 0.55847764 0.55847764 0.5339148 1.4608898 1.4608896 1.4608896 0.06118857 0.4292743 0.4292743 0.4292743 0.4292743 0.2526076 0.606321 0.606321 0.2526076 0.2526076 0.9574878 0.95748734 0.95748734 0.015127996 0.2526074 0.2526074 0.2526074 0.2526074 0.25260732 0.25260732 0.25260732 0.25260732 0.42469585 1.3880785 1.3880785 1.3880785 0.06804779 0.061188508 0.015127924 0.9574866 0.9574866 1.4608886 1.4608886
