Export/ASCII/RMeteo_SP_inch/impervious0/net_infiltration_2018_SP4_inch.asc
ncols         660
nrows         338
xllcorner     1476100.0
yllcorner     5017100.0
cellsize      100
NODATA_value  -9.9000000089461e-20
[rows 189 to 215 of 338, columns 549 to 609 of 660]
7.212334 7.212334 2.159401 5.5610695 5.5610695 5.444497 5.5610685 5.6059723 4.619521 5.573202 4.61952 4.61952 6.7469683 6.7469673 7.501707 7.501707 7.501707 4.6195183 5.512809 5.513424 4.6195183 2.5967176 2.4841332 2.8402433 2.2440872 3.0504022 3.0504022 3.0504022 2.2440872 3.0460148 2.6834288 3.175722 2.2440872 2.6834288 3.1564484 2.6834288 2.2440872 3.0273013 2.2440872 2.2440872 2.2440872 2.2440872 2.2440872 2.2440872 2.2440867 2.6834273 2.2440867 2.2440863 3.5836725 2.6834278 1.3989161 0.64569056 0.19911197 0.19911194 4.6195116 5.4444866 5.5127983 6.7469587 6.7469587 6.7469587 6.7469587
7.2123017 7.2123017 2.7351136 1.5963422 5.5610323 4.619486 5.6377773 5.5610313 5.444462 6.0100813 5.444462 5.444462 4.619485 6.746935 7.501679 7.501679 5.0233226 3.9284828 3.999002 5.5610275 5.444459 2.2440724 2.9281688 3.0496697 2.683415 3.1227512 2.2440724 3.1938703 2.6834145 3.0496693 3.0272737 3.2352562 2.6834145 2.2440715 3.0272732 3.2873576 2.683414 3.0272565 3.6960452 2.6834135 2.77542 3.1025312 2.6834135 2.77542 2.24407 2.6834126 3.027257 3.102628 2.2440696 1.6560305 0.6456766 0.64567655 0.64567655 1.3076551 4.6194763 4.6194763 5.4444513 8.146822 6.7469273 4.0636578 6.746927
7.2122693 2.735097 2.735097 2.0139465 5.560993 5.4444284 6.010044 5.5609922 5.5127373 5.561549 5.5127363 5.5127363 5.4444256 4.6194487 5.0232954 5.0232954 5.837631 5.3074093 5.429638 2.6001728 2.5961454 2.2440567 3.0658355 3.0503426 3.0272474 3.122723 2.683401 2.2440567 3.3071244 3.122723 3.049644 2.2440567 3.027246 2.2440567 3.0496435 2.2440562 3.3253295 2.2440557 2.6833987 3.3933055 3.3106701 3.3072796 3.2480967 2.2440543 2.2440543 2.2440543 2.2440543 2.6833978 2.2440543 0.64566284 0.64566267 0.6456625 4.619442 5.0232897 5.4518356 5.520612 4.619441 6.746894 4.063625 4.0636244 4.0636244
7.212238 2.7350802 2.1593437 2.013927 4.6194153 5.512701 5.604892 5.560954 5.5133142 5.6136923 4.6194143 5.5133133 4.6194134 5.8348618 5.0232677 5.8376074 5.5454597 2.5386288 2.5386288 2.8402133 2.8402133 2.6833868 3.1298263 3.122694 3.0496192 3.1408634 3.0272198 2.2440405 2.6833858 3.4679663 3.1226926 2.2440386 3.0496178 2.6833844 3.1226916 2.6833844 2.2440386 3.2486515 2.2440386 2.2440386 2.2440386 2.2440386 2.2440386 3.3861544 2.6833844 2.7753966 2.2440386 2.683383 3.0802119 2.2440386 2.683383 1.0655951 1.5512074 6.7468615 6.7468615 6.7468615 9.268594 6.7468605 4.063592 3.097143 3.0971427
7.212206 7.212206 4.8491497 4.619381 5.444358 5.513276 4.61938 5.560915 1.59629 1.307614 5.444357 4.619379 5.0232396 5.5329103 4.619379 6.040305 2.6001475 2.2440252 2.8402033 2.2440252 3.0495944 3.027193 2.2440243 3.1226654 3.122665 1.1287345 1.0921073 0.917048 0.6456365 3.027192 3.4998825 2.6833706 3.7690623 3.0271916 2.2440238 3.0271916 2.6833706 2.892101 3.1563587 2.2440233 2.6833706 2.7753851 2.2440228 2.6833692 3.0802019 2.2440228 2.2440228 2.2440228 2.2440228 3.1997807 4.6193724 1.3076102 1.786258 6.74683 4.063558 6.74683 6.74683 4.063558 4.063558 5.293858 5.293858
7.2121735 7.2121735 4.8491144 5.4443226 5.5126257 5.560876 5.4443226 5.560876 1.3075987 1.3075987 5.5126257 5.4443226 5.837556 5.521121 5.4443216 2.6001346 2.8401928 2.6833572 3.0495687 2.6833572 3.0502534 3.0495687 2.6833572 3.1408157 0.6456226 0.6456225 0.6456225 0.64562243 0.6456224 3.0495672 3.5750778 2.244008 3.027163 2.2440076 2.6833563 2.2440076 3.102595 3.2728202 3.2349753 2.2440076 3.027163 2.2440076 2.2440076 2.2440076 2.2440076 2.244007 2.6833553 2.7753732 2.2440066 5.8382835 7.3823624 4.619336 4.619336 6.7467976 4.063525 6.7467966 6.7467966 4.0635247 4.8494053 5.6637483 5.7573867
7.212142 4.849079 5.6820354 5.5125904 5.5132027 4.6193094 4.6193094 5.6375837 1.3075835 1.3075835 2.157347 5.5125895 5.545348 5.5648317 2.5960786 2.8401823 3.0495424 2.2439928 3.0502224 3.0271368 3.1226058 3.1226058 3.0271368 1.1289785 0.64560884 1.3075823 1.3075821 1.3075821 0.6456086 1.1142578 2.2439919 5.838229 2.2439914 3.0495415 3.6420884 3.3130398 2.2439914 2.2439914 2.6833405 3.2093594 2.2439914 3.04954 2.683342 2.7753623 3.1024654 3.1436725 3.193836 2.2439914 7.109126 5.8382263 5.8812027 6.2234764 4.619301 7.501526 7.501526 6.746764 4.063492 4.8493805 5.663726 4.8493805 5.6637254
7.2121096 5.682 5.801861 5.5131636 4.619274 5.5729485 5.444254 6.009864 1.3075682 1.7862202 1.3075682 1.5840546 5.525401 2.6001093 2.8401728 3.049518 3.0501943 2.683329 3.1225777 3.0495172 3.1225772 3.1225772 2.2439766 1.0920312 0.64559466 0.64559466 0.19908719 0.19908717 0.6455945 0.6455945 2.6833282 2.6952655 4.6192694 3.1225762 3.6959383 2.2439756 2.2439756 2.6833272 2.2439756 2.2439756 3.409112 2.6833272 2.2710812 1.1855525 2.2439752 2.2439752 2.2439752 12.859742 8.256083 6.797284 5.0231524 5.8374996 5.9042635 8.66046 4.063458 4.063458 4.0634575 4.8493524 4.8493524 5.6637 5.757332
4.8490095 5.8018246 5.8230295 5.0231333 5.4442196 6.389126 5.0231323 5.0231314 1.6263533 1.7862068 1.7862068 1.3075527 2.6000974 2.2439613 2.2439613 3.0501642 2.2439609 3.027083 2.2439609 3.1225486 3.1407437 2.2439604 2.6833138 0.645581 0.6455809 0.6455809 0.19908363 0.06758987 0.64558065 0.6455804 2.2439604 2.2439604 2.5352738 2.2439604 2.2439604 2.6833138 2.6833138 2.2439604 2.6833138 3.0270638 3.049457 3.4626825 1.1855336 1.1855334 0.6455791 0.9169657 1.7862041 6.7466993 4.063426 4.0634255 7.501469 7.501469 5.023125 10.491295 7.501468 4.063425 4.063425 4.849326 5.6636763 5.7573037 5.7622333
5.6819324 5.8229914 5.8646145 5.8374567 5.9029922 5.967082 5.8374567 5.0231047 8.086034 6.7466745 2.243947 2.243947 2.243947 2.8401527 2.6833005 3.1366816 2.6833005 3.0494666 2.6833 3.723834 3.1439795 2.6833 3.0270553 0.64556694 0.64556694 1.3075366 0.06758689 0.06758689 2.2439451 2.2439446 2.683299 2.6832986 1.7983617 1.6446385 2.2439437 2.6832986 3.0801513 2.6832986 2.2439432 2.2439432 2.2439432 2.2439432 3.4170249 2.258938 2.258938 0.645565 1.7861904 7.501442 4.0633926 4.0633926 7.501441 7.501441 7.501441 7.50144 7.501439 4.0633917 4.0633917 4.8493023 5.6636543 5.757278 5.762208
6.135639 6.1984653 5.203694 5.931058 5.91916 6.0186434 5.931058 8.840769 6.7466426 4.6191683 2.6832867 2.2439303 2.6832857 3.1025546 3.0270276 3.1239676 3.0270276 3.12249 3.6419463 2.8919618 3.735434 3.0270271 0.645553 0.645553 0.645553 0.645553 0.6455527 2.243929 2.243929 2.775316 2.243929 3.0270252 1.8989711 1.1956707 4.6191635 3.0270243 2.8919594 3.1995976 3.0270243 2.6832843 2.6832843 3.027007 3.049405 3.1285105 2.243928 0.64555126 1.786177 7.501411 4.0633597 4.0633593 4.0633593 4.0633593 4.0633583 7.5014105 7.5014105 4.0633574 4.0633574 4.8492756 4.8492756 5.6636295 4.849275
6.1764774 6.2178507 5.2036686 5.9359603 5.9785876 5.6746693 8.506233 6.746609 4.619133 2.5352337 3.0270028 2.2439156 2.243915 3.2186122 3.0494156 3.1406722 2.2439132 2.2439132 3.1511672 3.3215432 1.1857522 3.049415 0.64553916 0.64553905 0.64553905 0.6455389 2.2439132 2.2439132 2.7753046 2.2439132 2.2439132 2.683271 3.0494118 2.2589095 2.5352318 2.2439132 2.2439132 2.7891755 2.2439127 3.1025455 2.2439122 2.2439122 2.2439122 2.2439113 2.6832676 0.64553714 1.7861632 4.0633254 4.0633254 4.063325 4.063325 4.063325 4.063325 4.063325 4.063325 4.0633245 4.0633245 4.8492475 5.6636043 5.7572207 5.76215
1.7453617 1.7453617 6.0157356 6.0199146 5.5966167 6.746577 8.39855 4.6190977 2.2438989 2.8401222 3.0493898 2.6832576 2.6832576 2.2438984 2.2438984 3.1499753 2.6832566 2.243898 3.1725726 3.1712022 2.8919146 3.7237196 2.243898 2.243898 2.243898 1.1854626 1.6445612 2.6832566 2.243898 3.1023896 2.6832561 2.6832561 3.1755803 2.2438974 2.243896 2.8401203 2.6832552 2.6832547 3.069641 2.2438955 2.2438955 2.6832547 2.6832547 1.8904265 1.1956308 1.8987215 0.6455229 2.5524204 4.063292 4.0632915 4.0632915 4.0632915 4.0632915 4.0632915 4.0632915 4.063291 4.0632906 4.8492227 4.8492227 5.6635814 5.7571945
1.3957585 1.3957585 2.7121449 2.5762348 8.3985 6.7465434 4.6190624 5.444047 2.6832438 2.2438827 3.1224027 3.0269456 3.0269456 2.6832428 2.2438817 3.1461787 2.2438817 2.6832423 3.1268578 3.0920472 3.321498 2.8918908 3.2357528 2.6832418 2.2438817 2.25888 1.1854435 1.1956143 2.2438817 2.6832418 3.143392 3.0801108 3.272528 3.3128805 3.3128805 2.2438803 6.623875 1.2774992 0.6455098 3.1025288 2.6832404 3.0269423 2.2438803 1.1854419 1.1854417 0.64550906 1.1956122 2.5524035 4.063259 4.063259 4.0632586 4.063258 4.063258 4.063257 4.063257 4.063257 4.063257 4.8491974 5.6635585 5.757168 5.7620964
5.2035866 2.1591353 2.1591349 6.7465124 6.7465124 4.619028 5.4440136 5.512291 3.0269198 2.683229 3.1223745 3.0493388 3.0493388 3.026919 1.1854264 1.6445097 3.1938431 3.0269175 2.2438664 3.1937826 7.1243343 3.3214765 3.1830285 3.026916 2.2438655 2.683227 1.644508 1.1953 2.2588637 2.6832266 3.1937816 2.2438645 3.8011281 1.4611727 1.1176227 2.2438645 1.0154213 0.645496 0.645496 2.2438645 3.2877858 2.2438645 3.1025202 1.1854236 1.2050142 0.65243715 0.6454952 1.9055463 1.7861226 4.063225 4.063225 4.063225 4.0632243 4.0632243 4.0632243 4.0632243 4.0632243 4.8491707 5.6635337 4.84917 5.6635337
0.24850474 0.210082 7.2118535 6.746481 4.618993 5.4439783 5.5122547 5.5128603 3.049313 3.0268912 3.122345 3.122345 3.122345 3.049313 1.1952821 1.1854078 2.2588508 3.287812 5.837715 2.257015 6.174616 7.124303 7.2278013 6.668599 5.8377132 0.06756963 0.13015433 0.06893078 0.06891629 0.14590411 2.2438493 3.288453 3.3128371 1.2632209 0.6454823 0.916827 0.64548224 1.3074445 0.6454818 0.9168267 0.6454818 1.306549 2.6832118 3.2345467 2.2438474 2.2438474 2.243847 0.64548093 1.786109 1.786109 3.7169175 4.0631905 4.0631905 4.0631905 4.0631905 4.0631905 4.0631905 4.8491445 5.6635094 5.7571125 5.762039
0.31440344 7.989408 7.211823 4.6189575 5.443944 5.5122166 4.6189566 5.5604525 3.0063472 2.955258 2.2438364 3.7235684 3.7235684 2.891822 1.1952634 2.0136728 5.8603106 8.074876 1.6059281 1.307431 5.700569 6.174588 5.6802406 0.24563722 0.19905472 0.19905469 0.19905469 0.06756665 0.06756665 0.06756665 2.2438326 2.2438326 3.8675048 1.1175816 1.3074294 0.6454681 0.645468 0.6454678 1.307429 0.6454677 0.6454678 0.64546764 3.0268588 2.243832 3.1745014 2.683197 2.775245 1.1590427 1.7860954 1.7860954 3.7168887 4.0631585 4.063158 4.063158 4.063157 4.063157 4.8491187 5.6634865 5.757086 5.7620125 4.8491187
7.989379 2.1590781 2.159078 4.618922 4.6189213 5.512785 4.6189213 4.6189213 4.6189203 2.0136542 5.8376045 5.022885 7.3016396 6.2819996 4.6406803 4.6189203 4.6189203 5.610176 1.7176538 4.6189184 5.618561 5.700531 6.093771 0.19905108 0.19905108 0.19905105 0.19905102 0.19905102 0.199051 0.06756369 0.6454544 0.6454543 1.3371031 0.64545417 0.64545417 0.64545417 2.8917968 2.8917968 0.64545393 0.64545393 0.64545393 2.2438164 2.2438164 3.0492573 2.2438164 3.1548388 2.2438164 6.7464056 6.7464056 4.063125 0.2975368 0.2975368 4.063124 4.0631237 4.8490934 5.6634636 5.7570577 5.761985 5.8327956 5.832795 4.849092
4.8486595 2.1590588 2.1590588 1.5509715 1.5509713 1.5960464 1.3074014 1.6646283 5.8344555 5.0228567 5.610141 5.451295 6.1729927 5.7328224 5.4438734 4.618885 5.4438734 5.4438725 5.5121384 5.4438715 5.602314 5.6185226 5.918936 0.19904749 0.19904749 0.19904748 0.19904748 0.19904745 0.19904745 0.1990474 0.6454406 0.6454404 2.2438016 0.6454403 0.6454403 0.64544016 0.9652917 0.9652917 0.64544 2.2438006 2.2438006 2.2438006 2.6831684 2.6831684 1.2387247 2.2437997 3.174491 8.255442 6.746373 4.0630913 4.0630913 0.2975334 4.849067 5.6634393 5.757031 5.761957 5.832768 4.8490667 4.8490663 5.6634383 5.7570295
1.6514046 1.3956685 1.3956685 1.3073866 1.3073865 1.3073863 1.3073862 1.3073862 1.5993556 1.571354 1.5756484 4.005992 5.737195 5.6191454 5.512104 5.443838 4.618849 5.512103 5.512102 5.5127077 5.6741333 5.602275 5.022828 0.24361053 0.19904388 0.19904388 0.19904388 0.19904384 0.19904381 2.7305138 4.618846 2.2437854 2.2437854 2.683154 2.2437854 2.2437854 2.2437854 2.2437854 2.2437854 2.2437854 2.7752106 3.1022928 1.1508114 1.2773288 0.64542556 0.64542556 8.255385 9.541931 4.063059 4.063059 4.0630584 0.29753 4.8490415 5.663416 5.7570033 5.761929 5.832739 5.832739 5.832739 4.84904 5.6634145
1.3956535 1.3956535 1.3956535 1.3073716 1.3073716 1.3073715 1.3073715 1.3073715 1.3073715 1.3073714 1.3073713 1.5252879 1.6215618 1.6146296 5.5126696 5.512065 5.443804 4.6188135 5.5126696 5.5126696 4.6188126 5.598545 5.4512253 0.19904026 0.19904017 0.19904014 0.19904014 0.19904014 0.19904009 4.8131313 4.6188107 2.5351045 2.6831408 2.6831408 3.0267496 2.2437692 2.6831403 2.6831403 2.6831403 2.7751987 2.2437692 2.2437692 0.64541197 0.64541173 0.64541173 2.2437682 6.7463093 6.7463093 6.7463093 4.0630245 4.0630245 6.7463093 4.849014 5.6633906 5.7569747 5.7618995 5.8327103 5.8327103 5.8327103 5.8327103 5.8327103
1.395639 1.395639 0.21006063 0.19903703 0.19903703 0.19903697 0.19903696 1.3073555 5.0227757 1.3073554 1.3073554 1.3073554 1.3073553 1.3073552 1.3073552 5.5126324 4.618778 4.6187773 4.6187773 5.560256 5.4437685 5.560256 4.6187763 0.23851863 0.19903667 0.19903667 0.19903667 0.19903663 0.19903657 4.6187763 5.4437675 2.5350902 2.2437544 3.0267224 2.2437534 3.1024625 2.2437534 2.2437534 3.0800288 2.2437534 3.1022694 2.6831255 0.9167062 1.1852952 0.6453979 5.837364 4.6187735 6.746277 6.746276 6.746276 6.746276 4.848989 5.6633677 5.756948 5.7618732 5.832683 5.8326826 5.8326826 5.832682 5.832682 5.832682
0.21005706 0.21005706 0.21005702 0.19903348 0.19903348 0.19903348 0.19903348 1.3073409 1.5713067 1.3073407 5.022748 1.3073406 1.3073405 1.3073405 1.3073403 5.560218 5.443734 5.443734 4.618743 5.572402 5.902603 4.618742 5.443733 4.618742 0.19903295 0.19903292 2.0135546 2.0135546 4.618741 4.618741 5.4437323 2.5958135 2.8400178 2.2437367 3.04913 2.6831102 3.2341967 2.7751749 2.2437367 3.1991537 2.6831102 3.1962464 1.2948328 1.1852769 6.789756 6.7462444 8.0714035 7.905097 6.746244 6.746244 6.746244 4.8489633 4.8489633 5.6633444 5.7569203 4.8489623 5.663343 5.7569194 5.761844 5.8326545 5.832654
0.21005347 0.21005347 0.21005346 0.19902986 0.1990298 0.1990298 1.3073258 1.3073258 1.3073258 1.3073255 5.0227213 5.0227213 1.3073252 1.3073252 1.3073251 5.5601797 4.6187077 0.25085843 0.23449507 0.25914082 0.24089885 5.4437 0.19902948 0.234495 2.013536 2.0135357 2.0135355 2.0135355 2.0135355 5.443698 2.5350616 2.8400087 2.2437224 2.2437224 2.2437224 3.1221075 3.2097428 2.2437215 3.1022432 2.6830964 3.2874892 2.2437215 6.746211 6.746211 6.746211 6.746211 6.746211 6.746211 6.746211 6.746211 6.746211 4.8489366 4.8489366 5.66332 5.756892 5.7618165 4.8489356 5.663319 5.7568917 4.848935 4.848935
0.21004993 0.2100499 0.2100499 0.19902621 0.19902621 0.1990262 0.19902617 1.3073105 1.3073103 1.3073103 2.4469929 2.4469929 1.3073101 1.3073101 0.19902608 0.24034442 5.4436655 0.199026 1.3073096 1.3073096 0.19902588 0.23779963 0.19902585 0.19902581 2.0135164 2.0135162 1.3073089 0.19902577 0.19902572 4.6186695 2.595781 2.2437062 3.049078 2.6830816 2.6830816 3.1220765 3.175433 3.2340155 2.6830812 3.026638 2.2437048 0.3363824 0.3728911 6.746179 6.746179 6.746178 6.746178 6.746178 6.7461767 6.7461767 6.7461767 4.8489103 5.663296 5.7568655 5.7617903 5.8326 5.8325996 5.8325987 5.8325987 5.8325987 5.832598
0.21004635 0.21004632 0.21004632 0.19902262 0.19902256 0.19902255 0.19902252 1.3072953 1.3072952 1.3072952 2.7303865 1.4589497 0.06754092 0.06754092 0.06754092 0.06754088 0.090188235 0.64534366 0.6453434 1.3072941 0.19902234 0.06754068 0.06754068 1.3072938 2.0134969 1.3072938 1.3072938 1.3072938 0.19902213 5.4436283 2.24369 2.24369 2.6830683 2.24369 3.0799887 2.24369 5.8371115 4.6186333 7.984312 2.891608 3.0490532 2.24369 0.29751 6.746146 6.746146 6.746146 6.746146 6.746146 6.746146 6.7461457 4.8488855 5.6632733 5.7568398 5.7617636 5.832572 5.832572 5.832572 5.8325715 5.8325715 5.832571 5.8325706
1.3955644 1.3955641 0.2100427 0.19901894 0.19901894 0.19901891 0.19901888 1.30728 1.3072798 0.19901887 1.5487522 1.5459962 0.06753799 0.06753799 0.06753796 0.06753796 0.06753794 0.06753792 0.06753792 0.067537844 0.06753782 0.06753782 0.06753782 0.64532924 0.64532924 1.307279 1.3072788 1.3072788 1.3072788 2.2436748 2.2436748 2.683054 2.683054 3.0265846 2.2436743 3.8005726 2.2436743 2.2436738 0.64532816 1.1004648 0.9651659 3.1220183 6.7461157 6.7461147 6.7461147 6.7461147 6.7461147 6.746114 6.746114 6.746113 4.8488574 5.6632476 5.7568097 5.761733 5.8325424 5.8325424 5.8325424 5.832542 5.832542 5.8325415 5.8325415
