Export/ASCII/RMeteo_SP_inch/impervious0/net_infiltration_2018_SP1_inch.asc
ncols         660
nrows         338
xllcorner     1476100.0
yllcorner     5017100.0
cellsize      100
NODATA_value  -9.9000000089461e-20
[rows 243 to 269 of 338, columns 420 to 479 of 660]
1.5468376 1.5468376 3.8588722 3.858872 3.858872 3.858872 3.8588717 3.8588717 3.8588717 3.8588717 2.878586 2.8785856 1.5468365 1.5468364 1.3781002 1.3780999 1.3780999 1.3780997 0.2855992 0.2855992 0.28559917 0.28559917 0.28559917 0.28559914 3.6220474 2.6926055 2.6926055 3.6220467 3.6220467 3.6220462 4.1084003 2.6396725 2.6396725 2.5383463 3.1726508 2.78042 2.5383463 4.669242 3.858866 3.8588655 1.5468342 2.003756 0.28559878 1.378098 0.28559873 0.28559873 0.28559873 2.6926022 2.6926022 1.3780978 1.3780975 1.3780974 1.3780974 1.3780973 1.2898045 1.2898045 0.26267222 0.26267216 0.26267216 0.2626721
1.5468156 1.5468156 3.8588262 3.8588262 3.8588262 3.8588262 3.8588262 3.8588262 3.8588262 3.8588262 3.8588262 3.858826 1.5468146 1.5468146 1.5468146 1.5468143 1.5468143 1.378079 0.285594 1.8405522 1.8405522 1.8405521 0.28559387 0.28559387 0.28559387 3.6219926 3.6219926 3.6219926 3.6219923 3.6219923 3.6219923 2.5383396 2.7803743 2.7803738 2.6396263 3.215777 2.6396263 2.7803319 3.8588226 3.8588223 1.5468125 1.5468125 1.3780771 1.378077 1.3780769 4.200246 4.200246 4.200246 3.6219866 1.3780764 1.3780763 1.3780762 1.3780762 1.3780762 1.2897823 1.2897823 1.2897823 1.2897823 1.2897823 1.289782
1.5467939 1.5467939 3.8587828 3.8587828 3.858782 3.8587818 3.8587818 3.8587818 3.8587813 3.8587813 3.8587813 3.8587813 3.858781 3.858781 3.858781 3.858781 3.858781 3.6219394 3.6219392 1.8405255 1.8405254 0.2855886 0.2855886 0.28558856 0.28558847 3.6219378 3.6219378 3.6219375 3.6219375 3.6219375 3.6219375 3.6219368 2.538333 2.538333 2.538333 2.538333 2.6395347 2.7802746 2.881163 2.538333 3.8587782 1.5467908 1.5467907 1.3780553 1.3780553 1.3780552 4.2001796 3.3472877 3.3472872 1.3780551 1.3780551 1.3780551 1.378055 1.378055 1.289761 1.289761 1.289761 1.289761 1.289761 1.2897608
1.5467721 1.5467719 3.858738 3.858738 3.8587372 3.8587368 3.8587368 3.8587368 3.8587365 3.8587365 3.8587365 3.8587365 3.8587363 3.8587363 3.8587363 3.8587363 3.8587363 3.8587363 3.621885 3.621885 0.28558332 0.28558332 0.28558323 0.2855832 0.28558317 0.28558317 3.6218824 3.6218822 3.6218822 3.6218815 3.6218815 3.6218815 3.6218815 2.7596333 2.5383263 2.6395276 2.5383263 2.639486 2.7802265 3.2473388 2.5383263 1.5467693 1.5467693 1.3780341 1.378034 4.2001133 4.200113 3.6218786 3.3472474 1.3780338 1.3780336 1.3780336 1.3780336 1.3780336 1.2897396 1.2897394 1.2897393 1.2897393 1.2897391 1.2897389
1.5467503 3.8586931 3.858693 3.858693 3.858693 3.858693 3.858693 3.8586926 3.8586926 3.8586926 3.8586926 3.8586922 3.8586922 3.8586922 3.858692 3.858692 3.858692 3.858692 3.858692 0.2855779 0.28557786 0.28557786 0.2855778 0.2855778 0.28557777 0.28557777 0.28557777 3.6218276 3.6218276 3.6218271 3.6218271 3.6218271 3.621827 3.621827 3.0353966 2.639479 2.780225 2.538319 2.538319 2.538319 3.416417 2.6394784 1.2017059 1.2017058 2.813661 4.2000465 4.2000465 3.6218243 4.2000456 1.3780122 1.3780122 1.378012 1.378012 1.378012 1.2897176 1.2897176 3.9647892 3.9804726 1.293844 1.2897173
1.5467286 3.8586497 3.8586493 3.8586493 3.858649 3.8586488 3.8586488 3.8586483 3.858648 3.8586473 3.8586473 3.8586469 3.8586469 3.8586469 3.8586469 3.8586469 3.8586462 3.8586462 0.33489996 0.2855726 0.2855726 0.2855726 0.28557253 0.2855725 0.28557247 0.28557247 0.28557244 0.28557244 4.1999846 3.621772 3.621772 3.621772 3.6217716 3.6217716 1.6783353 2.910336 2.7801764 2.8810484 2.6394303 2.780135 2.5383124 3.318643 1.2016789 1.2016788 2.813611 3.0805807 2.5383124 3.6217697 3.6217692 4.199979 1.3779911 1.3779911 1.3779908 1.3779908 1.289696 1.289696 0.2626451 3.9647224 3.9804053 1.293822
1.5467066 3.8586047 3.8586047 3.8586047 3.8586044 3.8586044 3.8586044 3.8586044 3.8586044 3.8586042 3.8586042 3.8586042 3.8586042 3.8586042 3.8586037 3.8586037 0.33489457 0.33489457 0.3348945 0.33489448 0.2855673 0.2855673 0.28556728 0.28556728 0.28556725 0.28556725 0.28556722 0.2855672 4.199918 4.199918 3.6217175 3.621717 3.6217165 1.8404179 1.8404179 1.3779712 3.2025073 2.5383067 2.5383067 2.5383067 2.6393406 2.7800782 1.3432357 1.2016515 2.5383062 2.5383062 2.5383062 2.6393812 2.5383062 3.6217144 0.2855667 1.3779696 1.3779696 1.3779696 1.2896748 1.2896746 3.3999403 3.403176 3.9678943 1.2938007
3.8585606 3.8585603 3.85856 3.85856 3.8585598 3.8585598 3.8585598 3.8585598 3.8585598 3.8585598 3.8585591 3.8585584 3.8585582 2.0035686 2.0035684 3.858558 0.33488908 0.33488908 0.33488905 0.334889 0.28556177 0.28556177 0.28556177 0.28556177 0.28556177 0.28556177 0.28556177 0.28556177 0.2855617 4.199853 3.6216621 3.6216617 3.6216617 3.422967 4.1998506 4.1998506 3.3461366 2.538299 2.639333 2.639333 2.538299 2.538299 1.2284795 1.2016245 1.2016245 2.6393316 2.6393316 2.6393316 2.7800772 2.6393316 0.28556132 0.28556132 1.377948 1.377948 1.2896534 1.2896532 1.2896532 3.3998868 1.2905109 1.2896528
3.8585162 4.3706827 3.858516 3.858516 3.8585157 3.8585153 3.8585153 3.8585145 3.8585143 3.8585143 3.8585138 3.8585138 3.8585134 2.0035415 2.0035412 3.858513 0.33488366 0.33488363 0.28555667 0.2855566 0.33488363 0.28555658 0.28555652 0.2855565 0.2855565 0.2855565 0.28555647 0.28555644 0.2855564 4.1997857 3.6216073 3.6216073 3.621607 3.621606 4.1997843 4.199784 3.549738 2.813469 2.9202788 2.7800276 2.7800276 2.5382924 2.5382924 1.2015966 1.2015965 2.5382924 2.7800276 2.7800276 2.7800276 2.8808572 0.30040336 0.28555593 1.3779268 1.3779268 0.26262915 1.289632 1.289632 1.289632 1.2896317 1.2896317
3.8584714 4.370632 4.370632 3.858471 3.8584704 3.8584702 3.8584702 3.85847 3.85847 3.85847 1.5466408 1.5466408 3.85847 3.85847 3.85847 3.4963462 0.33487827 0.33487824 0.3348782 0.3348782 0.3348782 0.33487815 0.33487812 0.2855512 0.2855512 0.2855512 0.28555113 0.28555113 4.199719 4.199719 3.6215522 3.621552 3.6215518 3.6215513 3.6215513 3.6215508 5.7057824 2.5382857 2.5382857 2.8895211 2.8807957 2.5382857 2.759093 2.5382857 1.2015694 1.2015694 2.6392348 2.8807938 2.8807938 2.8807933 2.88228 0.28555062 0.28555062 0.2855506 0.26262382 0.2626238 1.2896103 1.2896103 1.2896103 0.2626237
3.8584256 4.3705826 4.3705826 3.8584251 3.8584251 3.8584251 3.8584251 3.8584251 3.8584251 1.5466192 1.5466192 1.5466189 3.8584251 3.858425 3.858425 3.8584247 2.53828 2.53828 3.858424 3.858424 3.858424 0.33487272 0.33487266 0.33487263 0.33487263 4.1996546 4.1996536 4.1996527 4.199652 3.6214986 3.6214986 3.6214986 3.6214983 3.6214983 3.6214983 3.346967 3.805456 2.639187 2.639187 2.5382786 3.084677 3.0034583 3.0350075 2.6391866 1.2015418 1.2015418 2.5382786 2.7799294 2.8822172 2.8822172 2.8822172 3.6214936 0.2855453 0.2855453 0.26261857 0.2626185 0.2626185 0.2626185 0.2626185 0.26261842
3.8583827 3.8583825 3.8583825 3.858382 3.858382 3.858382 3.8583817 3.8583813 3.8583808 3.8583808 3.8583808 3.8583808 3.8583808 3.8583808 3.8583808 2.5382729 2.5382729 2.5382729 3.8583798 3.8583794 3.8583794 3.858379 0.33486724 0.33486724 0.33486724 3.6214437 3.6214437 3.6214435 3.6214435 3.6214435 3.6214435 3.6214428 3.6214428 3.6214428 3.6214428 3.6214428 3.6214428 3.6214428 2.5382724 2.5382724 2.8887298 3.05727 2.5382724 2.5382724 1.2015153 1.2015152 2.5382724 2.639139 2.8806674 2.5382724 2.8617613 3.6214387 4.199581 0.28553993 0.2626132 0.26261312 0.26261312 0.26261312 0.2626131 0.2626131
3.8583367 3.8583367 3.8583367 3.8583367 3.8583367 3.8583367 3.858336 3.858336 2.5382667 2.5382667 3.8583355 3.8583355 3.8583355 3.8583353 3.8583353 2.5382662 2.7588346 4.6680474 3.8583348 3.8583345 3.8583345 3.8583345 0.33486181 0.33486181 0.33486181 3.858334 1.3778435 3.62139 3.62139 3.6213899 3.6213894 3.6213884 3.621388 3.621388 3.621388 3.621388 3.621388 3.621388 2.6390922 2.6390922 2.880452 2.9202886 2.6390917 2.6390913 2.5382657 1.2014877 1.2282721 2.5382657 1.8931056 2.1260056 2.5382657 4.556943 3.6213834 4.199516 0.26260796 1.7310311 1.731031 0.26260787 0.26260787 0.26260787
3.8582928 3.8582928 3.8582928 3.8582926 3.8582923 3.8582923 3.8582923 3.858292 2.5382595 2.639046 2.639046 3.858291 3.858291 3.8582907 3.8582907 2.6390455 3.0348182 3.8582902 3.85829 3.85829 3.85829 3.8582897 0.33485642 0.33485642 0.33485642 3.8582885 1.5465528 1.377822 3.6213338 3.6213338 3.6213336 3.6213336 3.621333 3.621333 3.6213326 3.6213326 3.6213324 3.621332 4.3725147 2.7797825 2.8813899 2.881389 2.7797816 2.7797816 2.6390402 1.2014602 1.2014601 2.5382586 1.7884375 1.6852707 2.6390398 3.6213305 3.787902 4.1994495 3.964206 1.7373978 1.731004 0.2626025 0.26260245 0.26260245
3.8582482 3.858248 3.858248 3.858248 3.858248 3.858248 3.858248 3.8582475 2.5382533 2.6389968 4.975129 4.975128 3.8582468 3.8582468 3.8582463 2.7797382 2.9098759 3.858246 3.8582458 3.8582458 3.8582458 3.8582458 3.4961593 3.4961593 4.3703804 4.3703794 1.5465305 1.377801 3.6212795 3.621279 3.621279 4.1993885 4.1993876 4.1993876 4.1993866 4.1993866 3.6212778 3.6212773 3.787848 2.8804777 2.881327 2.881327 2.8804777 2.8804777 2.779734 2.5382514 1.2014327 1.2281804 1.6780261 1.678026 1.2948496 1.3777993 3.6212752 3.6212752 3.3995101 3.4027393 0.26272342 0.26259723 0.26259723 0.26259723
3.858203 3.8582025 3.8582025 3.8582025 3.8582025 3.8582025 3.8582025 3.8582022 2.5382457 2.6389492 4.9750147 3.8582017 3.8582017 3.8582017 3.8582015 2.5382457 3.1361241 3.858201 3.858201 3.858201 3.8582006 3.8582006 3.8582006 3.8582006 3.8582006 2.0033495 2.0033493 1.840178 1.840178 3.6212244 3.6212244 3.6212244 3.6212244 3.6212244 4.1993213 4.1993213 4.199321 3.3467648 3.621223 3.621223 2.881265 2.8812644 2.5382452 2.881904 2.8804142 2.6389434 1.2014052 1.2014049 1.6779915 1.6779913 1.3777778 1.3777778 3.6212206 3.62122 3.3994553 3.3994544 0.26259187 0.26259187 0.26259187 0.26259187
3.8581593 3.858159 3.858159 3.8581588 3.8581588 3.8581588 3.8581586 3.858158 2.538239 2.638901 4.9749017 3.8581576 3.8581576 3.8581574 3.858157 2.538239 2.6389 5.7487144 3.8581564 3.8581564 3.8581564 3.8581564 3.8581564 3.8581564 3.8581562 3.8581557 2.0033226 2.0033226 3.8581555 3.6211693 3.6211689 3.6211689 3.6211689 3.6211689 3.6211689 3.6211684 4.199255 4.199255 3.621168 3.621168 3.6211672 3.134705 2.6388953 2.8614376 2.88184 2.7796333 2.538238 1.2013779 1.6779577 1.2013775 1.2013775 1.3777565 3.6211648 3.6211643 3.3994005 3.4026287 3.4026282 0.2627127 0.26258656 0.26258653
3.858115 3.858115 3.8581147 3.8581147 3.8581147 3.8581147 3.8581145 3.8581138 2.5382323 2.6388543 4.9747877 3.8581133 3.8581126 3.858112 3.8581119 2.5382323 2.6388533 4.974782 3.8581119 3.8581119 3.8581116 3.8581111 3.858111 3.858111 3.858111 3.8581107 1.5464656 1.5464656 3.8581107 3.8581104 3.6211147 3.6211138 3.6211138 3.6211133 3.621113 3.621113 4.1991887 4.1991887 3.6211126 3.6211114 3.6211114 5.0549946 2.7795866 2.881138 2.8613737 3.1997678 2.6388457 1.2013506 1.2013505 1.2013505 1.2013505 3.62111 3.62111 3.6211095 3.399346 3.4025738 3.4025729 3.4025729 3.4025729 3.399346
3.85807 3.85807 3.85807 3.85807 3.85807 3.85807 3.85807 3.85807 3.85807 2.6388037 4.9746714 3.858069 3.8580687 3.8580687 3.8580687 2.5382252 2.6388032 4.9746685 3.8580685 3.8580685 3.8580685 3.8580682 3.858068 3.858068 3.8580675 3.8580675 3.8580675 3.8580675 3.858067 3.858067 3.8580666 3.62106 1.8400977 1.8400977 3.6210585 3.6210585 3.621058 3.621058 3.621058 3.621058 3.621058 3.8352854 4.5557575 2.8810775 2.8810775 3.035365 2.7795393 1.2013233 1.2013233 2.5382252 2.5382252 3.6210551 3.621055 3.6210546 3.3992927 3.3992927 3.4025185 3.4025185 0.26257598 0.26257598
3.8580258 3.8580258 3.858025 3.8580248 3.8580248 3.8580246 3.8580244 3.8580241 3.8580241 2.5382195 4.6672926 3.8580236 3.8580234 3.858023 3.858023 2.5382195 2.8317769 3.8580227 3.8580222 3.8580222 3.858022 3.858022 3.858022 3.858022 3.8580215 3.8580215 3.8580215 3.8580215 3.8580215 3.8580213 3.8580213 2.00324 2.00324 2.0032399 3.8580205 3.6210043 3.6210036 3.6210036 3.6210036 3.6210027 3.6210027 3.621002 3.621002 4.5560503 1.2012961 1.3966887 2.8801606 2.5382185 1.2012955 1.2279551 2.5382185 2.6387498 2.779445 2.880091 2.8282716 2.4679613 2.4679613 2.4679613 0.23572083 0.2185698
3.8579807 3.8579807 3.8579805 3.8579803 3.8579803 3.85798 3.85798 3.85798 2.5382123 2.5382123 2.5382123 4.667193 3.857979 3.8579788 3.857978 2.6387064 2.5382118 3.0565696 3.857978 3.857978 3.857978 3.8579779 3.8579779 3.8579776 3.8579776 3.8579774 3.8579772 3.8579772 3.857977 3.857977 3.8579767 2.0032132 2.003213 2.0032127 3.8579762 3.62095 3.62095 3.620949 3.6209486 3.6209483 3.6209478 3.6209474 3.6209474 3.7875106 1.3776716 1.2012688 1.9547036 2.6387007 1.2012686 1.2012684 2.6386998 2.5382113 2.6386588 2.77939 2.827049 2.8228047 2.4679408 2.4679403 2.5348847 0.24579906
3.8579361 3.8579361 3.8579361 3.8579354 3.8579354 3.857935 3.8579345 3.8579345 2.6386597 2.5382051 2.6386588 3.8579342 3.857934 3.857934 3.857934 3.8579338 2.7793949 2.6386578 5.2623644 3.8579333 3.8579333 3.8579333 3.8579333 3.8579333 3.8579333 3.857933 3.8579326 3.8579326 3.8579323 3.857932 3.8579319 3.8579319 2.0031857 2.0031857 3.8579311 3.6208944 3.6208944 3.6208935 3.620893 3.620893 3.620893 3.620893 3.620893 3.6208923 1.8400173 1.6777878 1.6777873 2.77939 1.2012411 1.201241 1.2944964 2.5382051 2.5382047 2.6386092 2.7270167 2.8212583 3.009645 2.5348642 2.4679189 2.4679189
3.8578916 3.8578916 3.8578913 3.8578913 3.8578913 3.8578908 3.8578906 3.620844 2.5381985 2.8314826 2.5381985 3.85789 3.85789 3.85789 3.85789 3.85789 2.5381985 2.5381985 4.974205 1.5463574 3.8578894 3.8578892 3.8578892 3.8578892 3.8578887 3.8578885 3.8578885 3.8578885 3.8578882 3.8578882 3.857888 3.857888 3.857888 3.8578875 3.8578873 3.857887 3.6208394 3.6208389 3.620838 3.6208377 3.6208377 3.6208377 3.6208377 3.6208367 3.6208367 3.6208367 2.538198 2.8799717 2.538198 1.201214 1.201214 2.538198 2.638603 2.7792962 2.8268883 2.467898 2.5348322 3.0109162 2.6847584 2.597172
3.620791 3.8578475 3.8578472 3.8578472 3.6207905 3.6207905 3.6207902 3.6207902 2.5381927 2.5381927 3.0563374 3.8578465 3.8578463 3.8578458 3.8578458 3.8578448 2.5381927 2.5381927 4.666946 1.5463353 1.5463353 3.8578439 3.8578439 3.8578439 3.8578439 3.8578434 3.8578434 3.8585227 3.857843 3.857843 3.857843 3.857843 3.8578427 3.8578424 3.857842 3.857842 3.857842 3.620785 3.620785 3.620785 3.6207843 3.6207843 3.6207843 3.6207838 4.1987886 3.6207836 4.1059284 2.881399 2.6385539 2.5381908 1.2011864 2.6385534 2.5381908 2.5381904 2.5819628 2.673354 2.8259962 2.4678745 3.0959225 2.4678745
3.8578017 3.8578014 3.8578014 3.6207356 3.6207356 3.6207356 3.6207356 3.6207356 2.6385124 2.5381851 2.6385124 5.2620173 3.8578007 3.8578005 3.8578005 3.8578005 2.5381851 2.638511 4.6668453 2.0031054 2.0031054 3.8578 3.8578 3.8577998 3.8577993 3.8577993 3.8577993 3.857799 3.8577988 3.8577988 3.8577983 3.8577983 3.857798 3.857798 3.8577979 3.8577979 3.8577976 3.6207292 3.6207287 3.6207283 3.620728 3.620728 3.620728 4.198723 4.198723 3.6207275 3.7836313 4.5328407 2.7792423 2.6385062 1.3775856 1.5492897 1.2011589 1.2011589 1.1106999 1.1106999 2.4678545 2.4678545 2.4678545 2.5347784
3.8577578 3.8577576 3.8577576 3.6206806 3.6206806 3.6206806 3.62068 3.62068 2.7792003 2.538179 2.8311903 2.538179 3.8577566 3.8577561 3.8577561 3.8577561 2.5381784 2.8311884 3.8577554 2.003078 2.0030777 3.8577547 3.8577547 3.8577545 3.857754 3.857754 3.857754 3.8577538 3.8577538 3.8577535 3.8577535 3.8577533 3.8577533 3.857753 3.857753 3.857753 3.857753 3.8577528 3.6206746 3.6206744 3.6206741 3.6206741 4.369831 4.198658 4.198657 3.6206725 3.6206725 3.7872298 4.5548563 4.3710656 1.3775645 1.3775644 1.3775644 1.3775644 1.1106732 2.4678316 2.5347502 2.746909 2.825982 2.8125677
3.857713 3.857713 3.857713 3.620626 3.6206257 3.6206255 2.5381718 2.5381718 2.8797247 2.6384146 2.5381718 3.173924 2.5381718 3.857711 2.0030513 2.0030513 1.7876781 2.5381718 5.5918565 3.8577108 2.0030508 3.8577106 3.4957128 3.4957125 3.4957123 3.8577106 3.8577106 3.8577104 3.85771 3.85771 3.85771 3.85771 3.8577096 3.8577094 3.8577092 3.8577092 3.8577092 3.8577087 3.8577077 3.8577077 3.8577077 3.8577075 4.369782 3.8577075 3.8577073 3.8577065 3.6206179 3.6206179 3.7382689 3.7871742 3.6206179 1.3775433 1.3775432 1.3775432 1.2892498 1.1106458 2.4678102 2.4678102 2.4678097 2.5347235
