Export/ASCII/RMeteo_SP_inch/impervious0/net_infiltration_2018_SP4_inch.asc
ncols         660
nrows         338
xllcorner     1476100.0
yllcorner     5017100.0
cellsize      100
NODATA_value  -9.9000000089461e-20
[rows 27 to 53 of 338, columns 549 to 609 of 660]
7.85468 7.261588 7.2506557 6.1216903 6.1216893 2.0536997 2.0536997 2.0536997 2.0536997 2.0536995 2.0536995 2.0536995 1.5107145 1.5107144 1.5107144 1.5107144 1.5107143 1.5107143 1.5107142 1.5107142 1.5107139 2.053699 2.0536988 7.756176 6.1216855 7.250654 2.9542966 2.9542966 0.33777422 3.1320152 3.1320152 3.1320152 3.636181 3.0853622 1.9471447 1.9471447 1.4421414 1.419927 3.1320138 8.483458 8.483456 3.3636708 3.3636708 3.050306 3.0202475 2.5067668 2.5067668 0.7839543 1.510712 2.0536966 2.0536966 0.22814709 0.22814703 0.33777377 0.3377737 0.3377737 0.22814697 0.33777365 0.33777365 0.33777365 0.33777362
7.8546476 7.2615566 6.1216536 6.1216536 6.1216526 2.0536861 0.33777127 0.2281442 2.053686 2.053686 2.053686 2.053686 1.510699 1.5106989 1.5106987 1.5106986 1.5106986 1.5106984 1.5106983 2.0536852 2.0536852 2.0536852 7.756142 7.7561417 7.7561407 7.7561407 7.7561407 7.7561407 0.08697047 2.1981287 1.9471257 2.6676576 3.058932 2.663613 0.11051555 0.11051555 0.08929724 3.1319957 3.6685617 3.1319957 3.1319957 3.3676295 3.3676295 1.2634097 1.2194417 1.1018913 1.1018913 0.7839398 0.78393966 0.7839396 2.0536826 0.22814327 0.22814322 0.3377704 0.3377704 0.33777034 0.33777034 0.3377703 0.3377703 0.3377703 0.33777025
7.8546147 7.8546143 7.756111 0.3377679 0.33776784 0.3377678 0.3377678 0.22814056 2.053672 2.053672 2.0536718 2.0536718 1.5106837 1.5106837 1.5106835 1.5106835 1.5106834 2.0536718 2.0536718 2.0536718 2.0536716 2.0536714 2.0536714 7.756109 6.1216116 6.1216116 7.756109 5.1048174 1.419891 1.7303451 1.947108 0.13648173 0.15309556 0.14537981 0.33776736 0.086967304 0.086967275 0.13890058 3.5452485 3.2335875 10.391381 3.3676038 3.3676038 0.78392535 0.78392535 0.78392524 0.7839251 2.5067425 2.5067425 0.78392506 0.78392506 0.08696701 0.22813961 0.22813961 0.33776695 0.33776695 0.33776695 0.33776692 0.33776692 0.3377669 0.3377669
7.854583 7.854583 0.33776456 2.9542472 0.33776453 0.33776447 0.33776447 0.22813684 0.22813682 2.0536585 1.5106685 1.5106683 1.510668 1.5106678 1.5106678 1.5106676 1.5106673 1.5106673 2.053658 2.0536578 2.0536578 2.0536575 2.0536575 7.756077 6.1215773 6.1215773 7.756075 0.33776402 0.08929123 0.08696438 0.25994164 0.08696431 0.086964294 0.086964265 0.22813626 0.22813626 0.08696422 0.086964145 3.3891218 2.5067306 7.756072 2.5067306 3.367579 0.7839108 0.7839108 0.7839108 0.78391075 1.10185 2.5067306 1.4198706 1.4198704 1.4198704 0.22813588 0.22813588 0.22813588 0.3377635 0.3377635 0.33776343 0.3377634 0.3377634 0.3377634
2.0720596 0.3394315 2.9542303 2.9542303 0.33776104 0.33776104 0.22813313 0.22813313 0.2281331 2.0536447 2.0536447 1.5106524 1.5106524 1.5106524 1.5106522 1.5106521 1.510652 2.0536442 0.33776087 0.3377608 7.7560434 7.7560434 7.7560434 0.33776072 0.3377607 0.3377607 0.3377607 0.22813272 0.22813267 0.22813267 0.22813267 0.22813267 0.08696129 0.08696127 0.08696125 0.086961195 0.086961195 0.086961195 0.16499054 0.1324855 7.7560406 3.0502636 3.3860238 0.7838965 0.7838964 0.7838964 0.7838963 0.7838963 1.1018293 0.7960808 0.08928775 0.08928775 0.08696102 0.08696098 0.08696096 0.33776012 0.33776012 2.053641 2.053641 7.7560368 0.33776006
2.0720465 0.33942822 0.33775774 0.33775774 0.3377577 0.33775762 0.22812936 0.22812936 0.22812936 0.22812936 2.053631 1.5106372 1.510637 1.510637 1.5106368 1.5106366 1.5106366 2.0536304 0.33775747 0.3377574 0.33775735 0.33775735 0.33775735 0.22812907 0.22812901 0.22812901 0.22812901 0.22812898 0.22812898 0.22812898 0.22812895 0.22812892 0.086958334 0.086958334 0.08695826 0.08695826 0.08695826 0.22812887 0.22812884 0.086958244 7.756007 3.3635569 3.4199607 0.7838825 0.7838821 0.7838818 0.78388155 0.78388155 0.78388155 0.78388155 0.086958006 0.086957976 0.08695793 0.08695793 0.086957835 2.0536277 2.0536277 2.0536277 2.0536275 2.0536275 7.7560043
7.8544865 0.3394249 0.3377543 0.33775428 0.22812575 0.22812565 0.22812562 0.22812562 0.22812562 0.22812562 0.22812562 0.2281256 0.22812557 0.22812557 0.22812554 1.5106212 1.510621 0.33775407 0.33775404 0.2281254 0.2281254 0.22812535 0.22812535 0.22812535 0.22812532 0.33775392 0.33775392 0.3377539 0.33775386 0.22812524 0.08695531 0.08695526 0.086955234 0.086955234 0.08695521 0.08695521 0.08695521 0.08695519 0.08695516 0.08695516 2.5066948 10.8649845 3.4199355 2.5066948 2.5066943 2.5066943 0.08695504 0.08695504 0.086955026 0.086954996 1.419815 1.4198148 0.7838667 2.5066938 2.5066934 2.5066934 8.483279 2.0536137 2.0536134 2.0536134 2.0536134
7.854455 0.22860642 0.22812209 0.22812209 0.33775088 0.33775088 0.33775085 0.22812201 0.33775085 0.33775082 0.22812192 0.22812188 0.22812188 0.22812185 0.3377508 0.33775076 0.33775076 0.2281218 0.33775067 0.33775067 0.22812173 0.33775067 2.9541771 0.33775067 0.3377506 0.3377505 7.755944 0.33775043 0.08695237 0.08695237 0.08695233 0.08695228 2.5066829 0.086952254 0.0869522 0.08695216 0.086952135 0.086952135 0.086952135 0.08695206 3.0502312 2.5066829 3.4199111 3.0502312 3.0502312 3.0502312 0.086952016 0.08695199 0.08695199 0.7838524 2.5066829 0.7838523 0.7838523 0.7838523 3.0502303 2.5066824 2.0536 2.0536 2.0535998 2.0535998 2.0535998
2.9848847 2.9848847 0.33774748 0.33774748 0.33774748 0.33774748 0.33774742 0.33774742 0.33774742 0.33774737 0.33774737 0.33774737 0.33774734 0.33774734 0.3377473 0.33774728 0.33774716 0.22811806 0.33774716 0.33774716 0.33774716 0.33774713 2.9541597 0.33774713 0.33774713 7.7559094 7.7559094 0.086949274 0.086949274 0.7838397 2.5066714 2.5066714 3.0502212 0.08694923 0.08694923 0.086949185 0.086949185 0.086949155 0.086949155 0.08694914 3.3634892 3.0502207 2.5066714 2.5066714 3.3634887 3.3634887 2.506671 0.08694896 0.08694896 0.08694896 3.131853 0.78383774 0.78383774 0.7838377 0.7838377 1.1017463 2.0535862 1.5105863 1.5105861 2.053586 2.053586
2.9848685 2.984868 0.3377441 0.3377441 0.3377441 0.33774406 0.33774403 0.337744 5.1045923 0.33774397 0.33774397 5.104591 0.33774388 0.33774385 0.33774385 0.33774382 2.0535755 2.0535753 2.0535753 2.0535753 8.483196 2.954143 2.954143 8.716885 7.7558775 7.755877 2.5066595 2.5066595 2.506659 0.78382504 1.1017282 3.0502098 3.3634658 2.506659 2.506659 0.08694623 3.131835 3.131835 3.131835 3.131835 3.131835 7.8457212 2.5066576 3.0502083 2.5066576 3.3674283 2.5066576 0.08694601 0.08694601 0.08694601 3.1318336 0.78382355 0.7838233 0.783823 0.7838228 0.7838228 2.0535727 1.5105705 1.5105704 1.5105704 2.0535724
5.187906 8.521236 0.3377407 0.33774066 0.33774063 6.1213255 5.104559 5.104559 5.104559 5.104559 0.33774063 5.104559 0.33774057 0.33774057 0.3377405 0.3377405 2.0535622 2.053562 2.053562 2.053562 2.0535614 2.9541254 2.9541254 7.755846 8.483166 1.4197435 1.9614855 1.9614854 2.506647 1.4197431 1.4197431 3.3634439 3.3674064 3.0501993 3.0501993 2.506647 3.6683848 3.6683843 3.6683843 3.6683843 3.6683843 5.104552 3.0501988 3.3634424 2.5066462 3.3674045 3.0501988 3.1318135 0.08694293 0.08694291 1.1463499 0.7838089 1.510556 1.5105559 1.5105556 1.5105554 1.510555 1.510555 1.5105549 2.0535588 2.0535588
0.33940852 0.3394085 7.7558174 7.7558174 6.1212893 6.1212893 5.1045256 5.1045256 5.1045256 5.1045256 5.1045256 5.1045256 7.7558146 0.33773705 0.33773705 2.053548 2.053548 1.5105431 1.5105431 2.053548 2.053548 2.0535476 2.0535476 2.0535476 2.0535476 0.7959789 1.4372097 0.79597884 1.1016874 3.1317964 3.1317964 2.5066352 3.3673816 3.363421 3.363421 3.0501883 2.5066342 3.956354 3.1317954 3.956354 3.956354 2.5066342 2.5066342 2.5066342 3.0501878 3.3673797 3.363419 2.5066338 2.5066338 2.5066338 0.7837943 0.78379416 1.5105402 1.5105402 1.51054 1.51054 1.51054 1.51054 2.053545 0.33773625 7.7558045
0.33940524 0.33940524 0.3377339 7.755782 6.121253 6.121253 5.104493 7.755781 7.755781 7.755781 7.755781 5.104493 8.48311 0.33773378 0.3377337 0.33773366 2.0535343 2.053534 1.5105274 2.0535338 2.0535338 0.3377336 0.3377336 2.0535338 2.2973285 2.0535338 0.78378165 0.78378165 0.7837815 2.5066223 3.2447479 2.5066223 3.3673558 2.5066223 3.3673553 3.3633966 3.0501773 3.5656087 3.2334416 3.5656087 3.5656087 3.0501773 3.0501769 3.0501769 3.3633957 3.3858607 3.3673534 3.0501769 3.0501769 3.0501769 2.5066214 0.7837801 1.5105246 1.5105243 0.22810245 0.22810245 0.22810236 2.0535312 0.33773288 0.33773282 7.755772
0.339402 0.339402 2.9540758 7.7557507 7.7557507 7.7557497 5.1044617 5.10446 7.755749 2.0535214 2.0535214 5.10446 8.48308 0.33773032 0.33773032 0.3377303 2.0535207 1.5105119 1.5105119 2.0535207 0.33773023 0.22809945 0.22809945 2.0535202 1.5105113 1.510511 0.7837671 0.7837671 2.5066109 2.5066109 3.3701704 2.5066109 3.385842 2.5066109 2.5066109 2.5066109 3.3633747 2.5066104 2.5066104 2.50661 2.50661 7.755744 2.50661 2.50661 2.50661 2.506609 2.506609 2.506609 2.506609 2.506609 2.506609 0.7837655 1.5105087 0.22809881 0.22809875 0.22809875 0.22809872 0.7837648 0.086933725 7.75574 7.75574
2.984786 2.984786 2.9540586 7.7557163 7.7557163 5.104428 2.9540586 2.9540586 5.1044273 7.7557154 7.7557154 5.1044264 5.104426 7.7557154 2.053507 2.0535069 2.0535069 1.5104965 1.7726028 1.510496 0.33772683 0.22809571 0.22809571 0.22809571 1.6530875 2.0535066 2.5065985 2.5065985 3.0501559 3.0501559 2.5065985 2.506598 2.506598 2.506598 3.0501554 3.0501554 2.506598 2.506598 3.0501554 2.506598 3.050155 2.506598 3.050155 2.506598 3.050155 2.506598 3.050155 2.506598 1.4196675 1.9613713 1.9613711 0.7837507 0.7837507 0.22809514 0.22809507 0.22809504 1.5104927 2.053504 7.755706 7.755706 7.755706
2.9847696 2.984769 2.954042 5.104395 5.104395 5.104395 2.9540415 2.9540415 5.104395 5.104395 7.755683 7.755683 0.33772352 0.3377235 2.0534933 2.0534933 2.0534933 1.5104809 1.5104809 1.5104809 0.2280921 0.22809207 0.22809204 0.22809201 1.5104806 2.0534928 3.0501459 3.0501459 3.3633304 3.3633304 3.0501459 2.506587 3.140097 3.0501459 3.3633294 3.3633294 3.0501454 3.0501454 3.3633294 3.0501454 3.3633294 3.0501454 3.3633294 3.0501454 3.363329 3.0501444 3.3633285 1.101603 0.7959177 0.7959177 0.7959177 0.7837361 0.783736 1.5104775 1.5104775 0.78373575 0.78373575 2.0534902 7.7556744 7.7556744 7.7556734
7.8541656 8.521069 8.482996 5.1043625 7.755651 5.1043625 5.1043615 7.250128 7.250127 7.250127 5.1043606 7.7556496 0.33772016 0.33772016 7.7556496 4.3778615 2.0534797 2.0534794 1.5104653 1.5104653 1.5104651 0.33772 0.33771995 0.33771992 1.5104647 2.0534787 1.2630336 3.3633075 3.367257 3.367257 3.945902 1.9613185 2.5065742 2.5065742 3.3926268 3.3672557 3.363306 3.3633056 3.3672552 3.363305 3.3672547 3.363305 3.3672547 2.8905032 2.8946006 3.363305 3.3672547 0.7837221 0.7837221 1.5104629 0.78372186 0.7837218 0.7837218 1.5104623 1.5104622 0.78372175 0.7837216 2.053476 7.755641 7.75564 7.75564
6.2200117 6.2200117 7.755619 7.755619 7.755619 5.1043296 5.1043286 7.2500944 2.0534663 7.2500935 5.104328 7.755616 0.33771673 0.3377167 2.0534658 2.0534658 2.0534658 2.0534658 2.0534656 2.0534656 1.5104494 2.0534654 2.0534654 2.0534654 1.5104494 2.0534651 3.1183918 2.2725792 1.3205938 2.3068166 2.365211 1.4370959 1.9612908 1.9612907 2.5065622 3.6146488 3.3672314 3.3672314 3.3672314 3.3672314 3.3672314 3.3672314 3.367231 2.5011697 2.5011697 3.367231 3.367231 0.7837076 1.5104473 1.5104471 0.78370714 0.7837071 0.9322246 1.5104467 0.7837071 0.7837071 0.78370696 7.7556076 7.7556076 7.7556076 7.7556076
6.2199783 6.2199783 7.7555866 7.7555847 7.755584 5.1042967 7.250062 7.250062 2.9539897 2.9539897 2.0534527 7.755582 5.104295 7.25006 2.0534525 2.0534525 2.0534525 2.0534525 2.0534523 2.053452 1.5104337 2.053452 2.0534518 2.0534518 2.0534518 2.0534518 2.0534515 1.4437238 1.4195955 0.80353445 1.4440007 1.4370769 1.4370769 1.4370768 3.0501125 2.5065494 3.6939085 0.16359198 3.367206 3.367206 3.367206 3.9498146 3.367206 3.1026118 3.1026118 3.3672056 3.3672051 0.7836933 0.7836932 1.5104313 1.5104313 1.9130564 1.5104312 1.510431 0.78369236 0.78369236 2.0534492 0.33771244 7.755576 7.755576 8.482927
2.0718613 7.854068 2.0534394 2.0534394 2.0534391 2.9539728 7.2500296 7.2500286 2.9539723 2.9539719 2.053439 7.7555504 7.7555504 0.33770993 2.0534384 2.0534384 2.0534384 2.0534384 2.0534382 2.0534382 2.0534382 2.0534382 2.0534382 2.053438 2.053438 2.053438 2.0534377 1.4195778 2.5095155 0.7836801 0.7836798 0.7836798 2.5095155 2.5095155 2.5065374 3.050101 0.086915985 0.08691594 2.5065365 2.5065365 3.3857205 3.5462916 2.5065365 2.5065365 3.3241336 3.3671794 2.5065365 0.7836786 0.7836786 0.22807659 0.22807656 0.22807656 0.22807656 0.22807656 1.5104154 2.0534356 2.0534356 0.3377091 7.755542 8.8689995 2.9539676
2.0718482 2.0718482 2.0534258 2.0534258 2.0534258 2.9539552 5.104231 7.249996 5.1042304 5.1042304 5.1042304 7.755519 7.755519 0.33770657 0.33770654 2.053425 2.0534248 2.0534248 7.755517 2.0534246 2.0534244 7.755517 2.0534241 2.2972188 2.053424 2.053424 2.053424 2.5065265 2.5065265 1.3646443 0.7836653 2.506526 3.0564473 2.5065255 2.5065255 2.5065255 0.08691299 0.08691299 2.506525 3.0500906 2.506525 2.506525 3.0500906 2.506525 2.5065246 3.3856995 3.1316142 0.78366387 0.78366387 0.2862439 0.22807282 0.22807282 0.22807278 0.22807278 1.5103998 2.0534215 7.7555094 10.8781 7.755509 7.755509 7.755509
0.22855638 0.22855638 0.33770335 2.053412 2.053412 7.755486 7.755486 5.1041975 8.716492 5.1041975 5.1041975 7.755486 7.755486 7.755486 0.33770308 0.33770308 2.053411 2.9539375 2.053411 2.0534108 2.0534105 2.0534105 2.0534105 6.120921 7.8912854 6.120921 7.7554836 2.506514 3.050081 2.506514 2.506513 2.506513 3.3631916 3.0500805 2.506513 3.0500805 2.506513 2.506513 2.506513 3.3631911 3.0500805 2.506513 3.3631907 3.0500805 3.0500805 3.419554 3.6681664 0.7836498 0.78364956 0.08690972 0.22806916 0.086909674 0.7836491 0.33770236 0.33770236 2.0534081 7.755478 7.755478 7.755477 7.755476 7.755476
0.33937243 2.0718217 2.0533981 2.0533981 2.0533981 8.482819 7.7554526 7.7554526 7.7554526 5.104164 5.104164 7.7554517 7.249929 7.7554517 0.3376997 0.3376997 7.755451 2.0533974 6.1208863 2.0533972 2.0533972 7.7554507 7.7554507 2.9539194 2.9539194 6.1208854 6.1208844 7.755448 3.3631697 3.05007 2.5065017 2.5065017 3.4928844 10.476934 1.9611518 2.23242 1.9611517 1.9611515 3.0500696 3.367107 3.3631692 3.050069 3.367107 3.3631682 3.3631682 3.4195297 2.5065007 0.783635 0.783635 1.510369 1.510369 0.7836347 2.953917 2.0533946 2.0533946 2.0533946 7.7554426 7.7554426 0.33769885 7.7554426 7.7554426
2.0718086 2.0718086 2.0533845 2.0533845 8.482789 8.482789 7.7554197 7.7554197 7.7554197 7.7554197 5.1041317 5.1041307 7.249896 7.249896 5.1041307 5.1041307 7.755418 2.9539025 2.9539025 2.0533836 2.0533836 7.7554173 7.7554173 2.9539025 2.9539025 7.7554164 7.822205 7.7554154 3.3670826 3.3631477 2.5064893 2.5064893 3.3293507 2.5064893 1.4369819 1.4369818 1.4369818 1.4195025 3.3631473 2.5064888 3.3670816 3.3631454 2.5064888 3.3670802 2.5064888 1.3751696 3.0500576 1.4195017 1.4195017 0.78362024 1.5103531 0.7836201 2.053381 2.0533807 2.2971754 2.9538996 2.9538991 0.3376955 0.3376955 7.75541 7.9259834
2.0717952 7.853907 8.482759 8.482759 8.482759 8.482759 7.7553883 7.7553883 4.3776073 4.377607 4.3776064 5.1040983 5.1040983 7.7553844 7.7553844 7.755384 7.755384 2.9538856 2.9538856 2.9538856 2.0533695 7.755383 7.755383 7.755383 7.755383 7.755383 7.755383 7.755383 11.08619 3.3670573 2.4336278 2.4336278 2.5064769 3.5128121 2.5094588 2.5094588 2.5094588 2.5094588 3.3670568 3.0500476 3.3670568 3.3670564 3.0500476 3.3670564 3.0500476 0.7836062 0.08690078 1.4194831 1.419483 0.78360575 0.7836057 2.0533674 2.0533671 10.084015 2.9538825 2.9538825 7.7553782 4.3775983 4.3775983 7.925952 7.755378
6.219733 2.9846044 2.9538693 8.482731 5.1040673 7.755353 7.755353 7.2498302 4.3775744 4.3775744 4.3775744 5.1040645 5.1040645 5.1040645 8.482731 8.482731 2.9538686 2.9538686 2.9538686 2.9538686 2.0533557 6.120777 7.7553515 7.7553506 7.7553506 7.7553506 7.75535 6.120775 6.3565454 9.496294 7.6948147 7.6948137 7.755349 2.506465 3.6924436 3.0563762 2.5064645 3.0563757 3.3670316 2.5064645 3.3670316 2.5064645 3.3630996 3.367031 2.5064635 0.086897776 0.086897776 0.08922328 0.086897776 0.7835917 0.7835915 2.0533538 10.083986 7.755347 7.2498217 7.2498217 7.7553463 7.7553463 7.9259195 7.7553453 7.7553453
6.2196975 2.9845874 2.953853 8.482703 5.1040354 7.7553215 7.7553215 4.3775425 4.377542 4.377542 4.377542 5.1770086 8.482701 8.482701 8.482701 8.482701 2.9538515 2.9538515 2.9538515 2.9538512 6.1207404 6.1207404 7.7553177 7.7553167 7.7553167 7.7553167 8.482699 6.1207395 6.120738 6.120738 6.120738 6.120738 6.120738 3.0500267 3.1314955 3.6998267 2.506453 2.506453 3.3670063 2.506453 3.3855793 2.5064526 2.5064526 3.3855793 2.506452 0.086894676 0.22805065 1.5103067 1.5103067 0.7835767 2.0533395 0.34918398 7.2497907 7.7553124 7.7553124 7.7553124 7.7553124 8.091791 7.7553124 7.7553124 7.755312
