Export/ASCII/RMeteo_SP_inch/impervious0/net_infiltration_2016_SP4_inch.asc
ncols         660
nrows         338
xllcorner     1476100.0
yllcorner     5017100.0
cellsize      100
NODATA_value  -9.9000000089461e-20
[rows 78 to 103 of 338, columns 0 to 59 of 660]
4.5711956 5.072519 5.072519 5.0725193 5.07252 4.9489183 4.9283066 4.9283066 4.928307 4.928307 4.928307 4.928307 4.928307 4.928307 4.9283075 2.661181 5.8715982 5.8715982 4.8219166 4.8219166 4.8219166 4.8219166 5.871599 2.254007 2.254007 1.3706281 1.3706284 1.3706284 0.9665004 1.3706284 1.3706284 1.3706284 1.3706284 1.3706286 1.3706286 1.3706286 4.8219175 1.3706286 1.3706288 1.8578048 4.8219194 0.25529334 0.25529334 0.25529334 1.3706288 1.4913554 1.3706291 0.2552934 1.3706291 0.2552934 1.3706291 1.371835 4.8219204 4.8219204 4.8219204 4.8219204 4.8219204 4.8219204 4.8219204 4.8219204
4.571145 5.0724645 5.0724645 4.5711465 5.0724654 4.4468637 4.928252 4.9282527 4.446864 4.446864 4.446864 4.4468646 4.4468646 4.4468646 4.4468646 2.799171 5.871567 5.871567 4.821896 4.8218966 4.8218966 4.8218966 5.8715677 2.2539997 2.2539997 1.3706149 1.3706149 1.3706149 0.9664812 1.370615 1.370615 1.3706151 1.3706151 1.3706152 1.3706152 1.3706152 4.821897 4.821897 1.3706154 1.3706154 1.3706154 1.3706154 1.3706155 1.4913421 1.3706156 0.25529015 1.3706157 1.3706157 1.3706157 0.26851523 0.25529018 1.3706158 1.370616 1.3706161 4.8218985 4.8218985 4.821899 4.821899 4.821899 4.821899
4.5710955 5.072408 4.5710955 5.072408 5.072408 4.446815 4.446815 4.928198 4.446815 4.9281983 4.928199 4.9281993 4.446816 4.9281993 4.9281993 4.9282007 2.8544536 2.2539918 4.8218746 4.8218746 2.0531971 1.3706015 5.8715363 2.2539923 2.2539923 1.3706017 1.3706017 1.3706018 1.3706018 0.2552868 0.9664625 0.96646255 1.3706021 1.3706021 1.3706021 1.3706021 1.3706021 1.3706023 1.3706023 1.4913286 1.3706024 0.96646315 1.3706025 1.3706025 1.3706025 5.87154 0.26851204 1.3706026 1.3706027 0.255287 0.17532574 0.96646374 1.3706028 1.3718088 4.8218765 0.25528705 0.25528708 0.25528708 4.821878 4.821878
4.571045 5.072354 5.072354 5.0723543 5.0723543 4.948755 4.9281435 4.9281435 4.9281435 4.9281435 4.4467654 4.4467654 4.9281445 4.9281445 4.446766 4.9281445 4.9281445 2.661079 4.8218536 4.8218536 1.8577539 1.3705882 5.8715057 5.8715057 2.2539852 0.25528356 0.25528356 0.25528356 0.2552836 0.1753228 0.9664435 0.9664435 0.9664436 0.9664437 1.3705885 1.3705885 1.3705887 1.3705887 1.3705889 1.3705889 1.3705889 0.96644443 0.96644443 1.370589 0.25528374 0.25528374 4.484576 1.3705893 1.3705893 0.25528383 0.25528383 1.3705894 1.3705894 1.3705894 1.3705894 0.25528386 0.2552839 1.3705895 0.2552839 4.8218565
4.5709963 5.0723 4.5709968 4.5709968 4.5709968 4.948702 4.92809 4.4467163 4.92809 4.4467163 4.92809 4.446717 4.446717 4.9280906 4.9280906 4.9280906 4.9280906 2.661045 4.8218327 4.8218327 4.8218327 4.8218327 5.871475 5.871475 2.2539785 0.25528032 0.25528032 0.25528032 0.25528032 0.17532004 1.3705753 1.3705753 1.3705753 0.9664247 0.96642494 1.3705753 1.3705753 1.3705753 1.3705754 1.3705754 1.3705755 0.96642506 0.9664253 1.3705758 0.2552805 0.27592614 0.25528052 4.8218336 6.2260346 0.25528058 1.370576 1.370576 0.9664259 0.966426 1.3705761 1.3705761 1.3705761 1.3705761 1.3705761 4.8218346
4.570945 4.5709457 5.072245 5.072245 5.072245 4.9486465 4.446666 4.928034 4.446666 4.928034 4.446666 4.446666 4.928035 4.4466667 4.9280353 4.9280353 4.4466677 4.928036 2.8481631 4.8218107 4.8218107 4.8218107 5.883439 5.8714447 2.2539706 4.8218117 1.3705616 1.3705618 1.3705618 1.3705621 0.2552772 0.2552772 0.9664058 0.9664058 0.9664058 1.3705623 1.3705623 5.8714457 2.4210541 4.8218117 1.3705626 1.3705626 0.96640646 0.1753174 0.25527734 0.25527734 0.25527734 4.8218126 1.3705626 1.3705628 1.3705628 1.3705628 0.96640706 0.96640706 0.96640706 0.9664072 1.370563 1.370563 1.4912893 1.370563
4.5708976 5.0721903 4.5708976 5.072191 5.072191 4.4466143 4.9279795 4.92798 4.4466157 4.92798 4.446616 4.9279804 4.9279814 4.9279823 4.9279823 4.4466176 4.927983 4.9279833 2.6609764 4.8217893 4.8217893 5.8714137 5.8714137 5.8714137 5.8714137 4.8217893 1.3705484 1.3705484 1.3705484 1.3705485 0.9663869 0.9663869 0.9663869 0.96638703 0.96638715 0.96638715 1.3705488 5.8714156 2.4210267 4.82179 1.3705488 1.4912753 0.17531472 0.25527415 1.3705491 1.3705492 0.25527415 1.3705493 1.3705493 1.3705493 1.3705494 1.3705494 0.9663882 0.9663882 0.17531472 0.17885613 1.3705496 1.3705496 1.3705496 1.3705497
4.570848 5.0721364 5.0721364 5.0721364 5.072137 4.948539 4.9279265 4.9279265 4.9279265 4.9279265 4.9279265 4.9279265 4.9279265 4.927927 4.927928 4.446569 4.446569 4.927928 2.6609423 2.253956 4.8277683 5.8713837 5.8713837 5.8713837 5.8713846 4.8217688 4.8217688 0.2552707 1.3705351 1.3705351 0.9663679 0.9663679 0.9663679 0.9663679 0.96636826 0.9663684 0.9663684 0.17531188 0.2552708 4.821769 1.3705356 0.96636885 0.96636885 1.3705356 1.3705356 1.3705357 0.2552709 1.370536 1.370536 1.3705361 1.3705361 1.3705361 0.9663692 0.96636945 0.17531203 0.17531203 0.17531203 1.3705364 0.96636945 1.3705366
4.5707965 4.5707965 5.07208 5.07208 5.07208 4.9484825 4.927871 4.927871 4.9278717 4.4465175 4.4465175 4.9278717 4.9278717 4.9278717 4.446518 4.446518 4.927872 4.4465184 2.7989328 2.2539487 2.2602353 5.871354 5.871354 5.871354 5.871354 2.2539487 4.821747 1.370522 1.370522 0.96634907 0.96634907 0.9663492 0.9663492 0.9663493 0.9663493 0.9663494 0.9663494 1.3705225 0.25526765 1.3705226 1.3705226 0.96634966 0.96634966 0.9663499 0.9663499 0.9663499 0.17530921 1.3705229 1.3705229 1.3705229 1.3705229 1.3705229 1.3705229 0.17530929 0.1753093 0.1753093 0.1753093 0.17530933 0.96635085 0.96635085
4.570748 5.0720267 4.5707483 5.0720267 5.0720267 4.948427 4.927816 4.927816 4.4464664 4.927816 4.927816 4.9278164 4.4464674 4.4464674 4.927817 4.4464674 4.927817 4.927817 2.8480227 2.2539418 2.2539418 5.8713217 5.8713217 2.2539418 2.2539418 2.2539418 2.2539418 1.3705087 1.3705087 0.96633023 0.9663304 0.9663305 0.9663305 0.96633065 0.96633065 0.96633065 0.96633065 1.370509 1.3705091 1.3705091 1.3705091 0.9663308 0.9663308 1.1232365 0.96633095 0.9663311 1.3705094 0.2552645 0.2552645 0.2552645 1.3705096 1.3705096 1.3705096 1.3705099 0.17530654 0.17530654 0.17530654 0.17530654 0.17530654 0.9663318
4.570699 5.0719724 4.570699 5.0719724 4.5706997 4.948373 4.9277616 4.4464173 4.9277616 4.4464173 4.9277625 4.446419 4.927763 4.4464197 4.927764 4.927765 4.927765 4.9277654 2.6608393 2.2539341 1.942039 1.8576374 2.2539344 2.2539344 2.2539344 2.2539344 1.8576379 1.3704952 1.6106918 1.1232165 1.1232167 1.2207067 1.2014118 0.9663116 0.9663116 0.9663118 0.9663118 0.9663118 0.9663119 1.370496 1.370496 1.370496 1.3704963 1.3704963 1.3704963 1.3704963 1.3704965 1.3704965 0.2552613 1.3704965 1.3704965 1.3704965 1.3704965 1.3704965 1.3704965 0.17530382 0.17530382 0.17530383 0.17530383 1.3704965
4.5706487 5.071919 5.0719194 5.0719194 5.0719194 4.94832 4.927709 4.927709 4.927709 4.927709 4.446368 4.927709 4.927709 4.4463687 4.9277096 4.9277105 4.927711 4.44637 2.660806 2.2539265 1.857621 1.857621 1.857621 2.2539265 2.2539265 4.821684 1.8576214 4.821684 1.3704821 0.9662924 0.9662925 0.9662925 0.9662925 0.96629274 0.96629286 1.1231979 0.966293 0.966293 0.9662931 0.9662931 0.25525796 0.25525796 0.25525802 1.3704826 1.3704827 1.8576223 1.8576225 0.25525808 1.3704828 1.3704828 1.3704828 1.3704829 1.3704829 1.370483 1.3704832 1.3704832 0.25525823 0.25525823 0.17530113 1.3704833
4.570599 5.071863 4.570599 5.0718637 4.5705996 4.4463186 4.4463186 4.9276543 4.9276543 4.9276543 4.9276543 4.9276543 4.9276547 4.9276557 4.4463205 4.9276557 4.9276557 2.6607707 2.2539194 1.3704684 1.3704685 5.871229 5.871229 2.2539194 2.2539194 2.2539194 4.821662 4.821662 4.821662 0.9662733 0.96627355 0.9662738 0.9662738 0.9662738 0.9662739 0.9662739 0.9662741 0.9662741 0.1752982 0.17529823 4.8216624 4.8216624 0.2552548 1.3704695 1.3704695 1.3704695 1.8576057 1.3704695 1.3704695 1.3704696 1.3704696 1.3704696 1.3704696 1.3704697 1.3704697 1.4911963 1.3704697 1.3704698 1.3704698 1.3704699
4.570548 4.570548 5.071807 5.071807 4.570548 4.4462686 4.446269 4.4462695 4.44627 4.446271 4.4462714 4.4462714 4.4462714 4.4462714 4.4462714 4.4462714 4.9276013 2.2539122 1.3704549 1.370455 1.3704551 0.26847568 1.3704553 1.3704553 2.2539122 2.2539122 4.82164 4.82164 4.82164 0.2841196 0.96625465 0.9662548 0.9662548 0.9662548 0.9662549 0.17529543 0.966255 1.2345057 0.17529547 0.17529547 0.17536572 4.821641 4.821641 4.821641 0.25525168 1.8575892 1.8575892 0.25525168 1.3704565 4.8216414 1.3704565 1.4911828 1.3704565 1.3704565 1.3704566 1.3704566 1.3704566 1.3704566 1.3704568 1.3704568
4.5704994 4.5705 5.0717545 4.5705 5.0717554 4.948155 4.9275427 4.9275427 4.9275427 4.9275427 4.9275427 4.9275427 4.9275436 4.927544 4.927544 4.927544 4.9275446 2.6607032 2.2539053 1.3704419 2.2539053 1.3704419 1.4911683 1.3704419 1.8575712 4.821619 4.8276196 4.821619 4.821619 1.3704422 0.17529267 1.12314 0.966236 1.3704423 0.966236 0.96623605 0.9662361 0.9662361 1.2551802 0.17975049 3.4223692 4.821619 4.82162 2.253906 2.253906 1.8575723 1.8575723 0.2552484 1.3704427 5.3297954 4.82162 1.3704429 1.3704429 1.3704429 1.6014194 1.3704432 1.3704432 1.3704433 1.4911697 1.3704433
4.57045 4.57045 5.0717 5.0717 5.0717 4.9480996 4.9274893 4.9274898 4.9274898 4.92749 4.92749 4.9274907 4.9274917 4.9274917 4.9274917 4.927492 4.4461703 2.6606696 2.2538981 2.2538981 2.2538981 0.25524497 1.3704287 1.3704287 1.8575549 4.821598 4.821598 5.3355436 1.3704287 1.3704287 0.25524512 1.3704292 1.3704292 1.3704292 0.9662171 1.3704294 1.3704294 1.3704294 0.9662173 0.96621734 0.96621746 1.3704294 1.3704294 0.2552452 2.2538984 2.2538984 2.2538984 0.2552452 1.8575559 1.8575559 1.3704296 1.3704296 1.3704296 1.3704296 1.3704296 0.2552453 0.2552453 1.4911563 0.25524533 1.8575563
4.5704007 5.0716467 5.0716467 5.071647 5.071647 4.9480457 4.927435 4.9274354 4.927436 4.927436 4.927436 4.927436 4.927436 4.927436 4.9274364 4.927437 4.4461217 4.9274373 0.0 2.2538908 2.2538908 0.25524175 1.3704154 1.8575382 1.8596228 4.821576 1.8575385 1.8575385 0.25524187 4.821576 1.3704157 1.3704157 1.3704158 1.3704158 1.4911422 1.3704159 0.2552419 1.370416 4.821576 1.370416 1.3704162 1.3704162 1.3704162 1.3704162 4.821577 1.3704163 1.3704163 1.3704163 1.8575394 1.8575394 1.491143 1.3704165 1.3704165 1.4911431 1.3704165 1.3704165 0.2552421 5.87111 0.2552421 0.28337812
4.570349 4.570349 5.071589 4.570349 4.570349 4.947991 4.4460697 4.9273796 4.44607 4.4460707 4.9273806 4.4460716 4.9273815 4.4460716 4.446072 4.927382 4.446072 4.4460726 3.93882 0.0 2.2538836 2.2538838 1.370402 1.8575214 1.8575214 0.2552386 1.3704022 1.3704022 1.8575219 0.25523862 1.4911288 1.3704025 0.17528445 0.25523865 0.25523865 0.25523865 2.2538843 2.2538843 2.2538843 1.3704026 1.3704027 1.3704027 1.3704027 1.3704027 1.8575226 1.3704029 1.3704029 1.370403 1.370403 4.821557 4.821557 4.821557 5.329732 2.2538843 1.8575232 0.25523886 3.1976273 5.8710804 3.543831 0.2552389
4.5703 5.0715356 4.5703006 5.0715365 4.570301 4.9479375 4.4460196 4.927327 4.4460206 4.927327 4.927327 4.4460206 4.927327 4.4460206 4.927327 4.446021 4.9273276 4.927328 4.446022 4.278784 2.2538762 2.2538762 2.2538762 4.827534 4.8215337 0.28047168 1.3703889 1.4219741 0.2552354 0.2552354 1.8575052 1.8575052 0.17528172 0.17528172 0.17528172 0.25523546 0.2552355 2.2538762 2.2538762 4.821534 0.2552355 1.3703896 1.857506 2.253877 2.253877 2.253877 1.3703898 1.3703898 1.8575063 1.8575063 4.8215346 4.8215346 2.253877 2.253877 3.1976144 3.1976144 3.1976144 3.1976144 2.2538774 2.2538774
4.570252 5.071483 5.071483 4.570252 5.071483 4.44597 4.927272 4.4459705 4.927273 4.445971 4.445971 4.927273 4.445971 4.927273 4.445971 4.927273 4.927273 4.927273 4.927273 2.5580332 0.0 2.253869 0.0 4.821512 4.821512 4.821513 1.491102 1.3703759 1.8574886 1.9418901 1.8574886 1.8574886 0.17527895 0.17527898 0.17527898 0.17527898 0.31876424 0.25523233 2.2538693 2.2538693 0.25523233 0.25523233 2.2538693 2.2538693 2.2538693 1.3703765 1.3703765 1.3703766 1.8574896 1.8574896 2.2538693 2.2538698 2.2853642 2.420658 2.420658 4.821514 3.1976013 2.25387 2.25387 2.25387
4.5701995 4.5701995 5.071426 5.071426 4.570201 4.9478273 4.927217 4.927217 4.927217 4.4459205 4.9272175 4.9272175 4.9272175 4.9272175 4.9272175 4.9272175 4.9272175 4.927218 4.9272184 4.9272184 3.9387097 0.0 2.2538626 2.2538626 4.821491 0.2684527 1.370362 1.8574717 1.8574717 1.857472 1.4219475 1.3703626 0.17527625 0.193086 0.193086 0.17527625 0.17527625 0.25522906 0.25522906 0.25522906 0.25522912 2.2538626 2.2538626 2.2538626 1.3703631 1.3703631 0.96612346 0.9661236 1.857473 1.8574731 4.821492 4.821492 2.2538626 2.4206297 2.424491 1.8574734 1.8574734 2.2538626 2.2538626 2.2538626
4.5701504 5.0713716 5.071372 5.0713725 5.071373 4.9477735 4.927162 4.927162 4.927162 4.927162 4.927162 4.9271626 4.9271626 4.9271626 4.927163 4.927163 4.927163 4.9271636 4.9271636 4.9271636 4.927164 2.253855 2.253855 4.82147 4.82147 0.25522572 0.25522572 0.25522572 1.370349 1.8574555 1.8574555 4.8214703 0.25522578 0.17527348 0.17527348 0.17527351 0.17527351 0.17527354 0.17527354 0.2552259 0.2552259 0.2552259 4.8214707 4.8214707 2.2538552 1.3703498 0.9661046 0.9661046 1.8574564 1.8574564 4.821471 4.821471 4.821471 2.4206014 2.5668325 2.2538552 4.821471 2.2538552 2.2538552 1.9192201
4.5701013 5.0713167 5.0713167 5.0713167 5.0713167 4.9477186 4.927108 4.9271083 4.927109 4.927109 4.927109 4.9271092 4.9271097 4.92711 4.92711 4.92711 4.92711 4.92711 4.927111 4.927111 4.927111 2.6604297 0.25522247 4.8214483 4.8214483 1.3703356 0.2552225 1.4910622 1.3703357 1.857439 1.3703359 0.2552226 0.2552226 0.17527074 0.17527074 0.17527074 0.1752708 0.19307959 0.1752708 0.1752708 0.25522265 0.25522268 4.8214493 4.8214493 1.3703364 1.3703365 1.3703365 1.3703365 1.3703365 4.82145 4.82145 4.82145 4.82145 2.2538483 2.2538483 2.2538483 2.2538483 2.2538483 4.82145 2.4194484
4.5700517 4.5700517 4.5700517 5.071263 4.570052 4.445771 4.445771 4.9270535 4.445771 4.445771 4.9270535 4.4457717 4.927054 4.4457717 4.4457717 4.927055 4.927055 4.4457736 4.9270563 4.445774 4.448535 2.2538404 0.25521928 0.25533676 4.821428 1.3703222 0.2552193 1.3703223 1.3703225 4.821428 6.225625 0.25521934 0.30172735 0.17526808 0.17526808 0.19307648 0.1752681 0.1752681 0.1752681 0.1752681 0.1752681 0.25521946 0.25521946 4.821428 1.3703233 1.8574231 1.8574231 1.3703234 1.3703234 1.3703234 4.8214283 4.8214283 2.2538407 2.2538407 2.2538407 2.2538407 2.2538407 2.2538407 4.8214293 4.8214293
4.570001 5.071207 5.0712075 5.0712075 5.0712085 4.947611 4.927 4.927 4.927 4.927 4.927 4.445723 4.927001 4.927001 4.927001 4.445724 4.9270015 4.445724 4.9270015 4.927002 4.495936 2.2538333 0.2552161 0.2552161 6.225602 0.25521612 0.25521612 1.3703092 4.821406 4.827406 4.821406 4.821406 0.25521618 0.17526525 0.17526528 0.17526528 0.19307324 0.17526528 0.17526531 0.17526531 0.21049678 0.17526534 1.37031 1.37031 1.37031 1.8574064 1.8574064 1.37031 1.3703101 1.3703101 4.821407 2.253834 2.253834 2.253834 2.253834 2.253834 2.253834 4.821407 4.8214073 4.8214073
4.5699515 5.071152 5.071152 5.0711527 4.569952 4.4456725 4.926945 4.926945 4.9269457 4.9269457 4.9269457 4.926946 4.9269466 4.9269466 4.926947 4.926947 4.4456744 4.926947 4.9269476 4.9269485 4.9269485 2.2538257 3.5435994 2.2538257 5.87083 0.2552129 0.2552129 4.8213844 4.8213844 4.8213844 4.8213844 4.8213844 0.28334793 0.25521296 0.1752625 0.19307002 0.17526253 0.19307008 0.1752626 0.1752626 0.25521308 1.3702965 1.3702967 1.3702967 1.3702967 1.8573899 1.3702967 1.8573899 1.8573899 2.2538266 2.2538266 4.8213863 2.2538266 2.2538266 2.2538266 2.2538266 2.2538266 4.8213863 4.8213863 2.2538266
