Export/ASCII/RMeteo_SP_inch/impervious0/net_infiltration_2016_SP1_inch.asc
ncols         660
nrows         338
xllcorner     1476100.0
yllcorner     5017100.0
cellsize      100
NODATA_value  -9.9000000089461e-20
[rows 54 to 80 of 338, columns 300 to 359 of 660]
0.38233584 0.38233584 0.38233584 0.38233584 0.38233584 0.3823358 0.3823358 6.218932 6.218932 6.218932 6.218932 3.106571 1.4882277 1.986826 1.986826 3.3189437 3.3242195 2.3900676 1.0959038 1.0606335 1.0618945 2.9318817 2.0127769 2.9318817 2.0127769 3.118768 1.9422264 5.329442 2.7477272 2.7477272 5.809017 5.809017 2.747727 2.747727 2.747727 2.747727 2.747727 2.747727 2.747727 4.1907573 3.3691096 3.3691096 3.3291154 1.5139139 1.5139139 1.5139139 1.5139139 1.5139139 1.5139139 1.5139139 1.5139139 1.5139139 1.5139136 2.0085654 2.0085654 0.380547 0.380547 0.26685122 1.5139134 1.5139134
5.8613114 5.8613114 5.8613114 0.38233206 6.218897 6.218897 6.218897 6.218897 6.218897 6.218897 6.218897 5.3644676 2.0823884 3.2834299 3.2834299 2.3536525 3.5341554 2.3900266 2.3900266 1.0618706 1.0606096 3.1186104 2.0127497 3.2577727 2.9318488 2.0127497 3.3279972 5.808976 2.7477064 2.7477062 5.8089757 2.7477062 2.7477062 2.7477062 2.7477062 2.7477062 2.7477062 2.7477062 2.7477062 5.2653093 4.1907287 3.3290787 3.3290787 1.5138935 1.5138935 1.5138935 0.26684627 0.26684627 0.26684624 0.26684624 0.2668462 1.5138935 1.5138935 2.0085502 0.38054323 0.38054323 0.38054323 0.38054323 1.5138932 1.513893
2.019228 2.019228 5.8612704 5.8612704 6.2188597 6.2188597 6.2188597 6.2188597 6.2188597 6.2188597 6.2188597 6.2188597 1.5743352 2.3536115 3.4946709 3.3188589 2.3536115 3.338558 3.338558 1.0605865 1.0618471 1.060586 2.8330455 2.012724 3.3846223 2.9318178 2.012724 7.9506226 0.38053972 0.38053972 2.7476864 2.7476864 2.7476861 2.7476861 2.7476861 2.7476857 2.0085359 2.0085359 5.8089333 4.13609 4.13609 3.3690343 3.3690343 2.0085354 2.0085354 1.5138737 1.5138737 0.2668412 0.2668412 0.2668412 0.26684117 2.0085354 2.0085354 2.0085354 0.38053948 0.26684108 0.26684108 0.38053945 0.38053945 0.38053942
1.5254139 2.019213 2.019213 2.019213 2.7644186 6.218822 6.218822 6.218822 6.218822 6.218822 6.218822 6.218822 6.445049 1.4918182 1.9166799 3.8128912 3.318817 2.3899417 3.8371122 2.3899417 1.0605627 1.0630527 1.9421501 3.1204698 2.0126977 11.619107 7.7325315 5.8088946 0.3805359 2.0085208 2.0085208 2.0085208 2.7476654 2.7476654 2.7476654 2.747665 2.747665 5.8088937 2.747665 4.1360617 4.1360607 4.19067 4.19067 4.13606 2.0085208 1.5138535 1.5138535 1.5138535 0.2668361 1.5138535 1.5138531 2.0085206 2.0085206 2.0085206 0.26683602 0.38053572 0.38053572 0.3805357 0.3805357 0.3805357
2.019198 2.019198 2.019198 2.019198 2.7643998 2.7643998 2.7643998 6.218786 6.218786 6.218785 6.218785 6.218785 6.218785 2.0214944 1.3281316 1.0770735 4.150673 3.338474 1.4872333 2.9426494 1.0618 1.060539 1.2988453 1.9421229 10.867194 2.747645 2.747645 0.38053218 0.38053218 1.5138339 1.5138339 2.008506 0.38053215 0.38053215 0.38053215 0.38053215 4.136033 4.136033 2.747645 2.747645 5.808852 4.136033 4.136033 4.136033 2.008506 1.5138332 1.5138332 1.5138332 1.513833 1.513833 2.0085058 2.0085058 2.0085058 0.38053206 0.38053206 0.38053206 0.38053206 0.38053197 0.38053197 0.38053197
2.0191832 2.0191832 2.0191832 2.0191832 2.764381 2.764381 2.764381 6.218748 6.218748 6.218748 6.218748 6.218748 6.218748 2.0191827 1.0770539 1.0787058 4.380466 2.3898592 3.1864457 2.0126448 1.0617763 1.0617763 2.0084913 2.0084913 2.7476244 2.7476244 2.7476242 0.26682624 0.26682624 0.38052842 0.38052842 0.38052842 0.38052842 0.38052842 0.38052842 0.3805284 4.136004 2.747624 2.747624 2.008491 6.1527395 5.808811 4.136004 4.136004 2.0084908 2.0084908 2.0084906 1.5138128 1.5138128 1.5138128 2.0084906 5.80881 0.38052827 0.38052827 0.38052827 0.38052827 0.38052827 0.266826 0.38052827 5.265032
2.0191681 2.214985 2.7643623 2.7643623 2.7643623 6.218711 2.0191681 6.218711 6.218711 6.218711 6.218711 6.218711 6.218711 2.0191677 1.0770332 1.0770332 1.0770332 2.3898172 2.3898172 1.0604925 2.0084765 2.0120003 5.80877 2.0084763 2.7476037 2.7476037 0.38052464 0.38052464 0.38052464 0.38052464 5.80877 5.80877 5.808769 5.808769 5.808769 5.808769 5.808769 2.7476032 2.7476032 2.0084758 6.1527023 5.808769 5.264965 2.7476032 2.0084758 2.0084758 0.38052458 0.26682097 1.5137928 1.5137928 0.38052455 2.747603 0.38052455 0.38052455 0.2668209 0.38052455 0.2668209 0.2668209 0.38052452 0.38052452
1.5253336 1.5253336 6.218674 2.0191526 2.0191526 2.0191526 2.0191526 2.0191526 6.218674 6.218674 6.218674 6.218674 6.218674 2.0191524 1.2060888 2.353406 1.8270376 3.3383448 2.3897753 2.3897753 5.808729 5.808729 5.808729 2.0084615 2.0084612 2.0084612 2.0084612 5.808729 5.808729 5.808729 5.808729 5.854365 5.808729 5.808729 5.808729 5.808729 5.808729 5.808729 2.747583 2.747583 5.808729 5.808728 5.2648954 5.2648945 0.3805209 0.3805209 0.266816 0.266816 1.5137725 1.5137725 2.0084608 2.7475824 0.38052085 0.38052085 0.38052085 0.3805208 0.26681587 0.26681587 0.26681584 0.26681584
1.5253135 1.5253135 2.0191379 2.0191379 2.0191379 1.5253135 2.0191379 2.0191379 5.8610215 5.8610215 5.8610215 5.8610215 6.2186365 6.2186365 6.2186365 3.323881 2.5130107 2.3897324 3.661018 3.338301 2.7475624 5.808689 5.808689 5.2648287 2.0084462 2.0084462 2.0084462 5.808688 5.808688 5.808688 5.808688 5.808688 5.808688 5.808687 5.808687 5.808687 5.808687 5.808687 2.747562 2.747562 5.808687 5.808687 5.808687 0.38051715 0.38051715 0.2668109 0.2668109 0.2668109 0.3805171 2.0084457 2.0084457 5.808687 0.3805171 0.3805171 0.3805171 0.26681083 0.26681083 0.26681083 0.26681083 0.26681083
1.5252937 1.5252937 1.5252934 1.5252934 1.5252934 1.5252934 1.5252934 2.0191224 2.0191224 5.86098 5.86098 5.86098 5.86098 6.218599 6.218599 2.3533235 1.8268745 3.7858515 2.3896904 3.8702443 5.8086476 5.8086476 5.8086476 5.8086476 2.0084312 2.0084312 2.0084312 2.747542 2.747542 5.808647 5.808647 5.808647 5.808647 5.808647 5.808647 5.808647 5.808646 5.808646 2.747542 2.747542 5.3290715 6.152589 5.808646 0.3805134 0.3805134 0.3805134 0.26680595 0.26680595 0.38051337 2.0084307 5.808646 5.808646 0.3805133 0.3805133 0.26680586 0.26680586 2.1974974 2.1974974 0.26680586 0.26680586
1.5252733 1.5252733 1.5252733 1.5252733 1.5252733 1.5252733 1.5252733 1.5252731 2.0191076 2.0191076 5.860939 5.860939 5.860939 5.860939 1.8267925 2.880399 2.5128434 1.7003958 3.3382156 1.7003958 5.329032 5.329031 5.808607 5.808607 2.0084164 1.513713 2.0084164 2.0084164 2.7475216 5.808606 2.0084162 2.0084162 5.808605 2.0084162 5.808605 5.808605 5.808605 5.808605 5.2646894 0.3805097 6.180193 2.0084162 6.1525526 5.808605 0.38050964 0.38050964 0.26680085 0.38050964 0.38050964 2.008416 0.3805096 5.808605 5.808605 0.3805096 0.3805096 0.26680076 0.2668007 0.2668007 0.38050953 0.38050953
0.2693377 0.2693377 1.5252535 1.5252534 1.5252534 1.5252534 1.5252534 1.5252532 2.0190926 2.0190926 5.860897 5.860896 5.860896 5.860896 2.5127594 1.8267105 3.5517123 2.9993289 2.3896055 3.1648142 5.328991 5.32899 2.0084016 5.8085647 2.0084014 2.0084014 2.0084014 2.0084014 2.0084014 5.8085647 2.0084014 2.0084014 2.0084014 2.1860037 2.0084014 5.8085647 5.8085647 5.8085647 5.8085647 0.38050595 0.38050595 2.0084014 6.1525135 0.38050595 0.38050595 0.38050595 0.3805059 0.3805059 2.0084012 2.0084012 0.3805059 5.808563 2.7475004 0.3805059 0.38050586 0.38050586 0.38050586 0.38050586 0.38050583 2.0084007
0.26933265 0.26933265 0.26933265 0.26933265 1.5252337 1.5252337 1.5252337 1.5252336 1.5252336 2.0190775 0.38229066 5.8608556 5.8608556 5.8608556 3.3410254 3.0397315 2.353199 4.0224547 1.4643307 1.0603504 7.2382345 5.328949 2.0083866 2.0083866 2.0083864 2.0083864 1.5136727 2.0083864 2.0083864 6.1801195 2.0083864 2.0083864 2.0083864 2.0083864 2.0083864 2.0083864 2.0083864 5.808523 5.808523 0.38050222 0.38050222 0.38050222 5.264552 0.26679093 0.26679093 0.26679093 0.3805021 0.3805021 5.808523 2.0083857 0.3805021 5.808523 2.7474794 2.7474794 0.3805021 0.3805021 0.38050207 0.38050207 0.38050205 2.0083857
0.26932773 0.26932773 0.26932773 0.2693277 1.5252137 1.5252137 1.5252137 1.5252136 1.5252136 2.0190628 5.8608155 5.8608155 5.8608155 5.8608155 2.353158 1.9864869 1.9864869 1.9528898 1.0603267 1.0603267 2.0083716 2.0083716 2.0083716 2.0083716 2.0083716 1.5136526 1.5136526 2.0083716 2.0083716 2.0083716 2.0083716 2.0083714 2.0083714 2.0083714 1.5136521 1.5136521 2.0083714 5.808482 5.808482 5.3289065 0.3804984 0.3804984 5.2644815 0.2667858 0.2667857 0.2667857 0.2667857 5.808482 5.808482 2.0083709 2.0083709 4.1357737 4.1357737 2.7474587 0.38049835 2.0083706 2.0083706 0.38049832 0.38049832 0.38049832
0.26932266 0.26932266 0.38228315 0.38228312 2.0190475 1.5251937 1.5251937 1.5251936 1.5251936 2.0190475 5.8607736 5.8607736 5.8607736 5.8607736 2.3531156 1.9864612 1.8264639 1.4480486 1.0615636 1.0603029 2.0083568 2.0083568 1.5136322 1.5136322 1.5136322 1.5136322 1.5136322 1.5136322 2.0083566 2.0083566 1.5136322 1.513632 1.513632 1.513632 1.513632 1.513632 2.0083563 5.8084393 2.0083563 2.0083563 5.8084393 5.264415 5.264415 0.26678073 0.2667807 3.6708574 3.6708574 2.008356 2.008356 2.008356 1.5136316 2.7474382 4.1357455 2.008356 0.38049468 2.008356 2.0083559 0.38049465 0.38049465 0.26678056
0.2693177 0.2693177 2.0190325 2.0190325 2.0190325 1.5251735 1.5251735 1.5251735 1.5251735 2.0190325 2.0190325 5.860732 5.860732 6.218377 2.3530755 2.8802578 1.0768504 1.0615401 2.3894405 1.06154 1.5136122 1.5136122 1.513612 1.513612 1.513612 1.513612 1.513612 1.513612 1.5136119 1.5136119 1.5136119 1.5136119 1.5136119 1.5136119 1.5136119 1.5136119 2.0083416 2.0083416 2.0083416 2.0083416 5.808399 2.0083416 0.380491 0.26677573 0.26677573 2.3617954 4.1357174 1.5136113 1.5136113 1.5136113 2.1973457 2.008341 2.008341 2.008341 2.008341 5.328824 6.18001 0.3804909 0.3804909 0.3804909
0.2693127 0.2693127 6.21834 2.0190175 1.5251535 1.5251535 1.5251535 1.5251535 1.5251535 1.5251535 2.0190172 5.860691 5.860691 5.860691 8.450634 2.821467 1.0768299 1.7002332 2.8635612 1.0602562 1.0615169 1.5135925 1.5135925 1.5135925 1.5135925 1.5135922 1.5135922 1.5135922 0.2667709 0.2667709 0.2667709 0.26677084 1.513592 1.513592 1.5135919 1.6253383 2.0083265 2.0083265 2.0083265 2.0083263 2.0083263 2.0083263 0.38048723 0.2667706 0.2667706 0.38048723 3.328517 1.513591 1.513591 1.513591 1.513591 1.513591 1.513591 2.008326 2.0083258 5.328782 5.328782 0.38048714 2.0083258 2.0083256
0.26930767 0.26930767 2.0190024 2.0190024 1.5251337 1.5251337 1.5251337 1.5251337 1.5251335 1.5251335 2.0190024 0.38227186 5.860649 0.38227186 0.38227186 2.8645465 1.0776421 1.0602326 3.0746489 1.0614933 1.0614933 2.7473776 2.0083115 2.0083115 2.0083115 2.0083115 1.5135717 1.5135717 0.26676577 0.26676577 0.26676577 0.26676568 0.26676568 0.26676568 0.26676565 0.26676565 1.5135715 1.5135715 1.5135715 2.0083113 2.0083113 2.0083113 0.3804835 0.26676562 0.26676562 0.26676562 1.524456 2.008311 1.5135713 1.5135713 1.513571 1.513571 1.5135708 1.5135708 2.0083108 2.0083108 2.0083108 5.8083158 2.0153058 5.8083158
1.5251138 1.5251138 1.5251138 1.5251138 1.5251137 1.5251137 1.5251137 1.5251137 1.5251135 0.26930267 0.38226804 0.38226804 0.382268 0.382268 0.382268 0.382268 2.2982883 1.0614696 1.6297019 1.0602088 1.0614694 2.008297 2.008297 2.008297 2.008297 2.0082965 1.5135514 1.5135514 0.26676065 0.26676065 0.26676065 0.26676062 0.26676062 0.26676062 1.5135511 1.5135511 1.5135511 1.5135511 1.5135511 2.0082965 2.0082965 2.0082965 0.2667606 0.2667606 0.2667606 5.808275 2.0082963 2.008296 2.008296 1.5135509 1.5135506 2.0082958 1.5135506 2.0082958 2.0082958 2.0082958 2.0082958 5.808275 5.808275 5.808275
1.5250936 1.5250936 1.5250936 1.5250936 1.5250936 1.5250936 2.0189724 2.0189724 2.0189724 0.38226432 0.38226432 0.38226432 0.38226432 0.38226432 0.38226432 0.38226432 2.8786926 1.0601851 1.209878 1.060185 1.5157373 2.008282 2.008282 2.008282 6.1798654 6.1798654 1.5135314 1.5135314 0.26675567 0.26675567 0.26675567 0.26675567 0.26675567 1.5135312 1.5135311 1.5135311 1.5135311 1.5135309 1.5135309 1.5135309 1.5135309 1.5135309 2.0082812 2.0082812 0.2667555 5.2640686 5.808235 5.808234 2.0082812 2.0082812 1.5135305 2.7473354 2.1858714 2.0082812 6.1798635 2.008281 2.008281 5.8082337 5.8082337 5.808233
1.7313095 1.5250736 1.5250736 1.5250736 1.5250734 1.5250734 2.0189574 2.0189574 2.0189574 5.860526 5.860526 0.3822606 0.3822606 0.3822606 0.2692926 0.3822606 0.38226056 2.01179 1.0696026 0.17690195 0.26675063 2.008267 2.008267 2.008267 6.179829 2.008267 1.5135113 1.5135113 0.26675063 0.26675057 0.26675057 0.26675057 0.26675057 1.5135111 1.513511 1.513511 1.513511 1.513511 2.0082667 2.0082667 2.0082667 2.0082667 2.0082667 2.0082667 0.2667505 5.264001 5.808194 5.808193 5.808193 0.38047224 0.38047224 0.38047224 2.747315 2.747315 5.808193 5.808193 5.808193 5.8081923 5.8081923 5.8081923
1.525054 1.525054 1.525054 1.525054 0.38225687 2.0189424 2.0189424 5.8604846 2.0189424 2.0189424 5.8604846 0.38225687 0.38225687 0.38225687 0.2692876 0.2692876 0.26928753 0.38046867 0.18507205 1.060138 1.5134914 2.008252 2.008252 6.1797924 6.1797924 2.008252 1.513491 0.2667456 0.2667456 0.2667456 0.2667456 0.2667456 1.513491 1.513491 1.5134908 1.5134908 1.5134908 1.6252372 2.0082517 2.0082517 2.0082517 5.808152 2.0082517 2.0082517 0.38046852 2.7472947 2.7472947 2.7472947 2.7472947 2.7472947 2.7472942 2.7472942 2.7472942 5.808152 5.808152 5.808152 5.808152 5.8081512 6.1797915 5.8081512
1.5250337 1.5250335 2.018927 2.018927 2.018927 2.018927 2.1974363 2.018927 2.018927 2.018927 2.018927 2.018927 0.38225305 0.38225305 0.26928264 0.26928264 0.26928264 0.26674065 3.7051847 1.0601144 2.0117598 2.008237 2.008237 0.38046485 0.26674056 0.38046485 0.26674056 0.26674056 0.26674056 0.26674053 0.26674053 0.26674053 1.5134706 1.5134706 1.5134706 1.5134704 1.5134704 2.0082364 2.0082364 2.0082364 2.0082364 2.0082364 2.0082364 2.747274 2.747274 2.747274 2.747274 2.747274 2.7472737 2.7472737 2.7472737 2.7472737 2.7472734 5.808111 5.808111 5.808111 5.808111 6.179754 6.179754 2.7472732
0.38224936 0.38224933 2.0189123 6.2180805 2.0189123 2.018912 2.018912 2.7640429 2.018912 2.018912 2.018912 2.018912 0.3822493 1.5250132 1.5250132 0.26927757 0.26927757 2.197146 1.987688 1.5156568 2.008222 2.008222 2.008222 0.26673546 2.1971455 0.26673546 0.26673543 0.26673543 0.26673543 0.26673543 0.26673543 0.26673543 1.5134507 1.5134507 1.5134507 1.5134507 1.5134507 2.0082219 2.0082219 2.0082219 2.0082216 2.7472534 2.0082216 2.0082216 2.0082216 2.0082216 2.0082216 2.7472534 2.7472532 2.7472532 2.747253 6.1520605 6.179717 5.8080697 2.747253 2.747253 2.747253 2.0082211 2.0082211 2.747253
0.3822456 0.3822456 0.3822456 0.3822456 6.2180433 2.018897 2.018897 2.7640238 5.4598513 5.3635125 2.018897 2.018897 2.018897 1.5249932 1.5249932 1.5249932 0.2692725 5.808031 2.0082073 1.0600668 1.0600668 2.0082073 2.0082073 1.5134306 1.5134306 0.26673055 0.2667305 0.2667305 0.2667305 0.26673043 0.26673043 1.5134306 1.5134306 1.5134306 1.5134306 1.5134306 1.5134306 1.5134306 0.3804574 2.0082073 2.008207 2.008207 2.008207 1.5134306 2.0082068 2.0082068 2.0082068 2.747233 2.747233 2.0082064 2.0082064 0.38045722 0.38045722 6.762901 2.7472324 2.7472324 2.7472324 2.0082061 2.0082061 2.0082061
0.38224185 0.38224185 0.26926765 0.38224185 0.38224185 0.38224185 0.38224185 0.38224185 0.38224185 0.38224182 0.38224182 0.38224182 2.018882 2.018882 1.524973 2.018882 0.38224182 5.8079896 2.0081923 1.0613041 1.0613041 2.0081923 2.0081923 2.008192 2.008192 2.008192 2.008192 2.008192 2.008192 0.3804537 2.7472126 2.7472126 1.5134101 1.5134101 1.5134101 1.5134099 1.5134099 2.0081918 0.38045362 0.38045362 2.7472126 2.0081918 1.5134099 1.5134099 2.0081918 2.0081918 2.0081916 2.0081916 2.0081916 5.328411 0.38045356 0.38045356 0.38045356 5.8079877 5.8079877 2.0081913 5.8079877 0.3804535 5.8079877 2.0081913
0.3822381 0.43421334 0.3822381 0.3822381 0.26926267 0.26926267 0.3822381 0.26926264 0.26926264 0.38223806 0.38223806 0.38223806 0.38223806 2.018867 2.018867 2.018867 0.38223806 2.0081773 1.06002 0.17700687 0.17687176 0.3808129 5.807949 5.807948 5.807948 5.807948 5.807948 0.38044992 0.38044992 0.3804499 2.7471921 2.7471921 2.0081768 1.5133903 0.26672038 0.26672032 0.26672032 0.3804499 0.3804499 2.0081768 2.0081768 2.0081768 1.5133897 1.5133897 1.5133897 1.5133897 2.0081768 2.0081768 2.0081768 6.151948 6.151948 6.151948 5.807947 5.807946 5.807946 5.8079453 5.8079453 5.8079453 5.8079453 5.8079453
