Export/ASCII/RMeteo_SP_inch/impervious0/net_infiltration_2015_SP4_inch.asc
ncols         660
nrows         338
xllcorner     1476100.0
yllcorner     5017100.0
cellsize      100
NODATA_value  -9.9000000089461e-20
[rows 156 to 181 of 338, columns 0 to 58 of 660]
2.1257977 2.1257977 2.1257977 2.1257982 2.1257982 2.048213 2.0482144 2.0482154 2.0482154 2.0482159 2.0482159 2.0482159 2.0482159 2.0482159 2.0482159 2.0482159 2.0482163 2.0482163 2.0482163 2.0482163 2.0482163 2.0482173 2.0482173 2.0482173 2.0482178 2.0482178 2.0482178 2.0482178 2.0482178 2.0482178 2.0482183 2.0482183 2.0482183 2.0482183 2.0482187 2.0482197 2.0482197 2.0482197 2.0482197 2.0482206 2.048221 2.048221 2.048221 2.048221 2.0482216 2.0482216 2.0482216 2.0482216 2.0482216 2.0482216 2.048222 2.0482225 2.0482225 2.0482225 2.0482225 2.0482225 2.0482225 2.048223 2.048223
2.1257544 2.1257544 2.1257544 2.1257544 2.1257544 2.04817 2.0481706 2.0481706 2.048171 2.048171 2.048171 2.048171 2.048171 2.0481715 2.048172 2.048172 2.048172 2.048172 2.048172 2.048172 2.048172 2.0481734 2.048174 2.0481744 2.0481744 2.0481744 2.0481744 2.0481749 2.0481758 2.0481758 2.0481763 2.0481763 2.0481768 2.0481768 2.0481768 2.0481768 2.0481772 2.0481772 2.0481772 2.0481772 2.0481772 2.0481772 2.0481772 2.0481772 2.0481777 2.0481777 2.0481777 2.0481777 2.0481777 2.0481777 2.0481782 2.0481787 2.0481787 2.0481787 2.0481787 2.0481787 2.0481787 2.0481787 2.0481787
2.1257076 2.125708 2.1257086 2.125709 2.125709 2.0481262 2.0481262 2.0481262 2.0481262 2.0481262 2.0481267 2.0481267 2.0481267 2.0481277 2.0481281 2.0481286 2.0481286 2.0481286 2.0481286 2.0481286 2.0481286 2.0481286 2.0481286 2.0481286 2.0481286 2.048129 2.048129 2.048129 2.048129 2.048129 2.048129 2.048129 2.048129 2.048129 2.048129 2.048129 2.048129 2.0481296 2.0481296 2.0481296 2.0481296 2.0481296 2.0481296 2.0481296 2.048131 2.048132 2.048132 2.048132 2.048132 2.048132 2.048132 2.048132 2.0481324 2.0481324 2.0481324 2.0481324 2.0481324 2.048133 2.048133
2.1256647 2.1256652 2.1256661 2.1256661 2.1256661 2.0480843 2.0480843 2.0480843 2.0480843 2.0480847 2.0480852 2.0480862 2.0480862 2.0480862 2.0480862 2.0480866 2.0480866 2.0480866 2.0480866 2.0480866 2.0480866 2.0480866 2.0480871 2.0480871 2.0480871 2.0480871 2.0480876 2.048088 2.048088 2.048088 2.048088 2.048088 2.048088 2.048088 2.048088 2.048088 2.048088 2.048088 2.048088 2.048088 2.048088 2.048088 2.048088 2.048088 2.048088 2.0480886 2.0480886 2.0480886 2.0480886 2.0480886 2.0480886 2.0480886 2.048089 2.048089 2.0480895 2.0480895 2.0480895 2.0480895 2.0480895
2.12562 2.12562 2.12562 2.1256204 2.1256208 2.0480385 2.0480385 2.0480385 2.0480385 2.0480394 2.04804 2.04804 2.04804 2.04804 2.04804 2.04804 2.0480404 2.0480404 2.0480404 2.0480404 2.0480404 2.0480404 2.0480404 2.0480404 2.0480404 2.0480409 2.0480418 2.0480418 2.0480423 2.0480423 2.0480433 2.0480433 2.0480433 2.0480433 2.0480433 2.0480433 2.0480433 2.0480437 2.0480437 2.0480437 2.0480437 2.0480437 2.0480437 2.0480442 2.0480447 2.0480447 2.0480447 2.0480447 2.0480447 2.0480447 2.0480447 2.0480447 2.0480447 2.0480447 2.0480447 2.0480452 2.0480452 2.0480456 2.0480456
2.125576 2.125576 2.125576 2.125576 2.125576 2.0479946 2.0479946 2.0479946 2.047995 2.047995 2.0479956 2.0479956 2.0479956 2.0479956 2.047996 2.047996 2.047997 2.047997 2.047997 2.047997 2.047997 2.047997 2.047997 2.047997 2.0479975 2.0479975 2.0479975 2.047998 2.047998 2.047998 2.047998 2.047998 2.0479984 2.0479984 2.0479984 2.0479984 2.0479984 2.0479984 2.0479984 2.0479984 2.047999 2.0479994 2.0479994 2.0479994 2.0479994 2.0479994 2.0479994 2.0479999 2.0479999 2.0480003 2.0480003 2.0480008 2.0480013 2.0480013 2.0480022 2.0480022 2.0480022 2.0480022 2.0480022
2.1255317 2.1255317 2.1255317 2.1255317 2.1255317 2.0479488 2.0479488 2.0479493 2.0479493 2.0479498 2.0479503 2.0479503 2.0479507 2.0479507 2.0479507 2.0479507 2.0479507 2.0479512 2.0479517 2.0479522 2.0479522 2.0479522 2.0479527 2.0479531 2.0479531 2.0479531 2.0479546 2.0479546 2.0479546 2.047955 2.047955 2.047956 2.047956 2.0479565 2.0479565 2.0479565 2.0479565 2.0479565 2.0479565 2.0479565 2.0479565 2.0479565 2.0479565 2.0479565 2.0479565 2.0479565 2.0479565 2.0479565 2.0479565 2.0479565 2.0479565 2.0479584 2.0479584 2.0479584 2.0479584 2.0479584 2.0479584 2.0479584 2.0479584
2.1254869 2.1254869 2.1254869 2.1254869 2.1254869 2.047906 2.047906 2.0479064 2.0479069 2.0479074 2.0479078 2.0479083 2.0479083 2.0479088 2.0479088 2.0479088 2.0479088 2.0479088 2.0479097 2.0479097 2.0479097 2.0479093 2.0479097 2.0479097 2.0479102 2.0479102 2.0479102 2.0479102 2.0479107 2.0479112 2.0479112 2.0479112 2.0479112 2.0479112 2.0479112 2.0479112 2.0479112 2.0479112 2.0479116 2.0479116 2.0479116 2.0479116 2.0479116 2.0479116 2.0479116 2.0479116 2.0479116 2.0479126 2.0479126 2.0479126 2.0479126 2.047913 2.047913 2.047913 2.047913 2.047913 2.047913 2.047913 2.0479136
2.1254416 2.125442 2.1254425 2.1254425 2.1254425 2.047862 2.047863 2.047863 2.047863 2.0478635 2.0478635 2.0478635 2.0478644 2.0478644 2.0478644 2.0478644 2.0478644 2.0478644 2.047865 2.0478654 2.0478654 2.0478654 2.0478654 2.0478654 2.0478654 2.0478654 2.0478654 2.0478659 2.0478659 2.0478659 2.0478659 2.0478663 2.0478663 2.0478668 2.0478668 2.0478668 2.0478668 2.0478668 2.0478668 2.0478668 2.0478673 2.0478678 2.0478687 2.0478687 2.0478687 2.0478687 2.0478692 2.0478692 2.0478692 2.0478692 2.0478692 2.0478692 2.0478697 2.0478697 2.0478697 2.0478697 2.0478697 2.0478697 2.0478702
2.1253982 2.125399 2.125399 2.125399 2.1254 2.0478191 2.0478191 2.0478191 2.0478191 2.0478191 2.0478191 2.0478191 2.0478196 2.0478196 2.0478196 2.04782 2.0478206 2.0478206 2.0478206 2.047821 2.047821 2.047821 2.047821 2.047821 2.047821 2.0478215 2.0478215 2.047822 2.047822 2.047822 2.0478225 2.0478225 2.0478225 2.0478234 2.0478234 2.0478234 2.0478234 2.047824 2.047824 2.047824 2.0478244 2.0478244 2.0478249 2.0478249 2.0478249 2.0478249 2.0478249 2.0478249 2.0478249 2.0478249 2.0478249 2.0478249 2.0478249 2.0478249 2.0478249 2.0478249 2.0478249 2.0478249 2.0478253
2.1253533 2.1253533 2.1253533 2.1253538 2.1253538 2.0477748 2.0477748 2.0477753 2.0477753 2.0477757 2.0477757 2.0477762 2.0477762 2.0477762 2.0477767 2.0477767 2.0477767 2.0477767 2.0477767 2.0477767 2.0477767 2.0477767 2.0477767 2.0477772 2.0477772 2.0477777 2.0477777 2.0477777 2.0477777 2.0477781 2.0477781 2.0477781 2.0477796 2.0477796 2.0477796 2.0477796 2.0477796 2.0477796 2.04778 2.04778 2.04778 2.0477805 2.0477805 2.0477805 2.0477805 2.0477805 2.0477805 2.0477805 2.0477805 2.0477805 2.0477805 2.047781 2.047781 2.047781 2.047781 2.047781 2.047781 2.047781 2.047781
2.1253085 2.125309 2.125309 2.1253095 2.12531 2.0477304 2.047731 2.047731 2.047731 2.047731 2.047731 2.047731 2.047731 2.047731 2.047731 2.047731 2.0477314 2.0477314 2.0477319 2.0477319 2.0477319 2.0477319 2.0477319 2.0477319 2.0477319 2.0477319 2.0477319 2.0477324 2.0477324 2.0477333 2.0477343 2.0477343 2.0477343 2.0477343 2.0477357 2.0477357 2.0477357 2.0477357 2.0477362 2.0477362 2.0477362 2.0477371 2.0477371 2.0477371 2.0477376 2.0477376 2.0477376 2.0477376 2.047738 2.047738 2.047738 2.047738 2.047738 2.047738 2.047738 2.047738 2.047738 2.047738 2.047738
2.1252642 2.1252651 2.1252651 2.1252651 2.1252651 2.047688 2.047688 2.047688 2.047688 2.047688 2.047688 2.0476885 2.0476885 2.047689 2.047689 2.047689 2.047689 2.0476894 2.0476894 2.04769 2.04769 2.04769 2.04769 2.04769 2.04769 2.0476909 2.0476909 2.0476909 2.0476909 2.0476909 2.0476909 2.0476909 2.0476909 2.0476913 2.0476913 2.0476913 2.0476913 2.0476913 2.0476913 2.0476913 2.0476913 2.0476918 2.0476918 2.0476918 2.0476918 2.0476918 2.0476918 2.0476918 2.0476923 2.0476923 2.0476933 2.0476933 2.0476933 2.0476933 2.0476933 2.0476933 2.0476933 2.0476933 2.0476933
2.1252213 2.1252213 2.1252213 2.1252213 2.1252217 2.0476432 2.0476441 2.0476441 2.0476441 2.0476441 2.0476441 2.0476441 2.0476441 2.0476441 2.0476441 2.0476441 2.0476441 2.0476441 2.0476441 2.0476441 2.0476446 2.0476446 2.047645 2.047645 2.047645 2.047645 2.0476456 2.0476456 2.0476456 2.0476456 2.047646 2.047646 2.047646 2.047646 2.0476465 2.047647 2.047647 2.047647 2.0476475 2.0476475 2.0476475 2.0476475 2.0476475 2.0476475 2.0476475 2.0476475 2.0476475 2.0476475 2.0476475 2.047648 2.047648 2.047648 2.0476484 2.0476484 2.0476484 2.047649 2.047649 2.0476494 2.0476494
2.1251755 2.1251755 2.1251764 2.1251764 2.1251764 2.047598 2.047598 2.0475984 2.0475984 2.0475984 2.0475988 2.0475988 2.0475993 2.0475993 2.0475993 2.0475993 2.0475993 2.0475998 2.0475998 2.0476003 2.0476007 2.0476017 2.0476017 2.0476027 2.0476027 2.0476027 2.0476027 2.0476027 2.0476027 2.0476027 2.0476027 2.0476031 2.0476031 2.0476031 2.0476031 2.0476031 2.0476031 2.0476031 2.0476031 2.0476031 2.0476031 2.0476031 2.0476031 2.0476031 2.0476031 2.0476036 2.0476036 2.0476036 2.0476036 2.047604 2.047604 2.047604 2.047604 2.047604 2.047604 2.0476046 2.0476046 2.0476046 2.0476046
2.1251307 2.1251307 2.1251311 2.1251316 2.1251316 2.0475554 2.0475554 2.047556 2.047556 2.047556 2.047556 2.047556 2.0475564 2.0475564 2.0475564 2.0475564 2.0475564 2.0475564 2.0475564 2.0475569 2.0475569 2.0475569 2.0475569 2.0475574 2.0475574 2.0475574 2.0475574 2.0475574 2.0475578 2.0475583 2.0475583 2.0475583 2.0475583 2.0475583 2.0475583 2.0475588 2.0475588 2.0475588 2.0475588 2.0475593 2.0475593 2.0475593 2.0475597 2.0475597 2.0475597 2.0475602 2.0475602 2.0475602 2.0475602 2.0475602 2.0475607 2.0475607 2.0475607 2.0475607 2.0475612 2.0475612 2.0475616 2.0475616 2.0475616
2.1250873 2.1250873 2.1250873 2.1250873 2.1250877 2.0475087 2.0475087 2.0475092 2.0475092 2.0475092 2.0475092 2.0475092 2.0475092 2.0475092 2.0475092 2.0475092 2.0475092 2.0475092 2.0475097 2.0475101 2.0475106 2.0475106 2.0475106 2.0475106 2.0475106 2.047511 2.0475116 2.0475116 2.047512 2.0475125 2.0475125 2.0475125 2.0475125 2.0475125 2.0475125 2.047513 2.047513 2.047514 2.0475144 2.0475144 2.0475144 2.0475144 2.0475154 2.0475154 2.0475154 2.0475159 2.0475159 2.0475159 2.0475159 2.0475159 2.0475159 2.0475159 2.0475159 2.0475168 2.0475168 2.0475168 2.0475173 2.0475183 2.0475183
2.1250424 2.1250424 2.1250424 2.1250424 2.1250424 2.0474648 2.0474648 2.0474648 2.0474663 2.0474663 2.0474663 2.0474663 2.0474672 2.0474687 2.0474696 2.04747 2.0474706 2.0474706 2.047471 2.047471 2.047471 2.047471 2.047471 2.0474715 2.0474715 2.0474715 2.0474715 2.0474715 2.0474715 2.0474715 2.0474715 2.0474715 2.0474715 2.047472 2.047472 2.047472 2.047472 2.047472 2.047472 2.047472 2.047472 2.047472 2.0474725 2.0474734 2.0474734 2.0474734 2.0474734 2.0474734 2.0474734 2.0474734 2.0474734 2.0474734 2.0474734 2.047474 2.047474 2.047474 2.047474 2.047474 2.047474
2.1249976 2.124998 2.124998 2.124998 2.1249986 2.0474224 2.047423 2.047423 2.0474234 2.0474234 2.0474234 2.0474234 2.0474234 2.0474234 2.0474243 2.0474243 2.0474243 2.0474243 2.0474243 2.0474243 2.0474243 2.0474248 2.0474248 2.0474248 2.0474248 2.0474248 2.0474257 2.0474257 2.0474257 2.0474257 2.0474257 2.0474257 2.0474257 2.0474257 2.0474257 2.0474257 2.0474257 2.0474257 2.0474257 2.0474257 2.0474257 2.0474257 2.0474267 2.0474267 2.0474267 2.0474267 2.0474267 2.0474267 2.0474267 2.0474272 2.0474272 2.0474272 2.0474272 2.0474272 2.0474272 2.0474272 2.0474277 2.0474277 2.0474277
2.1249547 2.1249547 2.1249552 2.1249552 2.1249557 2.047379 2.047379 2.047379 2.047379 2.0473795 2.0473804 2.0473804 2.0473804 2.0473804 2.0473804 2.047381 2.047381 2.047381 2.047381 2.047381 2.0473814 2.0473814 2.0473819 2.0473819 2.0473819 2.0473824 2.0473824 2.0473824 2.0473824 2.0473824 2.0473824 2.0473824 2.0473824 2.0473824 2.0473833 2.0473833 2.0473833 2.0473833 2.0473833 2.0473833 2.0473833 2.0473833 2.0473833 2.0473843 2.0473843 2.0473843 2.0473847 2.0473847 2.0473847 2.0473847 2.0473847 2.0473847 2.0473847 2.0473847 2.0473847 2.0473847 2.0473847 2.0473847 2.0473847
2.1249104 2.1249104 2.1249104 2.1249104 2.1249104 2.0473332 2.0473347 2.0473347 2.0473347 2.0473347 2.0473347 2.0473347 2.0473351 2.0473351 2.0473351 2.0473351 2.0473356 2.0473356 2.0473356 2.0473356 2.0473356 2.047336 2.0473366 2.0473366 2.047337 2.047337 2.0473375 2.0473375 2.0473375 2.0473375 2.0473375 2.0473375 2.047338 2.047338 2.0473385 2.0473385 2.0473385 2.0473385 2.0473385 2.0473385 2.0473385 2.0473385 2.0473385 2.0473385 2.0473385 2.0473385 2.047339 2.0473394 2.0473394 2.0473394 2.04734 2.04734 2.04734 2.0473409 2.0473413 2.0473413 2.0473418 2.0473423 2.0473428
2.1248655 2.1248655 2.124866 2.124866 2.124866 2.0472903 2.0472903 2.0472903 2.0472903 2.0472903 2.0472903 2.0472903 2.0472903 2.0472903 2.0472903 2.0472903 2.0472913 2.0472913 2.0472913 2.0472913 2.0472913 2.0472913 2.0472918 2.0472918 2.0472918 2.0472918 2.0472922 2.0472922 2.0472922 2.0472932 2.0472932 2.0472937 2.0472937 2.0472937 2.0472937 2.0472946 2.047295 2.047295 2.047295 2.0472965 2.0472965 2.0472965 2.0472965 2.0472965 2.0472965 2.0472965 2.0472965 2.0472965 2.047297 2.047297 2.0472975 2.0472975 2.0472975 2.0472975 2.0472975 2.0472975 2.0472984 2.0472984 2.047299
2.1248212 2.1248212 2.1248212 2.1248212 2.1248212 2.0472455 2.0472455 2.047246 2.047246 2.047246 2.047246 2.047246 2.047246 2.047246 2.047246 2.0472465 2.047247 2.0472474 2.0472474 2.0472474 2.0472474 2.047248 2.047248 2.0472488 2.0472488 2.0472493 2.0472498 2.0472503 2.0472503 2.0472503 2.0472503 2.0472503 2.0472503 2.0472503 2.0472503 2.0472507 2.0472507 2.0472507 2.0472507 2.0472512 2.0472512 2.0472512 2.0472512 2.0472517 2.0472517 2.0472517 2.0472522 2.0472527 2.0472527 2.0472527 2.0472527 2.0472527 2.0472527 2.0472536 2.0472536 2.0472536 2.0472536 2.0472536 2.0472536
2.1247764 2.1247768 2.1247768 2.1247773 2.1247773 2.047202 2.0472026 2.0472026 2.0472026 2.0472026 2.047203 2.0472035 2.0472035 2.0472035 2.0472035 2.0472035 2.047204 2.047204 2.047204 2.0472045 2.0472045 2.0472045 2.0472045 2.0472045 2.0472045 2.0472045 2.047205 2.047205 2.047205 2.047205 2.0472054 2.0472054 2.0472074 2.0472074 2.0472074 2.0472083 2.0472083 2.0472083 2.0472083 2.0472083 2.0472088 2.0472088 2.0472088 2.0472088 2.0472088 2.0472088 2.0472088 2.0472088 2.0472088 2.0472088 2.0472088 2.0472093 2.0472093 2.0472093 2.0472093 2.0472093 2.0472093 2.0472093 2.0472093
2.1247315 2.1247325 2.1247325 2.1247325 2.1247325 2.0471578 2.0471578 2.0471578 2.0471578 2.0471578 2.0471578 2.0471582 2.0471582 2.0471587 2.0471587 2.0471587 2.0471587 2.0471592 2.0471592 2.0471592 2.0471592 2.0471592 2.0471592 2.0471601 2.0471601 2.0471601 2.0471601 2.0471606 2.047161 2.047161 2.0471616 2.047162 2.047162 2.047162 2.047162 2.0471625 2.0471625 2.0471625 2.0471625 2.0471625 2.0471625 2.0471625 2.0471625 2.0471625 2.0471625 2.0471625 2.0471625 2.0471625 2.0471635 2.0471635 2.0471635 2.047164 2.047164 2.047164 2.047164 2.0471644 2.0471644 2.0471644 2.0471644
2.1246867 2.1246867 2.1246867 2.1246881 2.1246881 2.047113 2.047113 2.0471134 2.047114 2.047114 2.047114 2.0471144 2.0471148 2.0471148 2.0471148 2.0471148 2.0471153 2.0471158 2.0471158 2.0471158 2.0471158 2.0471158 2.0471158 2.0471158 2.0471158 2.0471158 2.0471163 2.0471168 2.0471168 2.0471168 2.0471168 2.0471168 2.0471168 2.0471168 2.0471168 2.0471172 2.0471177 2.0471177 2.0471177 2.0471177 2.0471187 2.0471191 2.0471191 2.0471191 2.0471191 2.0471191 2.0471191 2.0471196 2.0471196 2.0471196 2.04712 2.0471206 2.0471206 2.0471206 2.047121 2.047121 2.047121 2.0471215 2.0471215
