Export/ASCII/RMeteo_SP_inch/impervious0/net_infiltration_2017_SP4_inch.asc
ncols         660
nrows         338
xllcorner     1476100.0
yllcorner     5017100.0
cellsize      100
NODATA_value  -9.9000000089461e-20
[rows 0 to 25 of 338, columns 120 to 179 of 660]
0.1796324 0.17963243 0.17963243 0.17963243 0.17963243 0.17963243 0.17963243 0.17963243 0.17963243 0.17963243 0.17963243 0.17963243 0.17963243 1.0433339 1.0433339 1.0433339 1.0433342 1.0433342 1.0433342 1.3780571 1.3780571 1.3780572 1.3780572 1.3780572 0.28007066 1.3780575 1.3780575 1.0433347 1.0433347 1.0433348 1.0433348 1.0433348 1.0433348 1.0433348 1.0433348 1.043335 1.043335 1.043335 1.043335 1.3780575 1.3780575 0.28521645 0.18071051 0.18071051 0.18071051 0.18071051 1.081352 1.4040902 1.081352 1.0813522 1.0813522 1.0813522 1.4040903 1.0813522 1.0813522 1.0813522 1.0813522 1.4040905 1.4040905 1.4040905
0.1796281 0.17962815 0.17962815 0.17962815 0.17962815 0.17962815 0.17962815 0.17962815 0.17962816 0.17962816 0.17962816 0.1796282 0.1796282 1.0433024 1.0433024 1.0433024 1.0433029 1.0433029 1.0433029 1.0433029 1.3780404 1.3780406 0.28006646 0.28006646 0.28006646 1.3780407 1.3780407 1.0433033 1.3780407 1.3780409 1.0433034 1.0433034 1.0433036 1.0433036 1.0433036 1.0433036 1.0433036 1.0433036 1.3780411 1.3780411 0.28006658 0.28521234 0.18070586 0.18070586 0.18070586 0.18070589 0.2852124 1.404074 1.404074 1.404074 1.0813273 1.0813273 1.0813273 1.0813273 1.0813273 1.0813273 1.0813273 1.0813276 1.404074 1.404074
0.17962395 0.179624 0.179624 0.17962402 0.17962402 0.17962402 1.4482595 1.4482595 0.17962402 0.17962402 0.17962405 0.17962405 0.17962405 0.17962405 1.0432711 1.0432713 1.0432713 1.0432713 1.0432713 1.0432713 1.0432713 0.17962411 0.28006232 0.28006235 0.28006235 1.3780241 1.3780241 1.3780241 1.3780241 1.3780241 1.3780241 1.0432723 1.0432723 1.0432723 1.0432723 1.0432725 1.0432725 1.0432725 1.3780243 1.3780243 1.0432725 0.1807013 0.1807013 1.0813026 1.0813026 0.18070133 0.28520826 1.4040573 1.4040573 1.4040574 1.081303 1.081303 1.081303 1.081303 1.081303 1.081303 1.081303 0.28520828 0.28520828 0.28520828
1.4482276 0.17961976 0.17961976 0.17961976 0.17961976 1.0432392 1.0432395 0.17961976 0.17961979 0.17961979 0.1796198 0.1796198 0.1796198 1.0432397 1.0432397 1.0432397 1.0432397 1.0432397 1.0432402 1.0432402 1.0432402 0.17961992 0.2800581 0.28005815 0.28005815 1.3780073 1.3780075 1.3780075 1.3780075 1.3780075 0.2800582 1.3780075 1.0432409 1.0432409 1.0432409 1.0432411 1.0432411 1.0432411 1.043241 1.043241 1.043241 1.0812781 1.0812781 1.0812781 1.0812781 0.28520417 0.28520417 1.404041 1.404041 1.404041 1.0812783 1.0812783 0.18069689 1.4869679 1.4869679 0.18069689 0.18069689 0.28520426 1.4040413 0.28520426
1.448196 0.17961556 0.17961556 0.17961559 1.0432079 1.0432079 1.0432079 0.1796156 0.1796156 1.0432079 1.0432081 1.0432081 1.0432081 1.0432085 1.0432085 1.0432087 1.0432087 1.0432087 1.0432087 1.0432087 1.0432088 1.0432088 0.17961577 0.28005397 0.28005397 0.28005397 0.280054 0.280054 0.280054 0.28005403 1.3779907 1.3779907 1.0432097 1.0432097 1.0432097 1.0432097 1.0432097 1.0432097 1.0432097 1.0432097 1.0432097 1.0812535 1.0812535 1.0812535 1.0812535 1.4040245 0.2852001 0.2852001 4.944316 1.4040246 1.0812536 1.0812536 1.0812539 1.4869368 1.5672802 1.4869368 1.081254 1.404025 0.28520015 0.28520015
0.17961138 1.0431764 1.0431764 0.17961141 0.17961141 1.0431767 1.0431767 1.0431767 1.0431767 1.0431767 1.0431767 1.0431767 1.0431767 1.0431767 1.0431767 1.0431767 1.0431767 1.0431767 1.3779739 1.043177 1.0431772 1.0431772 0.17961153 0.17961153 0.28004983 0.28004983 1.7926656 0.28004983 0.28004983 0.28004983 1.377974 1.0431774 1.0431774 1.0431774 1.0431774 1.0431776 1.0431776 1.0431776 1.0431781 1.4481665 1.4481665 1.0812287 1.0812287 1.0812287 1.0812287 1.0812292 1.0812292 0.28519595 1.4040082 1.4040082 1.0812292 0.18068768 1.0812292 1.4869058 1.4869058 1.0812292 1.0812293 1.0812293 0.18068773 0.2118468
0.1796072 1.0431451 1.0431451 1.0431452 1.0431452 1.0431452 1.0431452 1.0431452 1.0431452 1.0431452 1.0431452 1.0431452 1.0431452 1.0431452 1.0431452 1.0431453 1.0431453 1.0431453 1.3779572 1.3779572 1.3779572 1.0431454 0.1796073 0.2800457 0.2800457 0.2800457 0.2800457 0.2800457 0.2800457 0.2800457 1.3779573 1.0431465 1.0431465 1.0431465 1.0431465 1.0431466 1.0431466 1.0431466 1.0431468 1.0431468 1.4481351 0.1806831 0.1806831 1.0812042 1.0812043 1.0812043 1.0812043 1.0812043 1.0812044 1.0812044 1.0812044 0.18068317 0.18068317 4.2309265 0.24174632 0.18068317 1.0812045 1.0812045 0.18068317 0.18068317
0.17960303 1.1706893 1.0431136 1.0431136 1.0431136 1.0431137 1.0431137 1.043114 1.043114 1.043114 1.043114 1.043114 1.0431145 1.0431145 1.0431145 1.0431145 1.0431145 1.0431145 1.3779407 1.3779407 1.3779407 1.3779407 0.17960314 0.17960314 0.28004152 0.28004152 0.28004152 0.28004152 0.28004158 0.28004158 0.28004158 0.17960322 0.17960322 1.0431151 1.3779411 1.3779411 1.3779411 1.3779411 1.0431156 0.17960326 0.17960326 1.0811799 1.0811799 1.0811799 1.0811799 1.0811799 1.0811799 1.0811799 1.08118 1.08118 0.18067862 0.18067862 1.4868435 4.230873 0.18067864 0.18067864 0.18067864 0.18067864 0.18067864 1.4868435
0.17959884 1.0430821 1.0430821 1.0430822 1.0430822 1.1706641 1.0430825 1.0430826 1.0430826 1.0430826 1.0430826 1.0430826 1.043083 1.043083 1.043083 1.043083 1.3779237 1.377924 0.28003725 1.377924 1.3779242 1.3779242 0.2800373 0.17959899 0.28003734 0.28003734 1.3779243 1.0430837 1.0430839 0.28003737 0.17959905 0.17959909 0.17959909 0.17959909 0.28003743 0.28003743 0.28003743 0.28003746 1.4480722 1.4480722 0.1795991 1.0811551 1.0811551 1.0811551 1.0811551 1.0811551 1.0811551 1.0811551 1.0811551 1.0811551 1.0811551 1.4868124 1.4868124 0.1950391 0.18067402 0.18067408 0.18067408 0.18067408 0.18067408 1.4868124
0.1795946 0.1795946 0.1795946 0.17959465 1.3779069 1.3779069 1.043051 1.043051 1.043051 1.043051 1.0430512 1.0430512 1.0430512 1.0430512 1.0430512 1.3779074 1.3779074 4.5783167 4.5783167 0.28003314 1.3779075 1.3779075 1.3779075 0.28003314 0.1795948 0.28003317 1.3779078 1.043052 1.043052 0.2800332 0.2800332 0.28003323 0.17959484 0.28003323 0.28003326 0.28003326 0.28003326 1.377908 1.7925829 1.4480407 1.4480407 1.0811304 1.0811304 1.0811304 1.0811305 1.0811305 1.0811305 1.0811305 1.0811306 1.0811306 1.0811306 1.0811306 1.486781 0.1806695 0.1806695 0.1806695 0.1806695 0.1806695 1.0811309 1.0811309
1.4480071 1.4480071 4.1111546 4.1111546 4.8740897 1.3778901 1.5368323 1.0430197 1.0430197 1.0430197 1.0430197 1.0430197 1.0430201 1.0430201 1.3778905 1.3778905 1.792561 4.5782785 4.5782785 0.28002894 0.280029 4.5782785 4.5782785 0.280029 0.280029 1.3778907 1.3778907 1.3778907 1.377891 0.28002903 0.28002903 0.28002906 0.17959066 0.17959066 0.17959066 0.28002906 0.28002906 1.377891 1.377891 1.0430213 1.0430216 1.0811057 1.4039261 1.4039261 1.0811057 1.0811057 1.0811057 1.0811057 1.0811057 1.0811057 1.0811057 1.0811058 0.180665 0.180665 0.180665 0.180665 0.180665 0.180665 1.081106 1.081106
0.17958628 4.1110997 4.1111 1.1423109 4.874051 1.3778737 1.3778737 1.0429884 1.0429884 1.0429885 1.0429885 1.0429885 1.0429887 1.3778739 1.7925407 1.7925407 4.5782394 4.5782394 0.2800248 0.2800248 0.2800248 0.2800248 4.5782404 4.5782404 4.5782404 4.874053 4.874053 4.874053 4.5782404 1.3778744 1.3778744 0.17958646 1.0429896 1.0429896 1.0429896 1.0429896 1.3778746 1.0429899 1.0429899 1.0429899 1.04299 1.081081 1.4039098 1.4039098 1.4039098 1.0810812 1.0810812 1.0810812 1.0810812 1.0810812 1.0810812 1.0810814 1.0810814 0.18066053 0.18066053 0.18066056 0.18066056 0.18066056 0.18066056 1.0810816
1.0429566 4.111046 4.111046 1.0429566 4.5782003 1.3778569 1.3778569 1.1705627 1.0429568 1.042957 1.042957 1.042957 1.3778572 1.3778572 4.5782003 2.3705244 2.3705244 0.28002068 0.28002068 0.28002068 0.28002068 0.28002068 4.5782013 4.5782013 4.5782013 2.3705246 4.874014 4.874014 4.874014 1.3778579 1.3778579 1.042958 1.042958 1.377858 1.377858 1.042958 1.377858 1.377858 1.0429581 1.0429581 1.0429583 1.0810564 1.4038934 1.4038935 1.4038935 1.0810564 1.0810564 1.0810566 1.0810566 1.0810566 1.0810566 1.081057 1.081057 1.081057 1.081057 0.18065605 0.18065605 0.18065605 0.18065605 0.18065605
0.15811938 4.3359222 0.9716883 0.87583077 3.51027 0.8758309 0.8758309 0.87583125 0.87583125 0.87583125 1.2574655 1.2574655 1.2574655 4.241432 1.6489667 4.622299 4.241432 0.2409172 0.2409172 0.24091727 4.2414327 4.2414327 4.2414327 4.2414327 4.2414327 2.1586044 4.6223 4.6223 1.257466 1.257466 1.257466 0.8758322 0.8758322 1.2574661 4.241433 1.2574661 1.2574661 1.2574662 0.8758323 0.8758323 0.87583244 0.9340488 1.3562436 1.3562437 0.93404883 0.93404883 0.93404883 0.9340489 0.9340489 0.9340489 0.9340489 0.14908113 0.14908113 0.14908113 0.14908114 0.93404907 0.14908114 0.14908114 0.14908114 0.14908114
0.16133064 4.024108 0.8758076 0.1581157 0.1597139 0.87580764 0.87580764 0.87580776 0.87580776 0.87580776 1.2574489 1.6489458 1.6489458 4.2413974 4.62226 4.62226 4.62226 1.2574492 1.2574492 4.241398 4.241398 4.241398 4.241398 4.241398 4.241398 2.1585846 4.62226 1.2574495 1.2574495 0.8758084 0.87580854 0.87580854 0.87580854 1.2574495 4.241398 1.2574495 0.8758086 1.2574495 1.2574495 1.2574495 0.87580866 0.93402404 0.93402404 0.9340242 0.9340242 0.9340242 0.9340242 0.9340242 0.9340242 0.9340242 0.14907576 0.14907576 0.14907576 0.14907576 0.14907579 0.14907579 0.14907579 0.14907579 0.1490758 0.9340246
0.15811202 0.15811202 0.87578374 0.15811203 0.15374114 0.8757839 0.8757839 0.8757839 0.8757839 0.87578416 1.2574323 1.2574326 1.6489253 4.2413626 4.2413626 4.6222196 4.2413626 4.2413626 1.2574326 4.2413626 4.2413626 4.2413626 4.2413626 4.2413626 4.2413626 4.2413626 4.2413626 1.2574327 1.2574327 0.8757847 0.87578493 0.87578493 1.2574329 1.257433 4.2413626 1.257433 1.257433 1.257433 1.257433 1.257433 0.87578523 0.9339991 0.9339991 0.9339991 0.9339991 0.9339991 0.9339994 0.14907041 0.14907041 0.9339994 0.14907041 0.14907041 0.14907041 0.14907041 0.14907044 0.14907044 0.14907044 0.14907044 0.14907044 0.14907044
0.15810832 0.15831977 2.00899 0.24090134 1.2574154 1.2574154 0.87576026 1.2574155 1.2574155 0.87576026 0.87576026 1.2574157 1.2574157 4.2413273 4.2413273 4.2413273 4.2413273 4.2413273 4.2413273 4.2413273 4.2413273 4.2413273 4.2413273 4.2413273 4.241328 4.241328 4.241328 1.2574161 1.2574161 0.87576085 0.875761 0.875761 0.875761 1.2574162 1.2574162 1.2574162 1.2574162 0.87576115 1.2574162 1.2574162 0.8757613 0.93397427 0.93397427 0.93397427 0.93397427 0.149065 0.149065 0.149065 0.149065 0.9339745 0.93397474 0.93397474 0.14906505 0.14906505 0.14906509 0.14906509 0.14906509 0.2566526 0.25665262 0.9339752
0.1581046 0.1581046 0.15810461 0.24089614 1.257399 1.2919366 1.2573991 2.52718 1.2573991 1.2573991 0.8757364 1.2573991 1.2573991 4.241292 4.241293 4.241293 4.241293 4.241293 4.241293 4.241293 4.241293 4.241293 4.241293 4.241293 4.241293 4.241293 2.1585243 2.1585245 1.2573996 0.87573737 0.87573737 0.87573737 0.87573737 1.2573997 1.2573997 0.8757375 0.8757376 1.2573998 1.2573998 1.2573998 1.2573998 0.9339497 0.9339497 0.9339498 0.9339498 0.14905974 0.14905974 0.14905974 0.14905974 0.9339498 0.9339502 0.9339502 0.9339502 0.14905974 0.14905976 0.14905976 0.256647 1.3561747 1.356175 1.356175
4.2412558 1.7346416 1.2429268 0.24089086 4.2412567 4.2412567 2.5271528 2.5271528 1.6488627 1.2573823 1.2573823 1.2573823 4.2412567 1.6488627 4.2412567 4.2412567 4.2412577 4.2412577 4.2412577 4.2412577 4.2412577 4.2412577 2.1585042 4.2412577 4.241258 4.241258 4.241258 4.2412586 1.2573826 1.2573826 0.8757136 0.8757136 0.8757136 0.8757137 0.8757137 0.8757137 0.87571377 1.2573831 1.2573831 1.2573831 0.87571394 0.93392503 0.93392503 0.93392503 0.93392503 0.14905432 0.14905432 0.14905432 0.14905432 0.14905432 0.93392503 0.93392503 0.93392503 0.14905438 0.14905438 0.14905438 0.25664142 0.25664142 4.9712243 0.25664142
1.6488414 1.6488414 1.6488414 0.24088556 0.24088559 0.24088559 4.304683 1.6488417 1.6488417 1.6488417 1.257366 1.257366 4.2412214 1.6488422 1.6488422 4.241222 4.2412224 4.2412224 4.2412224 4.2412224 4.2412224 4.241223 4.241223 4.241223 4.241223 4.241223 4.241223 4.241223 4.241223 1.2573662 0.8756897 0.8756897 1.2573662 1.2573664 0.87568986 1.2573664 1.2573665 1.2573665 1.2573665 0.8756905 0.8756905 0.9339007 0.9339007 0.9339007 0.9339007 0.14904907 0.14904913 0.14904913 0.14904913 0.14904913 0.14904913 0.14904913 0.9339011 0.14904913 0.14904913 0.14904913 0.25663581 0.25663581 4.3180285 0.9339011
1.6488203 1.6488205 4.241186 4.241186 0.24088037 1.257349 1.257349 1.6488208 1.6488208 1.6488208 4.241187 4.241187 4.241187 1.6488209 1.6488209 4.241187 4.241187 4.241187 4.2411876 4.2411876 4.2411876 4.241188 4.241188 4.241188 4.241188 4.241188 4.241188 1.2573497 1.2573497 1.2573497 0.8756662 0.8756662 1.2573497 1.2573497 1.2573497 1.2573497 1.2573497 0.87566644 0.87566644 0.87566644 0.87566644 0.9338757 0.9338757 0.9338757 0.9338757 0.9338757 0.93387604 0.93387604 0.93387604 0.93387616 0.14904377 0.14904377 0.14904377 0.1490438 0.1490438 0.1490438 0.2566302 0.2566302 0.9338763 1.3476405
1.6487999 4.2411523 1.2573323 1.2573323 1.2573323 1.2573323 1.2573324 1.2573324 1.6488001 1.2573324 2.1584437 1.2573326 1.2573326 0.2408752 1.6488004 4.241153 1.6488004 1.6488004 4.241153 4.241153 4.241153 4.2411532 4.2411532 4.2411532 4.2411532 4.2411532 1.2573329 1.2573329 1.2573329 1.2573329 1.2573329 0.24087533 0.24087538 1.2573329 1.2573329 1.2573333 1.2573333 0.87564296 0.87564296 0.87564296 0.87564296 0.1490384 0.9338511 0.9338511 0.9338511 0.9338511 0.9338511 0.9338511 0.9338511 0.9338511 0.1490384 0.1490384 0.1490384 0.1490384 0.1490384 0.1490384 0.1490384 0.1490384 0.9338513 0.9338513
4.2411165 1.6487789 1.2573154 1.2573155 0.8756179 0.8756179 1.2573155 1.2573155 1.2573156 1.2573156 1.2573159 1.2573159 1.2573159 1.2573159 1.6487795 4.2411175 1.6487797 1.6487797 4.2411175 4.2411175 4.2411175 4.2411175 4.2411175 4.241118 4.241118 4.241118 1.2573164 1.2573164 1.2573164 0.24087006 0.24087006 0.24087006 4.2411184 1.2573164 1.2573164 1.2573165 0.24087007 0.87561893 0.8756191 0.8756191 0.15808628 0.14903297 0.93382645 0.93382645 0.93382645 0.9338265 0.9338265 0.9338265 0.9338265 0.9338265 0.9338265 0.14903307 0.14903307 0.14903308 0.14903308 0.14903308 0.14903308 0.14903313 0.9338268 0.9338268
2.1584027 1.6487582 1.2572987 1.257299 0.8755943 0.8755943 0.87559444 1.257299 0.8755945 0.8755945 1.2572992 1.2572992 1.2572992 1.2572994 0.24086468 4.241083 4.241083 4.241083 4.241083 1.6487588 4.241083 4.241083 4.241083 4.241083 4.241083 4.241083 4.2410836 4.2410836 0.2408648 0.2408648 4.241084 1.2572995 1.2572997 1.2572997 1.2572997 1.2572998 0.24086483 0.87559515 0.8755952 0.8755952 0.8755952 1.3560712 1.3560714 1.3560714 0.93380195 0.14902776 0.93380195 0.93380195 0.93380195 0.93380207 0.93380207 0.1490278 0.14902781 0.14902781 0.14902781 0.14902781 0.14902781 0.14902781 0.9338021 1.3475474
2.1583827 1.257282 0.2408593 0.8755703 0.15807866 0.1580787 0.1580787 0.24085936 1.2572823 1.2572823 0.87557054 1.2572823 1.2572823 1.2572823 1.2572823 4.241048 4.241048 4.241048 4.2410483 1.6487377 1.6487381 4.241049 1.6487381 4.241049 4.241049 4.241049 4.241049 4.241049 4.241049 4.241049 0.24085955 1.2572831 1.2572832 1.2572832 1.2572832 0.24085957 0.24085957 0.8755714 0.8755714 0.8755714 1.2572832 1.356054 1.356054 1.356054 0.93377686 0.1490224 0.9337772 0.9337772 0.14902243 0.14902243 0.14902243 0.14902243 0.14902243 0.14902243 0.14902243 0.14902243 0.14902245 0.14902245 0.14902245 0.93377733
4.6218224 4.023514 0.15807498 0.15807498 0.17895468 0.15807498 0.15807498 0.2408541 1.2572658 1.2572658 1.2572659 1.2572659 1.2572659 1.2572659 1.2572659 1.257266 1.257266 1.257266 4.2410126 2.1583629 1.6487172 1.6487172 1.6487172 1.6487173 4.6218233 4.2410126 4.241013 4.241013 4.241013 0.2408543 0.2408543 0.2408543 0.24085432 1.2572665 1.2572665 0.24085434 1.2572665 0.8755478 0.8755478 0.8755478 1.2572666 1.3560369 1.3560369 1.3560369 0.9337523 0.9337524 0.14901708 0.14901708 0.9337524 0.14901708 0.14901708 0.14901708 0.14901708 0.14901708 0.9337524 0.9337524 0.2566022 0.2566022 0.20356238 0.93375266
