Export/ASCII/RMeteo_SP_inch/impervious0/net_infiltration_2018_SP1_inch.asc
ncols         660
nrows         338
xllcorner     1476100.0
yllcorner     5017100.0
cellsize      100
NODATA_value  -9.9000000089461e-20
[rows 297 to 323 of 338, columns 540 to 599 of 660]
2.467195 2.5339706 3.7894542 3.6183736 3.6212385 3.4005353 1.2886533 1.1098716 2.467194 2.7604525 2.7604525 2.5339687 2.4671936 2.860616 2.5951495 2.8339825 2.8339825 2.5951486 2.833982 2.8288403 2.5951476 2.7528372 2.5951467 2.7528362 2.7528353 2.7528343 2.5951447 2.5951447 2.5951447 2.5951447 3.4230044 3.423004 4.046735 4.6917667 4.054055 2.5951433 2.752833 2.595142 2.8339753 2.7528315 2.5951414 2.8348486 2.8288321 2.59514 2.752829 2.5951395 2.5619607 2.8339725 1.2848133 1.1431642 2.5148056 2.5148041 2.5148041 2.558013 4.1078796 1.4792125 1.4792125 4.2078204 4.20782 4.20782
2.467173 3.7893622 4.0341816 3.5771782 3.400482 3.403673 3.3972847 2.4671726 2.533943 2.7765079 2.4671726 2.8411698 2.533942 2.8777688 2.7527719 2.8339138 2.8339133 2.752771 2.8339124 2.833912 2.752769 2.828771 2.7527685 2.8287706 2.8287702 2.8287687 2.7527666 2.7527666 2.7527666 2.7527666 2.5619135 3.4229457 3.4165952 3.6241496 4.2482634 3.961827 2.561912 2.8287663 2.8419323 2.8287659 2.7527637 1.2900023 2.8339062 2.7527637 2.8287659 2.7527633 2.5619097 2.8419309 2.5619092 1.2172803 1.1431313 2.5579538 2.557953 2.514743 1.9194913 1.9194913 1.4791917 3.6907878 3.6907873 3.690787
3.7892706 3.3972318 3.577122 3.6182563 3.4004257 3.4004257 2.4671516 2.5339172 2.4671507 2.8410702 2.5339162 2.4671507 2.6828263 2.886608 2.8287091 2.5618653 2.833848 2.8287086 2.833847 2.833847 2.5618653 2.833846 2.8287058 2.8338447 2.8338442 2.8338428 2.828703 2.828703 2.8287024 2.8287024 2.5950155 2.5618615 2.5618615 2.5618615 3.4414337 3.6129367 2.5950155 2.5618615 2.8338404 2.965405 1.2847347 1.1431003 1.285815 2.828699 2.5618587 2.8418689 2.5950122 2.5618587 2.8605006 2.5618577 1.2172408 1.1430981 2.514684 3.690736 2.0620217 1.9194648 1.9194648 3.6907346 3.6907344 3.6907341
3.5770667 3.3971784 3.4003723 3.397178 3.4003718 3.397177 3.4003708 2.7496374 2.5338886 2.912353 2.6827695 2.5338886 2.7602813 2.834667 2.8337812 2.5949588 2.8337803 2.8337798 2.8337798 2.8337798 2.5949569 3.2138004 2.8337793 2.8337793 2.8337789 2.833778 2.8337774 2.8337765 2.833776 2.8337755 1.2789476 2.5949526 2.594952 2.5618105 3.7263749 4.059203 3.9616752 2.5949502 2.5618086 2.8337717 1.4116272 1.1430674 1.6056303 1.8681493 2.5949483 1.6056292 2.0267148 2.7526307 2.5949473 2.8803723 2.5618072 2.5949335 2.700995 4.611162 3.6906838 3.6906834 3.6906831 3.6906831 3.6906826 3.690682
3.4003189 3.397125 3.4003184 3.400317 3.400317 3.400317 3.403505 3.397123 2.8879533 2.8670478 2.7602246 2.6827118 2.7763424 2.8337154 2.833715 2.7525773 2.8337145 2.833714 2.4633336 2.4633334 2.4135056 3.3963845 2.8337126 2.8337116 2.5617623 2.8337102 2.8337092 2.8337083 2.8337083 1.868101 1.6055917 1.8421953 2.7525697 2.5948887 2.5617585 3.5997636 3.629687 2.7525692 2.5948882 2.5617585 2.8337069 1.1430349 1.6055892 1.6055886 2.7525673 1.605588 1.605588 2.5617557 2.8285646 2.7525635 2.8345907 1.6055874 1.6055871 1.9194131 3.6906312 3.6906304 3.6906304 3.6906304 3.69063 3.6906297
3.4002645 3.3970716 3.400264 3.4002626 3.4002626 3.4034493 3.3970697 3.4002616 3.4002612 4.902607 2.7762895 0.2429637 0.24345562 1.2857001 0.24515535 0.24500357 0.24515523 0.2451552 2.3232443 2.3232443 3.0188017 3.4614341 2.8336444 2.5617127 2.5948296 2.833644 2.8336425 2.8336415 2.833641 1.6055509 1.75149 1.6055506 2.828504 2.7525034 2.561707 3.4163659 4.0527344 2.8285007 2.7525 2.5617056 2.8416805 2.5617056 2.5617056 2.5617056 2.8284988 1.6055474 1.6055474 2.5617046 2.594819 2.833633 2.828497 2.8336325 2.5617027 2.5145018 2.0619268 1.919387 3.690578 3.6905777 3.690577 3.690577
2.4670649 2.4670644 3.4002082 3.4002082 3.403394 3.3970149 3.4002068 3.4002068 3.4002068 3.4002063 4.565962 0.26235276 0.26235273 1.3076221 1.142974 0.26760817 0.26760805 0.22702317 0.2306816 2.2795196 3.2653642 3.481702 2.8335762 2.5947642 2.7524405 2.8335748 2.5616589 2.5616589 2.8335738 1.6055104 1.6055099 1.1429708 2.8335729 2.561658 2.5616574 2.5947618 3.4163072 2.1558723 2.8284369 2.594761 0.26760745 0.2676074 2.5947595 2.561655 2.594759 1.6055064 1.6055063 2.5616527 2.5616522 2.7524323 2.8335657 2.8335657 2.83355 1.8679763 1.7514553 1.9193609 3.690526 3.6905255 3.6905253 1.4790868
2.467043 2.467043 2.467043 2.467043 3.3969624 3.3969624 3.396961 3.396961 3.396961 3.396961 3.3969605 0.29639164 0.26234743 3.416259 1.3075974 0.267602 0.22701499 0.22701494 1.1429399 2.5616097 2.5616093 2.9503708 2.5616083 2.5616083 2.5616083 2.5616083 2.5616078 2.5616074 2.561607 2.561607 2.5616064 2.5616064 2.5616064 2.594698 0.23778102 0.2270142 0.24763572 4.396945 4.6911316 0.26760125 0.2952227 0.2676012 2.561604 2.7523685 2.5946932 1.8420371 1.6054654 2.5946922 2.5616016 2.5946918 2.8415513 2.5616016 3.4162471 1.3092253 1.3075924 0.2676008 0.26760077 0.26760074 1.3075917 1.3075917
2.5953805 2.4670205 2.5337555 2.4670205 2.4670205 2.4248073 2.46702 3.4000967 3.4000967 3.3969061 3.4000962 3.4000957 3.3969057 3.4225466 3.4162018 1.3075727 3.4162014 1.1429075 1.1429074 2.5946403 2.5946403 3.1465573 2.9735734 2.5946393 2.5946388 2.5946388 2.5946383 2.5946379 2.5946379 2.5946374 2.594637 2.594637 2.5946364 2.7523088 0.22700618 0.22700615 0.26759526 4.241141 4.2681036 4.046178 0.26759514 0.26759514 0.26759508 2.5946321 2.8283029 2.752304 2.561551 2.7523017 3.4161918 4.0325937 4.4381056 3.4161909 3.7259896 3.4161904 3.4225338 0.26759464 0.26759464 0.26759458 1.3075671 1.3075669
2.8233805 2.533728 0.24531853 0.21826725 0.23532023 0.23532023 0.22804488 2.533728 2.466998 2.466998 3.4000409 3.4000404 3.4000404 3.4256327 3.4224875 3.4161437 3.4224875 1.1428752 1.142875 1.2787108 2.7522469 3.0166554 3.3391051 2.752245 2.7522445 2.752244 2.752244 2.752244 2.752244 2.7522435 2.752243 2.7522426 2.752242 2.82824 0.22699797 0.22699794 0.26758918 0.26758918 4.0831404 4.064707 0.26758906 0.26758903 0.26758903 2.5615034 2.7522383 4.0533476 4.047435 4.118021 3.422478 3.4161336 3.7106943 3.4224765 3.4161322 3.4161322 3.4161317 0.26782197 0.2675884 0.2675884 1.3075424 1.3075423
2.7760215 2.682378 0.21826042 0.21826039 0.21826036 0.21826029 0.21826029 0.21826027 2.6823761 2.5337012 2.5337012 2.4669766 2.4669757 1.60739 1.753897 3.4224293 3.4224293 1.3075233 1.1428418 1.1428418 1.2967927 1.3360379 3.4610937 3.2134805 2.8284688 2.8284688 2.8284688 2.8284683 2.5614557 2.8284678 2.8284678 2.5614552 2.828467 2.5614543 0.22698973 0.2269897 0.26758295 0.26758292 0.0 0.26889712 0.2675828 0.2675828 0.2675828 3.4160779 2.5945044 4.0473576 1.911404 1.7513342 3.9424613 3.4224188 3.4287422 3.4160755 3.4224184 3.4160755 3.4224184 0.26758242 1.3075187 1.3075187 1.3075185 1.3075182
2.7759657 2.7598298 0.2182536 0.21825357 0.21825357 0.21825355 0.21825355 0.21825355 1.1095711 1.2845933 1.2765713 1.3492492 1.2137394 1.1428103 1.751309 1.7538661 1.3091314 1.1428099 1.307499 1.1428095 1.1428093 1.142809 3.4813378 3.396191 3.2134352 2.8335323 2.8335323 2.833531 2.5944471 2.833531 2.833531 2.5944467 2.5614052 2.5944467 0.22698154 0.22698154 0.2675769 0.26757684 0.2675768 0.26757675 0.2675767 0.2675767 0.2675767 0.26757663 3.4223626 4.0129223 1.7513036 1.7513036 1.7513033 1.7538601 1.75386 3.428682 3.4223588 3.4223588 3.4160168 3.4223583 1.3074939 1.1428027 1.3074937 1.3074936
2.7759132 2.7759132 0.2182468 0.2182468 0.2182468 0.21824673 0.21824668 1.1095437 1.1095437 1.1095437 1.1095436 1.2883999 1.2883999 1.307475 1.7512783 1.7512783 1.307475 1.1427768 1.3074747 1.3074747 1.1427765 1.1427764 3.1005437 3.4609606 3.3961222 2.9501686 3.2133899 2.833466 2.7520494 2.561355 2.8334646 2.5613546 2.5943828 2.7520466 2.5613537 0.22697333 0.26757076 0.26757073 0.26757073 0.2675707 0.2675706 0.2675706 0.22697316 0.26757053 0.267804 0.2675705 1.8973523 1.3074708 1.7512729 1.7512728 1.60526 2.561348 2.561348 2.217197 2.576785 3.428624 2.5613465 1.21685 1.6052579 1.6052576
1.2879688 1.2879688 0.21823996 0.21823996 0.21823995 0.21823989 0.21823987 1.1095165 1.1095163 1.1095161 1.109516 1.1095158 0.26231587 1.3074505 1.7512475 1.7512474 1.3074505 1.3074504 1.3074502 1.1427437 1.1427437 2.561306 2.8950264 3.1004574 3.46089 3.146243 3.0181444 2.8333979 2.828271 2.5943213 4.7050204 4.2756324 4.5997677 4.6988 2.5943203 0.22696511 0.26756465 0.2675646 0.26756454 0.22696494 1.6052212 0.22696486 0.22696482 0.26756442 0.26756442 0.26756442 3.4159057 1.7512426 1.3074466 1.6052196 1.6052192 2.5612993 2.3015337 0.23927958 0.22696427 0.22696427 2.5612974 2.5942974 2.751958 2.8282433
1.1094903 1.1094899 0.21823321 0.21823311 0.21823311 0.21823311 0.21823302 1.109489 1.2883581 1.288358 1.288358 0.26231062 0.26231062 0.26755926 0.26755926 0.2675592 0.22695763 1.3074256 1.3074254 1.1427109 0.22695751 0.23771532 0.25151396 2.8949568 3.1003754 3.016283 2.8949559 2.833331 2.8333306 4.5996885 3.6901135 3.6901126 3.690112 3.6901119 4.5996847 0.31815347 0.26755854 0.2675585 0.2675585 0.22695674 1.6051803 1.6051801 1.751213 0.26755843 0.2675584 0.26755837 3.4158485 1.7537681 2.5612483 1.1427063 1.1427058 2.5612473 2.61133 0.25109667 0.22695604 0.22695601 2.5612464 2.5942364 2.751894 2.8281798
2.4668698 2.4668689 1.1094621 1.1094621 1.109462 0.21822625 0.21822609 0.2623054 0.26230538 0.21822603 0.21822603 0.21822599 0.21822599 0.22694965 0.22694962 0.26755306 0.26755306 0.26755306 1.3074012 1.307401 1.1426784 0.22694941 0.22694936 2.8341973 2.894889 2.894889 2.8341968 2.8332658 4.70485 3.6900601 3.69006 3.6900592 3.690059 3.690059 3.6900585 0.31814817 0.2675523 0.2675523 0.2675523 0.22694856 2.5612016 1.6051389 0.26755214 0.26755208 0.26755208 0.26755208 3.4157927 1.6071768 1.6051377 2.5941882 2.5611973 2.5941873 2.75183 2.8281155 2.8332353 2.8332343 2.8332334 2.8332324 2.833232 2.5611954
2.679198 2.466847 2.466847 1.1094348 1.1094348 1.1094347 1.2883159 0.2182192 0.21821918 0.21821915 0.21821909 0.21821909 0.26230004 0.26754707 0.26754707 0.26754698 0.26754686 0.26754686 1.3073766 1.1426458 1.1426458 0.26754683 0.22694121 2.834133 2.834132 2.834132 2.8341315 2.833197 2.561152 3.6900086 3.6900082 3.690008 3.6900077 3.6900074 3.690007 0.31814298 0.31814295 0.26754627 0.26754627 0.2269404 2.5941267 0.22694029 0.26754612 3.415735 3.415735 1.7511508 3.4157345 1.6071352 1.6050963 2.5611477 2.7744548 2.8596928 2.8760917 2.8338206 2.833169 2.5611463 2.594111 2.7517638 2.8280482 2.8436842
2.4668255 2.4668255 2.5335143 1.1094078 1.1094077 1.2882955 3.9604282 2.4668255 2.466825 2.466825 0.21821249 0.21821243 0.2182124 0.26754084 0.26754084 0.26754078 0.26754075 0.26754075 1.3073524 1.3073523 1.1426123 1.1426123 0.22693302 2.8340704 2.8340704 2.8340695 2.8331308 2.8331304 2.594069 3.6899555 3.6899555 3.6899552 3.6899545 3.6899545 3.6899543 3.6899543 0.31813765 0.26754007 0.26754004 0.22693227 2.7517176 2.5610986 3.4156783 3.422016 1.7511208 1.7536759 1.6050566 0.22709757 0.22693181 2.5940638 2.5610976 2.5610976 2.5610976 2.5610971 2.5940485 2.7516994 2.8279839 2.833099 3.2131457 0.26684305
2.4668026 2.5334866 2.6819289 2.4668026 1.1093802 1.10938 1.2923901 3.7877944 2.5334866 2.5334866 2.4668026 2.4668026 2.4668026 1.1425811 0.22692505 0.22692503 0.226925 0.26753467 1.3073276 1.3073275 1.1425797 1.1425797 2.5610523 2.8336096 2.8340065 3.2131166 2.8336077 2.8330626 2.561051 2.751656 3.6899025 3.689902 3.6899018 3.6899016 3.6899016 3.6899016 0.3181325 0.3181325 0.3181325 0.22692408 1.8723991 1.7404372 1.1437473 1.6070542 1.6050156 1.1425755 1.1425755 0.22692369 0.22692364 0.22692357 2.7516513 2.5939999 2.5610476 0.23767608 0.2269234 2.561047 2.5939856 0.22692324 0.2269232 0.22692315
2.53346 2.6818721 2.8208816 2.4667816 2.4667816 1.1093526 1.2882534 3.3963144 2.4667811 2.6818702 2.533459 2.533459 2.533459 2.5610065 2.5610056 2.5610056 1.1425481 0.22691688 1.1425476 1.1425475 1.1425475 1.1425475 2.5939445 2.5610037 2.5610037 2.5610032 3.03571 2.5610032 2.593943 2.5610023 3.6898506 3.68985 3.68985 3.6898499 3.6898491 3.689849 3.6898487 3.6898482 3.6898482 3.6898482 1.6049753 1.6049752 1.1425433 1.6049751 1.6049749 1.1425428 1.1425427 0.22691552 0.22691552 0.26752755 0.2269154 0.22691534 2.7515836 0.23766655 0.22691517 0.22691508 0.22691508 0.226915 0.226915 0.22691497
2.6818168 2.8859677 2.4667602 2.5334337 2.5334337 1.1093254 1.46199 3.3994415 3.7876089 2.759319 2.681814 2.4667597 2.8396363 2.593884 0.23765911 2.593884 2.560954 1.6049402 1.6049398 0.22690848 1.1425143 1.1425141 1.2782714 1.2165525 1.2165521 2.5938797 3.084298 2.5938797 2.7515264 2.5938787 2.5609512 3.6897974 3.6897974 3.689797 3.689797 3.6897967 3.6897964 3.689796 3.6897957 3.6897955 1.9189975 1.4787965 1.1425107 1.6049343 1.6049342 2.5609474 2.5609474 2.560947 0.2269072 0.26752138 0.26752138 0.26752132 0.2269071 1.2963847 1.1425087 1.1425086 0.226907 0.22690688 0.22690688 1.142508
3.1961617 2.5334065 2.4667377 2.681759 2.4667377 4.156966 3.6624517 3.6657493 3.3962061 4.1379776 3.1472442 2.9048758 2.6313329 2.4673676 0.22690049 2.560903 2.5938191 2.5609026 0.22690041 0.22690038 0.22690034 2.5609016 2.5609012 1.1424813 1.1424811 1.142481 1.2782304 1.2782303 2.8277445 2.7514591 2.5938148 2.5608997 1.4787767 1.9189723 1.4787765 3.6897438 3.6897435 3.6897426 3.689742 3.689742 3.689742 3.689742 3.6897416 2.5608974 1.7402794 1.7402877 2.5608969 2.5938115 0.23764795 0.22689904 0.26751518 0.26751518 0.22689895 0.22689892 2.5608954 2.5608954 2.560895 0.22689874 0.2268987 1.142475
2.4667163 2.5947454 2.4667163 2.759207 2.4667163 4.3223844 3.6624095 3.6624095 3.6657064 3.9042804 4.400798 4.856669 0.31171152 0.30173147 0.26751027 2.5937572 2.7514005 1.7402455 1.6048579 1.6048576 0.22689201 2.5937562 2.5937557 2.5608516 2.560851 2.5608506 1.1424477 1.1424475 1.2973859 1.2963097 1.2781899 2.5937524 1.6048545 1.918946 1.4787554 3.6896915 3.6896915 3.6896908 3.6896906 3.6896904 3.6896904 3.6896896 3.6896894 3.6896894 1.6048516 1.6048515 1.6048514 2.593748 2.75139 0.22689082 0.22689079 0.22689073 0.2675091 0.2268907 0.22689067 2.5937448 2.6009114 2.8592298 2.5378091 1.3136808
1.1092446 2.8222442 2.4666934 2.7753158 4.120727 3.662368 3.662368 3.6623678 3.6623678 3.6623678 3.933241 3.956431 3.3960993 3.415345 3.415344 2.7513347 2.8276176 1.6048167 1.6048164 1.6048164 0.22688392 2.7513318 2.7513318 2.5936909 2.560801 2.5936904 2.560801 2.560801 2.5608006 1.1424148 1.1424148 1.2781494 1.604814 1.6048136 1.1424137 3.689639 3.689639 3.6896381 3.6896377 3.6896374 3.689637 3.6896365 3.6896365 3.689636 2.5607972 1.6048108 1.6048106 2.5607958 2.7513242 2.8276076 2.5607953 0.22688249 0.22688246 0.22688246 2.560793 2.7513208 3.2128763 1.3944463 1.1424093 0.22688214
1.1092169 2.4666734 2.5333264 2.7752619 3.6623266 3.662326 3.662326 3.6623259 3.6623259 3.6623259 1.8980618 1.8980618 1.8995779 3.696238 3.4216187 4.046295 2.8326669 1.6047758 1.6047753 2.560752 2.560752 2.8275514 2.827551 2.7512674 2.56075 2.7512665 1.6047738 1.6047736 1.7401427 2.593626 2.5607486 2.5607486 2.626008 1.1423814 1.1423813 1.1423813 1.4787135 1.4787134 3.6895857 3.6895854 3.6895854 3.689585 3.6895847 3.6895843 2.5607457 1.7401391 1.6047702 1.60477 1.7401377 2.8275414 2.832654 2.5936193 2.5607424 2.5607424 2.5607424 2.560742 0.23761776 1.1423768 1.1423767 0.22687395
1.10919 1.2131929 2.6815355 2.775209 3.6622837 3.6622837 3.6622837 3.662284 3.662284 3.6622837 1.8980358 1.8980353 1.8980353 3.68954 3.6895397 3.6115086 3.415229 2.5607028 2.5607028 2.5607028 2.5607014 2.560701 2.8325977 2.560701 2.593566 2.8274846 2.5607 1.6047331 2.560699 2.560699 2.5935626 2.560698 2.8714116 2.560697 2.5606966 2.5606966 1.4786927 1.4786925 1.4786924 1.4786923 1.4786923 3.6895323 3.689532 2.5606956 2.5935583 2.5606947 1.604729 1.6047288 1.6047286 2.5606937 2.5606937 2.8325863 2.5606928 2.600723 2.8590043 0.25169957 0.22686602 0.22686595 0.22686593 0.22686589
1.2881067 1.5345014 1.109162 2.775154 3.6622417 3.6622417 3.6622417 3.6622412 3.6622412 3.662241 3.662241 3.6622407 3.6622403 3.6894872 3.689487 3.6961308 3.4215019 3.7246478 2.5935044 2.5935044 2.5935044 2.5935044 2.8325324 2.593504 2.7511368 2.83253 2.593502 2.560649 2.560649 2.60067 2.7511358 2.5935016 2.8546598 2.593501 2.5935006 2.5935006 2.5606475 3.689482 3.689481 1.4786714 1.4786714 1.1423143 1.1423138 1.2163148 2.751131 1.7400398 2.9496017 1.6046876 1.6046873 2.5606437 2.6006577 2.5934958 2.8406653 3.2381845 3.4758284 0.27423188 0.26748443 0.2674844 0.22685762 0.2674844
