Export/ASCII/RMeteo_SP_inch/impervious0/net_infiltration_2018_SP1_inch.asc
ncols         660
nrows         338
xllcorner     1476100.0
yllcorner     5017100.0
cellsize      100
NODATA_value  -9.9000000089461e-20
[rows 216 to 242 of 338, columns 180 to 239 of 660]
4.0008945 4.094844 3.5984344 3.6923838 1.8645763 1.8645763 3.5984344 2.5448735 0.23744836 0.23621891 1.1718175 1.1718175 1.1718179 1.1653851 2.2255983 0.23621897 2.8959818 2.2049713 2.9912705 2.2049713 2.3329241 2.3329241 2.2049713 2.2049713 2.2049713 4.0008955 4.0008955 2.0539627 2.0539627 2.0539627 4.0008955 4.0008955 4.0008955 4.0008955 4.0008955 4.0008955 4.0008955 4.0008955 4.0008955 4.0008955 4.0008955 4.0008955 4.0008955 4.0008955 4.0008955 4.0008955 4.0008955 4.0008955 4.0008955 3.6923857 1.8645774 1.8645774 3.5984354 3.7863355 3.5984354 4.09267 1.3852832 1.3852832 3.5984354 3.508322
1.5803457 4.000848 3.6923275 0.28402784 0.28402784 3.598384 3.6923275 2.9381242 0.23621257 0.23621257 2.6660519 2.2255545 2.2255545 2.2255545 2.3328922 2.2049298 2.9912295 2.3328922 2.9642906 2.3328922 2.8959413 2.8959413 2.2049298 2.3328922 2.3328922 4.000849 4.000849 4.000849 4.000849 4.000849 4.000849 4.000849 4.000849 4.000849 4.000849 4.000849 4.000849 4.000849 4.000849 4.000849 4.000849 4.000849 4.000849 4.000849 4.000849 4.000849 4.000849 4.000849 4.000849 3.5983849 3.5983849 3.5983849 3.6923285 3.6923285 3.6923285 3.7731962 3.5983849 3.5983849 3.6923285 3.508268
1.5803216 1.5803216 0.33768383 0.2840224 0.2840224 4.0925455 3.78621 2.9641314 1.1653379 2.2048888 2.3343575 2.3328612 2.3328612 2.3328612 2.2048893 2.3328612 1.165338 1.556667 1.6188413 2.2048893 2.991189 2.991189 2.3328612 6.8957386 5.98501 4.000803 4.000803 4.000803 4.000803 4.000803 4.000803 4.000803 4.000803 4.000803 4.000803 4.000803 4.000803 4.000803 4.000803 4.000803 4.000803 4.000803 4.000803 4.000803 4.000803 4.000803 4.000803 4.0008035 4.0008035 4.0008035 3.6922746 3.6922746 3.6922746 3.6922746 3.6922746 3.6922746 3.6922746 3.6922746 3.6922746 3.5283487
2.0538712 0.33767775 0.33767775 0.28401694 0.28401694 4.2672873 2.204846 2.9641747 2.2254658 2.3328273 2.9168115 2.8958597 2.8958597 2.204846 2.3328273 1.5566341 1.1653146 1.1717453 1.1717453 2.3328278 2.9641747 2.9641747 2.8958597 4.000757 4.000757 4.000757 4.000757 4.000757 4.000757 4.000757 4.000757 4.000757 4.000757 4.000757 4.000757 4.000757 4.000757 4.000757 4.000757 4.000757 4.000757 4.000757 4.000757 4.000757 4.000757 4.000757 2.0538723 2.0538723 4.000757 4.000757 4.094688 3.6922183 3.6922183 3.6922183 3.6922183 3.6922183 3.6922183 3.6922183 3.598287 3.6222205
1.5802732 1.5802733 0.33767176 0.28401145 1.864465 1.864465 2.3327963 2.996684 2.3327963 2.2048044 3.4221592 2.991105 2.991105 2.2048044 2.8958187 1.1717204 1.1717204 1.1652902 1.1717204 2.8958187 2.964116 3.3815432 2.991105 4.0007105 4.0007105 4.0007105 4.0007105 4.0007105 4.0007105 4.0007105 4.0007105 4.0007105 4.0007114 4.0007114 4.0007114 4.0007114 4.0007114 4.0007114 4.0007114 4.0007114 4.0007114 4.0007114 4.0007114 4.0007114 4.0007114 4.0007114 2.053842 2.053842 2.053842 4.0007114 4.0007114 4.094635 4.094635 3.6921616 3.6921616 3.6921616 3.598237 3.6921616 3.6921616 3.5282304
1.3851709 1.580249 0.33766568 0.33766568 2.053811 1.5286661 2.8957777 2.9966254 2.8957777 2.3327644 2.645185 3.2959046 2.964058 2.3327644 2.991064 2.225378 2.225378 2.2047625 2.2047625 2.991064 2.996626 2.2047625 2.2047625 4.000664 4.0006647 4.0006647 4.0006647 4.0006647 4.0006647 4.0006647 4.0006647 4.0006647 4.0006647 4.0006647 4.0006647 4.0006647 4.0006647 4.0006647 4.0006647 4.0006647 4.0006647 4.0006647 4.0006647 4.0006647 4.0006647 4.0006647 4.0006647 1.5802494 1.5802494 4.0006647 4.0006647 4.0006647 4.0006647 4.0006647 3.6921062 3.5981884 3.6921062 3.5981884 3.6921062 3.5281718
3.5981388 3.5981388 0.33765957 0.33765957 0.33765957 2.279854 2.991023 2.996676 2.2047215 3.0918064 2.7172225 3.4583187 2.9640012 2.8957381 2.9640012 2.3327334 2.3327334 2.3327339 2.2047224 2.2047224 3.1841946 2.3327339 2.3327339 2.2047224 2.2047224 4.000619 4.000619 4.000619 4.000619 4.000619 4.000619 4.000619 4.000619 4.000619 4.000619 4.000619 4.000619 4.000619 4.000619 4.000619 4.000619 4.000619 4.000619 4.000619 4.0006194 4.0006194 4.0006194 4.0006194 4.0006194 4.0006194 4.0006194 4.0006194 4.0006194 4.0006194 4.0945306 3.6920505 3.6920505 3.6920505 3.6920505 3.528115
3.6919937 3.6919937 0.3376536 0.3376536 2.2046785 2.344595 2.2046785 3.184126 2.3327 3.3838854 2.9548063 3.5359228 2.9965072 2.9909801 2.9639416 2.2046795 2.8956957 2.2046795 2.8956962 2.2046795 2.2046795 2.8956962 2.8956962 2.2046795 2.332701 4.0005727 4.0005727 4.0005727 4.0005727 0.3376537 4.0005727 4.0005736 4.0005736 4.0005736 4.0005736 4.0005736 4.0005736 4.0005736 4.0005736 4.0005736 4.0005736 2.053751 2.053751 4.000574 4.000574 4.000574 4.000574 4.000574 4.000574 4.000574 4.000574 4.000574 4.000574 4.000574 4.000574 3.6919951 3.5980902 3.6919951 3.5980902 3.5280554
3.6919389 3.6919389 3.598041 4.0005264 2.2046385 2.8956556 2.3326695 1.8951715 2.8956556 3.449965 3.0212488 3.1063166 2.9965596 2.9638834 2.996448 2.2046385 5.764411 4.5914745 3.0895863 2.33267 2.33267 2.9909396 2.9909396 1.8317722 2.2252288 4.0005264 0.33764756 0.33764756 0.33764756 0.33764756 4.0005264 4.000527 4.000527 4.000527 4.000527 4.000527 4.000527 4.000527 4.000527 4.000527 2.0537205 2.0537205 2.0537205 4.0005274 4.0005274 4.0005274 4.0005274 4.0005274 4.0005274 4.0005274 4.0005274 4.0005274 4.0005274 4.0005274 4.0005274 4.094425 3.598042 3.6919398 3.6919398 3.5279968
3.6918821 3.6918821 3.6918821 3.597991 5.223671 2.456401 2.1440468 1.1715994 2.9908977 3.1061568 3.4784675 2.997138 2.9965029 2.2045965 3.1839914 4.5914173 4.491623 3.820506 6.083561 5.4155855 2.895616 2.2045965 2.9638271 1.6081845 2.0536904 2.0536904 0.3376415 0.3376415 0.3376415 0.3376415 0.3376415 4.0004816 4.0004816 4.0004816 4.0004816 4.0004816 4.0004816 4.0004816 4.0004816 4.0004816 4.0004816 4.0004816 4.0004816 4.0004816 4.0004816 4.0004816 4.0004816 4.0004816 4.0004816 4.0004816 4.0004816 4.0004816 4.0004816 4.0004816 4.0004816 4.0004816 4.0943727 3.5979934 3.6918845 3.5279386
3.5979424 3.6918278 3.6918278 3.5979424 4.000435 1.5285246 1.6081529 1.1651498 2.963767 2.9970918 2.2045546 2.2045546 2.9964457 2.711826 2.2045546 3.8204422 1.8642988 1.909344 1.8642988 3.7569757 3.5979438 4.591361 3.5979438 1.9330572 1.8642988 1.8642988 0.33763543 0.33763543 0.33763543 0.33763543 0.3376355 4.0004363 4.0004363 4.0004363 4.0004363 2.0536602 4.0004363 1.5801284 1.5801284 1.5801284 4.0004363 4.0004363 4.0004363 4.0004363 4.0004363 4.0004363 2.0536604 2.0536604 4.0004363 4.0004363 4.0004363 4.0004363 4.0004363 4.0004363 4.0004363 4.0004363 4.0004363 4.0943213 3.5979438 3.5077994
3.691771 3.691771 3.691771 3.691771 3.5978932 2.279647 2.279647 2.2251143 2.9637198 2.2045126 2.996398 5.223544 2.996398 1.6193323 1.654778 3.6917725 3.5978937 1.8642704 1.8642704 3.6917725 3.5978937 3.9142542 3.6917725 3.5978937 3.5978937 4.092002 0.3376294 0.28397313 0.3376294 0.3376294 0.33762944 0.33762944 4.00039 4.00039 2.0536296 2.0536296 4.00039 1.580104 2.0536296 2.0536296 4.00039 4.00039 4.00039 4.00039 4.00039 4.00039 2.05363 2.05363 4.00039 4.00039 1.5801041 1.5801041 1.5801041 1.5801041 1.5801041 1.5801041 1.5801041 1.5801041 1.4177498 1.3259314
4.0942154 4.0942154 4.0942154 3.6917157 3.6917167 4.0003443 2.3444629 2.2044716 2.3325422 2.3325427 7.1858406 4.0003443 1.62637 1.1715271 1.3850157 3.6917171 3.597845 1.8642433 1.8642433 3.6917171 3.6917171 3.6917171 4.185813 4.185813 3.691718 1.6466349 0.33762333 0.33762333 0.33762333 0.33762336 0.33762336 0.33762336 1.5800796 1.5800796 1.5800796 1.5800796 1.5800796 1.5800796 2.0535994 2.0535994 1.5800797 1.5800797 1.5800797 1.5800797 1.5800797 1.5800797 2.0535996 2.0535996 1.5800797 1.5800797 1.5800797 1.5800797 1.5800797 1.5800797 1.5800797 4.551577 4.551577 1.5800797 1.5800797 3.805636
3.6092353 4.0002985 4.0002985 4.094163 4.094163 4.0002985 4.0002985 5.2234154 5.983961 5.983961 4.0002985 4.0002985 2.2250276 1.1715022 3.597797 3.597797 3.597797 3.6916623 3.597797 3.597797 1.4177011 1.3849934 1.3849934 1.4441687 1.3849934 1.5800552 0.33761722 0.33761722 0.33761722 0.33761725 0.33761725 0.33761725 1.5800554 1.5800554 1.5800554 1.5800554 1.5800554 4.0002985 4.0002985 4.0002985 4.0002985 4.0002985 4.0002985 4.0002985 1.5800555 2.053569 2.053569 4.0002985 4.0002985 4.0002985 4.0002985 4.0002985 4.0002985 4.0002985 4.0002985 4.5515223 2.053569 1.5800555 1.5800555 1.9839346
1.5800307 0.3376111 0.3376111 0.3376111 0.33761114 0.33761114 4.000251 4.000251 1.5800309 1.5800309 4.000251 3.597746 4.591135 3.6183424 3.597746 3.7854633 3.6916046 3.6916046 3.6916046 3.6916046 3.597746 4.0918207 4.0918207 1.3849716 1.3849716 1.3849716 1.5800312 1.5800312 1.3849716 0.28395683 0.28395683 0.33761123 0.33761123 4.000252 1.5800312 1.5800312 4.000252 4.000252 2.0535388 2.0535393 4.551468 4.000252 4.000252 4.000252 1.5800314 2.0535393 2.0535393 2.0535393 4.000252 4.000252 4.000252 4.000252 4.000252 4.000252 4.000252 4.000252 2.0535393 2.0535393 4.551468 1.9839056
1.5800062 0.33760503 0.28395128 0.33760503 0.33760506 1.5800064 1.5800064 4.000205 1.5800064 1.5800064 1.3849497 3.6915507 3.5976977 3.9139652 3.6915507 3.6915507 3.6915507 3.6915507 3.6915507 3.6915507 3.6915507 4.2665033 4.2665033 4.0917587 1.864161 1.864161 1.864161 1.38495 1.580007 0.33760512 0.33760512 0.33760512 0.33760512 4.000206 0.33760512 0.33760512 0.33760512 4.5514135 1.580007 1.580007 1.580007 4.551414 4.000206 4.000206 4.000206 4.000206 4.000206 4.000206 4.000206 4.000206 4.000206 4.000206 4.000206 4.000206 4.000206 4.000206 4.000206 4.000206 4.000206 1.52422
1.5799823 1.5799823 0.2839457 0.2839457 0.33759904 1.5799823 1.5799823 1.5799823 1.5799823 1.5799823 1.3849275 3.691495 3.691495 3.691495 3.691495 3.691495 3.691495 3.691495 3.691495 3.691495 3.5976496 4.0916986 4.402276 1.4440986 1.8641334 1.8641334 1.8641334 3.3741465 1.5799828 4.0001597 4.0001597 4.0001597 4.0001597 0.33759916 0.33759916 0.33759916 0.33759916 0.33759916 1.5799828 1.3849279 1.5799828 4.55136 4.55136 4.00016 4.00016 4.00016 2.0534787 2.0534787 2.0534787 2.0534787 4.00016 4.00016 4.00016 4.00016 4.00016 2.0534787 2.0534787 4.00016 4.00016 1.5241963
1.3849055 1.3849055 1.3849055 0.2839403 0.3375929 0.3375929 1.579958 1.579958 1.5799581 1.5799581 1.3849057 4.0916376 3.6914387 3.6914387 3.5975995 3.6914392 3.6914392 3.5975995 3.6914392 1.8641058 1.9091297 3.772334 3.5976 3.5976 1.8641059 1.8641059 3.3719988 3.460222 4.0001144 4.0001144 4.0001144 4.0001144 4.0001144 0.33759302 0.33759302 0.33759302 0.33759302 0.33759302 1.5799584 1.384906 1.384906 1.5799584 2.0534477 4.000115 4.000115 4.000115 2.0534477 2.0534477 2.0534477 2.0534477 4.000115 4.000115 4.000115 4.000115 4.000115 2.0534477 2.0534477 4.000115 4.000115 3.8053205
1.3848836 1.3848836 1.3848836 1.5799335 1.5799335 1.5799335 1.5799335 1.3848836 1.5799338 1.5799338 1.3848838 1.4440513 4.1854086 2.7983758 3.691383 3.691383 0.29020172 0.28393486 0.29569852 0.28393486 0.28393486 0.29020172 3.6913834 1.4175805 1.8640784 1.3848839 3.6718311 3.6872125 3.8955605 4.0000687 4.0000687 4.0000687 4.0000687 0.33758697 0.33758697 0.33758697 0.33758697 0.337587 1.5799342 1.5799342 1.5799342 1.5799342 1.5799342 1.5799342 1.5799342 1.5799342 4.000069 4.000069 4.000069 1.5799342 1.5799342 4.000069 4.000069 4.000069 4.000069 4.000069 4.000069 4.000069 4.000069 3.805257
1.395883 1.395883 1.5919214 1.5919214 1.5919214 1.5919214 1.5919214 1.5919214 1.5919217 1.5919217 1.3958832 1.3958832 1.455049 3.696725 3.7905512 3.696725 0.29173416 0.28546768 0.28546768 0.28546768 0.2854677 0.2854677 0.29173416 1.3958833 1.5919217 3.995939 4.0897655 3.9959397 3.9777224 3.9959397 3.9959397 3.9959397 3.9959397 0.3400259 0.3400259 0.3400259 0.3400259 0.34002596 1.5919222 4.5565042 1.5919222 1.3958833 1.5919222 1.5919222 1.5919222 1.5919222 3.9959402 3.9959402 1.5919222 1.5919222 1.5919222 2.0713794 3.9959402 3.9959402 3.9959402 3.9959402 3.9959402 3.9959402 3.9959402 4.1010685
1.3958608 1.3958608 1.3958608 0.34001976 4.556449 4.556449 3.9958937 3.9958937 1.5918977 1.5918977 1.5918977 1.5918977 1.3958608 1.3958611 1.8787825 3.7214437 3.6966748 0.2854621 0.2854621 0.28546217 0.28546217 0.28546217 0.28546217 1.3958611 1.5918977 2.071349 2.071349 3.9958951 3.9958951 3.9958951 3.9958951 3.9958951 3.9958951 0.34001988 3.9958951 3.9958951 3.9958954 3.9958954 3.9958954 2.9889088 1.591898 1.3958614 1.3958614 1.3958614 1.3958614 1.591898 1.591898 1.591898 1.591898 1.591898 1.591898 1.591898 3.9958954 3.9958954 3.9958954 3.9958954 3.9958954 3.9958954 3.9958954 4.1010256
1.3958383 1.3958383 0.28545642 0.3400138 0.3400138 0.3400138 3.9958484 3.995849 1.5918738 1.5918738 1.5918738 1.5918738 1.3958385 1.3958386 1.3958386 3.7213879 3.7213879 0.28545654 0.28545654 0.28545657 1.8787547 0.28545657 0.28545657 3.6966257 3.6966257 2.0713186 2.0713186 3.9958491 3.9958491 3.9958491 3.9958491 3.9958491 3.9958491 3.9958491 3.9958491 3.9958491 3.9958494 3.9958494 3.9958494 2.9888668 1.5918739 1.5918739 0.2854566 0.2854566 1.3958387 1.5918739 1.5918739 1.5918739 1.5918739 1.5918739 1.5918739 1.5918739 3.9958494 3.9958494 3.9958494 3.9958494 3.9958494 3.9958494 3.9958494 4.100982
1.3958161 1.3958161 0.2854509 0.2854509 0.2854509 0.34000778 4.556342 3.995802 3.995802 3.995802 3.995802 4.556342 1.5918498 1.3958163 1.3958163 3.7213283 3.7213283 3.6965733 0.28545094 1.3958166 1.3958166 1.3958166 3.6965733 3.7213283 4.0205574 3.9958026 2.0712893 3.9958026 3.9958026 3.9958026 3.9958026 3.9958026 3.9958026 3.9958026 3.9958026 3.9958026 3.9958026 3.9958026 3.9958026 2.9888258 1.59185 0.3400079 0.28545102 0.28545102 0.28545102 1.59185 1.59185 1.59185 3.9958026 3.9958026 3.9958026 1.59185 3.9958026 3.9958026 3.9958026 2.3086212 2.3086212 2.3086212 2.3086212 4.1009383
1.3957933 1.3957933 1.8786981 0.28544527 0.34000182 0.34000182 4.5562887 3.9957576 3.9957576 3.9957576 3.9957576 3.9957576 3.9957576 1.3957936 1.5918258 4.0205054 3.721271 3.721271 3.6965232 1.3957938 1.3957938 1.3957938 3.7212715 3.7212715 3.9957576 3.9957576 3.9957576 3.9957576 3.9957576 3.9957576 3.9957576 3.9957576 3.9957576 3.9957576 3.9957576 3.995758 3.995758 3.995758 3.995758 3.995758 3.995758 0.34000197 0.34000197 0.28544545 0.28544545 0.28544545 1.5918261 1.5918261 1.5918261 3.995758 3.9957583 3.9957583 3.9957583 2.3085845 2.3085845 2.4499586 2.4499586 2.4499586 2.4499586 4.100894
1.3957716 1.3957716 1.8786707 4.2160826 4.5562353 3.9957104 3.9957104 3.9957106 3.9957106 3.9957106 3.9957106 3.9957106 1.5918018 1.5918018 1.5918018 3.9957108 4.0204525 3.6964726 3.7459564 1.3957719 1.3957719 1.3957719 1.4046127 3.7212148 3.9957108 3.995711 3.995711 1.5918022 1.5918022 1.5918022 3.995711 3.995711 3.995711 3.995711 3.9957113 3.9957113 3.9957113 3.9957113 3.9957113 3.9957113 3.9957113 0.339996 0.339996 0.339996 0.2854398 0.2854398 1.3957719 1.5918022 1.5918022 3.9957113 3.9957113 3.9957113 3.9957113 2.4499176 2.4499176 2.9372723 2.9372723 2.9372723 2.9372723 4.10085
1.3957489 0.28543407 0.28543407 3.696422 3.9956656 3.9956656 3.9956656 3.9956656 3.9956656 2.0711992 2.0711992 3.9956656 1.5917778 1.5917778 1.5917778 3.9956656 3.9956656 3.9956656 3.696422 1.3957491 1.3957491 1.3957491 1.3957491 3.9956656 3.9956656 3.9956656 3.9956656 1.5917782 1.5917782 1.5917782 3.6339812 3.9956656 3.9956656 3.9956656 3.9956658 3.9956658 3.9956658 3.9956658 3.9956658 3.9956658 3.9956658 1.5917782 1.5917782 0.33999002 0.33999002 1.3957491 1.3957491 1.5917782 0.9020653 3.9956658 3.9956658 3.9956658 3.9956658 2.937218 2.3085115 3.0534384 2.3085115 3.0534384 3.0534384 2.447625
1.3957266 0.28542855 0.28542858 3.7210984 3.6963706 3.9956203 3.9956205 3.9956205 3.9956205 2.0711691 2.0711691 3.9956205 3.9956205 3.9956205 3.9956205 3.9956205 3.9956205 3.9956205 4.0203485 3.696372 3.696372 1.3957272 1.3957272 3.9956205 3.9956205 3.9956205 3.9956205 1.5917541 1.5917541 1.5917541 1.5917541 3.9956205 3.9956205 3.9956205 3.9956205 3.9956205 3.9956205 3.9956205 3.9956205 3.9956205 3.9956205 1.5917541 1.5917541 1.5917541 1.5917541 1.3957275 1.5917541 1.5917544 1.2542888 1.2542888 3.9956207 3.9956207 3.9956207 2.3084743 2.4498355 3.0301626 2.3084743 2.3084743 2.3084743 2.6056335
