Export/ASCII/RMeteo_SP_inch/impervious0/net_infiltration_2015_SP1_inch.asc
ncols         660
nrows         338
xllcorner     1476100.0
yllcorner     5017100.0
cellsize      100
NODATA_value  -9.9000000089461e-20
[rows 0 to 26 of 338, columns 480 to 539 of 660]
1.7550015 1.7550015 1.7550013 1.7550013 1.7550013 1.7550012 1.7550012 1.7550012 1.7550012 4.36478 4.36478 4.36478 4.3647795 1.7550006 0.37861803 1.7550004 1.7550004 2.2551966 2.2551966 4.3647785 4.3647776 4.3647776 4.3647776 4.3647776 3.9648006 3.9648004 4.3647776 4.3647766 4.3647766 4.539257 1.7549993 1.7549993 4.797082 4.797082 4.797082 0.37861764 0.3786176 0.3786176 2.2551947 4.3647757 0.41923204 0.37861753 1.7549984 1.7549984 1.7549983 1.3891819 1.3891819 1.3891814 1.3891814 1.3891814 1.754998 1.754998 1.754998 1.389181 1.3891809 1.3891807 1.7549978 0.3786173 0.3786173 0.3786173
1.7549851 0.37861413 1.7549849 1.3891587 1.7549846 1.7549846 1.3891585 1.7549844 1.7549844 0.37861395 4.364741 4.3647404 4.3647404 4.3647404 0.37861392 0.37861392 0.3786139 4.36474 4.36474 4.36474 4.36474 4.3647394 4.3647394 4.3647394 4.3647394 4.3647394 4.364739 4.3647385 4.3647385 4.3647385 4.364738 4.3647375 4.3647375 4.797041 2.2551746 0.41922814 0.3786136 0.37861356 2.2551742 0.37861353 0.37861353 0.27400595 0.3786135 1.754982 1.754982 1.5035974 1.389154 1.3891536 1.5035964 1.389153 1.7549815 1.7549813 1.7549813 1.389153 1.3891528 1.754981 1.754981 0.3786131 0.3786131 4.3647327
1.7549689 0.37861013 1.7549688 1.3891311 1.3891311 1.3891308 1.3891308 1.7549683 0.37861 0.37860996 0.3786099 4.7970037 4.364703 4.364703 4.364703 4.364702 4.364702 4.364702 4.3647017 4.3647017 4.3647013 4.3647013 4.3647013 4.3647013 2.255155 4.3647013 4.3647003 4.3647003 4.3647 4.3647 4.3647 4.3647 4.3647 4.797 2.2551541 0.37860948 0.37860948 0.37860948 0.37860948 0.37860948 0.37860942 0.37860936 0.37860936 1.7549659 1.3891262 1.3891261 1.3891257 1.3891257 1.3891253 1.7549654 1.754965 1.754965 1.754965 1.754965 1.3891246 1.7549647 4.364695 4.3646946 4.3646946 4.3646946
1.7549525 1.7549525 1.7549525 1.3891029 1.3891027 1.3891027 1.3891025 1.3891025 0.37860587 0.37860584 0.37860578 1.7549515 1.7549515 4.7969637 4.364664 4.364664 4.364664 4.364664 4.3646636 4.3646636 4.3646636 4.3646636 4.364663 0.37860566 2.2551346 2.2551343 4.364662 4.364662 4.364662 0.3786055 4.79696 0.3786055 0.37860548 4.79696 4.79696 0.37860543 0.37860543 0.3786054 0.3786054 0.37860534 0.37860534 0.37860534 0.2739919 1.3890983 1.3890983 1.389098 1.389098 1.7549492 1.7549491 1.7549491 2.2551322 1.7549491 1.7549489 1.7549489 1.7549489 1.7549489 4.3646574 4.3646564 4.3646564 4.3646564
1.4292283 1.7549359 1.3890753 1.3890753 1.5035181 1.3890748 1.3890748 1.3890743 1.3890741 0.27398586 0.37860176 1.7549353 1.7549353 4.3646264 4.3646264 4.364626 4.364626 4.364626 4.364626 4.3646255 4.364625 4.364625 0.37860155 0.37860155 0.37860155 4.3646245 1.7549343 1.7549343 1.7549341 1.7549341 0.3786015 0.3786014 0.37860137 4.7969193 4.3646226 4.364622 0.3786013 0.3786013 0.37860128 0.37860128 0.37860125 0.37860125 1.3890704 1.38907 1.38907 1.7549329 1.7549329 1.7549328 2.255112 4.796916 2.2551117 2.2551117 4.796915 4.796915 2.255111 2.255111 0.37860093 0.37860093 4.3646183 4.3646183
1.3890479 1.3890474 1.3890474 1.3890474 1.3890474 1.389047 1.50349 1.3890468 1.3890467 0.37859768 0.37859768 1.7549188 1.7549188 4.364588 4.364587 4.364587 4.016199 4.326995 3.9646106 4.364587 4.3645864 4.3645864 4.3645864 0.37859744 0.37859744 4.326994 1.7549181 1.754918 1.7549179 1.7549175 0.37859735 0.37859732 0.3785973 4.364585 4.3645844 4.7123103 0.37859717 0.37859717 0.41921163 0.3785971 0.37859708 0.37859708 1.3890427 1.3890426 1.8071091 1.7549167 1.7549164 0.378597 2.276925 2.2550917 4.796875 2.2550917 4.364582 4.364582 0.37859684 0.37859684 0.27397755 0.37859684 4.36458 2.2550905
1.5034627 1.3890194 1.3890193 1.8691031 1.7549034 1.7549033 0.27397206 1.3890187 1.7549031 0.37859362 0.3785936 0.3785936 4.7968407 4.7968407 4.7968407 3.9645727 4.326957 4.326957 3.9645722 4.3645487 4.3645487 4.3645487 4.3645487 4.326956 5.0312634 4.326955 4.326955 4.3645477 1.7549014 1.8070939 4.364547 4.364547 4.364547 4.364547 4.364547 0.37859315 0.41920766 0.37859312 0.3785931 0.37859306 5.140234 4.364546 0.273971 1.7549005 1.7549005 2.2550716 0.37859303 2.2550716 2.2550714 2.2550714 2.2550707 3.964567 4.364544 4.364544 0.37859282 0.3785928 0.37859273 0.37859273 0.3785927 2.2550702
1.3889915 1.3889914 1.7548869 2.7394893 2.2550545 1.7548869 0.2739651 0.3785895 0.3785895 0.3785895 4.3645124 3.964535 4.3645124 4.3645124 3.9645345 2.2550535 4.3269196 4.3269186 4.3645105 4.7967997 4.7967987 4.7967987 4.3645096 4.3269176 4.3269176 4.326917 4.364509 4.364509 1.7548853 4.3645086 4.3645086 4.3645086 4.3645086 4.364508 4.364508 4.364508 0.3785891 0.37858906 4.3645077 0.378589 0.378589 1.7548842 1.754884 4.7967944 2.2550511 2.2550511 2.255051 2.255051 2.255051 1.7548838 1.7548834 3.9645288 4.364505 4.364505 4.364505 0.37858874 1.754883 0.3785887 2.25505 2.25505
1.3889636 1.7548705 1.7548705 3.2145169 1.7548704 1.7548704 1.388963 0.37858546 4.7967606 0.3785854 4.7967596 3.9644957 4.3644733 4.364473 3.9644954 4.3644724 4.3644724 4.3644724 4.364472 4.7967577 4.7967577 4.7967577 4.364471 4.32688 4.3268795 2.2550325 2.2550325 4.796756 3.964494 4.3644705 4.36447 4.3644695 3.9644935 4.3644695 4.3644695 4.326877 0.378585 0.37858492 0.37858492 0.37858486 0.37858483 0.3785848 1.388959 4.796754 2.2550306 2.2550306 2.2550306 4.3644676 4.3644676 1.7548674 1.7548673 3.96449 4.364467 4.3644667 1.7548672 1.754867 1.7548668 1.7548666 2.2550292 2.2550292
1.3889357 2.0037699 0.37858155 0.3785815 1.8070467 1.7548538 1.7548538 2.2550135 2.2550135 1.7548537 1.7548537 4.364435 4.364435 4.364435 4.364435 4.364435 4.3644342 4.7967167 4.3644342 4.7967167 4.3644342 4.3644342 4.3644342 4.7967167 2.2550125 2.255012 2.255012 4.7967157 4.3644323 3.9644563 4.364432 2.2550118 2.2550116 2.2550113 2.2550113 4.3644314 4.364431 4.364431 0.37858084 0.37858084 0.37858084 0.3785808 1.3889307 4.796714 0.37858075 0.3785807 4.36443 4.36443 4.3644295 1.7548509 1.7548509 4.796712 4.3644295 2.2550092 1.7548505 1.7548505 1.7548505 1.7548505 1.7548504 1.7548503
0.27394423 0.2739442 0.37857738 1.7548378 1.7548375 1.42906 1.7548375 2.2549934 2.2549934 1.7548375 1.7548375 4.364397 4.796677 4.364397 4.364397 4.3643966 4.3643966 4.796676 4.796676 4.796676 4.796676 4.364396 4.326804 4.712105 4.364395 1.7548363 4.796675 4.796675 1.7548362 3.9644177 3.9644177 2.2768245 2.254991 2.254991 2.254991 2.2549908 3.9644165 0.37857682 0.37857682 0.37857676 0.37857676 0.37857673 1.7548352 4.796673 2.25499 0.37857664 4.3643913 4.3643913 3.5729926 3.572992 4.3643904 0.37857646 2.2549891 2.2549891 1.7548342 1.754834 1.754834 1.4290538 1.7548339 1.7548339
0.3785733 0.27393734 0.2739373 1.3888795 1.8070139 1.7548213 1.7548212 0.37857318 0.37857318 4.796637 4.796637 4.796636 4.796636 4.3643584 4.364358 4.364358 4.7966356 4.364358 4.796635 4.415946 4.3267655 4.796635 3.96438 2.254971 4.8865447 1.7548198 1.7548196 4.364356 1.7548196 1.7548196 1.7548196 1.7548194 1.7548194 1.7693317 2.2549706 2.2549706 0.37857276 0.37857276 0.3785727 0.3785727 0.37857264 0.419187 0.37857258 2.2549696 0.27393606 0.37857255 1.868922 3.57292 3.5729196 0.2739359 0.27393585 0.37857243 2.2549684 2.2549684 1.7548176 1.4290262 1.388873 1.3888729 1.3888725 1.3888724
0.38105753 0.38105747 0.38105747 1.7204934 1.7204934 1.7204932 1.7204932 0.38105735 0.38105735 0.38105735 4.6536236 4.6536236 4.6536226 0.38105732 0.3810573 0.3810573 2.1900005 4.6536217 4.6536217 4.188416 4.1884155 4.6536207 3.7768505 2.1899998 1.7204921 1.7204921 4.1884146 4.2134905 4.1884146 4.653619 1.7204919 1.7204916 1.7204916 1.7204915 2.1899986 2.1899986 0.3810569 0.2855757 0.28557563 0.28557563 0.38105685 0.3810568 0.38105673 1.8512174 3.4840338 3.484033 1.8512169 3.4840322 3.4840314 0.28557527 0.28557524 0.28557524 0.38105658 1.7204899 1.7204897 1.3976622 1.3976619 1.3976619 1.3976619 1.3976616
0.38105318 0.38105318 0.38105318 4.653583 1.7204762 4.653583 4.653583 0.3810531 0.41605088 0.3810531 0.38105303 2.189979 1.7204757 1.7204757 0.38105288 0.28556925 0.38105285 0.38105282 4.2134504 4.188374 0.41605064 0.38105276 1.7204747 0.3810527 0.3810527 1.8511845 2.189978 1.7204746 0.3810527 1.7204745 1.7542266 1.7204745 1.7204745 4.2134485 2.1899772 2.1899767 2.1899767 0.2855687 0.28556865 0.28556865 0.2855686 0.38105246 1.8511825 1.8511822 1.851182 3.4839635 3.4839635 3.4839628 3.4839623 3.4839623 1.397635 1.3976347 1.3976346 1.3976344 1.3976344 1.3976344 1.3976343 1.3976341 1.3976339 1.720472
0.41604665 0.3810488 0.3810488 0.3810488 4.21341 4.2134094 5.2592335 0.38104874 0.38104874 0.38104868 4.855316 2.1899576 1.7204585 2.2381616 0.28556234 0.2855623 0.2855623 0.3810486 4.65354 4.65354 1.7204578 1.3976107 1.3976107 1.3976105 0.28556216 1.8511504 1.8511502 3.776775 0.38104835 1.7204571 1.7204571 1.7204568 4.213405 4.2134047 2.1899557 2.1899555 2.6440096 0.3810482 0.28556156 0.2855615 0.28556147 0.28556147 3.4838958 1.8511467 1.8511467 3.4838953 3.4838946 3.4838936 3.4838932 1.3976068 1.3976068 1.3976068 0.2855612 0.2855612 0.28556108 0.28556108 1.3976066 1.3976066 1.4232712 1.3976059
0.38104454 0.41604236 0.3810445 4.213369 4.2133684 4.2133684 4.2133684 2.1899364 0.41604227 0.38104442 4.2133675 2.189936 1.7204412 1.3975835 0.28555536 1.3975835 1.6780726 1.720441 4.6534986 4.6534986 1.7204407 1.3975824 1.3975823 1.3975823 0.28555506 1.8511152 2.1899345 4.6534977 2.1899343 2.1899343 2.1899343 2.189934 2.189934 4.213363 2.1899338 2.1899338 2.1899335 0.38104394 0.38104388 0.28555456 0.28555456 0.28555453 3.4838262 1.8511119 1.8511115 3.4838245 3.4838245 1.3975796 3.483824 1.3975794 1.3975794 1.3975794 0.2855542 0.2855542 0.28555414 0.2855541 1.7204375 1.7204375 1.7204374 1.7204374
0.416038 0.38104022 0.38104022 4.2133255 4.2133255 4.2133255 2.1899147 2.1899147 2.1899147 4.213325 4.2133245 0.38104 1.7204236 1.3975556 1.4855614 1.3975555 1.3975555 1.7204231 1.7541751 1.7204231 1.7204231 1.3975546 1.3975546 1.3975545 0.2855481 1.3975544 1.3975543 4.2297406 4.22974 3.776697 4.213321 4.2133207 4.2133207 4.2133207 4.2133207 2.1899118 2.1899118 0.44085467 0.2855476 0.2855476 0.28554758 3.4837565 3.483756 3.4837558 3.483755 3.4837546 3.4837542 1.6780406 0.28554726 1.3975511 1.397551 1.3975508 1.3975507 1.3975506 0.28554708 0.38103923 4.653452 4.653451 0.3810392 0.38103914
0.3810359 0.3810359 0.38103586 4.6534195 4.2132835 4.2132835 2.1898928 2.1898928 2.1898928 4.2132835 4.2132835 0.38103572 0.3991253 0.2855414 1.3975275 1.3975273 1.3975272 1.3975271 1.3975269 1.3975269 1.3975266 1.3975266 1.4855325 1.3975266 1.3975264 1.3975263 1.3975263 1.4009955 1.3975258 0.38103536 0.38103536 4.213279 4.2132783 4.213278 4.213278 4.213278 0.38239235 0.38103524 0.2855406 0.28554055 0.28554055 0.28554052 0.2855405 3.4836874 3.4836872 4.2296724 1.8510419 4.2296724 0.28554028 0.28554025 0.28554025 0.28554022 0.28554022 0.3810349 0.38103485 0.38103485 4.65341 4.653409 0.38103482 0.28553995
2.189872 4.2132416 0.3810315 0.38103148 0.38103148 0.38103145 0.38103145 1.7203895 4.2132406 4.2132406 4.2132406 0.38103142 0.3810314 0.28553435 1.3974996 1.3974996 1.3974996 1.3974996 1.3974992 1.397499 1.3974987 1.3974985 0.28553405 0.28553405 1.3974983 1.3974983 1.3974981 1.3974978 1.3974977 0.3810311 0.381031 4.213237 4.213237 4.213237 4.2132363 4.2132363 4.2132354 0.38103092 0.2855336 0.2855335 0.28553346 0.28553343 0.2855334 3.4836156 3.6042814 1.851007 1.8510069 1.8510069 1.8510067 0.2855333 0.33457386 0.28553325 0.2855332 0.3810306 2.189867 1.720386 1.7203858 1.7203857 1.7203857 0.28553298
1.8509785 2.1898499 0.38102722 0.38102722 0.38102722 0.28552765 2.1898499 1.7203722 4.2131987 4.2131987 4.2131987 0.38102707 0.38102707 1.7203718 1.3974714 1.3974711 1.3974708 1.3974707 1.3974706 1.3974706 1.3974706 1.3974706 0.28552717 0.28552714 0.28552714 1.3974702 1.3974699 1.3974698 4.2131953 4.2131953 4.2131953 2.1898475 2.1898475 4.213194 4.213194 4.213194 0.38102666 0.3575871 0.28552663 0.2855266 0.28552657 0.28552657 0.28596115 0.2855265 3.4835458 1.8509723 1.8509719 1.8509718 1.8509713 0.2855263 0.28552628 0.28552628 0.3810263 4.21319 4.21319 1.7203686 1.3974664 1.3974662 1.3974661 0.28552595
1.7304583 2.1898289 0.38102293 0.4160207 0.3810229 0.38102287 2.1898284 4.2131567 4.2131567 0.38102278 0.38102278 4.2131557 4.2131557 1.7203547 1.3974435 1.3974434 1.3974432 1.3974432 1.3974428 1.3974428 0.33456084 0.28552008 0.28552005 0.28552005 0.28552005 0.28552002 1.4854481 1.3974419 4.213152 4.213152 4.213152 2.2051334 2.189826 2.189826 2.1898258 4.213151 0.3810222 0.38102219 0.38102219 0.28551957 1.3974406 1.3974404 0.28551945 0.28551942 3.4834757 3.4834752 3.309227 3.3092263 3.3092263 0.28551927 0.28551924 3.4834728 4.213148 4.213148 1.7203517 1.7203512 1.3974378 0.299723 0.28551894 0.28551894
1.720338 4.2131147 0.3810186 0.38101858 0.38101855 1.7203379 1.7203376 4.213114 4.188037 0.3810185 0.38101846 0.3810184 0.38101837 1.7203372 1.8289775 1.3974155 1.3974152 1.397415 1.4854208 4.229424 0.2855132 0.28551316 0.28551313 0.28551313 0.28551307 1.3974146 1.3974144 1.3974141 4.6532526 4.653252 4.21311 4.21311 2.1898043 2.2051117 2.1898043 4.213109 0.381018 0.381018 0.41601577 1.3974124 1.3974121 1.397412 3.483408 3.483408 3.4834073 3.4834068 3.4834068 3.4834068 3.4834063 0.28551227 0.28551227 0.28551224 3.4834049 4.213106 0.3810176 1.720334 0.28551206 0.28551197 0.28551197 0.28551197
4.213073 0.38101426 0.3810142 0.416012 0.38101414 1.7203205 1.7203203 4.187994 4.743956 0.38101405 0.38101405 0.38101402 0.38101402 1.72032 1.72032 1.7203199 0.38598132 1.7203196 1.3973867 1.8508706 0.2855062 0.28550607 0.28550604 0.28550598 1.397386 1.397386 1.3973857 4.213069 1.7203189 1.7203189 1.7203188 4.213067 2.1897826 2.1897826 2.1897826 4.213067 1.75407 1.7203181 0.38101363 0.28550565 1.3973845 1.3973844 3.4833364 3.4833364 3.4833364 3.4833364 3.483336 3.483336 3.4833355 0.28550532 0.28550526 0.28550518 3.4833353 4.2130637 0.38101324 0.38101324 0.28550506 0.38101324 0.38101318 0.28550488
1.7203033 0.3810099 0.38100985 0.38100985 0.38100985 0.38100985 4.2130294 4.187952 0.3810098 0.3810098 0.41600764 0.38100973 0.2854994 0.2854994 0.28912488 0.2854993 0.38100967 0.38100967 0.28549924 2.25882 0.2854992 0.2854992 0.28549916 1.3973585 1.3973584 1.423023 1.7203015 4.213026 1.7203015 1.7203015 1.7203015 4.213026 4.2130256 2.1897612 2.1897607 4.213024 1.7203009 1.3973566 0.2854986 0.2854986 1.4853623 1.3973564 3.483267 3.483267 3.483267 3.483267 3.483267 3.4832668 4.141255 0.28549826 0.28549814 0.28549814 3.4832642 4.141253 0.38100898 1.3973542 1.397354 1.7202991 0.38100886 0.38100883
1.7202865 0.38100567 0.38100567 0.28549257 0.38100567 3.7763956 4.212988 4.2129874 0.38100553 0.38100553 0.38100553 0.28549236 0.2854923 0.28549227 0.28549227 0.38100547 0.38100547 1.7202852 1.3973311 4.229232 1.397331 1.3973308 1.3973308 1.3973305 1.3973303 1.3973303 4.212985 4.212985 4.3283405 4.2129846 4.2129846 4.2129836 4.2129836 4.726301 4.6531277 4.2129827 4.212982 1.3973287 0.28549162 1.3973284 1.3973284 3.4831986 3.4831986 1.8507974 1.8507974 4.141193 3.483198 3.4831975 4.1411924 4.141191 4.141191 4.2292237 4.2292233 4.2292233 1.7202822 1.485332 1.3973262 1.7202822 4.2129784 4.2129784
4.212946 0.3810013 0.3810013 2.1897202 2.1897202 3.776358 4.2129455 4.212945 0.38100117 0.38100114 0.38100114 0.4408163 0.28548536 0.28548533 0.28548533 0.3810011 0.38100109 1.720268 1.3973031 0.2854852 0.28548518 1.3973027 1.3973026 1.3973024 0.28548506 0.28548506 4.212943 4.212943 4.2129426 4.212942 4.212942 4.212941 4.212941 4.6530876 4.21294 4.21294 1.3973007 1.3973005 1.3973002 1.3973002 1.3973002 1.3973002 3.4831283 1.8983793 1.8507619 4.1411314 4.1411314 4.1411304 4.1411304 4.1411295 4.1411295 4.2291603 4.22916 4.653084 1.7202653 1.3972985 1.3972982 1.720265 4.2129364 4.2129364
2.1896992 0.380997 0.38099697 2.1896987 2.1896987 3.77632 4.212903 4.212903 0.3809969 0.3809969 0.38099688 0.38099688 0.28547838 0.28547838 0.28547832 0.38099673 0.38099673 0.38099673 0.2854783 0.28547823 0.2854782 1.3972747 0.28547814 1.3972745 0.28547806 0.28547806 1.3972743 4.2129 4.1878214 4.2128997 4.2128997 4.212899 4.212899 4.212899 4.212899 0.38099638 1.397273 1.3972728 1.3972726 1.3972726 1.3972725 1.8507274 3.4830582 4.1410685 4.1410685 4.1410685 4.1410685 4.141068 4.141068 4.1410675 4.141067 4.2290955 4.229095 4.6530423 1.7202477 1.7202477 1.7202474 1.7202474 3.1108618 4.2128935
