Export/ASCII/RMeteo_SP_inch/impervious0/net_infiltration_2016_SP1_inch.asc
ncols         660
nrows         338
xllcorner     1476100.0
yllcorner     5017100.0
cellsize      100
NODATA_value  -9.9000000089461e-20
[rows 189 to 215 of 338, columns 300 to 359 of 660]
0.25704652 0.16356978 0.16356978 0.16356978 1.0340916 1.0330801 1.4810305 1.4810305 1.4810305 1.4810305 1.4810305 1.4810305 4.935243 0.30464 0.25704643 1.4810302 1.4810301 1.3538678 1.3538678 1.3538678 5.686847 5.686847 0.33597553 0.3359755 0.22716236 0.22716236 4.0080814 4.0080814 1.3538678 1.3538675 1.3538675 0.22716233 0.22716233 0.22716233 0.22716233 0.22716233 1.3538675 4.0080814 1.3538675 1.3538675 1.3538675 1.8263569 1.8263569 1.8263566 1.8263566 1.8263566 1.3538674 1.3538674 1.3538673 1.3538673 1.3538669 1.3538669 1.3538669 0.22716223 0.22716223 0.22716221 0.22716221 0.22716215 0.22716215 0.22716215
0.3141867 0.16356374 0.16356374 1.946903 1.0330528 1.034064 1.4810075 1.4810075 1.4810075 1.4810075 1.4810075 1.4810075 4.2550154 5.228602 0.25704077 0.25704077 4.2550154 4.008046 4.008046 4.008046 5.686812 5.686812 5.686812 0.3359715 4.008045 4.008045 4.6295896 1.6069092 1.3538494 1.3538494 1.3538494 0.22715776 0.22715776 1.3538493 4.008045 4.0080442 4.0080442 1.6069089 1.353849 1.353849 1.826341 1.826341 2.5129023 2.512902 1.8263409 1.8263409 1.3538487 1.3538487 1.3538487 1.8263408 1.8263408 1.3538485 1.3538485 0.22715756 0.22715756 0.22715756 0.22715756 0.22715756 0.22715752 0.22715752
3.3174903 3.228833 1.9468582 1.4479394 1.4131027 1.0340368 1.0330253 1.4809849 1.4809849 1.4809849 1.4809849 4.254978 4.254978 4.9351425 0.25703517 0.25703517 0.25703517 0.27415228 0.22715329 0.27415228 0.33596757 1.8263254 1.8263254 1.353831 1.353831 1.6068871 1.6780818 1.353831 1.353831 1.353831 1.353831 0.22715326 1.9941977 4.008007 4.008007 1.7796763 4.6295395 4.008007 1.8263253 1.8263253 0.3359675 5.2943544 2.352856 2.352856 2.352856 0.97596025 2.352856 1.826325 1.826325 1.826325 0.33596748 1.8263249 1.3538302 0.22715299 0.22715299 0.22715299 0.22715299 0.22715299 0.22715299 0.22715299
3.0956252 3.1882956 0.30509996 1.4479134 1.5081285 1.0728974 1.0340102 1.0340102 1.4809628 1.4809628 1.4809625 1.7503889 1.4809625 4.254941 5.2285013 0.2570296 0.2570296 0.22714865 0.22714865 0.22714865 0.22714865 1.3538128 1.3538128 1.3538127 1.3538127 1.3538127 1.3538127 1.3538125 1.3538125 0.22714859 0.22714856 1.9941747 1.3538125 1.6068647 4.6294894 1.3538123 1.6780595 2.1255307 5.6867404 5.2943106 5.2943106 2.5128627 2.3528297 3.2167003 3.2167003 0.15283705 0.21721134 5.2943106 5.6867404 0.33596355 5.6867404 5.6867404 1.8263092 0.22714841 0.22714841 0.22714841 0.22714841 0.22714841 0.22714841 0.22714841
3.6212757 1.9467642 1.9467638 0.22888431 0.16354561 1.032971 1.0349734 1.0339823 0.25720248 0.25702393 0.2570239 1.48094 1.48094 4.9350414 0.25702387 0.3209628 0.25702387 0.2271441 0.2271441 0.2271441 0.22714406 0.22714406 1.3537942 1.3537942 1.3537941 1.3537941 1.3537941 0.227144 4.0079317 0.227144 0.22714396 1.353794 1.353794 1.3537937 1.3537937 1.6780367 1.8262938 5.686705 2.5128436 2.5128436 2.5128436 1.4478381 3.2166736 3.397107 0.23950633 0.1527891 0.15278904 2.3528016 5.6867046 5.6867046 5.6867046 5.6867046 5.6867046 1.8262931 1.353793 1.353793 1.353793 1.9941504 1.353793 1.353793
2.415169 3.3466473 0.28144598 0.1635395 0.1635395 2.415169 0.2350017 0.16364893 0.1635395 0.25701827 0.25701824 1.4809173 0.25701824 0.3209566 0.25701818 0.25701818 0.25701818 0.22713956 4.0078936 0.22713956 0.22713953 0.22713953 1.3537761 1.3537761 1.3537759 1.3537759 0.22713949 0.22713949 0.22713949 0.22713949 0.22713946 0.22713946 1.3537759 1.3537756 1.826278 1.826278 2.5128238 2.5128238 2.5128238 1.9941288 1.4478132 1.4664123 3.3970807 3.441849 0.97589934 1.2384627 0.97589916 1.3383241 2.3527744 5.6866693 5.6866693 5.6866684 1.8262776 1.8262776 1.353775 1.353775 1.353775 0.22713925 1.353775 1.353775
2.415128 0.16353351 0.16353348 4.25483 4.9349303 0.21669261 0.16353348 0.16353348 0.36788052 0.36788052 0.2570127 0.2570127 1.480895 0.2570127 0.25701267 0.25701267 0.25701267 0.22713487 0.2741314 0.22713487 0.22713487 0.22713484 0.22713484 4.0078564 0.22713481 0.22713481 0.22713481 0.22713481 0.22713481 0.22713481 0.22713478 0.22713478 0.33595178 0.33595172 1.8262624 5.294181 2.5128036 2.5128036 2.5128036 1.9941052 2.0238147 1.1827581 3.1602533 3.6107504 0.97629267 0.9804784 1.3544997 0.97629267 3.216623 5.686634 5.686634 1.8262615 1.8262615 1.3537564 1.3537564 1.3537564 1.3537563 0.22713462 1.3537563 1.3537563
3.5231473 1.8577216 1.032889 1.4808723 1.4808723 1.032889 1.0328889 1.0328889 0.3678763 0.3678763 0.2570069 0.2570069 0.2570069 0.2570069 0.25700685 0.25700685 0.25700685 0.22713038 0.22713038 0.22713038 0.22713038 0.22713035 0.22713035 0.2741263 0.22713034 0.22713034 0.22713034 0.22713026 0.22713026 0.22713026 0.22713023 0.22713023 0.33594775 0.33594775 1.8262463 5.294138 2.512784 2.512784 2.512784 1.9940827 0.0 1.7705183 3.2246547 3.3244483 2.0170834 2.0170834 2.0170834 2.0170834 3.3970258 2.352721 1.826246 1.8262458 1.3537382 1.3537382 1.3537382 1.3537382 1.3537382 0.22713003 0.22713003 1.3537382
1.9465778 0.16352138 1.2665226 1.032862 1.48085 1.48085 1.48085 1.9631263 0.36787206 0.36787206 0.25700134 0.25700134 0.25700134 0.25700134 0.25700134 0.25700134 0.25700134 0.22712575 1.3537211 4.0077806 4.0077806 0.22712572 0.0 0.22712572 0.22712566 0.22712566 0.22712566 0.22712566 0.22712566 0.22712566 0.22712561 0.22712561 0.33594385 1.8262306 1.8262306 1.8262306 2.5127642 2.5127642 2.5127642 0.0 0.0 0.0 3.1787982 3.23878 2.86536 2.86536 2.8626225 2.8653595 3.1601717 2.9378116 5.6865616 1.82623 1.82623 1.82623 1.35372 1.35372 0.22712545 0.22712545 0.22712545 1.3537197
0.16351533 0.22885197 0.16351533 1.033846 1.4825815 1.4808275 1.4808275 1.4808275 0.25699574 0.25699574 0.25699574 0.2569957 0.2569957 0.2569957 0.25699565 0.25699565 1.480827 0.22712116 0.22712111 0.22712111 0.27411583 0.22712111 0.22712111 0.22712111 0.22712106 0.22712106 0.22712106 0.22712106 0.22712106 0.22712106 0.22712103 0.22712103 0.3359398 1.8262147 1.8262147 1.8262147 1.8262147 5.6865273 2.3526661 4.007742 4.007742 2.0170171 3.1695256 3.1916304 3.0090413 2.0490139 1.4477108 3.0090413 3.224537 5.2940497 5.2940497 5.2940497 1.8262142 1.8262142 1.3537017 1.3537017 1.3537015 1.3537015 1.3537014 1.3537014
0.16350925 0.16350925 0.16350925 0.16350922 1.0338188 1.4808048 0.25699002 0.25699002 0.25699002 0.25699002 0.25699002 0.25699002 0.25699002 0.25699002 0.25699 0.25699 4.2546787 0.22711655 0.22711653 0.22711653 0.22711653 1.3536838 0.2271165 0.2271165 0.22711645 0.22711645 0.22711645 0.22711645 0.22711645 0.22711645 0.22711642 0.22711642 0.22711642 0.3359359 1.3536836 1.3536836 1.8261987 5.686493 3.216522 4.629141 2.850066 3.1593876 2.2107882 1.4476852 3.4064534 1.4899703 1.4476852 3.008996 3.1786714 5.2940063 5.2940063 5.2940063 5.686492 1.8261985 1.3536832 1.3536832 1.353683 1.353683 1.353683 1.353683
0.1635032 0.1635032 0.1635032 0.3678594 0.25698444 0.25716296 0.25698444 0.2569844 0.2569844 0.2569844 0.2569844 0.25698438 0.25698438 0.25698438 0.25698438 4.254641 4.254641 0.2741062 0.22711201 0.33593202 0.33593202 0.33593202 0.22711201 0.22711201 0.22711197 0.22711197 0.22711197 0.22711197 0.22711192 0.22711192 0.22711192 0.22711192 0.22711192 1.3536657 1.8261828 1.8261828 1.8261827 1.8261827 0.23946424 0.28541225 0.15275675 2.4393997 1.4476602 1.4662592 3.409611 0.9839219 0.9839219 3.1041775 5.2939644 5.2939634 2.5127044 2.5127044 2.5127044 1.8261826 1.8261825 1.8261825 1.8261825 1.353665 1.353665 4.0076656
0.25697893 0.25697893 0.25697893 0.2569788 0.2569788 0.2569788 0.2569788 1.4807596 0.25697878 0.25697878 0.25697878 0.25697878 0.25697878 0.25697878 0.25697878 1.4807596 1.4807596 2.1468263 0.33592802 0.33592802 0.33592802 0.22710729 0.22710729 0.22710729 0.22710729 0.22710729 0.22710729 1.3536471 1.3536471 0.22710729 0.22710729 0.22710729 1.3536471 1.3536471 1.8261672 1.8261672 1.8261671 0.9757577 0.15275198 0.15275198 0.15275198 1.5113283 2.0169194 2.0169194 3.4774845 0.97617126 0.97617126 1.4812198 2.0169194 5.2939205 1.4476342 1.4476342 1.4476342 2.016918 5.2939196 1.8261665 1.8261665 1.3536463 4.0076275 4.836328
0.36785093 0.25697318 0.25697318 0.25697315 0.25697315 1.480737 1.480737 1.480737 1.480737 0.25697315 0.25697315 0.2569731 0.2569731 0.2569731 1.9602666 1.9602664 0.36785078 0.33592412 0.33592412 0.22710288 0.22710288 0.22710288 0.2271028 0.2271028 0.33592412 0.3359241 1.3536294 1.3536294 4.0075917 4.0075917 1.3536294 1.3536292 1.3536292 1.3536292 1.8261516 1.8261516 1.8261516 0.97573763 0.15279065 0.1527474 0.1527474 2.016886 2.869049 2.869049 3.2189407 2.016886 0.97615075 1.4485368 1.9046875 2.016886 2.016886 2.016886 2.016886 2.862395 2.016886 5.293876 5.2938757 5.686385 4.6289883 5.487253
0.36784673 0.25696754 0.25696754 0.2569675 1.4807147 1.4807147 1.4807147 1.4807147 1.4807144 0.25696748 0.25696748 0.3678466 0.3678466 0.3678466 0.3678466 1.9602497 1.9602497 0.22709821 0.22709821 0.22709821 0.22709821 0.33592013 0.33592013 0.33592013 0.33592013 0.33592013 0.22709818 1.3536108 1.3536106 1.7793927 1.3536106 1.3536106 4.007554 1.3536106 1.3536105 1.8261356 1.8261356 1.827354 0.15274271 0.15274271 0.15274271 0.21258129 3.0088172 3.0088172 3.1493368 2.8650858 0.97613037 1.4475836 1.4943409 2.8623488 2.016853 2.8690066 2.8690066 2.016853 2.016853 2.016853 5.293833 5.293832 4.880663 5.033476
0.3678424 0.2569619 0.2569619 0.2569619 1.480692 1.480692 1.480692 1.480692 1.4806918 1.9602326 0.36784238 0.36784235 5.6254044 6.0371375 1.9602326 1.9602326 1.4806916 0.22709364 0.22709364 0.22709358 0.22709358 0.33591613 5.6863165 5.6863165 5.6863165 4.007517 1.9938993 1.3535924 1.353592 1.353592 1.353592 1.3535919 1.3535919 1.3535919 1.3535918 1.8261198 1.8261198 0.97569686 1.4475583 1.447558 0.15273805 0.15273805 0.45745656 5.293791 5.504774 2.0168202 2.0168202 1.4661564 2.0168202 2.0168202 1.9046236 2.0738697 2.0168197 2.0168197 2.862303 2.0168197 5.29379 5.29379 5.686313 4.880613
0.36783817 0.25695634 0.25695634 0.25695634 0.2569563 1.0326438 1.0326438 0.16347298 1.0326437 1.0326437 1.9602156 5.6253586 5.6253586 5.6253586 1.9602156 1.4806694 1.4806694 0.22708896 0.22708896 0.22708896 0.22708896 0.3359123 0.3359123 5.6862803 5.6862803 1.6065784 1.3535737 1.3535737 1.3535737 1.3535737 1.3535737 1.3535737 1.3535737 1.3535737 1.3535737 1.3535737 1.3535737 1.827322 2.5562334 2.5126061 0.15356773 0.15273342 0.33591214 5.293747 4.5796814 4.7071753 3.6429598 2.0167873 0.21119432 0.21119432 1.4898148 1.4475322 2.8622587 2.8622587 3.0087266 2.8622587 5.2937455 5.2937455 5.2937455 5.6862793
1.9601991 0.36783397 0.25695065 0.16346683 0.16346683 0.16346683 1.9461591 1.9461591 1.9461586 1.0336273 1.0326161 6.0370617 6.0370617 5.6253104 1.9601988 1.9601986 1.4806464 0.22708447 0.22708447 0.22708446 0.22708446 0.22708446 1.8260885 1.8260885 5.686245 1.3535553 1.3535553 1.3535553 1.3535553 1.3535553 1.3535553 1.3535552 1.3535552 4.0074415 4.0074406 1.3535552 1.3535552 1.3535552 1.8260883 5.293703 0.33590814 2.5125864 2.5125864 5.293702 4.337997 4.500673 4.0923133 2.8688812 0.15272872 0.15272872 0.15356298 2.016753 3.0086808 3.0086808 2.016753 3.0086808 2.016753 5.293701 5.293701 5.686243
1.960182 0.3678297 0.16346082 0.16346082 1.9461129 1.9461129 2.8385606 2.825688 3.2688599 2.4146225 2.4146225 6.049818 6.0370245 5.625264 5.625264 1.9601817 1.9601816 1.3535372 0.22707984 0.22707981 1.353537 1.353537 1.3535368 1.3535368 1.3535368 1.3535368 1.3535368 0.22707978 1.3535368 1.3535368 1.3535368 1.3535368 1.3535368 1.6065341 1.6065341 1.3535368 1.3535368 1.3535368 1.3535368 1.9938303 5.293659 2.512566 2.5125659 5.2936587 4.3379493 4.3379493 4.3379493 5.1451025 0.15272403 0.15272403 0.15272403 0.21255806 3.008635 3.008635 2.8621671 3.1038113 2.8621666 5.2936583 5.2936583 5.293658
1.9601649 4.957647 1.032562 1.032562 1.9460676 2.8256416 1.9460676 3.0293548 1.9460676 2.8629894 2.8565888 1.9460676 5.6252193 5.6252193 5.6252193 5.6252193 1.9601647 1.8260572 1.3535188 1.3535188 1.3535188 1.3535188 1.3535186 1.3535186 4.007365 1.3535186 1.3535184 1.3535184 1.3535184 1.3535184 1.3535184 1.3535184 1.3535184 1.3535184 1.3535184 1.3535184 1.3535184 1.3535181 1.3535181 1.3535181 1.8260564 1.8260564 5.2936153 5.2936153 4.3379035 4.3379035 3.6428683 3.6428683 4.518908 2.016689 0.15271932 0.15271932 3.1037626 2.016689 3.0085921 2.016689 2.016689 5.2936153 5.2936153 5.2936153
1.9601481 0.36782128 1.0325347 1.0325347 1.9460199 1.9460199 1.9460199 1.9460199 1.9460199 1.9460199 1.9460199 1.9460199 5.6251717 5.6251717 5.6251717 5.6251717 6.0369487 1.8260412 1.8260412 1.8260412 1.3535004 0.22707066 1.3535004 1.3535004 1.3535004 1.3535004 1.3535004 1.3535004 1.3535004 1.3535004 1.3535004 1.3535004 1.3535004 1.3535004 1.3535004 1.3535004 1.3535004 1.3535001 1.3535001 1.3535001 1.3535 4.836724 5.2935724 5.2935724 5.2935724 4.9675093 4.0921764 4.0921764 2.3874035 1.9044653 2.016657 2.016657 3.1037092 2.862077 3.0085464 2.862077 2.862077 5.2935705 5.2935705 5.2935705
1.480557 0.25692812 1.480557 1.9601313 1.9629053 2.9830434 2.8255448 2.8255448 2.8255448 2.8255448 1.9459732 1.9459732 2.8255448 5.625125 5.625125 5.625125 1.960131 1.8260249 1.8260249 1.8260248 1.353482 1.353482 1.353482 1.3534819 1.3534819 1.3534819 1.3534818 1.3534818 0.22706598 0.22706597 0.22706597 1.3534818 1.3534818 1.3534818 1.3534818 1.3534817 1.3534817 1.3534817 1.3534817 1.3534817 1.3534817 5.2935286 5.2935286 2.5125067 2.5125067 2.4593859 4.3378115 4.3378115 1.9937606 2.0471506 1.9044335 1.9044335 3.148991 3.008501 3.1036563 3.008501 5.2935276 7.410759 5.2935266 5.2935266
1.4805343 1.4805341 0.2569224 1.9601142 1.9601142 1.9459274 3.0292132 3.0292132 1.9459274 3.0292132 2.8254986 1.9459274 3.5356848 5.6250777 1.9601139 1.9601139 1.9601139 1.8260094 1.8260094 1.3534635 1.3534635 1.3534635 1.3534635 1.3534635 1.3534635 1.3534635 1.3534633 1.3534633 0.22706144 0.22706144 1.3534633 1.3534633 1.3534633 1.3534633 1.3534633 1.3534632 1.3534632 1.3534632 1.3534632 1.3534632 1.3534632 5.2934866 5.2934866 2.5124874 2.5124874 2.5124874 3.6427782 3.6427782 3.6427782 3.6427782 1.4473794 1.4896593 7.900097 7.6293592 5.2934847 10.080585 5.293484 5.293484 5.293484 5.293484
1.4805118 1.4805115 1.4805115 5.6250315 5.6250315 5.6250315 2.8254519 3.2814164 2.8254519 1.9458807 3.281416 2.8254514 2.4144118 1.7084081 1.9600967 1.9600967 1.9600967 1.8259937 1.8259937 1.3534454 1.3534454 1.3534454 1.8259937 1.8259935 1.8259935 1.8259935 0.33588457 0.22705682 0.22705682 0.22705682 1.3534453 1.3534453 1.3534453 1.3534453 1.3534453 1.3534453 1.3534453 1.3534453 1.3534452 1.3534452 1.9937149 5.2934422 5.2934422 5.2934422 2.5124674 5.293442 6.075108 4.0920386 4.0920377 4.0920377 3.6427467 2.016557 2.016557 5.293441 5.293441 5.293441 5.293441 5.293441 5.293441 5.293441
1.4804889 1.4804889 0.2569111 0.2569111 0.3678043 5.6249847 5.6249847 3.0291193 3.6734197 2.8254037 3.461536 3.0291188 1.9458344 1.4300934 1.0334362 1.0324253 1.9600799 1.8259776 1.8259776 1.3534269 1.3534267 1.3534267 1.8259776 1.8259776 0.33588058 5.685996 0.33588058 0.22705221 0.22705221 0.22705221 0.22705221 1.3534265 1.3534265 1.3534265 1.3534265 1.3534265 1.3534265 1.3534265 1.3534265 4.007175 5.685996 5.293399 5.293399 5.293398 5.293398 5.293398 5.293398 4.3376713 3.6427166 3.6427166 4.8422794 4.7067747 2.6219788 2.512447 5.293398 5.293398 5.293398 5.293398 5.293398 5.293398
1.4804666 0.25690553 0.25690553 0.25690553 0.25690553 0.36780003 5.62494 8.382135 3.838903 3.0290725 9.157868 8.382135 2.8253565 1.0323981 1.0334089 1.0343995 1.9600633 1.825962 1.825962 1.825962 1.825962 1.825962 1.825962 1.825962 1.825962 1.825962 1.825962 0.22704767 0.22704767 0.22704762 0.22704762 0.22704762 0.22704762 0.22704762 0.22704762 1.3534082 1.3534082 1.3534082 1.3534082 1.60638 1.8259617 2.512428 5.293355 5.293355 5.293355 5.293355 5.293355 3.6426864 4.756058 4.091946 3.6426861 4.531998 2.512428 2.5124276 0.0 5.293354 5.293354 5.293354 5.293354 2.512427
0.2568998 2.1563911 0.25689977 0.25689977 0.25689977 0.25689977 0.36779585 5.624891 3.6370928 8.382032 5.624891 5.624891 3.0290248 1.9457409 1.9457409 1.9457409 1.0323707 1.8259461 1.8259461 1.8259461 5.6859264 5.6859264 1.825946 1.3533903 1.3533903 1.825946 1.825946 0.22704312 0.22704312 0.22704312 0.22704312 0.22704312 0.22704309 0.22704309 0.22704309 1.35339 1.35339 1.35339 1.35339 1.825946 1.825946 1.8259459 5.293311 5.293311 5.293311 5.293311 5.293311 5.293311 4.53195 3.6426551 3.6426551 4.091898 5.293311 5.293311 0.33587247 5.293311 5.293311 5.293311 5.29331 2.5124078
