Export/ASCII/RMeteo_SP_inch/impervious0/net_infiltration_2014_SP4_inch.asc
ncols         660
nrows         338
xllcorner     1476100.0
yllcorner     5017100.0
cellsize      100
NODATA_value  -9.9000000089461e-20
[rows 135 to 161 of 338, columns 600 to 659 of 660]
7.148895 7.1052866 7.1052866 8.709914 8.658053 8.720769 2.4538803 2.4538803 2.4538803 3.077551 3.1284022 8.208551 8.785534 7.1052837 8.645565 7.105283 8.812441 8.812439 7.34582 5.392946 11.82844 14.221307 11.828439 11.828439 11.828439 11.828439 11.828439 11.828439 11.828439 8.770353 14.095096 7.927823 9.518997 9.881231 7.927822 9.518997 7.927822 7.927822 9.518997 9.881231 9.907461 10.040701 10.060947 10.060947 10.060947 10.060947 10.060947 10.0609455 10.0609455 7.9278183 9.518993 9.881224 9.907454 10.040695 7.9278164 9.51899 9.881224 9.907454 7.9278154 9.518988
8.467311 8.208504 2.8732512 2.4538481 8.657551 3.0531614 2.4538476 2.4538472 2.453847 2.453847 2.453847 7.1052275 8.812383 7.1052265 8.2085 8.2085 5.202709 6.943946 5.3928733 5.3928733 11.828386 11.828386 11.828386 11.828386 11.828386 11.828384 11.828384 11.828384 11.828384 8.770275 8.395424 7.92778 9.518951 7.92778 9.518951 7.9277787 9.5189495 9.88118 9.907408 10.0406475 10.060896 10.060894 10.060894 10.060892 10.060892 10.060892 10.06089 10.060888 10.060888 10.060888 10.060888 10.060888 10.060888 10.060888 10.060888 10.060886 7.927773 9.51894 9.88117 9.907398
8.708286 3.0418468 2.4538167 2.4538157 3.1187408 2.4538155 2.4538155 2.4538155 2.4538152 2.453815 2.4538147 8.208448 8.812321 8.208448 8.618752 8.618752 5.5505357 5.627625 0.0 6.434187 11.828327 11.828327 11.828327 11.828326 11.828326 11.828326 11.828326 11.828326 11.828326 5.3927965 7.927735 9.518903 7.927735 9.518903 9.881131 7.9277344 9.518901 9.881127 9.907353 10.040593 7.9277334 9.518901 9.881127 9.907353 7.9277325 9.518899 7.9277325 9.518899 9.881127 7.9277315 9.518895 9.881124 9.907348 10.040587 7.9277296 9.518893 9.881122 9.907346 10.0405855 10.060834
8.884932 2.4537835 0.38968807 0.38968801 0.389688 2.4537833 2.453783 2.453783 2.453783 2.4537826 2.453782 8.618698 8.812262 8.618696 8.64538 5.202608 5.202608 5.564897 5.392729 15.096956 11.828272 11.828272 11.828272 11.828272 11.828272 11.82827 11.82827 11.828269 11.828269 6.434107 9.236107 9.981102 10.143276 10.073025 10.060787 10.060787 10.060787 10.060785 10.060785 10.060785 10.060785 10.060783 10.060783 10.060783 10.060783 10.060783 10.060783 10.060783 10.060783 10.060783 7.9276843 9.5188465 9.881073 9.907293 10.040531 10.0607815 10.0607815 10.0607815 10.06078 10.06078
3.1319559 0.38968012 0.3896801 0.38967997 0.38967997 0.38967994 2.4537501 2.4537501 2.45375 2.45375 2.45375 8.645322 8.8122015 8.645322 6.924932 5.550431 5.550431 5.550431 14.16225 11.828216 11.828216 11.828216 11.828216 11.828213 11.828213 11.828213 11.828213 11.828213 11.828213 5.3926516 7.927645 9.518805 9.881027 7.927645 9.518805 9.881027 7.927645 9.518805 9.881025 7.9276443 9.518805 9.881025 7.927644 9.518805 7.9276433 9.518805 9.881025 9.907246 7.927643 9.518803 9.881023 7.927642 7.9276404 9.518801 7.92764 9.518799 9.88102 7.927639 9.518799 9.881018
2.4537194 0.38967228 0.38967225 0.3896722 0.38967213 0.38967213 2.4537177 2.4537177 2.4537177 2.4537175 2.4537172 8.785228 8.812141 6.9248743 5.2025075 5.55038 0.0 5.831108 11.828157 11.828157 11.828157 11.828157 11.828157 11.828157 11.828157 11.828157 11.828157 11.828157 11.828157 8.769956 7.9276013 9.518757 9.880976 9.907194 10.040432 7.927601 7.927601 7.927601 7.9276004 9.518757 9.880976 9.90719 10.04043 10.060682 7.9275985 9.518755 9.880974 9.90719 10.040428 10.0606785 10.0606785 10.0606785 10.0606785 10.0606785 10.0606785 10.060677 10.060677 10.060677 10.060677 10.060676
2.4536865 0.38966435 0.3896643 0.3896643 2.453686 2.453686 2.4536855 2.4536853 8.173686 2.4536853 2.4536853 9.8643675 5.202457 6.943653 5.5503263 0.0 0.0 6.4805 11.8281 11.8281 11.8281 11.8281 11.8281 11.828099 11.828099 11.828099 4.7389803 4.7389803 11.828099 11.828099 7.927556 7.927556 7.9275556 7.927555 7.927555 9.518705 7.927554 7.927554 7.9275537 7.9275537 9.518703 9.8809185 7.927552 9.518702 9.8809185 7.9275517 9.518702 7.9275517 7.9275513 9.518702 9.880917 9.907131 10.040367 10.060619 10.060619 10.060619 10.060618 10.060618 10.060618 10.0606165
2.4536545 2.4536543 0.3896564 2.453654 2.453653 2.453653 2.453653 8.173645 8.173643 8.173643 8.173643 3.2984576 2.453652 5.627366 0.0 0.0 0.0 11.828045 11.828045 11.828045 11.828045 11.828045 11.828043 11.828042 11.828042 11.828042 4.738941 4.738941 11.828042 11.828042 7.9275126 7.927512 9.5186615 9.880873 7.9275107 9.51866 9.880873 9.9070835 10.040321 10.0605755 10.0605755 10.0605755 10.060574 10.060574 10.060574 10.060574 10.060574 10.060574 10.060574 10.060574 10.060572 10.060572 10.060572 10.060572 10.06057 7.9275055 9.518656 9.880867 7.9275055 9.518656
7.104842 7.104841 7.104841 7.104841 7.104841 7.104841 8.173599 9.780141 9.780139 9.780139 9.780139 2.4536197 2.4536197 2.6011198 5.392369 5.392369 5.392369 4.738904 11.827989 11.827987 11.827987 11.827987 11.827987 11.827987 11.827987 11.827987 11.827987 11.827985 11.827985 8.76972 7.927466 9.518613 7.9274654 9.518613 9.880821 7.927465 9.51861 7.9274645 9.51861 9.880819 7.927464 9.51861 9.880819 9.907028 10.040264 7.9274635 9.51861 9.880819 9.907026 10.04026 10.060514 10.060514 10.060514 10.060514 10.060514 10.060514 10.060514 10.060514 10.060511 10.060511
7.104785 8.291103 7.104785 8.208102 7.104783 8.2081 8.720272 9.174247 10.245684 10.245682 7.104782 9.174247 2.4535875 2.4535873 8.123763 8.123761 4.4706187 4.7388644 11.827931 11.82793 3.2705007 3.2705007 11.82793 11.827929 11.827929 4.738862 4.738862 11.827929 11.827929 8.769642 7.927422 9.518565 9.880773 9.906978 10.0402155 10.060472 7.9274216 9.518565 9.880771 9.906977 10.040215 10.060469 10.060469 10.060469 10.060469 10.060469 10.060469 10.060469 10.060467 10.060467 10.060467 10.060467 10.060467 10.060467 10.060465 10.060463 10.060463 10.060463 10.060463 10.060463
8.208054 9.145921 8.208054 8.618301 8.208054 15.042386 7.1047297 9.172306 9.226007 10.297453 8.208051 8.709302 7.104727 7.104727 8.501811 7.104726 4.745136 4.7388244 11.827873 3.2704692 3.2704692 3.270469 11.827872 11.827872 11.82787 4.7388225 4.7388225 4.738822 8.769563 8.100227 9.512514 9.987251 9.928368 7.9273777 9.518515 7.9273763 7.9273763 9.518515 7.9273753 9.518513 9.880716 7.9273744 9.518513 9.880716 9.9069195 7.9273744 9.518513 9.880716 9.9069195 10.040157 10.060413 7.9273734 7.9273734 7.9273734 7.9273734 7.9273734 7.927372 9.518511 9.880713 7.9273705
7.1046743 8.993022 8.618242 7.1046734 15.042301 12.933125 12.933125 9.314684 8.852377 7.1046724 8.61824 8.800847 7.1046705 8.261524 8.70987 4.504879 3.7885275 11.827819 11.827819 3.2704382 4.7387857 5.5217705 11.827817 11.827817 11.827815 11.827815 4.7387824 4.7387824 5.392146 8.100182 9.512466 9.9872 9.928312 10.038433 10.060362 10.06036 10.06036 10.060358 10.060358 10.060358 10.060358 10.060358 10.060358 10.060356 10.060356 10.060356 10.060356 10.060356 10.060356 10.060356 10.060354 10.060354 10.060354 10.060354 10.060354 10.060354 10.060354 10.060354 10.060352 10.06035
8.207954 7.104617 9.359243 7.104616 11.827764 12.933071 3.7884886 9.256279 8.820507 7.104615 8.721128 8.813239 7.104615 8.758284 7.104615 3.788486 12.933067 11.82776 11.82776 11.82776 4.7387466 4.7387457 11.82776 11.82776 11.82776 11.82776 11.827757 11.827757 11.16814 8.10014 9.512421 9.987152 9.928263 10.038385 10.060314 10.060314 10.06031 10.06031 7.9272866 9.518419 9.880617 9.9068165 10.040052 10.060308 10.060307 7.9272847 9.518415 9.880613 7.927283 9.518414 9.880611 9.906809 10.040045 10.060301 10.060301 10.060301 10.060301 7.9272804 9.518412 9.880608
8.618129 7.1045628 9.254936 7.104561 11.827709 4.738709 3.7884471 4.9537477 0.48650414 0.3896084 7.104561 8.811665 7.104561 9.08209 5.392008 0.0 11.827707 11.827707 11.827707 11.827707 11.827705 11.827704 11.8277025 4.7387056 4.7387056 11.827702 8.769329 8.769327 8.100098 9.706617 9.938495 10.03555 10.066634 10.058585 10.060256 7.927243 9.518371 7.927243 9.518371 9.880565 9.90676 10.039998 10.060256 10.060256 10.060256 7.92724 9.518369 9.880565 7.9272385 9.518367 7.9272385 9.518367 9.880563 7.9272375 9.518367 7.927237 9.518367 9.880561 9.906756 7.927236
8.644719 7.1045074 7.1045074 7.1045074 14.220406 11.827651 3.788406 3.788406 0.38960057 0.38960055 8.20785 7.1045036 8.887894 9.053364 8.123504 7.1045027 4.738668 11.827649 11.827649 11.827649 11.827648 11.827648 11.827645 11.827645 11.827645 0.5413858 0.5413858 12.932958 8.100052 9.706568 9.938444 10.0355 10.066582 10.058533 10.060204 10.060204 10.060204 10.060204 10.060202 7.9271965 7.9271965 7.9271955 9.51832 9.880512 7.9271946 9.518318 7.9271946 9.518318 9.88051 7.9271946 9.518318 9.88051 9.906702 10.039938 10.060196 10.060196 10.060196 10.060196 10.060196 10.060192
8.784622 7.104451 8.290796 14.220342 11.827594 11.827594 7.10445 0.3895927 0.38959265 0.38959262 0.4741436 7.1044483 9.228401 8.887284 8.501532 4.738629 5.668164 11.827591 11.827591 11.827591 11.827591 11.827591 11.827591 11.827591 11.827591 11.827591 0.541378 12.932905 8.100011 9.706526 9.938393 10.035444 10.066526 10.058479 10.060148 10.060148 10.060148 10.060148 10.060148 10.060148 7.9271502 9.518272 9.880461 9.906649 10.039885 10.060144 7.927149 9.5182705 7.927149 9.5182705 9.880459 9.906645 10.039881 10.0601425 7.927148 9.518269 9.880457 7.927147 9.518267 7.927147
19.154535 14.220279 16.405222 11.827539 11.827538 11.827537 7.104394 0.44514778 0.38958472 0.38958463 0.3895846 8.207749 7.104392 9.73655 15.398031 11.827535 11.827534 11.827534 11.827533 11.827533 11.827533 11.827533 11.827533 11.827531 11.827531 11.827531 12.932853 8.099966 9.706474 8.099965 7.9271107 9.518228 9.880412 7.9271097 7.9271097 7.9271097 9.518228 7.9271092 9.518228 7.9271092 9.518226 7.9271083 7.927108 9.518225 7.927107 9.518223 9.880409 7.9271064 9.518223 9.880405 9.906593 10.039827 10.060087 10.060087 10.060087 10.060087 10.060085 10.060085 10.060085 10.060085
11.82748 11.82748 11.82748 7.1043386 7.1043386 7.1043386 8.207701 7.1043386 7.1043377 7.1043377 7.1043367 8.617897 8.207699 9.280847 11.827477 11.827477 11.827476 11.827475 11.827475 11.827475 11.827475 11.827473 8.769014 8.769014 8.769014 8.7690115 12.932802 8.099924 9.70643 10.137415 9.988096 10.172359 10.085478 10.058374 10.060045 10.060045 10.060045 10.060045 10.060043 10.060043 10.060043 10.060043 10.060043 7.9270635 7.9270635 7.927063 7.927063 7.9270625 9.518178 9.880361 7.9270625 9.518178 9.88036 7.9270606 9.518175 9.880358 7.92706 9.518172 7.9270587 9.518172
11.827426 11.827426 7.1056166 7.1042843 7.1042843 8.261177 7.1042833 7.1042833 7.1042824 8.20765 7.1042814 7.1042814 7.1042814 7.1042814 16.625668 8.768939 8.768939 8.768936 11.827421 11.827421 11.827421 11.827421 8.768934 8.768934 8.768934 8.768934 8.099878 8.099878 9.706379 10.13736 9.988041 10.172304 7.9270205 9.518131 9.88031 9.906492 10.039728 10.05999 10.059988 10.059988 10.059988 7.927019 9.518127 9.880306 9.906487 10.0397215 10.059983 10.059983 7.927016 7.927015 9.518123 7.9270144 7.927014 9.518123 7.927014 7.927014 9.518123 9.880301 7.9270124 7.927012
7.104228 7.104228 8.210066 8.207602 7.104228 8.207602 7.1921854 8.207601 8.207601 8.617783 2.4532642 2.8726466 8.290587 14.220077 11.827363 11.827363 11.827361 11.827361 11.827361 11.827361 11.827361 11.827361 8.768852 8.768852 8.768852 8.768852 8.099837 8.099836 9.706335 8.099836 9.512085 7.926976 7.9269757 9.5180855 9.88026 7.9269753 7.9269753 9.518084 9.88026 7.9269753 7.926975 9.518084 9.880259 7.926974 9.518082 7.9269724 9.518078 9.880255 7.9269724 9.518078 9.880253 7.926971 9.518076 7.9269695 9.518076 9.880251 7.9269695 9.518076 7.926969 7.926969
9.248325 8.207553 8.65278 7.1041718 7.1041718 8.207552 7.1041718 8.617726 8.617726 8.644353 3.7881584 3.7881577 16.404886 11.827306 8.76878 11.827306 11.827305 11.827305 11.827305 11.827305 11.827305 11.827305 8.768774 8.768772 8.768772 8.099794 8.099794 8.099794 9.706289 10.137264 9.987932 10.172195 10.085316 10.05821 10.059881 10.059881 10.059881 10.059879 10.059879 10.059879 10.059879 10.059879 10.059879 10.059879 10.059877 10.059877 10.059877 10.059877 10.059877 10.059877 10.059877 10.059877 10.059877 10.0598755 10.0598755 10.0598755 10.0598755 10.0598755 10.0598755 10.0598755
9.621847 8.617671 7.1041155 7.1920815 8.2075 3.041168 7.1041136 7.1041136 7.1041136 9.293049 3.7881165 4.7383933 11.82725 11.82725 11.82725 11.82725 11.82725 11.82725 11.827249 11.827248 11.827248 11.827248 8.768697 8.768697 8.768697 8.0997505 9.706243 10.137214 8.0997505 9.706243 7.9268894 9.517988 9.880158 9.906331 10.039565 10.059829 10.059829 10.059829 10.059829 10.059829 10.059827 10.059827 10.059827 10.059827 10.059827 10.059826 10.059826 10.059825 10.059825 7.926882 9.517982 9.880151 9.906325 10.039557 10.059823 10.059823 10.059823 10.059823 10.059823 7.9268785
8.207453 9.402919 8.207452 7.104061 8.617612 7.10406 7.1040583 3.0764837 2.872546 2.4531662 2.4531662 12.932545 8.768623 11.827192 11.827192 11.827192 12.097221 11.82719 11.82719 11.827189 11.827189 8.768618 8.768618 8.768618 8.099706 9.706196 10.137165 10.186985 10.3293 10.348921 10.149761 10.191143 10.085211 10.058105 10.059776 10.059776 10.059776 10.059776 10.059774 10.059774 10.059774 7.9268384 9.517937 9.880102 9.906273 10.039505 10.0597725 10.059771 10.059771 10.059771 10.059771 10.059771 10.059771 10.059771 10.059771 10.059771 10.059771 10.05977 10.059768 10.059768
8.693839 9.731203 8.617557 7.104005 8.207401 8.207401 8.207401 7.104005 2.4531343 2.4531343 3.2700615 12.932491 8.768543 11.827135 11.827135 11.827135 11.827135 11.827135 11.827135 11.827135 11.827135 8.7685375 8.7685375 8.7685375 8.099665 9.70615 10.1371155 8.099664 9.706148 10.137114 7.926797 7.926797 9.517887 7.926796 9.517887 7.9267955 9.517885 7.926795 7.926794 9.517885 7.926794 7.9267936 9.517885 7.9267936 9.517885 7.9267936 7.9267936 9.517883 7.9267926 9.517883 7.9267917 9.517883 7.9267917 7.9267917 9.517883 7.9267917 9.517883 9.880047 7.9267917 9.517883
9.171721 9.346032 7.1039505 7.1039495 8.20735 8.617497 7.1039467 8.207349 2.453102 2.453102 3.2700293 3.2700293 8.768466 11.827079 11.827079 11.827079 11.827077 11.827077 11.827077 8.768462 8.768462 8.76846 8.76846 8.099621 9.706103 10.137067 10.186883 10.329198 10.348819 10.348819 10.149655 10.191035 10.085105 10.058 10.05967 10.05967 10.059669 10.059669 10.059669 10.059669 10.059667 10.059667 10.059665 10.059665 10.059665 10.059665 10.059665 10.059665 10.059665 10.059665 10.059662 10.059662 10.059662 10.059662 10.059662 10.059662 7.9267454 7.926745 7.926745 7.9267445
9.132139 7.1038923 8.963616 8.207301 8.617442 7.1038923 8.207301 7.1038923 2.4530702 2.45307 2.4530697 3.2699983 11.827023 11.827023 11.827023 11.827023 11.827023 11.827023 11.827023 8.768383 8.62933 8.768383 8.099577 9.706055 10.137014 10.186829 10.329142 8.099576 9.706055 10.137014 9.987661 10.171923 10.085049 10.057945 10.059616 10.059616 10.059616 10.059616 7.926706 9.517792 7.9267054 7.926705 9.51779 9.87995 7.9267044 9.51779 7.926704 7.926704 9.517788 9.879946 7.926703 7.926703 7.9267025 7.9267025 9.517788 9.879946 7.926701 9.517784 7.9267006 9.517784
9.749748 8.207252 7.103837 9.381991 8.6439905 7.103836 8.617385 8.207251 7.103835 2.4530375 2.4530375 3.2699668 3.269966 11.826965 11.826965 11.826964 11.826964 11.826964 11.826964 8.86111 8.099533 9.706009 10.136965 10.186775 10.32909 10.348713 10.348713 10.348713 10.348711 10.348711 10.149548 10.1909275 10.084995 10.057892 10.059563 10.059563 10.059563 10.059563 10.059563 10.059563 10.059561 10.059561 10.059561 10.059561 10.059561 10.059561 10.059561 10.059561 10.059561 10.059561 10.059561 10.059561 10.05956 10.05956 10.059558 10.059558 10.059556 10.059554 10.059554 10.059554
