Export/ASCII/RMeteo_SP_inch/impervious0/net_infiltration_2016_SP3_inch.asc
ncols         660
nrows         338
xllcorner     1476100.0
yllcorner     5017100.0
cellsize      100
NODATA_value  -9.9000000089461e-20
[rows 140 to 174 of 338, columns 79 to 157 of 660]
0.0 0.0 0.0 0.0 0.0 0.0 0.0 0.322814 0.322814 0.0 0.0 0.0 0.0 0.6031895 0.6031895 0.47365052 0.47365052 0.6031895 0.23683804 0.23683804 0.23683804 0.03486911 0.0 0.03486911 0.03486911 0.0 0.5242357 0.0 0.0 0.18978786 0.18978786 0.18978786 0.0 0.0 0.0 0.0 0.0 0.0 0.0 0.0 0.0 0.0 0.10847015 0.10847015 0.10847015 0.0 0.0 0.0 0.0 0.18978786 0.18978786 0.10847015 0.10847015 0.2306199 0.10847015 0.0 0.0 0.0 0.0 0.0 0.0 0.10847015 0.10847015 0.10847015 0.10847015 0.10847015 0.0 0.0 0.0 0.0 0.0 0.0 0.0 0.18978786 0.0 0.18978786 0.18978786 0.18978786 0.18978786
0.0 0.0 0.0 0.0 0.0 0.0 0.0 0.0 0.0 0.0 0.23683757 0.23683757 0.0 0.6031889 0.6031889 0.03486901 0.03486901 0.23683757 0.23683757 0.23683757 0.03486901 0.0 0.03486901 0.03486901 0.03486901 0.03486901 0.03486901 0.03486901 0.0 0.0 0.0 0.0 0.0 0.0 0.0 0.0 0.0 0.0 0.0 0.0 0.0 0.10846986 0.10846986 0.10846986 0.0 0.0 0.0 0.0 0.0 0.18978715 0.18978715 0.10846986 0.0 0.230613 0.230613 0.10846986 0.0 0.10846986 0.0 0.0 0.10846986 0.10846986 0.10846986 0.10846986 0.10846986 0.10846986 0.0 0.0 0.0 0.0 0.0 0.0 0.0 0.18978715 0.18978715 0.0 0.0 0.0 0.0
0.0 0.0 0.0 0.0 0.5242207 0.0 0.0 0.0 0.0 0.0 0.23683728 0.32281303 0.32281303 0.60318834 0.23683728 0.03486894 0.03486894 0.25816867 0.23683728 0.39287543 0.03486894 0.03486894 0.03486894 0.0 0.05276188 0.03486894 0.32281303 0.18978667 0.0 0.10846938 0.10851984 0.0 0.0 0.0 0.0 0.0 0.0 0.0 0.0 0.10846938 0.10846938 0.0 0.0 0.10846938 0.10846938 0.0 0.0 0.0 0.0 0.18978667 0.18978667 0.10846938 0.0 0.23060632 0.10846938 0.10846948 0.10846948 0.10846948 0.0 0.0 0.10846948 0.10846948 0.10846948 0.10846948 0.0 0.10846948 0.0 0.0 0.0 0.0 0.0 0.0 0.0 0.0 0.0 0.0 0.0 0.0 0.0
0.0 0.27635777 0.27635777 0.0 0.5242138 0.5242138 0.0 0.0 0.0 0.0 0.2581682 0.2368368 0.2581682 0.2368368 0.19657877 0.2368368 0.39287466 0.2368368 0.2368368 0.6031877 0.034868833 0.034868833 0.0 0.0 0.034868833 0.034868833 0.034868833 0.034868833 0.034868833 0.0 0.0 0.108469 0.108469 0.0 0.108469 0.108469 0.108469 0.108469 0.108469 0.0 0.0 0.1897862 0.1897862 0.108469 0.108469 0.0 0.0 0.0 0.0 0.1897862 0.108469 0.108469 0.108469 0.108469 0.108469 0.108469 0.108469 0.108469 0.108469 0.108469 0.108469 0.108469 0.0 0.108469 0.0 0.0 0.0 0.0 0.0 0.0 0.108469 0.108469 0.0 0.0 0.0 0.0 0.0 0.0 0.0
0.0 0.27635753 0.27635753 0.62543106 0.5242069 0.5242069 0.0 0.0 0.0 0.0 0.0 0.23683642 0.23683642 0.23683642 0.23683642 0.23683642 0.034868762 0.034868762 0.603187 0.23683642 0.23683642 0.23683642 0.23683642 0.0 0.034868762 0.23683651 0.39287364 0.034868762 0.034868762 0.019508604 0.0 0.108468525 0.108468525 0.108468525 0.108468525 0.108468525 0.108468525 0.108468525 0.0 0.0 0.0 0.108468525 0.1897856 0.0 0.108468525 0.108468525 0.0 0.0 0.0 0.2305932 0.108468525 0.108468525 0.1897856 0.108468525 0.108468525 0.108468525 0.108468525 0.108468525 0.108468525 0.108468525 0.108468525 0.108468525 0.108468525 0.108468525 0.108468525 0.0 0.0 0.0 0.1897856 0.1897856 0.108468525 0.108468525 0.0 0.0 0.0 0.0 0.0 0.0 0.0
0.0 0.0 0.6254239 0.6254239 0.0 0.0 0.0 0.0 0.0 0.0 0.0 0.0 0.0 0.23683614 0.23683614 0.034868654 0.034868654 0.034868654 0.034868654 0.03852962 0.23683614 0.23683614 0.23683614 0.23683614 0.23683614 0.23683614 0.23683614 0.23683614 0.10846805 0.034868654 0.0 0.10846805 0.10846805 0.23683614 0.10846805 0.0 0.10846805 0.10846805 0.0 0.0 0.0 0.10846805 0.0 0.0 0.0 0.10846805 0.10846805 0.0 0.0 0.10846805 0.108468145 0.0 0.0 0.108468145 0.0 0.0 0.0 0.108468145 0.108468145 0.108468145 0.108468145 0.108468145 0.108468145 0.108468145 0.108468145 0.108468145 0.108468145 0.0 0.189785 0.189785 0.108468145 0.108468145 0.0 0.0 0.0 0.0 0.0 0.0 0.0
0.6254177 0.0 0.0 0.0 0.0 0.0 0.0 0.0 0.0 0.0 0.23683575 0.0 0.0 0.034868557 0.23683575 0.034868557 0.052761473 0.034868557 0.034868557 0.0 0.034868557 0.034868557 0.23683575 0.23683575 0.23683575 0.23683575 0.23683575 0.23683575 0.39287195 0.034868557 0.034868557 0.034868557 0.034868557 0.0 0.10846757 0.0 0.0 0.0 0.0 0.0 0.0 0.0 0.0 0.0 0.0 0.10846757 0.10846757 0.0 0.18978441 0.18978441 0.0 0.0 0.0 0.0 0.0 0.0 0.0 0.10846757 0.10846757 0.10846757 0.10846757 0.10846757 0.10846757 0.10846757 0.10846757 0.10846757 0.10846757 0.18978441 0.18978441 0.18978441 0.0 0.10846757 0.0 0.0 0.10846757 0.18978441 0.10846757 0.0 0.0
0.0 0.6254101 0.0 0.0 0.0 0.0 0.0 0.0 0.0 0.0 0.23683538 0.23683538 0.23683538 0.0 0.034868475 0.03852943 0.23683538 0.23683538 0.034868475 0.034868475 0.034868475 0.03852943 0.23683538 0.23683538 0.034868475 0.23683538 0.23683538 0.034868475 0.034868475 0.034868475 0.034868475 0.0 0.0 0.0 0.10846719 0.0 0.0 0.0 0.0 0.0 0.0 0.0 0.0 0.18978393 0.0 0.10846719 0.10846719 0.10846719 0.10846719 0.10846719 0.0 0.0 0.10846719 0.10846719 0.10846719 0.0 0.0 0.0 0.0 0.0 0.0 0.23057437 0.10846719 0.10846719 0.10846719 0.0 0.18978393 0.10846719 0.10846719 0.10846719 0.10846719 0.18978393 0.18978393 0.0 0.10846719 0.10846719 0.10846719 0.0 0.0
0.0 0.0 0.62540436 0.62540436 0.524178 0.0 0.0 0.0 0.0 0.0 0.2368349 0.2368349 0.2368349 0.2368349 0.034868356 0.034868356 0.052761283 0.034868356 0.23970641 0.32281017 0.062843435 0.0 0.10846652 0.39287007 0.034868356 0.25816628 0.2368349 0.2368349 0.2368349 0.2368349 0.034868356 0.0 0.0 0.10846652 0.10846652 0.10846652 0.0 0.12887381 0.1897831 0.1897831 0.10846652 0.0 0.0 0.1897831 0.0 0.0 0.0 0.0 0.0 0.0 0.0 0.23056912 0.10846652 0.0 0.0 0.0 0.0 0.10846652 0.10846652 0.108466715 0.0 0.108466715 0.108466715 0.18978333 0.108466715 0.108466715 0.108466715 0.108466715 0.108466715 0.108466715 0.0 0.108466715 0.108466715 0.18978333 0.0 0.108466715 0.108466715 0.0 0.0
0.0 0.62539625 0.6253965 0.6253965 0.5241711 0.5241711 0.0 0.0 0.0 0.0 0.052761186 0.034868285 0.25816593 0.23683451 0.011071732 0.0 0.034868285 0.0 0.23683451 0.23683451 0.034868285 0.034868285 0.0 0.10846614 0.12616442 0.23683451 0.25816602 0.23683451 0.23683451 0.0 0.0 0.0 0.005380584 0.10846624 0.10846624 0.10849141 0.10846624 0.10846624 0.18978274 0.18978274 0.18978274 0.0 0.0 0.0 0.0 0.0 0.0 0.0 0.10846624 0.0 0.0 0.0 0.0 0.0 0.0 0.0 0.0 0.10846624 0.10846624 0.0 0.0 0.108466335 0.108466335 0.108466335 0.108466335 0.108466335 0.108466335 0.108466335 0.108466335 0.108466335 0.108466335 0.108466335 0.108466335 0.108466335 0.108466335 0.0 0.0 0.0 0.0
0.0 0.62539077 0.62539077 0.0 0.0 0.0 0.5241642 0.0 0.0 0.0 0.0348682 0.0348682 0.0 0.23683412 0.23683412 0.0 0.0348682 0.23683423 0.23683423 0.23683423 0.23683423 0.0348682 0.0 0.10846576 0.0 0.0 0.23683423 0.23683423 0.23683423 0.23683423 0.10846576 0.0 0.0 0.0 0.10846576 0.10846576 0.10846576 0.10849094 0.0 0.0 0.0 0.0 0.0 0.0 0.0 0.0 0.0 0.0 0.10846576 0.0 0.0 0.0 0.0 0.0 0.0 0.0 0.10846576 0.10846576 0.10846576 0.0 0.10846576 0.10846576 0.10846576 0.4736455 0.10846576 0.10846576 0.10846576 0.10846576 0.10846576 0.10846576 0.10846576 0.10846576 0.10846576 0.10846576 0.10846576 0.23055577 0.23055577 0.0 0.0
0.27635646 0.27635646 0.6253834 0.0 0.0 0.0 0.0 0.0 0.0 0.0 0.0 0.0 0.0 0.23683375 0.23683375 0.23683375 0.23683375 0.23683375 0.23683375 0.25816524 0.23683375 0.31207564 0.10846538 0.10846538 0.0 0.23054838 0.10846538 0.23683375 0.31207564 0.10846538 0.10846538 0.10846538 0.10846538 0.10846538 0.10846538 0.10846538 0.10846538 0.10846538 0.10846538 0.0 0.0 0.0 0.0 0.0 0.0 0.0 0.0 0.0 0.10846538 0.10846538 0.0 0.0 0.0 0.0 0.0 0.0 0.10846538 0.10846538 0.0 0.10846538 0.10846538 0.10846538 0.0 0.0 0.0 0.10846538 0.10846538 0.10846538 0.10846538 0.10846538 0.10846538 0.10846538 0.10846538 0.10846538 0.10846538 0.10846538 0.0 0.0 0.0
0.0 0.27635622 0.0 0.27635622 0.32280827 0.0 0.0 0.0 0.0 0.0 0.0 0.0 0.0 0.0 0.23683336 0.23683336 0.23683336 0.23683336 0.23683336 0.23683336 0.23683336 0.23683336 0.31207475 0.108464904 0.2305417 0.2305417 0.019507675 0.0 0.23683336 0.108464904 0.108464904 0.108464904 0.15951137 0.108464904 0.108464904 0.108464904 0.108464904 0.108464904 0.108464904 0.0 0.0 0.18978095 0.18978095 0.0 0.0 0.0 0.0 0.0 0.0 0.108465 0.108465 0.0 0.0 0.18978095 0.18978095 0.0 0.0 0.108465 0.108465 0.18978095 0.0 0.0 0.0 0.0 0.0 0.108465 0.108465 0.108465 0.108465 0.108465 0.108465 0.108465 0.108465 0.108465 0.108465 0.108465 0.0 0.108465 0.108465
0.0 0.27635622 0.27635622 0.0 0.0 0.0 0.0 0.0 0.0 0.0 0.0 0.0 0.0 0.0 0.0 0.0 0.23683308 0.3228078 0.3228078 0.23683308 0.23683308 0.23683308 0.0 0.23053503 0.23053503 0.2305355 0.0 0.0 0.23683308 0.10846433 0.0 0.10846433 0.10846433 0.10846433 0.10846433 0.10846433 0.18978047 0.0 0.0 0.0 0.0 0.18978047 0.18978047 0.0 0.0 0.0 0.0 0.0 0.0 0.10846433 0.10846433 0.0 0.0 0.0 0.0 0.0 0.0 0.10846433 0.0 0.10846433 0.10846433 0.0 0.0 0.0 0.0 0.0 0.10846433 0.10846433 0.10846433 0.10846433 0.10846443 0.10846443 0.10846443 0.10846443 0.10846443 0.10846443 0.0 0.0 0.0
0.0 0.0 0.0 0.0 0.0 0.0 0.0 0.0 0.0 0.0 0.0 0.0 0.0 0.2368327 0.2368327 0.2368327 0.2368327 0.2368327 0.2368327 0.0 0.0 0.0 0.0 0.23052883 0.23052883 0.23052883 0.10846395 0.10846395 0.2368327 0.10846395 0.0 0.10846395 0.10846395 0.10846395 0.10846395 0.18977988 0.18981707 0.23052883 0.0 0.0 0.23052883 0.0 0.18977988 0.0 0.0 0.0 0.0 0.0 0.0 0.0 0.10846395 0.10846395 0.0 0.0 0.0 0.0 0.0 0.10846395 0.0 0.10846395 0.10846395 0.0 0.10846395 0.0 0.0 0.0 0.10846395 0.10846395 0.10846395 0.10846395 0.10846395 0.10846395 0.10846395 0.10846395 0.10846395 0.10846395 0.0 0.0 0.0
0.0 0.0 0.0 0.0 0.0 0.0 0.25816372 0.23683222 0.23683222 0.23683222 0.23683222 0.23683222 0.23683222 0.23683222 0.23683222 0.23683222 0.23683222 0.0 0.0 0.0 0.0 0.0 0.0 0.0 0.23052287 0.23052287 0.10846357 0.0 0.0 0.0 0.10846357 0.10846357 0.10846357 0.10846357 0.10846357 0.1897794 0.1897794 0.23052311 0.0 0.1897794 0.23052311 0.0 0.1897794 0.0 0.0 0.0 0.0 0.0 0.0 0.0 0.10846357 0.10846357 0.48825908 0.0 0.0 0.0 0.0 0.0 0.10846357 0.10846357 0.0 0.0 0.10846357 0.10846357 0.10846357 0.0 0.0 0.0 0.23052311 0.10846357 0.10846357 0.10846357 0.10846357 0.10846357 0.10846357 0.10846357 0.0 0.0 0.10846357
0.19937238 0.19937238 0.19937238 0.19937238 0.23683193 0.23683193 0.23683193 0.23683193 0.23683193 0.23683193 0.23683193 0.23683193 0.23683193 0.23683193 0.0 0.0 0.0 0.5241215 0.23683193 0.0 0.0 0.32280636 0.32280636 0.0 0.108463 0.0 0.108463 0.0 0.019507198 0.0 0.108463 0.108463 0.108463 0.108463 0.108463 0.17900142 0.108463 0.0 0.0 0.18977869 0.0 0.0 0.18977869 0.18977869 0.18977869 0.0 0.0 0.0 0.0 0.0 0.0 0.10846309 0.10846309 0.0 0.10846309 0.0 0.0 0.0 0.10846309 0.10846309 0.0 0.0 0.10846309 0.10846309 0.10846309 0.10846309 0.0 0.0 0.23051667 0.0 0.10846309 0.10846309 0.10846309 0.10846309 0.10846309 0.10846309 0.10846309 0.10846309 0.10846309
0.19937228 0.19937228 0.22103928 0.19937228 0.322806 0.35244215 0.322806 0.322806 0.0 0.0 0.0 0.0 0.0 0.0 0.0 0.0 0.5241146 0.322806 0.23683165 0.0 0.0 0.322806 0.322806 0.0 0.10846262 0.10846262 0.24685305 0.0 0.0 0.10846262 0.15950908 0.10846262 0.15950908 0.10846262 0.10846262 0.10846262 0.10846262 0.019507054 0.0 0.0 0.0 0.0 0.0 0.10846262 0.18977821 0.0 0.0 0.0 0.0 0.0 0.0 0.0 0.108462706 0.0 0.108462706 0.0 0.0 0.0 0.0 0.0 0.0 0.0 0.0 0.108462706 0.108462706 0.108462706 0.0 0.0 0.0 0.0 0.108462706 0.108462706 0.108462706 0.108462706 0.108462706 0.108462706 0.108462706 0.108462706 0.108462706
0.0 0.0 0.0 0.0 0.3228054 0.3228054 0.3228054 0.0 0.0 0.0 0.0 0.0 0.0 0.0 0.5241077 0.5241077 0.23683108 0.3228054 0.3228054 0.0 0.0 0.0 0.23683108 0.10846214 0.10846214 0.10846214 0.0 0.0 0.0 0.0 0.10846214 0.10846214 0.10846214 0.10846214 0.15950851 0.10846214 0.10846214 0.0 0.0 0.0 0.0 0.0 0.0 0.0 0.0 0.0 0.0 0.23050237 0.0 0.0 0.0 0.0 0.10846214 0.18977761 0.18977761 0.10846214 0.10846214 0.0 0.0 0.0 0.0 0.0 0.0 0.10846214 0.10846214 0.10846214 0.0 0.0 0.0 0.0 0.10846214 0.10846214 0.10846214 0.0 0.0 0.10846214 0.0 0.0 0.0
0.0 0.0 0.0 0.0 0.0 0.0 0.0 0.0 0.0 0.0 0.0 0.0 0.0 0.0 0.0 0.5241003 0.32280493 0.2368307 0.5241003 0.0 0.0 0.2368307 0.10846175 0.10846175 0.10846175 0.10846175 0.0 0.0 0.0 0.0 0.10846175 0.10846175 0.10846175 0.10846175 0.10846175 0.10846175 0.24685171 0.18977702 0.18977702 0.0 0.0 0.0 0.0 0.0 0.0 0.0 0.0 0.0 0.18977714 0.18977714 0.0 0.0 0.10846175 0.18977714 0.0 0.10846175 0.10846175 0.10846175 0.0 0.0 0.0 0.0 0.0 0.10846175 0.10846175 0.10846175 0.10846175 0.0 0.0 0.0 0.0 0.10846175 0.0 0.0 0.0 0.0 0.0 0.0 0.10846175
0.0 0.0 0.0 0.0 0.0 0.0 0.0 0.0 0.0 0.0 0.0 0.0 0.0 0.0 0.0 0.0 0.32280445 0.32280445 0.32280445 0.32280445 0.32280445 0.23683041 0.10846119 0.10846119 0.10846119 0.10846119 0.10846119 0.0 0.0 0.0 0.10846119 0.10846119 0.10846119 0.15950774 0.10846119 0.10846119 0.10846119 0.0 0.0 0.0 0.0 0.0 0.0 0.0 0.0 0.18977654 0.18977654 0.0 0.18977654 0.18977654 0.18977654 0.18977654 0.10846137 0.18977654 0.0 0.10846137 0.10846137 0.10846137 0.0 0.0 0.0 0.0 0.0 0.0 0.0 0.10846137 0.0 0.0 0.0 0.0 0.0 0.0 0.0 0.0 0.0 0.0 0.0 0.0 0.10846137
0.0 0.0 0.0 0.0 0.0 0.0 0.0 0.23683003 0.23683003 0.0 0.0 0.0 0.0 0.0 0.0 0.32280397 0.32280397 0.0 0.32280397 0.32678688 0.23683003 0.32280397 0.1084608 0.1084608 0.1084608 0.1084608 0.1084608 0.15950726 0.1084608 0.0 0.1084608 0.112594314 0.47364083 0.47364083 0.47364083 0.0 0.1084608 0.019506626 0.0 0.0 0.0 0.0 0.0 0.0 0.0 0.0 0.019506626 0.0 0.0 0.0 0.18977606 0.18977606 0.0 0.18977606 0.0 0.0 0.1084608 0.1084608 0.1084608 0.0 0.0 0.0 0.0 0.0 0.0 0.0 0.0 0.0 0.0 0.0 0.0 0.0 0.0 0.1084608 0.0 0.1084608 0.1084608 0.18977606 0.23048449
0.0 0.0 0.0 0.0 0.0 0.0 0.0 0.32280362 0.0 0.0 0.0 0.0 0.0 0.0 0.5240791 0.32280362 0.32280362 0.03486714 0.03486714 0.0 0.23682974 0.23682974 0.10846042 0.10846042 0.10846042 0.10846042 0.10846042 0.10846042 0.10846042 0.10846042 0.18977547 0.18977547 0.47364017 0.47364017 0.47364017 0.10846042 0.0 0.0 0.0 0.0 0.0 0.0 0.0 0.0 0.0 0.0 0.0 0.0 0.0 0.0 0.0 0.0 0.0 0.0 0.0 0.0 0.10846042 0.10846042 0.10846042 0.10846042 0.0 0.0 0.0 0.0 0.0 0.0 0.0 0.0 0.0 0.0 0.0 0.0 0.10846042 0.10846042 0.10846042 0.0 0.10846042 0.18977547 0.10846042
0.0 0.0 0.0 0.0 0.0 0.0 0.0 0.32280302 0.0 0.0 0.0 0.0 0.0 0.0 0.0 0.32280302 0.034867022 0.034867022 0.034867022 0.5240712 0.25816068 0.23682918 0.10845994 0.10845994 0.10845994 0.10845994 0.10845994 0.10845994 0.10845994 0.23682918 0.0 0.0 0.0 0.0 0.0 0.18977475 0.18977475 0.0 0.038285647 0.0 0.0 0.0 0.0 0.0 0.0 0.019506339 0.0 0.0 0.0 0.0 0.0 0.0 0.0 0.10845994 0.10845994 0.10845994 0.10845994 0.10845994 0.10845994 0.10845994 0.0 0.0 0.0 0.0 0.0 0.0 0.0 0.0 0.0 0.0 0.0 0.10845994 0.10845994 0.10845994 0.10845994 0.10845994 0.10845994 0.10845994 0.10845994
0.0 0.0 0.0 0.0 0.0 0.0 0.0 0.0 0.0 0.0 0.0 0.0 0.0 0.0 0.0 0.0 0.0 0.034866937 0.9574771 0.034866937 0.034866937 0.23682888 0.108459465 0.108459465 0.108459465 0.108459465 0.108459465 0.0 0.0 0.0 0.0 0.0 0.0 0.0 0.0 0.1897744 0.108459465 0.108459465 0.0 0.0 0.0 0.019506244 0.0 0.0 0.019506244 0.0 0.0 0.0 0.0 0.108459465 0.108459465 0.108459465 0.108459465 0.108459465 0.108459465 0.108459465 0.108459465 0.108459465 0.108459465 0.108459465 0.0 0.108459465 0.108459465 0.108459465 0.108459465 0.108459465 0.23046589 0.0 0.0 0.0 0.0 0.0 0.0 0.0 0.108459465 0.108459465 0.108459465 0.108459465 0.108459465
0.20743942 0.0 0.0 0.0 0.0 0.0 0.0 0.2368284 0.2368284 0.0 0.0 0.0 0.0 0.0 0.0 0.0 0.0 0.0 0.32280207 0.32280207 0.32280207 0.32280207 0.034866843 0.0 0.0 0.0 0.0 0.0 0.0 0.0 0.0 0.0 0.0 0.5240586 0.5240586 0.5240586 0.2368285 0.2368285 0.2368285 0.10845899 0.0 0.0 0.10845899 0.10845899 0.0 0.10845899 0.10845899 0.10845899 0.15950546 0.10845899 0.10845899 0.10845899 0.10845899 0.10845899 0.10845899 0.0 0.10845899 0.10845899 0.0 0.10845899 0.10845899 0.10845899 0.10845899 0.4736385 0.23045826 0.23045826 0.23045826 0.0 0.0 0.0 0.0 0.0 0.0 0.0 0.10845899 0.10845899 0.10845899 0.10845899 0.10845899
0.20743895 0.20743895 0.0 0.0 0.3267845 0.3228017 0.3228017 0.23682812 0.23682812 0.23682812 0.5240507 0.0 0.0 0.0 0.0 0.0 0.3228017 0.3228017 0.3228017 0.3228017 0.3228017 0.5240512 0.0 0.0 0.0 0.0 0.0 0.0 0.0 0.0 0.0 0.0 0.0 0.0 0.0 0.5240512 0.5240512 0.31206256 0.10845861 0.10845861 0.10845861 0.10845861 0.10845861 0.10845861 0.10845861 0.10845861 0.10845861 0.10845861 0.10845861 0.10845861 0.10845861 0.10845861 0.0 0.0 0.0 0.0 0.10845861 0.0 0.0 0.10845861 0.10845861 0.10845861 0.47363785 0.47363785 0.47363785 0.10845861 0.10845861 0.10845861 0.10845861 0.0 0.0 0.0 0.0 0.0 0.10845861 0.10845861 0.10845861 0.10845861 0.10845861
0.0 0.2074387 0.0 0.0 0.3228011 0.3228011 0.3228011 0.23682764 0.23682764 0.25815913 0.52404356 0.0 0.52404356 0.52404356 0.52404356 0.52404356 0.3228011 0.3228011 0.034866665 0.3228011 0.23682764 0.23682764 0.0 0.0 0.0 0.0 0.0 0.0 0.0 0.0 0.0 0.0 0.3228011 0.0 0.23682764 0.23682764 0.23682764 0.23682764 0.23682764 0.108458035 0.108458035 0.1595045 0.108458035 0.108458035 0.1595045 0.108458035 0.108458035 0.108458035 0.108458035 0.108458035 0.0 0.1897726 0.1897726 0.1897726 0.0 0.0 0.0 0.0 0.0 0.0 0.0 0.4736375 0.4736375 0.4736375 0.10845813 0.10845813 0.10845813 0.10845813 0.10845813 0.0 0.0 0.0 0.0 0.10845813 0.10845813 0.10845813 0.10845813 0.10845813 0.10845813
0.0 0.0 0.0 0.0 0.0 0.0 0.52403617 0.23682727 0.23682727 0.0 0.0 0.0 0.52403617 0.52403617 0.52403617 0.32280064 0.32678354 0.32280064 0.03486659 0.23682727 0.23682727 0.0 0.0 0.0 0.0 0.0 0.0 0.0 0.0 0.0 0.0 0.0 0.32280064 0.32280064 0.32280064 0.32280064 0.23682727 0.23682727 0.23682727 0.23682727 0.10845756 0.10845756 0.10845756 0.10845756 0.10845756 0.10845756 0.10845756 0.18977189 0.18977189 0.0 0.0 0.18977189 0.0 0.18977189 0.0 0.0 0.0 0.0 0.0 0.0 0.0 0.10845756 0.10845756 0.10845756 0.10845756 0.108457655 0.108457655 0.108457655 0.108457655 0.108457655 0.0 0.0 0.0 0.108457655 0.108457655 0.108457655 0.108457655 0.108457655 0.108457655
0.19693851 0.19693851 0.19693851 0.62526107 0.52402925 0.52402925 0.52402925 0.52402925 0.52402925 0.0 0.0 0.0 0.0 0.52402925 0.0 0.32678306 0.32280016 0.32280016 0.034866486 0.2581584 0.23682697 0.0 0.52402925 0.0 0.0 0.0 0.0 0.0 0.0 0.32280016 0.23682697 0.32280016 0.32280016 0.0 0.32280016 0.32280016 0.034866486 0.034866486 0.0 0.23682697 0.10845718 0.10845718 0.10845718 0.10845718 0.10845718 0.15950355 0.10845718 0.18977141 0.18977141 0.0 0.0 0.0 0.0 0.0 0.0 0.0 0.0 0.0 0.0 0.18977141 0.10845718 0.10845718 0.10845718 0.10845718 0.10845718 0.20838955 0.10845718 0.10845718 0.10845718 0.10845718 0.10845718 0.10845718 0.10845718 0.10845718 0.10845718 0.10845718 0.10845718 0.10845718 0.10845718
0.1969347 0.1969347 0.1969347 0.0 0.52402186 0.52402186 0.52402186 0.52402186 0.52402186 0.52402186 0.0 0.32279968 0.32279968 0.52402186 0.0 0.0 0.0 0.0 0.0 0.2368266 0.2368266 0.0 0.0 0.0 0.0 0.0 0.0 0.0 0.3267827 0.32279968 0.3267827 0.32279968 0.32279968 0.0 0.0 0.03486641 0.052759208 0.5240226 0.0 0.3227998 0.23682669 0.1084568 0.15950327 0.18977094 0.1084568 0.1084568 0.0 0.00055861485 0.0 0.0 0.0 0.0 0.0 0.0 0.47363618 0.47363618 0.0 0.0 0.0 0.1084568 0.1084568 0.1084568 0.23042703 0.1084568 0.1084568 0.1084568 0.1084568 0.1084568 0.1084568 0.1084568 0.1084568 0.1084568 0.1084568 0.1084568 0.1084568 0.1084568 0.15950327 0.1084568 0.1084568
0.19693041 0.19693041 0.19693041 0.19693041 0.0 0.52401567 0.52401567 0.0 0.52401567 0.52401567 0.52401567 0.32279932 0.32279932 0.52401567 0.0 0.32279932 0.0 0.0 0.0 0.23682621 0.23682621 0.23682621 0.23682621 0.23682621 0.034866292 0.0 0.0 0.0 0.32279932 0.32279932 0.32279932 0.32279932 0.0 0.0 0.23682621 0.23682621 0.23682621 0.23682621 0.23682621 0.23682621 0.23682621 0.0 0.23682621 0.18977034 0.18977034 0.10845642 0.0 0.0 0.0 0.10845642 0.10845642 0.0 0.0 0.10845642 0.10845642 0.10845642 0.18977034 0.18977034 0.10845642 0.10845642 0.10845642 0.10845642 0.0 0.23042011 0.10845642 0.10845642 0.10845642 0.10845642 0.10845642 0.10845642 0.10845642 0.10845642 0.10845642 0.10845642 0.10845642 0.10845642 0.10845642 0.10845642 0.10845642
0.19692564 0.19692564 0.19692564 0.19692564 0.31254244 0.0 0.5240085 0.23682573 0.23682573 0.23682573 0.5240085 0.0 0.0 0.0 0.0 0.32279873 0.32279897 0.0 0.0 0.23682593 0.23682593 0.23682593 0.23682593 0.23682593 0.034866232 0.32279897 0.32279897 0.32279897 0.32279897 0.32279897 0.32279897 0.23682593 0.23682593 0.23682593 0.23682593 0.23682593 0.0 0.0 0.32279897 0.32279897 0.0 0.0 0.0 0.0 0.0 0.0 0.0 0.0 0.0 0.10845603 0.10845603 0.10845603 0.0 0.10845603 0.10845603 0.1595024 0.10845603 0.18976998 0.10845603 0.10845603 0.10845603 0.0 0.0 0.18976998 0.10845603 0.10845603 0.10845603 0.10845603 0.10845603 0.1595024 0.10845603 0.10845603 0.10845603 0.0 0.10845603 0.10845603 0.18976998 0.0 0.0
0.1969204 0.1969204 0.19692087 0.19692087 0.054171085 0.312541 0.58582234 0.23682536 0.23682536 0.23682536 0.0 0.0 0.0 0.0 0.0 0.0 0.32279813 0.0 0.0 0.0 0.23682536 0.25815687 0.23682536 0.52400136 0.52400136 0.32279813 0.32279813 0.23682536 0.23682536 0.23682536 0.23682536 0.5240016 0.0 0.0 0.0 0.0 0.0 0.32279813 0.32279813 0.32279813 0.32279813 0.0 0.0 0.0 0.32279813 0.32279813 0.18976915 0.0 0.10845537 0.10845537 0.0 0.0 0.10845537 0.10845537 0.10845537 0.10845537 0.10845537 0.0 0.0 0.18976915 0.18976915 0.10845537 0.18976915 0.18976915 0.10845537 0.10845537 0.18976915 0.18976915 0.0 0.0 0.10845537 0.10845537 0.10845537 0.0 0.0 0.0 0.0 0.0 0.0
0.19691563 0.19691563 0.19691563 0.19691563 0.054164886 0.23040009 0.0 0.52399445 0.23682506 0.23682506 0.0 0.0 0.0 0.0 0.0 0.0 0.32279778 0.0 0.0 0.0 0.23682506 0.23682506 0.32279778 0.03486603 0.23682506 0.23682506 0.23682506 0.0 0.0 0.0 0.0 0.0 0.0 0.0 0.0 0.0 0.0 0.32279778 0.32279778 0.0 0.0 0.0 0.0 0.23682506 0.32279778 0.32279778 0.23682506 0.10845499 0.10845499 0.10845499 0.0 0.0 0.0 0.10845499 0.10845499 0.10845499 0.10845499 0.0 0.0 0.23040056 0.18976867 0.18976867 0.18976867 0.18976867 0.10845499 0.10845499 0.0 0.0 0.0 0.0 0.10845499 0.10845499 0.10845499 0.18976867 0.0 0.0 0.0 0.0 0.0
