Export/ASCII/RMeteo_SP_inch/impervious0/net_infiltration_2016_SP4_inch.asc
ncols         660
nrows         338
xllcorner     1476100.0
yllcorner     5017100.0
cellsize      100
NODATA_value  -9.9000000089461e-20
[rows 78 to 103 of 338, columns 300 to 359 of 660]
0.18916184 0.18916182 0.18916182 0.18916182 4.489455 1.0271721 1.0271721 1.3987229 1.5038481 3.684621 1.0271719 1.0271719 1.0271719 0.6841839 0.6841839 0.6841839 0.12161463 2.978292 0.9068459 0.33103207 0.33103207 0.9068458 0.9068458 0.6008117 0.6008117 0.11255958 0.112559535 0.112559535 0.112559535 0.112559535 0.112559535 0.60081154 0.6008113 0.6008113 0.6008113 0.6008111 0.6008111 0.6008111 0.1717106 0.90684545 0.9068453 0.9068453 0.9068453 0.6008109 0.9068453 0.90684515 0.90684515 1.218379 1.218379 0.90684515 0.90684515 0.17171055 0.17171055 3.1888936 1.2183787 1.2183787 1.2183787 0.9068448 0.9068448 0.9068448
0.18915805 0.18915802 0.1216113 0.18915802 0.18915802 0.189158 0.189158 0.189158 0.189158 0.189158 0.189158 0.189158 1.0271559 1.0271558 0.684163 1.0271558 0.18915796 2.978264 0.9068304 0.33102542 0.33102542 0.9068303 0.9068303 0.90683025 0.90683025 0.90683025 0.9068302 0.9068302 0.9068302 0.17170699 1.2183601 1.2183601 0.60079503 0.60079503 0.60079503 0.60079503 0.60079503 0.9068301 0.17170696 0.17170696 1.21836 0.90683 0.6007949 0.6007947 0.90682995 0.90682995 0.9068299 0.9068299 0.9068297 3.321349 0.17170689 0.17170689 0.17170689 2.9782627 2.9782627 0.9068296 2.9782627 0.17170683 2.9782627 0.90682954
0.18915421 0.22237618 0.18915421 0.18915421 0.12160781 0.12160781 0.1891542 0.12160781 0.12160781 0.18915418 0.18915418 0.18915418 0.18915418 1.0271401 1.0271401 1.0271401 0.18915416 0.9068149 0.3310188 0.048980985 0.048980985 0.17170338 2.9782357 2.9782357 2.9782357 2.9782357 2.9782357 0.17170335 0.17170335 0.17170334 1.2183409 1.2183409 0.9068146 0.60077834 0.112552956 0.112552956 0.112552956 0.17170332 0.17170331 0.90681446 0.90681446 0.90681434 0.60077834 0.6007783 0.6007783 0.6007783 0.90681434 0.90681434 0.90681434 1.865349 1.865349 1.865349 2.9782348 2.9782343 2.9782343 2.9782343 2.9782343 2.9782343 2.9782343 2.9782343
0.18915042 0.18915042 0.18915042 0.18915042 0.12160443 0.12160443 0.12160443 0.12160443 0.1891504 0.1891504 0.1891504 0.1891504 3.3901017 1.027124 3.3901017 3.3901017 4.4893374 4.159971 0.0489797 0.0489797 0.17169976 0.17169976 2.9782085 2.9782083 2.9782083 2.9782083 2.9782083 0.17169976 0.17169976 2.978208 2.978208 0.906799 0.90679884 0.17169973 0.17169973 0.17169973 0.17169973 0.17169973 0.9067988 0.9067988 0.9067988 0.600762 0.600762 0.60076195 0.60076195 0.60076195 0.11254962 0.60076195 0.9067986 1.8653262 0.9067986 2.9782073 2.9782073 2.978207 2.978207 2.978207 2.978207 2.978207 2.978207 2.978207
0.18914664 0.18914664 0.18914661 0.18914661 0.18914661 0.12160091 0.12160091 0.12160091 0.18914661 0.18914661 3.3900738 3.3900738 3.3900738 1.0271083 1.0271083 1.0271083 4.489299 0.17169617 0.048978437 0.048978437 0.112546474 0.17169616 2.9781816 2.9781816 2.978181 2.978181 2.978181 0.17169613 0.17169613 2.978181 2.978181 0.9067836 0.9067836 0.1716961 4.1599264 1.218302 0.90678346 0.90678346 0.6007461 0.90678334 0.90678334 0.60074604 0.60074604 0.60074586 0.60074586 0.60074586 0.60074586 0.60074586 0.9067829 0.9067829 0.9067829 0.90678287 2.9781802 1.218301 2.9781802 1.218301 1.218301 2.9781802 0.17169586 0.17169586
4.4892597 1.3986242 1.3986241 0.18914287 0.18914287 0.18914287 0.121597536 0.121597536 0.121597536 0.18914282 3.3900452 3.3900452 3.3900452 1.0270928 1.0270926 1.0270926 4.4892592 0.17169248 0.048977196 0.048977196 0.11254317 0.17169248 2.9781532 2.9781532 2.978153 3.3212187 2.978153 2.9781528 2.9781528 2.9781528 2.9781525 0.9067679 0.9067679 4.1598825 4.1598825 1.2182822 0.9067678 0.6007301 0.60072994 0.60072994 0.60072994 0.60072994 0.60072994 0.60072994 0.60072994 0.60072994 0.60072994 0.60072994 0.60072994 0.60072994 0.60072994 0.6007298 0.9067674 4.1598806 3.321218 0.17169225 1.2182813 0.17169225 0.17169225 0.17169225
4.4892206 1.3986044 1.4683123 1.3986044 4.4892206 0.1891391 1.3986044 1.3986044 1.0081604 0.18913907 0.18913907 0.18913907 0.18913907 3.390017 4.4892197 4.4892197 4.4892197 4.1598396 0.04897598 0.04897598 0.112539865 0.17168888 0.17168888 4.1598387 0.17168888 0.17168888 3.3211858 3.3211858 2.9781256 2.9781256 2.9781253 2.9781253 2.9781253 4.1598377 4.1598377 0.17168878 0.17168878 0.60071397 0.60071397 0.60071397 0.60071397 0.6007139 0.6007139 0.6007139 0.6007139 0.6007139 0.6007139 0.6007139 0.6007139 0.6007139 0.6007139 0.6007138 0.9067518 0.9067517 0.9067517 0.17168862 0.17168862 0.17168862 0.17168862 0.17168862
4.489181 4.489181 4.489181 4.489181 4.489181 4.489181 1.3985848 1.3985848 1.3985848 0.12159059 0.18913534 0.18913534 0.18913534 3.3899887 4.489181 4.489181 4.489181 0.17168523 0.17168523 0.17168523 0.11253664 0.17168523 0.17168523 0.17168523 0.17168523 0.17168523 0.17168523 0.17168519 0.17168519 2.9780986 2.9780986 2.9780986 2.9780986 0.17168516 2.9780984 0.17168516 0.17168514 0.90673685 0.90673685 0.6006982 0.6006982 0.11253655 0.11253655 0.60069805 0.60069805 0.60069805 0.112536475 0.112536475 0.112536475 0.112536475 0.6006979 0.60069776 0.60069776 0.60069746 0.9067364 0.17168504 0.17168501 0.17168501 0.17168501 0.17168501
4.4891424 4.4891424 4.4891424 4.4891424 4.4891424 4.4891424 4.4891424 3.38996 0.18913157 0.18913157 0.18913157 0.18913157 0.18913157 3.38996 4.4891415 4.4891415 0.18913157 0.17168166 0.17168161 0.11253336 0.11253336 0.17168161 0.17168161 0.17168161 0.11253336 0.1716816 0.1716816 0.17168154 0.9067213 0.9067213 0.9067213 2.9780707 0.17168152 0.1716815 0.1716815 0.1716815 0.9067212 0.9067212 0.9067212 0.6006821 0.85832095 0.112533264 0.112533264 0.6006821 0.6006821 0.6006821 0.112533264 0.112533264 0.112533264 0.112533234 0.600682 0.6006819 0.6006819 0.6006819 0.1716814 4.159748 0.1716814 0.1716814 0.112533145 0.112533145
4.489103 4.489103 4.489103 4.489103 4.489103 4.489103 1.3985459 1.3985459 1.0080794 1.3985459 0.18912789 0.18912786 3.389933 3.389933 4.4891024 4.4891024 0.18912783 0.17167793 0.112530045 0.112530045 0.112530045 0.17167789 0.17167789 0.17167789 0.17167787 0.17167787 0.17167787 0.90670574 0.90670574 0.90670574 0.6006664 0.90670574 0.90670574 0.17167786 0.17167786 0.17167786 0.17167786 0.17167786 1.2182046 0.8582939 0.11252997 0.60066605 0.60066605 0.60066605 0.112529926 0.112529926 0.112529874 0.112529874 0.112529874 0.112529874 0.112529874 0.112529874 0.6006657 0.9067053 0.17167774 4.159704 4.159704 0.17167774 0.1716777 0.11252985
4.489064 4.489064 4.489064 1.5037906 4.489064 4.489064 4.489064 1.3985264 1.3985264 0.1891241 1.0270147 0.18912409 3.3899045 3.3899045 4.4890633 4.4890633 0.18912409 0.17167431 0.17167431 0.11252675 0.11252675 0.17167428 0.17167428 0.17167428 0.17167428 0.17167428 0.17167428 0.9066904 0.90669036 0.90669036 0.60065025 0.9066901 0.9066901 0.17167419 0.17167419 0.112526685 0.17167419 0.17167419 0.17167419 0.85826695 0.112526685 0.60065013 0.6006499 0.6006499 0.11252664 0.11252664 0.11252664 0.11252664 0.11252664 0.11252661 0.11252661 0.6006498 0.6006498 0.9066899 4.1596584 4.1596584 4.1596584 0.1716741 0.1716741 0.60064954
4.489025 4.489025 4.489025 1.5037851 0.18912037 0.18912037 0.18912037 0.18912034 0.18912034 0.18912034 1.026999 4.4890246 4.4890246 4.4890246 4.4890246 4.4890246 4.4890246 4.1596184 0.17167069 0.17167069 0.17167069 0.17167063 0.17167063 0.17167063 2.9779878 2.9779878 4.1596174 0.90667474 0.90667474 0.90667474 0.60063434 0.90667474 0.90667474 0.90667474 0.17167056 0.112523414 0.11252337 0.11252337 0.60063404 0.600634 0.600634 0.600634 0.600634 0.600634 0.11252334 0.11252334 0.60063386 0.11252334 0.11252334 0.11252332 0.11252332 0.60063356 0.90667415 4.1596155 4.1596155 4.1596155 4.1596155 0.11252325 1.7332795 0.6006334
1.0269835 0.18911667 0.18911667 1.5037789 0.18911667 0.22233692 0.18911667 0.18911667 0.18911667 0.18911667 0.19961394 4.488985 4.488985 2.5547807 1.3984871 3.3898482 3.3898482 2.977961 4.159574 0.17166704 0.17166704 0.17166704 2.9779603 0.17166701 0.17166701 0.9066593 0.9066593 0.9066593 0.9066591 0.9066591 0.60061836 0.600618 0.600618 0.9066591 0.17166696 0.17166696 0.17166696 0.112520106 0.600618 3.0239105 3.0239105 4.1595736 4.1595736 4.1595736 0.112520054 0.112520054 0.60061777 0.11252003 0.11252003 0.6006175 0.6006175 0.6006175 0.90665877 1.4084224 0.17166685 0.17166685 0.11252001 0.11252001 1.7332296 0.6006175
0.12157009 0.12157009 1.5037732 1.5037732 0.18911289 0.18911289 0.18911289 0.18911289 0.18911286 0.18911286 0.18911286 4.488946 2.5547519 0.18911286 0.18911286 3.3898199 3.3898199 2.9779332 4.1595306 0.17166339 0.17166339 0.17166339 2.977933 0.20249102 0.90664387 0.90664387 0.60060245 0.60060245 0.6006022 0.6006022 0.6006022 0.6006021 0.6006021 0.9066436 2.9779322 0.9066435 0.9066435 0.112516865 0.112516865 0.11251684 0.17166328 0.17166328 0.17166325 0.17166325 0.11251677 0.11251677 0.60060173 0.60060173 0.60060173 0.6006016 0.9066432 0.9066432 0.60060155 4.159528 0.112516746 0.112516746 0.112516716 0.112516716 1.7331789 1.7331789
0.12156661 0.14644228 0.12156661 0.12156661 0.12156661 0.12156661 0.12156661 0.12156661 0.18910915 0.18910915 4.488907 0.18910915 0.18910912 0.18910912 0.18910912 0.18910909 1.5037673 0.17165977 4.159486 4.1594853 3.0238054 0.17165977 2.9779048 0.90662825 0.90662825 0.6005864 0.6005864 0.6005864 0.6005863 0.6005863 0.6005863 0.6005863 0.9066282 0.9066282 2.9779043 0.9066281 0.9066281 0.17165971 0.11251357 0.11251357 0.11251357 0.11251357 0.11251357 0.11251357 0.11251357 0.11251353 0.11251353 0.60058594 0.60058594 4.159484 0.17165956 0.9066275 0.60058546 3.0238023 3.0238023 0.11251345 1.7331283 1.7331283 1.7331283 1.7331281
0.1215632 0.1215632 0.1215632 0.1215632 0.121563174 0.121563174 0.121563174 0.121563174 0.12156315 4.4888678 4.4888678 0.18910542 0.1891054 0.1891054 0.1891054 0.18910538 0.18910538 1.2253401 0.1716561 0.17165609 0.18834749 0.11251037 3.0237522 0.90661275 0.90661275 0.6005703 0.6005703 0.6005703 0.6005703 0.6005703 0.6005703 0.60057014 0.90661263 0.17165606 2.9778767 0.9066125 0.9066125 0.17165604 0.17165604 0.17165604 0.11251028 0.11251028 0.11251025 0.11251025 0.11251025 0.11251025 0.11251025 0.112510234 0.112510234 2.9778767 2.9778767 0.9066122 0.60056967 3.4654005 0.11582646 0.6005694 1.733078 1.733078 1.733078 0.11251016
0.12155979 0.12155979 0.12155979 0.12155979 0.12155979 0.12155979 0.12155979 0.12155979 0.12155979 0.12155979 0.12155979 0.1891016 0.1891016 0.1891016 0.1891016 0.1891016 0.1891016 0.17165248 0.17165248 0.17165248 0.11250704 0.11250704 0.11582305 0.60055435 0.60055435 0.6005542 0.11250701 0.6005542 0.11250696 0.11250696 0.60055417 0.60055405 0.11250696 0.9065971 0.90659696 2.9778492 0.90659696 1.2180686 0.17165236 0.17165236 0.17165236 0.17165236 0.11250694 0.11250694 0.11250694 0.11250689 0.11250689 0.11250689 0.1716523 2.977849 1.4083029 0.90659654 0.90659654 4.6624327 0.11250689 0.60055345 0.60055345 2.9778485 1.7330277 1.7330277
1.0269054 0.12155636 0.12155636 0.12155636 0.12155631 0.12155631 0.14643092 0.12155631 0.12155631 0.12155631 0.18909796 0.2223174 0.18909794 0.18909794 0.18909794 0.18909794 0.1890979 0.17164886 0.17164886 0.17164886 0.11250377 0.11250377 0.11250377 3.0236452 0.60053825 0.11250372 0.11250372 3.0236452 3.0236452 0.60053813 0.60053813 0.600538 0.600538 0.9065816 0.90658146 2.9778223 2.9778223 1.2180493 2.9778223 2.9778223 0.17164876 0.17164876 0.17164873 0.11250368 0.11250368 0.11250365 0.11250365 0.17164871 1.4082729 1.4082729 1.4082729 4.159351 0.906581 4.159351 0.1125036 0.906581 0.906581 0.17164864 0.17164864 0.11250358
0.1890942 0.1890942 0.1890942 0.1215529 0.1215529 0.1215529 0.1215529 0.1215529 0.1215529 0.1215529 0.18909417 0.18909417 0.18909417 0.18909417 0.18909417 0.18909417 0.18909411 0.17164522 0.17164522 0.1716452 0.112500474 0.112500474 0.11250046 3.4652455 4.159309 0.11250046 0.11250046 0.11581583 0.11250046 0.6005223 0.6005223 0.6005223 0.6005223 0.6005223 0.9065659 1.21803 0.8580525 1.2180297 2.9777944 1.2252698 2.9777944 4.159307 0.17164508 0.17164508 0.17164508 0.17164508 0.17164508 2.977794 2.977794 1.4082433 1.408243 1.408243 0.9065654 0.9065654 0.9065654 0.9065653 0.9065653 0.9065653 0.60052145 0.112500265
0.18909049 0.18909049 0.18909049 0.18909049 0.18909049 0.18909049 0.18909049 0.18909049 0.12154947 0.18909049 0.18909049 0.18909049 0.18909046 0.18909046 0.18909046 0.18909046 0.18909046 0.17164156 0.17164156 0.17164154 0.11249719 0.17164154 0.17164154 0.18896973 0.17164154 4.1592655 4.1592655 4.1592655 0.17164153 0.85802543 0.11249714 0.11249714 0.11249714 0.11249714 0.1716415 0.1716415 0.1716415 0.90655035 2.9777672 2.9777672 0.9065503 0.9065503 4.1592636 4.1592636 0.17164145 0.17164145 2.977766 2.977766 2.977766 1.4082134 1.4082134 0.17164142 0.90654993 0.90654993 0.17164138 0.17164138 0.17164138 0.9065498 0.11249704 0.11249704
0.18908681 0.18908678 0.18908678 0.18908678 0.18908678 0.2223058 0.18908678 1.0268587 0.18908678 0.18908675 0.18908675 0.18908675 0.18908675 0.18908672 0.18908672 0.18908672 0.18908672 0.17163794 0.17163794 0.17163794 0.17163792 0.17163792 0.17163792 4.1592216 0.1716379 4.1592216 4.1592216 4.1592216 4.1592216 0.112493895 0.112493895 0.112493895 0.112493895 0.112493895 0.112493895 0.17163788 0.17163788 0.17163786 1.2252245 2.9777386 0.9065347 0.9065347 0.9065347 0.9065347 0.9065347 0.17163783 2.9777384 2.9777384 2.9777381 0.9065346 0.9065345 0.17163777 0.17163777 0.17163777 0.17163777 0.17163774 0.9065343 0.6004894 0.6004894 0.60048926
0.1890831 0.1890831 0.1890831 0.1890831 0.1890831 0.18908308 0.18908308 0.18908308 1.0268433 0.18908307 0.18908307 0.18908307 0.18908307 0.18908307 0.18908307 0.18908307 0.18908304 0.1716343 0.1716343 0.1716343 0.1716343 0.1716343 0.1716343 0.17163426 0.17163426 0.17163426 4.159176 4.159176 4.159176 0.17163426 0.11249064 0.11249064 0.11249061 0.11249061 0.17163426 0.17163424 0.112490594 0.17163424 1.2252023 2.977711 0.9065193 0.9065193 0.9065193 0.60047406 0.9065192 0.17163417 0.17163417 0.17163417 2.9777107 0.90651906 0.90651894 0.90651894 0.17163411 0.17163411 1.2179713 1.2179711 0.90651876 0.90651864 0.6004736 0.6004736
0.18907939 0.18907939 0.18907939 0.18907939 0.18907939 0.18907936 0.18907936 0.18907936 1.0268277 1.0268276 0.18907933 0.18907933 0.18907933 0.1890793 0.1890793 0.1890793 0.1890793 0.1716307 0.1716307 0.1716307 0.17163067 0.17163067 0.17163067 0.17163067 0.17163067 0.17163067 4.159132 4.159132 4.159132 0.6004582 0.6004582 0.112487346 0.112487316 0.112487316 0.17163064 0.17163064 0.112487316 0.17163064 0.17163059 2.9776838 0.9065038 0.600458 0.600458 0.600458 0.600458 0.9065037 0.90650356 0.90650356 0.90650356 0.90650356 0.6004578 0.90650344 0.11248724 0.17163046 1.2179518 1.2179515 0.17163046 0.9065032 0.60045767 0.60045767
0.18907565 0.18907562 0.18907562 0.18907562 0.18907562 0.18907559 0.18907559 0.18907559 0.6837015 0.6837015 1.0268117 1.0268117 0.18907556 0.18907556 0.12153566 0.12153566 0.18907556 0.17162704 0.17162704 0.17162704 0.17162701 0.17162701 0.17162701 0.17162701 0.17162701 0.17162701 0.171627 4.159088 4.159088 4.159088 0.11248408 0.60044235 0.112484 0.112484 0.112484 0.112484 0.112484 0.112484 0.17162696 0.90648824 0.6004418 0.6004418 0.6004418 0.6004417 0.6004417 0.6004417 0.60044146 0.60044146 0.60044146 0.60044146 0.60044146 0.11248388 0.17162688 0.17162688 0.17162688 0.17162684 0.11248386 0.11248386 0.60044134 0.60044134
0.18907192 0.1890719 0.1890719 0.1890719 0.1890719 0.1890719 0.1890719 0.1890719 0.6836804 0.6836804 0.6836803 0.6836803 1.0267966 0.18907186 0.121532254 0.121532254 0.18907186 0.17162344 0.17162344 0.17162344 0.17162342 0.17162342 0.17162342 0.1716234 0.1716234 0.1716234 0.1716234 0.9064731 4.159045 4.1590447 0.90647304 0.90647304 0.17162335 0.11248077 0.11248077 0.11248077 0.11248077 0.11248077 0.8578912 0.60042596 0.60042596 0.60042596 0.60042596 0.60042596 0.60042596 0.60042596 0.60042596 0.60042596 0.60042596 0.60042596 0.60042596 0.6004258 0.9064723 0.17162317 0.17162317 0.17162317 0.17162317 0.17162317 0.60042554 0.60042554
0.18906817 0.18906817 0.18906817 0.18906817 0.18906817 0.18906817 0.18906817 1.0267811 0.6836595 0.6836595 0.68365943 0.68365943 0.68365943 0.68365943 0.68365943 0.68365943 1.026781 0.17161977 0.17161977 0.17161977 0.17161971 0.17161971 0.17161971 0.17161971 0.17161971 0.17161971 0.17161971 0.90645736 0.90645736 4.1590004 4.159 4.159 0.17161971 0.17161968 0.11247747 0.17161965 0.112477444 0.60041 0.60041 0.60041 0.60041 0.90645707 0.90645707 0.17161962 0.906457 0.60041 0.60041 0.60041 0.60040975 0.60040975 0.60040975 0.60040975 0.9064568 0.1716196 0.90645677 0.9064567 0.9064567 0.6004097 0.60040957 0.60040957
