Export/ASCII/RMeteo_SP_inch/impervious0/net_infiltration_2016_SP2_inch.asc
ncols         660
nrows         338
xllcorner     1476100.0
yllcorner     5017100.0
cellsize      100
NODATA_value  -9.9000000089461e-20
[rows 260 to 285 of 338, columns 295 to 353 of 660]
0.5594789 0.5594789 1.5513489 1.5513489 1.5513489 1.5513489 1.5513489 1.5513489 0.41329122 0.41329122 1.5513489 1.5513489 1.5513489 1.5513489 1.5513489 1.5513489 1.5513489 1.5513489 1.5513489 1.5513489 1.5513489 1.5513487 1.6004319 1.6004319 1.6004319 1.6004319 0.0 0.51617694 0.51617694 0.38528252 0.38528252 0.38528252 1.6004314 1.6004314 1.6004314 1.6004314 1.6004314 1.6004314 1.6004314 1.6004314 1.6004314 1.6004314 1.6004314 0.42986917 0.42986917 1.6004314 1.6004314 1.6004314 1.6004314 1.6004314 1.6004314 1.0774978 1.3087679 0.09418906 0.24098174 0.24098174 0.24098174 0.24098174 0.24098174
0.5594776 0.5594776 1.5513451 1.5513451 1.5513451 1.5513451 1.5513451 1.5513451 1.5513451 1.5513451 1.5513451 1.5513451 1.5513451 1.5513451 1.5513451 1.5513451 1.5513451 1.5513451 0.48 0.48 0.48 0.48 1.6004281 1.6004281 0.5814883 1.6004281 1.6004281 0.0 0.51617527 0.51617527 0.3852812 0.3852812 0.97300446 1.6004281 1.6004281 1.6004281 1.6004281 1.6004281 1.6004281 1.6004281 1.6004281 0.48 1.6004281 1.6004281 1.6004281 0.8784101 1.6004281 1.6004281 1.6004281 1.6004281 1.6004281 1.0774952 0.38528097 0.24098061 0.42986816 0.42986816 0.24098052 0.24098052 0.24098052
1.5513422 1.5513422 1.551342 1.551342 1.551342 0.9505564 1.551342 1.551342 1.551342 1.551342 1.551342 1.551342 1.551342 1.551342 1.551342 1.551342 1.551342 1.551342 1.7443447 0.48217675 1.7443447 1.7443447 1.6004248 0.58148706 0.58148706 0.58148706 1.6004248 1.6004248 0.5161731 0.5161731 0.97300327 0.97300327 1.0774926 1.6004248 1.6004248 1.6004248 1.6004248 1.6004248 1.6004248 1.6004248 0.48 0.48 1.8074114 1.6004248 0.8784025 0.8784025 1.6004248 1.6004248 1.6004248 1.6004248 1.6004248 1.7049143 0.24097918 0.24097918 0.42986715 0.42986715 0.42986715 0.24097918 0.42986715
1.5513375 1.5513375 1.5513375 1.5513375 1.5513375 0.9505547 1.0420455 1.5513375 1.5513375 0.48 0.48 1.5513375 1.5513375 1.5513375 1.5513375 1.5513375 1.5513375 1.5513375 1.5513375 1.5513375 1.5513375 1.5513375 1.6004202 1.6004202 0.5814858 0.5814858 1.6004202 1.6004202 1.6004202 1.6004202 1.6004202 0.97300184 0.97300184 1.6004202 0.5814858 0.5814858 1.6004202 1.6004202 1.6004202 1.6004202 0.48 0.48 1.6004202 1.6004202 0.87839484 0.87839484 1.6004202 1.6004202 1.6004202 1.6004202 1.6004202 1.6004202 0.42986622 0.42986622 0.42986622 0.87839484 0.42986622 0.42986622 0.42986622
1.5513344 1.5513344 1.5513344 1.5513344 1.5513344 0.9505533 0.9505533 1.0420426 1.5513344 1.7443333 0.48217532 1.5513344 1.5513344 1.5513344 1.5513344 1.5513344 1.5513344 1.5513344 1.5513344 1.5513344 1.5513344 1.5513344 1.6004171 1.6004171 1.6004171 1.6004171 1.6004171 1.6004171 1.6004171 1.6004171 1.6004171 1.7049048 1.0774881 0.97300065 0.5814844 0.5814844 1.6004171 1.6004171 1.6004171 0.48 0.48 0.48 0.48 1.6004171 1.6004171 1.6004171 1.6004171 1.6004171 1.6004169 1.6004169 1.6004169 1.6004169 0.4298651 0.42986512 0.5814844 0.878387 0.42986512 0.42986512 0.24097669
1.5513313 1.5513313 1.5513313 1.5513313 1.5513313 0.9505521 1.042041 1.042041 1.6428998 1.5513313 1.5513313 1.916323 0.48 1.5513313 1.5513313 0.48 0.48 1.5513313 1.5513313 1.5513313 1.5513313 1.5513313 1.600414 1.600414 1.600414 1.600414 1.600414 1.600414 1.600414 1.600414 1.600414 1.600414 1.600414 1.0774857 1.600414 1.600414 1.600414 1.600414 1.600414 0.48 0.59234476 0.48 0.5914321 1.600414 1.600414 1.600414 1.600414 1.600414 1.600414 1.600414 1.600414 1.600414 0.42986408 0.429864 0.429864 0.429864 0.429864 0.429864 0.24097537
1.5513275 1.5513275 1.5513275 1.5513275 1.5513275 0.9505507 1.0420381 1.132384 0.9505507 1.5513275 1.5513275 1.5513275 1.5513275 1.744323 1.5513275 0.48 0.48217294 1.744323 1.5513275 1.5513275 1.5513275 1.5513275 1.6004095 1.6004095 1.6004095 1.6004095 1.6004095 1.6004095 1.6004095 1.6004095 1.6004095 1.6004095 0.07134367 0.03553985 0.07134367 1.6004095 1.6004095 1.6004095 1.6004095 0.48 0.7335563 0.5914283 0.4710276 0.12455654 0.48 1.6004095 1.6004093 1.6004093 0.87837195 0.42986304 0.42986304 0.42986304 0.42986304 0.42986304 0.42986304 0.42986304 0.42986304 0.6160059 0.38527274
1.5513239 1.5513239 1.5513239 1.5513239 1.5513239 0.950549 1.1323813 0.950549 1.0420359 1.0420359 1.5513239 1.5513239 1.5513239 1.5513239 1.5513239 1.5513239 0.48217198 1.9163108 1.5513239 1.5513239 1.5513239 1.5513239 1.6004059 1.6004059 1.6004059 1.6004059 0.071343414 1.6004059 1.6004059 0.42986208 0.8783641 0.071343414 0.42986208 0.24097289 0.071343414 0.071343414 0.071343414 0.071343414 0.071343414 0.0 0.0 0.0 0.12454653 0.48 0.48 0.48 1.6004059 0.87836385 0.429862 0.429862 0.24097289 0.24097289 0.429862 0.429862 0.42986196 0.42986196 0.42986196 0.61599874 0.3852713
1.5513201 1.5513201 1.5513201 1.5513201 1.5513201 1.6428852 0.9505471 1.0420326 1.0420326 1.0420326 0.48 0.48 1.5513201 1.5513201 1.5513201 1.5513201 1.9163032 1.5513201 1.5513201 1.5513201 1.5513201 1.5513201 1.6004026 1.6004026 1.6004026 1.6004026 0.07134317 0.42986107 0.42986107 0.42986107 0.42986107 0.42986107 0.429861 0.24097157 0.07134317 0.07134317 0.029922135 0.029922135 0.029922135 0.029922135 0.029922135 0.0 0.1416297 0.21947813 0.59142303 0.48 1.6004026 1.6004026 0.42986095 0.42986095 0.42986095 0.42986095 0.24097157 0.42986095 0.42986095 0.42986095 0.42986095 0.6159916 0.43503737
1.5513172 1.5513172 1.5513172 1.5513172 1.5513172 1.5513172 0.95054567 0.95054567 0.95054567 0.95054567 1.0420302 0.48 1.5513172 1.5513172 1.5513172 1.5513172 1.5513172 1.5513172 1.5513172 1.5513172 1.5513172 1.5513172 1.6003985 1.6003985 1.6003985 1.6003985 1.6003985 0.42986006 0.42986006 0.42986006 0.42986006 0.42986006 0.24097022 0.24097022 0.3852682 0.3852682 0.029921968 0.029921968 0.0713429 0.0713429 0.0713429 0.0 0.14162827 0.14162827 0.48 0.48 0.48 1.6003985 1.6003985 1.6003985 0.42985994 0.42985994 0.42985994 0.42985994 1.6003985 0.42985994 0.42985994 0.8783486 0.9729928
1.5513136 1.5513136 1.5513136 1.5513136 1.5513136 1.5513136 0.950544 1.0420281 1.0420281 1.0420281 1.0420281 0.48 1.7443004 1.5513136 1.5513136 0.48 1.5513136 1.5513136 1.5513136 1.5513136 1.5513136 1.5513136 1.6003947 1.6003947 1.6003947 1.6003947 1.6003947 0.42985892 0.42985892 0.42985892 0.42985892 0.24096908 0.24096908 0.42985892 0.5814767 0.5814767 0.029921778 0.029921778 0.029921778 0.029921778 0.07134265 0.0 0.14162719 0.14162719 0.0 0.0 0.48 1.6003947 1.6003947 0.42985886 0.90020347 0.42985886 0.42985886 1.6003947 1.6003947 1.6003947 0.87834024 0.87834024 0.97299063
1.5513101 0.41328013 0.41328013 1.5513101 1.5513101 1.5513101 1.5513101 1.0420257 1.0420257 1.0420257 0.95054305 0.48 1.8278701 1.5513101 1.5513101 0.48 1.7442949 1.5513101 1.5513101 1.5513101 1.5513101 1.5513101 1.6003916 1.6003916 1.6003916 1.6003916 1.6003916 0.4298579 0.4298579 0.87833333 0.4298579 0.4298579 0.4298579 0.4298579 0.07134238 0.07134238 0.02992161 0.02992161 0.02992161 0.02992161 0.02992161 0.07134238 0.0 0.0 0.0 0.0 0.0 1.6003916 1.6003916 0.90020114 0.90020114 1.6003916 1.6003916 1.6003916 1.6003916 1.6003916 1.6003916 0.5161562 1.7048726
0.81856585 0.41327912 0.41327912 1.5513065 1.5513065 1.5513065 1.5513065 0.9505414 1.0420231 1.0420231 1.0420231 0.48 0.5577111 1.5513065 0.48 1.5513065 1.7442889 1.5513065 1.5513065 1.5513065 1.5513065 1.5513065 1.6003876 1.6003876 1.6003876 1.6003876 0.42985687 0.42985687 0.42985687 0.8783262 0.42985687 0.42985687 0.42985687 0.071342126 0.071342126 0.071342126 0.029921442 0.029921442 0.02992142 0.02992142 0.071342126 0.071342126 0.071342126 0.0 0.0 0.0 0.0 1.6003876 0.42985684 0.42985684 1.6003876 1.6003876 1.6003876 1.6003876 1.6003876 1.6003876 1.6003876 0.5161538 1.6003876
1.5513029 0.41327813 0.41327813 1.5513029 1.5513029 1.5513029 1.5513029 0.9505404 1.0420216 1.0420216 1.0420216 0.5577097 0.48 0.6318073 0.48 1.7442842 1.5513029 1.5513029 1.5513029 1.5513029 1.5513029 1.5513029 1.6003838 1.6003838 1.6003838 1.6003838 0.4298558 0.4298558 0.24096525 0.4298558 0.4298558 0.4298558 0.4298558 0.071341865 1.6003838 0.071341865 0.07134184 0.07134184 0.029921252 0.029921252 0.07134184 0.071341865 0.071341865 0.071341865 0.071341865 0.029921252 0.0 0.48 0.044805236 0.4298558 1.6003835 1.6003835 1.6003835 0.4298558 1.6003835 1.6003835 1.6003835 0.5161524 1.6003835
1.5512986 1.5512986 1.5512986 1.5512986 1.5512986 1.5512986 1.5512986 1.5512986 0.28164965 0.95053875 1.1323582 0.48 0.48216483 1.5512986 1.9162662 1.7442782 1.5512986 1.5512986 1.5512986 1.5512986 1.5512986 1.5512986 1.6003809 1.6003809 1.6003809 0.87831044 0.87831044 0.42985487 0.42985487 0.42985487 0.42985487 0.42985487 0.07134163 0.07134163 0.07134163 1.6003809 0.07134163 0.07134163 0.07134163 0.07134163 0.07134163 0.07134161 0.07134161 0.07134161 0.07134161 0.07134161 0.0 0.2965486 0.044804282 1.6003809 1.6003809 1.6003809 0.42985478 0.42985478 1.6003809 0.48 0.48 0.5161505 1.6003809
1.5512958 1.5512958 1.5512958 1.5512958 1.5512958 1.5512958 1.5512958 1.5512958 0.2545907 0.28164864 0.28164864 0.2865584 0.48 1.5512958 1.5512958 0.55945987 0.55945987 0.55945987 1.5512958 1.5512958 1.5512958 1.5512958 1.6003766 1.6003766 1.6003766 0.87830377 0.42985383 0.42985377 0.42985377 0.42985377 0.42985377 0.42985377 0.42985377 0.071341395 0.071341395 1.6003764 1.6003764 1.6003764 0.071341395 0.071341395 1.6003764 1.6003764 0.071341395 1.6003764 1.6003764 1.6003764 0.12445259 0.14206553 0.04480333 0.48 1.6003764 1.6003764 0.42985377 0.42985377 0.42985377 0.48 0.48 0.48 1.6003764
1.5512922 1.5512922 1.5512922 1.5512922 1.5512922 1.5512922 1.5512922 1.5512922 0.25458992 0.25458992 0.25458992 0.1005187 0.48216245 1.5512922 1.5512922 0.5594587 0.5594587 0.5594587 1.5512922 1.5512922 1.5512922 1.5512922 1.600373 1.6003728 1.6003728 1.6003728 0.42985275 0.42985275 0.42985275 0.42985275 0.24096134 0.42985275 0.42985275 0.42985275 1.6003728 1.6003728 1.6003726 1.6003726 1.6003726 1.6003726 1.6003726 1.6003726 1.6003726 1.6003726 1.6003726 1.6003726 0.12444162 0.12444162 0.044802375 0.48 1.6003726 1.6003726 0.42985275 0.42985275 1.6003726 0.59139967 0.59139967 0.48 1.4506681
1.5512886 1.5512886 1.5512886 0.8185265 1.5512886 1.5512886 1.5512886 1.5512886 0.95053375 0.25458935 0.25458935 0.10050726 0.48 1.5512886 1.5512886 1.5512886 0.5594575 1.5512886 1.5512886 1.5512886 1.5512886 1.5512886 1.6003699 1.6003699 1.6003702 1.6003702 0.4298517 0.4298517 0.2409602 0.2409602 0.2409602 0.2409602 0.4298517 0.4298517 1.6003702 1.6003702 1.6003699 0.58146757 0.58146757 1.6003699 1.6003699 1.6003699 1.6003699 1.6003699 1.6003699 1.6003699 0.4298517 0.04480133 0.48 0.5913968 0.48 1.6003699 1.6003699 1.6003699 1.6003699 0.5913968 0.5913968 0.5913968 0.0
1.5512853 1.5512853 0.8185196 1.5512853 1.5512853 1.5512853 1.5512853 1.5512853 1.0420088 0.9505323 0.9505323 0.10049772 0.48216054 0.48 0.48 1.5512853 1.5512853 1.5512853 1.5512853 1.5512853 1.5512853 1.5512853 1.6003654 1.6003654 1.6003654 0.42985076 0.42985076 0.24095897 0.24095897 0.24095897 0.24095897 0.24095897 0.42985076 0.42985076 1.6003654 1.6003654 1.6003654 0.5814664 0.5814664 0.5814664 1.6003654 1.6003654 1.6003654 1.6003654 1.6003654 1.6003654 0.42985076 0.42985076 0.48 0.5913935 0.48 1.6003654 1.6003654 1.6003654 1.6003654 1.9058437 0.5913935 0.20577002 0.12441778
1.5512815 1.5512815 1.5512815 1.5512815 1.5512815 1.5512815 1.5512815 1.5512815 1.0420061 1.0420061 1.0420061 0.10048914 0.6317978 0.48215958 0.48 0.48215958 1.5512815 1.5512815 1.5512815 1.5512815 1.5512815 0.17050612 0.14161646 0.14161646 0.48 0.04479961 0.04479961 0.04479961 0.04479961 0.04479961 0.24095762 0.24095762 0.07134033 0.07134033 1.6003625 1.6003625 1.6003625 0.58146507 0.58146507 1.6003625 1.6003625 1.6003625 1.6003625 1.6003625 1.6003625 1.6003625 0.07134033 0.07134033 0.5913911 0.5913911 0.5913911 0.48 1.6003625 1.6003625 1.6003625 1.6003625 0.0 0.0 0.0
1.5512784 1.5512784 1.5512784 1.5512784 1.5512784 1.5512784 1.5512784 0.9505297 0.9505297 1.0420033 0.9505297 0.1004796 0.1004796 1.9162278 0.48215863 0.48 0.48 1.5512779 1.5512779 1.5512779 0.48 0.48 0.14161503 0.14161503 0.48 0.48 0.48 0.48 0.124396324 0.044798657 0.4298486 0.24095629 0.07134008 0.07134008 0.51613927 1.600359 1.600359 0.24095629 0.9729761 1.600359 1.600359 1.600359 1.600359 1.600359 1.600359 0.4298486 0.07134008 0.07134008 0.0 0.5913887 0.5913887 0.48 0.48 0.48 1.6003585 0.0 0.0 0.0 0.0
0.4132701 1.5512748 1.5512748 1.5512748 1.5512748 1.5512748 1.5512748 1.642827 1.0420007 1.0420007 0.950528 0.48 0.48 0.48 1.9162214 0.48215768 0.24489999 0.48 0.48 0.48 0.48215768 0.48215768 0.48 0.48 0.48 0.7421376 0.48 0.48 0.29652762 0.48 0.42984754 0.42984754 0.071339816 0.071339816 0.43501472 0.43501472 0.9729749 0.9729749 0.9729749 1.7048254 1.6003549 1.6003549 1.6003549 1.6003549 1.6003549 0.071339816 0.071339816 0.071339816 0.0 0.59138584 0.47097278 0.0 0.0 0.14259624 0.0 0.0 0.0 0.61589336 0.61589336
1.551271 1.551271 1.551271 1.551271 1.551271 1.551271 1.551271 1.551271 0.9505266 1.1323298 1.0419992 0.5576935 0.48215672 0.48215672 1.551271 0.75385386 0.17050242 0.24489832 0.48215672 0.48215672 0.6317935 0.6317935 0.48 0.48 0.48 0.48 0.74289006 0.48 0.47096896 0.48 0.48 0.07133958 0.07133958 0.9729732 0.9729732 0.9729732 1.0774425 0.9729732 1.077442 1.077442 0.9729732 1.6003513 1.6003513 1.6003513 0.42984655 0.07133954 0.07133954 0.07133954 0.0 0.591382 0.48 0.0 0.0 0.0 0.0 0.0 0.0 0.6158855 0.8782494
0.41326806 1.5512676 1.5512676 1.5512676 1.5512676 1.5512676 1.5512676 1.5512676 0.9505249 1.0419956 1.0419956 1.3383435 1.3383435 0.63179207 0.48 0.5594499 0.5594499 0.5594499 0.63179207 0.9505249 1.3383435 1.338343 1.1798247 0.48 0.48 0.124361515 0.48 0.6331086 0.59137917 0.48 0.48 1.3086628 0.029919513 0.97297156 1.0774399 1.1815382 0.97297156 1.0774399 1.0774399 1.0774399 1.0774399 1.0774399 0.97297156 1.6003473 0.0713393 0.0713393 0.0713393 0.0713393 0.0 0.59137917 0.48 0.0 0.0 0.0 0.0 0.0 0.0 0.51613283 0.51613283
0.41326705 1.551264 1.551264 1.551264 1.551264 1.551264 1.551264 0.9505235 1.0419942 1.0419942 0.9505235 1.0419942 0.9505235 0.48 0.48215434 0.48 0.17050028 1.551264 1.9162023 1.0419942 0.9505235 1.1323234 1.0774373 1.1798228 0.48 0.4709618 0.48 0.5913763 0.5913763 0.5913763 0.48 1.3086592 1.0774373 0.97297037 1.1815342 0.97297037 1.0774373 1.0774373 1.0774373 1.0774373 1.0774373 0.97297037 0.27329147 0.27329147 0.42984453 0.07133904 1.600344 1.600344 0.48 0.48 0.48 0.12434864 0.0 0.0 0.0 0.0 0.0 0.0 0.48
0.41326603 1.55126 1.55126 1.55126 1.55126 1.55126 0.41326603 0.2816388 1.0419911 1.0419911 1.0419911 1.0419911 1.6428084 0.4821534 0.63178825 0.4821534 0.48 0.48 0.48 1.0419911 0.9505218 0.9505218 1.0645171 0.9729687 1.0774351 0.9729687 0.9767846 0.48 0.5913744 0.48 0.5913744 0.9729687 1.0774351 1.0774351 0.9729687 1.0774351 0.9729687 1.0774351 1.0774351 1.0774351 1.0774351 0.27329004 0.27329004 0.2409499 0.2409499 0.4298435 1.6003404 1.6003404 0.48 0.48 0.48 0.48 0.0 0.0 0.48 0.48 0.12433958 0.12433958 0.12433958
