Export/ASCII/RMeteo_SP_inch/impervious0/net_infiltration_2017_SP1_inch.asc
ncols         660
nrows         338
xllcorner     1476100.0
yllcorner     5017100.0
cellsize      100
NODATA_value  -9.9000000089461e-20
[rows 104 to 129 of 338, columns 0 to 58 of 660]
1.801685 2.0130086 2.0130095 1.8016855 2.01301 1.8887001 1.8824173 1.6762525 1.8824178 1.8824183 1.6762525 1.8824183 1.6762525 1.6762525 1.8824183 1.6762525 1.8824183 1.8824183 1.6762525 1.8824183 1.8824183 2.2593338 2.2593338 2.259334 2.5492747 0.2179277 1.0221952 2.5492747 2.5492747 2.5492747 2.5492747 3.0418742 0.21792772 0.2534882 0.21792772 0.21792772 0.21792772 0.21792772 0.21792772 0.21792774 0.21792774 2.5492747 1.0221956 1.0592479 1.3211188 1.3211188 1.0221957 2.549275 1.3211193 2.5492752 2.5492752 2.5492752 2.2593353 2.2593355 2.5492754 2.5492756 2.5492756 2.5492756 2.549276
1.8016635 2.0129838 2.0129838 2.0129843 2.0129843 1.676232 1.8823944 1.676232 1.8823944 1.8823944 1.8823944 1.676232 1.8823944 1.8823949 1.6762325 1.6762325 1.8823949 1.6762325 1.8823949 1.8823949 1.8823949 2.2593143 2.2593143 2.2593143 1.0221877 1.0221877 2.549253 2.549253 2.549253 2.5492532 2.5492532 2.5492532 2.5492532 2.5492532 3.0418527 2.5492532 2.5492532 2.5492535 2.2593155 2.2593157 2.2593157 2.259316 2.5492535 2.5492535 2.5788915 2.5492535 2.5492537 2.5492537 2.549254 2.549254 2.5492542 2.5492542 2.2593167 2.259317 2.5492547 2.5492547 2.5492547 2.259317 2.5492547
1.801643 2.012961 2.0129614 2.0129614 2.0129614 1.8886524 1.8823696 1.8823701 1.8823701 1.67621 1.67621 1.8823701 1.8823701 1.8823701 1.67621 1.8823701 1.8823701 1.8823701 1.8823701 1.67621 1.8823701 1.4165083 1.3211001 1.0221803 1.0221803 2.2592952 2.2592952 2.2592952 2.2592955 2.796237 2.7962372 2.549232 2.5492322 2.5492322 2.5492322 2.5492325 2.5492325 2.5492325 2.5492327 2.5492327 2.2592964 2.549233 2.549233 2.549233 2.549233 2.549233 2.549233 2.5492332 2.5492332 2.5492332 2.5492332 2.5492332 2.2592976 2.2592976 2.5492334 2.5492334 2.5492337 2.7962384 2.549234
1.8016216 1.8016216 2.0129366 2.0129366 2.0129366 1.8886296 1.8823467 1.8823472 1.8823472 1.8823472 1.8823472 1.8823472 1.8823477 1.8823477 1.8823477 1.8823482 1.8823482 1.8823482 1.8823482 1.8823482 1.8823482 1.3210903 1.3210903 1.3210906 1.0221728 2.2592773 2.2592773 2.2592773 2.2592773 2.7962198 2.7962198 2.5492115 2.5492115 2.5492115 2.5492115 2.5492115 2.5492115 2.5492117 2.5492117 2.5492117 2.2592783 2.5492117 2.5492117 2.549212 2.549212 2.549212 1.3210914 2.549212 2.549212 2.549212 2.549212 2.549212 2.2592785 2.549212 2.549212 2.549212 2.549212 2.796222 2.2592793
1.8016006 1.8016006 2.0129132 1.801601 1.801601 1.8886062 1.6761686 1.6761686 1.8823234 1.6761686 1.6761686 1.8823234 1.8823234 1.8823234 1.6761686 1.8823234 1.6761686 1.8823239 1.8823239 1.676169 1.8823239 1.3210812 1.3210812 1.3210812 2.2592585 2.2592587 2.2592587 2.2592587 2.2592587 2.7962031 2.7962031 2.2592587 2.549189 2.549189 2.549189 2.5491896 2.2592587 2.5491898 2.5491898 2.7962039 2.259259 2.259259 2.5491903 2.5491903 2.5491903 1.3210821 1.3210821 1.3210821 2.259259 2.2592592 2.2592595 2.5491905 2.5491912 2.5491915 2.5491915 2.5491915 2.5491915 2.7962046 2.7962046
1.8015786 1.8015786 2.0128884 1.8015786 2.0128884 1.8885843 1.8823014 1.6761495 1.8823014 1.8823014 1.6761495 1.8823014 1.8823019 1.67615 1.8823019 1.67615 1.8823019 1.67615 1.8823019 1.8823019 1.67615 1.4164765 1.0314926 2.2592394 2.2592394 2.2592397 2.2592397 2.2592397 2.2592397 2.2592397 2.2592397 2.2592397 2.2592397 2.2592397 2.5491688 2.5491688 2.25924 2.549169 2.549169 2.549169 2.25924 2.5491695 2.5491695 2.5491695 2.5491695 2.5491695 1.3210727 2.2592402 2.2592402 2.2592404 2.2592404 2.2592404 2.5491705 2.5491705 2.5491707 2.5491707 2.7961879 2.7961879 2.5491707
1.8015577 2.012866 2.012866 2.012866 2.012866 1.8885599 1.8822771 1.6761271 1.8822771 1.8822771 1.8822771 1.8822771 1.6761271 1.8822771 1.8822771 1.8822771 1.8822771 1.8822771 1.8822776 1.8822771 1.8822776 1.0314864 1.0221504 2.2592206 2.2592206 2.2592206 2.2592206 2.2592208 2.2592208 2.2592208 2.259221 2.259221 2.259221 2.5491471 2.5491474 2.5491474 2.5491474 2.5491474 2.5491476 2.5491478 2.549148 2.549148 1.321063 1.321063 2.7961705 2.5491486 2.549149 2.2592218 2.2592218 2.549149 2.259222 2.259222 2.259222 2.259222 2.2592223 2.2592223 2.2592223 2.2592223 0.21791667
1.8015381 2.0128427 2.0128427 2.0128427 2.0128427 1.888537 1.8822542 1.8822542 1.8822542 1.8822542 1.8822542 1.8822542 1.8822547 1.6761075 1.8822547 1.8822547 1.6761075 1.8822547 1.8822547 1.8822552 1.8822552 1.3210533 6.0364304 0.0 2.2592008 2.259201 2.259201 2.259201 2.259201 2.2592015 2.2592022 2.2592025 2.2592025 2.5491269 2.5491269 2.5491269 2.5491269 2.2592025 2.549127 2.549127 2.549127 2.549127 1.3210539 1.3210539 1.321054 2.7961545 2.7961545 2.2592032 2.5491273 2.5491273 2.5491276 2.2592032 2.2592032 2.2592034 2.2592034 2.7961547 2.2592034 2.2592034 0.21791479
1.8015143 1.8015143 1.8015147 1.8015147 2.012817 1.6760861 1.6760861 1.8822304 1.6760861 1.6760861 1.6760861 1.8822304 1.6760861 1.8822304 1.8822309 1.6760861 1.6760861 1.8822309 1.8822309 1.6760861 1.8822314 1.3344928 1.3210441 2.259182 2.259182 2.259182 2.259182 2.259182 2.259182 2.259182 2.259182 2.259182 2.259182 2.5491052 2.5491054 2.5491054 2.5491054 2.2591822 2.5491056 2.5491056 2.5491056 2.5491056 2.549106 1.3210444 2.7961383 2.7961383 2.7961383 2.7961388 2.5491066 2.5491066 2.5491066 2.2591834 2.2591834 2.2591836 2.2591841 2.796139 2.7961392 1.5439816 0.21791299
1.8014961 2.012795 2.012795 2.012795 1.8014961 1.8884894 1.8822066 1.6760651 1.882207 1.882207 1.6760651 1.882207 1.6760651 1.8822075 1.8822075 1.676066 1.882208 1.676066 1.882208 1.6760665 1.6766182 1.0221281 1.0221281 1.0221281 2.2591622 2.2591622 2.2591624 2.2591624 2.2591624 2.2591624 2.2591627 2.2591627 2.2591627 2.5490842 2.5490842 2.259163 2.2591634 2.2591634 2.2591634 2.5490847 2.5490847 2.5490847 2.2591639 2.7961204 2.7961204 2.5490847 2.549085 2.2591648 2.5490851 2.5490851 2.5490851 2.5490851 2.5490851 2.5490851 2.5490854 2.7961211 2.7961211 1.3210356 2.5490856
1.8014728 2.0127692 2.0127692 2.0127697 2.0127697 1.8884655 1.8821832 1.8821832 1.8821832 1.8821832 1.8821832 1.8821832 1.8821832 1.8821832 1.8821832 1.8821841 1.6760451 1.6760451 1.8821841 1.8821841 1.8821841 1.0221206 1.0221206 1.0221206 1.059173 1.0221207 2.5490627 1.3344744 1.3210255 2.2591448 2.2591448 2.2591448 2.2591448 2.2591448 2.259145 2.259145 2.259145 2.259145 2.259145 2.259145 2.259145 2.2591455 2.5490642 2.5490642 2.5490642 2.5490642 2.5490642 2.259146 2.5490642 2.5490642 2.5490644 2.5490644 2.5490644 2.5490644 2.5490644 2.5490644 2.7961044 2.7961044 2.2591467
1.8014523 1.8014523 2.0127459 2.0127459 2.0127459 1.6760231 1.8821594 1.8821598 1.6760241 1.8821608 1.8821608 1.8821608 1.6760246 1.8821613 1.6760246 1.8821613 1.8821613 1.6760246 1.8821613 1.8821613 1.8821613 1.8821613 1.4664468 1.0591656 1.0221131 1.0221131 1.0221131 1.3210161 1.3210161 1.3210161 1.3210161 1.3210161 2.5490422 2.259126 2.259126 2.259126 2.259126 2.259126 2.259126 2.2591262 2.2591262 2.2591262 2.5490427 2.5490427 2.5490427 2.5490427 2.5490427 2.259127 2.549043 2.549043 1.3210168 1.0221139 2.7960882 2.5490432 2.5490434 2.5490434 2.5490434 2.5490434 2.5490434
1.8014313 2.012722 2.012722 2.012722 2.012722 1.8884193 1.882137 1.882137 1.882137 1.882137 1.8821374 1.8821374 1.8821374 1.8821374 1.8821379 1.8821379 1.8821379 1.8821379 1.8821379 1.8821379 1.8821379 2.2818596 1.8852373 1.4164029 1.0221057 1.0221057 1.0221058 1.0221058 1.321007 1.321007 1.321007 2.5490205 2.5490205 2.549021 2.2591074 2.2591074 2.2591074 2.2591076 2.2591076 2.2591076 2.2591078 2.2591078 2.2591078 2.7960715 2.7960715 2.7960715 2.7960715 2.259108 2.5490222 2.5490222 1.3210076 1.3210076 2.5490227 2.5490227 2.5490227 2.5490227 2.5490227 2.5490227 2.5490227
1.8014089 2.0126972 1.8014089 2.0126977 1.8014094 1.6759821 1.8821131 1.8821131 1.8821131 1.8821131 1.8821131 1.8821131 1.8821131 1.8821136 1.882114 1.882114 1.882114 1.882114 1.882114 1.882114 1.882114 1.882114 1.882114 1.882114 1.094332 1.0220982 1.0220983 1.3209977 1.3209977 2.2590876 2.5489993 2.5489998 2.549 2.549 2.2590883 2.2590883 2.2590883 2.2590885 2.2590885 2.2590885 2.2590892 2.2590892 2.2590892 2.2590895 2.796055 2.796055 2.2590895 2.2590895 2.2590895 2.5490007 2.5490007 2.5490007 2.5490007 2.5490007 1.3209983 1.3209983 2.5490007 2.5490007 2.5490007
1.8013889 1.8013889 2.0126743 1.8013893 1.8013893 1.8883706 1.8820888 1.8820893 1.6759611 1.6759611 1.8820893 1.8820893 1.6759611 1.8820893 1.6759611 1.6759616 1.6759616 1.6759616 1.8820897 1.8820897 1.6759621 1.8820902 1.8820902 1.6765438 2.099524 1.6896476 2.2590685 1.0220909 2.259069 2.548979 2.548979 2.548979 2.548979 2.548979 2.548979 2.548979 2.2590694 2.2590694 2.2590694 2.25907 2.25907 2.25907 2.25907 2.2590702 2.2590702 2.2590702 2.2590702 2.2590702 2.2590702 2.5489798 2.5489798 2.5489798 2.54898 2.54898 2.54898 1.320989 2.5489802 2.5489802 2.5489802
1.8013688 2.0126514 2.0126514 2.0126514 2.0126514 1.8883487 1.8820664 1.8820664 1.6759406 1.6759406 1.8820668 1.8820668 1.6759411 1.8820668 1.6759411 1.8820668 1.8820668 1.6759411 1.8820673 1.8820673 1.8820673 1.8820673 1.8820673 1.8820678 1.9878904 1.8820678 2.4524205 2.2590497 2.591163 2.25905 2.5489569 2.5489569 2.5489569 2.548957 2.548957 2.5489573 2.25905 2.2590501 2.2590501 2.2590501 2.2590501 2.2590501 2.2590501 2.2590501 2.2590501 2.2590501 2.2590501 2.2590501 2.2590504 2.5489583 2.5489583 2.5489583 2.5489583 2.5489583 1.0220839 1.3209796 2.5489588 2.5489588 2.548959
1.8013474 2.0126271 2.0126271 2.0126271 2.0126271 1.8883244 1.882042 1.8820425 1.8820425 1.8820425 1.8820425 1.8820425 1.882043 1.882043 1.882043 1.882043 1.882043 1.8820435 1.8820435 1.8820435 1.8820435 1.8820435 1.8820435 1.8820435 1.8820435 1.8820435 1.8820435 1.8820435 1.6251761 2.5911443 2.25903 2.2590303 2.5489361 2.5489364 2.5489364 2.5489364 2.259031 2.2590315 2.2590315 2.2590315 2.2590315 2.2590315 2.2590315 2.2590315 2.2590315 2.2590318 2.2590318 2.2590318 2.2590318 2.548937 2.548937 2.5489376 2.5489376 2.5489376 1.0220766 1.0220767 2.5489376 2.5489376 2.7960055
1.8013254 2.0126028 2.0126028 2.0126028 2.0126028 1.8883005 1.8820182 1.8820182 1.8820182 1.8820182 1.8820182 1.8820192 1.8820192 1.8820192 1.8820192 1.8820196 1.8820201 1.8820211 1.8820215 1.8820215 1.8820215 1.8820215 1.8820215 1.8820215 1.8820215 1.8820215 1.882022 1.882022 2.0855684 1.8820225 2.0669465 2.259012 2.259012 2.2590122 2.5489151 2.2590122 2.2590122 2.2590122 2.2590122 2.2590122 2.2590122 2.2590122 2.2590122 2.2590122 2.2590125 2.2590125 2.2590125 2.2590125 2.259013 2.5489159 2.5489159 2.548916 2.5489163 2.5489163 2.5489163 2.5489163 2.5489166 2.5489166 2.5489166
1.8013054 2.01258 1.8013054 2.01258 1.8013054 1.6758782 1.8819958 1.6758782 1.8819958 1.8819958 1.6758782 1.8819958 1.8819958 1.6758786 1.6758786 1.8819968 1.6758786 1.6758786 1.8819968 1.6758786 1.8819968 1.8819972 1.6758791 1.8819972 1.8819977 1.8819982 1.6758796 1.8819982 1.8819982 1.8819982 1.8827845 2.0994296 2.0669184 2.2589936 2.2589936 2.2589936 2.2589936 2.2589936 2.2589936 2.2589936 2.2589936 2.258994 2.258994 2.258994 2.258994 2.258994 2.258994 2.258994 2.258994 2.258994 2.5488951 2.5488951 2.5488951 2.5488951 2.5488951 2.5488951 2.5488954 2.5488954 2.5488954
1.8012835 2.0125566 2.012557 1.8012844 1.8012844 1.8882552 1.8819724 1.6758572 1.8819724 1.6758572 1.8819729 1.8819729 1.6758572 1.8819729 1.8819729 1.8819729 1.8819729 1.8819729 1.8819729 1.8819729 1.8819729 1.8819729 1.8819739 1.8819739 1.6758581 1.6758586 1.8819743 1.8819743 1.6758586 1.8819743 1.6758586 1.6758586 2.1082988 1.8819748 2.775898 2.258974 2.258974 2.2589748 2.2589748 2.2589748 2.2589748 2.2589748 2.2589748 2.2589748 2.258975 2.258975 2.2589753 2.2589753 2.2589753 2.2589753 2.2589753 2.2589753 2.5488746 2.5488746 2.5488746 2.5488746 2.5488746 2.5488746 2.548875
1.7532297 2.0000882 2.0000882 2.0000882 2.0000887 1.4241949 1.4028898 1.4028898 1.4028898 1.4028898 1.4028898 1.4028898 1.4028898 1.4028898 1.4028898 1.4028898 1.4028898 1.4028898 1.4028898 1.4028903 1.4028903 1.4028903 1.4028903 1.4028903 1.4028903 1.4028903 1.4028903 1.4028903 1.4028903 1.4028908 1.4028908 1.1750661 1.4028908 1.4028908 1.4028908 1.4028908 2.018401 2.1143818 2.1143818 2.1143818 2.1143818 2.1143818 2.1143818 1.8020494 1.8020496 1.8020496 1.8020496 0.0 0.0 0.98736894 0.98736894 0.98736894 1.8020496 1.8020496 1.8020496 2.0662363 2.0662363 2.0662363 2.0662363
1.7532083 2.000064 1.7532083 2.000064 1.7532088 1.4241711 1.1750442 1.1750442 1.4028665 1.1750442 1.4028665 1.4028665 1.1750442 1.4028674 1.1750451 1.4028674 1.4028674 1.4028679 1.4028679 1.4028679 1.1750456 1.4028684 1.4028689 1.4028689 1.4028689 1.1750466 1.4028693 1.4028693 1.1750466 1.4028693 1.4028693 1.1750466 1.4028693 1.4028693 1.1750466 1.4028693 1.4028693 1.4028693 1.4028693 1.4028698 1.4028698 1.4175435 1.4563848 1.4035708 1.4028698 1.4028698 1.4028698 3.5083032 2.0336936 1.6265012 1.6216089 1.4035708 1.6060797 1.2109119 1.1031886 1.0612334 0.9873477 1.8020315 2.0947092
1.7531859 2.00004 2.00004 2.00004 2.00004 1.4241496 1.402845 1.402845 1.402845 1.4028455 1.175026 1.4028455 1.4028455 1.4028455 1.4028455 1.1750265 1.4028455 1.4028455 1.1750265 1.4028455 1.4028455 1.4028455 1.4028465 1.4028465 1.4028465 1.1750275 1.4028465 1.4028465 1.1750275 1.175028 1.4028469 1.175028 1.4028469 1.4028469 1.4028469 1.4028469 1.4028469 1.4028474 1.4028474 1.175028 1.4028479 1.4028479 1.4028479 1.4028479 1.4028479 1.1750284 1.4028479 1.4028479 1.4028479 1.4028484 1.4028484 1.4028484 1.6208864 1.662707 1.2099408 1.0612146 1.2334987 1.2334982 0.987326
1.7531635 2.0000148 2.0000148 2.0000148 1.7531639 1.4241253 1.4028212 1.4028221 1.4028221 1.1750056 1.4028221 1.175006 1.4028226 1.4028226 1.4028226 1.4028231 1.4028231 1.4028231 1.4028236 1.4028236 1.4028236 1.4028236 1.4028236 1.4028236 1.4028236 1.4028236 1.402824 1.402824 1.402824 1.1750075 1.402824 1.4028245 1.4028245 1.4028245 1.4028245 1.4028245 1.1750079 1.402825 1.402825 1.402825 1.402825 1.402825 1.402825 1.402825 1.402825 1.4028255 1.4028255 1.4028255 1.4028255 1.4028255 1.4028255 1.4028255 1.4028255 1.6208616 1.184857 1.3137938 1.0611948 1.1405584 0.98730457
1.753142 1.999991 1.999991 1.7531425 1.9999915 1.4241039 1.174985 1.4027992 1.4027992 1.4027992 1.4027992 1.4027992 1.4027992 1.174985 1.4027992 1.174985 1.4027992 1.4027992 1.4027992 1.4027992 1.4027992 1.174985 1.4027992 1.4027997 1.174985 1.4027997 1.4027997 1.4027997 1.174985 1.4027997 1.4027997 1.4027997 1.4027997 1.174985 1.4028002 1.4028007 1.4028007 1.174986 1.4028007 1.174986 1.4028007 1.174986 1.4028012 1.4028012 1.4028012 1.4028012 1.1749865 1.4028016 1.4028016 1.4028016 1.4028021 1.4028021 1.4028021 1.4028021 1.6208388 1.8019755 1.8019755 1.0712506 0.9872829
1.7531205 1.9999672 1.9999672 1.9999672 1.9999672 1.4240814 1.4027764 1.4027764 1.4027768 1.4027768 1.4027773 1.4027773 1.4027773 1.4027773 1.4027773 1.4027773 1.4027773 1.4027773 1.4027773 1.4027773 1.4027773 1.4027773 1.4027773 1.4027773 1.4027773 1.4027778 1.4027778 1.4027778 1.4027778 1.4027783 1.4027787 1.4027792 1.4027792 1.4027792 1.4027792 1.4027792 1.4027792 1.4027792 1.4027792 1.4027792 1.4027792 1.4027792 1.4027792 1.4027792 1.4027792 1.4027792 1.4027797 1.4027797 1.4027797 1.4027797 1.4027797 1.4027797 1.4027797 1.4027797 1.4027797 1.4027797 2.0182977 1.8019569 1.4140195
