Export/ASCII/RMeteo_SP_inch/impervious0/net_infiltration_2015_SP4_inch.asc
ncols         660
nrows         338
xllcorner     1476100.0
yllcorner     5017100.0
cellsize      100
NODATA_value  -9.9000000089461e-20
[rows 260 to 285 of 338, columns 531 to 589 of 660]
1.5196991 1.5196991 1.1831667 1.1831665 1.183166 1.183166 1.183166 1.1831658 0.05344391 0.05344391 0.05344391 0.05344391 0.05344391 0.32819605 0.0 0.0 0.0 0.0 0.0 0.0 0.0 0.0 0.0 0.0 0.0 0.0 0.058877945 0.058877945 0.058877945 0.058877945 0.058877945 0.058877945 0.97372127 0.0 0.0 0.0 0.0 0.0 0.0 0.0 0.0 0.0 0.0 0.058877468 0.058877468 0.058877468 0.058877468 0.058877468 0.058877468 0.058877468 0.058877468 0.058877468 0.058877468 0.058877468 0.058877468 0.058877468 1.128195 1.128195 1.1281948
1.1831443 1.5196824 1.1831439 1.1831439 1.1831439 1.1831436 1.1831436 1.1831434 0.05343914 0.05343914 0.05343914 0.05343914 0.05343914 0.32817316 0.0 0.0 0.0 0.0 0.0 0.0 0.0 0.0 0.0 0.0 0.0 0.0 0.05887556 0.05887556 0.05887556 0.05887556 0.05887556 0.05887556 0.37202382 0.37202382 0.0 0.0 0.0 0.0 0.0 0.0 0.0 0.0 0.0 0.0 0.0 0.05887556 0.05887556 0.05887556 0.058875084 0.058875084 0.058875084 0.058875084 0.058875084 0.058875084 0.058875084 0.058875084 1.1281817 1.1281817 1.1281817
1.5196674 1.5196674 1.1831226 1.1831224 1.1831224 1.1831222 1.1831222 0.053433895 0.053433895 0.0 0.053433895 0.053433895 0.053433895 0.3281486 0.3281486 0.0 0.0 0.0 0.0 0.0 0.0 0.0 0.0 0.0 0.0 0.0 0.058873177 0.058873177 0.058873177 0.058873177 0.058873177 0.058873177 0.3720138 0.3720138 0.0 0.0 0.0 0.0 0.0 0.0 0.0 0.0 0.0 0.0 0.0 0.0588727 0.0588727 0.0588727 0.0588727 0.0588727 0.0588727 0.0588727 0.0588727 0.0588727 0.0588727 1.1281683 1.1281683 1.1281683 1.1281683
1.5196517 1.5196517 1.1831012 1.1831012 1.1831007 1.1831007 1.1831005 0.053429127 0.0 0.0 0.053429127 0.053429127 0.053429127 0.32812524 0.053429127 0.0 0.0 0.0 0.0 0.0 0.0 0.0 0.0 0.0 0.0 0.058870316 0.058870316 0.058870316 0.058870316 0.058870316 0.058870316 0.058870316 0.37200475 0.37200475 0.058870316 0.0 0.05886984 0.0 0.0 0.0 0.0 0.0 0.0 0.0 0.05886984 0.05886984 0.05886984 0.0 0.0 0.0 0.05886984 0.05886984 0.05886984 0.05886984 0.05886984 1.128155 1.5116866 0.0 1.128155
1.5196347 1.1830783 1.1830783 1.183078 1.183078 1.1830778 1.1830776 1.1830776 0.0 0.0 0.05342436 0.05342436 0.05342436 0.3281014 0.05342436 0.24 0.24 0.0 0.0 0.0 0.0 0.0 0.0 0.0 0.05886841 0.05886841 0.05886841 0.05886841 0.05886841 0.05886841 0.05886841 0.05886841 0.05886841 0.9736178 0.24 0.0 0.05886841 0.0 0.0 0.0 0.0 0.0 0.0 0.0 0.05886841 0.05886841 0.05886841 0.0 0.0 0.0 0.05886793 0.05886793 0.05886793 0.05886793 0.05886793 1.1281419 1.5116684 0.0 0.0
1.5196187 1.1830568 1.1830568 1.1830566 1.1830564 1.1830564 1.1830564 1.1830561 1.1830561 0.053419113 0.053419113 0.053419113 0.32807827 0.0 0.0 0.0 0.0 0.053419113 0.053419113 0.053419113 0.053419113 0.0 0.0 0.0 0.0 0.058866024 0.058866024 0.058866024 0.058866024 0.058866024 0.058866024 0.058866024 0.058866024 0.9735911 0.24 0.0 0.0 0.0 0.0 0.0 0.0 0.0 0.0 0.0 0.058865547 0.058865547 0.058865547 0.058865547 0.058865547 0.24 0.058865547 0.058865547 0.058865547 0.058865547 0.058865547 0.058865547 1.1281285 1.1281283 1.1281283
1.1830351 1.1830351 1.1830351 1.1830351 1.1830349 1.1830349 1.1830349 1.1830347 1.1830344 0.053414345 0.053414345 0.053414345 0.053414345 0.0 0.0 0.0 0.0 0.053414345 0.053414345 0.053414345 0.053414345 0.0 0.0 0.0 0.0 0.05886364 0.05886364 0.05886364 0.05886364 0.05886364 0.05886364 0.05886364 0.05886364 0.9735658 0.05886364 0.05886364 0.05886364 0.05886364 0.05886364 0.0 0.0 0.0 0.0 0.0 0.05886364 0.05886364 0.05886364 0.05886364 0.05886364 0.24 0.24 0.05886364 0.05886364 0.0 0.0 0.05886364 0.05886364 0.05886364 1.1281149
1.1830132 1.1830132 1.1830134 1.183013 1.183013 1.1830127 1.1830127 0.1207279 1.183012 1.183012 0.32803082 0.053409576 0.053409576 0.0 0.0 0.0 0.0 0.0534091 0.0534091 0.0534091 0.0534091 0.058861256 0.0 0.058861256 0.058861256 0.058861256 0.058861256 0.058861256 0.058861256 0.058861256 0.058861256 0.058861256 0.058861256 0.37196517 0.058861256 0.058861256 0.058861256 0.058861256 0.058861256 0.0 0.0 0.0 0.0 0.0 0.0 0.0 0.0 0.0 0.058861256 0.24 0.24 0.0 0.0 0.0 0.0 0.058861256 0.37196374 0.37196374 1.1281016
1.1829915 1.1829915 0.0069873706 0.006987323 1.182991 0.093517914 0.12070829 0.12070823 1.1829906 0.32800722 0.05340433 0.05340433 0.05340433 0.0 0.0 0.0 0.0 0.0 0.0 0.0 0.05340433 0.05885887 0.05885887 0.05885887 0.05885887 0.05885887 0.05885887 0.05885887 0.05885887 0.05885887 0.05885887 0.05885887 0.05885887 0.37195516 0.05885887 0.05885887 0.05885887 0.05885887 0.05885887 0.05885887 0.0 0.0 0.0 0.0 0.0 0.0 0.0 0.0 0.05885887 0.0 0.0 0.0 0.0 0.0 0.0 0.3719542 0.3719542 0.3719542 1.1280887
1.1829696 1.1829696 1.1829696 0.0069830073 0.0069830073 1.1829693 0.12068874 0.12068862 0.3279841 0.053399563 0.053399563 0.053399563 0.053399563 0.053399563 0.053399563 0.0 0.0 0.0 0.0 0.0 0.053399563 0.058856487 0.0 0.0 0.058856487 0.058856487 0.058856487 0.058856487 0.058856487 0.058856487 0.058856487 0.058856487 0.058856487 0.0 0.058856487 0.058856487 0.24 0.058856487 0.058856487 0.058856487 0.05885601 0.05885601 0.05885601 0.05885601 0.05885601 0.0 0.0 0.0 0.05885601 0.0 0.0 0.0 0.0 0.0 0.0 0.9734838 0.9734838 0.3719442 1.1280751
1.1829481 1.1829479 1.1829479 0.0 1.1829479 1.1829476 1.1829476 0.0 0.0 0.053394318 0.053394318 0.053394318 0.053394318 0.053394318 0.053394318 0.32795954 0.32795954 0.0 0.0 0.0 0.05339384 0.058854103 0.0 0.0 0.058854103 0.058854103 0.058854103 0.058854103 0.058854103 0.058854103 0.058854103 0.058854103 0.0 0.0 0.0 0.24 0.24 0.058854103 0.058854103 0.058854103 0.058854103 0.058854103 0.058854103 0.0 0.0 0.0 0.0 0.0 0.058854103 0.058854103 0.973459 0.0 0.0 0.0 0.0 0.973459 0.97345877 0.058854103 0.058854103
1.1829255 1.1829255 1.1829255 1.1829255 0.3279376 0.3279376 0.32793713 0.0 0.0 0.053390026 0.053390026 0.053390026 0.05338955 0.05338955 0.32793617 0.32793593 1.0467188 1.0467188 0.0 0.0 0.05338955 0.05885172 0.05885172 0.05885172 0.05885172 0.05885172 0.0 0.0 0.05885172 0.05885172 0.05885172 0.05885172 0.37192607 0.37192607 0.05885172 0.05885172 0.24 0.05885172 0.05885172 0.05885172 0.0 0.0 0.0 0.0 0.0 0.05885172 0.05885172 0.05885172 0.05885172 0.37192512 0.37192512 0.0 0.058851242 0.058851242 0.973433 0.9734328 0.37192512 0.058851242 0.058851242
0.05338478 0.05338478 0.05338478 1.182904 0.32791352 0.32791328 0.3279128 0.05338478 0.05338478 0.05338478 0.05338478 0.05338478 0.05338478 0.32791233 0.32791233 0.32791233 0.32791233 0.32791233 0.32791233 0.32791233 0.053384304 0.05885029 0.05885029 0.05885029 0.05885029 0.0 0.0 0.0 0.05884981 0.05884981 0.05884981 0.05884981 0.37191606 0.37191606 0.05884981 0.05884981 0.05884981 0.0 0.0 0.0 0.0 0.0 0.0 0.05884981 0.05884981 0.05884981 0.37191558 0.37191558 0.37191558 0.37191558 0.3719151 0.3719151 0.05884981 0.05884981 0.3719151 0.3719151 0.3719151 0.058849335 0.058849335
0.05338049 0.05338049 0.053380013 0.053380013 0.32788944 0.32788944 0.32788944 0.053380013 0.053380013 0.053380013 0.053380013 0.053380013 0.053380013 0.3278892 0.3278892 0.32788897 0.053380013 0.053380013 0.32788777 0.32788777 0.053379536 0.058847427 0.058847427 0.058847427 0.058847427 0.0 0.0 0.0 0.0 0.058847427 0.058847427 0.058847427 0.058847427 0.37190652 0.05884695 0.0 0.0 0.0 0.0 0.0 0.05884695 0.05884695 0.05884695 0.05884695 0.05884695 0.37190557 0.37190557 0.37190557 0.37190557 0.37190557 0.37190557 0.37190557 0.05884695 0.05884695 0.3719051 0.3719051 0.3719051 0.05884695 0.05884695
0.2222395 0.053375244 0.053374767 0.053374767 0.053374767 0.32786632 0.32786608 0.053374767 0.053374767 0.053374767 0.053374767 0.053374767 0.053374767 0.3278649 0.3278649 0.053374767 0.053374767 0.053374767 0.3278644 1.0466332 0.24 0.24 0.24 0.058844566 0.058844566 0.058844566 0.058844566 0.0 0.0 0.058844566 0.058844566 0.058844566 0.058844566 0.37189698 0.058844566 0.0 0.0 0.058844566 0.058844566 0.058844566 0.058844566 0.058844566 0.058844566 0.058844566 0.3718965 0.37189603 0.37189603 0.37189603 0.37189603 0.37189603 0.37189555 0.37189555 0.058844566 0.058844566 0.058844566 0.37189555 0.37189555 0.37189507 0.37189507
0.22221375 0.05337 0.05337 0.05337 0.05337 0.327842 0.32784176 0.32784176 0.053369522 0.053369522 0.053369522 0.053369522 0.32784176 0.32784128 0.32784128 0.053369522 0.053369522 0.053369522 0.3278408 1.0466051 0.22221136 0.18572378 0.24 0.05884266 0.05884266 0.05884266 0.05884266 0.05884266 0.0 0.0 0.0 0.0 0.24 0.3718865 0.058842182 0.058842182 0.058842182 0.058842182 0.058842182 0.058842182 0.058842182 0.058842182 0.058842182 0.058842182 0.37188601 0.37188601 0.37188601 0.37188554 0.37188554 0.37188554 0.37188601 0.058842182 0.058842182 0.058842182 0.058842182 0.058842182 0.37188554 0.37188554 0.37188554
0.053364754 0.22218657 0.053364754 0.053364754 0.053364754 0.32781863 0.3278184 0.3278184 0.3278184 0.053364754 0.053364754 0.053364277 0.32781792 0.32781792 0.053364277 0.053364277 0.053364277 0.053364277 0.32781696 0.0 0.0 0.24 0.24 0.05884075 0.05884075 0.05884075 0.05884075 0.05884075 0.05884075 0.0 0.0 0.0 0.24 0.37187696 0.05884075 0.05884075 0.058840275 0.058840275 0.05884075 0.058840275 0.24 0.058840275 0.058840275 0.058840275 0.371876 0.371876 0.371876 0.371876 0.371876 0.371876 0.371876 0.058840275 0.058840275 0.058840275 0.058840275 0.058840275 0.37187552 0.37187552 0.37187552
0.053359985 0.22215939 0.22215939 0.05335951 0.05335951 0.05335951 0.32779455 0.3277943 0.3277943 0.3277943 0.3277943 0.3277936 0.3277936 0.3277936 0.3277936 0.3277936 0.3277936 0.0 0.0 0.0 0.0 0.058838367 0.058838367 0.0 0.0 0.058838367 0.058838367 0.0 0.0 0.0 0.0 0.0 0.05883789 0.37186742 0.05883789 0.05883789 0.05883789 0.05883789 0.05883789 0.05883789 0.24 0.05883789 0.05883789 0.05883789 0.05883789 0.37186646 0.37186646 0.37186646 0.37186646 0.37186646 0.37186646 0.37186646 0.05883789 0.0 0.05883789 0.05883789 0.24 0.371866 0.371866
0.053355217 0.05335474 0.05335474 0.05335474 0.05335474 0.05335474 0.05335474 0.3277707 0.3277707 0.3277707 0.3277707 0.32777023 0.32777023 0.32777023 0.32777023 0.32777023 0.32776976 0.05335474 0.0 0.0 0.0 0.058835983 0.0 0.0 0.0 0.058835983 0.058835983 0.0 0.0 0.0 0.0 0.0 0.37185693 0.0 0.0 0.058835983 0.058835983 0.058835983 0.058835983 0.24 0.24 0.058835983 0.058835983 0.058835983 0.058835983 0.058835983 0.37185645 0.37185645 0.37185645 0.37185645 0.37185645 0.0 0.0 0.0 0.058835506 0.058835506 0.24 0.37185597 0.37185597
0.22210503 0.05334997 0.05334997 0.05334997 0.05334997 0.05334997 0.05334997 0.32774758 0.3277471 0.3277471 0.32774687 0.32774687 0.3277464 0.3277464 0.32774615 0.053349495 0.053349495 0.053349495 0.053349495 0.24 0.053349495 0.0588336 0.0 0.37184787 0.0588336 0.0588336 0.0588336 0.0588336 0.0 0.0 0.0 0.0 0.0 0.0 0.0 0.0 0.0 0.0 0.0 0.0 0.0 0.058833122 0.058833122 0.058833122 0.058833122 0.058833122 0.058833122 0.3718469 0.3718469 0.3718469 0.3718469 0.37184644 0.0 0.0 0.0 0.0 0.0 0.9732244 0.37184644
0.22207832 0.053345203 0.053345203 0.053345203 0.053345203 0.053345203 0.053345203 0.3277235 0.3277235 0.3277235 0.3277235 0.053345203 0.053344727 0.053344727 0.053344727 0.053344727 0.053344727 0.053344727 0.053344727 0.053344727 0.053344727 0.3718388 0.37183833 0.37183833 0.37183833 0.37183785 0.058831215 0.058830738 0.0 0.0 0.0 0.0 0.0 0.0 0.0 0.0 0.0 0.0 0.0 0.0 0.0 0.37183785 0.058830738 0.058830738 0.058830738 0.058830738 0.058830738 0.37183738 0.37183738 0.3718369 0.3718369 0.3718369 0.3718369 0.9731989 0.0 0.0 0.0 0.9731989 0.3718369
0.05333996 0.05333996 0.05333996 0.0 0.05333996 0.0 0.0 0.32770014 0.32770014 0.05333996 0.05333996 0.05333996 0.05333996 0.05333948 0.05333948 0.05333948 0.05333948 0.05333948 0.05333948 0.05333948 0.32769847 0.37182832 0.37182832 0.37182832 0.37182832 0.37182832 0.37182832 0.37182784 0.058828354 0.0 0.0 0.0 0.0 0.0 0.0 0.0 0.0 0.0 0.0 0.0 0.0 0.37182736 0.058828354 0.058828354 0.058828354 0.058828354 0.058828354 0.058828354 0.3718269 0.3718269 0.3718269 0.3718269 0.9731734 0.9731734 0.0 0.0 0.0 0.3718264 0.0
0.0 0.0 0.0 0.0 0.05333519 0.0 0.0 0.0 0.32767653 0.05333519 0.05333519 0.05333519 0.05333519 0.05333519 0.05333519 0.053334713 0.053334713 0.053334713 0.053334713 0.32767534 0.3276751 0.37181878 0.37181878 0.37181878 0.37181878 0.37181878 0.37181878 0.37181878 0.058826447 0.058826447 0.0 0.05882597 0.3718183 0.97315 0.0 0.0 0.0 0.0 0.0 0.37181783 0.37181783 0.37181735 0.37181735 0.05882597 0.05882597 0.05882597 0.05882597 0.05882597 0.05882597 0.37181735 0.37181735 0.37181735 0.9731469 0.9731469 0.0 0.0 0.37181687 0.37181687 0.37181687
0.0 0.0 0.0 0.0 0.0533309 0.0 0.0 0.0 0.32765293 0.05333042 0.05333042 0.05333042 0.05333042 0.05333042 0.32765222 0.32765222 0.32765222 0.32765174 0.32765174 0.3276515 0.32765126 0.37180924 0.37180924 0.37180924 0.37180924 0.37180924 0.37180924 0.37180924 0.37180924 0.058824062 0.0 0.058824062 0.0 0.37180877 0.37180877 0.0 0.3718083 0.3718083 0.3718083 0.3718083 0.3718083 0.3718078 0.3718078 0.058824062 0.058824062 0.058824062 0.058824062 0.058824062 0.058824062 0.058824062 0.3718078 0.3718078 0.3718078 0.3718078 0.37180734 0.0 0.37180734 0.37180734 0.37180734
0.0 0.0 0.0 0.0 0.053325653 0.053325653 0.053325653 0.32762957 0.32762933 0.32762885 0.32762885 0.32762885 0.32762885 0.32762885 0.32762885 0.32762814 0.32762814 0.32762814 0.32762814 0.3276279 0.3276279 0.37179923 0.37179923 0.37179923 0.37179923 0.37179923 0.37179875 0.37179875 0.37179875 0.37179875 0.05882168 0.0 0.0 0.37179828 0.37179828 0.37179828 0.37179828 0.37179828 0.37179828 0.37179828 0.37179828 0.37179828 0.3717978 0.3717978 0.0588212 0.0588212 0.0588212 0.0588212 0.0588212 0.0588212 0.0588212 0.0588212 0.37179732 0.37179732 0.37179732 0.37179732 0.37179732 0.37179732 0.37179685
0.0 0.0 0.0 0.0 0.0 0.3276062 0.3276062 0.3276062 0.32760596 0.3276055 0.3276055 0.3276055 0.32760525 0.32760525 0.32760477 0.327605 0.32760453 0.32760453 0.3276043 0.32760382 0.32760382 0.37178922 0.37178922 0.37178922 0.37178922 0.37178922 0.37178922 0.37178922 0.37178922 0.37178922 0.37178922 0.0 0.0 0.37178874 0.37178874 0.37178874 0.37178874 0.37178874 0.37178874 0.37178874 0.37178874 0.37178874 0.37178874 0.37178874 0.058819294 0.058819294 0.058819294 0.058819294 0.058819294 0.058819294 0.058819294 0.058819294 0.058818817 0.058818817 0.058818817 0.3717878 0.9730685 0.9730685 0.9730685
