Export/ASCII/RMeteo_SP_inch/impervious0/net_infiltration_2018_SP2_inch.asc
ncols         660
nrows         338
xllcorner     1476100.0
yllcorner     5017100.0
cellsize      100
NODATA_value  -9.9000000089461e-20
[rows 312 to 337 of 338, columns 59 to 117 of 660]
2.4477525 2.4477525 2.4477525 2.4477525 2.4477525 2.4477525 2.4477525 2.447753 2.447753 2.447753 2.447753 2.447753 2.447753 2.447753 2.447753 2.447753 2.447753 2.447753 2.447753 2.447753 2.447753 2.447753 2.4477534 2.2784576 2.291625 2.291625 2.291625 2.2916255 2.2916255 2.2916255 2.2916255 2.2916255 2.2916255 2.2916255 2.2916255 2.2916255 2.2916255 2.2916255 2.2916255 2.2916255 2.2916255 2.2916255 2.2916255 2.2916255 2.2916255 2.2916255 2.2916255 2.2916255 2.2916255 2.2916255 2.2916255 2.2916255 2.291626 2.291626 2.291626 2.291626 2.291627 2.291627 2.291627
2.44773 2.44773 2.44773 2.44773 2.4477305 2.4477305 2.4477305 2.4477305 2.4477305 2.4477305 2.4477305 2.4477305 2.4477305 2.4477305 2.4477305 2.4477305 2.4477305 2.4477305 2.4477305 2.4477305 2.4477315 2.4477315 2.447732 2.2784314 2.2915988 2.2915988 2.2915988 2.2915988 2.2915988 2.2915988 2.2915988 2.2915988 2.2915988 2.2915988 2.2915988 2.2915988 2.2915988 2.2915988 2.2915988 2.2915988 2.2915993 2.2915993 2.2915998 2.2915998 2.2915998 2.2915998 2.2915998 2.2915998 2.2916007 2.2916007 2.2916007 2.2916007 2.2916007 2.2916007 2.2916007 2.2916007 2.2916007 2.2916007 2.2916007
2.4477067 2.4477067 2.4477067 2.4477081 2.4477081 2.4477081 2.4477081 2.4477081 2.4477081 2.4477081 2.4477081 2.4477081 2.4477081 2.4477081 2.4477081 2.4477081 2.4477081 2.4477081 2.4477081 2.4477081 2.4477081 2.4477081 2.4477081 2.2784057 2.2915735 2.0524964 2.0524964 2.2915735 2.0524964 2.2915735 2.2915735 2.0524964 2.0524964 2.2915735 2.291574 2.052497 2.291574 2.291574 2.2915745 2.0524974 2.0524974 2.2915745 2.2915745 2.0524974 2.2915745 2.291574 2.291574 2.291575 2.291575 2.0524979 2.291575 2.291575 2.0524983 2.2915754 2.2915754 2.2915754 2.0524983 2.2915754 2.2915754
2.4476852 2.4476852 2.4476852 2.4476852 2.4476852 2.4476852 2.2276378 2.4476852 2.4476852 2.4476852 2.4476857 2.4476857 2.4476857 2.2276382 2.4476857 2.4476857 2.4476857 2.2276382 2.4476857 2.4476857 2.2276382 2.4476857 2.2276382 2.0524702 2.0524702 2.2915463 2.2915463 2.2915463 2.2915463 2.2915463 2.2915463 2.2915463 2.2915463 2.2915463 2.2915463 2.2915463 2.2915463 2.2915463 2.2915463 2.2915463 2.2915473 2.2915473 2.2915473 2.2915473 2.2915473 2.2915473 2.2915473 2.2915473 2.2915473 2.2915478 2.2915478 2.2915478 2.2915478 2.2915478 2.2915478 2.2915478 2.2915478 2.2915478 2.2915478
2.4476624 2.4476624 2.4476624 2.4476624 2.2276158 2.4476624 2.4476628 2.4476628 2.4476633 2.4476633 2.4476633 2.4476633 2.4476633 2.4476633 2.4476633 2.4476633 2.4476633 2.4476633 2.4476638 2.4476638 2.4476638 2.4476638 2.2276168 2.2783523 2.2915196 2.29152 2.29152 2.29152 2.29152 2.29152 2.2915206 2.2915206 2.2915206 2.2915206 2.2915206 2.2915206 2.2915206 2.2915206 2.2915206 2.2915206 2.2915206 2.2915206 2.2915206 2.2915215 2.2915215 2.2915215 2.2915215 2.2915215 2.2915215 2.2915215 2.2915215 2.2915215 2.2915215 2.291522 2.291522 2.291522 2.291522 2.291522 2.0524464
2.44764 2.44764 2.44764 2.44764 2.227594 2.44764 2.227594 2.227594 2.44764 2.227594 2.227594 2.44764 2.227594 2.44764 2.44764 2.2275944 2.4476404 2.2275953 2.4476414 2.2275953 2.2275953 2.4476414 2.4476414 2.0524192 2.291494 2.0524192 2.291494 2.0524192 2.291494 2.0524192 2.291494 2.0524192 2.2914948 2.0524201 2.2914948 2.0524201 2.2914948 2.0524201 2.2914948 2.2914948 2.0524201 2.2914948 2.2914948 2.0524201 2.2914948 2.2914948 2.0524201 2.2914948 2.2914948 2.2914948 2.0524201 2.2914948 2.2914948 2.0524201 2.2914948 2.2914953 2.0524206 2.2914953 2.0524206
2.4476175 2.4476175 2.4476175 2.4476175 2.447618 2.447618 2.447618 2.447618 2.447618 2.447618 2.447618 2.447618 2.447618 2.447618 2.447618 2.447618 2.447618 2.4476185 2.4476185 2.4476185 2.4476185 2.4476185 2.4476185 2.2783003 2.2914686 2.2914686 2.2914686 2.291469 2.291469 2.291469 2.291469 2.291469 2.291469 2.291469 2.29147 2.29147 2.29147 2.29147 2.29147 2.29147 2.29147 2.29147 2.29147 2.29147 2.29147 2.29147 2.29147 2.29147 2.29147 2.29147 2.29147 2.29147 2.29147 2.29147 2.29147 2.29147 2.29147 2.29147 2.29147
2.4475951 2.4475951 2.4475951 2.4475951 2.4475951 2.4475951 2.4475951 2.4475951 2.4475951 2.4475956 2.4475956 2.4475956 2.4475965 2.4475965 2.4475965 2.4475965 2.4475965 2.4475965 2.4475965 2.4475965 2.4475965 2.4475965 2.4475965 2.278274 2.291442 2.291442 2.291442 2.291442 2.291442 2.291442 2.2914424 2.2914424 2.2914424 2.2914424 2.2914424 2.2914424 2.2914424 2.2914424 2.2914424 2.2914424 2.2914424 2.2914424 2.2914424 2.2914424 2.2914424 2.2914424 2.2914424 2.2914424 2.2914424 2.2914429 2.2914429 2.2914429 2.2914429 2.2914429 2.2914429 2.2914429 2.2914429 2.2914429 2.2914429
2.4475737 2.4475737 2.447575 2.447575 2.447575 2.447575 2.447575 2.227531 2.227531 2.447575 2.2275314 2.4475756 2.2275314 2.4475756 2.2275314 2.4475756 2.2275314 2.4475756 2.4475756 2.4475756 2.2275314 2.4475756 2.2275314 2.278246 2.2914133 2.052342 2.2914157 2.2914157 2.2914157 2.2914157 2.2914157 2.052343 2.2914162 2.2914162 2.0523434 2.2914166 2.2914166 2.2914166 2.0523434 2.2914166 2.2914166 2.0523434 2.2914166 2.2914166 2.2914166 2.2914166 2.2914166 2.2914166 2.2914166 2.2914166 2.2914166 2.2914171 2.0523438 2.2914171 2.2914171 2.2914171 2.0523438 2.2914171 2.2914171
2.4475513 2.4475513 2.4475513 2.4475513 2.4475513 2.4475513 2.4475513 2.4475513 2.4475513 2.4475513 2.4475513 2.4475513 2.4475513 2.4475513 2.2275076 2.4475513 2.4475513 2.4475513 2.4475513 2.4475513 2.2275076 2.4475513 2.4475513 2.2782207 2.0523157 2.0523157 2.0523157 2.291388 2.0523157 2.291388 2.0523157 2.0523157 2.291388 2.0523157 2.291388 2.291388 2.291388 2.291388 2.291388 2.291388 2.291388 2.291388 2.291388 2.291388 2.291388 2.291388 2.291388 2.291388 2.291388 2.291389 2.291389 2.2913895 2.2913895 2.2913895 2.2913895 2.2913895 2.2913895 2.2913895 2.2913895
2.4475293 2.4475293 2.4475293 2.4475293 2.4475293 2.4475293 2.4475293 2.4475293 2.4475293 2.4475293 2.4475293 2.4475293 2.4475293 2.4475293 2.4475293 2.4475303 2.4475303 2.4475303 2.4475303 2.4475303 2.4475303 2.4475303 2.4475303 2.2781959 2.0522919 2.2913637 2.2913637 2.2913637 2.2913637 2.2913637 2.2913637 2.2913637 2.2913637 2.2913637 2.2913637 2.2913637 2.2913637 2.2913637 2.2913637 2.2913637 2.2913637 2.2913637 2.2913637 2.2913637 2.2913637 2.2913642 2.2913642 2.2913642 2.2913642 2.2913642 2.2913642 2.2913647 2.2913647 2.2913647 2.2913647 2.2913647 2.2913647 2.2913647 2.2913647
2.4475055 2.2274628 2.4475064 2.2274637 2.447507 2.447507 2.447507 2.2274642 2.4475074 2.4475074 2.4475074 2.2274647 2.4475074 2.4475074 2.4475074 2.2274647 2.4475074 2.4475074 2.2274647 2.4475074 2.4475074 2.2274647 2.2274647 2.2781687 2.0522652 2.0522652 2.2913365 2.0522652 2.291337 2.0522656 2.291337 2.0522656 2.291337 2.0522656 2.291337 2.0522656 2.291337 2.0522656 2.291337 2.0522656 2.291337 2.291337 2.291337 2.291337 2.291337 2.291337 2.0522656 2.2913375 2.2913375 2.2913375 2.2913375 2.291338 2.291338 2.291338 2.291338 2.291338 2.291338 2.291339 2.0522676
2.4474826 2.4474826 2.4474826 2.4474826 2.4474826 2.4474826 2.4474826 2.4474826 2.4474826 2.4474826 2.4474826 2.4474826 2.4474826 2.4474826 2.4474826 2.4474826 2.4474826 2.4474826 2.4474826 2.4474826 2.4474826 2.4474835 2.4474835 2.2781415 2.2913094 2.2913094 2.2913094 2.2913094 2.2913098 2.2913098 2.2913098 2.2913098 2.2913098 2.2913098 2.2913098 2.2913098 2.2913098 2.2913098 2.2913098 2.2913098 2.2913098 2.2913098 2.2913098 2.2913098 2.2913098 2.2913098 2.2913098 2.2913098 2.2913098 2.2913098 2.2913098 2.2913098 2.2913103 2.2913103 2.2913103 2.2913108 2.2913108 2.2913113 2.2913113
2.4474611 2.4474616 2.4474616 2.4474616 2.4474616 2.4474616 2.4474616 2.4474616 2.4474616 2.4474616 2.4474616 2.4474616 2.4474616 2.4474616 2.447462 2.447462 2.447462 2.447462 2.447462 2.447462 2.447462 2.447462 2.447462 2.2781153 2.2912827 2.2912827 2.2912827 2.2912827 2.2912827 2.2912827 2.2912827 2.2912827 2.2912827 2.2912827 2.2912827 2.2912827 2.2912827 2.2912827 2.2912827 2.2912831 2.2912831 2.2912831 2.2912831 2.2912831 2.2912831 2.2912836 2.2912836 2.291284 2.291284 2.291284 2.291284 2.291284 2.291284 2.291284 2.291284 2.291284 2.291284 2.291284 2.291284
2.4474387 2.4474387 2.4474387 2.4474387 2.4474387 2.4474387 2.4474387 2.4474387 2.4474387 2.4474387 2.4474387 2.4474387 2.4474387 2.4474392 2.4474392 2.2273984 2.4474392 2.4474392 2.4474392 2.4474392 2.4474392 2.4474392 2.4474392 2.27809 2.2912579 2.2912579 2.2912579 2.2912579 2.2912579 2.2912579 2.2912579 2.2912579 2.2912579 2.2912583 2.2912583 2.2912583 2.2912583 2.2912583 2.2912583 2.2912583 2.2912583 2.2912583 2.2912583 2.2912583 2.2912583 2.2912583 2.2912583 2.2912583 2.2912583 2.2912583 2.2912583 2.2912583 2.2912583 2.2912583 2.2912583 2.2912583 2.2912583 2.2912588 2.2912588
2.4474173 2.4474173 2.4474173 2.4474177 2.4474177 2.4474177 2.4474177 2.4474177 2.4474187 2.4474187 2.4474187 2.4474187 2.4474187 2.4474177 2.2273774 2.4474177 2.4474177 2.4474177 2.4474177 2.4474187 2.4474187 2.4474187 2.4474187 2.2780628 2.2912312 2.2912312 2.2912316 2.2912316 2.2912316 2.2912316 2.2912316 2.2912316 2.2912316 2.291232 2.291232 2.2912326 2.2912326 2.2912326 2.2912326 2.2912326 2.2912326 2.2912326 2.2912326 2.2912326 2.2912326 2.2912326 2.2912326 2.2912326 2.2912326 2.2912326 2.2912326 2.2912326 2.2912326 2.2912326 2.2912326 2.291234 2.291234 2.291234 2.291234
2.4473944 2.4473944 2.4473948 2.4473953 2.227356 2.4473953 2.227356 2.227356 2.4473953 2.227356 2.227356 2.4473953 2.227356 2.227356 2.4473953 2.227356 2.227356 2.4473953 2.4473953 2.227356 2.4473953 2.227357 2.4473963 2.0521355 2.2912035 2.0521355 2.2912035 2.2912035 2.0521355 2.0521355 2.2912035 2.2912035 2.2912035 2.0521355 2.2912035 2.0521355 2.2912035 2.2912035 2.0521355 2.291205 2.291206 2.291206 2.291206 2.291206 2.291206 2.291206 2.291206 2.0521379 2.291206 2.291206 2.291206 2.291206 2.291206 2.291206 2.291206 2.291206 2.291206 2.291206 2.291206
2.4473705 2.4473705 2.4473715 2.4473715 2.4473715 2.4473715 2.447372 2.447372 2.447372 2.447372 2.447372 2.447372 2.447372 2.447372 2.447372 2.447372 2.4473724 2.4473724 2.4473724 2.4473724 2.4473724 2.4473724 2.4473724 2.2780113 2.2911787 2.2911787 2.2911787 2.2911787 2.2911787 2.2911792 2.2911792 2.2911792 2.2911792 2.2911797 2.2911797 2.2911797 2.2911797 2.2911797 2.2911797 2.2911797 2.2911797 2.2911797 2.2911797 2.2911797 2.2911801 2.2911801 2.2911801 2.2911801 2.2911801 2.2911801 2.2911801 2.2911801 2.2911801 2.2911801 2.2911801 2.2911801 2.2911801 2.2911801 2.2911801
2.44735 2.2273116 2.44735 2.44735 2.44735 2.2273116 2.44735 2.44735 2.4473505 2.4473505 2.4473505 2.447351 2.447351 2.4473515 2.4473515 2.4473515 2.4473515 2.4473515 2.4473515 2.4473515 2.4473515 2.227313 2.4473515 2.2779837 2.2911515 2.2911515 2.2911515 2.2911515 2.2911515 2.2911515 2.2911515 2.2911515 2.2911515 2.2911515 2.2911515 2.291152 2.291152 2.291152 2.291152 2.291152 2.2911525 2.2911525 2.2911525 2.2911525 2.291153 2.291153 2.291153 2.291153 2.291153 2.291153 2.291153 2.291153 2.291153 2.291153 2.291153 2.291153 2.291153 2.291153 2.291153
2.4473271 2.4473271 2.4473271 2.4473271 2.4473271 2.4473276 2.4473276 2.4473276 2.4473276 2.4473276 2.4473276 2.4473276 2.447328 2.447328 2.447328 2.447328 2.447328 2.447328 2.447328 2.447328 2.447328 2.447328 2.4473286 2.2779593 2.2911277 2.2911277 2.2911282 2.2911282 2.2911282 2.2911282 2.2911282 2.2911282 2.2911282 2.2911282 2.2911282 2.2911282 2.2911282 2.2911282 2.2911282 2.0520616 2.2911282 2.2911282 2.2911282 2.2911282 2.2911282 2.2911282 2.2911282 2.2911282 2.2911282 2.2911282 2.2911282 2.2911282 2.2911282 2.2911282 2.2911282 2.2911282 2.2911282 2.2911282 2.2911282
2.4473047 2.4473047 2.4473057 2.4473057 2.4473057 2.4473062 2.4473062 2.4473062 2.4473062 2.4473062 2.4473062 2.4473062 2.4473062 2.4473062 2.4473062 2.4473062 2.4473062 2.4473066 2.4473066 2.4473066 2.4473066 2.4473066 2.4473066 2.2779303 2.291098 2.291098 2.291098 2.0520325 2.291098 2.291099 2.291099 2.291099 2.291099 2.291099 2.291099 2.2910995 2.2910995 2.2910995 2.2910995 2.2910995 2.2911005 2.2911005 2.2911005 2.2911005 2.2911005 2.2911005 2.2911005 2.2911005 2.291101 2.291101 2.291101 2.291101 2.291101 2.291101 2.291101 2.291101 2.291102 2.291102 2.291102
2.4472833 2.4472833 2.2272468 2.4472833 2.2272468 2.2272472 2.4472837 2.2272472 2.2272472 2.4472837 2.4472837 2.2272472 2.2272472 2.4472837 2.4472837 2.2272472 2.2272472 2.4472837 2.2272472 2.2272472 2.2272472 2.2272472 2.4472842 2.0520067 2.2910724 2.2910724 2.0520082 2.2910733 2.2910733 2.0520082 2.2910733 2.2910733 2.0520082 2.2910733 2.0520082 2.2910733 2.2910733 2.0520082 2.2910733 2.0520082 2.0520082 2.2910733 2.0520086 2.2910738 2.2910738 2.0520086 2.2910738 2.0520086 2.0520086 2.2910738 2.2910738 2.2910738 2.2910738 2.2910738 2.2910743 2.2910743 2.2910743 2.2910743 2.2910757
2.4472594 2.4472594 2.4472594 2.4472604 2.4472604 2.4472604 2.4472604 2.4472604 2.4472604 2.4472604 2.4472604 2.4472604 2.4472604 2.4472604 2.4472604 2.4472604 2.4472604 2.4472604 2.4472604 2.4472609 2.4472609 2.4472609 2.4472609 2.2778792 2.291047 2.291047 2.2910476 2.2910476 2.2910476 2.2910476 2.2910476 2.2910485 2.2910485 2.2910485 2.2910485 2.2910485 2.2910485 2.2910485 2.2910485 2.2910485 2.291049 2.291049 2.2910495 2.2910495 2.2910504 2.2910504 2.2910504 2.2910504 2.2910504 2.2910504 2.291051 2.291051 2.2910514 2.2910514 2.2910514 2.2910514 2.2910514 2.2910514 2.2910514
2.4472365 2.4472365 2.4472365 2.4472365 2.2272015 2.4472365 2.4472365 2.4472365 2.447237 2.447237 2.447237 2.4472375 2.4472375 2.4472375 2.4472375 2.4472375 2.4472375 2.4472375 2.4472375 2.4472375 2.4472375 2.4472375 2.4472375 2.2778525 2.2910209 2.2910209 2.2910209 2.2910209 2.2910209 2.2910209 2.2910209 2.2910209 2.2910209 2.2910209 2.2910209 2.2910209 2.2910209 2.2910209 2.2910209 2.2910209 2.2910209 2.2910209 2.2910209 2.2910209 2.2910209 2.2910209 2.2910209 2.2910209 2.0519567 2.0519567 2.0519567 2.0519567 2.0519567 2.0519567 2.0519567 2.0519567 2.0519567 2.0519567 2.0519567
2.4472156 2.4472156 2.4472156 2.4472165 2.4472165 2.4472165 2.4472165 2.4472165 2.4472165 2.4472165 2.227182 2.4472165 2.4472165 2.4472165 2.4472165 2.4472165 2.4472165 2.4472165 2.4472165 2.4472165 2.4472165 2.4472165 2.4472165 2.2778263 2.2909942 2.2909942 2.2909942 2.2909942 2.2909942 2.2909942 2.2909942 2.2909942 2.2909942 2.2909942 2.2909942 2.2909942 2.2909942 2.2909942 2.2909942 2.2909942 2.2909946 2.2909946 2.2909946 2.2909946 2.2909946 2.2909946 2.2909946 2.2909946 2.2909946 2.2909946 2.2909946 2.2909946 2.2909946 2.2909946 2.2909946 2.0519314 2.0519314 2.0519314 2.0519314
2.4471922 2.4471922 2.4471922 2.4471922 2.4471931 2.4471931 2.4471931 2.4471931 2.4471931 2.4471931 2.4471931 2.4471931 2.4471931 2.4471931 2.4471936 2.4471936 2.4471936 2.4471936 2.4471936 2.4471936 2.4471936 2.4471936 2.4471936 2.2778006 2.2909684 2.0519056 2.0519056 2.2909698 2.2909698 2.051907 2.2909698 2.051907 2.2909703 2.0519075 2.2909703 2.0519075 2.2909703 2.2909703 2.2909703 2.2909703 2.2909703 2.2909703 2.2909703 2.2909703 2.2909703 2.2909703 2.2909703 2.2909703 2.2909703 2.2909703 2.2909703 2.2909703 2.2909703 2.2909703 2.2909703 2.2909703 2.2909703 2.2909703 2.2909703
