Export/ASCII/RMeteo_SP_inch/impervious0/net_infiltration_2018_SP1_inch.asc
ncols         660
nrows         338
xllcorner     1476100.0
yllcorner     5017100.0
cellsize      100
NODATA_value  -9.9000000089461e-20
[rows 243 to 269 of 338, columns 120 to 179 of 660]
4.362508 3.8703787 3.6886551 3.6886554 4.151396 4.151396 3.6886554 3.771013 4.151396 4.151396 4.1513968 3.7710135 3.8616607 3.6803591 3.771014 3.771014 3.771014 3.6803591 3.8616612 3.6803591 3.771014 3.6803591 3.8616612 3.6803591 4.1513977 4.1513977 4.1513977 4.1513977 4.0586195 4.1513987 4.1513987 4.1513987 2.1557138 2.1557138 2.1557138 1.6634579 2.1557138 1.6634579 0.3542002 0.3542002 4.1513987 3.9955726 2.0711384 1.5917295 1.5917295 1.5917298 1.5917298 1.5917298 1.395704 1.395704 1.395704 1.395704 1.395704 1.395704 1.395704 1.395704 1.395704 1.3957043 1.3957043 1.3957043
4.1807156 4.362432 3.688612 3.6886127 3.6886127 3.6886132 3.6886132 4.2419806 4.151334 4.151417 4.151334 4.151334 3.7709544 3.6803076 3.8595536 3.6803076 3.7709548 3.7709548 3.6803076 3.6803076 3.8595479 3.7709553 3.680308 3.680308 4.1514177 4.151334 4.1513357 4.0585575 4.1514187 4.1513357 4.1513357 4.1513357 4.1513357 4.1513357 4.1513357 1.6634343 2.1556845 1.6634343 0.35419434 0.3541966 4.1513357 2.0711086 2.0711088 3.9955258 0.3532669 0.33997187 1.5917057 0.33997187 1.3956814 1.3956815 1.3956815 1.3956815 1.3956815 1.3956817 1.3956817 1.3956817 1.3956817 1.3956819 1.4378047 1.3956819
4.362356 4.362356 3.6885684 3.6885686 3.6885686 3.6885686 3.6885686 3.6885686 4.15127 4.15127 4.15127 4.3325443 3.6802561 3.7708967 3.8615372 3.6802566 3.6167934 3.466328 3.6802566 3.6802566 3.4556458 3.8615315 3.6802566 3.680257 4.151271 4.151271 4.151271 4.151271 4.151271 4.151272 4.151272 4.151272 4.151272 4.151272 4.151272 1.6634104 1.6634104 4.745822 0.35418832 0.35418832 2.1556551 2.1172042 2.071079 3.9954815 3.9954815 3.9954817 2.071079 2.071079 0.33996582 1.3956597 1.3956597 1.3956597 1.4377823 1.3956597 1.3956597 0.2854118 1.3956597 1.3956598 1.3956598 1.3956598
4.3622804 4.402266 3.4556055 3.6885245 3.6885245 4.1512065 3.6885247 3.6885247 4.1512074 4.1512074 4.1512074 4.1512074 3.680206 3.616727 3.4662778 3.5522487 3.5483491 3.4662778 3.7708404 1.9896226 1.9562091 3.680206 3.680206 3.8614676 3.680206 3.680206 4.1512084 4.1512084 4.1512084 4.1512084 4.1512084 4.1512084 4.1512094 4.1512094 4.1512094 4.1512094 4.1512094 4.7457685 0.35418236 0.35418236 2.1556249 2.0710492 3.9954357 3.9954357 3.9954357 3.9954357 2.0710492 1.591658 1.591658 1.3956369 1.3956369 1.3956369 1.3956369 1.3956369 1.3956369 1.3956369 1.3956369 0.28540626 1.3956372 1.3956372
4.1805077 4.3622036 3.6372626 3.6884813 4.151141 4.151142 3.6884816 3.6884816 3.6884816 4.151142 4.151142 2.155594 1.9561782 3.7665913 1.9131962 1.9866058 3.6801546 3.7665913 3.7707822 1.9131963 1.9561785 1.9131964 3.7707822 3.7707822 3.680155 3.7707822 4.151144 2.1555946 2.1555946 4.151145 4.151145 4.151145 4.151145 4.151145 4.151145 4.151145 4.151145 4.151145 4.151145 4.151145 2.1555958 2.0710187 3.99539 2.0710187 2.0710187 3.9953902 4.5558596 1.5916338 1.5916338 1.3956145 1.3956145 1.3956145 1.3956149 1.3956149 1.3956149 1.3956149 0.28540066 0.28540066 0.28540066 0.28540066
4.3621287 4.420711 3.6015782 3.4555273 4.151079 4.151079 3.6884387 3.688439 4.151079 4.7456627 4.151079 2.1555648 1.9131687 3.770724 1.9131687 1.9131687 3.4661758 3.861345 4.15108 3.680104 3.680104 3.680104 3.859296 3.680104 3.7707245 3.7707245 3.680105 1.9433745 1.9131689 4.151081 4.151081 4.151082 4.151082 4.151082 4.151082 4.151082 4.151082 4.151082 4.151082 4.151082 2.155566 3.9953442 3.9953442 2.0709887 2.0709887 3.9953442 3.9953442 1.5916096 1.5916098 1.5916098 1.5916098 1.5916098 1.3955926 1.3955926 1.3955926 1.3955926 1.3955927 1.3955927 1.3955927 0.28539515
4.2251596 3.688395 3.4554884 3.688395 3.688395 3.688395 3.688395 2.155535 2.155535 4.7456074 4.1510158 4.1510158 4.1510158 3.810302 3.6800516 3.4661243 3.5481775 3.7706664 3.6800525 3.856002 3.6800525 3.7706664 3.8612869 3.6800525 1.9974138 1.913142 3.7706664 3.6800525 3.680053 4.151017 4.151017 4.151018 4.151018 4.151018 4.151018 4.151018 4.151018 4.151018 4.151019 4.151019 4.151019 3.995298 3.995298 2.0709593 3.9952981 3.9952981 4.27487 1.5915862 1.5915862 1.5915862 1.5915862 1.5915862 1.3955703 1.3955703 1.3955703 1.3955703 1.3955703 1.3955703 1.3955703 1.3955703
4.361981 3.6883516 0.35415834 0.35415846 3.6883516 4.1509514 2.1555052 4.1509523 2.1555052 4.745556 4.7455564 4.1509523 4.1509533 3.8612144 3.680001 3.9103863 3.680001 3.7706077 3.7706077 3.9187796 3.6800015 3.8559444 3.6800015 3.7706087 1.9131142 1.9131143 3.8103144 4.1509542 4.1509542 3.6800025 3.6800025 4.1509542 4.1509542 4.1509542 4.1509547 4.1509547 4.1509547 4.1509547 4.1509547 4.1509547 4.1509547 3.9952528 3.9952528 3.9954102 3.9952528 3.9952528 1.5915619 1.5915619 1.5915619 1.3955476 1.5915619 1.5915619 1.5915622 1.5915622 1.5915622 1.3955479 1.3955479 0.28538394 1.3955479 1.3955479
3.637079 3.6883085 0.35415244 0.35415244 3.6883085 4.1508884 4.1508884 4.1508884 4.1508884 4.1508884 4.7455044 4.7455044 4.1508894 3.7705495 3.7705495 3.7705495 1.9130863 1.9560558 3.9186947 3.6799505 3.679951 3.9187086 3.6799514 3.7705448 3.6799514 3.679952 3.8611586 3.679952 3.770622 4.1508913 3.770552 3.679952 4.1508913 4.1508913 4.1508913 4.1508913 4.1508913 4.1508913 4.1508913 4.1508913 1.6632684 2.070899 3.995207 3.995207 3.9952073 3.9952073 3.9952073 1.591538 1.591538 1.3955255 1.3955255 2.070899 2.0708995 0.3399299 0.3399299 0.2853784 1.8783634 1.8783634 0.2853784 1.3955256
3.45537 3.688264 0.0 3.688264 3.688264 4.1508255 4.1508255 4.1508265 4.1508265 4.1508265 4.7454495 2.155446 4.1508274 4.4225883 3.6798995 3.7704928 1.9130594 1.9130594 3.7704933 1.9130594 1.9900339 3.6799 3.7704937 3.7704937 3.6799004 3.9186246 3.6799004 3.7704937 3.7704942 3.679901 4.2414217 4.3320084 3.679901 4.1508284 4.7454515 4.1508293 4.1508293 4.1508293 4.1508293 4.1508293 1.6632446 2.0708694 2.0708694 3.9951603 3.9951603 3.9951603 3.9951603 1.5915141 1.5915141 1.5915141 1.5915141 2.0708697 2.0708697 0.33992395 0.33992395 0.33992407 1.8783355 1.8783355 0.2853728 0.2853728
3.4553306 4.219458 0.0 3.6882207 3.6882207 3.6882207 4.150762 4.150846 4.150762 4.150763 4.150763 2.155417 4.150764 4.150764 3.6798494 3.9685843 1.913032 1.9130322 3.7704356 1.9130322 1.9130323 3.6798494 3.9185526 3.6798494 3.7704356 3.7704356 3.6798494 3.7704356 3.918553 3.6798499 3.6798499 4.150765 4.150765 4.745484 4.7454 4.150765 4.150765 4.150765 4.150765 4.150765 4.150765 2.0708394 2.0708394 3.9951153 3.9951155 3.9951155 3.9951155 1.5914905 1.5914905 1.5914905 1.5914905 0.34344313 0.33991805 0.33991805 0.33991805 0.33991814 0.33991814 0.28536716 0.28536716 0.28536716
3.4552906 3.6881766 3.6881773 3.6881773 3.6881773 2.1553864 2.1553864 2.155387 2.155387 2.155387 4.1506977 4.1506977 4.1506987 4.1506987 3.7703764 3.7754219 3.679797 3.6797974 3.770377 3.9685194 3.679798 3.7703774 3.7703774 3.679798 3.9184816 3.679798 3.679798 3.7703774 3.7703774 1.4178987 3.7703774 4.1507006 4.1507006 3.6797984 4.1507006 2.1553879 2.1947594 2.1553884 4.1507015 4.1507015 4.1507015 3.9950686 3.995226 3.9950686 3.9950688 3.9950688 3.9950688 1.5914667 1.6814237 1.5914667 1.5914667 1.5914667 0.33991206 0.33991206 0.33991206 0.33991212 2.07081 2.07081 0.33991212 0.2853616
3.455252 3.455252 3.6881332 3.6881332 3.6881332 2.1553571 2.1553571 4.150635 2.1553571 2.1553571 4.150635 4.150635 4.1506357 4.241208 4.1506357 3.7703187 3.7703187 3.7703187 3.7703187 3.7753637 3.679746 3.918409 3.6797469 3.7703192 3.7703192 3.6797469 3.7703197 3.8608925 1.9129775 1.9129775 1.4488477 3.6797478 4.1506376 3.8608863 3.6797478 2.155358 2.155358 2.155358 4.1506395 4.1506395 4.1506395 3.9950235 3.9950235 3.9950235 3.9950242 3.9950242 3.9950242 2.0707796 2.0707796 2.0707796 1.5914425 1.5914425 0.33990604 0.33990604 0.33990604 0.33990604 2.0707798 2.0707798 2.0707798 0.3399061
3.5281923 3.5281923 4.2192802 3.6880898 3.6880898 4.150572 3.6880898 4.150573 2.1553278 2.1553278 4.150573 4.150573 4.150573 4.150573 4.150573 3.918337 3.679695 3.770261 3.770261 3.770261 3.770261 3.770261 3.6796954 3.9183376 3.6796954 3.770261 3.770261 3.770261 1.9129508 1.9559011 3.6796963 3.770262 3.6796963 4.2411394 4.1505737 4.1505737 4.1505737 4.1505747 4.1505747 4.1505747 4.1505756 3.9949787 3.9949787 3.9949787 3.9949787 3.9949787 3.9949787 3.994979 2.1168754 2.07075 1.5914185 1.5914187 0.33990008 3.633363 4.555379 4.555379 2.0707502 4.555379 4.5555363 3.9949796
3.528148 3.528148 3.688047 3.688047 3.6880472 3.6880472 3.6880472 4.1505084 4.1505923 4.1505084 4.1505084 4.1505094 4.1505094 4.1505094 4.1505103 3.7702029 3.6796443 3.7702034 3.9182665 3.6796443 3.7702034 3.7702034 3.7702034 3.7702034 3.6796443 3.918267 3.6796448 3.7702038 3.6796448 3.6796448 3.6796448 3.918267 3.6796448 3.6796458 4.1505113 4.1505113 4.1505113 4.1505113 4.2410636 3.6796458 3.6796458 3.6956096 3.9949331 3.9949331 3.9949331 3.9949331 3.9949331 3.9949331 2.0707202 2.0707202 2.0707202 4.5553255 4.5553255 4.5553255 4.5553255 4.5553255 4.5553255 3.9949334 3.9949334 3.9949334
3.5281029 3.5281029 3.6880033 3.6880033 3.6880033 3.6880033 3.6880038 3.6880038 3.6880038 4.150445 4.150445 4.150445 4.150445 4.150445 4.150446 2.2005446 1.9558426 3.7701457 3.7701457 3.6795933 3.9181945 3.6795933 3.7701461 1.9558426 1.9558427 1.9558427 3.6795938 3.858671 3.6795938 3.7701461 3.7701466 3.7701466 3.6795943 3.7701466 3.77014 3.6795943 4.150448 4.150448 4.150448 4.150448 4.241 3.7753773 3.6955585 3.994887 3.994887 3.994887 3.994887 3.994887 3.994887 4.555271 2.0706902 2.0706902 3.994887 3.994887 3.9950445 3.994887 3.994887 3.994887 3.9950445 3.994887
3.5280511 3.4550946 3.6879597 3.6879597 3.6879597 3.6879597 3.6879601 3.6879601 3.6879601 4.150382 4.150382 4.150382 4.150382 4.150382 4.150383 2.1552389 1.9128674 1.9558115 3.7700884 3.6795433 3.7700884 3.6795433 1.955812 1.9128679 1.9128681 4.230668 3.7700884 3.8606336 3.6795433 3.918125 3.6795433 3.770089 4.230668 3.770089 3.770089 3.6795433 3.6795437 4.150468 4.150385 4.150385 4.150385 4.0440674 3.6955075 3.9948401 3.9948401 3.9948401 3.9948401 3.9948401 3.9948401 4.555217 2.0706604 2.0706604 3.9948413 3.9948413 3.9948416 3.9948416 2.0706604 2.0706604 3.9948416 3.9949992
3.5280123 3.4550552 3.4550557 3.6879165 3.6879168 3.6879168 3.6879168 3.6879168 3.6879168 4.1503186 4.1503186 4.1503186 4.1503186 4.1503186 4.1503186 4.1503186 4.1503196 4.1503196 4.2408576 4.240858 4.15032 1.9557815 1.9128405 3.6794913 3.770023 3.6794913 3.7700298 3.7700303 3.7700303 3.7700303 3.6794918 3.7700307 4.0084724 3.6794922 3.7700312 3.7700312 3.7700312 4.15032 4.15032 4.150321 4.150321 3.8827555 4.019402 3.9947956 3.9947956 3.9947956 3.9947956 3.9947956 3.9947956 1.5913228 4.555164 2.0706303 2.0706303 3.9947956 3.994953 3.9947956 2.0706306 2.0706306 3.9947956 3.9947956
3.5279672 3.5279672 3.5279677 3.6878726 3.6878731 3.6878731 3.6878736 3.6878736 3.6878736 3.687874 4.150255 4.150255 4.150255 4.150255 4.150256 4.150256 4.150256 4.150256 4.150256 4.150256 4.150256 2.15518 2.15518 2.200446 3.7699726 4.2305527 3.7699726 3.9179814 3.6794407 3.7699726 3.7699726 3.7699726 3.7699726 3.6794412 3.769973 3.9179819 3.6794412 4.1502576 4.1502576 4.150258 4.150258 3.8827102 3.9947495 3.994907 3.9947495 1.5912989 1.591299 3.9947495 4.5551105 4.5551105 4.5551105 4.5551105 2.0706007 3.9947498 3.9947498 3.9947498 3.9947498 3.9947498 3.99475 3.99475
3.527922 3.4549773 3.5279224 3.6878297 3.6878297 3.6878297 3.6878307 3.6878307 3.6878312 3.6878312 4.150192 4.150192 4.150275 4.150192 4.150192 4.150192 4.1501923 4.1501923 4.1501923 4.1501923 4.1501923 4.1501927 4.1501927 4.1501927 4.240719 3.8609917 3.7699158 3.7699163 3.6793911 3.6793911 3.8584201 3.6793911 3.7699163 3.7699163 3.7699163 3.7699163 3.6793911 3.6793911 4.1501937 4.1501937 4.1501937 3.9947028 2.07057 2.0705705 3.994703 1.5912751 2.0705705 3.9947038 0.33986416 0.33986416 1.5912751 3.9947038 3.9947038 3.9947038 3.9948611 3.9947038 2.0705705 2.0705705 0.33986422 3.9947038
3.5278773 3.5278773 3.5278773 3.687787 3.6877873 3.6877873 3.6877875 3.6877875 3.6877875 3.6877875 3.6877875 3.6877878 4.1501274 4.1501274 4.1501274 4.1501274 4.1501284 4.1501284 4.1501293 4.1501293 4.1501293 4.1501293 4.1501293 4.1501293 4.2406473 4.1501293 3.7698562 3.7698562 3.7698562 3.7698562 3.8603752 3.6793392 3.7698572 3.85835 3.6793392 3.7698572 3.7698576 3.7698576 2.1551213 2.1551213 4.150131 3.9946578 3.8826187 3.9946578 3.9946578 3.9946578 2.0705402 0.3398581 0.3398581 0.3398581 3.9946582 3.9946582 3.9946582 3.9946582 3.9946587 3.9946587 2.070541 2.070541 2.070601 3.9946594
3.6014323 3.527833 3.527833 3.687744 3.687744 3.687744 3.687744 3.687744 3.687744 3.687744 3.687744 4.1500635 4.1500635 4.150064 4.150064 4.150064 4.150065 4.150065 4.150065 4.150065 4.150065 4.1500654 4.1500654 4.1500654 4.150066 4.0572896 3.7697995 3.9177678 3.6792886 3.7698 3.7698 3.7698 3.7698 3.860319 1.4176798 1.4486305 3.769801 4.24058 2.1550913 2.1550918 4.1500683 3.9946115 3.994612 3.994612 3.994612 3.994612 3.9946125 0.33985218 0.28530586 0.33985218 3.9946134 3.9946134 3.9946134 3.9946134 3.9946134 3.9946134 4.1129913 2.0705109 0.33985224 3.9946134
3.6350791 3.6013784 3.760628 3.6877007 3.6877007 3.6877007 3.687701 3.687701 3.687701 3.687701 3.687701 3.6877012 4.1500006 4.1500015 4.1500015 4.1500015 4.1500015 4.1500015 4.1500025 4.1500025 4.1500025 4.1500025 4.1500025 4.1500025 4.1500025 4.057227 4.1477327 3.7697408 3.6792357 3.7697413 3.7697413 3.9176958 3.6792362 3.7697413 1.4176582 1.4176582 4.240509 4.1500034 4.1500034 4.1500034 4.1500034 3.9945662 3.9945662 3.9945662 3.9945662 3.9945662 0.33984622 0.33984622 0.28530028 0.33984622 3.9945662 3.9945662 1.5912031 1.5912033 3.9945667 3.9945667 3.9945667 2.070481 2.070481 3.994567
3.5361784 3.635026 4.218688 3.6876564 3.6876564 3.6876564 3.6876564 3.6876564 3.6876566 3.6876566 3.6876566 3.6876569 3.6876569 4.150022 4.1499386 4.1499386 4.1499386 4.1499386 4.1499395 4.1499395 4.1499395 4.1499395 4.1499395 4.1499395 4.1499395 4.1499395 4.1499395 3.7696826 3.7696826 3.7696826 3.6791852 3.6791852 3.6791856 3.7696831 3.6791856 3.6791856 4.1499405 4.1499405 4.1499405 4.1499405 3.679186 3.6951523 3.9945219 3.9945219 3.9945219 3.9945219 0.33984023 0.28529465 0.33984023 2.070451 3.9945223 3.9945223 1.5911794 1.5911794 3.9945223 3.9945223 3.9945223 2.9876602 2.9876602 1.5911795
3.5667508 3.5361288 3.5361288 3.6876125 3.6876125 3.6876125 3.6876128 3.6876128 3.6876132 3.6876132 3.6876135 3.6876135 3.6876135 3.1007216 3.1007216 4.1498747 4.1498747 4.1498747 4.1498747 4.1498747 2.155002 2.1550024 4.1498756 4.1498756 2.1550026 2.1550026 4.240367 4.1498756 4.240367 3.769625 3.769625 3.769625 3.769625 3.769625 3.769625 3.769626 3.679135 4.1498766 4.1498766 4.3308516 3.679135 3.7196627 3.6951032 3.6951032 3.9944746 1.591155 2.0704207 0.3398342 0.3398342 2.0704207 3.994475 3.994475 3.994475 3.9944751 3.9944751 3.9944751 3.9944751 2.9876194 1.5911556 1.5911556
3.5276513 3.5667062 3.6349177 3.536081 4.744605 3.6875699 3.6875699 3.6875699 3.68757 3.68757 3.6875706 3.6875706 3.6875706 3.1006815 3.1006815 3.6875713 4.1498113 4.1498113 4.1498117 4.1498117 2.1549726 2.1549726 4.1498117 4.1498117 2.1549726 2.1549726 4.149812 4.149812 4.149812 3.8600442 3.6790826 3.7695668 3.7695673 3.7695673 3.7695673 3.7695677 3.7695677 4.1498137 4.1498137 4.1498137 4.1498137 3.7196045 3.7196045 3.7441516 3.6950512 2.0703907 2.0703907 0.33982825 0.33982825 1.5911313 3.9944296 3.9944296 3.9944296 3.99443 3.99443 3.99443 1.5911314 1.5911316 1.5911316 1.5911316
3.5276065 3.5276065 3.5666618 3.5666618 3.4547029 4.744553 4.744553 2.1549425 3.6875267 3.6875267 3.6875272 3.6875272 3.6875272 4.149747 4.149747 4.149747 2.154943 2.154943 1.662841 4.149748 4.149749 4.149749 4.149749 2.1549435 2.1549435 4.149749 4.149749 4.149749 4.149749 3.6790335 3.6790335 3.769511 3.7695115 3.7695115 3.917411 3.679034 3.7695115 3.679034 4.1497507 4.1497507 4.1497507 4.0189295 3.7195477 3.7195477 3.6950011 3.6950011 0.3398223 0.3398223 0.3398223 3.9943833 3.9943833 3.9943833 3.9943833 3.9943836 3.9943836 3.9943836 1.5911076 1.5911076 1.3951238 1.3951238
