Export/ASCII/RMeteo_SP_inch/impervious0/net_infiltration_2017_SP3_inch.asc
ncols         660
nrows         338
xllcorner     1476100.0
yllcorner     5017100.0
cellsize      100
NODATA_value  -9.9000000089461e-20
[rows 72 to 107 of 338, columns 405 to 485 of 660]
0.023521058 0.023521058 0.023521047 0.023521047 0.023521047 0.0 0.0 0.0 0.0 0.0 0.0 0.0 0.0 0.0 0.0 0.0 0.0 0.0 0.0 0.0 0.0 0.0 0.0 0.034769725 0.034769725 0.14654338 0.14654338 0.14654338 0.0 0.0 0.0 0.0 0.2657113 0.2657113 0.2657113 0.2657113 0.24577475 0.24577475 0.0 0.24577475 0.24577475 0.24577475 0.14654338 0.14654338 0.0 0.0 0.034769725 0.034769725 0.034769725 0.0 0.39817572 0.39817572 0.023521047 0.023521047 0.4274413 0.2657113 0.2657113 0.2657113 0.2657113 0.0 0.0 0.0 0.0 0.0 0.0 0.0 0.0 0.034769725 0.013802527 0.013802527 0.23250446 0.23250446 0.23250446 0.23250446 0.013802527 0.013802527 0.013802527 0.013802527 0.013802527 0.23250446 0.0
0.24577165 0.24577165 0.24577165 0.24577165 0.24577165 0.0 0.0 0.0 0.0 0.0 0.0 0.14654326 0.0 0.0 0.0 0.0 0.0 0.0 0.0 0.0 0.0 0.0 0.0 0.03476963 0.03476963 0.14654326 0.14654326 0.0 0.0 0.0 0.0 0.03476963 0.03476963 0.03476963 0.2657113 0.2657113 0.24577117 0.24577117 0.0 0.0 0.24577117 0.24577117 0.03476963 0.14654326 0.03476963 0.14654326 0.14654326 0.14654326 0.14654326 0.04819765 0.39817548 0.14654326 0.0 0.023521047 0.023521047 0.023521047 0.023521047 0.023521047 0.023521047 0.0 0.0 0.0 0.0 0.03476963 0.0 0.0 0.0 0.03476963 0.2325044 0.019486157 0.2325044 0.27879098 0.2325044 0.2325044 0.013802432 0.013802432 0.013802432 0.013802432 0.013802432 0.2325044 0.0
0.24576831 0.24576831 0.24576807 0.24576807 0.023521023 0.0 0.0 0.0 0.03476963 0.03476963 0.03476963 0.0 0.14654326 0.0 0.0 0.0 0.0 0.0 0.0 0.0 0.0 0.0 0.03476963 0.03476963 0.14654326 0.0 0.0 0.0 0.0 0.0 0.0 0.03476963 0.26571125 0.26571125 0.26571125 0.24576807 0.24576807 0.0 0.0 0.24576807 0.24576807 0.023521023 0.0 0.26571125 0.26571125 0.14654326 0.03476963 0.14654326 0.0 0.0 0.0 0.0 0.0 0.023521023 0.023521023 0.023521023 0.023521023 0.023521023 0.023521023 0.0 0.0 0.0 0.03476963 0.03476963 0.03476963 0.03476963 0.03476963 0.03476963 0.23250435 0.019486133 0.51085234 0.23250435 0.013802432 0.013802432 0.0 0.0 0.013802432 0.013802432 0.23250435 0.51085234 0.0
0.24576473 0.24576473 0.24576473 0.24576473 0.023521 0.0 0.0 0.0 0.0 0.0 0.0 0.03476963 0.0 0.0 0.0 0.0 0.0 0.0 0.0 0.0 0.0 0.03476963 0.03476963 0.14654303 0.14654303 0.0 0.0 0.0 0.0 0.0 0.0 0.0 0.26571113 0.26571113 0.26571113 0.023521 0.2457645 0.2457645 0.2457645 0.023521 0.023521 0.26571113 0.26571113 0.26571113 0.26571113 0.023521 0.2457645 0.023521 0.0 0.0 0.0 0.0 0.0 0.0 0.023521 0.023521 0.0 0.0 0.0 0.0 0.0 0.0 0.03476963 0.03476963 0.03476963 0.03476963 0.03476963 0.26571113 0.23250425 0.0 0.51084805 0.23250425 0.23250425 0.013802432 0.0 0.0 0.013802432 0.013802432 0.23250425 0.0 0.0
0.2457614 0.2457614 0.2457614 0.2457614 0.023520974 0.0 0.0 0.0 0.0 0.0 0.0 0.0 0.0 0.0 0.0 0.0 0.0 0.03476953 0.0 0.0 0.0 0.03476953 0.03476953 0.1465429 0.1465429 0.0 0.0 0.0 0.0 0.1465429 0.0 0.0 0.023520974 0.023520974 0.023520974 0.023520974 0.0 0.0 0.023520974 0.023520974 0.023520974 0.0 0.023520974 0.265711 0.265711 0.265711 0.24576116 0.023520974 0.0 0.0 0.0 0.0 0.0 0.0 0.023520974 0.023520974 0.023520974 0.023520974 0.0 0.0 0.0 0.0 0.0 0.0 0.1465429 0.03476953 0.2657111 0.2657111 0.23250425 0.01948611 0.0 0.51084375 0.23250425 0.0138022415 0.0138022415 0.0138022415 0.0138022415 0.10881972 0.34604567 0.5108435 0.51084375
0.24575782 0.39817524 0.023520974 0.023520974 0.023520974 0.0 0.0 0.0 0.0 0.0 0.0 0.0 0.0 0.0 0.0 0.0 0.0 0.0 0.0 0.0 0.0 0.03476944 0.1465429 0.1465429 0.1465429 0.0 0.0 0.0 0.0 0.1465429 0.0 0.0 0.023520974 0.023520974 0.023520974 0.023520974 0.023520974 0.0 0.023520974 0.023520974 0.0 0.0 0.0 0.03476944 0.265711 0.265711 0.023520974 0.023520974 0.03476944 0.03476944 0.03476944 0.0 0.0 0.0 0.023520974 0.265711 0.265711 0.265711 0.0 0.0 0.0 0.0 0.0 0.0 0.265711 0.265711 0.265711 0.265711 0.0 0.0 0.0 0.23250416 0.23250416 0.23250416 0.23250416 0.013802147 0.013802147 0.10881972 0.3460456 0.5108397 0.5108397
0.24575472 0.023520963 0.0 0.023520963 0.023520963 0.0 0.0 0.0 0.1465429 0.0 0.0 0.0 0.0 0.0 0.0 0.0 0.03476944 0.0 0.0 0.0 0.03476944 0.03476944 0.03476944 0.14654279 0.0 0.0 0.0 0.0 0.0 0.0 0.0 0.0 0.023520963 0.023520963 0.023520963 0.023520963 0.023520963 0.0 0.0 0.023520963 0.023520963 0.0 0.0 0.0 0.023520963 0.0900681 0.023520963 0.03476944 0.03476944 0.03476944 0.0 0.0 0.0 0.0 0.023520963 0.26571095 0.26571095 0.26571095 0.03476944 0.03476944 0.26571095 0.023520963 0.023520963 0.023520963 0.26571095 0.26571095 0.26571095 0.0 0.0 0.0 0.0 0.23250411 0.23250411 0.23250411 0.23250411 0.013802147 0.013802147 0.108819604 0.0 0.019486073 0.5108354
0.24575114 0.0 0.0 0.0 0.0 0.0 0.0 0.0 0.0 0.0 0.0 0.0 0.0 0.0 0.0 0.0 0.0 0.0 0.0 0.0 0.03476934 0.0 0.03476934 0.03476934 0.0 0.0 0.0 0.03476934 0.0 0.0 0.14654279 0.0 0.02352094 0.02352094 0.02352094 0.02352094 0.24762616 0.24762616 0.02352094 0.02352094 0.02352094 0.0 0.0 0.0 0.02352094 0.047798872 0.26571086 0.03476925 0.03476925 0.03476925 0.03476925 0.03476925 0.0 0.0 0.0 0.0 0.26571086 0.26571086 0.03476925 0.03476925 0.26571086 0.0 0.0 0.0 0.26571086 0.26571086 0.0 0.0 0.0 0.0 0.0 0.34604543 0.23250407 0.23250407 0.23250407 0.23250407 0.0 0.18817754 0.019486051 0.019486051 0.5108309
0.2457478 0.0 0.0 0.0 0.0 0.0 0.0 0.0 0.0 0.0 0.0 0.0 0.0 0.0 0.03476925 0.0 0.0 0.0 0.0 0.0 0.0 0.0 0.0 0.03476925 0.0 0.0 0.03476925 0.03476925 0.03476925 0.14654279 0.14654279 0.02352094 0.02352094 0.02352094 0.02352094 0.0 0.0 0.24762583 0.02352094 0.02352094 0.02352094 0.02352094 0.0 0.0 0.0 0.03476925 0.03476925 0.03476925 0.03476925 0.03476925 0.03476925 0.03476925 0.0 0.0 0.0 0.03476925 0.26571086 0.26571086 0.03476925 0.26571086 0.26571086 0.0 0.0 0.0 0.0 0.0 0.0 0.0 0.0 0.0 0.0 0.0 0.0 0.019486051 0.019486051 0.0 0.5108268 0.1881772 0.1881772 0.0 0.0
0.24574447 0.023520917 0.023520917 0.0 0.0 0.0 0.0 0.0 0.0 0.0 0.0 0.0 0.0 0.0 0.034769055 0.034769055 0.034769055 0.034769055 0.034769055 0.0 0.0 0.0 0.0 0.0 0.0 0.0 0.0 0.14654267 0.14654267 0.0 0.14654267 0.023520917 0.023520917 0.2657108 0.2657108 0.0 0.0 0.0 0.24762532 0.24762532 0.023520917 0.023520917 0.0 0.0 0.0 0.0 0.034769055 0.034769055 0.034769055 0.034769055 0.034769055 0.034769055 0.0 0.0 0.034769055 0.034769055 0.034769055 0.034769055 0.2657108 0.2657108 0.2657108 0.0 0.0 0.2657108 0.2657108 0.2657108 0.0 0.0 0.0 0.0 0.0 0.0 0.0 0.5108228 0.019486027 0.0 0.18817687 0.18817687 0.18817687 0.18817687 0.18817687
0.24574089 0.24574089 0.023520892 0.023520892 0.0 0.0 0.0 0.0 0.0 0.0 0.0 0.0 0.0 0.0 0.0 0.03476915 0.03476915 0.03476915 0.0 0.0 0.0 0.0 0.0 0.0 0.0 0.0 0.0 0.14654243 0.0 0.0 0.0 0.023520892 0.023520892 0.03476915 0.26571065 0.247625 0.0 0.0 0.0 0.247625 0.023520892 0.023520892 0.0 0.0 0.0 0.0 0.0 0.03476915 0.118302055 0.03476915 0.034769055 0.0 0.0 0.034769055 0.034769055 0.034769055 0.034769055 0.034769055 0.26571062 0.26571062 0.24574065 0.0 0.26571062 0.26571062 0.26571062 0.26571062 0.0 0.0 0.0 0.0 0.0 0.0 0.0 0.18817653 0.18817653 0.18817653 0.18817653 0.18817653 0.18817653 0.18817653 0.18817653
0.24573755 0.24573755 0.24573755 0.023520881 0.0 0.0 0.0 0.0 0.0 0.0 0.0 0.0 0.0 0.0 0.0 0.0 0.0 0.0 0.0 0.0 0.0 0.034769055 0.0 0.0 0.0 0.0 0.0 0.0 0.0 0.034769055 0.034769055 0.034769055 0.034769055 0.034769055 0.2657106 0.2657106 0.2657106 0.24762465 0.24762465 0.023520868 0.0 0.0 0.0 0.0 0.0 0.0 0.0 0.034769055 0.034769055 0.034769055 0.034769055 0.034769055 0.034769055 0.034769055 0.034769055 0.034769055 0.034769055 0.2657106 0.2657106 0.2657106 0.39817476 0.2657106 0.2657106 0.023520868 0.023520868 0.0 0.39817476 0.39817476 0.0 0.0 0.0 0.0 0.01948598 0.01948598 0.01948598 0.01948598 0.1881762 0.1881762 0.1881762 0.1881762 0.1881762
0.24573445 0.24573445 0.24573445 0.0 0.0 0.14654231 0.0 0.0 0.0 0.0 0.0 0.0 0.0 0.0 0.0 0.0 0.034768865 0.0 0.0 0.0 0.0 0.034768865 0.034768865 0.0 0.0 0.0 0.034768865 0.0 0.034768865 0.034768865 0.034768865 0.034768865 0.034768865 0.03476896 0.03476896 0.2657106 0.2657106 0.24762449 0.24762449 0.023520868 0.023520868 0.0 0.0 0.0 0.0 0.0 0.0 0.03476896 0.03476896 0.03476896 0.03476896 0.03476896 0.03476896 0.03476896 0.03476896 0.03476896 0.03476896 0.2657106 0.023520868 0.39817464 0.39817464 0.2657106 0.0 0.0 0.0 0.0 0.39817464 0.39817464 0.0 0.0 0.0 0.0 0.01948598 0.01948598 0.01948598 0.01948598 0.0 0.1881757 0.1881757 0.1881757 0.1881757
0.24573064 0.24573064 0.023520857 0.0 0.0 0.14654231 0.0 0.0 0.0 0.0 0.0 0.0 0.0 0.0 0.0 0.0 0.0 0.0 0.0 0.0 0.0 0.034768865 0.034768865 0.0 0.0 0.034768865 0.034768865 0.034768865 0.034768865 0.034768865 0.034768865 0.034768865 0.034768865 0.034768865 0.034768865 0.26571053 0.24573064 0.0 0.24762416 0.023520857 0.023520857 0.023520857 0.0 0.0 0.0 0.0 0.0 0.034768865 0.034768865 0.034768865 0.034768865 0.034768865 0.0 0.034768865 0.034768865 0.034768865 0.034768865 0.034768865 0.023520857 0.023520857 0.39817464 0.034768865 0.0 0.0 0.0 0.0 0.39817464 0.39817464 0.0 0.0 0.0 0.0 0.0 0.019485967 0.019485967 0.18817553 0.0 0.0 0.18817553 0.18817553 0.18817553
0.24572754 0.24572754 0.24572754 0.023520833 0.0 0.0 0.0 0.0 0.0 0.0 0.0 0.0 0.0 0.0 0.0 0.034768865 0.0 0.0 0.0 0.0 0.0 0.0 0.034768865 0.0 0.0 0.034768865 0.034768865 0.034768865 0.034768865 0.0 0.0 0.034768865 0.034768865 0.034768865 0.034768865 0.26571044 0.2457273 0.0 0.24762382 0.023520822 0.023520822 0.023520822 0.023520822 0.0 0.0 0.0 0.0 0.034768865 0.034768865 0.034768865 0.034768865 0.034768865 0.0 0.034768865 0.034768865 0.034768865 0.034768865 0.26571044 0.023520822 0.023520822 0.26571044 0.023520822 0.023520822 0.0 0.0 0.26571044 0.26571044 0.26571044 0.23250353 0.0 0.0 0.0 0.0 0.019485943 0.5108013 0.1881752 0.0 0.019485943 0.34604478 0.34604478 0.5108013
0.24572396 0.24572396 0.26571038 0.26571038 0.0 0.0 0.0 0.0 0.0 0.0 0.0 0.0 0.0 0.0 0.03476877 0.03476877 0.03476877 0.0 0.0 0.0 0.0 0.0 0.0 0.0 0.0 0.03476877 0.03476877 0.03476877 0.03476877 0.03476877 0.03476877 0.03476877 0.03476877 0.03476877 0.03476877 0.26571038 0.24572372 0.24572372 0.24762332 0.24572372 0.24572372 0.023520809 0.023520809 0.023520809 0.023520809 0.03476877 0.03476877 0.03476877 0.03476877 0.03476877 0.03476877 0.03476877 0.0 0.0 0.0 0.03476877 0.03476877 0.26571038 0.0 0.26571038 0.26571038 0.0 0.0 0.0 0.0 0.03476877 0.03476877 0.26571038 0.23250349 0.0 0.0 0.0 0.0 0.0 0.0 0.18817486 0.18817486 0.019485932 0.34604472 0.34604472 0.510797
0.24572062 0.24572062 0.26571038 0.03476877 0.0 0.0 0.0 0.0 0.0 0.0 0.0 0.0 0.0 0.0 0.03476877 0.03476877 0.0 0.0 0.0 0.0 0.0 0.0 0.0 0.0 0.0 0.0 0.03476877 0.03476877 0.03476877 0.03476877 0.03476877 0.03476877 0.03476877 0.03476877 0.0 0.023520809 0.24572039 0.24572039 0.24572039 0.24572039 0.24572039 0.023520797 0.023520797 0.023520797 0.26571038 0.034768675 0.034768675 0.034768675 0.034768675 0.034768675 0.034768675 0.0 0.0 0.0 0.0 0.034768675 0.26571038 0.26571038 0.26571038 0.034768675 0.034768675 0.034768675 0.0 0.0 0.0 0.034768675 0.034768675 0.26571038 0.23250349 0.0 0.0 0.0 0.0 0.0 0.18817453 0.18817453 0.18817453 0.18817453 0.23250349 0.18817453 0.510793
0.24571729 0.26571023 0.034768675 0.034768675 0.0 0.0 0.0 0.0 0.0 0.0 0.0 0.0 0.0 0.0 0.034768675 0.034768675 0.0 0.0 0.0 0.034768675 0.034768675 0.0 0.0 0.0 0.0 0.0 0.0 0.034768675 0.034768675 0.034768675 0.034768675 0.034768675 0.034768675 0.034768675 0.034768675 0.023520786 0.24571705 0.023520786 0.023520786 0.023520786 0.24571705 0.023520786 0.023520786 0.26571035 0.034768675 0.034768675 0.034768675 0.034768675 0.034768675 0.034768675 0.034768675 0.0 0.0 0.0 0.034768675 0.034768675 0.26571035 0.26571035 0.034768675 0.034768675 0.034768675 0.034768675 0.0 0.0 0.0 0.26571035 0.26571035 0.26571035 0.0 0.0 0.0 0.0 0.0 0.0 0.0 0.18817386 0.18817386 0.3460446 0.18817386 0.18817386 0.3460446
0.02352076 0.034768578 0.034768578 0.0 0.0 0.0 0.0 0.0 0.0 0.0 0.034768578 0.0 0.0 0.0 0.034768578 0.034768578 0.0 0.0 0.0 0.034768578 0.034768578 0.034768578 0.0 0.0 0.0 0.0 0.0 0.034768578 0.034768578 0.034768578 0.034768578 0.034768578 0.26571023 0.034768578 0.034768578 0.26571023 0.24571371 0.02352076 0.0 0.02352076 0.02352076 0.02352076 0.02352076 0.034768578 0.034768578 0.034768578 0.0 0.0 0.0 0.0 0.0 0.0 0.0 0.0 0.0 0.0 0.034768578 0.034768578 0.034768578 0.034768578 0.0 0.034768578 0.034768578 0.05779723 0.02352076 0.26571023 0.26571023 0.26571023 0.0 0.0 0.0 0.23250327 0.0 0.0 0.23250327 0.23250327 0.0 0.0 0.1881737 0.1881737 0.34604454
0.034768578 0.034768578 0.0 0.0 0.0 0.0 0.0 0.0 0.0 0.0 0.0 0.0 0.0 0.0 0.034768578 0.034768578 0.034768578 0.0 0.0 0.034768578 0.034768578 0.0 0.034768578 0.034768578 0.26571015 0.26571015 0.26571015 0.26571015 0.26571015 0.26571015 0.26571015 0.26571015 0.26571015 0.034768578 0.034768578 0.26571015 0.02352076 0.02352076 0.0 0.0 0.02352076 0.02352076 0.034768578 0.034768578 0.034768578 0.0 0.0 0.0 0.0 0.0 0.0 0.0 0.0 0.0 0.0 0.0 0.0 0.034768485 0.034768485 0.034768485 0.034768485 0.034768485 0.26571015 0.26571015 0.2457099 0.2457099 0.2457099 0.02352076 0.019485872 0.0 0.0 0.23250327 0.0 0.0 0.23250327 0.23250327 0.0 0.0 0.0 0.0 0.0
0.034768388 0.034768388 0.034768388 0.0 0.0 0.0 0.0 0.0 0.0 0.0 0.0 0.0 0.0 0.034768388 0.034768388 0.034768388 0.034768388 0.0 0.0 0.0 0.0 0.0 0.034768388 0.034768388 0.26571012 0.26571012 0.26571012 0.26571012 0.24570656 0.26571012 0.26571012 0.26571012 0.26571012 0.034768388 0.26571012 0.26571012 0.26571012 0.023520749 0.0 0.0 0.023520749 0.26571012 0.034768388 0.034768388 0.034768388 0.0 0.0 0.0 0.0 0.0 0.0 0.0 0.0 0.0 0.0 0.0 0.0 0.0 0.034768388 0.034768388 0.034768388 0.034768388 0.26571012 0.26571012 0.24570632 0.24762198 0.24570632 0.023520749 0.019485848 0.23250316 0.23250316 0.23250316 0.34604436 0.019485848 0.23250316 0.23250316 0.0 0.0 0.0 0.0 0.0
0.034768295 0.034768295 0.0 0.0 0.0 0.0 0.0 0.0 0.0 0.0 0.0 0.0 0.0 0.0 0.0 0.0 0.034768295 0.034768295 0.034768295 0.0 0.0 0.0 0.034768295 0.034768295 0.26571006 0.26571006 0.26570997 0.26570997 0.26570997 0.26570997 0.26570997 0.26570997 0.26570997 0.26570997 0.26570997 0.39817393 0.24570346 0.023520714 0.0 0.0 0.0 0.034768295 0.034768295 0.034768295 0.0 0.0 0.0 0.0 0.0 0.0 0.0 0.0 0.0 0.0 0.0 0.0 0.0 0.0 0.034768295 0.034768295 0.034768295 0.034768295 0.26570997 0.26570997 0.26570997 0.24570274 0.26570997 0.26570997 0.23250312 0.013801097 0.23250312 0.23250312 0.34604424 0.019485824 0.23250312 0.23250312 0.0 0.23250312 0.23250312 0.34604424 0.23250312
0.034768295 0.034768295 0.034768295 0.0 0.0 0.0 0.0 0.0 0.0 0.0 0.0 0.0 0.0 0.0 0.0 0.0 0.034768295 0.034768295 0.034768295 0.034768295 0.0 0.0 0.034768295 0.034768295 0.034768295 0.034768295 0.034768295 0.034768295 0.07285165 0.26570985 0.26570985 0.26570985 0.26570985 0.26570985 0.14654148 0.02352069 0.02352069 0.0 0.0 0.0 0.0 0.034768295 0.034768295 0.034768295 0.0 0.0 0.0 0.0 0.0 0.0 0.0 0.0 0.0 0.0 0.0 0.034768295 0.0 0.034768295 0.034768295 0.034768295 0.034768295 0.034768295 0.034768295 0.26570985 0.26570985 0.047798157 0.26570985 0.034768295 0.013801097 0.0 0.0 0.0 0.0 0.0 0.0 0.0 0.0 0.23250297 0.23250297 0.23250297 0.23250297
0.034768198 0.034768198 0.034768198 0.0 0.0 0.0 0.0 0.0 0.0 0.0 0.0 0.0 0.0 0.0 0.0 0.0 0.0 0.14654136 0.0 0.0 0.0 0.0 0.034768198 0.034768198 0.034768198 0.034768198 0.034768198 0.034768198 0.0 0.26570985 0.26570985 0.26570985 0.26570985 0.26570985 0.14654136 0.0 0.0 0.0 0.0 0.0 0.0 0.0 0.0 0.0 0.0 0.0 0.0 0.0 0.0 0.0 0.0 0.0 0.0 0.0 0.0 0.034768198 0.0 0.034768198 0.034768198 0.034768198 0.034768198 0.034768198 0.26570985 0.26570985 0.0 0.24762098 0.24762098 0.0 0.0 0.0 0.0 0.0 0.0 0.0 0.0 0.0 0.0 0.23250297 0.23250297 0.23250297 0.23250297
0.034768198 0.034768198 0.0 0.0 0.0 0.0 0.0 0.0 0.0 0.0 0.0 0.0 0.0 0.0 0.0 0.0 0.0 0.0 0.0 0.0 0.0 0.0 0.034768198 0.034768198 0.034768198 0.0 0.034768198 0.034768198 0.034768198 0.034768198 0.26570982 0.26570982 0.26570982 0.26570982 0.023520678 0.023520678 0.023520678 0.023520678 0.0 0.0 0.0 0.0 0.0 0.0 0.0 0.0 0.0 0.0 0.0 0.0 0.0 0.023520678 0.023520678 0.023520678 0.0 0.0 0.0 0.0 0.023520678 0.023520678 0.023520678 0.26570982 0.26570982 0.3981737 0.24569249 0.24762082 0.24762082 0.24762082 0.18817186 0.18817186 0.0 0.0 0.0 0.0 0.0 0.0 0.019485788 0.019485788 0.019485788 0.23250288 0.34604394
0.0 0.0 0.0 0.0 0.0 0.0 0.0 0.0 0.0 0.0 0.0 0.0 0.0 0.0 0.023520665 0.023520665 0.023520665 0.0 0.0 0.0 0.0 0.0 0.0347681 0.14654136 0.0347681 0.0 0.0347681 0.0347681 0.0347681 0.0347681 0.0347681 0.2657097 0.3981737 0.3981737 0.3981737 0.023520665 0.023520665 0.023520665 0.0 0.0 0.0 0.0 0.0 0.0 0.0347681 0.0 0.0 0.0 0.0 0.0 0.0 0.023520652 0.023520652 0.023520652 0.0 0.0 0.023520652 0.023520652 0.023520652 0.023520652 0.023520652 0.0 0.3981737 0.3981737 0.24568915 0.24762048 0.24762048 0.0 0.0 0.0 0.0 0.0 0.0 0.0 0.0 0.0 0.019485764 0.019485764 0.019485764 0.0 0.108818054
0.0 0.0 0.0 0.0 0.0 0.0 0.0 0.0 0.034768008 0.034768008 0.0 0.0 0.0 0.0 0.023520652 0.023520652 0.023520652 0.0 0.0 0.0 0.0 0.0 0.034768008 0.034768008 0.034768008 0.034768008 0.034768008 0.034768008 0.034768008 0.034768008 0.26570967 0.26570967 0.39817357 0.023520641 0.023520641 0.0 0.023520641 0.023520641 0.023520641 0.0 0.0 0.0 0.0 0.0 0.034768008 0.0 0.0 0.0 0.0 0.0 0.0 0.023520641 0.26570967 0.034768008 0.0 0.0 0.023520641 0.023520641 0.023520641 0.0 0.023520641 0.0 0.0 0.24568582 0.24568582 0.24761999 0.24761999 0.0 0.0 0.0 0.0 0.0 0.34604383 0.34604383 0.34604383 0.34604383 0.23250279 0.23250279 0.01948574 0.0 0.108817935
0.0 0.0 0.146541 0.0 0.0 0.0 0.0 0.0 0.0 0.0 0.0 0.0 0.0 0.02352063 0.02352063 0.02352063 0.02352063 0.02352063 0.0 0.0 0.0 0.0 0.03476791 0.03476791 0.03476791 0.26570967 0.26570967 0.26570967 0.26570967 0.26570967 0.26570967 0.39817357 0.04779792 0.02352063 0.0 0.0 0.02352063 0.04779792 0.02352063 0.0 0.0 0.0 0.0 0.03476791 0.03476791 0.03476791 0.0 0.0 0.0 0.0 0.0 0.02352063 0.26570967 0.26570967 0.0 0.0 0.02352063 0.24568248 0.02352063 0.0 0.02352063 0.0 0.26570967 0.26570967 0.24568248 0.24568248 0.24761964 0.0 0.0 0.0 0.0 0.0 0.51074696 0.34604383 0.0 0.0 0.23250279 0.23250279 0.34604383 0.34604383 0.34604383
0.0 0.0 0.146541 0.0 0.0 0.0 0.0 0.0 0.0 0.0 0.0 0.0 0.0 0.0 0.034768008 0.034768008 0.26570964 0.023520619 0.023520619 0.023520619 0.0 0.0 0.0 0.034768008 0.034768008 0.26570964 0.24567962 0.24567962 0.24567938 0.39817357 0.39817357 0.24567938 0.0 0.023520619 0.0 0.023520619 0.023520619 0.04779768 0.023520619 0.0 0.0 0.0 0.0 0.034768008 0.034768008 0.0 0.0 0.0 0.0 0.023520619 0.023520619 0.023520619 0.26570964 0.26570964 0.26570964 0.0 0.023520619 0.24567914 0.023520619 0.0 0.0 0.26570964 0.26570964 0.26570964 0.26570964 0.26570964 0.26570964 0.26570964 0.23250268 0.23250268 0.18817052 0.0 0.23250268 0.23250268 0.0 0.0 0.51074266 0.51074266 0.51074266 0.51074266 0.51074266
0.0 0.0 0.14654088 0.0 0.0 0.034767818 0.0 0.0 0.0 0.0 0.0 0.0 0.0 0.0 0.0 0.034767818 0.26570952 0.39817345 0.023520581 0.023520581 0.023520581 0.023520581 0.023520581 0.023520581 0.023520581 0.023520581 0.023520581 0.023520581 0.24567604 0.023520581 0.24567604 0.24567604 0.2456758 0.023520581 0.0 0.023520581 0.39817345 0.39817345 0.023520581 0.0 0.0 0.0 0.0 0.034767818 0.26570952 0.023520581 0.023520581 0.023520581 0.023520581 0.023520581 0.023520581 0.023520581 0.023520581 0.023520581 0.26570952 0.26570952 0.034767818 0.034767818 0.034767818 0.034767818 0.0 0.034767818 0.034767818 0.26570952 0.26570952 0.26570952 0.26570952 0.26570952 0.23250264 0.23250264 0.0 0.0 0.34604365 0.34604365 0.34604365 0.34604365 0.34604365 0.34604365 0.34604365 0.34604365 0.23250264
0.0 0.0 0.0 0.0 0.0 0.034767818 0.0 0.0 0.0 0.0 0.0 0.0 0.0 0.0 0.0 0.034767818 0.26570943 0.24567294 0.24567294 0.26570943 0.26570943 0.023520581 0.023520581 0.023520581 0.023520581 0.023520581 0.023520581 0.023520581 0.023520581 0.023520581 0.023520581 0.2456727 0.2456727 0.023520581 0.023520581 0.0 0.39817333 0.39817333 0.023520581 0.023520581 0.0 0.0 0.023520581 0.26570943 0.26570943 0.023520581 0.26570943 0.26570943 0.26570943 0.023520581 0.023520581 0.023520581 0.023520581 0.023520581 0.023520581 0.26570943 0.11830081 0.034767818 0.034767818 0.034767818 0.0 0.034767818 0.26570943 0.26570943 0.0 0.0178442 0.0 0.0 0.019485682 0.019485682 0.019485682 0.0 0.34604365 0.34604365 0.34604365 0.34604365 0.34604365 0.34604365 0.34604365 0.34604365 0.01948567
0.0 0.0 0.0 0.03476772 0.03476772 0.03476772 0.03476772 0.0 0.0 0.0 0.0 0.0 0.0 0.02352057 0.2657094 0.03476772 0.2657094 0.2657094 0.24566936 0.24566936 0.24566936 0.02352057 0.02352057 0.02352057 0.02352057 0.0 0.02352057 0.02352057 0.02352057 0.02352057 0.02352057 0.2657094 0.3981731 0.3981731 0.0 0.3981731 0.0 0.3981731 0.02352057 0.05779703 0.0 0.0 0.02352057 0.02352057 0.02352057 0.0 0.2657094 0.2657094 0.0 0.0 0.02352057 0.02352057 0.02352057 0.02352057 0.2657094 0.02352057 0.0 0.0 0.0 0.0 0.0 0.24566865 0.24566865 0.0 0.2657094 0.2657094 0.2657094 0.02352057 0.01948567 0.01948567 0.01948567 0.01948567 0.0 0.0 0.34604347 0.34604347 0.34604347 0.10881734 0.10881734 0.34604347 0.01948567
0.0 0.0 0.0 0.0 0.034767624 0.034767624 0.034767624 0.0 0.0 0.0 0.0 0.0 0.023520557 0.26570934 0.26570934 0.034767624 0.034767624 0.26570934 0.24566603 0.24566603 0.24566603 0.023520557 0.023520557 0.023520557 0.0 0.0 0.023520557 0.023520557 0.023520557 0.023520557 0.023520557 0.023520557 0.24566603 0.24566603 0.24761797 0.24761797 0.24761797 0.023520557 0.24566579 0.023520557 0.26570928 0.034767624 0.24566579 0.24566579 0.24566579 0.24566579 0.24566579 0.26570928 0.26570928 0.26570928 0.034767624 0.0 0.034767624 0.034767624 0.023520546 0.023520546 0.0 0.0 0.023520546 0.023520546 0.02472139 0.26570928 0.26570928 0.26570928 0.26570928 0.26570928 0.26570928 0.023520546 0.0 0.019485658 0.34604335 0.34604335 0.0 0.0 0.0 0.34604335 0.34604335 0.10881734 0.10881734 0.34604335 0.34604335
0.0 0.0 0.0 0.034767624 0.0 0.0 0.0 0.0 0.0 0.0 0.0 0.0 0.034767624 0.2657092 0.2657092 0.2657092 0.2657092 0.2657092 0.2657092 0.24761781 0.0 0.0 0.0 0.0 0.0 0.023520533 0.023520533 0.023520533 0.023520533 0.023520533 0.0 0.023520533 0.2657092 0.24566221 0.0 0.24761781 0.0 0.0 0.24566221 0.0 0.2657092 0.023520533 0.0 0.24566221 0.24566221 0.24566221 0.2657092 0.2657092 0.2657092 0.2657092 0.034767624 0.0 0.034767624 0.0 0.0 0.0 0.0 0.0 0.023520522 0.0 0.0 0.26570916 0.26570916 0.26570916 0.26570916 0.26570916 0.26570916 0.023520522 0.0 0.01948562 0.3460433 0.3460433 0.0 0.0 0.0 0.3460433 0.3460433 0.3460433 0.3460433 0.3460433 0.3460433
0.0 0.0 0.0 0.0 0.0 0.0 0.0 0.0 0.0 0.0 0.0 0.0 0.034767434 0.26570916 0.26570916 0.26570916 0.26570916 0.26570916 0.034767434 0.0 0.0 0.0 0.1465404 0.1465404 0.0 0.0 0.0 0.023520535 0.023520535 0.023520535 0.0 0.023520535 0.023520535 0.023520535 0.0 0.0 0.0 0.0 0.0 0.24565887 0.24565887 0.24565887 0.24565887 0.26570916 0.26570916 0.26570916 0.0 0.26570916 0.034767434 0.034767434 0.034767434 0.034767434 0.0 0.0 0.0 0.0 0.0 0.0 0.0 0.0 0.0 0.26570916 0.26570916 0.034767434 0.034767434 0.26570916 0.034767434 0.0 0.0 0.0 0.0 0.01948562 0.0 0.0 0.0 0.34604323 0.34604323 0.34604323 0.34604323 0.34604323 0.34604323
0.0 0.0 0.034767434 0.0 0.0 0.0 0.0 0.0 0.0 0.0 0.0 0.034767434 0.034767434 0.034767434 0.034767434 0.034767434 0.0 0.0 0.034767434 0.034767434 0.034767434 0.0 0.1465404 0.1465404 0.0 0.0 0.0 0.0235205 0.04774797 0.0235205 0.0 0.0 0.0 0.0235205 0.0 0.0 0.0235205 0.02352051 0.0 0.0 0.2456553 0.2456553 0.2456553 0.2657091 0.2657091 0.2657091 0.0 0.2657091 0.2657091 0.2657091 0.2657091 0.2657091 0.02352051 0.02352051 0.0 0.0 0.0 0.0 0.0 0.0 0.0 0.2657091 0.2657091 0.2657091 0.2657091 0.2657091 0.034767434 0.0 0.0 0.0 0.0 0.01948561 0.23250216 0.23250216 0.0 0.0 0.0 0.0 0.0 0.0 0.0
