Export/ASCII/RMeteo_SP_inch/impervious0/net_infiltration_2017_SP4_inch.asc
ncols         660
nrows         338
xllcorner     1476100.0
yllcorner     5017100.0
cellsize      100
NODATA_value  -9.9000000089461e-20
[rows 260 to 285 of 338, columns 60 to 119 of 660]
3.0342524 3.0342524 3.0342524 3.0342524 3.0342524 3.0342524 2.2367234 2.5814946 3.0342538 3.0342538 2.236724 2.5814946 3.0342538 3.0342538 3.0342543 2.2367244 2.5814955 3.0342548 3.0342557 3.0342557 3.0342557 3.0342557 3.0342557 3.12766 3.1181042 3.086552 3.0865529 3.0865529 3.0865529 3.0865529 3.0865529 3.0865529 3.0865533 2.313311 2.6749017 3.0865533 2.313311 2.6749017 3.0865533 3.0865533 3.0865533 3.0865533 3.0865533 3.0865543 3.0865543 3.0865543 3.0865543 3.0865548 3.0865548 3.0865548 3.0865548 3.0865552 3.0865552 3.0865557 3.0865557 3.294502 1.512567 1.6851166 1.5125673 1.8644452
3.0342019 3.0342019 2.236681 2.236681 2.5814526 3.0342023 3.0342023 3.0342023 2.236682 2.236682 2.5814536 2.236682 2.5814536 3.0342028 3.0342033 2.2366824 2.581454 3.0342033 3.0342038 3.0342038 2.236683 2.236683 2.5814545 3.1276095 2.3132682 2.6748598 2.3132687 2.3132687 2.3132687 2.6748602 3.086501 3.086501 3.086501 2.3132691 2.6748607 3.0865014 2.3132691 2.3132691 2.3132691 2.6748607 3.0865018 3.0865018 3.0865018 3.0865018 3.0865018 2.3132691 2.6748607 3.0865023 3.0865023 2.31327 2.6748617 3.0865028 3.0865028 3.0865033 3.0865033 2.707236 1.1181256 1.1181256 2.3503962 1.8644207
3.0341508 3.0341508 3.0341508 3.0341518 3.0341518 3.0341518 3.0341523 3.0341523 3.0341523 3.0341523 3.0341537 3.0341542 3.0341542 3.0341542 3.0341542 3.0341542 3.0341542 3.0341542 3.0341542 3.0341542 3.0341542 3.0341547 3.0341547 3.1275613 3.118005 3.0864518 3.0864527 3.0864527 3.0864527 3.0864527 3.0864527 3.0864527 3.0864527 3.0864532 3.0864532 3.0864532 3.0864532 3.0864532 3.0864532 3.0864546 3.0864546 3.0864546 3.0864546 3.0864546 3.0864546 3.0864546 3.0864546 3.0864546 3.0864546 3.0864546 3.0864546 3.0864546 3.0864546 3.0864546 3.0864546 3.086455 2.1191938 1.5125294 1.6850356 2.3503494
3.0341003 3.0341003 3.0341008 3.0341012 3.0341012 3.0341017 3.0341017 3.0341017 3.0341027 3.0341027 3.0341027 3.0341036 3.0341036 3.034104 3.034104 3.034104 3.034105 2.2366014 2.581375 3.034105 2.2366014 2.581375 3.034105 2.3131866 2.6747801 3.0864003 3.0864007 3.0864007 3.0864007 3.0864007 3.0864007 3.0864012 3.0864012 3.0864012 3.0864012 2.3131876 2.674781 3.0864017 3.0864017 2.313188 2.6747816 2.313188 2.6747816 3.0864022 3.0864022 3.0864022 3.0864022 3.0864022 3.0864022 3.0864022 3.0864022 3.0864022 2.313188 2.6747816 3.0864022 3.0864022 3.5042644 1.8643706 2.0158753 2.0158753
3.0340507 3.0340517 2.236558 2.5813324 3.0340521 2.236558 2.5813324 3.0340521 3.0340521 3.0340521 3.0340521 3.0340521 3.0340521 3.0340526 3.0340526 3.0340526 3.0340536 3.0340536 3.034054 3.034054 3.034054 3.034054 3.034054 3.1274602 3.117904 3.0863502 3.0863507 3.0863507 3.0863512 3.0863516 3.0863516 2.313147 2.313147 2.6747415 2.313147 2.3131475 2.674742 3.0863535 3.0863535 2.313148 2.6747425 3.0863535 3.0863535 3.0863535 3.086354 3.086354 3.086354 3.086354 3.086354 3.086354 3.086354 3.086354 3.086354 3.086354 3.086354 3.0863545 3.781978 1.8643451 2.01583 2.01583
3.0339997 3.0339997 3.0339997 3.0340002 3.0340002 3.0340002 3.0340002 3.0340002 3.0340006 3.034001 3.034001 3.0340016 3.0340016 3.0340016 3.0340016 3.0340016 3.0340016 3.0340016 3.0340016 3.034002 3.034002 3.0340035 3.0340035 3.1274092 3.117853 3.0862997 3.0862997 3.0862997 2.3131042 2.6747 3.0863001 3.0863001 3.0863001 3.0863001 3.0863001 3.0863006 3.0863006 3.0863006 3.0863006 3.0863006 3.086301 3.086301 3.0863016 3.0863016 3.0863025 3.086303 3.086303 3.086303 3.0863035 3.0863035 3.0863035 3.0863035 3.0863035 3.086304 3.086304 3.086304 1.118045 1.118045 1.684913 2.0157847
2.2364717 2.2364717 2.5812485 3.0339491 3.0339491 2.2364726 2.2364726 2.2364726 2.5812495 2.2364726 2.2364726 2.2364726 2.236475 2.5812519 2.236475 2.236475 2.236475 2.236475 2.5812519 3.033953 2.2364764 2.5812533 3.033953 2.3130622 2.3130622 2.674659 2.3130622 2.674659 2.3130622 2.3130622 2.674659 2.3130622 2.674659 3.086251 2.3130627 2.313064 2.674661 2.3130646 2.313065 2.6746619 3.086253 2.313065 2.6746628 3.086254 2.313066 2.6746628 2.3130674 2.6746643 3.0862553 2.3130674 2.6746647 3.0862558 3.0862558 3.0862558 3.0862558 3.055631 1.5124526 1.1180245 1.5124526 1.5124526
3.033899 3.033899 3.033899 3.033899 3.033899 3.033899 3.0338995 3.0338995 3.0339005 3.0339005 3.0339005 3.0339005 3.033901 3.033901 3.033901 3.033901 3.033901 3.0339015 3.0339015 3.0339015 3.0339015 3.033902 3.0339024 3.127312 3.1177547 3.086202 3.086202 3.086202 3.086202 3.0862024 3.0862024 3.0862029 3.0862029 3.0862029 3.0862029 3.0862029 3.0862029 3.0862029 3.0862029 3.0862029 3.0862033 3.0862033 3.0862033 3.0862033 3.0862033 3.0862033 3.0862038 3.0862038 3.0862043 3.0862043 3.0862043 3.0862043 3.0862043 3.0862043 3.0862048 1.1180044 1.1180044 1.1180044 1.7457399 1.7457404
3.033847 3.033847 2.2363882 2.581167 3.033847 3.033847 3.033847 3.033847 3.033847 3.033847 3.033847 2.2363896 2.5811684 3.0338476 3.0338485 3.0338485 3.0338485 3.0338485 3.0338485 3.033849 3.033849 3.0338495 3.0338504 3.12726 3.1177037 3.08615 3.0861504 3.0861504 3.0861504 3.0861514 3.0861514 3.0861518 3.0861518 3.0861523 3.0861523 3.0861523 3.0861528 3.0861528 3.0861528 3.0861528 3.0861528 3.0861528 3.0861528 3.0861528 3.0861528 3.0861528 3.0861528 3.0861528 3.0861528 3.0861528 3.0861533 3.0861533 3.0861537 3.0861537 3.29745 1.1179844 1.1179844 1.5124149 1.8642447 1.8642447
2.2363477 2.5811274 3.0337975 2.2363477 2.5811274 2.2363477 2.2363477 2.5811274 2.2363477 2.5811274 2.2363477 2.2363477 2.581128 3.033798 3.033798 3.033798 3.0337985 2.2363482 2.581128 3.0337985 3.033799 2.2363486 2.5811284 3.1272109 3.1176546 3.0860994 3.0860994 3.0860999 2.3129416 2.3129416 2.6745412 2.312942 2.6745417 3.0861018 3.0861018 3.0861018 3.0861018 2.3129425 2.6745427 3.0861022 3.0861027 3.0861027 3.0861022 3.0861022 3.0861022 3.0861022 3.0861022 3.0861022 2.312943 2.6745427 3.0861022 3.0861022 2.312943 2.6745427 1.1179639 1.5123956 1.1179639 1.8642199 1.8642199 1.8642199
3.033748 3.033748 3.033748 3.0337484 3.0337484 3.0337484 2.2363067 2.5810883 3.0337493 3.0337493 3.0337493 2.2363076 2.5810888 2.236308 2.5810888 3.0337498 3.0337498 3.0337503 3.0337503 3.0337503 2.2363095 2.5810902 3.0337508 2.3129 2.6745007 3.0860493 3.0860493 3.0860493 3.0860493 3.0860493 3.0860493 3.0860493 3.0860493 3.0860507 3.0860507 3.0860507 3.0860507 3.0860507 3.0860512 3.0860512 3.0860512 3.0860512 3.0860522 3.0860522 3.0860522 3.0860522 3.0860522 3.0860522 3.0860522 3.0860522 3.0860522 3.0860522 3.0860522 3.0860522 2.2749438 1.5123768 1.1179439 1.8641946 1.8641946 1.1179439
3.0336945 3.0336955 3.0336955 3.033696 3.033696 3.033696 3.033696 3.033696 3.033696 3.033696 3.0336964 3.0336964 2.2362642 2.5810459 2.2362642 2.2362657 2.5810473 3.0336978 3.0336978 2.2362661 2.5810478 3.0336978 3.0336978 3.1271122 3.1175554 3.0860012 3.0860012 3.0860012 3.0860012 3.0860012 3.0860012 3.0860012 3.0860012 3.0860012 3.0860012 3.0860012 3.0860016 3.0860016 3.0860016 3.0860016 3.0860016 3.0860016 3.086002 3.086002 3.086002 3.086002 3.0860026 3.0860026 3.0860026 3.0860026 3.086003 3.086003 3.0860035 3.0860035 3.2973342 1.1179231 1.1179234 1.8641696 2.9840724 2.6432104
2.2362232 2.5810063 3.0336463 2.2362232 2.2362232 2.5810063 2.2362232 2.2362232 2.5810063 2.2362237 2.2362237 2.5810068 3.0336483 2.2362247 2.5810077 3.0336483 2.2362247 2.5810077 3.0336483 2.2362247 2.5810077 2.2362247 2.2362247 2.6744215 2.312819 2.312819 2.6744215 3.0859501 3.0859501 3.085951 2.312819 2.674422 2.3128204 2.674423 2.3128204 2.674423 3.0859525 3.0859525 3.0859525 3.0859525 3.085953 3.085953 3.085953 3.085953 3.085953 3.085953 3.085953 3.085953 3.085953 3.085953 3.085953 3.085953 3.085954 3.085954 3.0859544 3.297296 2.312961 2.9840367 2.9549372 2.9549372
3.0335934 3.0335944 3.0335944 3.0335944 3.0335944 3.0335944 3.0335944 3.0335948 3.0335948 3.0335948 3.0335948 3.0335948 3.0335948 3.0335948 3.0335948 3.0335963 3.0335963 3.0335968 3.0335968 3.0335977 3.0335977 3.0335977 3.0335982 3.127011 3.1174548 3.0859005 3.0859005 3.0859005 3.0859005 3.085901 3.085901 3.085901 3.0859015 3.0859015 3.0859015 3.0859015 3.085902 3.085902 3.085902 3.085902 3.085902 3.085902 3.085902 3.085902 3.085902 3.085902 2.31278 2.31278 2.6743834 2.31278 2.3127804 2.3127804 2.3127804 2.6743839 2.3127804 2.6743839 3.3238833 3.297256 3.5178232 2.2748594
2.2361374 2.2361388 2.2361388 2.2361388 2.2361388 2.2361388 2.2361388 2.2361388 2.2361388 2.2361403 2.2361403 2.2361403 2.2361403 2.2361403 2.2361403 2.2361403 2.2361403 2.2361403 2.2361407 2.2361407 2.2361407 2.2361407 2.2361407 2.3127356 2.3127356 2.312736 2.6743405 3.0858486 3.0858486 3.0858486 3.0858486 3.085849 3.08585 3.08585 3.08585 3.08585 3.08585 3.08585 3.0858514 3.0858514 3.0858514 3.0858514 3.0858514 3.0858514 3.0858514 3.0858514 3.0858514 3.0858514 3.085852 3.085852 3.085852 3.085852 3.0858524 3.0858524 3.0858524 3.0858524 3.0858524 3.7195354 3.4299984 1.1178623
2.2360973 2.5808833 2.2360973 2.2360973 2.5808833 2.2360973 2.5808833 2.2360978 2.2360978 2.5808842 2.2360983 2.5808842 2.2360983 2.2360983 2.5808842 3.0334952 3.0334952 3.0334957 3.0334957 2.2360997 2.5808856 3.0334957 3.0334957 2.3126955 2.6743014 3.0857995 3.0857995 3.0857995 3.0857995 3.0858 2.312696 2.6743019 2.312696 2.312696 2.6743023 3.0858004 3.085801 3.085801 3.0858014 2.3126974 2.6743033 3.0858014 3.0858018 3.0858018 3.0858018 3.0858018 3.0858018 3.0858018 3.0858018 3.0858018 2.3126988 2.6743042 3.0858023 3.0858023 2.3126984 2.6743038 3.0858018 3.2971783 1.5122814 1.1178426
3.0334437 3.0334437 3.0334437 3.0334437 3.0334446 3.0334446 3.0334446 3.0334451 3.0334451 3.0334451 3.0334456 2.2360582 2.580845 2.2360578 2.5808446 3.0334456 2.2360582 2.580845 3.0334466 3.0334466 3.033447 2.2360597 2.5808465 3.1268609 2.3126535 2.3126535 2.6742604 2.3126535 2.6742604 2.3126535 2.6742609 3.085749 3.085749 3.085749 3.085749 3.085749 3.085749 3.085749 3.085749 3.085749 3.0857499 3.0857499 3.0857499 3.0857503 3.0857503 3.0857503 3.0857503 3.0857508 3.0857508 3.0857508 3.0857508 3.0857508 3.0857508 3.0857508 3.0857508 3.0857508 3.0857508 3.2971387 1.5122623 1.1178223
3.0333917 3.0333917 3.0333917 3.0333917 3.0333922 3.0333922 3.0333922 3.0333922 3.0333922 3.0333922 3.0333922 3.0333922 3.0333922 3.0333927 3.0333927 3.0333927 3.0333927 2.2360144 2.5808022 3.0333927 3.0333931 3.0333931 3.0333936 3.1268127 3.1172545 2.3126144 2.3126144 2.6742222 3.0856993 3.0856998 3.0856998 3.0856998 3.0856998 2.312615 2.6742227 3.0856998 2.3126154 2.6742232 3.0857003 3.0857003 3.0857003 3.0857003 3.0857003 3.0857008 3.0857008 3.0857008 3.0857008 3.0857012 3.0857012 3.0857012 3.0857012 3.0857017 3.0857017 3.0857027 3.0857027 3.0857027 3.0857027 1.1178015 1.1178018 1.1178018
3.0333412 3.0333412 3.0333412 3.0333412 3.0333412 3.0333416 3.0333416 3.0333421 3.0333421 3.0333421 3.0333426 3.0333426 3.0333436 3.0333436 3.0333436 3.0333436 3.0333436 2.2359734 2.2359738 2.2359738 2.2359748 2.2359748 2.2359748 2.312573 2.6741817 2.312573 2.6741817 2.312573 2.6741817 2.312573 2.6741817 2.312573 2.6741827 2.312574 2.312574 2.6741827 2.312574 2.312574 2.312574 2.3125744 2.3125744 2.3125744 2.6741831 3.0856512 2.3125744 2.6741831 2.3125744 2.6741831 2.3125744 2.6741831 2.3125744 2.6741831 2.3125744 2.3125744 2.6741836 2.3125749 2.6741836 1.1177818 1.1177818 1.5122242
3.0332906 3.0332906 3.0332906 3.0332906 3.0332906 3.0332906 3.0332906 3.0332916 3.0332916 3.0332916 3.033292 3.033292 3.033292 3.033292 3.033292 3.033292 3.033292 3.033292 3.033292 3.033292 3.0332925 3.0332925 3.0332925 3.1267126 3.1171548 3.0855992 3.0855992 3.0855992 3.0855992 3.0855992 3.0855997 3.0855997 3.0856006 3.0856006 3.0856006 3.0856006 3.085601 3.085602 3.085602 3.085602 3.085602 3.085602 3.085602 3.0856025 3.0856025 3.0856025 3.0856025 3.0856025 3.0856025 3.085603 3.085603 3.085603 3.085603 3.0856044 3.0856044 3.0856044 3.0856044 3.0856044 1.1177617 1.1177617
2.580681 2.23589 2.23589 2.580681 3.0332415 3.0332415 3.0332415 3.0332415 2.2358909 2.580682 3.0332425 3.0332425 3.0332425 3.0332425 3.0332425 3.033243 3.033243 3.033243 3.033244 2.2358923 2.5806844 3.0332448 3.0332448 2.31249 2.6741006 3.0855482 3.0855482 3.0855482 2.312491 2.6741016 3.0855496 3.0855496 3.0855496 3.0855496 3.0855496 3.0855496 3.08555 3.0855505 3.0855505 3.0855505 3.0855505 3.085551 3.085551 3.085551 3.085551 3.085552 3.085552 2.3124943 2.674105 3.0855525 3.0855525 3.0855525 3.0855525 3.0855525 3.0855525 3.085553 3.085553 3.085553 1.9289877 1.5121856
3.033188 3.033188 3.033188 3.033188 3.0331886 3.0331886 3.0331886 3.033189 3.033189 3.0331895 3.033191 3.0331914 3.0331914 2.2358484 2.2358484 2.235849 2.235849 2.580641 3.033192 3.033192 3.0331924 3.0331924 3.0331924 3.1266115 3.1170537 3.085498 3.0854986 3.0854986 3.0854986 3.0854986 3.0854986 3.0854986 2.31245 2.31245 2.312451 2.3124514 2.3124514 2.674063 3.0855 3.0855 3.0855 3.0855005 2.3124518 2.6740634 2.3124518 2.6740634 2.3124518 2.3124518 2.3124518 2.3124518 2.6740634 3.0855005 2.3124518 2.6740634 2.3124518 2.674064 2.3124523 2.674064 3.4588165 2.1379204
3.033139 3.033139 3.0331395 3.0331395 3.0331395 3.0331395 3.0331395 3.03314 3.03314 3.03314 3.03314 3.03314 3.0331404 3.0331404 3.0331404 3.0331404 2.2358074 2.5806005 2.235808 2.580601 3.0331423 2.235808 2.235808 2.674021 3.1170037 2.3124084 2.3124094 2.674022 2.3124094 2.674022 2.3124094 2.674022 2.3124108 2.6740234 3.085451 3.0854514 3.0854514 3.0854514 3.0854514 3.0854514 3.0854514 3.0854514 3.0854514 3.0854514 3.0854514 3.0854518 3.0854518 3.0854518 3.0854518 3.0854523 3.0854523 3.0854528 3.0854528 3.0854528 3.0854528 3.0854528 3.0854528 3.0854528 3.0854528 1.1177009
3.033086 3.033086 3.033086 3.033086 3.033087 3.0330875 3.0330875 3.0330884 3.0330884 3.0330884 3.0330884 3.0330884 3.0330884 3.0330884 3.0330884 3.0330884 3.0330884 3.033089 3.033089 3.033089 3.033089 3.0330894 3.0330894 2.3123698 2.6739833 2.3123698 2.6739833 3.0854008 2.3123703 2.6739838 2.3123703 2.6739838 3.0854018 3.0854018 3.0854018 3.0854018 3.0854018 3.0854018 3.0854018 3.0854018 3.0854018 3.0854023 3.0854023 3.0854023 3.0854023 3.0854023 3.0854023 3.0854023 3.0854023 3.0854023 3.0854023 3.0854027 3.0854027 3.0854027 3.0854027 3.0854027 3.0854027 3.0854032 3.0854032 3.8418417
3.033035 3.0330355 3.033036 3.033036 3.0330365 3.033037 3.033037 3.033037 3.033037 3.033037 3.033037 3.033037 3.033037 3.033037 3.0330374 3.0330374 3.0330384 3.0330384 3.0330384 3.0330384 3.0330384 3.0330389 3.0330389 3.1264617 3.116903 3.0853474 3.0853474 3.0853474 3.0853488 3.0853493 3.0853498 3.0853498 3.0853498 3.0853498 3.0853498 2.3123283 2.6739428 3.0853503 3.0853503 3.0853503 3.0853503 3.0853508 3.0853508 3.0853508 3.0853508 3.0853517 3.0853517 3.0853517 3.0853517 3.0853517 3.0853517 3.0853522 3.0853522 3.0853536 3.0853536 3.0853536 3.0853536 3.0853536 3.0853536 3.501985
3.0329864 3.0329864 3.0329864 3.0329864 3.0329864 3.0329864 3.0329864 3.0329864 3.0329874 3.0329874 3.0329883 3.0329883 3.0329883 3.0329883 3.0329883 2.235681 2.2356815 2.2356815 2.235682 2.5804784 3.0329893 3.0329893 3.0329893 2.312286 2.6739018 2.312286 2.312286 2.312286 2.3122864 2.3122864 2.3122864 2.6739023 3.0852983 2.3122864 2.6739023 3.0852993 2.3122864 2.6739023 2.3122864 2.6739023 2.3122864 2.3122869 2.6739028 2.3122869 2.6739028 2.3122869 2.6739028 2.3122869 2.6739028 2.3122873 2.6739028 2.3122878 2.6739032 3.0853012 2.3122883 2.6739047 2.3122892 2.6739051 2.3122897 2.6739051
