Export/ASCII/RMeteo_SP_inch/impervious0/net_infiltration_2017_SP4_inch.asc
ncols         660
nrows         338
xllcorner     1476100.0
yllcorner     5017100.0
cellsize      100
NODATA_value  -9.9000000089461e-20
[rows 260 to 285 of 338, columns 180 to 239 of 660]
3.8748267 3.8748267 3.8748267 3.874827 2.154614 2.6815279 2.154614 3.874827 3.874827 1.5403652 1.5403652 1.5403652 1.5403652 1.1124344 0.7773704 2.1546144 2.1546144 2.1546144 2.1546144 3.874827 3.874827 4.5421886 3.874827 3.874827 3.874827 3.874827 3.874827 3.874827 3.874827 0.42428946 0.42428946 0.80935407 0.3415625 0.42428946 0.42428946 0.42428946 0.42428994 0.42428994 0.42428994 0.42428994 0.8979771 0.42428994 0.009178161 0.009178161 0.42428994 0.42428994 2.1546144 2.764602 0.116401315 0.116401315 0.116401315 0.116401315 0.77134395 2.764602 0.9265342 0.9265342 0.77134395 0.77134395 0.771344 0.7843138
3.8748019 3.8748019 3.8748019 4.5634136 2.1545858 3.281092 2.1545858 2.1545858 3.8748019 3.8748019 1.5403509 1.1124136 1.5403509 1.5516198 3.8748019 2.6579432 2.6579432 2.6579432 2.6579432 3.8748024 4.5421553 4.5421553 3.8748024 3.8748024 3.8748024 3.8748024 3.8748024 3.8748024 3.8748024 0.5693464 0.5693464 0.948385 0.5693464 0.14335802 0.4242804 0.5693464 0.4242804 0.5693464 0.5693464 0.5693464 0.92650104 0.5693464 0.4242804 0.4242804 0.5693464 0.5693464 2.6579437 2.7645566 2.1545863 2.1545863 2.1545863 2.1545863 0.7713221 0.95747477 3.390223 3.390223 0.77132213 0.77132213 0.77132213 0.78429115
3.8747773 3.8747773 3.8747773 5.1942244 2.1545587 3.1912758 2.6579175 2.6579175 2.1545587 1.5403364 1.5403364 1.5516016 1.5403364 3.874778 3.874778 6.121207 2.1545591 2.7645109 2.7645109 2.1545591 4.542122 4.542122 3.8747783 3.8747783 3.8747783 3.8747783 4.2120385 4.2120385 3.8747785 0.6900312 0.6900312 0.9603685 0.51185215 0.18798554 0.14333819 0.6900312 0.5693369 0.8093369 0.0 0.6064654 0.9540794 0.6900312 0.5693369 0.5693369 0.6900312 0.6900312 2.764511 2.764511 2.6579182 2.6579182 2.6579182 2.6579182 0.7713 0.77130014 3.6519797 0.94222134 0.77130014 0.77130014 0.77130014 0.7842688
3.8747532 3.8747532 3.8747532 3.8747532 2.154531 2.8782647 2.154531 2.7644646 2.154531 2.154531 2.154531 3.9482434 3.8747532 3.8747532 3.8747532 3.8747532 3.8747532 2.7644656 2.7644656 2.6578918 3.8747532 3.8747532 4.5420866 4.5420866 3.8747532 3.8747532 4.2120094 4.2120094 3.8747537 5.68974 0.42426038 0.9214227 0.23141253 0.19920123 0.18798172 0.42426038 0.4588567 0.60138524 0.34122968 0.34122968 0.87747407 0.48413226 0.68999875 0.68999875 0.80999875 0.42426038 2.7644658 2.154532 2.7644658 2.154532 2.7644658 2.7644658 2.154532 0.77127796 0.77127796 0.77127796 0.77127796 0.77127796 0.77127796 0.7842464
3.8747282 3.8747282 3.8747284 5.4662466 3.281008 2.1545029 2.1545029 2.7644184 2.6814222 2.1545029 2.657864 3.874729 3.874729 3.874729 3.874729 3.874729 3.874729 4.654437 2.7644186 2.7644186 3.874729 4.5420504 1.1566927 1.1566927 0.21466896 1.1566927 1.1566927 4.211979 3.874729 4.5420504 0.48 1.0493202 0.2078327 0.19919145 0.19919145 0.5693202 0.23140109 0.23772275 0.48 0.48 0.89605975 0.0 0.8099649 0.42425036 0.92488027 0.5693202 2.764419 2.6578648 2.764419 2.6578648 2.7644196 2.7644196 2.6578648 2.1545033 0.771256 0.771256 0.771256 1.156693 1.156693 0.7842242
1.5402936 1.5402936 3.8747044 1.5402936 2.6578374 2.1544747 2.6578374 2.7643743 3.1987622 2.1544752 2.7643743 1.5402936 1.5402937 3.8747048 3.8747048 3.8747048 0.21466623 0.21466623 0.14546975 2.7643743 0.7712338 1.1566817 1.1566817 1.1566817 1.1566817 1.1566819 1.1566819 1.1566819 4.542018 4.542018 0.61594397 0.34155726 0.19918239 0.4424579 0.4424579 0.34155726 0.38925958 0.38925958 0.7878715 0.7878715 1.0135206 0.4242413 0.8977592 0.5693126 1.0493126 0.4242413 1.4020724 1.4020724 2.7643747 2.7643747 2.7643747 2.7643747 2.7643747 2.6578379 0.7712339 0.7712339 1.1566819 1.1566819 1.5402939 1.1648092
1.5402794 1.5402794 3.8746798 2.08493 2.154447 2.154447 2.8780808 2.1544476 3.1855454 2.6578114 2.7643285 1.5402795 1.5402795 3.8746798 3.8746798 3.8746798 0.21466357 0.21466357 0.21466357 0.14546429 0.8320011 1.1566707 1.1566707 0.77121174 1.1566707 1.1566707 4.5419827 4.5419827 4.5419827 4.5419827 3.87468 0.48 0.3415563 0.56930447 0.56930494 0.48 0.48 0.48 0.78799593 0.78799593 0.92400527 0.56930494 0.92629266 0.68989813 1.1755055 2.804933 1.1228976 1.1228976 2.7643297 2.7643297 2.7643297 1.4020383 1.4020383 2.7643297 2.1544485 0.7712123 0.21466362 0.21466362 3.87468 3.7465863
1.1566592 1.540265 3.8746545 5.1939344 2.1544209 2.6577861 3.2809265 2.1544209 2.8780212 2.1544209 2.7642841 2.1544209 3.8746545 3.8746545 3.8746545 3.8746545 0.2146608 0.2146608 0.2146608 0.116374016 0.116374016 0.7711898 1.1566594 1.1566594 1.1566594 1.1566595 4.5419483 4.5419483 4.5419483 4.5419483 3.874655 5.4327264 0.48 0.65750366 0.60749394 0.71999997 0.70429 0.70429 0.7202097 0.7202097 0.7807981 0.6898633 0.95388055 0.8098633 0.7228317 0.3575518 2.1769147 2.1769147 2.7642841 2.1544213 1.4020042 1.1228737 1.1228737 2.1544213 2.6577866 0.7711903 0.7711903 0.2146609 3.8746555 3.7465596
1.1566482 3.87463 3.87463 3.87463 2.1543918 3.074665 2.1543918 2.6577585 3.2808974 2.1543918 2.7642367 2.1543918 2.1543918 3.8746305 3.8746305 0.21465811 0.21465811 0.21465811 0.11637013 0.11637013 0.11637013 0.11637013 1.1566484 1.1566484 3.8746307 3.8746307 3.8746307 4.541914 4.541914 4.541914 3.8746307 3.8746307 0.8056246 0.8182299 0.7358691 0.84 0.34122443 0.7902209 0.86875796 0.86875796 0.8963897 0.80982995 0.4242127 0.4242127 0.18796313 0.22222364 2.1543922 2.1543922 2.764238 2.1543922 2.1543922 1.1122704 2.1768785 2.657759 2.764238 2.1543922 0.771168 0.771168 3.874631 3.7465332
1.156637 1.1566373 3.8746054 3.8746054 4.563068 3.2808707 2.1543646 3.07458 2.1543646 2.6577327 3.2808707 2.154365 2.6577332 3.874606 3.874606 0.21465544 0.21465544 0.21465544 0.21465544 0.21465544 0.11636622 0.11636622 3.874606 3.874606 3.874606 3.874606 3.874606 3.874606 4.54188 4.54188 3.874606 3.874606 0.9171984 0.9927734 1.0001096 0.905887 0.56928015 0.9922775 0.9219067 0.9219067 0.9219067 0.8975866 0.14773238 0.14773238 0.44237447 0.023332022 2.6577337 2.6577337 3.2808716 2.1543655 2.6577337 2.1768441 2.6577337 2.764193 2.764193 2.6577337 2.1543655 0.7711464 1.1566375 3.746506
0.21465269 1.156626 1.156626 1.156626 4.8349357 1.5402225 1.3463141 3.280843 2.154337 3.0744967 2.154337 2.6577063 2.7641478 2.154337 3.874581 0.21465272 0.21465272 0.21465273 0.21465273 0.21465273 0.21465273 0.21465273 3.874581 3.874581 3.874581 3.874581 3.874581 3.874581 4.5418444 3.874581 3.874581 3.874581 0.86994386 0.92909694 0.9956721 0.5739708 0.7796856 1.0626926 0.92612576 0.92612576 0.92612576 0.92612576 0.0 0.0 0.56927204 0.4241941 0.53137815 2.7641487 2.9608083 2.6577067 2.7641487 2.6577067 2.7641487 2.7641487 2.7641487 2.7641487 2.6577067 0.7711241 1.1566262 3.7464793
0.21465 1.1566148 1.1566148 1.1566148 1.1566148 1.5402081 1.9788164 1.5402081 2.6576788 3.2808144 2.1543083 2.9013326 2.1543088 2.6576793 2.1543088 3.8745573 0.21465 0.21465 0.21465 0.21465 3.8745573 3.8745573 3.8745573 3.8745577 3.8745577 3.8745577 3.8745577 3.8745577 3.8745577 3.8745577 3.8745577 3.8745577 5.8436584 0.9227102 0.92612624 0.67481375 0.36392912 0.7924987 0.9537208 0.9537208 0.9537208 0.9537208 0.0 0.0 0.0 0.56926394 0.42418456 2.1543088 2.7641015 2.7641015 2.1543088 2.1543088 2.7641015 2.7641015 2.7641015 2.1543088 2.7641015 2.1543088 0.7711022 1.164738
0.116354495 1.1566036 1.1566036 1.2363348 1.1566036 1.5401938 1.1566036 1.5401938 3.0743246 2.1542811 2.6576533 3.1984146 2.1542816 2.7640564 2.1542816 2.1542816 0.21464726 0.21464726 3.8745325 3.8745325 3.8745325 3.8745325 3.8745325 3.8745325 3.8745325 3.8745325 3.8745325 3.8745325 3.8745325 3.8745325 3.8745325 3.8745327 3.8745327 5.902279 0.9226973 0.62330675 0.42417455 0.57048607 0.9536822 0.9536822 0.9536822 0.9536822 0.42417455 0.42417455 0.42417455 0.6896955 0.56925535 2.6576543 2.7640574 2.7640574 2.6576543 2.6576543 2.7640574 2.7640574 2.7640574 2.6576543 2.7640574 3.5720193 2.154282 0.78404516
0.21464461 1.1565928 1.1565928 1.1565928 1.1565928 1.1565928 1.1565928 3.8745081 5.4677477 2.154254 3.279776 2.154254 2.6576273 3.28076 1.1121676 1.3462389 0.116350666 0.116350666 3.8745081 3.8745081 3.8745081 3.8745081 3.8745081 3.8745084 3.8745084 3.8745084 3.8745084 3.8745084 3.8745084 3.8745084 3.8745084 3.8745084 3.8745084 3.8745084 5.902129 0.7624413 0.4241655 0.66131866 0.95364165 0.4241655 0.95364165 0.95364165 0.5692477 0.5692477 0.5692477 0.80966115 0.68966115 0.4241655 2.7640111 2.7640111 2.7640111 2.154254 2.7640111 2.7640111 2.7640111 2.7640111 2.7640111 2.85025 2.6576273 0.7840229
3.8744833 3.8744833 2.8185878 2.1542253 1.1565813 1.1565814 3.8744833 3.8744833 3.8744833 2.6576002 3.1983151 1.1121471 3.0741553 2.1542258 1.1121471 1.1227052 1.1121472 0.11634678 0.11634678 3.8744833 3.8744833 3.8744833 3.8744833 3.8744833 3.8744833 3.8744833 3.8744833 3.8744833 3.8744833 3.8744833 3.8744833 3.8744833 3.8744833 3.8744833 3.8744833 3.8744833 0.5692396 0.5863519 0.9536021 0.5692396 0.42415643 0.9536021 0.42415643 0.42415643 0.6896268 0.89736915 0.8096268 0.5692396 2.7639651 2.7639651 2.7639651 2.6576006 2.7639651 2.7639651 2.7639651 2.7639651 2.7639651 2.8432503 2.7639651 2.108079
3.8744586 3.8744586 3.8744586 2.6575735 2.1541972 3.8744586 3.8744586 3.8744586 3.8744586 1.5847223 1.1121268 1.1226816 1.6677973 2.1541982 0.12609652 1.1121268 1.1226816 0.11634288 0.11634288 2.1541982 3.8744588 3.8744588 3.8744588 3.8744588 3.8744588 3.8744588 3.8744588 3.8744588 3.8744588 3.8744588 3.8744588 3.8744588 3.8744588 3.8744588 3.8744588 3.8744588 5.4209785 5.507575 0.9535625 0.36382708 0.569232 0.9535625 0.569232 0.93150175 0.42414737 0.9259193 0.8973267 0.6895944 2.76392 2.76392 2.76392 2.76392 2.76392 2.76392 2.76392 2.76392 2.76392 2.76392 1.4017327 1.3542769
3.8744333 3.8744333 4.653679 3.8744333 2.1541705 3.8744333 3.8744333 3.8744333 3.8744333 1.1226572 1.1121061 1.1429472 1.1121061 2.657548 2.1541705 0.11633895 0.117745265 0.11633895 2.154171 2.6575484 2.154171 3.874434 3.874434 3.874434 3.874434 3.874434 3.874434 3.874434 3.874434 3.874434 3.8744342 3.8744342 3.8744342 3.8744342 3.8744342 3.8744342 3.8744342 3.8744342 0.18793404 0.18793404 0.18793404 0.42413735 0.42413735 0.98658264 0.42413735 0.42413735 0.42413735 0.42413735 2.7638752 2.1541715 2.1541715 2.1541715 2.1541715 2.1541715 2.1541715 2.1541715 2.1541715 2.1541715 2.1541715 2.1080208
3.8744097 3.8744097 3.8744097 4.5627213 3.8744097 2.1541424 3.8744097 3.8744097 1.1650715 0.7785361 0.7709699 2.1765614 2.1541424 2.7638285 2.1541424 2.1541424 2.1541424 2.1541424 2.6575212 2.7638285 1.4649241 2.1541424 3.8744097 3.8744097 3.8744097 3.8744097 3.8744097 3.8744097 3.8744097 3.8744097 3.8744097 3.8744097 3.8744097 3.8744097 3.8744097 3.8744097 3.8744097 3.8744097 0.44220662 0.19907057 0.0 0.5692153 0.5692153 1.021087 0.5692153 0.5692153 0.5692153 0.5692153 2.7638285 2.6575212 2.6575212 2.6575212 2.6575212 2.1541424 2.6575212 2.1541424 2.6575212 2.1541424 0.77097034 1.3363776
3.8743837 3.8743837 3.8743837 3.8743837 5.2842593 2.1541147 2.1541147 2.1541147 1.156537 0.913978 2.1541147 2.6574948 2.6574948 3.2806218 2.1541147 2.6574957 2.6574957 2.7637832 2.1541157 2.7637832 1.5848033 2.6574957 2.1541157 2.1541157 3.8743854 3.8743854 3.8743854 3.8743854 3.8743854 3.8743849 3.8743849 3.8743849 3.8743849 3.8743849 3.8743849 3.8743849 3.8743849 3.8743849 0.5692067 0.009033393 0.009033393 0.6894914 0.6894914 1.0880712 0.6894914 0.6894914 0.6894914 0.6894914 2.7637846 2.7637846 2.7637846 2.7637846 2.7637846 2.6574962 2.7637846 2.6574962 2.7637846 2.6574962 0.77094847 1.1646551
3.8743596 3.8743596 3.8743596 3.8743596 3.8743596 3.8743596 2.6574688 2.1540875 2.1540875 2.1540875 2.1540875 1.4069135 1.1120446 2.960183 2.6574688 2.7637384 2.7637384 3.280595 2.1540875 2.7637384 0.93482244 2.1540875 2.6574688 2.1540875 2.1540875 3.8743596 3.8743596 3.8743596 3.8743596 3.8743596 3.8743596 3.8743596 3.8743596 3.8743596 3.8743596 3.8743596 3.8743596 3.8743596 0.42410827 0.34154344 0.34154344 0.809458 0.809458 1.0160764 0.8362887 0.42410827 0.809458 0.809458 0.42410827 4.6535096 2.7637389 2.7637389 2.7637389 2.7637389 2.7637389 2.7637389 2.7637389 2.7637389 2.154088 3.7462382
1.5400798 3.8743355 3.8743355 3.8743355 3.8743355 3.8743355 3.8743355 2.6574419 2.154059 2.6574423 2.6574423 1.122561 1.1120236 2.763692 2.1540594 2.763692 2.763692 2.1540594 3.57174 2.763692 0.9077767 1.3460624 1.4015623 2.6574423 2.6574423 2.1540594 0.11632343 3.8743358 3.8743358 3.874336 3.874336 3.874336 3.874336 3.874336 3.874336 3.874336 3.874336 3.874336 0.48 0.48 0.48 0.83669925 0.89710975 0.95923877 1.049191 0.009017181 0.33553553 0.89710975 0.569191 3.8743365 2.763692 2.763692 2.763692 2.763692 2.763692 2.763692 2.763692 2.763692 2.6574423 3.7462115
1.5400659 1.5400659 1.5400659 1.5400659 3.87431 3.87431 3.87431 3.1979568 2.1540308 2.8836677 0.9347824 2.1764197 2.1764197 3.197957 2.1540313 2.7636464 2.7636464 2.6574152 1.5841484 1.5775146 0.77088237 1.257202 0.92627454 1.3971004 2.7636464 0.13587135 0.116319545 2.1540313 2.1540313 2.1540313 3.8743117 3.8743117 3.8743117 3.8743117 3.8743117 3.8743117 3.8743117 3.8743117 0.61554724 0.71999997 0.71999997 0.88106656 0.92566943 0.9729488 1.1685405 0.18791544 0.19342172 0.92566943 0.68939126 2.1540318 2.7636473 2.7636473 2.7636473 2.7636473 2.7636473 2.7636473 4.653387 4.653387 4.653387 3.7461846
1.5400515 1.5400515 1.5400515 1.5400515 3.8742867 3.8742867 3.8742867 4.653324 4.5625057 3.1979187 2.154004 2.6573896 2.763602 2.154004 2.6573896 2.763602 2.763602 2.154004 1.6722667 1.584655 0.77086014 0.77841413 0.926262 1.1337763 0.9568269 0.77086014 2.1540046 2.65739 2.6809478 2.1540046 2.1540046 3.8742867 3.8742867 3.8742867 3.8742867 3.8742867 3.8742867 3.8742867 0.9252536 0.9291748 0.4240806 0.99986875 0.34154058 0.96448874 1.1079315 0.19902384 0.19902384 0.36520088 0.8093579 2.65739 2.7636025 2.7636025 2.7636025 2.7636025 2.7636025 2.7636025 3.8742867 3.8742867 3.8742867 3.7461576
1.5400373 1.5400373 1.5400373 3.8742623 3.8742623 3.8742623 3.8742623 3.8742623 3.8742623 5.0727873 4.562463 4.653262 5.467024 2.1539755 2.8770366 2.1539755 2.7635555 1.464812 1.5540247 1.5436196 0.9347428 3.0748825 3.0748825 0.8564862 0.77083814 0.77083814 0.91385853 2.7635555 3.197859 2.1539755 2.6573625 2.1539755 3.8742626 3.8742626 3.8742626 3.8742626 3.8742626 3.8742626 0.99542797 1.1286402 0.4240706 1.008613 0.48 1.0730386 0.4240706 0.44207978 0.44207978 0.4308641 0.8969791 4.653263 2.763556 2.763556 2.763556 2.763556 2.763556 4.653263 3.8742626 3.8742626 1.5400378 1.5452052
1.5400232 1.5400232 1.5400232 3.8742373 3.8742373 3.8742373 3.8742373 3.8742373 3.8742373 3.8742373 3.8742373 3.8742373 3.8742373 4.562419 3.2804568 2.1539493 1.5774076 1.5845811 1.5435936 1.5435936 3.5715992 3.6512043 3.6512043 0.7708161 0.7708161 0.7708161 0.7708161 0.9567656 2.1539493 2.6573372 2.7635112 2.6573372 2.1539493 3.8742385 3.8742385 3.8742385 1.5400232 1.5400232 0.6168498 1.1430898 0.5691576 0.42406058 0.8052002 1.1055875 0.42406058 0.42406058 0.8298948 0.42406058 5.872843 3.8742385 2.1539493 2.7635112 2.1539493 4.6532025 3.8742385 3.8742385 3.8742385 3.8742385 1.5400232 1.5451903
3.8742123 3.8742123 3.8742123 3.874213 3.874213 3.874213 3.874213 3.874213 3.874213 3.874213 3.874213 4.541329 3.874213 3.874213 4.833627 2.6573112 1.5845449 1.5435688 2.729663 2.729663 3.7339718 2.9290328 1.0124056 0.7707944 0.7707944 0.7707944 0.7707944 0.77079463 2.7634664 2.1539216 2.7634664 2.7634664 2.6573112 3.874213 3.874213 3.874213 1.540009 1.632082 0.18790066 1.1648602 0.68925536 0.5691495 0.42405152 1.2235913 0.14710057 0.5691495 0.7048546 3.874213 3.874213 3.874213 3.874213 5.3746033 3.874213 3.874213 3.874213 3.874213 3.874213 3.874213 3.874213 3.7460773
