Export/ASCII/RMeteo_SP_inch/impervious0/net_infiltration_2014_SP4_inch.asc
ncols         660
nrows         338
xllcorner     1476100.0
yllcorner     5017100.0
cellsize      100
NODATA_value  -9.9000000089461e-20
[rows 243 to 269 of 338, columns 240 to 299 of 660]
4.020522 14.185609 14.185609 14.185609 14.185609 14.185609 14.185609 14.185609 14.185609 14.185609 14.185609 14.185609 14.185609 14.185609 14.185609 14.185609 14.185609 14.185609 5.621112 5.621112 3.8413744 5.621112 4.479548 2.8699176 4.622882 14.185609 14.185607 14.185607 14.185607 14.185607 14.185607 14.185607 5.621112 5.621112 14.185607 14.185606 14.185606 4.020522 5.064101 5.7099957 5.064101 4.020522 5.064101 5.064101 5.064101 5.064101 5.064101 19.0482 14.185606 14.185606 14.185606 14.185606 14.185606 22.058828 14.185606 14.185606 14.185606 5.621111 5.621111 14.185606
5.064066 4.020507 14.185545 14.185545 14.185545 14.185545 14.185545 14.185545 14.185545 14.185545 14.185545 14.185545 14.185545 14.185545 14.185545 14.185545 14.185545 14.185545 14.185545 14.185545 3.8413432 5.6210723 5.6210723 2.8698857 2.8698857 14.185545 14.185545 14.185545 14.185545 14.185545 14.185545 14.185545 14.185545 14.185545 14.185545 14.185545 14.185545 4.020507 5.7099547 5.9661503 5.620351 5.064066 4.020507 5.620351 5.620351 5.620351 5.7345476 14.185545 14.185545 14.185545 14.185545 14.185545 14.185545 14.185545 8.171572 8.171572 8.171572 8.171572 8.171572 14.185545
5.6203165 5.064031 4.0204935 14.185484 14.185484 14.185484 14.185484 14.185484 14.185484 14.185484 14.185484 14.185484 14.185484 3.8413117 3.8413117 3.8413117 14.185484 14.185484 14.185484 14.185484 3.8413117 0.62117493 3.8413117 8.171525 8.171525 8.171525 14.185484 14.185484 14.185484 14.185484 14.185484 14.185484 12.899652 14.185484 14.185484 14.185484 14.185484 5.0640306 4.0204935 5.966118 5.2263713 5.620316 4.0204935 4.0204935 4.0204935 4.0204935 4.0204935 14.185484 14.185484 14.185484 14.185484 14.185484 14.185484 8.171524 8.171524 8.171524 8.171524 8.171524 8.171523 14.185484
5.7585187 5.620283 5.0639973 4.020479 14.185423 14.185423 14.185423 14.185423 14.185423 14.185423 14.185423 14.185423 14.185423 3.8412795 3.8412795 3.8412793 14.185423 14.185423 14.185423 14.185423 0.62116694 0.62116694 0.62116694 14.185423 9.67782 9.993248 14.185423 14.185423 14.185423 14.185423 14.185423 5.6209927 5.6209927 12.899571 14.185423 14.185423 14.185423 5.6202826 5.063997 2.8867197 2.8867197 4.559953 5.063997 4.020479 5.2544765 4.020479 5.063997 19.047882 14.185421 14.185421 14.185421 14.185421 8.171474 9.833924 5.4228683 9.833924 8.171474 9.677818 9.677818 8.171474
5.960936 5.7584877 5.6202474 5.063961 14.185366 14.185366 14.185366 14.185366 14.185366 14.185366 14.185366 14.185366 14.185366 5.6209517 5.6209517 5.6209517 14.185366 14.185366 14.185366 14.185366 0.621159 0.621159 0.621159 14.185366 4.4631867 8.171429 20.13629 14.185366 14.185364 14.185364 14.185364 5.6209517 5.6209517 2.8866825 14.185364 14.185364 14.185364 22.058386 5.6202474 2.970142 2.886682 4.129756 5.638798 5.063961 4.020464 5.8417387 5.063961 21.171204 14.185364 14.185364 14.185364 8.171427 8.171427 5.4228244 5.088675 9.298819 8.171427 10.000321 8.171427 10.000321
13.157468 5.9608955 5.758456 5.6202116 14.185302 14.185302 14.185302 14.185302 14.185302 14.185302 14.185302 14.185302 14.185302 5.620913 5.620913 5.620913 14.1853 14.1853 14.1853 14.1853 0.62115103 0.62115103 0.62115103 0.62115103 4.0204496 11.583428 17.417181 14.1853 14.1853 14.1853 14.1853 14.1853 5.620912 14.1853 4.0204496 14.1853 14.1853 14.1853 5.758456 4.129737 4.0204496 5.1070805 5.7790785 4.0204496 5.620211 4.0204496 5.9141426 21.17108 14.1853 14.1853 14.1853 8.171381 9.677722 5.4227805 8.17138 9.106019 9.677722 10.745929 8.17138 9.677722
10.008789 5.9782147 4.0204353 5.7584276 14.18524 14.18524 14.18524 14.18524 14.18524 14.18524 14.18524 14.18524 14.18524 14.18524 14.18524 14.18524 14.18524 14.18524 14.18524 14.18524 0.62114316 0.62114316 0.45043975 0.62114316 0.62114316 5.063892 19.707945 14.18524 14.18524 5.6208725 3.841184 3.841184 3.841184 14.18524 4.0204353 5.0638914 4.0204353 4.0204353 4.0204353 6.046686 5.0638914 5.635455 5.995758 5.0638914 4.0204353 5.758427 19.047564 22.985056 14.18524 14.18524 14.18524 8.171331 9.677673 9.8376255 9.677673 8.171331 10.0073395 10.984335 9.677673 8.171331
8.171284 9.837578 6.3938646 5.960815 4.020421 14.185179 14.185179 14.185179 14.185179 14.185179 14.185179 14.185179 14.185179 14.185179 14.185179 14.185179 14.185179 14.185179 14.185179 14.185179 3.841152 0.6211351 0.45043242 0.45043242 0.6211351 4.020421 5.620142 14.185179 14.185179 3.841152 3.841152 3.841152 3.841152 14.185179 5.0638566 4.020421 5.620142 5.063856 5.063856 6.113271 4.020421 5.6201415 6.093229 5.620141 5.0638556 14.185179 22.51615 14.185179 14.185179 14.185175 14.185175 14.185175 9.677622 10.356941 8.171283 9.837574 9.677622 11.569704 9.837574 9.677622
8.171236 10.381707 8.171236 6.482082 22.664204 14.185117 14.185117 14.185117 14.185117 14.185117 14.185117 14.185117 14.185117 14.185117 14.185117 14.185117 14.185117 14.185117 14.185117 3.84112 3.84112 0.6211273 0.45042512 0.45042512 0.26313457 0.26313457 5.063821 5.7583656 14.185117 3.84112 3.84112 3.84112 3.84112 14.185117 5.620107 4.020406 5.84418 5.620107 5.620107 23.68734 19.047352 4.020406 5.7583656 6.374538 21.17073 14.185115 14.185115 14.185115 14.185115 14.185113 14.185113 14.185113 9.837528 11.269251 8.171234 9.677572 10.182357 9.837528 12.003197 9.837528
9.6775255 10.890981 9.6775255 4.0203924 14.185055 14.185055 14.185055 14.185055 14.185055 14.185055 14.185055 14.185055 14.185055 14.185055 14.185055 14.185055 14.185055 14.185055 14.185055 3.841088 3.841088 0.6211193 0.4504179 0.4504179 0.6211193 0.26312917 4.0203924 5.960735 14.185055 3.841088 3.841088 3.841088 3.841088 14.185055 4.4594073 3.8128276 6.1132083 5.7583346 5.7583346 4.0203924 14.185055 14.185055 14.185055 22.515894 14.185055 14.185055 14.185055 14.185055 14.185055 14.185055 14.185055 14.185055 19.11382 8.171188 8.171188 8.171188 8.171188 8.171188 10.182303 14.185053
9.837434 10.987207 9.837434 5.0637507 14.184994 14.184994 14.184994 14.184994 14.184994 14.184994 14.184994 3.841057 14.184994 14.184994 14.184994 14.184994 14.184994 14.184994 14.184994 3.841057 3.841057 3.841057 0.45041052 0.45041052 0.62111133 0.62111133 5.0637507 4.020377 5.9780536 14.184992 14.184992 14.184992 14.184992 14.184992 2.8864584 3.042275 4.2356267 6.4405417 5.9606953 5.06375 4.020377 14.184992 14.184992 14.184992 14.184992 14.184992 14.184992 14.184992 14.184992 14.184992 14.184992 14.184992 14.184992 17.4168 17.4168 17.416798 14.184992 9.677475 10.538078 14.184992
10.182196 10.513981 10.182196 5.6200027 14.184934 14.184934 14.184934 14.184934 14.184934 14.184934 3.841025 3.841025 3.841025 14.184934 14.184934 14.184934 14.184934 14.184934 3.841025 3.841025 3.841025 3.841025 0.45040333 0.6211036 0.6211036 0.6211036 14.184934 5.6200027 5.0637174 14.184934 14.184932 14.184932 14.184932 14.184932 4.020364 2.969874 4.1397486 5.1068835 6.5798926 5.6200023 4.020364 5.063717 14.184932 14.184932 14.184932 14.184932 14.184932 14.184932 14.184932 14.184932 14.184932 14.184932 14.184932 14.184932 14.184932 14.184932 14.184932 18.483322 14.184932 21.076954
8.171045 10.399294 10.375381 5.7582436 14.184872 14.184872 14.547119 14.184872 14.184872 14.184872 5.6206346 5.6206346 3.8409927 14.184872 14.184872 14.184872 14.184872 14.184872 3.8409927 2.8695369 3.8409927 3.8409927 0.6210954 0.6210954 0.6210954 0.6210954 0.6210954 4.0203476 5.7582436 14.18487 14.18487 14.18487 14.18487 14.18487 14.18487 5.06368 4.1296043 5.1068482 5.619966 6.92597 5.06368 5.619966 4.0203476 4.0203476 4.0203476 14.18487 14.18487 14.18487 14.18487 14.18487 14.184868 14.184868 14.184868 14.184868 14.184868 14.184868 14.184868 14.184868 14.184868 14.184868
8.170995 10.399233 10.3782425 8.170995 5.9605756 14.184808 14.184808 14.184808 14.184808 14.184808 5.6205964 5.6205964 3.8409615 14.184808 14.184808 14.184808 14.184808 3.8409615 3.8409615 2.869506 2.869506 3.8409612 0.6210875 0.45038882 0.45038882 0.6210875 0.6210875 14.184808 4.0203333 22.515396 14.547057 14.184808 14.184808 14.184808 14.184808 14.184808 21.170147 19.131691 28.535603 14.184808 6.757947 4.0203333 5.758213 3.5029125 4.4812293 4.0203333 4.0203333 14.184808 14.184808 14.184808 14.184808 14.184808 14.184808 14.184808 14.184808 14.184808 14.184808 14.184808 14.184808 14.184808
3.4257746 8.170948 11.147842 5.42239 4.6251945 2.88631 14.184749 14.184749 14.184749 14.184749 14.184749 14.184749 14.184749 14.184749 14.184749 14.184749 14.184749 3.8409293 3.8409293 2.869474 3.8409293 3.8409293 0.62107956 0.62107956 0.45038146 0.62107956 0.62107956 0.62107956 4.020321 23.558584 14.184749 14.184749 14.184749 14.184749 14.184749 14.184749 14.184749 14.184749 14.184749 14.184749 14.184749 25.18027 5.06361 5.4688554 4.3861446 3.5028913 4.1279974 14.184749 14.184749 14.184749 14.184749 14.184749 14.184749 14.184749 14.184749 14.184749 14.184749 14.184749 14.184749 14.184749
2.8694427 3.4257407 4.1614113 4.4789543 3.0459876 2.8862734 14.184689 14.184689 14.184689 5.620515 3.8408978 14.184689 14.184689 14.184689 14.184689 14.184689 14.184689 3.8408978 3.8408978 3.8408978 3.8408978 3.8408978 0.62107164 0.62107164 0.62107164 0.62107164 0.62107164 0.62107164 14.184689 14.184689 14.184689 14.184689 14.184689 14.184689 14.184689 14.184689 14.184689 14.184689 14.184689 14.184689 14.184689 14.184689 14.184689 5.0268607 4.718512 4.039741 3.5028703 3.08806 4.0203047 14.184689 14.184689 14.184689 14.184689 14.184689 14.184689 14.184689 14.184689 14.184689 14.184689 14.184689
2.8694108 2.8694108 2.8694108 3.840866 3.9224126 2.9696827 5.620476 5.620476 5.620476 5.620476 5.620476 14.184627 14.184627 14.184627 14.184627 14.184627 14.184627 14.184627 3.840866 5.620476 3.840866 3.840866 15.256195 15.256195 0.62106365 15.256195 15.256195 15.256195 14.184625 14.184625 14.184625 14.184625 14.184625 14.184625 14.184625 14.184625 14.184625 14.184625 14.184625 14.184625 14.184625 14.184625 14.184625 10.682888 10.091437 15.970617 3.3032107 2.8862357 4.0202894 5.063539 14.184624 14.184624 14.184624 14.184624 5.6204743 5.6204743 14.184624 14.184624 14.184624 14.184624
2.869379 2.869379 3.8408344 3.8408344 3.8408344 14.422981 4.020277 2.975584 5.620436 5.620436 5.620436 3.8408344 14.184563 14.184563 14.184563 14.184563 14.184563 14.184563 14.184563 14.184563 3.8408344 3.8408344 14.184563 14.184563 14.184563 14.184563 14.184563 14.184563 14.184563 4.020277 19.046345 14.184563 5.620435 14.184563 14.184563 14.184563 14.184563 14.184563 14.184563 14.184563 14.184563 14.184563 14.184563 11.151284 14.184563 14.184563 12.832186 12.8088875 4.5546713 5.063505 5.6197915 14.184563 14.184563 14.184563 5.6204343 5.6204343 5.6204343 14.184563 14.184563 14.184563
2.869347 2.869347 3.840803 3.840803 14.184504 14.184504 2.4266794 1.7962732 4.020262 14.184504 14.184504 14.184504 14.184504 14.184504 14.184504 14.184504 14.184504 14.184504 14.184504 14.184504 14.184504 14.184504 14.184504 14.184504 14.184504 14.184504 14.184504 14.184504 14.184504 14.184504 14.184504 5.620395 5.620395 5.6203947 14.184504 14.184504 14.184504 14.184504 14.184504 14.184504 14.184504 14.184504 14.184504 14.184504 11.151203 3.8408027 12.594343 12.594343 4.554642 5.707026 5.758061 14.184504 14.184504 14.184504 5.6203947 5.6203947 5.6203947 14.184502 14.184502 14.184502
2.8693159 2.8693159 3.840771 3.840771 14.184442 14.184442 3.840771 1.7962452 5.0634346 14.184442 14.184442 14.184442 14.184442 14.184442 14.184442 14.184442 14.184442 5.6203566 14.184442 14.184442 14.184442 14.184442 14.184442 14.184442 14.184442 14.184442 14.184442 0.6210398 0.6210398 14.184442 14.184442 14.184442 5.6203566 14.18444 14.18444 14.18444 14.18444 14.18444 14.18444 14.18444 14.18444 14.18444 14.18444 14.18444 2.8693154 3.8407705 3.8407705 12.594276 5.626444 5.875055 5.960333 14.184439 14.184439 14.184439 14.184439 14.184439 14.184439 14.184439 14.184439 14.184439
2.869284 3.8407395 0.621032 14.184381 14.184381 14.184381 3.8407395 1.7962171 5.619687 4.020233 4.020233 14.184379 14.184379 14.184379 14.184379 14.184379 5.6203175 5.6203175 5.6203175 0.621032 0.621032 14.184379 14.184379 14.184379 14.184379 14.184379 14.184379 0.6210319 0.6210319 14.184379 8.170657 14.184379 14.184379 14.184379 14.184379 14.184379 14.184379 8.170657 8.170657 8.170657 14.184379 14.184379 14.184379 14.184379 2.8692834 2.8692834 3.8407385 12.594216 12.594216 17.940495 30.980858 14.184379 14.184379 14.184379 14.184379 14.184379 14.184379 14.184379 14.184379 14.184379
3.840707 3.840707 14.1843195 14.1843195 14.1843195 14.1843195 14.1843195 14.1843195 5.7579694 4.020218 4.020218 4.020218 14.1843195 14.1843195 14.1843195 14.1843195 5.6202755 5.6202755 0.6210241 0.6210241 14.1843195 14.1843195 14.1843195 14.1843195 14.1843195 14.1843195 14.1843195 14.1843195 14.1843195 14.1843195 14.1843195 8.170611 8.170611 9.676929 9.836905 8.170611 8.170611 8.170611 9.676935 0.4503306 0.621024 14.1843195 6.930231 8.17061 8.17061 2.8692517 3.8407063 3.8407063 12.59415 12.59415 12.59415 12.59415 14.184318 14.184318 14.184318 14.184318 14.184318 14.184318 14.184318 14.184318
3.840675 3.840675 14.1842575 14.1842575 14.1842575 14.1842575 14.1842575 14.1842575 22.514277 19.045862 19.045862 5.063329 4.0202036 4.0202036 14.1842575 14.1842575 14.1842575 14.1842575 14.1842575 5.620238 5.620238 14.1842575 14.1842575 14.1842575 14.1842575 14.1842575 14.1842575 14.1842575 14.1842575 14.1842575 14.1842575 8.170564 9.676886 8.170564 9.676882 10.355905 9.676886 9.9922905 0.5791532 0.45032325 0.45032325 0.45032322 6.9301567 9.861711 8.170564 9.676886 8.170564 8.170564 14.1842575 12.594087 12.594087 12.594087 14.1842575 14.1842575 14.1842575 14.1842575 14.1842575 14.1842575 14.1842575 14.1842575
14.184196 14.184196 14.184196 14.184196 14.184196 14.184196 14.184196 14.184196 14.184196 14.184196 14.184196 21.16898 19.045761 5.0632954 4.0201902 14.184196 14.184196 14.184196 14.184196 5.6201973 5.6201973 14.184196 14.184196 14.184196 14.184196 14.184196 14.184196 14.184196 14.184196 14.184196 14.184196 17.415798 8.170515 9.836813 8.170515 9.676832 11.609379 8.170515 9.676832 0.450316 0.450316 0.450316 6.9300833 8.170515 10.335358 9.676836 9.836813 8.170515 9.676836 8.436842 12.594023 12.594023 14.184196 14.184196 14.184196 14.184196 14.184196 14.184196 14.184196 14.184196
5.6201587 14.184135 14.184135 14.184135 14.184135 14.184135 14.184135 14.184135 14.184135 14.184135 14.184135 14.184135 14.184135 21.168858 19.045647 4.020175 14.184135 14.184135 14.184135 15.255783 15.255783 14.184135 14.184135 14.184135 14.184135 14.184135 14.184135 14.184135 14.184135 14.184135 14.184135 14.184135 3.4254322 4.4785976 5.9113092 2.869157 8.170465 11.724488 8.170465 0.5259049 0.45030868 0.5380309 6.930007 6.930007 9.8326235 10.96108 10.184037 8.170465 9.676785 9.836764 13.779583 12.593958 14.184135 14.184135 14.184135 14.184135 14.184135 14.184135 14.184135 14.184135
5.620118 5.620118 14.184075 14.184075 14.184075 5.620118 15.255737 14.184075 14.184075 14.184075 14.184075 14.184075 14.184075 14.184075 14.184075 19.045544 4.0201597 14.184075 14.184075 15.255735 15.255735 14.184075 14.184075 14.184075 14.184075 5.620118 5.620118 14.184075 14.184075 14.184075 14.184075 14.184075 4.4785585 4.4785585 4.4785585 2.8691251 8.170418 8.170418 11.974059 0.45030153 0.45030153 0.45030153 6.9299364 6.9299364 9.810067 9.297412 8.436724 9.208817 9.676736 10.355719 14.184072 14.184072 14.184072 14.184072 14.184072 14.184072 14.184072 14.184072 14.184072 14.184072
5.620078 14.184014 14.184014 14.184014 5.620078 5.620078 5.620078 3.8405483 14.184014 14.184014 14.184014 14.184014 14.184014 14.184013 14.184013 14.184013 19.045435 4.0201464 14.184013 15.255683 15.255683 14.184013 14.184013 14.184013 5.620078 5.620078 5.620078 5.620077 14.184013 14.184013 14.184013 14.184013 4.4785185 4.4785185 8.17037 2.8690927 8.170369 9.676688 9.676688 0.600579 0.45029414 0.45029414 8.170368 9.634476 9.810009 9.175439 9.305111 8.869963 10.010837 8.170368 21.674614 14.184012 14.184012 14.1840105 14.1840105 14.1840105 14.1840105 14.1840105 14.1840105 14.1840105
