Export/ASCII/RMeteo_SP_inch/impervious0/net_infiltration_2015_SP2_inch.asc
ncols         660
nrows         338
xllcorner     1476100.0
yllcorner     5017100.0
cellsize      100
NODATA_value  -9.9000000089461e-20
[rows 312 to 337 of 338, columns 0 to 57 of 660]
0.31528425 0.31528425 0.31528425 0.31528425 0.5023265 0.5023265 0.5023265 0.5023265 0.5023265 0.5023265 0.5023265 0.5023265 0.5023265 0.5023265 0.5023265 0.5023265 0.5023265 0.5023265 0.5023265 0.5023265 0.5023265 0.5023265 0.5023265 0.5023265 0.5023265 0.5023265 0.5023265 0.5023265 0.5023265 0.5023265 0.5023265 0.5023265 0.5023265 0.5023265 0.5023265 0.5023265 0.5023265 0.5023265 0.5023265 0.5023265 0.5023265 0.5023265 0.5023265 0.5023265 0.5023265 0.5023265 0.5023265 0.5023265 0.5023265 0.5023265 0.5023265 0.5023265 0.5023265 0.5023265 0.5023265 0.5023265 0.5023265 0.5023265
0.31527948 0.31527948 0.31527948 0.31527948 0.5023203 0.5023203 0.5023203 0.5023203 0.5023203 0.5023203 0.5023203 0.5023203 0.5023203 0.5023203 0.5023203 0.5023203 0.5023203 0.5023203 0.5023203 0.5023203 0.5023203 0.5023203 0.5023203 0.5023203 0.5023203 0.5023203 0.5023203 0.5023203 0.5023203 0.5023203 0.5023203 0.5023203 0.5023203 0.5023203 0.5023203 0.5023203 0.5023203 0.5023203 0.5023203 0.5023203 0.5023203 0.5023203 0.5023203 0.5023203 0.5023203 0.50232077 0.50232077 0.50232077 0.50232077 0.50232077 0.50232077 0.50232077 0.50232077 0.50232077 0.50232077 0.50232077 0.50232077 0.50232077
0.31527328 0.31527328 0.31527328 0.31527328 0.50231457 0.50231457 0.50231457 0.50231457 0.50231457 0.50231457 0.50231457 0.50231457 0.50231457 0.50231457 0.50231457 0.50231457 0.50231457 0.50231457 0.50231457 0.50231457 0.50231457 0.50231457 0.50231457 0.50231457 0.50231457 0.50231457 0.50231457 0.50231457 0.50231457 0.50231457 0.50231504 0.50231504 0.50231504 0.50231504 0.50231504 0.50231504 0.50231504 0.50231504 0.50231504 0.50231504 0.50231504 0.50231504 0.50231504 0.50231504 0.50231504 0.50231504 0.50231504 0.50231504 0.50231504 0.50231504 0.50231504 0.50231504 0.50231504 0.50231504 0.50231504 0.50231504 0.50231504 0.50231504
0.31526804 0.31526804 0.31526804 0.31526804 0.50230837 0.50230837 0.50230837 0.50230837 0.50230837 0.50230885 0.50230885 0.50230885 0.50230885 0.50230885 0.50230885 0.50230885 0.50230885 0.50230885 0.50230885 0.50230885 0.50230885 0.50230885 0.50230885 0.50230885 0.50230885 0.50230885 0.50230885 0.50230885 0.50230885 0.50230885 0.50230885 0.50230885 0.50230885 0.50230885 0.50230885 0.50230885 0.5023093 0.5023093 0.5023093 0.5023093 0.5023093 0.5023093 0.5023093 0.5023093 0.5023093 0.5023093 0.5023093 0.5023093 0.5023093 0.5023093 0.5023093 0.5023093 0.5023093 0.5023093 0.5023093 0.5023093 0.5023093 0.5023093
0.31526232 0.31526232 0.31526232 0.3152628 0.50230217 0.50230217 0.50230217 0.50230217 0.50230217 0.50230217 0.50230217 0.50230217 0.50230217 0.50230217 0.50230217 0.50230217 0.50230265 0.5023031 0.5023031 0.5023031 0.5023031 0.5023031 0.5023031 0.5023031 0.5023036 0.5023036 0.5023036 0.5023036 0.5023036 0.5023036 0.5023036 0.5023036 0.5023036 0.5023036 0.5023036 0.5023036 0.5023036 0.5023036 0.5023041 0.5023041 0.5023041 0.5023041 0.5023041 0.5023041 0.5023041 0.5023041 0.5023041 0.5023041 0.5023041 0.5023041 0.5023041 0.5023041 0.5023041 0.5023041 0.5023041 0.5023041 0.5023041 0.5023041
0.31525755 0.31525755 0.31525755 0.31525755 0.502296 0.502296 0.502296 0.502296 0.50229645 0.50229645 0.50229645 0.50229645 0.50229645 0.50229645 0.50229645 0.5022969 0.5022969 0.5022969 0.5022969 0.5022969 0.5022969 0.5022969 0.5022969 0.5022969 0.5022969 0.5022969 0.5022969 0.5022969 0.5022969 0.5022969 0.5022969 0.5022969 0.5022969 0.5022969 0.5022969 0.5022969 0.5022969 0.5022969 0.5022969 0.5022969 0.5022969 0.5022969 0.5022974 0.5022974 0.5022974 0.5022974 0.5022974 0.5022974 0.5022974 0.5022974 0.5022974 0.5022974 0.5022974 0.5022974 0.5022974 0.5022974 0.5022974 0.5022974
0.31525278 0.31525278 0.31525278 0.31525278 0.50229025 0.50229025 0.50229025 0.50229025 0.50229025 0.50229025 0.50229025 0.50229025 0.50229025 0.50229025 0.50229025 0.50229025 0.50229025 0.50229025 0.50229025 0.50229025 0.50229025 0.50229025 0.50229025 0.50229025 0.50229025 0.50229025 0.50229025 0.50229025 0.50229025 0.50229025 0.50229025 0.50229025 0.5022907 0.5022907 0.5022907 0.5022907 0.5022907 0.5022907 0.5022907 0.5022907 0.5022907 0.5022907 0.5022907 0.5022907 0.5022907 0.5022907 0.5022907 0.5022907 0.5022907 0.5022907 0.5022907 0.5022907 0.5022907 0.5022907 0.5022907 0.5022907 0.5022907 0.5022907
0.31524658 0.31524658 0.31524658 0.31524658 0.5022845 0.5022845 0.5022845 0.5022845 0.5022845 0.5022845 0.5022845 0.5022845 0.5022845 0.5022845 0.5022845 0.5022845 0.5022845 0.5022845 0.5022845 0.5022845 0.5022845 0.5022845 0.502285 0.502285 0.502285 0.502285 0.502285 0.502285 0.502285 0.502285 0.502285 0.502285 0.502285 0.502285 0.502285 0.502285 0.502285 0.502285 0.502285 0.5022855 0.5022855 0.5022855 0.5022855 0.5022855 0.5022855 0.5022855 0.5022855 0.5022855 0.5022855 0.5022855 0.5022855 0.5022855 0.5022855 0.5022855 0.5022855 0.5022855 0.5022855 0.50228596
0.31524134 0.31524134 0.31524134 0.31524134 0.5022783 0.5022783 0.5022783 0.5022783 0.5022783 0.5022783 0.5022783 0.5022783 0.5022783 0.5022783 0.5022783 0.5022788 0.5022788 0.5022788 0.5022788 0.5022788 0.5022793 0.5022793 0.5022793 0.5022793 0.5022793 0.5022793 0.5022793 0.5022793 0.5022793 0.5022793 0.5022793 0.5022793 0.5022793 0.5022793 0.5022793 0.5022793 0.5022793 0.5022793 0.5022793 0.5022793 0.5022793 0.5022793 0.5022793 0.5022793 0.5022793 0.5022793 0.5022793 0.5022793 0.5022793 0.5022793 0.5022793 0.5022793 0.5022793 0.5022793 0.5022793 0.5022793 0.5022793 0.5022793
0.31523514 0.31523514 0.31523514 0.31523514 0.5022721 0.5022721 0.5022721 0.5022721 0.5022721 0.5022721 0.5022721 0.5022721 0.5022721 0.5022721 0.5022721 0.5022721 0.5022721 0.5022721 0.5022721 0.5022721 0.5022721 0.5022721 0.5022721 0.5022721 0.5022721 0.5022721 0.5022721 0.5022726 0.5022726 0.5022726 0.5022726 0.5022726 0.5022726 0.5022726 0.5022726 0.5022726 0.5022726 0.5022726 0.5022726 0.5022726 0.5022726 0.5022731 0.5022731 0.5022731 0.5022731 0.5022731 0.5022731 0.5022731 0.5022731 0.5022731 0.5022731 0.50227356 0.50227404 0.50227404 0.50227404 0.50227404 0.50227404 0.50227404
0.3152299 0.31523037 0.31523037 0.31523037 0.50226736 0.50226736 0.50226736 0.50226736 0.50226736 0.50226736 0.50226736 0.50226736 0.50226736 0.50226736 0.50226736 0.50226736 0.50226736 0.50226736 0.50226736 0.50226736 0.50226736 0.50226736 0.50226736 0.50226736 0.50226736 0.50226736 0.50226736 0.50226736 0.50226736 0.50226736 0.50226736 0.50226736 0.50226736 0.50226736 0.50226736 0.50226736 0.50226736 0.50226736 0.50226736 0.50226736 0.50226736 0.50226736 0.50226736 0.50226736 0.50226736 0.50226736 0.50226736 0.50226736 0.50226736 0.50226736 0.50226736 0.50226736 0.50226736 0.50226736 0.50226736 0.50226736 0.50226736 0.50226736
0.31522465 0.31522465 0.31522465 0.31522465 0.5022602 0.5022602 0.5022602 0.5022602 0.5022602 0.5022602 0.5022602 0.5022607 0.5022607 0.5022607 0.5022607 0.5022607 0.5022607 0.5022607 0.5022607 0.5022607 0.5022607 0.5022607 0.5022607 0.5022607 0.5022607 0.5022607 0.5022607 0.5022607 0.5022607 0.5022607 0.5022607 0.5022607 0.5022607 0.50226116 0.50226116 0.50226116 0.50226116 0.50226116 0.50226116 0.50226164 0.50226164 0.50226164 0.50226164 0.50226164 0.50226164 0.50226164 0.50226164 0.50226164 0.50226164 0.50226164 0.50226164 0.50226164 0.50226164 0.50226164 0.50226164 0.5022621 0.5022621 0.5022621
0.31522036 0.31522036 0.31522036 0.31522036 0.5022545 0.5022545 0.5022545 0.5022545 0.5022545 0.5022545 0.5022545 0.5022545 0.5022545 0.5022545 0.5022545 0.5022545 0.5022545 0.5022545 0.5022545 0.5022545 0.5022545 0.5022545 0.5022545 0.5022545 0.5022545 0.5022545 0.5022545 0.50225496 0.50225496 0.50225496 0.50225496 0.50225496 0.50225496 0.50225496 0.50225496 0.50225496 0.50225496 0.50225496 0.50225496 0.50225496 0.50225496 0.50225496 0.50225496 0.50225496 0.50225496 0.50225496 0.50225496 0.50225496 0.50225496 0.50225496 0.50225496 0.50225496 0.50225496 0.50225496 0.50225496 0.50225496 0.50225496 0.50225496
0.31521463 0.31521463 0.31521463 0.31521463 0.50224876 0.50224876 0.50224876 0.50224876 0.50224876 0.50224876 0.50224876 0.50224924 0.50224924 0.50224924 0.50224924 0.50224924 0.50224924 0.50224924 0.50224924 0.50224924 0.50224924 0.50224924 0.50224924 0.50224924 0.50224924 0.50224924 0.50224924 0.50224924 0.50224924 0.50224924 0.50224924 0.50224924 0.50224924 0.50224924 0.50224924 0.50224924 0.50224924 0.50224924 0.50224924 0.50224924 0.50224924 0.50224924 0.50224924 0.50224924 0.50224924 0.50224924 0.50224924 0.50224924 0.50224924 0.50224924 0.50224924 0.50224924 0.50224924 0.50224924 0.50224924 0.50224924 0.50224924 0.50224924
0.3152089 0.3152094 0.3152094 0.3152094 0.50224304 0.50224304 0.50224304 0.50224304 0.50224304 0.50224304 0.50224304 0.50224304 0.50224304 0.50224304 0.50224304 0.50224304 0.50224304 0.50224304 0.50224304 0.50224304 0.50224304 0.50224304 0.50224304 0.50224304 0.50224304 0.50224304 0.50224304 0.50224304 0.50224304 0.50224304 0.50224304 0.50224304 0.50224304 0.50224304 0.50224304 0.50224304 0.50224304 0.50224304 0.50224304 0.50224304 0.50224304 0.50224304 0.50224304 0.50224304 0.50224304 0.50224304 0.50224304 0.50224304 0.50224304 0.50224304 0.50224304 0.50224304 0.50224304 0.50224304 0.50224304 0.50224304 0.50224304 0.50224304
0.3152032 0.3152032 0.3152032 0.3152032 0.5022373 0.5022373 0.5022373 0.5022373 0.5022373 0.5022373 0.5022373 0.5022373 0.5022373 0.5022373 0.5022373 0.5022373 0.5022373 0.5022373 0.5022373 0.5022373 0.5022373 0.5022373 0.5022373 0.5022373 0.5022373 0.5022373 0.5022373 0.5022373 0.5022373 0.5022378 0.5022378 0.5022378 0.5022378 0.5022378 0.5022378 0.5022378 0.5022378 0.5022378 0.5022378 0.5022378 0.5022378 0.5022378 0.5022378 0.5022378 0.5022378 0.5022378 0.5022378 0.5022378 0.5022378 0.5022378 0.5022378 0.5022378 0.5022378 0.5022378 0.5022378 0.5022378 0.5022378 0.5022378
0.31519747 0.31519747 0.31519747 0.31519747 0.50223017 0.50223017 0.50223017 0.50223017 0.50223017 0.50223017 0.50223017 0.50223017 0.50223017 0.50223064 0.50223064 0.50223064 0.50223064 0.50223064 0.50223064 0.50223064 0.50223064 0.50223064 0.50223064 0.50223064 0.5022311 0.5022311 0.5022311 0.5022311 0.5022311 0.5022311 0.5022311 0.5022311 0.5022311 0.5022311 0.5022311 0.5022311 0.5022311 0.5022311 0.5022311 0.5022311 0.5022316 0.5022316 0.5022316 0.5022316 0.5022316 0.5022321 0.5022321 0.5022321 0.5022321 0.5022321 0.5022321 0.5022321 0.5022321 0.5022321 0.5022321 0.5022321 0.5022321 0.5022321
0.3151927 0.3151927 0.3151927 0.3151927 0.5022249 0.5022249 0.5022249 0.5022249 0.5022249 0.5022249 0.5022249 0.5022249 0.5022249 0.5022249 0.5022249 0.5022249 0.5022249 0.5022249 0.5022249 0.5022254 0.5022259 0.5022259 0.5022259 0.5022259 0.50222635 0.50222635 0.50222635 0.50222635 0.50222635 0.50222635 0.50222635 0.50222635 0.50222635 0.50222635 0.50222635 0.50222635 0.50222635 0.50222635 0.50222635 0.50222635 0.50222635 0.50222635 0.50222635 0.50222635 0.50222635 0.50222635 0.50222635 0.50222635 0.50222635 0.50222635 0.50222635 0.50222635 0.50222635 0.50222635 0.50222635 0.50222635 0.50222635 0.50222635
0.3151865 0.3151865 0.3151865 0.3151865 0.5022187 0.5022192 0.5022192 0.5022192 0.5022192 0.5022192 0.5022192 0.5022192 0.5022192 0.5022192 0.5022192 0.5022192 0.5022197 0.5022197 0.5022197 0.5022197 0.5022197 0.5022197 0.5022197 0.5022197 0.5022197 0.5022197 0.5022197 0.5022197 0.5022197 0.5022197 0.5022197 0.5022197 0.5022197 0.5022197 0.5022197 0.5022197 0.50222015 0.50222015 0.50222015 0.50222015 0.50222015 0.50222015 0.50222015 0.50222015 0.50222015 0.50222015 0.50222015 0.50222015 0.50222015 0.50222015 0.50222015 0.50222015 0.50222015 0.50222015 0.50222015 0.50222015 0.50222015 0.50222015
0.3151822 0.3151822 0.3151822 0.3151822 0.502213 0.502213 0.502213 0.502213 0.502213 0.502213 0.502213 0.502213 0.502213 0.502213 0.502213 0.502213 0.502213 0.502213 0.502213 0.502213 0.502213 0.502213 0.502213 0.502213 0.5022135 0.5022135 0.5022135 0.5022135 0.5022135 0.5022135 0.5022135 0.5022135 0.5022135 0.5022135 0.5022135 0.5022135 0.5022135 0.5022135 0.5022135 0.5022135 0.5022135 0.5022135 0.5022135 0.5022135 0.5022135 0.5022135 0.5022135 0.5022135 0.5022135 0.5022135 0.5022135 0.5022135 0.5022135 0.5022135 0.5022135 0.5022135 0.5022135 0.5022135
0.31517696 0.31517696 0.31517696 0.31517696 0.5022073 0.5022073 0.5022073 0.5022073 0.5022073 0.5022073 0.5022073 0.5022073 0.5022073 0.50220776 0.50220776 0.50220776 0.50220776 0.50220776 0.50220776 0.50220776 0.50220776 0.50220776 0.50220776 0.50220776 0.50220776 0.50220776 0.50220776 0.50220776 0.50220776 0.50220776 0.50220776 0.50220776 0.50220776 0.50220776 0.50220776 0.50220776 0.50220776 0.50220776 0.50220776 0.50220776 0.50220776 0.50220776 0.50220776 0.50220776 0.50220776 0.50220776 0.50220776 0.50220776 0.50220776 0.50220823 0.50220823 0.50220823 0.50220823 0.50220823 0.50220823 0.50220823 0.50220823 0.50220823
0.3151722 0.3151722 0.3151722 0.3151722 0.5022011 0.5022011 0.5022011 0.50220156 0.50220156 0.50220156 0.50220156 0.50220156 0.50220156 0.50220156 0.50220156 0.50220156 0.50220156 0.50220156 0.50220156 0.50220203 0.50220203 0.50220203 0.50220203 0.50220203 0.50220203 0.50220203 0.50220203 0.50220203 0.50220203 0.50220203 0.50220203 0.50220203 0.50220203 0.50220203 0.50220203 0.50220203 0.50220203 0.50220203 0.50220203 0.50220203 0.50220203 0.50220203 0.50220203 0.50220203 0.50220203 0.50220203 0.50220203 0.50220203 0.50220203 0.50220203 0.50220203 0.50220203 0.50220203 0.50220203 0.50220203 0.50220203 0.50220203 0.50220203
0.31516504 0.31516504 0.31516504 0.31516504 0.5021949 0.5021949 0.5021949 0.5021949 0.5021949 0.5021949 0.5021949 0.5021949 0.5021949 0.5021949 0.5021949 0.5021949 0.5021949 0.5021949 0.5021949 0.5021949 0.5021949 0.5021949 0.5021949 0.5021949 0.50219584 0.50219584 0.50219584 0.50219584 0.50219584 0.50219584 0.50219584 0.50219584 0.50219584 0.50219584 0.50219584 0.50219584 0.50219584 0.50219584 0.50219584 0.50219584 0.50219584 0.50219584 0.50219584 0.50219584 0.50219584 0.50219584 0.50219584 0.50219584 0.50219584 0.50219584 0.50219584 0.50219584 0.50219584 0.50219584 0.50219584 0.50219584 0.50219584 0.50219584
0.31516075 0.31516075 0.31516075 0.31516075 0.50218916 0.50218916 0.50218916 0.50218916 0.50218916 0.50218916 0.50218916 0.50218916 0.50218916 0.50218916 0.50218916 0.50218916 0.50218916 0.50218916 0.50218916 0.50218916 0.50218916 0.50218916 0.50218916 0.50218916 0.50218916 0.50218916 0.50218916 0.50218916 0.50218916 0.50218916 0.50218916 0.50218916 0.50218916 0.50218964 0.50218964 0.50218964 0.50218964 0.50218964 0.5021901 0.5021901 0.5021901 0.5021901 0.5021901 0.5021901 0.5021901 0.5021901 0.5021901 0.5021901 0.5021901 0.5021901 0.5021901 0.5021901 0.5021901 0.5021901 0.5021901 0.5021901 0.5021901 0.5021901
0.3151555 0.3151555 0.3151555 0.3151555 0.5021825 0.5021825 0.5021825 0.5021825 0.5021825 0.5021825 0.5021825 0.5021825 0.5021825 0.5021825 0.5021825 0.5021825 0.5021825 0.5021825 0.5021825 0.5021825 0.5021825 0.5021825 0.5021825 0.5021825 0.5021825 0.5021825 0.5021825 0.5021825 0.50218296 0.50218296 0.50218296 0.50218296 0.50218296 0.50218296 0.50218296 0.50218296 0.50218296 0.50218296 0.50218296 0.50218296 0.50218296 0.50218344 0.50218344 0.50218344 0.50218344 0.50218344 0.50218344 0.50218344 0.50218344 0.50218344 0.50218344 0.50218344 0.50218344 0.5021839 0.5021839 0.5021839 0.5021839 0.5021839
0.31514978 0.31514978 0.31514978 0.31514978 0.50217676 0.50217676 0.50217676 0.50217676 0.50217724 0.50217724 0.50217724 0.50217724 0.50217724 0.50217724 0.50217724 0.50217724 0.50217724 0.50217724 0.50217724 0.50217724 0.50217724 0.5021777 0.5021777 0.5021777 0.5021777 0.5021777 0.5021777 0.5021777 0.5021777 0.5021777 0.5021777 0.5021782 0.5021782 0.5021782 0.5021782 0.5021782 0.5021782 0.5021782 0.5021782 0.5021782 0.5021782 0.5021782 0.5021782 0.5021782 0.5021782 0.5021782 0.5021782 0.5021782 0.5021782 0.5021782 0.5021782 0.5021782 0.5021782 0.5021782 0.5021782 0.5021782 0.5021782 0.5021782
