Export/ASCII/RMeteo_SP_inch/impervious0/net_infiltration_2017_SP3_inch.asc
ncols         660
nrows         338
xllcorner     1476100.0
yllcorner     5017100.0
cellsize      100
NODATA_value  -9.9000000089461e-20
[rows 72 to 107 of 338, columns 486 to 566 of 660]
0.0 0.0 0.0 0.0 0.0 0.0 0.0 0.0 0.019486157 0.019486157 0.0 0.0 0.019486157 0.0 0.0 0.23250446 0.23250446 0.23250446 0.013802527 0.013802527 0.013802527 0.013802527 0.013802527 0.013802527 0.013802527 0.013802527 0.013802527 0.013802527 0.10882008 0.0 0.0 0.0 0.0 0.0 0.0 0.10882008 0.10882008 0.10882008 0.0 0.0 0.0 0.0 0.0 0.0 0.0 0.0 0.0 0.0 0.013802527 0.013802527 0.0 0.013802527 0.013802527 0.013802527 0.013802527 0.013802527 0.013802527 0.013802527 0.091594405 0.013802527 0.013802527 0.0 0.0 0.0 0.2325044 0.009864249 0.009864249 0.009864249 0.0 0.009864249 0.0 0.0 0.0 0.0 0.0 0.0 0.0 0.0 0.0 0.0 0.14956559
0.0 0.0 0.0 0.0 0.0 0.0 0.0 0.0 0.019486157 0.019486157 0.019486157 0.019486157 0.019486157 0.0 0.0 0.019486157 0.34604597 0.2325044 0.013802432 0.09159421 0.013802432 0.013802432 0.0 0.013802432 0.013802432 0.013802432 0.013802432 0.013802432 0.0 0.0 0.0 0.0 0.0 0.0 0.0 0.0 0.0 0.0 0.0 0.51122546 0.0 0.0 0.0 0.0 0.0 0.0 0.0 0.0 0.0 0.0 0.0 0.0 0.013802432 0.013802432 0.013802432 0.013802432 0.013802432 0.013802432 0.013802432 0.013802432 0.10881996 0.0 0.0 0.0 0.2325044 0.009864237 0.009864237 0.009864237 0.009864237 0.009864237 0.0 0.0 0.0 0.0 0.69534755 0.0 0.0 0.0 0.69534755 0.6953473 0.0
0.51085234 0.5108521 0.5108521 0.5108521 0.5108521 0.5108521 0.5108521 0.0 0.5108521 0.5108521 0.0 0.0 0.30187404 0.34604573 0.34604573 0.0 0.34604573 0.23250435 0.013802432 0.013802432 0.013802432 0.013802432 0.0 0.0 0.013802432 0.013802432 0.013802432 0.013802432 0.0 0.0 0.0 0.0 0.0 0.0 0.0 0.0 0.0 0.0 0.0 0.5108509 0.0 0.0 0.0 0.0 0.0 0.0 0.0 0.0 0.0 0.0 0.0 0.0 0.013802432 0.013802432 0.013802432 0.013802432 0.0 0.013802432 0.013802432 0.013802432 0.013802432 0.0 0.0 0.0 0.0 0.14956555 0.14956555 0.14956555 0.14956555 0.14956555 0.0 0.0 0.0 0.0 0.14956555 0.695343 0.0 0.0 0.22125137 0.22125137 0.14956555
0.5108478 0.5108478 0.5108478 0.5108478 0.5108478 0.5108478 0.5108478 0.5108478 0.5108478 0.5108478 0.0 0.10089517 0.10881996 0.10881996 0.34604567 0.042808734 0.01948611 0.34604567 0.013802432 0.013802432 0.2496312 0.0 0.0 0.0 0.013802432 0.013802432 0.013802432 0.019098567 0.0 0.0 0.0 0.0 0.0 0.0 0.0 0.0 0.0 0.0 0.0 0.51084685 0.013802432 0.013802432 0.019098567 0.0 0.0 0.0 0.0 0.0 0.0 0.0 0.0 0.0 0.0 0.0 0.0 0.0 0.0 0.013802432 0.013802432 0.013802432 0.0 0.0 0.0 0.0 0.0 0.009864225 0.009864225 0.009864225 0.6953387 0.6953387 0.0 0.0 0.0 0.1495655 0.1495655 0.22125024 0.22125018 0.0 0.22381103 0.22125018 0.1495655
0.51084375 0.51084375 0.51084375 0.51084375 0.0 0.51084375 0.51084375 0.34604567 0.3460456 0.3460456 0.3460456 0.0 0.0 0.10881972 0.3460456 0.0194861 0.0 0.3460456 0.0 0.0 0.0 0.0 0.0 0.0 0.10881972 0.0138022415 0.0138022415 0.0 0.0 0.0 0.0 0.0 0.0138022415 0.0 0.0 0.0 0.0 0.0 0.0 0.0 0.0138022415 0.0138022415 0.0138022415 0.0 0.0 0.0 0.0 0.0 0.0 0.0 0.0 0.0 0.0 0.0 0.0 0.0 0.0138022415 0.0138022415 0.0138022415 0.0138022415 0.0138022415 0.0 0.0 0.0 0.0 0.6953347 0.22124916 0.0 0.69533443 0.0 0.0 0.0 0.69533396 0.22124916 0.22124916 0.2212491 0.2212491 0.0 0.14956544 0.14956544 0.14956544
0.5108397 0.5108397 0.5108397 0.5108397 0.0 0.0 0.51083946 0.3460456 0.3460456 0.3460456 0.3460456 0.0 0.0 0.0 0.0 0.019486086 0.0 0.3460456 0.0 0.0 0.0 0.0 0.0 0.0 0.0 0.0 0.0 0.0 0.10881972 0.10881972 0.0 0.013802147 0.013802147 0.0 0.0 0.0 0.0 0.0 0.0 0.0 0.23250416 0.013802147 0.013802147 0.0 0.0 0.0 0.0 0.0 0.0 0.0 0.0 0.0 0.0 0.0 0.0 0.0 0.013802147 0.013802147 0.013802147 0.013802147 0.013802147 0.0 0.0 0.0 0.51083827 0.6953299 0.22124815 0.22124815 0.0 0.0 0.00986419 0.00986419 0.00986419 0.00986419 0.0 0.32218218 0.1495654 0.22124809 0.22124809 0.1495654 0.22124809
0.0 0.0 0.0 0.0 0.0 0.5108354 0.5108354 0.0 0.20315838 0.0 0.0 0.0 0.0 0.0 0.3460455 0.019486062 0.019486062 0.020397382 0.0 0.013802147 0.013802147 0.013802147 0.0 0.0 0.108819485 0.108819485 0.0 0.0 0.108819485 0.108819485 0.108819485 0.013802147 0.013802147 0.013802147 0.013802147 0.013802147 0.0 0.0 0.0 0.0 0.23250411 0.013802147 0.0 0.0 0.0 0.0 0.23250411 0.23250411 0.0 0.0 0.0 0.0 0.0 0.0 0.0 0.0 0.0 0.013802051 0.013802051 0.013802051 0.108819485 0.0 0.0 0.0 0.0 0.0 0.0 0.0 0.009864178 0.009864178 0.009864178 0.009864178 0.009864178 0.009864178 0.14956531 0.14956531 0.14956531 0.0 0.22124684 0.6953254 0.22124684
0.5108309 0.5108311 0.5108311 0.5108311 0.5108311 0.5108311 0.5108309 0.20315695 0.019486051 0.019486051 0.0 0.0 0.0 0.0 0.019486051 0.019486051 0.019486051 0.019486051 0.23250407 0.23250407 0.5361369 0.34604543 0.0 0.108819485 0.108819485 0.108819485 0.0 0.0 0.0 0.0 0.108819485 0.013802051 0.013802051 0.013802051 0.013802051 0.23250407 0.23250407 0.019486051 0.019486051 0.23250407 0.23250407 0.5108299 0.5108299 0.0 0.0 0.0 0.013802051 0.23250407 0.0 0.0 0.0 0.0 0.0 0.0 0.0 0.0 0.0 0.013802051 0.0 0.0 0.0 0.0 0.0 0.0 0.0 0.0 0.0 0.0 0.0 0.0 0.0 0.0 0.14956525 0.14956525 0.0 0.0 0.0 0.0 0.0 0.0 0.0
0.0 0.0 0.0 0.5108268 0.5108268 0.5108268 0.20315576 0.34604532 0.34604532 0.34604532 0.0 0.0 0.0 0.23250398 0.23250398 0.019486051 0.019486051 0.019486051 0.23250398 0.23250398 0.23250398 0.23250398 0.0 0.0 0.34604532 0.34604532 0.0 0.0 0.0 0.0 0.108819485 0.23499095 0.013802051 0.23250398 0.23250398 0.013802051 0.23250398 0.23250398 0.019486038 0.23250398 0.23250398 0.23250398 0.019486038 0.0 0.0 0.0 0.013802051 0.23250398 0.23250398 0.0 0.0 0.0 0.0 0.0 0.0 0.0 0.0 0.0 0.0 0.0 0.0 0.38173926 0.108819366 0.0 0.0 0.22124475 0.0 0.0 0.0 0.0 0.04562988 0.0 0.0 0.0 0.0 0.0 0.0 0.0 0.0 0.0 0.0
0.0 0.0 0.0 0.51082253 0.0 0.0 0.0 0.0 0.23250388 0.23250388 0.20315433 0.0 0.0 0.23250388 0.18554582 0.0 0.019486027 0.0 0.019486027 0.019486027 0.32271814 0.23250388 0.3460452 0.3460452 0.23250388 0.23250388 0.23250388 0.51082253 0.0 0.0 0.0 0.0 0.0 0.0 0.3460452 0.23250388 0.23250388 0.23250388 0.019486027 0.23250388 0.23250388 0.019486027 0.0 0.0 0.0 0.0 0.013801956 0.23250388 0.23250388 0.0 0.0 0.0 0.0 0.0 0.0 0.0 0.0 0.0 0.0 0.0 0.0 0.10881925 0.10881925 0.0 0.0 0.0 0.0 0.0 0.0 0.0 0.0 0.0 0.0 0.0 0.0 0.0 0.0 0.0 0.0 0.0 0.0
0.0 0.0 0.34604514 0.34604514 0.0 0.0 0.0 0.510818 0.23250383 0.23250383 0.23250383 0.23250383 0.23250383 0.23250383 0.01380186 0.01380186 0.23250383 0.04280863 0.019485991 0.019485991 0.019485991 0.0 0.34604514 0.41868275 0.23250383 0.23250383 0.23250383 0.23250383 0.0 0.0 0.0 0.0 0.0 0.0 0.0 0.5108175 0.5108175 0.0 0.0 0.23250383 0.23250383 0.019485991 0.0 0.0 0.0 0.0 0.0 0.01380186 0.23250383 0.0 0.0 0.0 0.0 0.0 0.0 0.0 0.0 0.0 0.0 0.0 0.0 0.10881925 0.0 0.0 0.0 0.0 0.0 0.0 0.0 0.0 0.10810614 0.0 0.0 0.0 0.0 0.0 0.0 0.0 0.0 0.0 0.009864118
0.0 0.0 0.34604508 0.34604508 0.34604508 0.0 0.0 0.0 0.23250368 0.23250368 0.01380186 0.01380186 0.01380186 0.01380186 0.01380186 0.0 0.01948598 0.34604508 0.34604508 0.01948598 0.019486563 0.01948598 0.20315123 0.20315123 0.20315123 0.5108135 0.5108135 0.0 0.0 0.0 0.0 0.0 0.0 0.0 0.0 0.0 0.0 0.0 0.0 0.23250368 0.23250368 0.23250368 0.013801765 0.0 0.013801765 0.013801765 0.013801765 0.013801765 0.23250368 0.23250368 0.0 0.0 0.0 0.0 0.0 0.0 0.0 0.0 0.0 0.0 0.0 0.0 0.0 0.0 0.0 0.0 0.1080997 0.0 0.0 0.0 0.0 0.0 0.0 0.0 0.0 0.0 0.0 0.0 0.0 0.0 0.0
0.1881757 0.0 0.0 0.34604508 0.34604508 0.0 0.0 0.23250368 0.23250368 0.23250368 0.01380167 0.09159355 0.01380167 0.01380167 0.01380167 0.0 0.0 0.34604508 0.34604508 0.01948598 0.01948598 0.01948598 0.20315003 0.20329118 0.20315003 0.34604508 0.34604508 0.0 0.0 0.0 0.0 0.01948598 0.0 0.0 0.0 0.0 0.0 0.0 0.34604508 0.34604502 0.2325036 0.01380167 0.01380167 0.01380167 0.01380167 0.01380167 0.01380167 0.01380167 0.23250364 0.23250364 0.0 0.0 0.0 0.0 0.0 0.0 0.0 0.0 0.0 0.0 0.0 0.0 0.01380167 0.01380167 0.0 0.0 0.1080935 0.0 0.0 0.0 0.0 0.0 0.0 0.0 0.0 0.0 0.0 0.0 0.0 0.14956498 0.14956498
0.20314884 0.0 0.0 0.0 0.0 0.0 0.0 0.2325036 0.2325036 0.2325036 0.01380167 0.01380167 0.01380167 0.16131152 0.01380167 0.01380167 0.01380167 0.01380167 0.019485967 0.22819471 0.3460449 0.2325036 0.2325036 0.20314837 0.3460449 0.3460449 0.3460449 0.0 0.0 0.0 0.019485967 0.019485967 0.019485967 0.0 0.0 0.0 0.0 0.0 0.0 0.3460449 0.2325036 0.01380167 0.01380167 0.01380167 0.01380167 0.01380167 0.01380167 0.2325036 0.2325036 0.2325036 0.0 0.0 0.0 0.0 0.0 0.0 0.0 0.0 0.0 0.0 0.0 0.01380167 0.01380167 0.01380167 0.0 0.0 0.0 0.0 0.0 0.0 0.0 0.0 0.0 0.0 0.0 0.0 0.0 0.0 0.0 0.0 0.0
0.5108013 0.0 0.0 0.0 0.0 0.23250353 0.23250353 0.23250353 0.23250353 0.27879024 0.01380167 0.01380167 0.01380167 0.01380167 0.01380167 0.01380167 0.01380167 0.01380167 0.23250353 0.34604478 0.34604478 0.23250353 0.23250353 0.23250353 0.0 0.20314717 0.20314717 0.20314717 0.20314693 0.0 0.0 0.019485943 0.0 0.0 0.0 0.0 0.0 0.0 0.0 0.0 0.019485932 0.23250353 0.23250353 0.23250353 0.23250353 0.013801574 0.0 0.23250353 0.23250353 0.0 0.0 0.0 0.0 0.10881877 0.10881877 0.0 0.0 0.0 0.0 0.0 0.013801574 0.013801574 0.013801574 0.013801574 0.0 0.0 0.0 0.0 0.0 0.0 0.0 0.0 0.0 0.0 0.0 0.0 0.0 0.0 0.0 0.0 0.0
0.510797 0.0 0.23250349 0.23250349 0.23250349 0.23250349 0.23250349 0.23250349 0.23250349 0.23250349 0.013801383 0.013801383 0.013801479 0.013801479 0.013801479 0.013801479 0.013801479 0.013801479 0.013801479 0.021389585 0.34604472 0.23250349 0.23250349 0.23250349 0.23250349 0.20314598 0.20314598 0.20314598 0.20314598 0.0 0.0 0.34604472 0.34604472 0.0 0.23250349 0.0 0.0 0.019485908 0.019485908 0.019485908 0.019485908 0.019485908 0.51079655 0.51079655 0.23250349 0.013801383 0.013801383 0.23250349 0.23250349 0.34604472 0.0 0.0 0.0 0.34604472 0.34604472 0.0 0.10881877 0.0 0.0 0.10881877 0.013801383 0.013801383 0.013801383 0.013801383 0.0 0.013801383 0.0 0.0 0.0 0.0 0.0 0.0 0.0 0.0 0.0 0.0 0.0 0.0 0.0 0.0 0.0
0.0 0.23250349 0.23250349 0.23250349 0.23250349 0.23250349 0.23250349 0.013801383 0.013801383 0.013801383 0.013801383 0.013801383 0.013801383 0.013801383 0.013801383 0.013801383 0.013801383 0.013801383 0.013801383 0.23250349 0.23250349 0.23250349 0.27879003 0.23250349 0.23250349 0.5107925 0.20314431 0.20314431 0.20314431 0.0 0.0 0.34604472 0.34604472 0.23250349 0.23250349 0.0 0.34604472 0.019485908 0.019485908 0.0 0.0 0.34604472 0.34604472 0.18817437 0.019485908 0.0 0.23250349 0.51079226 0.34604472 0.34604472 0.0 0.0 0.0 0.23250349 0.23250349 0.0 0.10881877 0.10881877 0.013801383 0.013801383 0.013801383 0.013801383 0.013801383 0.0 0.0 0.013801383 0.0 0.0 0.0 0.0 0.0 0.0 0.0 0.0 0.0 0.10806751 0.0 0.0 0.0 0.0 0.0
0.3460446 0.3460446 0.2325034 0.2325034 0.013801383 0.013801383 0.013801383 0.013801383 0.013801383 0.013801383 0.013801383 0.013801383 0.09159316 0.013801383 0.013801383 0.013801383 0.013801383 0.013801383 0.09159316 0.013801383 0.2325034 0.2325034 0.2325034 0.2325034 0.2325034 0.2325034 0.2325034 0.20314312 0.20314312 0.20314312 0.0 0.3460446 0.3460446 0.2325034 0.0 0.0 0.3460446 0.3460446 0.0 0.0 0.0 0.3460446 0.3460446 0.51078796 0.019485883 0.0 0.3460446 0.3460446 0.3460446 0.0 0.0 0.0 0.0 0.0 0.0 0.0 0.2325034 0.013801288 0.013801288 0.013801288 0.013801288 0.013801288 0.0 0.0 0.013801288 0.0 0.0 0.0 0.0 0.0 0.0 0.0 0.0 0.0 0.0 0.1080606 0.0 0.0 0.1080606 0.0 0.0
0.34604454 0.23250327 0.23250327 0.23250327 0.013801288 0.013801288 0.013801288 0.013801288 0.013801288 0.013801288 0.013801288 0.013801288 0.013801288 0.013801288 0.09159307 0.013801288 0.013801288 0.013801288 0.013801288 0.013801288 0.23250327 0.23250327 0.23250327 0.23250327 0.23250327 0.23250327 0.23250327 0.20314169 0.20314169 0.20314169 0.0 0.34604454 0.34604454 0.34604454 0.0 0.0 0.019485872 0.019485872 0.019485872 0.019485872 0.0 0.10881853 0.34604454 0.013801288 0.0 0.0 0.10881853 0.10881853 0.34604454 0.0 0.0 0.0 0.0 0.0 0.23250327 0.23250327 0.23250327 0.23250327 0.013801288 0.013801288 0.013801288 0.013801288 0.0 0.013801288 0.013801288 0.013801288 0.0 0.0 0.0 0.0 0.0 0.0 0.0 0.0 0.0 0.0 0.1080544 0.1080544 0.10805416 0.10805416 0.10805416
0.0 0.23250327 0.013801288 0.013801288 0.013801288 0.013801288 0.013801288 0.013801288 0.013801288 0.09159307 0.013801288 0.013801288 0.013801288 0.013801288 0.013801288 0.013801288 0.013801288 0.09159307 0.013801288 0.013801288 0.013801288 0.013801288 0.013801288 0.23250327 0.23250327 0.23250327 0.34604442 0.20314026 0.37056804 0.20314026 0.0 0.0 0.34604436 0.10881841 0.0 0.0 0.51077986 0.51077986 0.01948586 0.01948586 0.01948586 0.34604436 0.34604436 0.20314026 0.20314026 0.2325032 0.51077986 0.0 0.51077986 0.0 0.0 0.2325032 0.2325032 0.2325032 0.2325032 0.2325032 0.2325032 0.2325032 0.013801288 0.10881841 0.10881841 0.0 0.0 0.013801288 0.013801288 0.013801288 0.0 0.0 0.0 0.10804796 0.10804796 0.10804796 0.10804796 0.0 0.0 0.0 0.0 0.108047724 0.0 0.0 0.108047724
0.0 0.23250316 0.013801097 0.013801097 0.013801097 0.013801097 0.013801097 0.013801097 0.013801097 0.013801097 0.013801097 0.013801097 0.0 0.091592975 0.013801097 0.013801097 0.013801097 0.013801097 0.013801097 0.013801097 0.013801097 0.013801097 0.013801097 0.23250316 0.23250316 0.23250316 0.23250316 0.23250316 0.23250316 0.20313883 0.5107758 0.51077557 0.23250316 0.013801097 0.0 0.0 0.0 0.0 0.51077557 0.019485848 0.0 0.019485848 0.019485848 0.0 0.0 0.5107751 0.0 0.013801097 0.0 0.23250316 0.23250316 0.23250316 0.23250316 0.23250316 0.23250316 0.23250316 0.23250316 0.019485848 0.0 0.013801097 0.10881829 0.0 0.0 0.0 0.013801097 0.013801097 0.0 0.0 0.0 0.0 0.0 0.10804176 0.10804176 0.0 0.0 0.0 0.0 0.0 0.0 0.0 0.0
0.23250312 0.23250312 0.013801097 0.013801097 0.013801097 0.013801097 0.013801097 0.013801097 0.013801097 0.0 0.0 0.10881829 0.0 0.013801097 0.013801097 0.013801097 0.013801097 0.013801097 0.013801097 0.013801097 0.013801097 0.013801097 0.013801097 0.23250312 0.23250312 0.23250312 0.23250312 0.23250312 0.23250312 0.23250312 0.51077175 0.0 0.013801097 0.013801097 0.0 0.23250312 0.23250312 0.0 0.0 0.0 0.0 0.019485824 0.019485824 0.019485824 0.0 0.5107708 0.23250312 0.23250312 0.23250312 0.23250312 0.0 0.0 0.23250312 0.013801097 0.23250312 0.23250312 0.23250312 0.019485824 0.013801097 0.013801097 0.013801097 0.0 0.0 0.0 0.013801097 0.013801097 0.0 0.0 0.0 0.0 0.0 0.0 0.0 0.0 0.0 0.0 0.0 0.0 0.0 0.0 0.0
0.23250297 0.23250297 0.013801097 0.013801097 0.013801097 0.013801097 0.013801097 0.013801097 0.013801097 0.0 0.0 0.0 0.0 0.013801097 0.013801097 0.013801097 0.013801097 0.23250297 0.23250297 0.0 0.013801097 0.013801097 0.013801097 0.23250297 0.23250297 0.23250297 0.23250297 0.23250297 0.0 0.23250297 0.5107672 0.0 0.013801097 0.23250297 0.23250297 0.23250297 0.23250297 0.0 0.510767 0.510767 0.013801002 0.0 0.0194858 0.0194858 0.23250297 0.23250297 0.23250297 0.23250297 0.0 0.0 0.0 0.0 0.23250297 0.013801002 0.013801002 0.013801002 0.23250297 0.23250297 0.0 0.013801002 0.0 0.0 0.0 0.0 0.0 0.013801002 0.0 0.0 0.0 0.0 0.0 0.0 0.0 0.0 0.0 0.0 0.0 0.0 0.0 0.0 0.0
0.23250297 0.23250297 0.09159278 0.013800906 0.013800906 0.013800906 0.013800906 0.013800906 0.013800906 0.013800906 0.0 0.0 0.0 0.0 0.09159278 0.013800906 0.013800906 0.23250292 0.23250292 0.0 0.0 0.23250292 0.23250292 0.23250292 0.23250292 0.0194858 0.0194858 0.23250292 0.5451231 0.23250292 0.0 0.0 0.013800906 0.013800906 0.51076293 0.51076317 0.23250292 0.013800906 0.0 0.0 0.51076293 0.23250292 0.23250292 0.23250292 0.23250292 0.23250292 0.0 0.34604412 0.34604412 0.0 0.0 0.23250292 0.23250292 0.23250292 0.013800906 0.013800906 0.013800906 0.346044 0.23250292 0.013800906 0.013800906 0.0 0.0 0.0 0.0 0.0 0.0 0.0 0.0 0.0 0.0 0.0 0.0 0.0 0.0 0.0 0.0 0.0 0.0 0.0 0.0
0.34604394 0.23250288 0.013800906 0.013800906 0.013800906 0.013800906 0.013800906 0.013800906 0.013800906 0.0 0.0 0.0 0.0 0.0 0.013800906 0.23250288 0.23250288 0.23250288 0.27879408 0.5107589 0.5107589 0.5107589 0.019485788 0.019485788 0.019485788 0.019485788 0.019485788 0.019485788 0.5107589 0.0 0.0 0.013800906 0.013800906 0.5107589 0.5107589 0.5107589 0.5107589 0.5107589 0.5107589 0.23250288 0.23250288 0.23250288 0.23250288 0.23250288 0.0 0.0 0.23250288 0.34604394 0.34604394 0.23250288 0.23250288 0.23250288 0.013800906 0.013800906 0.019485788 0.23250288 0.23250288 0.23250288 0.23250288 0.013800906 0.013800906 0.0 0.0 0.0 0.0 0.0 0.0 0.0 0.0 0.0 0.0 0.0 0.0 0.0 0.0 0.0 0.0 0.0 0.0 0.0 0.0
0.108818054 0.23250283 0.013800906 0.013800906 0.013800906 0.013800906 0.013800906 0.013800906 0.013800906 0.0 0.0 0.0 0.0 0.0 0.0 0.5107548 0.5107548 0.5107548 0.5107548 0.5107548 0.5107548 0.5107548 0.019485764 0.019485764 0.019485764 0.019485764 0.019485764 0.019485764 0.5107546 0.0 0.0 0.0 0.0 0.0 0.0 0.0 0.23250283 0.23250283 0.23250283 0.23250283 0.013800811 0.23250283 0.23250283 0.23250283 0.23250283 0.23250283 0.23250283 0.23250283 0.34604388 0.34604388 0.019485764 0.0 0.019485764 0.34604388 0.019485764 0.019485764 0.23250283 0.23250283 0.23250283 0.23250283 0.0 0.013800811 0.0 0.0 0.0 0.0 0.0 0.0 0.0 0.0 0.0 0.0 0.0 0.0 0.0 0.0 0.0 0.0 0.0 0.0 0.0
0.34604383 0.23250279 0.23250279 0.013800811 0.013800811 0.013800811 0.013800811 0.23250279 0.23250279 0.0 0.0 0.0 0.0 0.51075053 0.23250279 0.23250279 0.23250279 0.23250279 0.34604383 0.34604383 0.5107503 0.5107503 0.51075053 0.01948574 0.01948574 0.01948574 0.01948574 0.23250279 0.23250279 0.23250279 0.23250279 0.23250279 0.23250279 0.23250279 0.23250279 0.01948574 0.01948574 0.23250279 0.013800811 0.013800811 0.013800811 0.23250279 0.23250279 0.23250279 0.23250279 0.23250279 0.23250279 0.0 0.34604383 0.01948574 0.01948574 0.0 0.01948574 0.34604383 0.01948574 0.01948574 0.23250279 0.23250279 0.23250279 0.23250279 0.013800811 0.0 0.0 0.0 0.0 0.013800811 0.0 0.0 0.0 0.0 0.0 0.0 0.0 0.0 0.0 0.0 0.16966546 0.0 0.0 0.0 0.0
0.51074696 0.51074696 0.23250279 0.23250279 0.23250279 0.23250279 0.23250279 0.23250279 0.51074696 0.0 0.18554458 0.0 0.0 0.01948574 0.23250279 0.23250279 0.23250279 0.01948574 0.34604383 0.34604383 0.01948574 0.01948574 0.01948574 0.01948574 0.01948574 0.23250279 0.23250279 0.23250279 0.23250279 0.23250279 0.23250279 0.23250279 0.23250279 0.23250279 0.23250279 0.0 0.0 0.013800811 0.013800811 0.23250279 0.23250279 0.23250279 0.019485729 0.0 0.0 0.0 0.0 0.0 0.0 0.019485729 0.019485729 0.019485729 0.019485729 0.019485729 0.5107455 0.5107455 0.23250279 0.23250279 0.23250279 0.23250279 0.23250279 0.0 0.0 0.013800811 0.013800811 0.013800811 0.0 0.0 0.0 0.0 0.0 0.0 0.0 0.0 0.0 0.0 0.0 0.0 0.0 0.0 0.0
0.5107424 0.5107424 0.23250268 0.23250268 0.23250268 0.23250268 0.23250268 0.013800716 0.013800716 0.0 0.0 0.0 0.0 0.019485729 0.0 0.0 0.019485729 0.0 0.0 0.0 0.019485729 0.019485729 0.019485716 0.019485716 0.019485716 0.019485716 0.019485716 0.019485716 0.019485716 0.0 0.0 0.0 0.0 0.01380062 0.01380062 0.0 0.0 0.0 0.23250268 0.23250268 0.23250268 0.0 0.019485716 0.0 0.0 0.0 0.0 0.0 0.0 0.019485716 0.019485716 0.0 0.0 0.0 0.0 0.0 0.23250268 0.23250268 0.01380062 0.23250268 0.23250268 0.0 0.0 0.0 0.0 0.0 0.0 0.0 0.0 0.0 0.0 0.0 0.0 0.0 0.0 0.0 0.0 0.0 0.0 0.0 0.0
0.23250264 0.013800525 0.23250264 0.23250264 0.013800525 0.013800525 0.013800525 0.013800525 0.0 0.0 0.0 0.0 0.0 0.019485693 0.0 0.0 0.019485693 0.0 0.0 0.0 0.019485693 0.0428083 0.019485693 0.019485693 0.019485693 0.019485693 0.019485693 0.23250264 0.23250264 0.0 0.0 0.0 0.10881758 0.013800525 0.013800525 0.013800525 0.0 0.0 0.013800525 0.013800525 0.23250264 0.019485693 0.019485693 0.019485693 0.0 0.0 0.0 0.0 0.0 0.0 0.0 0.0 0.0 0.0 0.0 0.18817003 0.23250264 0.23250264 0.013800525 0.23250264 0.23250264 0.23250264 0.0 0.0 0.0 0.0 0.0 0.0 0.0 0.0 0.0 0.0 0.0 0.0 0.0 0.0 0.0 0.0 0.0 0.0 0.0
0.01948567 0.0 0.013800525 0.013800525 0.013800525 0.013800525 0.013800525 0.013800525 0.0 0.0 0.0 0.0 0.013800525 0.0 0.0 0.0 0.01948567 0.0 0.0 0.0 0.0 0.0 0.0 0.01948567 0.01948567 0.01948567 0.013800525 0.013800525 0.0 0.013800525 0.013800525 0.013800525 0.013800525 0.013800525 0.013800525 0.013800525 0.013800525 0.013800525 0.013800525 0.23250249 0.23250249 0.01948567 0.01948567 0.0 0.0 0.0 0.0 0.0 0.0 0.3460436 0.0 0.0 0.0 0.0 0.18816985 0.18816985 0.23250249 0.23250249 0.013800525 0.23250249 0.23250249 0.23250249 0.0 0.0 0.0 0.0 0.0 0.0 0.0 0.0 0.0 0.0 0.0 0.0 0.0 0.0 0.0 0.0 0.0 0.0 0.0
0.01948567 0.01948567 0.013800429 0.013800429 0.013800429 0.09159221 0.013800429 0.0 0.0 0.0 0.0 0.0 0.013800429 0.0 0.0 0.0 0.01948567 0.0 0.0 0.0 0.0 0.0 0.0 0.0 0.0 0.0 0.0 0.013800429 0.0 0.013800429 0.013800429 0.013800429 0.013800429 0.013800429 0.013800429 0.013800429 0.013800429 0.23250249 0.23250249 0.23250249 0.23250249 0.23250249 0.0 0.51072884 0.5107286 0.0 0.0 0.0 0.0 0.3460434 0.3460434 0.0 0.0 0.5107286 0.18816936 0.0 0.0 0.23250245 0.23250245 0.23250245 0.0 0.0 0.0 0.0 0.0 0.0 0.0 0.0 0.0 0.0 0.0 0.0 0.0 0.0 0.0 0.0 0.0 0.0 0.0 0.0 0.0
0.34604335 0.51072574 0.013800239 0.013800239 0.013800239 0.013800239 0.013800239 0.013800239 0.0 0.0 0.013800239 0.013800239 0.013800239 0.0 0.0 0.2325024 0.2325024 0.0 0.0 0.0 0.0 0.0 0.0 0.0 0.0 0.0 0.0 0.0 0.5107248 0.2325024 0.2325024 0.013800334 0.013800334 0.013800334 0.013800334 0.013800334 0.013800334 0.2325024 0.2325024 0.2325024 0.2325024 0.2325024 0.34604335 0.51072454 0.51072454 0.0 0.0 0.0 0.0 0.0 0.0 0.0 0.0 0.51072454 0.0 0.0 0.0 0.0 0.2325024 0.27878904 0.0 0.0 0.0 0.0 0.34604335 0.51072454 0.0 0.0 0.0 0.0 0.0 0.0 0.0 0.0 0.0 0.0 0.0 0.0 0.0 0.0 0.0
0.3460433 0.51072145 0.23250234 0.23250234 0.0 0.0 0.0 0.0 0.0 0.0 0.0 0.013800239 0.013800239 0.23250234 0.23250234 0.23250234 0.013800239 0.0 0.0 0.0 0.0 0.0 0.0 0.0 0.0 0.0 0.0 0.0 0.23250234 0.23250234 0.23250234 0.013800239 0.013800239 0.013800239 0.013800239 0.013800239 0.013800239 0.23250234 0.23250234 0.23250234 0.23250234 0.23250234 0.23250234 0.23250234 0.0 0.0 0.0 0.0 0.0 0.0 0.0 0.0 0.0 0.0 0.0 0.01948562 0.01948562 0.01948562 0.23250234 0.23250234 0.20312071 0.20312071 0.0 0.3460433 0.3460433 0.51072 0.6952057 0.0 0.0 0.0 0.0 0.0 0.0 0.0 0.0 0.0 0.0 0.0 0.0 0.0 0.0
0.34604323 0.51071715 0.2325022 0.2325022 0.01948562 0.01948562 0.01948562 0.0 0.2325022 0.2325022 0.2325022 0.013800143 0.013800143 0.013800143 0.013800143 0.0 0.0 0.0 0.0 0.0 0.0 0.0 0.0 0.0 0.0 0.0 0.0 0.0 0.2325022 0.2325022 0.013800143 0.013800143 0.013800143 0.013800143 0.013800143 0.013800143 0.013800143 0.2325022 0.2325022 0.2325022 0.2325022 0.2325022 0.2325022 0.2325022 0.0 0.0 0.0 0.0 0.0 0.0 0.5107162 0.5107162 0.5107162 0.0 0.0 0.01948561 0.01948561 0.01948561 0.2325022 0.2325022 0.20311928 0.20311928 0.20311928 0.0 0.0 0.0 0.32213974 0.32213974 0.0 0.0 0.0 0.0 0.0 0.0 0.0 0.0 0.0 0.107950926 0.0 0.0 0.0
0.0 0.0 0.0 0.0 0.01948561 0.01948561 0.01948561 0.01948561 0.23250216 0.23250216 0.23250216 0.013800143 0.013800143 0.013800143 0.013800143 0.013800143 0.013800143 0.0 0.0 0.0 0.0 0.0 0.0 0.0 0.0 0.0 0.0 0.0 0.23250216 0.23250216 0.23250216 0.013800143 0.013800143 0.013800143 0.013800143 0.013800143 0.013800143 0.23250216 0.23250216 0.23250216 0.23250216 0.23250216 0.23250216 0.23250216 0.0 0.0 0.0 0.0 0.0 0.0 0.5107119 0.34604317 0.34604317 0.0 0.0 0.0 0.0 0.23250216 0.23250216 0.23250216 0.23250216 0.20311785 0.20311785 0.0 0.0 0.18816818 0.009863785 0.009863785 0.0 0.0 0.0 0.0 0.0 0.0 0.0 0.0 0.10794425 0.0 0.0 0.0 0.0
