Export/ASCII/RMeteo_SP_inch/impervious0/net_infiltration_2015_SP2_inch.asc
ncols         660
nrows         338
xllcorner     1476100.0
yllcorner     5017100.0
cellsize      100
NODATA_value  -9.9000000089461e-20
[rows 26 to 51 of 338, columns 406 to 463 of 660]
2.3303256 0.85600024 0.85600024 2.3303256 2.3303256 0.65209967 0.65209967 0.40593928 0.40593928 0.40593928 0.40593928 0.65209967 0.65209967 0.65209967 0.65209967 0.061734572 0.12389559 0.12389559 0.856 0.856 0.856 0.856 0.856 0.12389559 0.12389559 2.3303256 0.6520995 0.6520995 0.6520995 0.6520995 0.12389559 0.6520995 0.6520995 1.7704427 0.65209943 0.65209943 0.65209943 0.4059391 0.4059391 0.4059391 0.4059391 0.4059391 0.061734527 0.061734527 0.061734527 0.061734527 0.061734527 0.061734527 0.061734527 0.4059391 0.061734527 0.061734527 0.4059391 0.0617345 0.0617345 0.0617345 0.0617345 0.4059391
1.4434793 0.8559969 0.8559969 2.3303235 2.3303235 2.3303235 0.65209705 0.65209705 0.40593797 0.40593797 0.40593797 0.652097 0.652097 0.652097 0.40593785 0.061734214 0.1238952 0.1238952 2.330323 2.330323 0.8559967 0.8559967 1.7704353 2.330323 2.330323 2.330323 0.65209687 0.652097 0.652097 0.652097 0.652097 0.6520968 0.6520968 0.6520968 0.65209675 0.65209675 0.40593755 0.40593755 0.40593755 0.40593755 0.40593755 0.40593755 0.061734166 0.061734166 0.061734166 0.061734166 0.061734166 0.061734166 0.061734166 0.061734166 0.061734166 0.061734166 0.061734166 0.061734166 0.061734166 0.061734166 0.061734166 0.40593737
0.12389475 0.12389473 0.12389473 1.4434676 2.3303204 2.3303204 0.8559934 0.12389473 0.12389473 0.12389473 0.6520941 0.40593642 0.6520941 0.12389473 0.061733857 0.061733857 0.061733857 0.123894714 0.123894714 1.2548128 2.3303204 0.8559933 0.8559933 2.3303204 2.3303204 2.3303204 0.65209407 0.65209407 0.65209407 0.123894714 0.65209407 0.65209407 0.65209407 0.65209407 0.65209407 0.65209407 0.4059359 0.4059359 0.4059359 0.4059359 0.405936 0.405936 0.405936 0.061733805 0.061733805 0.061733805 0.061733805 0.061733805 0.061733805 0.061733805 0.061733805 0.061733805 0.061733805 0.061733805 0.061733805 0.061733805 0.40593582 0.40593582
0.12389434 0.12389434 0.123894334 0.85598975 0.85598975 2.3303177 1.4434555 0.123894334 0.123894334 0.123894334 0.65209144 0.65209144 0.123894334 0.123894334 0.0617335 0.0617335 0.0617335 0.12389432 0.12389432 0.12389432 2.3303175 0.85598975 0.85598975 2.3303175 2.3303175 2.3303175 0.6520913 0.6520913 0.4059346 0.6520913 0.6520913 0.4059346 0.4059346 0.4059346 0.4059346 0.4059346 0.4059346 0.4059346 0.4059346 0.4059346 0.4059346 0.4059346 0.4059346 0.06173345 0.06173345 0.06173345 0.06173345 0.06173345 0.06173345 0.06173345 0.06173345 0.06173345 0.06173345 0.06173345 0.06173345 0.06173345 0.06173345 0.06173345
0.1238939 2.3303163 0.85598654 0.85598654 0.85598654 1.4434435 1.4434435 0.65208894 0.65208894 1.4434435 0.1238939 0.65208894 0.65208894 0.65208894 0.1238939 0.061733093 0.123893894 0.123893894 0.123893894 2.3303156 2.3303156 0.85598624 0.85598624 2.3303156 0.65208864 0.65208864 0.65208864 0.6520885 0.40593305 0.40593305 0.40593305 0.405933 0.405933 0.405933 0.405933 0.405933 0.405933 0.405933 0.405933 0.405933 0.405933 0.405933 0.405933 0.405933 0.061733093 0.061733093 0.061733093 0.061733093 0.061733093 0.061733093 0.061733093 0.06173307 0.06173307 0.06173307 0.06173307 0.06173307 0.06173307 0.06173307
0.85598296 2.3303132 2.3303132 2.3303132 1.4434323 0.65208596 0.65208596 0.65208596 0.65208596 0.65208596 0.12389349 0.65208596 0.65208596 0.65208596 0.12389349 0.12389349 0.12389349 0.12389349 0.12389349 2.330313 0.12389347 0.12389347 0.12389347 0.6520858 0.6520858 0.40593153 0.6520858 0.6520858 0.4059314 0.4059314 0.4059314 0.4059314 0.4059314 0.4059314 0.4059314 0.40593132 0.40593132 0.40593132 0.40593132 0.58987486 0.40593132 0.40593132 0.4059314 0.4059314 0.061732735 0.061732735 0.061732735 0.061732713 0.06173269 0.06173269 0.06173269 0.06173269 0.06173269 0.06173269 0.06173269 0.40593132 0.40593132 0.06173269
0.8559796 2.330311 2.330311 1.4434199 1.4434197 0.65208316 0.65208316 0.4059298 0.65208316 0.65208316 0.4059298 0.4059298 0.4059298 0.6520831 0.6520831 0.12389302 0.12389302 0.12389302 0.12389302 0.12389302 0.12389302 0.12389302 0.12389302 0.6520831 0.6520831 0.06173238 0.06173238 0.4059298 0.4059298 0.4059298 0.4059298 0.4059298 0.4059298 0.4059298 0.4059298 0.4059298 0.4059298 0.4059298 0.4059298 0.4059298 0.4059298 0.4059298 0.4059298 0.06173235 0.06173235 0.06173235 0.06173235 0.06173235 0.06173235 0.4059298 0.4059298 0.4059298 0.06173235 0.4059298 0.4059298 0.4059298 0.4059298 0.4059298
2.3303075 2.3303075 2.3303075 0.6520805 0.6520805 0.6520805 0.6520805 0.4059285 0.4059285 0.4059285 0.4059285 0.4059285 0.6520804 0.6520804 0.123892605 0.123892605 0.123892605 0.123892605 0.06173202 0.65208036 0.65208036 2.3303075 0.123892605 0.6520803 0.6520803 0.06173202 0.06173202 0.4059285 0.4059285 0.4059285 0.4059285 0.4059285 0.4059285 0.4059285 0.4059285 0.4059285 0.4059285 0.4059285 0.4059285 0.4059285 0.4059285 0.4059285 0.4059285 0.06173202 0.06173202 0.06173202 0.06173202 0.06173202 0.65208006 0.06173202 0.06173202 0.06173202 0.06173202 0.4059284 0.40592822 0.40592822 0.40592813 0.40592813
2.330305 2.330305 1.4433968 0.65207773 2.330305 0.6520777 0.6520777 0.4059268 0.4059268 0.4059268 0.4059268 0.4059268 0.4059268 0.061731637 0.123892166 0.123892166 0.12389216 0.6520775 0.40592667 0.6520775 0.6520775 0.6520775 0.12389213 0.6520775 0.6520775 0.12389213 0.12389211 0.6520775 0.40592667 0.40592667 0.40592667 0.40592667 0.40592667 0.40592667 0.40592667 0.40592667 0.40592667 0.40592667 0.40592667 0.40592667 0.40592667 0.40592667 0.061731637 0.061731637 0.061731637 0.061731637 0.061731637 0.1238921 0.65207726 0.061731637 0.061731637 0.061731637 0.061731637 0.061731637 0.40592667 0.40592667 0.4059266 0.4059266
1.4433844 1.4433844 1.4433844 1.4433844 2.3303022 0.12389177 0.65207493 0.40592542 0.40592542 0.4059255 0.4059255 0.4059255 0.4059255 0.061731353 0.123891756 0.6520748 0.6520748 0.6520748 0.6520748 0.6520748 0.6520748 0.4059255 0.65207475 0.65207475 0.65207475 0.123891726 2.3303022 0.65207475 0.40592542 0.40592542 0.40592542 0.40592542 0.40592542 0.40592542 0.40592542 0.40592542 0.40592542 0.061731305 0.40592542 0.40592542 0.40592542 0.40592542 0.061731305 0.061731305 0.061731305 0.061731305 0.061731305 0.6520745 0.6520745 0.06173128 0.06173128 0.06173128 0.06173128 0.06173128 0.06173128 0.40592533 0.40592533 0.40592533
1.4433732 1.4433732 2.3302996 2.3302996 2.3302996 0.12389131 0.6520723 0.40592402 0.40592402 0.40592402 0.40592402 0.40592402 0.12389131 0.12389131 0.12389131 0.65207225 0.65207225 0.65207225 0.65207225 0.40592384 0.40592384 0.40592384 0.65207225 0.65207225 0.65207225 0.65207225 0.6520722 0.40592366 0.40592366 0.40592366 0.40592366 0.40592366 0.40592366 0.40592366 0.40592366 0.40592366 0.061730877 0.7845119 0.40592366 0.40592366 0.40592366 0.40592366 0.061730877 0.061730877 0.061730877 0.061730877 0.40592366 0.1238913 0.061730877 0.061730877 0.061730877 0.061730877 0.061730877 0.061730877 0.061730877 0.40592366 0.40592366 0.40592366
0.65206945 0.65206945 0.65206945 0.65206945 0.65206945 2.3302972 0.65206945 0.65206945 0.40592232 0.40592232 0.40592232 0.061730593 0.061730593 0.12389088 0.12389088 0.6520694 0.6520694 0.65206933 0.65206933 0.65206933 0.40592232 0.40592232 0.65206933 0.40592232 0.65206933 0.65206933 0.6520693 0.40592232 0.40592232 0.40592232 0.40592232 0.40592232 0.40592232 0.40592232 0.40592232 0.40592232 0.40592232 0.06817498 0.061730567 0.40592232 0.4059222 0.4059222 0.40592214 0.40592214 0.061730567 0.061730567 0.40592214 0.5898545 0.123890825 0.061730545 0.061730545 0.061730545 0.061730545 0.40592203 0.40592203 0.061730545 0.061730545 0.061730545
2.3302944 1.4433496 0.6520668 0.65206677 0.65206677 0.6520667 0.6520667 0.6520667 0.6520667 0.6520666 0.061730254 0.06173023 0.6520666 0.6520666 0.123890445 0.6520666 0.6520666 0.123890415 0.123890415 0.6520666 0.6520666 0.40592068 0.40592068 0.40592068 0.4059206 0.65206647 0.65206647 0.4059206 0.4059206 0.4059206 0.4059206 0.4059206 0.4059206 0.4059206 0.4059206 0.4059206 0.4059206 0.4059206 0.4059206 0.4059206 0.4059206 0.4059206 0.4059206 0.4059206 0.4059206 0.4059206 0.4059206 0.4059206 0.65206635 0.061730206 0.061730206 0.123890385 0.123890385 0.4059206 0.4059206 0.4059206 0.061730206 0.061730206
2.3302917 1.4433382 1.4433382 2.3302917 2.3302917 0.6520638 0.6520638 0.6520638 0.6520638 0.40591916 0.06172985 0.06172985 0.06172985 0.40591916 0.123890005 0.6520637 0.6520637 1.254751 2.3302917 0.6520637 0.6520637 0.40591916 0.40591916 0.40591916 0.40591916 0.6520637 0.6520637 0.40591916 0.40591916 0.40591916 0.40591916 0.40591916 0.40591916 0.40591916 0.40591916 0.40591916 0.40591916 0.40591916 0.40591916 0.40591916 0.40591916 0.40591916 0.40591916 0.40591916 0.6520636 0.6520636 1.0967057 0.65206355 0.65206355 0.65206355 0.6520635 0.8559548 0.123889975 0.6520634 0.40591908 0.40591908 0.40591908 0.40591908
1.4433262 1.4433262 1.4433262 2.3302886 2.3302886 2.3302886 0.65206116 0.65206116 0.6520611 0.6520611 0.12388961 0.123889595 0.65206105 0.65206105 0.12388959 0.8559518 0.8559518 1.2547456 0.65206105 0.65206105 0.40591764 0.40591764 0.40591764 0.40591764 0.40591764 0.40591764 0.40591764 0.40591764 0.40591764 0.40591764 0.40591764 0.40591764 0.40591764 0.40591764 0.40591764 0.40591764 0.40591753 0.40591753 0.40591753 0.40591753 0.40591753 0.40591753 0.40591753 0.40591753 0.6520608 0.6520608 2.3302886 0.12388954 0.061729494 0.6520607 0.6520607 0.6520607 0.6520607 0.6520607 0.40591753 0.40591753 0.40591753 0.40591753
1.4433146 1.4433146 1.4433146 2.3302855 2.3302855 2.3302855 2.3302855 0.6520584 0.6520584 0.85594857 0.6520584 0.6520584 0.85594857 2.3302855 2.3302855 0.8559485 2.3302855 2.3302855 0.65205836 0.65205836 0.4059161 0.4059161 0.06172918 0.06172918 0.4059161 0.4059161 0.4059161 0.405916 0.405916 0.405916 0.405916 0.40591592 0.40591592 0.40591592 0.40591592 0.40591592 0.40591592 0.40591592 0.40591592 0.40591592 0.40591592 0.40591592 0.40591592 0.6520581 0.6520581 0.6520581 0.6520581 0.6520581 0.6520581 0.12388914 0.652058 0.652058 0.40591592 0.40591592 0.40591592 0.40591592 0.40591592 0.40591592
0.8559452 0.8559452 1.2547346 1.2547346 1.2547346 1.2547346 2.3302839 0.65205574 0.85594505 0.85594505 0.12388876 0.12388876 0.855945 0.855945 2.3302839 2.3302839 0.65205556 0.65205556 0.65205556 0.65205556 0.40591466 0.06172878 0.06172878 0.061728753 0.061728753 0.40591466 0.40591466 0.40591466 0.40591466 0.40591466 0.40591466 0.40591466 0.40591466 0.40591466 0.40591466 0.40591466 0.40591466 0.40591466 0.40591455 0.40591455 0.40591455 0.40591446 0.40591446 0.65205556 0.1238887 0.12388867 0.6520555 0.6520555 0.6520555 2.3302832 2.3302827 0.6520553 0.40591437 0.40591437 0.40591437 0.40591437 0.40591437 0.40591437
0.58983433 1.2547288 1.2547287 0.806296 1.2547287 0.65205294 2.3302808 0.12388829 1.443291 0.65205294 0.12388829 0.12388829 2.3302808 2.3302808 0.6520529 2.3302805 0.6520529 0.6520528 0.6520528 0.6520528 0.40591297 0.061728418 0.061728418 0.061728418 0.061728418 0.061728418 0.40591297 0.40591314 0.40591303 0.40591303 0.40591303 0.40591303 0.40591303 0.40591303 0.40591303 0.40591285 0.40591285 0.40591285 0.40591285 0.40591285 0.40591285 0.40591285 0.40591285 0.061728373 0.061728373 0.061728373 0.12388825 0.12388825 2.3302805 2.3302803 2.3302803 0.6520526 0.6520526 0.40591285 0.4059128 0.4059128 0.4059128 0.4059128
0.589831 1.2547233 1.2547233 1.3270476 0.65205014 0.65205 2.3302782 2.3302782 1.4432786 0.65205 0.12388789 0.12388789 0.12388789 0.65205 0.65205 0.65205 0.65205 0.4059115 0.65205 0.65205 0.061728064 0.061728064 0.061728064 0.061728064 0.061728064 0.061728064 0.4059115 0.4059115 0.4059115 0.4059115 0.4059115 0.4059115 0.4059115 0.4059115 0.4059115 0.4059115 0.4059115 0.4059115 0.40591142 0.40591142 0.40591142 0.06172804 0.06172804 0.061728016 0.061728016 0.06172804 0.12388782 0.12388782 2.3302782 0.8559378 0.8559377 0.6520498 0.6520498 0.40591124 0.40591124 0.40591124 0.40591124 0.6520497
0.4059101 0.8559348 0.12388745 1.2547176 0.6520475 0.6520475 0.85593474 2.3302753 0.12388745 0.6520475 0.12388745 0.12388745 0.12388745 0.6520475 0.40591002 0.6520475 0.6520475 0.6520475 0.40591002 0.40591002 0.40591002 0.06172768 0.06172768 0.06172768 0.40590984 0.40590984 0.40590984 0.40590984 0.40590984 0.40590984 0.40590984 0.40590984 0.40590984 0.40590984 0.40590984 0.40590984 0.40590984 0.40590984 0.40590984 0.40590984 0.061727654 0.061727654 0.061727654 0.061727654 0.061727654 0.061727654 0.12388744 2.330275 2.330275 0.8559344 0.8559344 0.8559344 0.65204704 0.40590984 0.40590984 0.40590984 0.40590984 0.6520469
0.40590855 0.78442013 0.123887 0.6520446 0.6520446 0.8559311 0.8559311 2.3302722 0.06172735 0.123887 0.8559311 0.123887 0.123887 0.5898242 0.40590838 0.40590838 0.40590838 0.40590838 0.8062798 0.40590838 0.40590838 0.06172735 0.06172735 0.061727323 0.40590838 0.40590838 0.40590838 0.40590838 0.40590838 0.40590838 0.40590838 0.40590838 0.061727323 0.061727323 0.061727323 0.061727323 0.061727323 0.40590838 0.40590838 0.40590838 0.061727323 0.40590838 0.061727323 0.40590838 0.6520443 0.12388696 2.3302722 2.3302722 2.3302722 2.3302722 2.3302722 2.3302722 0.6520441 0.6520441 0.6520441 0.6520441 0.65204406 0.123886935
0.061726965 1.1013261 0.40590683 0.6520419 0.6520419 0.85592794 1.4432437 0.12388659 0.061726943 0.061726943 0.85592794 0.12388658 0.12388658 0.12388658 0.65204173 0.40590683 0.40590683 0.40590683 0.40590683 0.43589464 0.40590674 0.061726943 0.061726943 0.061726943 0.40590674 0.65204173 0.65204173 0.65204173 0.65204173 0.65204173 0.65204173 0.65204173 0.12388654 0.061726943 0.061726943 0.7844099 0.061726943 0.5898204 0.58982027 0.40590665 0.40590665 0.40590665 0.40590665 0.40590665 0.65204155 0.123886526 2.3302698 2.3302698 2.3302698 2.3302698 2.3302698 2.3302698 0.6520415 0.65204144 0.65204144 0.6520414 0.6520414 0.6520414
0.06172661 0.068168685 0.061726585 0.061726585 0.12388615 0.65203905 1.4432316 1.4432311 0.061726585 0.061726585 1.4432311 0.85592425 0.12388614 0.12388614 0.65203905 0.65203905 0.65203905 0.40590522 0.9887856 0.9887856 0.58981717 0.061726563 0.061726563 0.061726563 0.652039 0.652039 0.85592407 0.652039 2.3302672 2.3302672 2.3302672 0.12388614 0.12388614 0.12388614 0.061726563 0.061726563 0.061726563 0.061726563 0.061726563 0.40590522 0.40590522 0.40590522 0.40590522 0.40590522 0.6520388 0.12388614 2.3302672 2.3302672 2.3302672 2.3302672 2.3302672 2.3302672 0.65203875 0.65203863 0.65203863 0.65203863 0.65203863 0.65203863
0.061726272 0.061726272 0.061726272 0.061726272 0.061726272 0.65203637 1.4432206 1.4432206 0.061726272 0.06172625 0.8559209 0.8559209 1.4432206 0.12388572 0.6520363 0.6520363 0.123885706 0.85592085 1.0788481 0.85592085 0.85592085 0.123885706 0.40590382 0.40590382 0.8559208 0.8559208 0.85592073 2.5898032 2.3302646 2.3302646 2.3302646 2.3302646 0.65203613 0.65203613 0.6520361 0.5898137 0.061726224 0.06172618 0.4059036 0.4059036 0.4059036 0.4059036 0.4059036 0.4059036 0.6520361 0.12388567 2.3302646 2.3302646 2.3302646 2.3302646 2.3302646 2.3302646 2.3302646 0.652036 0.12388567 0.12388567 2.3302646 0.65203583
0.061725914 0.061725914 0.061725914 0.061725914 0.40590236 0.40590236 0.061725914 0.8559175 0.123885326 0.061725914 0.061725914 0.061725914 1.4432075 1.4432075 0.6520335 0.12388531 0.12388531 0.85591733 0.85591733 0.85591733 0.85591733 0.6520335 0.40590224 0.40590224 0.6520335 0.6520335 0.65203345 2.3302617 2.3302617 2.3302617 2.3302617 2.3302617 0.6520334 0.6520334 0.6520334 0.6520334 0.40590218 0.40590218 0.40590218 0.40590218 0.40590218 0.40590206 0.40590206 0.40590206 0.6520332 2.3302617 2.3302617 2.3302617 2.3302617 2.3302617 2.3302617 2.3302617 3.283173 0.06172587 0.061725847 0.12388526 0.85591686 0.85591686
0.06172556 0.06172556 0.06172556 0.06172556 0.06172556 0.06172556 0.06172556 0.12388488 0.12388488 0.06172556 0.06172556 1.4431965 1.4431965 1.4431965 0.12388488 0.12388488 0.12388488 0.12388488 2.3302588 0.12388485 0.12388484 0.6520307 0.40590054 0.061725534 0.12388484 0.6520307 0.8559139 2.3302588 2.3302588 2.3302584 2.3302584 2.3302584 2.3302584 0.6520307 0.65203065 0.40590072 0.40590072 0.40590072 0.40590072 0.40590072 0.40590072 0.40590072 0.40590072 0.40590072 0.12388481 0.12388481 2.3302584 2.3302584 2.3302584 2.3302584 2.3302584 2.3302584 0.6 1.0966976 0.061725464 0.12388477 0.8559136 0.5898068
