Export/ASCII/RMeteo_SP_inch/impervious0/net_infiltration_2017_SP1_inch.asc
ncols         660
nrows         338
xllcorner     1476100.0
yllcorner     5017100.0
cellsize      100
NODATA_value  -9.9000000089461e-20
[rows 182 to 207 of 338, columns 177 to 235 of 660]
1.5732782 1.7726865 0.15313114 0.15313114 0.07004255 0.07004255 0.07004255 0.07004255 0.07004255 0.35461292 0.6639322 0.6639322 0.6639323 0.6639323 0.6639323 0.6639323 1.5732787 1.5732787 1.5732787 0.79108155 0.79108155 0.87199247 0.79108155 0.87199247 0.79108155 0.8329388 0.8329388 0.79108155 1.5732787 1.5732787 1.5732787 0.2955358 0.2955358 0.2955358 0.48 0.48 0.27112985 0.48 1.3586147 1.3586147 1.3586147 0.15908203 0.15908203 0.8719927 0.7910818 1.7351003 1.6541896 0.6639323 0.6639323 0.6639323 0.6639323 0.6639323 0.6639323 0.3546131 0.3546131 0.6639323 0.6639323 0.6639323 0.6639323
1.3586009 1.3586009 0.1531296 0.1531296 0.07004108 0.07004108 0.07004108 0.07004108 0.07004108 0.79107416 1.5732646 1.3586016 1.5732648 1.5732648 1.5732648 1.5732648 1.5732648 1.5732648 1.5732648 0.87198126 0.87198126 0.87198126 0.87198126 0.87198126 0.87198126 0.83292544 0.83292544 1.654172 1.5732648 1.5732648 1.5732648 0.48 0.48 0.48 0.48 0.48 0.48 0.48 1.5732648 1.5732648 1.3586016 0.15312964 0.15312964 1.654172 1.654172 1.5732648 0.663926 0.663926 0.354607 0.663926 0.07004113 0.07004113 0.07004113 0.354607 0.354607 0.354607 0.663926 0.663926 0.354607
1.5732508 1.5732508 1.573251 0.791067 0.3546006 0.3546006 0.3546006 0.3546006 0.3546006 0.8716639 0.791067 1.3585889 1.573251 1.573251 1.573251 1.573251 1.573251 1.573251 1.573251 1.6541548 0.8719708 0.791067 0.8719708 0.791067 0.871971 0.7725984 1.573251 1.6335635 1.573251 1.573251 1.3585892 0.48 0.271127 0.48 0.48 0.48 0.271127 0.48 1.3585892 1.573251 1.3585892 1.3585892 1.573251 1.573251 1.573251 1.573251 0.6639198 0.6639198 0.3546007 0.070039555 0.070039555 0.070039555 0.070039555 0.070039555 0.3546007 0.6639198 0.6639198 0.3546007 0.3546007
1.5732362 1.5732362 0.79105985 0.87196076 0.79105985 0.3545945 0.3545945 0.79105985 0.79105985 0.9428023 0.8640567 1.3585765 1.5732367 1.5732367 1.3585765 1.5732367 1.5732367 1.5732367 1.5732367 1.5732367 0.871961 0.7910601 0.9522959 0.871961 0.871961 0.7910601 1.5732367 1.5732367 1.5732367 1.5732367 1.3585765 0.48 0.29553103 0.48 0.29553103 0.29553103 1.0197521 0.48 0.29553103 1.3585765 1.573237 1.3585768 1.3585768 1.573237 1.573237 1.573237 0.66391367 0.66391367 0.3545946 0.07003803 0.07003803 0.07003803 0.07003803 0.15312654 0.66391367 0.66391367 0.66391367 0.66391367 0.3545946
0.833211 1.5732229 0.79105294 0.9522811 0.87195003 0.94278824 0.94278824 0.87195003 0.87195003 1.0768925 0.87195003 0.79105294 1.5732229 1.5732229 1.5732229 1.3585637 1.5732229 1.5732229 1.5732229 1.5732229 0.87195003 0.79105294 0.87195003 1.6541204 1.6541204 1.6541204 1.5732234 1.5732234 1.5732234 1.3585639 0.2711246 0.48 0.2955296 0.48 0.48 0.48 0.87195003 0.48 0.48 1.5732234 1.3585639 1.3585639 1.3585639 1.5732234 1.5732234 0.6639074 0.6639074 0.6639074 0.6639074 0.6639074 0.6639074 0.6639074 0.153125 0.153125 0.6639074 1.5732234 0.6639074 0.6639074 0.6639074
0.8332033 1.573209 0.8719388 0.8719388 0.8719388 0.9251431 0.9251431 0.8719388 0.8719388 1.0768727 0.8719388 0.8719388 1.3585508 1.5732095 1.5732095 1.5732095 1.5732095 1.5732095 1.3585508 1.3585508 1.4394441 0.8719388 1.6541028 1.5732095 1.3585508 1.5732095 1.5732095 1.5732095 1.3585508 1.3585508 0.48 0.48 0.5934491 0.6240969 0.48 0.79104555 0.8719388 0.48 0.48 1.5732095 1.5732095 1.5732095 1.5732095 0.15312348 0.15312348 0.6639013 0.6639013 0.6639013 0.6639013 0.6639013 0.6639013 0.6639013 0.6639013 0.6639013 1.7726183 1.170482 1.170482 0.6639013 0.6639013
1.5731952 1.5731952 1.6540852 1.5731952 1.6540852 0.9427608 0.87192833 0.7910384 0.87192833 0.7910384 0.87192833 0.7910384 0.7910384 1.5731952 1.5731952 1.5731952 1.5731952 1.5731952 1.3585382 1.3585382 1.5731952 1.5731952 1.5731952 1.5731952 1.5731952 1.5731952 1.5731952 1.3585382 1.3585382 0.27112174 0.48 0.48 0.27112174 0.36639035 0.36493325 0.7910384 0.7910384 0.29552627 0.48 1.5731955 0.15312189 0.15312189 0.15312189 0.15312189 0.070033446 0.66389513 0.66389513 0.66389513 0.66389513 0.66389513 0.66389513 0.66389513 1.5731955 1.5731955 1.5731955 1.1704715 1.1704715 1.5731955 1.5731955
1.5731814 1.5731814 1.5731814 1.5731814 1.5731814 1.906784 0.94274724 0.791031 0.8719176 0.791031 1.6540682 1.5731816 1.6540682 0.791031 1.5731816 1.5731816 1.5731819 1.5731819 1.3585255 1.5731819 1.5731819 1.5731819 1.5731819 1.5731819 1.5731819 1.5731819 1.5731819 1.358526 0.2711203 0.48 0.48 0.48 0.17848653 0.27529502 0.27529502 0.8719176 0.8719176 0.48 0.48 1.3585265 0.15312037 0.15312037 0.07003192 0.07003192 0.07003192 0.15312037 0.6638888 0.6638888 0.6638888 0.6638888 0.6638888 0.83318794 1.7725909 1.7725909 1.7725909 1.5731819 1.5731819 1.5731819 1.5731819
1.7725768 1.7725768 1.5731678 1.5731678 1.5731678 1.5731678 1.5731678 0.8719069 0.8719069 0.50354826 0.8331801 0.8331801 1.5731678 1.6540506 1.5731678 1.5731678 1.5731678 1.5731678 1.3585131 1.5731678 0.8331801 0.66388255 1.5731678 1.5731678 1.5731678 1.5731678 1.5731678 0.27111888 0.48 0.27111888 0.27111888 0.48 0.17847747 0.3545638 0.17847747 0.87190735 0.87190735 0.2955234 0.48 0.6638826 0.6638826 0.15311879 0.070030466 0.070030466 0.15311879 0.15311879 0.6638826 0.6638826 0.6638826 0.6638826 0.8331802 0.8331802 1.772577 1.5731678 1.5731678 1.5731678 1.5731678 1.5731678 1.5731678
0.94271934 1.772563 1.772563 1.772563 1.5731535 1.5731535 1.5731535 1.654033 0.87189615 1.5731535 1.5731537 1.5731537 1.5731537 1.5731537 1.5731537 1.5731537 1.5731537 1.5731537 1.3585005 1.5731537 0.6638762 0.6638762 0.6638762 1.573154 1.573154 1.573154 0.29552197 0.48 0.48 0.27111793 0.48 0.48 0.35455757 0.35455757 0.35455757 0.87189615 0.87189615 0.48 0.29552197 0.9456158 0.83317226 0.83317226 0.1531172 0.1531172 0.1531172 0.66387624 1.5731542 0.66387624 0.83317226 0.83317226 0.83317226 0.83317226 1.5731542 1.5731542 1.5731542 1.5731542 1.5731542 1.5731542 1.5731542
1.076769 1.7725487 1.7725487 1.7725487 1.5731399 1.5731399 1.5731399 1.5731399 1.654016 1.5731399 1.5731399 1.5731399 1.5731399 1.5731399 1.5731399 1.5731399 1.5731399 1.5731399 1.3584878 1.3584878 0.66387 0.66387004 0.66387004 1.5731399 1.5731399 0.29552007 0.48 0.29552007 0.48 0.48 0.42293364 0.77254546 0.3545515 0.3545515 0.7910098 0.7910098 0.9521977 0.48 0.48 0.2752607 0.8331645 0.8331645 0.6638701 0.15311566 0.15311566 1.5731399 1.5731399 1.5731399 1.5731399 0.8331645 1.5731399 1.5731399 1.5731401 1.5731401 1.5731401 1.5731401 1.5731401 1.5731401 1.5731401
1.0767483 0.94269216 1.7725353 1.7725353 1.7725353 1.5731261 1.5731261 1.5731261 1.5731261 1.5731261 1.5731263 1.5731263 1.5731263 1.358474 1.5731263 1.5731263 1.5731263 1.5731263 1.3584743 1.3584743 0.8331568 0.8331568 1.5731263 1.5731263 0.79100215 0.79100215 0.48 0.48 0.48 0.48 0.35454538 0.37507868 0.772539 0.79100215 0.87187517 0.87187517 0.37394404 0.48 0.48 0.29551864 0.66386396 0.66386396 1.5731266 0.15311414 0.15311414 1.5731266 1.5731266 1.5731266 1.5731266 1.5731266 1.5731266 1.5731268 1.5731268 1.5731268 1.5731268 1.5731268 1.5731268 1.5731268 1.5731268
1.0767282 0.94267905 1.7725217 1.7725217 1.7725217 0.8331488 0.8331488 0.8331488 1.5731127 1.5731127 1.5731127 1.5731127 1.5731127 1.5731127 1.3584616 1.3584619 1.5731127 1.5731127 1.5731127 1.3584619 0.790995 0.790995 1.5731127 0.790995 0.87186396 0.790995 0.2955172 0.2955172 0.2955172 0.4741163 0.3545392 0.3545392 0.83277524 0.8534018 0.790995 0.87186444 0.2955172 0.48 0.48 0.2955172 0.2955172 0.2955172 0.2955172 0.2955172 1.5731127 1.5731127 1.5731127 1.5731127 1.5731127 1.5731127 1.5731127 1.5731127 1.5731127 1.5731127 1.5731127 1.5731127 1.5731127 1.5731127 1.5731127
0.92503035 1.0767077 1.7725081 1.7725081 1.7725081 0.8331411 0.8331411 0.8331411 1.5730984 1.5730987 1.5730987 1.5730987 1.5730987 1.5730987 1.5730987 1.3584495 0.83314127 0.83314127 1.3584495 0.7909881 0.8718542 0.8718542 0.7909881 0.8718542 0.8718542 0.7909881 1.0950204 1.0199486 1.0199486 0.35453308 0.35453308 0.35453308 0.8512248 0.8512248 0.8718542 0.37393498 0.29551578 0.48 0.48 0.48 0.48 0.48 0.48 0.48 1.5730989 0.8331414 0.8331414 0.8331414 1.5730989 1.5730989 1.5730989 1.5730989 1.5730989 1.5730989 1.5730989 1.5730989 1.5730989 1.5730989 1.5730989
0.7909807 1.1552335 0.94265115 1.7724941 1.7724948 1.7724948 0.8331333 1.5739994 1.5730851 1.5730851 1.5730851 1.7724948 1.5730851 1.5730851 0.6638451 0.6638451 0.8331333 0.8331333 0.46567774 0.8718425 0.7909807 0.7909807 0.8718425 0.8718425 0.8718425 0.8718425 0.87197745 0.87197745 0.87197745 0.7909807 0.3545267 0.7909807 0.8718425 0.7909807 0.8718425 0.48 0.48 0.6248708 0.48 0.48 0.48 0.48 0.29551435 0.48 0.29551435 1.5730853 0.8331335 1.5730853 0.8331335 0.8331335 1.5730853 1.5730853 1.5730853 1.5730853 1.5730853 1.5730853 0.6638453 0.6638453 1.5730853
0.87183297 1.076667 0.7909733 1.573071 1.5730712 1.5730712 1.5730712 1.3584242 1.7724805 1.7724805 1.7724805 1.7724805 1.5730712 1.5730712 0.663839 0.663839 0.663839 1.5730712 0.4656701 0.5034839 0.87183297 0.87183297 0.87183297 0.87183297 0.87183297 0.87183297 0.8723575 0.87183297 0.87183297 0.87183297 0.79097354 0.87183297 0.075011864 0.07001976 0.075011864 0.29551244 0.3643434 0.36625695 0.48 0.29551244 0.29551244 0.29551244 0.48 0.48 0.29551244 1.5730712 1.5730712 1.5730712 0.83312595 0.83312595 0.79097354 0.79097354 1.5730712 1.5730712 1.5730712 0.6638392 0.6638392 0.6638392 1.5730712
0.87182176 0.9249879 0.87182176 0.79096615 1.5730572 1.5730572 1.3584113 1.7724669 1.7724669 1.7724671 1.7724671 1.3584116 1.5730572 1.5730572 1.5730572 0.6638328 1.5730572 0.7909664 0.46566236 0.7909664 0.871822 0.871822 0.871822 0.871822 0.871822 0.871822 0.871822 0.7909664 0.9521135 0.7909664 0.0750102 0.0750102 0.07001826 0.07001826 0.07001826 0.48 0.27519095 0.27519095 0.48 0.295511 0.48 0.48 0.6248474 0.48 0.48 0.295511 1.5730572 1.5730572 1.5730572 0.7909664 0.871822 0.871822 0.7909664 1.5730572 1.5730572 0.6638329 0.6638329 0.6638329 1.5730572
0.8718115 0.79095924 0.9520997 0.8718115 1.5730433 1.5730433 1.5730433 1.7724531 1.7724535 1.7724535 1.5730433 1.3583982 1.3583982 1.5730433 1.3583982 1.5730433 1.5730433 1.6538956 0.79095924 0.8718115 0.8718115 0.8718115 0.8718115 0.79095924 0.9520997 0.8718115 0.8718115 0.8718115 0.79095924 0.07500846 0.07001671 0.07001671 0.07001671 0.07001671 0.070016734 0.039252315 0.29550958 0.29550958 0.48 0.48 0.48 0.48 0.48 0.29550958 0.48 0.29550958 0.48 0.29550958 0.79095924 0.79095924 0.8718115 0.8718115 0.79095924 0.79095924 1.5730433 0.6638269 0.6638269 0.6638269 1.5730433
0.79095185 0.8533417 0.8533417 0.8718008 0.79095185 1.5730293 1.5730293 1.7724397 1.7724397 1.5730293 1.5730293 1.3583868 1.3583868 1.5730293 1.5730293 1.5730293 1.5730293 0.79095185 0.8718008 0.8718008 0.79095185 0.79095185 0.8718008 0.8718008 0.8718008 0.4656471 0.5034561 1.023446 0.07500679 0.4656471 0.07001521 0.07001521 0.07001521 0.07001521 0.07001521 0.79095185 0.4228028 1.0198807 1.0229317 1.021509 0.48 0.48 0.29550815 0.48 0.48 0.48 0.48 1.0198807 0.8718008 0.8718008 0.8533417 0.8533417 0.8718008 0.79095185 1.6538785 1.5730295 1.5730295 1.5730295 1.5730295
0.87179005 0.85113966 0.8326808 0.87179005 0.87179005 1.5730157 1.5730157 1.3583729 1.3583729 1.5730157 1.7724261 1.3583729 1.5730157 1.5730157 1.5730157 1.5730157 0.8330945 0.50344706 0.87179077 0.87179077 0.87179077 0.87179077 0.87179077 0.87179077 0.87179077 0.46563947 0.46563947 0.5264975 0.46563947 0.46563947 0.46563947 0.0700137 0.0700137 0.0700137 0.7909452 0.87179077 0.35449627 0.38157022 0.8723153 0.7909452 0.48 0.48 0.48 0.625927 0.48 0.48 0.48 0.503507 0.5034473 0.87179077 0.7909452 0.9113213 0.87179077 1.6538613 1.5730157 1.5730157 1.5730157 1.5730157 1.5730157
0.8717791 0.8717791 0.83266675 0.7909373 0.95205724 1.5730019 1.5730019 1.35836 1.35836 1.7724118 1.7724118 1.5730019 1.5730019 1.5730019 1.5730019 1.5730019 0.8330867 0.4656316 0.8717791 0.8717793 0.8717793 0.8717793 0.8717793 0.8717793 0.8717793 0.79093754 0.4656316 0.07001211 0.4656316 0.4656316 0.07001211 0.1531001 0.07001211 0.79093754 0.8717798 0.79093754 0.35448977 0.79093754 0.87181747 0.8717798 0.5205169 0.2955048 0.48 0.48 0.2955048 0.48 0.3648324 0.46563184 0.46563184 0.3815215 0.79093754 0.8717798 0.8717798 1.5730019 1.5730019 1.5730019 1.3583605 1.5730019 1.5730019
1.5729878 0.95204365 0.85111034 0.7909304 0.87176883 1.5729878 1.5729878 1.5729878 1.7723982 1.7723982 1.7723982 1.572988 1.572988 1.572988 1.572988 1.572988 1.572988 1.572988 0.7909304 0.87176883 0.87176883 0.7909304 0.7909304 0.9341496 0.772473 0.87176883 0.7909304 0.070010625 0.070010625 0.070010625 0.15309858 0.15309858 0.7909304 0.7909304 0.7909304 0.87176883 0.7909304 0.7909304 0.87176883 0.87176883 0.48 0.48 0.48 0.48 0.29550338 1.8051913 0.7909306 0.7909306 0.35448375 0.35448375 0.8717691 0.7909306 0.8717691 0.7909306 1.5729883 1.5729883 1.3583486 1.5729883 1.5729883
1.5729742 1.6538088 0.8717576 0.8717576 0.8717576 1.5729742 1.5729742 1.5729744 1.7723849 1.7723849 0.6637955 0.6637955 1.5729744 1.5729744 1.5729744 1.5729744 1.5729744 1.5729744 0.8717576 0.790923 0.95202935 0.8717576 0.85330117 0.8326398 0.8326398 0.8717576 0.8717576 0.07000913 0.07000913 0.15309703 0.15309703 1.5729744 0.8717576 0.8717576 0.8717576 0.8717576 0.50341916 0.50341916 0.8717576 0.87145865 0.99973166 0.79585326 0.48249814 0.48 0.48 1.5729744 1.6538091 1.6538091 0.790923 0.35447785 0.8717576 0.8717576 0.790923 0.790923 1.6538091 1.5729744 1.5729744 1.3583355 1.3583355
1.5729604 1.5729604 1.6537921 1.6537921 1.6537921 1.7723708 1.7723708 1.3583224 0.6637893 0.6637893 0.6637893 0.6637893 1.5729606 1.5729606 1.5729606 1.5729606 1.5729606 0.79091585 0.8717476 0.8717476 0.79091585 0.8717476 0.85108244 0.83262646 0.85108244 0.79091585 0.8717476 0.79091585 1.5729609 1.5729609 1.5729609 1.5729609 0.8717476 0.8717476 0.8717476 0.8717476 0.46560872 0.46560872 0.8717476 0.79091585 0.9278251 0.8643664 1.1731383 1.0241705 1.8056636 1.5729609 1.5729609 1.5729609 0.8717476 0.79091585 0.79091585 0.952016 0.8717476 0.8717476 0.79091585 1.3583236 1.3583236 1.3583236 1.3583236
0.7724532 1.5729465 1.5729465 1.73857 1.73857 1.772358 1.772358 0.15309392 0.663783 0.663783 0.3544653 0.663783 0.6637831 0.6637831 1.5729465 1.5729465 0.6637831 0.38149214 0.87173617 0.87173617 0.87173617 0.87173617 0.87173617 0.85106814 0.7909087 0.9520019 0.87173665 0.87173665 1.5729465 1.5729465 1.5729465 1.5729465 0.87173665 0.87173665 0.87173665 0.87173665 0.79583895 0.7909087 0.87173665 0.87173665 0.8638321 0.8638321 0.8727466 1.654299 1.5729465 1.5729465 0.8330559 0.8330559 1.6537745 0.87173665 0.87173665 0.7909087 0.87173665 0.87173665 0.87173665 0.7724534 1.3583105 1.5729465 1.5729465
0.8325988 1.5729325 0.66377676 0.66377676 0.66377676 1.3582978 0.15309232 0.15309232 0.66377676 0.66377676 0.07000453 0.07000453 0.66377676 0.66377676 0.66377676 0.66377676 0.66377676 0.6637768 1.5729327 0.38148496 0.35445917 0.79090154 0.95198715 0.79090154 0.8717257 0.79090154 0.4655931 0.503391 1.5729327 1.5729327 1.5729327 1.572933 0.8717257 0.79090154 0.95198715 0.79090154 0.8638221 0.79090154 0.8717257 0.79090154 0.79090154 0.8717257 0.87185633 1.572933 1.572933 1.572933 0.83304816 0.83304816 1.572933 0.8717257 0.79090154 0.8717257 0.79090154 0.8717257 0.79090154 0.79090154 0.85105383 1.572933 1.572933
