Export/ASCII/RMeteo_SP_inch/impervious0/net_infiltration_2017_SP4_inch.asc
ncols         660
nrows         338
xllcorner     1476100.0
yllcorner     5017100.0
cellsize      100
NODATA_value  -9.9000000089461e-20
[rows 312 to 337 of 338, columns 180 to 239 of 660]
3.873551 1.5396246 1.5396246 3.873551 3.873551 3.873551 3.873551 3.873551 3.873551 3.873551 3.873551 3.873551 3.873551 3.873551 3.873551 3.873551 3.873551 3.873551 3.873551 3.873551 3.873551 4.651471 3.873551 2.7622387 2.7622387 0.14521454 0.14521454 2.7622387 2.6565979 3.2050323 2.6565979 2.153172 2.6565979 2.153172 2.7622073 2.7622073 2.7622073 2.7622073 2.6565983 2.1531725 2.1531725 2.7622073 2.7622073 2.7622073 2.7622073 2.6565983 2.1531725 2.7622073 2.6565983 2.1531725 2.1531725 4.171158 1.1819329 0.97891176 0.9289292 0.7143537 0.5689292 0.4237945 3.873551 4.437216
3.873526 1.5396104 3.873526 3.8735266 3.8735266 3.8735266 3.8735266 3.8735266 3.8735266 3.8735266 3.8735266 3.8735266 3.8735266 3.8735268 3.8735268 3.8735268 3.8735268 3.8735268 3.8735268 3.8735268 3.8735268 3.8735268 4.7828255 4.6514077 2.1531434 0.11619427 0.14520906 0.93414676 2.7621922 2.762178 2.153144 2.8751502 2.7621622 2.7621622 2.7621622 2.7621622 2.7621622 2.7621622 3.19635 2.7621622 2.7621622 2.7621622 2.6565711 2.153144 2.9488323 3.2796552 2.762178 2.3627574 2.6565711 2.153144 2.9340677 5.081993 0.6889211 0.5689211 0.42378545 0.42378545 0.69097865 0.42378545 3.8735268 3.7453272
3.8735015 3.8735015 3.8735015 3.8735015 3.8735015 3.8735015 3.8735015 3.8735015 3.8735015 3.8735015 3.8735015 3.8735015 3.8735015 3.8735015 3.8735015 3.8735015 3.8735015 3.8735015 3.8735015 3.8735015 1.7345905 3.8735015 3.8735015 5.19121 2.1531167 0.116190456 0.13512605 1.5763421 2.7621484 2.6565454 3.1963215 2.6565454 2.1531172 2.762117 2.762117 2.762117 2.762117 2.762117 2.762117 2.762117 2.6565454 2.1531172 2.762117 2.762117 2.762117 2.762117 2.6565454 2.1531172 2.1531172 2.7621484 3.7391703 3.2836146 0.56891346 0.4237764 0.56891346 0.4237764 0.68891346 0.4237764 3.873502 3.7453003
1.7345812 3.8734777 3.8734777 3.8734777 3.8734777 3.8734777 3.8734777 3.8734777 3.8734777 3.8734777 3.8734777 3.8734777 3.8734777 3.8734777 3.8734777 3.8734777 3.8734777 3.8734777 3.8734777 3.8734777 3.8734777 3.8734777 3.8734777 3.8734777 4.561062 2.1530895 2.769236 2.762103 3.6835384 2.762103 2.7620878 1.6793303 2.8750281 2.762072 2.762072 2.7620726 2.7620726 2.7620726 2.7620726 2.7620726 2.7620726 2.7620726 2.7620726 2.6565194 2.1530895 2.7620726 3.1962516 2.7620869 2.7621036 3.5999541 3.2835479 0.56890535 0.42376685 0.68890536 0.42376685 0.56890535 0.92890537 0.56890535 3.873478 3.7452734
1.7345717 1.7345717 1.7345717 1.7345717 3.8734534 3.8734534 3.8734534 3.8734534 3.8734534 3.8734534 3.8734534 3.8734534 3.8734534 3.8734534 3.8734534 3.8734534 3.8734534 3.8734534 3.8734534 3.8734534 3.8734534 3.8734534 3.8734534 3.8734534 3.8734534 5.3230295 1.5762706 2.153061 3.6834867 3.9132457 2.466684 1.319077 2.153061 0.11618261 0.11618261 2.7620256 2.7620256 2.7620256 2.7620256 2.6564922 2.153061 2.7620256 2.7620256 2.7620256 2.7620256 2.6564922 2.153061 3.3370993 3.420512 3.2834792 0.5688963 0.42375636 0.42375636 0.42375636 0.5688963 0.42375636 0.9396112 0.42375636 3.8734534 3.7452466
1.7345631 1.7345631 1.7345631 1.7345631 1.7345631 1.7345631 3.8734279 3.8734279 3.8734279 3.8734279 3.8734279 3.8734279 3.873428 3.873428 3.873428 3.873428 3.873428 3.873428 3.873428 3.873428 3.873428 3.873428 3.873428 3.873428 3.873428 3.8734288 2.8414433 2.8482578 3.3591444 2.9276783 3.6500432 3.073659 0.77009165 0.77009165 0.11617868 0.14518505 2.7619803 2.7619803 2.7619803 3.1961522 2.8749044 2.7619803 2.6564667 2.1530342 2.7619803 2.8414323 2.8482263 3.855204 2.8023317 0.4237473 0.4237473 0.56888866 0.4237473 0.56888866 0.68888867 1.0488887 0.56888866 0.4237473 3.8734288 3.7452202
1.7345536 1.7345536 1.7345536 1.7345536 1.7345536 1.7345536 3.8734043 3.8734043 3.8734043 3.8734043 3.8734043 3.8734043 3.8734045 3.8734045 3.8734045 3.8734045 3.8734045 3.8734045 3.8734045 3.8734045 3.8734045 3.8734045 3.8734045 3.8734045 3.8734045 5.1143284 3.8734045 3.353877 2.8413908 2.9276369 3.6500084 3.0736234 0.77006984 0.77006984 0.77006996 0.77006996 2.7619355 2.7619355 2.7619355 2.7619355 2.6564398 2.153006 2.8413908 2.7360387 3.0736234 3.8490553 3.9411466 4.5051126 0.6888801 0.5688801 0.6888801 0.42373776 0.5688801 0.42373776 1.102818 0.6888801 0.5688801 0.42373776 0.42373776 3.7451937
1.7345445 1.7345445 1.7345445 1.7345445 1.7345445 1.7345445 3.8733792 3.8733792 3.8733792 3.8733792 3.8733792 3.8733792 3.8733792 3.8733792 3.8733792 3.8733792 3.8733792 3.8733792 3.8733792 3.8733792 3.8733792 3.8733792 3.8733792 3.8733792 3.87338 3.87338 5.1530437 2.6564138 2.1529784 2.7360127 3.073587 0.770048 0.770048 0.770048 0.770048 0.9556743 2.7618904 2.7618904 2.7618904 2.7618904 3.2470036 3.0381837 3.8490083 3.8490083 3.6499734 3.0735874 3.822581 4.34365 0.48 0.4237287 0.56887245 0.4237287 0.5764451 2.0654187 0.80887246 0.4237287 0.56887245 0.56887245 0.4237287 3.745166
1.7345359 1.7345359 1.7345359 1.7345359 1.7345359 1.7345359 3.8733542 3.8733542 3.8733542 3.8733542 3.8733542 3.8733542 3.8733542 3.8733542 3.8733542 1.5395112 1.5395112 3.8733544 3.8733544 3.8733544 3.8733544 3.8733544 3.8733544 3.8733544 3.8733544 3.8733544 4.650962 3.8733544 2.7944493 2.761845 2.6563878 2.1529512 0.7700261 0.7700262 0.7700262 0.9556438 2.761846 2.761846 2.761846 2.6563878 2.1529512 2.2661638 3.0735505 3.8489597 3.8489597 3.8489597 3.822532 4.837981 0.8359196 0.8503516 0.8088639 0.59465504 0.7458145 0.5764437 0.56886387 0.6888639 0.8088639 0.4237187 0.4237187 3.74514
1.7345269 1.7345269 0.933988 0.933988 0.933988 0.933988 1.7345269 3.8733299 3.8733299 1.7345269 3.8733299 3.8733299 3.8733299 3.8733299 1.539497 1.539497 1.539497 3.8733299 3.8733299 3.8733299 3.8733299 3.8733299 3.8733299 3.8733299 3.87333 3.87333 3.87333 5.4706063 2.761799 2.761799 2.761799 2.656361 2.152923 0.7700039 0.9556124 2.761799 2.761799 2.761799 2.761799 2.761799 2.761799 3.246909 3.1124985 2.8111026 3.6497881 1.5426497 1.464102 1.3815998 0.60713863 0.9871205 0.9288558 0.7451545 1.1638498 0.77158135 0.57644224 0.9487122 0.45727694 0.56885576 0.42370915 3.7451124
1.7345176 2.378362 1.4640825 1.4640825 1.4640825 0.9339677 1.7345176 1.7345176 1.7345176 3.8733053 3.8733053 3.8733056 3.8733056 3.8733056 1.5394826 1.5394826 1.5394826 3.8733056 3.8733056 3.8733056 3.8733056 3.8733056 3.8733056 3.8733056 3.8733056 3.8733056 3.8733056 4.650838 2.656334 2.152895 2.8479996 3.5702693 2.152895 0.769982 0.9555819 2.761753 2.761753 2.761753 2.761753 2.761753 2.761753 2.761753 2.656334 2.152895 1.5760269 2.7617536 2.9334886 3.793962 0.89640594 0.9066775 0.80884767 0.761508 1.3140746 1.294402 1.707695 0.5939927 0.18776476 0.0 0.42369962 0.46836647
1.7345088 0.9339477 1.5426092 1.5426092 1.4640636 0.9339477 0.9339477 0.9339477 1.7345088 3.8732812 3.8732812 3.873281 3.873281 3.873281 3.873281 3.873281 3.873281 3.873281 1.5394685 1.5394685 3.873281 3.873281 3.873281 3.8732815 3.8732815 3.8732815 3.8732815 4.6507764 2.1528673 2.9520023 2.7617073 2.7617073 2.7617078 2.7617078 2.6563077 2.1528673 2.7617078 2.7617078 2.7617078 2.7617078 2.7617078 2.7617078 3.1718028 2.881597 2.7617083 2.7617083 2.9334314 3.7938542 0.89636636 0.87890697 0.80884004 0.7318249 1.0946897 0.98571867 0.74571866 0.5764394 0.18776095 0.0 0.56884 3.7450597
0.0 0.0 0.0 0.0 1.4640455 1.4640455 1.4640455 0.9339284 0.9339284 1.7344995 3.8732572 3.8732572 1.7344995 1.7344995 1.5394543 1.5394543 1.5394545 1.5394545 1.5394545 3.8732572 3.8732572 3.8732572 3.8732572 3.8732572 3.8732572 3.8732572 3.8732572 4.5606914 3.195825 2.6562817 2.1528397 2.7616634 2.7616634 2.7616634 3.195805 2.8744755 2.7616634 2.7616634 2.7616634 2.7616634 2.7616634 2.7616634 2.7616634 2.7616634 2.7616634 2.8256974 3.279352 3.7514842 0.82049763 0.8951247 0.80883193 0.6888319 0.5688319 0.4236815 0.92368764 0.5956588 0.4236815 0.6888319 2.1528397 2.1066122
0.0 0.0 0.0 1.5425587 1.5425587 0.0 1.4640265 0.9339081 0.9339081 0.9339081 0.93390834 1.7344906 1.7344906 1.5394402 1.5394402 1.7344906 1.5394403 3.8732324 3.8732324 3.8732324 3.8732324 1.7344906 3.8732324 3.8732324 3.8732324 3.8732324 3.8732324 4.650669 2.7616332 3.2809772 3.7957916 2.7616167 2.7616167 2.7616167 2.7616167 2.7616167 2.7616167 2.7616167 2.7616167 2.7616167 2.7616167 2.7616172 2.7616172 2.7616181 2.7616181 2.7616181 2.7616181 2.933316 3.5646784 0.6888238 0.5688238 0.42367196 0.017346572 0.19861877 0.1877538 1.1875094 1.3341936 0.0086545935 0.76991653 2.106583
0.0 0.0 1.6219912 1.5425334 0.93388855 1.5425334 1.4640081 1.4640081 1.4640081 1.4640081 0.93388855 0.93388855 1.7344813 1.7344813 1.7344813 1.7344813 1.5394261 1.5394261 3.8732078 3.8732078 3.8732078 3.8732078 1.5394261 3.8732083 3.8732083 3.8732083 3.8732083 4.650607 2.8736732 2.8478186 3.5701294 2.1527839 0.912809 2.1527839 0.9388368 2.5627816 0.7698943 0.7698943 0.7698943 0.95545894 2.6562285 2.1527839 2.7615716 2.6562285 2.1527839 2.7615716 2.7615716 2.9332569 3.5645995 0.68881524 0.56881523 0.42366195 0.022630882 0.21866834 0.2783234 0.57643557 0.40854397 0.008646774 0.90321934 2.1065536
2.8954418 1.661905 2.0253608 1.5425036 1.5425088 1.5425088 1.5425088 1.5425088 1.5425093 0.933869 1.4639897 1.4639897 0.933869 0.933869 1.7344723 1.7344723 3.8731828 1.539412 3.8731828 3.8731828 3.8731828 3.8731828 1.539412 3.8731828 3.8731828 3.8731828 3.8731828 6.2296104 2.8477738 3.6828923 2.656203 2.1527572 0.7698723 0.7698723 0.7698723 0.7698723 0.7698723 0.7698723 0.7698723 0.7773131 1.3999499 2.761527 2.761527 3.1956568 2.8742914 2.761527 2.761527 2.761527 2.9332004 3.7934294 0.8962157 0.8787515 0.8088076 0.7316718 1.0945605 0.9856233 0.7456233 0.57643414 2.656203 2.1065235
2.8953893 3.0943635 3.3191228 2.5223327 1.5424838 0.0 1.5424838 0.9338485 0.9338485 1.4639704 1.5424838 1.5424838 1.4639704 0.9338485 0.9338485 0.9338485 0.9338485 3.8731592 3.8731592 1.5393976 3.8731592 1.7344635 3.8731596 3.8731596 3.8731596 3.8731596 3.8731596 4.5605 2.1747603 1.3999165 2.6561768 2.1527295 0.7698505 0.11613572 0.11613572 0.7698505 0.7698505 0.7698505 0.7698505 0.7772887 1.3999166 2.761482 2.761482 2.761482 2.761482 3.1824498 2.6561773 2.1762877 2.1747618 1.4754949 3.7379827 0.8787105 0.808799 0.7316308 1.1237062 1.0580119 1.0161409 0.7445996 2.7297442 3.058986
2.8953369 2.8953369 3.1772377 3.0727289 0.9338285 0.0 1.4639516 0.9338285 1.4639516 1.542458 2.089572 1.5424583 0.9338287 1.4639518 1.4639518 1.4639518 1.4639518 0.9338287 1.5393834 1.5393834 1.5393834 3.8731337 3.8731337 3.8731337 3.8731337 3.8731337 3.8731337 3.8731337 2.174725 1.3448254 2.152701 2.152701 0.76982844 0.11613181 0.11613181 0.11613181 0.76982844 0.76982844 0.76982844 0.95536757 2.761436 2.761436 2.761436 2.761436 2.761436 2.6561496 2.152701 2.6561496 2.1747255 1.3998832 2.9330826 3.6578295 0.8087909 0.7315912 1.1236748 1.0579752 0.98557276 0.71999997 2.152701 2.577231
2.8952844 2.8952844 2.8952844 2.8952844 0.9338089 0.0 1.4639332 0.9338089 1.5424333 2.095982 1.5424333 0.9338089 0.9338089 1.5424333 0.9338089 1.5424333 1.5424333 0.9338089 1.5393692 1.5393692 1.5393692 3.8731098 3.8731098 3.8731098 3.8731098 1.5393692 1.7344453 2.4259007 2.3782408 0.9338094 0.76980656 0.76980656 0.76980656 0.11612792 0.11612792 0.11612792 0.11612792 0.76980656 0.76980656 0.9553369 2.7613919 2.7613919 2.7613919 2.7613919 2.7613919 2.7613919 2.7613919 2.7613919 2.7613919 2.9330263 3.7377746 0.87863135 0.8087828 0.73155355 1.1236447 1.0579408 1.0160952 0.7445648 2.6561248 2.1064358
2.1996293 2.6964285 2.895233 2.9736054 1.5423973 1.5423973 1.8243074 2.1647692 2.0959492 1.5424073 0.93378866 1.4639139 1.4639139 1.5424073 1.4639139 1.5424073 1.5424073 1.4639139 1.5393548 1.5393548 3.8730855 3.8730857 3.8730857 3.8730857 3.8730857 1.5393549 3.8730857 3.8730857 1.7344365 0.9337889 0.7697844 0.7697844 0.7697844 0.116124064 0.116124064 0.116124064 0.116124064 0.7697844 0.7697844 0.9553062 2.7613466 2.7613466 2.7613466 2.7613466 2.7613466 2.7613466 2.7613466 2.7613466 2.7613466 2.932968 3.7376704 0.8785927 0.80877423 0.7315154 1.057907 0.9855265 0.71999997 2.1526465 2.1526465 2.1064072
2.89518 2.89518 2.89518 2.89518 0.0 1.5423713 1.5423713 1.5423713 2.0252147 1.4638956 0.9337691 1.542383 1.542383 1.542383 1.542383 1.5423837 1.5423837 2.4407759 1.5393409 1.5393409 3.873061 3.873061 3.873061 3.873061 3.873061 3.873061 3.873061 3.873061 2.3782163 1.7344272 0.76976246 0.76976246 0.76976246 0.11612011 0.11612011 0.11612011 0.11612011 0.76976246 0.76976246 0.9552754 2.7613 2.7613 2.7613 2.7613 2.6560714 2.152619 2.7613 2.7613 2.7613 2.9329104 3.7928944 0.89602256 0.8498528 0.80876565 0.5942669 0.7455012 0.57642746 2.152619 2.6560714 2.1063776
2.895127 2.895127 2.895127 2.895127 0.0 1.5423465 1.5423465 1.463877 0.9337493 0.93374956 0.93374956 1.6217806 0.93374956 1.5423577 1.5423577 1.5423577 4.570819 3.8730366 3.8730366 3.8730366 3.8730366 3.8730366 3.8730366 3.8730366 3.8730366 3.8730366 3.8730366 3.8730366 3.8730366 4.5602846 2.1525908 0.7697406 0.7697406 0.11611624 0.11611624 0.11611624 0.11611624 0.11611624 0.14509875 2.7612543 2.7612543 2.7612543 2.7612543 2.7612543 3.1953585 2.8739228 2.7612543 2.7612543 2.7612543 2.6560445 2.1525908 0.808758 0.688758 0.568758 0.4235952 0.4235952 0.576426 2.6560445 2.7612853 2.5771189
2.895076 2.1995068 2.6963093 2.5135183 1.7344091 1.7344091 1.7344091 0.93372905 0.93372905 1.4638579 1.4638579 2.0894818 0.93372905 1.5423317 0.93372905 1.5423317 3.8730118 3.8730118 3.8730118 3.8730118 3.8730118 3.8730118 3.8730118 3.8730118 3.8730118 3.8730118 1.5393124 1.5393124 3.873012 3.873012 4.5602407 2.1745496 1.1109172 0.11611235 0.11611235 0.11611235 0.11611235 0.11611235 0.1356514 2.152563 2.761209 2.761209 2.761209 2.761209 2.761209 2.6560185 2.152563 2.761209 2.761209 2.9833014 3.5921004 0.5687494 0.54731834 0.42358518 0.42358518 0.5687494 0.745475 2.76124 2.76124 2.651934
2.8950222 2.8950222 2.8950222 2.8950226 1.7343998 1.7343998 1.7343998 1.7343998 2.3781726 2.4407024 1.5423064 1.8241932 0.9337095 2.0894642 0.9337095 1.5423064 3.8729873 3.8729873 3.8729873 3.8729873 3.8729875 3.8729875 3.8729875 3.8729875 3.8729875 3.8729875 3.8729875 3.8729875 3.8729875 3.8729875 4.560198 2.1745143 1.1108966 0.1161084 0.1161084 0.1161084 0.7696966 0.1161084 0.1616442 2.8738 2.7611635 2.7611635 2.7611635 2.6559913 2.1525345 2.1525345 2.7611787 2.1525345 0.1161084 0.15386799 2.8014197 0.42357612 0.42357612 0.42357612 0.5687413 0.42357612 0.42357612 2.761194 2.1525345 2.1062894
2.6962302 2.894972 2.894972 0.0 1.734391 1.734391 1.734391 1.734391 1.734391 1.734391 2.4406798 2.4406798 1.4638212 2.028159 1.4638212 1.5422821 0.93368995 1.5392841 1.5392841 1.5392841 1.5392841 3.8729632 3.8729632 3.8729632 3.8729632 3.8729632 3.8729632 3.8729632 3.8729632 3.8729632 3.8729632 0.11748357 1.1212168 1.1108764 0.76967496 0.76967496 0.76967496 0.11610461 0.11610461 2.6559663 2.1525083 2.7611194 2.6559663 2.1525083 2.1525083 2.6559663 3.1952312 2.1525083 0.11610461 0.13564315 2.1525083 2.1525083 0.5687332 0.5687332 0.6887332 0.5687332 0.5687332 1.5755606 2.6559663 2.5770347
2.8949172 2.8949172 2.8949172 0.0 1.7343817 1.7343817 1.7343817 1.7343817 1.7343817 1.7343817 1.7343817 1.7343817 2.440655 1.5422564 1.5422564 1.5422564 2.3781435 1.5709149 1.53927 1.53927 1.53927 3.872938 3.872938 3.872938 3.872938 3.872938 3.872938 3.872938 3.872938 3.872938 5.430333 0.116100624 0.116100624 2.1524796 2.465759 0.9255816 0.9255816 3.0729394 3.0729394 2.7610896 2.7610896 2.1524801 2.1524801 2.1524801 2.6559396 4.649928 3.1951816 2.6559396 2.1524801 2.1524801 2.1524801 2.6559396 3.2821183 0.6887251 0.8087251 0.6887251 0.6887251 0.5363802 2.7611048 2.6517947
