Export/ASCII/RMeteo_SP_inch/impervious0/net_infiltration_2017_SP1_inch.asc
ncols         660
nrows         338
xllcorner     1476100.0
yllcorner     5017100.0
cellsize      100
NODATA_value  -9.9000000089461e-20
[rows 52 to 77 of 338, columns 590 to 648 of 660]
0.3322618 0.42822385 0.42839217 0.3322618 0.0074059023 0.007405879 0.007405879 0.007405879 0.10011721 0.10011721 0.49491227 1.4411962 1.2374885 1.2300985 1.2300985 1.2374885 1.2374885 1.2374885 1.2374885 1.2374885 1.2374883 1.2374883 1.237488 1.237488 1.237488 1.237488 1.2374878 0.4949121 0.4949121 0.5150389 0.22833183 0.22833183 0.037024412 0.03929673 0.22833173 0.22833173 0.49491188 0.49491188 0.49491176 0.5428703 0.96321505 0.96321505 0.9632149 0.9632147 0.9632147 0.9632147 0.9632145 1.3105385 1.3105385 1.3105383 1.3105383 0.12314772 0.1231477 1.4106002 0.5428698 0.6832908 0.123147696 0.123147696 1.4321008
0.33226037 0.33226037 0.4283836 0.33226037 0.0074049253 0.037023935 0.22832793 0.22832793 0.100113094 0.4949085 0.105057135 1.2300901 1.2374799 1.2374799 1.2374797 1.2374797 1.2374797 1.2374792 1.2374792 1.237479 1.2374787 1.2374787 1.2374787 1.2374787 1.2374787 1.2374787 1.2374787 1.2374787 0.49490798 0.22832754 0.22832754 0.22832754 0.22832754 0.22832745 0.22832736 0.22832736 0.49490786 0.49490786 0.49490786 0.5428664 1.31053 0.9632082 0.9632082 0.963208 1.3105292 0.963208 0.963208 1.3105292 1.3105292 1.3105288 1.3105288 1.3105288 1.3105288 0.6832862 0.6832862 0.6832862 0.123146795 0.123146795 1.4320912
0.4282081 0.33225846 0.42837644 0.33225846 0.0074039 0.0074039 0.10010891 0.10010891 0.10010891 0.49490452 1.2300808 1.2374706 1.2374706 1.2374706 1.2374706 1.2374706 1.2374706 1.2374704 1.2374701 1.2374701 1.2374701 1.2374699 1.2374699 1.2374699 1.2374699 1.2374697 1.2374697 1.2374697 0.4949041 0.4949041 0.49490404 0.49490404 0.22832306 0.22832297 0.22832297 0.22832288 0.22832288 0.49490374 0.49490374 1.3105206 1.3105206 0.96320146 0.96320146 0.96320146 1.3105204 1.3105204 1.3105202 1.3105202 1.3105202 1.3105199 1.3105199 1.3105197 1.3105197 0.6832814 0.6832814 1.4105804 0.12314581 0.12314581 1.1424534
0.33225703 0.42819953 0.4283688 0.42819953 0.33225703 0.34401393 0.10010452 0.10010452 0.49490052 1.2374616 1.2374616 1.2374616 1.2374616 1.2374616 1.2374616 1.2374613 1.2374613 1.2374611 0.4949002 0.4949002 1.2374611 1.2374611 1.2374611 1.2374611 1.2374611 1.2374609 0.49490008 0.49490002 0.49490002 0.49490002 0.4949 0.4949 0.4949 0.49489993 0.22831848 0.22831848 0.22831848 0.49489987 0.49489984 1.3105111 1.3105111 0.9631949 0.9631949 0.9631948 0.123144925 0.123144925 0.12314492 1.3105111 1.3105111 1.3105109 1.3105109 0.5428585 0.5428585 0.68327653 0.68327653 1.1424465 1.1424465 0.0 1.1424456
0.33225513 0.42819095 0.4283607 0.33225513 0.33225513 0.013989309 0.007401826 0.007401826 1.230063 1.3772883 1.3772881 1.2374523 1.2374523 1.2374523 1.2374523 1.2374523 1.2374523 1.237452 0.4948964 0.49489635 0.49489635 1.237452 1.237452 1.2374518 0.10419661 0.6417743 0.6417743 0.49489608 0.49489602 0.49489596 1.2374513 1.2374513 0.4948959 0.49489588 0.22831401 0.49489588 0.49489582 0.49489582 0.49489582 1.310502 1.310502 1.310502 1.310502 1.310502 0.123144 0.12314398 0.12314398 1.3105016 1.3105016 1.3105016 1.4320638 0.54285467 0.54285467 0.6832718 0.6832718 1.1424396 1.1424396 0.0 1.1424396
0.42818332 0.3322537 0.42835307 0.3322537 0.3322537 0.0074008955 0.0074008955 0.007400872 1.3772771 1.3772771 1.2374432 1.2374432 1.2374432 1.2374432 1.2374432 1.2374432 1.2374432 0.49489233 0.49489227 0.49489227 0.49489227 1.237443 1.237443 1.237443 0.104195625 0.64176947 0.64176947 0.64176947 0.64176935 0.1041956 1.3772757 1.3772757 0.494892 0.494892 0.494892 1.237442 1.2374418 0.49489194 0.49489188 1.310493 1.310493 1.310493 1.310493 1.3104928 0.12314304 0.12314304 0.12314304 1.310492 1.310492 1.310492 1.310492 1.310492 1.310492 0.68326724 0.5428509 1.1424325 1.1424325 1.1424325 1.1424325
0.4281752 0.42817473 0.42834496 0.48 0.3322518 0.0073999185 0.0073999185 0.104194745 1.3772657 1.3772657 1.2374344 1.2374344 1.2374344 1.2374339 1.2374339 1.2374339 1.2374339 0.49488834 0.49488828 0.49488828 1.2374339 1.2374339 1.2374339 1.2374339 1.2374339 0.10419461 0.10419461 0.6577134 0.64176434 1.377264 1.2374334 1.2374334 1.2374332 0.6417642 0.6417641 1.2374332 1.237433 1.2374327 1.2374327 1.3104835 1.3104835 1.3104835 1.3104835 1.3104835 1.3104835 1.3104835 1.3104835 1.3104835 1.3104835 1.3104835 1.3104835 1.3104835 1.3104832 1.3104827 0.542847 1.4320443 1.1424251 1.1424251 0.0
0.4400952 0.42816758 0.33225036 1.2374258 0.33225036 0.1817894 0.1817894 0.104193754 1.377254 1.2374253 1.2374253 1.2374253 1.2374253 1.2374253 1.2374253 1.2374253 1.2374251 1.2374251 1.3772535 1.2374249 1.2374249 1.2374249 1.2374249 1.2374249 1.2374249 1.2374246 1.2374246 1.2374246 1.2374244 1.2374241 1.2374241 1.2374241 1.2374241 0.64175916 0.6417591 1.2374241 1.2374241 1.2374239 1.2374239 1.3104744 1.3104744 1.3104744 1.3104744 1.3104744 1.3104744 1.3104739 1.3104739 1.3104739 1.3104739 1.3104739 1.3104739 1.3104739 1.3104739 1.3104739 0.5428432 1.3104739 1.3104739 1.1424177 1.1424177
0.3440082 0.3440082 0.42815948 1.2374165 0.42815948 0.007397892 0.007397892 1.3772426 1.3772426 1.2374165 1.2374165 1.2374165 1.2374165 1.2374163 1.2374163 1.2374163 1.2374163 1.2374163 1.2374163 1.2374163 1.2374163 1.2374163 1.237416 1.2374156 1.4964063 0.10419264 0.10419263 1.2374153 1.2374151 1.2374151 1.2374151 1.2374151 1.2374151 1.3772411 1.2374148 1.2374148 1.2374148 1.2374148 1.2374148 1.3104651 1.3104651 1.3104649 1.3104649 1.3104646 1.3104646 1.3104646 1.3104646 1.3104646 1.3104646 1.3104646 1.3104646 1.3104646 1.3104646 1.3104646 0.5428394 0.54283935 1.3104644 1.142411 1.142411
0.34400678 0.34400678 0.42815137 1.3937657 0.18177927 0.18177927 0.18177927 1.3772318 1.3772318 1.2374072 1.2374072 1.2374072 1.2374072 1.2374072 1.2374072 1.2374072 1.237407 1.237407 1.237407 0.64174974 0.64174974 1.2374067 1.2374067 1.2374065 1.2374065 0.10419164 0.10419162 1.2374063 1.2374063 1.2374063 1.2374063 1.2374063 0.92285395 0.92285377 1.2374063 1.2374063 1.2374063 1.237406 1.237406 1.3104563 1.3104563 1.3104558 1.3104558 1.3104558 1.3104558 1.3104558 1.3104558 1.3104558 1.3104556 1.3104556 1.3104556 1.3104553 1.3104553 1.3104553 0.5428356 0.5428355 1.3104553 1.1424034 1.1424034
0.48 0.34400582 0.4283135 1.2373989 0.18177414 0.18177402 1.2373986 1.3772209 1.3772206 1.2373981 1.2373981 1.2373981 1.2373981 1.2373981 1.2373981 1.2373981 1.2373979 1.2373979 1.2373979 0.6417448 0.6417448 0.10504813 0.6417447 0.6417447 1.2373977 0.10419065 0.10419064 1.2373977 1.2373974 1.2373974 0.49487215 0.4948721 0.9228464 0.9228464 0.9228462 1.237397 1.237397 1.237397 1.237397 1.3104472 1.3104472 1.3104472 1.4320071 1.4320068 1.3104472 1.310447 1.3104467 1.3104467 1.3104465 1.3104463 1.4320068 1.3104463 1.3104463 1.3104463 0.68324333 0.68324333 1.310446 1.310446 1.1423962
0.48 0.013980416 0.44006658 1.2373896 1.2373896 1.2373896 1.2373893 1.2373893 1.2373893 1.2373893 1.2373893 1.2373891 1.2373891 1.2373891 1.2373891 1.2373891 1.2373891 1.2373891 1.2373891 1.2299988 1.3772087 0.104189664 0.64173955 0.64973015 1.2373886 1.2373886 0.6417395 1.2373881 1.2373881 1.2373881 0.5149951 0.49486816 0.92283916 0.49717274 0.922839 0.922839 1.2373879 1.2373879 1.2373879 1.3104377 1.3104377 1.3104377 1.4104927 1.4104924 1.3104377 1.3104374 1.3104374 1.3104372 1.3104372 1.3104372 1.3104372 1.3104372 1.3104372 1.3104372 0.6832386 0.68323857 1.3104367 1.3104367 1.1423888
0.14176482 0.100067616 0.24927258 1.3771982 1.2373803 1.2373803 1.2373803 1.2373803 1.2373803 1.2373803 1.2373803 1.2373803 1.2373803 1.2373803 1.23738 1.23738 1.2373798 1.2373796 1.2373796 1.2299895 1.2299895 1.2549336 1.2373796 1.2373796 1.2373796 1.2373796 0.64173454 0.64173454 1.2373796 1.2373796 1.2373796 1.2373796 0.9228315 0.9228315 0.9228315 0.92283136 1.2373788 1.2373786 1.2373786 1.3104289 1.3104289 1.3104286 1.4104831 1.3104284 1.3104284 1.3104284 1.3104284 1.3104284 1.3104284 1.3104281 1.3104279 1.3104279 1.3104279 1.3104279 1.3104279 1.3104279 1.3104279 0.6832337 1.1423826
0.22827548 0.10006341 0.64173025 1.2373717 1.3771865 1.2373717 1.2373717 0.64173007 0.64173007 1.2373714 1.2373714 1.2373712 1.2373712 0.10418775 0.64172995 0.64172995 1.2373707 1.2373707 1.2373707 1.2299807 1.2299807 1.2299807 1.2299807 1.2299807 1.2373705 1.2373705 1.23737 1.3771856 1.23737 0.6809764 0.6809764 1.23737 0.9228244 0.9228244 0.9228244 0.9228242 1.2373698 1.2373695 1.2373695 1.3104196 1.3104196 1.3104196 1.3104196 1.3104196 1.3104196 1.3104196 1.1423757 1.3104191 0.6832292 1.3104191 1.3104188 1.3104188 1.3104186 1.3104186 0.54282033 0.54282033 0.5428203 0.6832289 1.1423755
0.34400105 0.100059316 1.2373624 0.10418681 0.10418681 1.2373624 1.2373624 1.2373624 1.2373621 1.2373621 1.2373621 1.2373621 1.2373621 0.10418675 0.64971554 0.64172494 1.2373619 1.2373619 1.2459533 1.2299714 1.2299714 1.2299714 1.2459524 1.2299712 1.2373614 1.2373612 1.3771741 1.3771741 0.10418668 0.6910207 0.68097186 1.2373607 0.92281705 0.92281693 0.92281693 1.2373607 1.2373605 1.2373605 1.2373605 1.3104103 1.3104103 1.3104103 1.3104103 1.3104103 1.3104103 1.31041 1.1423686 0.6832245 0.6832245 0.6832245 1.31041 1.3104098 1.3104098 1.3104095 0.5428166 0.5428166 0.5428166 0.5428166 1.1423683
0.48 0.33223748 0.117576905 0.10418581 0.10418581 0.10418577 1.2373533 1.2373533 1.2373533 1.2373533 1.2373531 1.2373531 1.2373526 1.4963431 1.2373526 1.2373526 1.2373526 1.2459435 1.2299623 1.2299623 1.4804771 0.104185686 0.104185686 1.2299623 1.2373524 1.2373524 1.2373524 1.1041206 0.92280954 0.49714088 0.6809659 1.3469081 0.9228092 0.9228092 1.2373517 1.2373517 1.2373517 1.2373517 1.2373514 1.310401 1.310401 1.310401 1.310401 1.310401 0.68321973 0.68321973 1.310401 0.6832197 0.12313351 0.6832197 1.3104007 1.3104007 1.3104005 1.3104005 1.3104005 0.54281276 0.5428127 0.5428127 0.54281265
0.1000513 0.49484888 0.10418481 0.10418481 0.1041848 0.1041848 1.237344 1.237344 1.237344 1.2373438 1.2373438 1.2373438 1.2373438 1.2373438 1.2373435 1.2373435 1.2373435 1.2299535 1.2299535 1.2299535 1.2299535 0.6417147 0.5059214 1.229953 0.4948483 0.4948483 1.3012059 0.49484837 0.49484837 1.2425945 1.2373431 1.3468959 1.3468959 1.2373426 1.2373426 1.2373426 1.2373426 1.2373426 1.2373424 1.3103921 1.3103921 0.5428092 0.5428092 0.5428091 0.5428091 0.54280907 1.3103914 0.12313256 0.12313254 0.12313254 0.12313251 1.3103912 1.3103912 0.54280895 0.54280895 0.54280895 0.5428089 0.5428089 0.5428089
0.49484494 0.49484494 0.10418384 0.10418382 0.03701461 0.104183815 1.2373352 1.2373352 1.2373352 1.237335 1.2373347 1.2373347 1.2373347 1.2373345 1.2373345 1.2373345 1.2373345 1.2459257 1.2299445 1.2299445 0.64170974 0.64170974 0.49484444 0.49484432 0.5149712 0.49484432 1.2373345 0.4948442 0.514971 0.4948442 1.3468845 1.3468845 1.3468845 1.2373338 1.2373338 1.2373338 1.2373335 1.2373335 1.237333 1.3103828 1.3103824 0.5428054 0.5428053 0.54280525 0.54280525 0.54280525 0.54280525 0.54280525 1.3103821 0.123131596 0.12313155 1.3103821 1.3103819 0.542805 0.542805 0.29314917 0.542805 0.542805 0.542805
0.49484098 0.10418282 0.10418282 0.1041828 0.1041828 0.1041828 0.104182795 1.2373259 1.2373259 1.2373257 1.2373257 1.2373257 1.2373257 0.10418272 0.10418272 1.2373254 1.2373254 1.2373254 1.2373254 1.2373254 0.6417049 0.6417049 0.49484053 0.49484053 0.9227873 0.9227873 0.5149672 0.49484035 0.49484035 0.4948402 0.4948402 1.3468738 1.2373247 1.2373247 1.2373247 1.2373247 1.2373247 0.64170426 1.2373245 1.3103735 1.4319332 1.3103735 0.54280156 0.54280156 0.5428015 0.54280144 0.54280144 0.54280144 0.54280144 0.12313066 0.54280144 0.5428014 0.5428014 0.5428014 0.5428013 0.29314688 0.5428013 0.5428013 0.5428012
0.49483687 0.104181804 0.104181804 0.037013467 0.037013467 0.037013467 0.10418179 1.2373171 1.2373171 1.2373171 1.2373171 1.2373171 1.2373171 0.104181744 0.104181744 0.104181744 0.104181744 0.10418173 0.10418173 0.49483657 0.49483648 0.5149633 0.49483642 0.49483642 0.9227798 0.49710914 0.22824839 0.22824839 0.22824839 0.4948362 0.4948362 1.3468618 1.2373154 1.2373154 1.2373154 1.2373154 1.2373154 0.6416994 0.6417447 0.68320066 0.68320066 1.3147779 1.3147779 1.3103642 0.9630883 0.9630881 0.68320054 0.68320054 0.5427976 0.5427975 0.5427975 0.54279745 0.54279745 0.54279745 0.54279745 0.2931444 0.12312963 0.12312963 0.5427974
0.49483296 0.104180835 0.104180835 0.10418082 0.10418079 0.10418079 0.10418079 1.229918 1.229918 1.2373078 1.2373078 1.2373078 0.104180776 0.104180776 0.10418076 0.10418076 0.10418073 0.4948326 0.4948326 0.49483255 0.49483252 0.49483252 0.4948325 0.4948325 0.5437772 0.2282441 0.2282441 0.26655617 0.228244 0.228244 0.4948322 0.6416944 1.2373064 1.2373064 1.2373064 1.2373064 1.2373064 0.4948321 0.49483204 0.68319595 0.68319595 1.3147686 1.3147686 1.3103552 0.9630816 0.9630814 0.6831957 0.68319565 0.9630814 1.3103545 0.54279363 0.5427936 0.68319553 0.5427935 0.2931421 0.05932745 0.05932745 0.123128675 0.5427935
0.494829 0.49482897 1.2372992 1.237299 0.10417982 1.237299 1.2372987 1.2372987 1.2372987 1.2372987 1.2372985 1.2372985 1.2372985 0.104179785 0.104179785 0.11757086 0.037012253 0.10417975 0.10417975 0.49482855 0.4948285 0.22824 0.24400347 0.22823991 0.037012227 0.22823972 0.30206117 0.22823963 0.22823963 0.22823963 0.22823963 0.6416896 1.2372975 0.6416894 0.6416894 1.2372975 1.2372975 1.2372973 1.2373877 1.3770945 1.3103459 1.3103459 1.3103459 1.3103459 0.96307504 0.96307486 0.96307486 0.96307474 0.96307474 1.3103456 1.3103454 0.5427898 0.54278976 0.54278976 0.29313982 0.05932685 0.05932685 0.123127714 0.54278964
0.2282359 0.49482507 0.494825 1.2372899 1.2372899 1.2372899 1.2372899 1.2372897 0.6416852 0.6416852 1.2372894 1.2372894 1.2372894 1.4962802 1.2372892 0.10417875 0.10417874 0.57761896 0.49482456 0.49482453 0.22823551 0.35877636 0.037011657 0.037011657 0.049899995 0.037011635 0.037011635 0.22823514 0.22823514 0.22823514 0.49482438 0.51495117 0.49482432 0.64168453 0.6416844 1.2372885 1.2372885 1.2372882 1.2372882 1.237288 1.3103366 1.3103366 1.3103366 1.3103366 0.96306837 0.96306825 0.55336213 0.96306807 1.3103366 1.3103364 1.3103364 1.3103364 0.542786 0.542786 0.542786 0.29313752 0.29313752 0.54278594 0.5427859
0.22823142 0.24399519 0.49482095 1.2372808 1.2372808 1.2372808 1.2372808 1.2372808 0.6416801 0.6416801 1.377074 0.64168006 0.64168 1.2372806 1.2372804 0.117568836 0.49482062 0.49482062 0.22823113 0.2665431 0.22823104 0.22823094 0.03701106 0.03701106 0.03701106 0.03701104 0.04228104 0.22823083 0.22823066 0.22823057 0.5149472 0.49482033 0.49482027 0.6416794 0.6416792 1.2372797 1.2372789 1.2372787 1.2372787 1.2372787 1.3103278 1.3103278 1.3103278 1.3103275 0.96306175 0.55335814 0.9630616 1.3103273 1.3103273 1.310327 1.310327 1.310327 1.310327 0.54278225 0.54278225 0.29313505 0.5427822 0.5427822 1.3103266
0.22822712 0.22822703 0.49481693 1.2372718 1.2372718 1.2372718 1.2372718 1.2372718 1.2372718 1.2372718 0.4948167 0.4948167 0.641675 1.2372713 1.2372713 1.2372711 1.2372711 0.49481654 0.4948165 0.4948165 0.22822665 0.4131313 0.037010513 0.037010513 0.037010513 0.04989778 0.037010513 0.037010513 0.22822654 0.22822654 0.22822645 0.49481627 0.5149431 1.2372704 1.2372704 1.2372704 1.2372704 1.2372701 1.2372701 0.104176596 1.3103185 1.3103185 1.3103185 1.3103185 0.9630551 0.9630551 0.9630549 0.9630549 1.3103182 1.3103182 1.3103182 1.310318 1.3103178 1.3103178 0.54277843 0.5427784 0.5427784 0.5427783 0.5427783
0.22822274 0.22822264 0.22822264 1.237263 1.237263 1.237263 1.237263 1.237263 1.237263 1.237263 0.49481273 0.64167005 1.2372627 1.2372625 1.2372625 1.2372622 1.3011248 0.49481258 0.6416699 0.5149394 0.49481258 0.104175754 0.03700989 0.049896657 0.03700989 0.03700989 0.049896657 0.03700989 0.22822216 0.22822216 0.5149392 0.49481228 0.49481222 1.2372613 1.2372613 1.2372613 1.2372613 1.2372613 1.2372613 0.10417562 0.12312404 0.12312403 1.3103092 1.4318674 0.96304846 0.96304846 0.96304834 0.963048 1.3103092 1.3103089 1.3103089 1.3103089 1.3103089 1.3103087 1.3103087 0.54277456 0.54277456 0.5427745 0.5427745
