Export/ASCII/RMeteo_SP_inch/impervious0/net_infiltration_2016_SP3_inch.asc
ncols         660
nrows         338
xllcorner     1476100.0
yllcorner     5017100.0
cellsize      100
NODATA_value  -9.9000000089461e-20
[rows 105 to 139 of 338, columns 237 to 315 of 660]
0.132936 0.39196932 0.2652253 0.2652253 0.2652253 0.2652253 0.03108402 0.03108402 0.03108402 0.03108402 0.2652253 0.2652253 0.2652253 0.03108402 0.07157094 0.07157094 0.07157094 1.6300919 1.1898103 0.23222709 0.46368045 0.46368045 0.2652253 0.2652253 0.2652253 0.2652253 0.46368045 0.07157094 0.46368045 0.2652253 0.46368045 0.46368045 0.64045143 0.23222709 0.64045143 0.07157094 0.07157094 0.07157094 0.07157094 0.07157094 1.6300919 1.193205 0.056257725 0.056257725 0.2652253 0.2652253 0.46368045 0.23222709 0.23222709 0.64045143 0.46368045 0.2652253 0.2652253 0.2652253 0.07157094 0.100967646 0.07157094 0.07157094 0.07157094 0.100967646 0.46368033 0.46368033 0.07157094 0.07157094 0.07157094 0.07157094 0.07157094 0.07157094 0.07157094 0.03108402 0.2652253 0.03108402 0.03108402 0.2652253 0.2652253 0.2652253 0.2652253 0.2652253 0.2652253
0.055999935 0.3919686 0.4636792 0.2652249 0.2652249 0.2652249 0.0310839 0.0310839 0.0310839 0.0310839 0.2652249 0.2652249 0.2652249 0.0310839 0.07157079 0.07157079 1.6300828 1.6300828 0.6404499 0.6404499 0.4636792 0.4636792 0.2652249 0.2652249 0.2652249 0.2652249 0.4636792 0.4636792 0.4636792 0.4636792 0.4636792 0.4636792 1.6492147 0.2322228 0.07157079 0.07157079 0.07157079 0.07157079 0.07157079 0.2322228 0.2322228 0.2322228 0.05625367 0.05625367 0.2652249 0.2652249 0.05625367 0.2322228 0.2322228 1.6300828 0.4636792 0.4636792 0.4636792 0.4636792 0.4636792 1.6300828 1.6300828 1.6300828 1.6300828 0.07157079 0.26522473 0.0310839 0.0310839 0.0310839 0.0310839 0.07157079 0.07157079 1.6300828 0.0 1.118903 0.0310839 0.0310839 0.0310839 0.0 0.0 0.0 0.26522473 0.4636792 0.4636792
0.055999864 0.39196774 0.46367788 0.46367788 0.26522434 0.26522434 0.26522434 0.26522434 0.26522434 0.26522434 0.26522434 1.1189007 0.46367788 0.07157067 0.07157067 0.23221874 0.07157067 0.07157067 0.6404482 0.6404482 0.23221874 0.46367788 0.46367788 0.26522434 0.46367788 0.46367788 0.46367788 0.46367788 1.6300762 1.6300762 1.6300762 0.07157067 0.07157067 0.07157067 0.07157067 0.07157067 0.031083805 0.031083805 0.031083805 0.07157067 0.23221874 0.23221874 0.26522434 0.26522434 0.26522434 0.056249857 0.056249857 0.056249857 0.23221874 1.1189007 1.6300762 0.46367776 0.46367776 0.26522434 1.6300762 1.6300762 1.6300762 1.6300762 1.6300762 0.07157067 0.07157067 0.031083759 0.031083759 0.26522434 0.46367776 0.07157067 1.6300757 0.07157067 0.0 0.0 0.46367776 0.07157067 0.07157067 0.07157067 0.031083759 0.031083759 0.07157067 1.6300762 1.6300762
0.391967 0.05599977 0.4636766 0.4636766 0.26522407 0.26522407 0.26522407 0.26522407 0.26522407 0.4636766 0.4636766 0.4775619 0.4636766 0.23221374 0.23221374 0.23221374 0.07157051 0.07157051 0.07157051 1.6300678 0.23221374 0.23221374 0.4636766 0.4636766 0.07157051 0.07157051 0.07157051 0.4636766 0.23221374 0.23221374 0.23221374 0.07157051 0.07157051 0.07157051 0.07157051 0.07157051 0.07157051 0.07157051 0.031083662 0.07157051 0.23221374 0.4636766 0.4636766 0.26522407 0.056246042 0.056246042 0.056246042 0.056246042 0.23221374 0.26522407 0.26522407 1.6300678 1.118898 1.118898 1.118898 1.6300678 1.013221 0.0 1.6300678 0.64044666 0.64044666 0.64044666 0.07157051 0.07157051 0.64044666 0.64044666 0.23221374 0.07157051 0.031083662 0.031083662 0.4636766 0.07157051 0.07157051 0.07157051 0.031083662 0.031083662 0.07157051 0.07157051 1.6300678
0.13292575 0.39196622 0.46367538 0.46367538 0.46367538 0.26522347 0.46367538 0.46367538 0.46367538 0.51216847 0.46367538 0.46367538 0.46367538 0.46367538 0.07157039 0.23220968 0.07157039 0.07157039 0.23220968 1.6300597 0.6404451 0.6404451 0.07157039 0.07157039 0.23220968 0.07157039 0.46367538 0.46367538 0.23220968 0.23220968 0.23220968 0.23220968 0.07157039 0.07157039 0.07157039 0.07157039 0.07157039 0.07157039 0.031083543 0.07157039 0.46367538 0.46367538 0.46367538 0.056241512 0.056241512 0.056241512 0.056241512 0.056241512 0.23220968 0.26522347 0.26522347 1.1188954 0.056241512 0.6 1.1505826 0.2322092 0.2322092 0.640445 0.46367526 0.46367526 0.46367526 0.26522347 0.031083543 0.07157039 0.07157039 0.23220873 0.07157039 0.07157039 0.031083543 0.031083543 0.26522347 0.07157039 0.07157039 0.031083543 0.031083543 0.031083543 0.031083543 0.07157039 0.07157039
0.39196557 0.39196557 0.46367404 0.46367404 0.46367404 0.46367404 0.46367404 0.46367404 0.07157025 0.07157025 0.46367404 0.26522312 0.46367404 0.46367404 0.07157025 1.6300519 0.07157025 0.07157025 0.07157025 1.6300519 0.64044344 0.64044344 0.07157025 0.07157025 0.07157025 0.46367404 0.46367404 0.46367404 0.2322061 0.2322061 0.2322061 0.2322061 0.2322061 0.07157025 0.07157025 0.07157025 0.07157025 0.07157025 0.07157025 0.07157025 0.46367404 1.6300519 0.2322061 0.2322061 0.056238174 0.056238174 0.056238174 0.056238174 0.2322061 0.2322061 1.1188928 1.1188928 0.05647731 0.056238174 0.0 0.2322061 0.2322061 0.6404433 0.46367404 0.46367404 0.46367404 0.26522312 0.26522312 0.26522312 0.46367404 0.46367404 0.07157025 0.031083401 0.031083401 0.031083401 0.26522312 0.031083401 0.031083401 0.031083401 0.031083401 0.031083401 0.031083401 0.031083401 0.031083401
0.39196494 0.44119808 0.46367267 0.46367267 0.46367267 0.071570076 0.07612528 0.031083282 0.031083282 0.031083282 0.26522273 0.46367267 0.46367267 0.46367267 0.071570076 0.46367267 0.26522273 0.031083282 0.071570076 0.46367267 1.6300447 0.23220015 0.071570076 0.031083282 0.071570076 0.46367267 0.46367267 1.6300447 0.46367267 0.46367267 0.46367267 0.46367267 0.46367267 0.46367267 0.46367267 0.46367267 0.46367267 0.46367267 0.23220015 0.23220015 0.23220015 0.23220015 0.0 0.056233406 0.056233406 0.056233406 0.056233406 0.056233406 0.23220015 0.23220015 1.1188902 1.7541862 0.05646777 0.056233406 0.0 0.8359068 0.8359068 0.8359068 0.8359068 0.4636726 0.4636726 0.4636726 0.4636726 0.4636726 0.4636726 0.071570076 0.031083282 0.031083282 0.031083282 0.031083282 0.031083282 0.031083282 0.031083282 0.031083282 0.031083282 0.031083282 0.031083282 0.031083282 0.031083282
0.39196417 0.39196417 0.46367133 0.071569934 0.071569934 0.031083139 0.071569934 0.071569934 0.071569934 0.071569934 0.071569934 0.071569934 0.46367133 0.2321961 0.2321961 0.071569934 0.46367133 0.071569934 0.071569934 0.46367133 1.6300368 0.46367133 0.46367133 0.031083139 0.031083139 0.46367133 0.46367133 0.46367133 0.46367133 0.46367133 0.46367133 0.2321961 1.6300368 0.2321961 0.2321961 0.2321961 0.2321961 0.056230545 0.2321961 0.2321961 0.2321961 0.2321961 0.056230545 0.056230545 0.056230545 0.056230545 0.056230545 0.056230545 0.2321961 0.2321961 0.2321961 0.23511195 0.056230545 0.6 0.6 0.83590645 0.83590645 0.83590645 0.83590645 0.83590645 1.6300364 0.46367133 0.46367133 0.46367133 0.46367133 0.46367133 0.031083139 0.031083139 0.031083139 0.031083139 0.031083139 0.031083139 0.031083139 0.031083139 0.031083139 0.031083139 0.071569934 0.071569934 0.071569934
0.055999506 0.3919633 0.07156984 0.07156984 0.07156984 0.07156984 0.07156984 0.07156984 0.07156984 0.07156984 0.07156984 0.07156984 0.23219132 0.23219132 0.07156984 0.07156984 0.46367028 0.07156984 0.07156984 0.46367028 0.46367028 0.46367028 0.46367028 0.26522177 0.46367028 1.6300294 0.23219132 0.23219132 0.23219132 0.23219132 0.23219132 0.23219132 1.6300294 0.23219132 0.23219132 0.23219132 0.23219132 0.23219132 0.056226015 0.23219132 0.23219132 0.23219132 0.056226015 0.0 0.056226015 0.056226015 0.056226015 0.056226015 0.23219132 0.23219132 0.23219132 0.23219132 0.056226015 0.6 0.605607 0.83590615 0.83590615 0.83590615 0.83590615 0.6404385 0.6404385 0.07156984 0.07156984 0.07156984 0.4636701 0.26522177 0.031083066 0.031083066 0.031083066 0.031083066 0.031083066 0.031083044 0.07156984 0.07156984 0.031083044 0.07156984 0.07156984 0.07156984 0.07156984
0.055999435 0.055999435 0.46366885 0.23218632 0.071569696 0.23218632 0.23218632 0.46366885 0.071569696 0.071569696 0.46366885 0.46366885 0.46366885 0.46366885 0.46366885 0.46366885 0.46366885 0.64043695 0.64043695 0.39520276 0.031082924 0.031082924 0.031082924 0.031082924 0.071569696 1.6300204 1.6300204 0.23218632 0.23218632 0.23218632 0.23218632 0.23218632 0.23218632 0.23218632 0.23218632 0.23218632 0.23218632 0.23218632 0.23218632 0.056221724 0.23218632 0.23218632 0.056221724 0.0 0.056221724 0.056221724 0.056221724 0.056221724 0.056221724 0.23218632 0.23218632 0.23218632 0.056221724 0.6056066 0.6 0.6056066 0.8359058 0.8359058 0.23218632 0.64043695 0.64043695 0.071569696 0.031082924 0.031082876 0.031082876 0.031082876 0.031082876 0.031082876 0.031082876 0.031082876 0.031082876 0.031082876 0.071569696 0.071569696 0.071569696 0.071569696 0.071569696 0.071569696 0.071569696
0.055999365 0.055999365 0.46366763 0.46366763 0.46366763 0.46366763 0.46366763 0.07156953 0.07156953 0.07156953 0.46366763 0.46366763 0.6404354 0.6404354 0.6404354 1.630014 1.630014 0.6404354 0.6404354 0.39520216 0.26522082 0.46366763 0.46366763 0.07156953 0.07156953 0.07156953 0.07156953 0.07156953 0.23218203 0.07156953 0.07156953 0.23218203 0.23218203 0.23218203 0.23218203 0.23218203 0.23218203 0.23218203 0.23218203 0.23218203 0.056218863 0.23218203 0.23218203 1.1188792 1.1188792 0.056218863 0.056218863 0.056218863 0.056218863 0.6404354 0.6404354 0.6404354 0.056218863 0.6 0.60560596 0.67706954 0.056218863 0.056218863 0.39520216 0.6404354 0.07156953 0.07156953 0.031082757 0.031082757 0.031082757 0.031082757 0.031082757 0.031082757 0.031082757 0.031082757 0.031082757 0.07156948 0.07156948 0.07156948 0.07156948 0.07156948 0.07156948 0.07156948 0.4636674
0.055999316 0.08321552 0.07156939 0.46366626 0.46366626 0.23217821 0.6404337 0.6404337 0.07156939 0.07156939 0.3130219 0.6404337 0.6404337 0.6404337 0.07156939 0.46366626 0.46366626 1.6300056 0.23217821 0.05621338 1.1188766 0.26522034 0.46366626 0.07156939 0.07156939 0.46366626 0.46366626 0.07156939 0.23217821 0.07156939 0.031082662 0.07156939 0.6404337 0.6404337 0.23217821 0.23217821 0.23217821 0.23217821 0.23217821 0.23217821 0.05621338 0.05621338 0.05621338 1.2402679 1.2402679 0.26522034 0.26522034 0.05621338 0.05621338 0.39520133 0.39520133 0.39520133 0.05621338 0.05621338 0.05621338 0.031082662 0.031082662 0.031082662 0.031082662 0.6 0.6 0.07156939 0.1242436 0.031082662 0.031082662 0.031082662 0.031082662 0.031082662 0.031082662 0.031082662 0.07156939 0.07156939 0.07156939 0.07156939 0.07156939 0.07156939 0.07156939 0.46366626 0.46366626
0.055999245 0.055999245 0.07156924 0.2321732 0.2321732 0.07156924 0.64043224 0.64043224 0.031082518 0.2321732 0.2321732 0.2321732 0.2321732 0.46366516 0.64043224 0.46366516 0.46366516 0.056210518 0.056210518 0.26521996 0.26521996 0.26521996 0.26521996 0.07156924 0.07156924 0.031082518 0.26521996 0.031082518 0.07156924 0.07156924 0.07156924 0.031082518 0.031082518 0.64043224 0.2321732 0.2321732 0.2321732 0.2321732 0.2321732 1.6299977 0.2321732 0.056210518 0.05621004 0.05621004 0.056414366 0.26521996 0.26521996 0.05621004 0.05621004 0.3952011 0.3952011 0.05621004 0.05621004 0.05621004 0.031082518 0.031082518 0.031082518 0.031082518 0.031082518 0.05621004 0.031082518 0.031082518 0.07156924 0.031082518 0.031082518 0.031082518 0.031082518 0.07156924 0.031082518 0.031082518 0.26521987 0.26521987 1.118874 0.031082518 0.07156924 0.0715692 0.46366513 0.46366513 0.26521987
0.055999197 0.055999197 0.23216891 0.23216891 0.23216891 0.6404308 0.6404308 0.6404308 0.6404308 0.23216891 0.23216891 0.23216891 0.23216891 0.6404308 0.6404308 0.6404308 0.23216891 0.056206703 0.031082423 0.031082423 0.26521948 0.26521948 0.26521948 0.031082423 0.031082423 0.031082423 0.031082423 0.031082423 0.07156915 0.07156915 0.07156915 0.031082423 0.07156915 0.23216891 0.23216891 0.23216891 0.23216891 0.23216891 1.6299906 1.6299906 1.6299906 0.056206703 0.056206703 0.056206703 0.056206703 0.23216891 0.056206703 0.056206703 0.056206703 0.056206703 0.056206703 0.056206703 0.056206703 0.056206703 0.031082423 0.031082423 0.031082423 0.031082423 0.031082423 0.031082423 0.031082423 0.031082423 0.031082423 0.031082423 0.031082423 0.07156915 0.07156915 0.07156915 0.07156915 0.031082423 0.031082423 0.26521948 0.26521948 0.41080773 0.031082423 0.031082423 0.031082423 0.26521948 0.031082423
0.13289785 0.13289785 0.23216438 0.23216438 0.46366242 0.6404289 0.6404289 0.46366242 0.46366242 0.6404289 0.23216438 0.23216438 0.23216438 0.6404289 0.6404289 0.071568936 0.071568936 0.46366242 0.2652189 0.2652189 0.2652189 0.031082256 0.031082256 0.031082256 0.031082256 0.031082256 0.031082256 0.031082256 0.031082256 0.071568936 0.071568936 0.031082256 0.23216438 0.23216438 0.23216438 0.23216438 0.23216438 0.23216438 0.23216438 0.23216438 0.23216438 1.1188687 0.056201935 0.056201935 0.056201935 0.23216438 0.056201935 0.056201935 1.1188687 0.056201935 0.23216438 0.056201935 0.056201935 0.23216438 0.031082256 0.031082256 0.031082256 0.031082256 0.031082256 0.031082256 0.031082256 0.031082256 0.031082256 0.031082256 0.071568936 0.071568936 0.071568936 0.071568936 0.071568936 0.031082256 0.031082256 0.2652189 0.2652189 0.39519966 0.031082256 0.031082256 0.031082256 1.1188685 1.1188685
0.13289452 0.13289452 0.23215914 0.23215914 0.46366125 0.26521853 0.26521853 0.26521853 0.46366125 0.2321589 0.2321589 0.2321589 0.2321589 0.6404275 0.6404275 0.6404275 0.07156882 0.2321589 0.05619836 0.03108216 0.03108216 0.03108216 0.03108216 0.03108216 0.03108216 0.03108216 0.26521853 0.03108216 0.07156882 0.07156882 0.07156882 0.07156882 0.2321589 0.2321589 0.2321589 1.6299744 1.6299744 0.2321589 0.2321589 0.2321589 0.2321589 1.7540705 0.05619836 0.05619836 0.05619836 0.05619836 0.05619836 0.05619836 0.056387186 0.05619836 0.05619836 0.05619836 0.05619836 0.05619836 0.07156882 0.07156882 0.07156882 0.031082137 0.031082137 0.031082137 0.031082137 0.031082137 0.031082137 0.031082137 0.07156882 0.07156882 0.07156882 0.07156882 0.07156882 0.6 0.031082137 0.031082137 0.031082137 0.031082137 0.031082137 0.031082137 0.031082137 1.1188658 1.38699
0.55159837 0.55159837 0.23215485 0.23215485 0.46366003 0.26521805 0.26521805 0.26521805 0.46366003 0.46365994 0.23215485 0.23215485 0.23215485 0.23215485 0.23215485 0.0715687 0.0715687 0.23215485 0.056194067 0.031082042 0.031082042 0.031082042 0.031082042 0.031082042 0.031082042 0.031082042 0.26521805 1.1188632 0.0 0.23215485 0.23215485 0.23215485 0.23215485 0.23215485 1.6299663 1.6299663 1.6299663 0.23215485 0.23215485 0.23215485 0.23215485 1.6299663 0.056194067 0.056194067 0.056194067 0.056194067 0.23215485 0.056194067 0.056194067 0.056194067 0.056194067 0.056194067 0.056194067 0.056194067 0.056194067 0.0715687 0.0715687 0.056194067 0.056194067 0.031082042 0.031082042 0.031082042 0.031082042 0.0715687 0.0715687 0.031082042 0.031082042 0.0715687 1.1188632 0.031082042 0.031082042 0.031082042 0.031082042 0.056676973 0.031082042 0.031082042 0.031082042 0.41079915 0.031082042
0.13288927 0.13288927 0.23215008 0.4636587 0.4636587 0.26521757 0.26521757 0.26521757 0.26521757 0.4636587 0.4636587 0.4636587 0.4636587 0.4636587 0.0561893 0.031081922 0.031081922 0.4636587 0.0561893 0.031081922 0.031081922 0.031081922 0.031081922 0.031081922 0.031081922 0.031081922 0.26521757 0.23215008 0.23215008 0.23215008 0.23215008 0.23215008 0.23215008 1.6299574 1.6299574 1.6299574 1.6299574 1.6299574 0.23215008 0.23215008 0.23215008 0.23215008 0.0561893 0.0561893 0.0561893 0.0561893 0.23215008 0.0561893 0.0561893 0.0561893 0.0561893 0.0561893 0.0561893 0.0561893 0.0561893 0.0561893 0.23215008 0.0561893 0.0561893 0.031081922 0.031081922 0.031081922 0.071568556 0.071568556 0.071568556 0.071568556 0.071568556 0.031081922 0.031081922 0.031081922 0.031081922 0.031081922 0.031081922 0.031081922 0.031081922 0.031081922 0.031081922 0.395198 0.395198
0.13288665 0.13288665 0.23214674 0.23214674 0.46365738 0.46365738 0.2652171 0.2652171 0.2652171 0.2652171 0.46365738 0.46365738 0.46365738 0.46365738 0.23214674 1.1897683 1.1897683 0.6404225 0.2652171 0.2652171 0.031081779 0.031081779 0.031081779 0.031081779 0.031081779 0.031081779 0.031081779 0.23214674 0.23214674 0.23214674 0.23214674 0.6404225 0.6404225 0.23214674 0.4636573 0.4636573 0.4636573 0.23214674 0.23214674 0.23214674 0.23214674 0.23214674 0.056186676 0.056186676 0.056186676 0.056186676 0.056186676 0.3951974 0.3951974 0.056186676 0.056186676 0.056186676 0.056186676 0.056186676 0.056186676 0.056186676 0.056186676 0.056186676 0.056186676 0.056186676 0.031081779 0.031081779 0.07156841 0.07156841 0.07156841 0.07156841 0.07156841 0.031081779 0.031081779 0.031081779 0.031081779 0.031081779 0.031081779 0.031081779 0.0561862 0.031081779 0.031081779 1.118858 1.118858
0.0 0.0 0.0 0.0 0.0 0.0 0.0 0.0 0.0 0.0 0.0 0.0 0.0 0.0 0.0 0.0 0.0 0.0 0.0 0.0 0.0 0.0 0.0 0.0 0.0 0.0 0.0 0.0 0.0 0.0 0.0 0.0 0.0 0.0 0.0 0.0 0.0 0.0 0.0 0.0 0.0 0.0 0.0 0.0 0.0 0.0 0.0 0.0 0.0 0.0 0.0 0.0 0.0 0.0 0.0 0.0 0.0 0.0 0.0 0.0 0.0 0.0 0.0 0.0 0.0 0.0 0.0 0.0 0.0 0.0 0.0 0.0 0.0 0.0 0.0 0.0 0.0 0.0 0.0
0.02914575 0.0 0.0 0.0 0.0 0.0 0.0 0.0 0.0 0.0 0.0 0.0 0.0 0.0 0.0 0.0 0.0 0.0 0.0 0.0 0.0 0.0 0.0 0.0 0.0 0.0 0.0 0.0 0.0 0.0 0.0 0.0 0.0 0.0 0.0 0.0 0.0 0.0 0.0 0.0 0.0 0.0 0.0 0.0 0.0 0.0 0.0 0.0 0.0 0.0 0.0 0.0 0.0 0.0 0.0 0.0 0.0 0.0 0.0 0.0 0.0 0.0 0.0 0.0 0.0 0.0 0.0 0.0 0.0 0.0 0.0 0.0 0.0 0.0 0.0 0.0 0.0 0.0 0.0
0.029145617 0.0 0.0 0.0 0.0 0.0 0.0 0.0 0.0 0.0 0.0 0.0 0.0 0.0 0.0 0.0 0.0 0.0 0.0 0.0 0.0 0.0 0.0 0.0 0.0 0.0 0.0 0.0 0.0 0.0 0.0 0.0 0.0 0.0 0.0 0.0 0.0 0.0 0.0 0.0 0.0 0.0 0.0 0.0 0.0 0.0 0.0 0.0 0.0 0.0 0.0 0.0 0.0 0.0 0.0 0.0 0.0 0.0 0.0 0.0 0.0 0.0 0.0 0.0 0.0 0.0 0.0 0.0 0.0 0.0 0.0 0.0 0.0 0.0 0.0 0.0 0.0 0.0 0.0
0.02914551 0.0 0.0 0.0 0.0 0.0 0.0 0.0 0.0 0.0 0.0 0.0 0.0 0.0 0.0 0.0 0.0 0.0 0.0 0.0 0.0 0.0 0.0 0.0 0.0 0.0 0.0 0.0 0.0 0.0 0.0 0.0 0.0 0.0 0.0 0.0 0.0 0.0 0.0 0.0 0.0 0.0 0.0 0.0 0.0 0.0 0.0 0.0 0.0 0.0 0.0 0.0 0.0 0.0 0.0 0.0 0.0 0.0 0.0 0.0 0.0 0.0 0.0 0.0 0.0 0.0 0.0 0.0 0.0 0.0 0.0 0.0 0.0 0.0 0.0 0.0 0.0 0.0 0.0
0.029145438 0.029145438 0.0 0.0 0.0 0.0 0.0 0.0 0.0 0.0 0.0 0.0 0.0 0.0 0.0 0.0 0.0 0.0 0.0 0.0 0.0 0.0 0.0 0.0 0.0 0.0 0.0 0.0 0.0 0.0 0.0 0.0 0.0 0.0 0.0 0.0 0.0 0.0 0.0 0.0 0.0 0.0 0.0 0.0 0.0 0.0 0.0 0.0 0.0 0.0 0.0 0.0 0.0 0.0 0.0 0.0 0.0 0.0 0.0 0.0 0.0 0.0 0.0 0.0 0.0 0.0 0.0 0.0 0.0 0.0 0.0 0.0 0.0 0.0 0.0 0.0 0.0 0.0 0.0
0.0 0.029145343 0.0 0.0 0.0 0.0 0.0 0.0 0.0 0.0 0.0 0.0 0.0 0.0 0.0 0.0 0.0 0.0 0.0 0.0 0.0 0.0 0.0 0.0 0.0 0.0 0.0 0.0 0.0 0.0 0.0 0.0 0.0 0.0 0.0 0.0 0.0 0.0 0.0 0.0 0.0 0.0 0.0 0.0 0.0 0.0 0.0 0.0 0.0 0.0 0.0 0.0 0.0 0.0 0.0 0.0 0.0 0.0 0.0 0.0 0.0 0.0 0.0 0.0 0.0 0.0 0.0 0.0 0.0 0.0 0.0 0.0 0.0 0.0 0.0 0.0 0.0 0.0 0.0
0.0 0.029145235 0.0 0.0 0.0 0.0 0.0 0.0 0.0 0.0 0.0 0.0 0.0 0.0 0.0 0.0 0.0 0.0 0.0 0.0 0.0 0.0 0.0 0.0 0.0 0.0 0.0 0.0 0.0 0.0 0.0 0.0 0.0 0.0 0.0 0.0 0.0 0.0 0.0 0.0 0.0 0.0 0.0 0.0 0.0 0.0 0.0 0.0 0.0 0.0 0.0 0.0 0.0 0.0 0.0 0.0 0.0 0.0 0.0 0.0 0.0 0.0 0.0 0.0 0.0 0.0 0.0 0.0 0.0 0.0 0.0 0.0 0.0 0.0 0.0 0.0 0.0 0.0 0.0
0.0 0.029145164 0.0 0.0 0.0 0.0 0.0 0.0 0.0 0.0 0.0 0.0 0.0 0.0 0.0 0.0 0.0 0.0 0.0 0.0 0.0 0.0 0.0 0.0 0.0 0.0 0.0 0.0 0.0 0.0 0.0 0.0 0.0 0.0 0.0 0.0 0.0 0.0 0.0 0.0 0.0 0.0 0.0 0.0 0.0 0.0 0.0 0.0 0.0 0.0 0.0 0.0 0.0 0.0 0.0 0.0 0.0 0.0 0.0 0.0 0.0 0.0 0.0 0.0 0.0 0.0 0.0 0.0 0.0 0.0 0.0 0.0 0.0 0.0 0.0 0.0 0.0 0.0 0.0
0.0 0.0 0.0 0.0 0.0 0.0 0.0 0.0 0.0 0.0 0.0 0.0 0.0 0.0 0.0 0.0 0.0 0.0 0.0 0.0 0.0 0.0 0.0 0.0 0.0 0.0 0.0 0.0 0.0 0.0 0.0 0.0 0.0 0.0 0.0 0.0 0.0 0.0 0.0 0.0 0.0 0.0 0.0 0.0 0.0 0.0 0.0 0.0 0.0 0.0 0.0 0.0 0.0 0.0 0.0 0.0 0.0 0.0 0.0 0.0 0.0 0.0 0.0 0.0 0.0 0.0 0.0 0.0 0.0 0.0 0.0 0.0 0.0 0.0 0.0 0.0 0.0 0.0 0.0
0.0 0.0 0.0 0.0 0.0 0.0 0.0 0.0 0.0 0.0 0.0 0.0 0.0 0.0 0.0 0.0 0.0 0.0 0.0 0.0 0.0 0.0 0.0 0.0 0.0 0.0 0.0 0.0 0.0 0.0 0.0 0.0 0.0 0.0 0.0 0.0 0.0 0.0 0.0 0.0 0.0 0.0 0.0 0.0 0.0 0.0 0.0 0.0 0.0 0.0 0.0 0.0 0.0 0.0 0.0 0.0 0.0 0.0 0.0 0.0 0.0 0.0 0.0 0.0 0.0 0.0 0.0 0.0 0.0 0.0 0.0 0.0 0.0 0.0 0.0 0.0 0.0 0.0 0.0
0.0 0.0 0.0 0.0 0.0 0.0 0.0 0.0 0.0 0.0 0.0 0.0 0.0 0.0 0.0 0.0 0.0 0.0 0.0 0.0 0.0 0.0 0.0 0.0 0.0 0.0 0.0 0.0 0.0 0.0 0.0 0.0 0.0 0.0 0.0 0.0 0.0 0.0 0.0 0.0 0.0 0.0 0.0 0.0 0.0 0.0 0.0 0.0 0.0 0.0 0.0 0.0 0.0 0.0 0.0 0.0 0.0 0.0 0.0 0.0 0.0 0.0 0.0 0.0 0.0 0.0 0.0 0.0 0.0 0.0 0.0 0.0 0.0 0.0 0.0 0.0 0.0 0.0 0.0
0.0 0.0 0.0 0.0 0.0 0.0 0.0 0.0 0.0 0.0 0.0 0.0 0.0 0.0 0.0 0.0 0.0 0.0 0.0 0.0 0.0 0.0 0.0 0.0 0.0 0.0 0.0 0.0 0.0 0.0 0.0 0.0 0.0 0.0 0.0 0.0 0.0 0.0 0.0 0.0 0.0 0.0 0.0 0.0 0.0 0.0 0.0 0.0 0.0 0.0 0.0 0.0 0.0 0.0 0.0 0.0 0.0 0.0 0.0 0.0 0.0 0.0 0.0 0.0 0.0 0.0 0.0 0.0 0.0 0.0 0.0 0.0 0.0 0.0 0.0 0.0 0.0 0.0 0.0
0.0 0.0 0.0 0.0 0.0 0.0 0.0 0.0 0.0 0.0 0.0 0.0 0.0 0.0 0.0 0.0 0.0 0.0 0.0 0.0 0.0 0.0 0.0 0.0 0.0 0.0 0.0 0.0 0.0 0.0 0.0 0.0 0.0 0.0 0.0 0.0 0.0 0.0 0.0 0.0 0.0 0.0 0.0 0.0 0.0 0.0 0.0 0.0 0.0 0.0 0.0 0.0 0.0 0.0 0.0 0.0 0.0 0.0 0.0 0.0 0.0 0.0 0.0 0.0 0.0 0.0 0.0 0.0 0.0 0.0 0.0 0.0 0.0 0.0 0.0 0.0 0.0 0.0 0.0
0.07986602 0.07986602 0.0 0.0 0.0 0.0 0.0 0.0 0.0 0.0 0.0 0.0 0.0 0.0 0.0 0.0 0.0 0.0 0.0 0.0 0.0 0.0 0.0 0.0 0.0 0.0 0.0 0.0 0.0 0.0 0.0 0.0 0.0 0.0 0.0 0.0 0.0 0.0 0.0 0.0 0.0 0.0 0.0 0.0 0.0 0.0 0.0 0.0 0.0 0.0 0.0 0.0 0.0 0.0 0.0 0.0 0.0 0.0 0.0 0.0 0.0 0.0 0.0 0.0 0.0 0.0 0.0 0.0 0.0 0.0 0.0 0.0 0.0 0.0 0.0 0.0 0.0 0.0 0.0
0.079865836 0.079865836 0.0 0.0 0.0 0.0 0.0 0.0 0.0 0.0 0.0 0.0 0.0 0.0 0.0 0.0 0.0 0.0 0.0 0.0 0.0 0.0 0.0 0.0 0.0 0.0 0.0 0.0 0.0 0.0 0.0 0.0 0.0 0.0 0.0 0.0 0.0 0.0 0.0 0.0 0.0 0.0 0.0 0.0 0.0 0.0 0.0 0.0 0.0 0.0 0.0 0.0 0.0 0.0 0.0 0.0 0.0 0.0 0.0 0.0 0.0 0.0 0.0 0.0 0.0 0.0 0.0 0.0 0.0 0.0 0.0 0.0 0.0 0.0 0.0 0.0 0.0 0.0 0.0
0.079865545 0.079865545 0.0 0.0 0.0 0.0 0.0 0.0 0.0 0.0 0.0 0.0 0.0 0.0 0.0 0.0 0.0 0.0 0.0 0.0 0.0 0.0 0.0 0.0 0.0 0.0 0.0 0.0 0.0 0.0 0.0 0.0 0.0 0.0 0.0 0.0 0.0 0.0 0.0 0.0 0.0 0.0 0.0 0.0 0.0 0.0 0.0 0.0 0.0 0.0 0.0 0.0 0.0 0.0 0.0 0.0 0.0 0.0 0.0 0.0 0.0 0.0 0.0 0.0 0.0 0.0 0.0 0.0 0.0 0.0 0.0 0.0 0.0 0.0 0.0 0.0 0.0 0.0 0.0
