Export/ASCII/RMeteo_SP_inch/impervious0/net_infiltration_2014_SP2_inch.asc
ncols         660
nrows         338
xllcorner     1476100.0
yllcorner     5017100.0
cellsize      100
NODATA_value  -9.9000000089461e-20
[rows 182 to 207 of 338, columns 118 to 176 of 660]
2.250021 2.250021 2.250021 2.250021 0.96426857 0.7130004 0.96426857 0.96426857 0.96426857 0.70985216 0.70985216 2.2500215 2.2500215 2.2500215 2.2500215 0.7130004 0.71300054 0.71300054 0.4759667 0.4759667 1.6316831 1.6316831 0.71300054 1.6690476 1.6690476 0.4759668 1.6316831 1.6316831 1.6316831 0.4759668 0.4759668 0.4759668 0.4759668 0.4759668 1.6316831 1.6690476 1.5163593 1.5163593 1.5163593 1.5163593 0.4759668 0.4759668 0.4759668 0.7003963 0.940321 2.1684942 0.940321 1.4180579 1.4180579 1.5718715 1.5718715 2.1684942 2.1684942 2.1684942 1.5718715 1.5718715 1.5718715 1.5718715 2.1684945
2.2500122 2.2500122 2.2500122 2.2500122 2.2500122 1.6316767 1.6316767 1.6316767 2.2500122 2.1232376 2.2500122 2.2500122 2.2500122 2.2500122 1.6316767 1.6316767 1.6690397 0.47596413 0.47596413 1.6316767 1.6316767 1.6316767 0.71299756 0.71299756 1.6690397 0.47596413 0.47596413 0.71299756 1.6316767 0.47596413 0.5642079 0.47596413 1.6316767 1.6316767 1.6316767 0.47596413 0.47596413 1.6316767 1.6316767 0.47596413 0.47596413 0.47596413 0.47596413 0.47404164 0.70036924 2.1684852 2.1684854 1.7601883 1.4180522 1.5718648 1.5718648 2.1684854 2.1684854 2.1684854 1.5718648 1.5718648 2.1684854 2.1684856 2.1684856
2.2500036 2.2500036 2.2500036 2.2500036 2.2500036 1.6316702 1.631671 1.631671 2.2500036 2.2500036 2.2500036 2.2500038 2.2500038 2.3311758 1.631671 1.6989055 1.631671 0.5642055 0.47596166 0.71299446 0.71299446 1.631671 0.71299446 1.631671 1.6690321 0.47596166 0.47596166 0.5232244 0.71299446 0.47596166 0.47596166 0.47596166 0.47596166 0.47596166 0.47596166 1.6690321 1.5163493 1.631671 1.631671 0.47596177 0.06730324 0.06730324 0.06730324 0.4740392 1.5718589 2.1684768 0.70075893 0.70075893 2.1684768 1.5718589 1.5718589 2.1684768 2.1684768 2.1684768 2.1684768 2.1684768 2.1684768 2.168477 2.168477
2.249995 2.249995 2.249995 2.249995 2.249995 1.6316643 1.6988988 1.6316643 1.6326623 1.6316643 2.249995 2.249995 2.249995 0.70984524 0.47595936 0.47595936 1.6316645 1.6316645 0.47595936 0.7129915 0.7129915 1.828283 0.7129915 0.7129915 0.7129915 0.56420326 0.47595936 0.47595936 0.47595936 0.47595936 0.47595936 0.47595936 0.47595936 0.47595936 0.47595936 1.6690242 1.5163436 1.6316648 1.6316648 0.47595936 0.06730265 0.11379944 0.06730265 0.06905259 1.5718527 1.5718527 0.7007566 0.7007566 2.1684682 2.1684682 1.760176 1.760176 1.760176 2.1684685 2.1684685 2.1684685 2.1684685 0.94031245 0.94031245
2.2499864 2.2499864 2.2499866 2.2499866 2.2499866 1.6316578 1.6316578 2.2499866 2.2499866 1.6316578 1.6316578 2.2499866 0.9642573 0.709843 0.47595692 0.47595692 1.6316583 1.6316583 1.6316583 1.6316583 1.7438667 0.7129884 0.7129884 0.7129884 0.7129884 1.6316583 1.6316583 1.6316583 0.47595692 0.47595692 0.47595692 0.47595692 0.47595692 0.47595692 0.47595692 0.47595692 1.6316583 1.5163376 1.6316583 1.6316583 0.06730198 0.06730198 0.06730198 0.06905204 0.4740345 1.5718467 1.5718467 0.70075417 0.70075417 2.1684601 0.9403096 0.9403096 1.7601707 2.1684601 0.9403096 0.9403096 2.1684604 0.9403096 0.9403096
2.249978 2.249978 2.249978 2.249978 2.249978 1.6316516 1.6316516 2.249978 2.249978 1.6316516 1.6316516 0.71298516 0.7098407 0.7098407 0.47595432 0.47595432 1.6316516 1.6316516 1.6316516 1.6316516 1.6316516 0.71298516 0.71298516 0.71298516 1.6316516 1.6316516 0.4759544 0.4759544 0.4759544 0.4759544 0.4759544 0.4759544 0.4759544 0.4759544 0.4759544 0.4759544 0.4759544 1.6316516 1.6316516 1.6316516 1.6316516 0.06730139 0.06730139 0.47403216 0.47403216 1.5718403 1.5718403 2.046833 2.046833 2.168451 1.7601645 0.9403068 1.7601645 1.7601645 0.9403068 0.9403068 2.1684513 1.760165 0.9403068
2.249969 2.249969 2.2499692 2.2499692 2.2499692 1.6316447 1.631645 2.2499692 2.2499695 2.2499695 1.631645 0.71298194 0.96425146 0.7098384 0.47595164 0.47595164 1.6690006 1.631645 2.24997 1.631645 1.6690006 1.631645 1.631645 1.631645 1.631645 1.631645 0.4759519 0.4759519 0.4759519 0.4759519 0.4759519 0.4759519 0.4759519 0.4759519 0.4759519 0.475952 0.475952 0.475952 1.6316452 1.6316452 0.06730074 0.475952 0.475952 0.47402987 1.5718338 1.5718338 1.5718338 1.6115029 2.046826 2.046826 1.760159 1.760159 2.1684427 2.1684427 1.760159 1.760159 2.1684427 1.760159 2.1684427
2.249961 2.249961 2.2511847 2.249961 2.249961 1.6316395 1.6316395 1.6316395 2.249961 1.6316395 1.6316395 1.6316395 2.249961 2.249961 1.6316395 1.668993 1.668993 2.1231966 2.2499611 1.6316395 1.698874 1.6316395 1.6316395 1.6316395 1.6316395 0.47594947 0.47594947 0.47594947 0.47594947 0.47594947 0.5641933 0.47594947 0.47594947 0.47594947 0.47594947 0.47594947 0.47594947 0.47594947 1.6316395 1.6316395 1.6316395 0.067300096 0.06826986 1.5718279 1.4180176 1.4180176 1.5718279 1.611495 2.0468185 2.168434 2.168434 1.7601528 2.168434 2.168434 1.7601528 1.7601528 2.168434 1.7601528 1.7601528
2.2499518 2.249952 2.249952 0.9642457 2.249952 1.631633 1.631633 1.631633 1.631633 1.631633 1.631633 1.631633 2.2499523 2.3311243 1.631633 1.631633 1.6689856 1.6689856 2.2499526 1.7110388 1.631633 1.631633 1.631633 1.631633 1.631633 0.47594684 0.47594684 0.47594684 0.47594684 0.47594684 0.47594684 0.5641906 0.47594684 0.47594684 0.47594684 0.47594684 0.47594684 0.5641906 0.47594684 1.631633 1.631633 0.0672995 0.0672995 0.069049664 1.4180119 1.4180119 1.6114879 1.6114879 1.6114879 0.94029796 2.1684258 2.1684258 2.1684258 2.1685092 2.1684258 2.1684258 2.1684258 2.0468109 1.6114881
2.249943 2.249943 2.249943 0.9642428 0.9642428 0.71297264 0.71297264 1.6316266 1.6316266 1.6316266 0.73556006 0.9642429 1.6316266 1.6316266 1.6316266 1.6316266 1.6316266 1.6316266 2.2499433 2.2499433 1.6316266 1.6316266 0.47594422 1.6316266 0.71297264 0.71297264 0.47594422 0.47594422 0.47594422 0.47594422 0.47594422 0.06729886 0.4759443 0.06729888 0.06729888 0.06729888 0.4759443 0.4759443 0.4759443 1.6316266 1.6316266 1.6316266 0.067298934 1.418006 1.418006 1.6114795 1.6114795 1.571815 0.7003454 0.9402953 1.7601411 1.7601411 2.1684172 2.1684172 2.1684172 0.70074296 0.70074296 2.046803 1.6114798
2.2499347 2.2499347 2.2499347 2.2499347 0.9642401 0.9642401 0.71296966 0.47594193 0.47594202 0.47594202 2.249935 0.96424025 2.249935 1.6316204 1.6316204 1.6316204 1.6316204 1.6316204 1.6316204 2.2499354 1.6316204 0.4759421 0.4759421 0.4759421 0.71296966 0.71296966 0.71296966 0.4759421 0.4759421 0.4759421 0.4759421 0.067298286 0.067298286 0.067298286 0.067298286 0.067298286 0.4759421 0.4759421 0.71296966 1.6316206 1.6316206 1.6316206 1.6316206 1.4180007 1.4180007 1.6114724 1.6114724 1.5718086 0.7003424 0.9402926 1.7601359 2.1684082 2.1684084 2.1684084 0.70074064 0.70074064 0.70074064 2.1684086 1.4180009
2.249926 2.249926 2.249926 2.2499263 2.2499263 2.2499263 2.2499263 0.47593945 0.47593945 0.47593945 0.7098272 0.7098272 2.2499263 1.6316142 1.6316142 1.6316142 1.6316142 1.6316142 1.6316142 2.2499263 1.6316142 1.6316142 0.4759395 1.6316142 1.6316142 0.7129668 1.6689627 1.6689627 0.47593963 0.47593963 0.47593963 0.067297645 0.067297645 0.067297645 0.06729767 0.06729767 0.7129669 0.7129669 0.7129669 1.5163004 1.6316142 1.6316142 1.6316142 1.4179947 1.4179947 0.70033944 0.70033944 1.5718024 0.70033944 0.70033944 2.1683998 2.1684 2.1684 2.1684 2.1684 2.1684 0.70073825 0.9402897 1.5718026
2.2499175 2.2499175 2.2499175 2.2499177 2.2499177 2.2499177 2.2499177 0.56418073 0.47593665 0.47593665 0.7098248 0.7098248 1.8610141 1.8610141 2.2499182 1.6988432 0.71296346 0.71296346 1.6316087 2.3310902 2.2499182 1.6316087 1.6316087 0.47593686 0.47593686 1.6316087 1.6689546 1.0498856 0.47593704 0.47593704 0.47593704 0.06729702 0.06729702 0.06729702 0.06729702 0.06729702 1.6689546 0.7129637 0.7129637 0.7129637 1.6316087 1.6316087 1.6316087 1.5717971 1.4179893 1.5717971 1.5717971 1.5717971 1.5717971 1.5717971 1.5717971 2.1683917 2.1683917 2.1683917 2.1683917 2.1683917 0.7007361 0.9402868 0.70033646
2.2499094 2.2499094 2.2499094 2.2511332 2.2499094 2.2499094 2.2499094 1.516289 0.71296036 0.7926569 0.7098224 2.2499094 1.8610086 1.8622584 2.1231556 1.631602 0.71296036 0.7355479 1.631602 2.2511332 2.2499094 1.631602 1.631602 1.631602 0.47593457 0.47593457 1.631602 1.0498806 1.0498806 0.6707141 0.0672964 0.0672964 0.0672964 0.0672964 1.7167181 1.6689472 1.6689472 1.6689472 0.7129605 0.7129605 1.631602 1.631602 1.516289 1.4179835 1.4179835 1.5717907 1.5717907 1.5717907 1.4179835 1.4179835 1.5717907 1.5717907 2.1683831 2.1683831 2.1683831 2.1683831 2.1683831 2.1683831 0.7003335
2.2499 2.2499 2.2499 2.2499 2.2499 2.2499003 2.2499003 1.516283 0.71295726 0.71295726 0.7098203 2.2499003 2.1231484 1.8610029 2.2349124 1.8125104 0.71295726 0.96422875 2.2499008 2.2499008 2.2499008 1.6315958 1.6315958 1.6315961 0.4759321 0.4759321 1.6315961 1.6315961 0.06729576 0.4759321 0.06729576 0.06729578 0.06729578 0.06729578 0.06793155 1.6689394 1.6689394 1.8125106 1.6689394 1.6689394 1.5162833 1.5162833 1.5162833 1.4179778 1.4179778 1.4179778 1.4179778 1.4179778 1.4179778 1.4179778 1.5717843 1.5717843 1.5717843 1.5717843 1.4179778 1.7601123 2.1683748 2.1683748 1.5717843
2.249892 2.249892 2.249892 1.0154552 0.9642259 1.5162776 0.47592953 0.71295416 1.8609972 1.5162776 1.6315894 2.249892 2.249892 2.1231418 0.7098179 0.7098179 0.7098179 0.70981795 2.249892 0.70981795 0.70981795 2.249892 1.6315894 0.067295164 0.067295164 0.067295164 1.6315894 0.067295164 0.067295164 0.067295164 0.067295164 1.6689312 1.6315894 0.067295164 0.067295164 1.6689315 1.6689315 1.7719665 1.6315894 1.5162776 1.5162776 1.5162776 1.6315894 1.571778 1.571778 1.571778 1.571778 1.571778 1.571778 1.571778 0.7003273 1.571778 1.571778 1.571778 1.4179716 1.4179716 1.5717783 1.5717783 1.5717783
2.2498832 2.2498832 2.2498832 0.9642229 2.2498832 0.70981556 0.71295094 0.96422297 1.8609917 2.2498834 1.6315835 2.2498834 2.2498834 2.2498834 0.7098156 0.7098157 0.7098157 0.7098157 0.7098157 0.77602226 0.7098157 0.7098157 1.6315835 0.06729454 0.71295106 0.06729454 0.71295106 0.06729454 0.06729454 0.09532077 0.06729454 0.06729454 1.6689239 1.6689239 0.47592726 0.47592726 1.6315835 1.6315835 1.6315835 1.6315835 1.5162725 0.47592726 0.47592726 0.0 1.5717719 1.5717719 1.5717719 1.5717719 1.5717719 1.5717719 1.5717719 1.5717719 1.5717719 1.5717719 1.5717721 1.4179659 1.5717721 1.5717721 1.5717721
2.2498744 2.2498744 2.2498744 2.1231284 2.1231284 1.860987 0.7129482 1.860987 1.860987 2.2498746 2.2498746 2.2498746 2.2498746 2.2498746 2.1231284 0.8998846 0.1277877 0.1277877 0.1277877 0.06729393 0.7098135 0.7098135 2.2498748 1.6315775 0.7129482 0.7129482 0.47592452 0.47592452 0.47592464 0.06729397 0.06729397 0.06729397 1.6689157 0.06729397 0.06729397 0.06729397 0.06729397 0.06729397 1.6315777 1.6315777 1.6315777 0.7129482 0.47592473 1.4179604 1.4179604 1.5717657 1.5717657 1.5717657 1.5717657 1.5717657 1.5717657 1.5717657 1.5717657 1.5717657 1.5717657 1.5717657 1.5717657 1.5717657 1.5717657
2.2498658 2.2498658 2.1231213 2.1231213 2.1231213 1.8609815 1.5162613 1.8609815 1.8609815 1.8609815 1.6315708 2.249866 2.249866 2.1231213 2.1231213 0.12778717 0.15296169 0.12778717 0.08543591 0.12778717 0.12778717 2.1231213 0.7098111 0.4759222 1.6315708 1.6315708 1.6315708 0.56416595 0.4759222 1.6315708 0.06729328 0.0672933 0.0672933 0.0672933 0.0672933 0.0672933 0.0672933 0.0672933 0.0672933 1.6315708 0.7129451 0.7129451 0.47592226 1.4179549 1.5717595 1.5717595 1.5717595 1.5717595 1.5717595 1.6114111 0.70031846 0.70031846 0.47400105 1.5717595 1.5717595 1.5717595 1.5717595 1.5717595 1.5717595
2.2498577 2.2510815 2.2498577 2.1231143 2.2498577 2.2498577 1.6403747 1.5162556 2.2498577 2.2498577 1.6315641 2.2498577 2.2498577 2.1231143 2.1231143 2.2498577 0.12778658 0.12778658 0.06729268 0.06729268 0.12778658 0.12778658 0.7098089 0.7098089 0.47591972 1.6315646 1.6315646 1.6315646 1.6315646 1.6315646 1.6315646 0.067292705 0.067292705 0.067292705 0.067292705 0.067292705 0.067292705 0.067292705 0.067292705 1.6315646 1.6315646 1.6315646 1.6315646 1.424458 1.417949 1.5717525 1.6114035 0.47399852 0.47399852 0.47399852 0.47399852 0.47399852 0.47399852 1.5717525 1.417949 1.5717525 1.5717525 1.5717525 1.5717525
0.9642116 2.2498484 2.2498484 2.1231074 2.2498484 2.2498486 2.2498486 1.8609703 1.6315584 1.6315584 1.5162504 2.249849 2.249849 2.1231074 2.1231074 2.249849 2.249849 2.249849 0.12778601 0.067292064 0.12778601 0.12778601 2.249849 0.70980656 0.47591722 1.6315584 1.6315584 1.6315584 1.6315584 1.6315584 2.1861866 0.47591722 0.47591722 0.067292064 0.067292064 0.067292064 0.067292064 0.067292064 1.6315587 1.6315587 1.6315587 1.6315587 1.5162504 1.417943 1.417943 1.417943 1.6113958 0.47399616 0.47399616 0.47399616 0.47399616 0.47399616 1.5717471 1.5717471 1.417943 1.5717471 1.5717471 1.5717471 1.5717471
0.96420884 2.1231008 2.1231008 2.1231008 2.2498398 2.24984 2.24984 2.24984 2.24984 1.5162451 1.6688848 2.24984 2.24984 2.1231008 2.123101 2.24984 0.96420884 0.96420884 0.7098043 0.7098043 0.7098043 0.7098043 0.12778544 2.24984 2.24984 1.6315517 1.6315517 1.6987863 1.6315517 0.47591475 0.07376582 0.06729144 0.47591484 0.47591484 1.6315517 1.6315517 0.06729144 0.06729144 1.6315517 1.6987867 1.6315522 1.6315522 1.6315522 1.5717411 1.5717411 1.4179378 1.417938 0.47399384 0.47399384 0.70030975 0.70030975 1.6113887 1.5717413 1.5717413 1.5717413 1.5717413 1.6113887 1.6113887 2.1683147
2.2498314 2.1230936 2.2498314 1.6315458 2.2498314 2.2498314 2.2498314 2.2498314 0.71007395 2.2498314 1.631546 2.2498314 2.2498314 2.2498314 2.1230938 2.1230938 2.2498317 2.2498317 0.96420616 0.70980215 0.70980215 0.70980215 0.1277849 2.249832 2.249832 1.6315463 1.6315463 1.6315463 1.6315463 0.7129327 0.7129327 0.0672908 1.6315463 1.698781 1.6315465 1.6315465 0.0672908 0.0672908 1.6315465 1.6315465 1.6315465 0.7129327 0.7129327 1.5717347 1.5717347 1.4179316 1.4179316 1.4179316 1.5717347 0.7003064 0.7003064 1.6113806 1.5717349 0.47399145 0.47399145 1.4179316 1.4179316 1.6113806 1.6113806
2.2498229 2.123087 2.2498229 2.2498229 2.2510467 2.2498229 0.7097995 0.7097995 0.7097995 0.7097995 2.2498229 2.2498229 2.2498229 2.2498229 2.123087 2.1243107 2.249823 2.249823 0.96420324 0.96420324 2.249823 2.249823 0.1277843 2.249823 2.249823 2.249823 1.6315393 1.6315393 0.47590998 0.47590998 0.7129296 0.7129296 0.7129296 0.7129296 0.7129296 1.6315393 0.7129297 0.7129297 1.6315393 1.6315393 1.6315393 0.7129297 0.7129297 1.5717285 1.6113732 1.6113732 1.6113732 1.6113732 1.6113732 1.5717285 0.47398907 0.47398907 1.5717285 0.47398907 0.47398907 1.3808215 1.3808215 1.5717285 1.4179261
2.2498143 2.2498143 2.1230795 2.2498145 2.2498145 2.2498145 2.2498145 0.7097974 0.9642002 0.96420026 2.2498147 2.2498147 2.2498147 2.2498147 2.2498147 2.1230798 2.2498147 2.2498147 0.9642003 0.9642003 2.2498147 2.2498147 2.2498147 2.2498147 2.2498147 2.2498147 1.6315339 0.47590747 0.47590747 0.47590747 1.6315339 0.7129266 0.7129266 1.6315339 1.6315339 1.6315339 0.7129266 0.7129266 1.6315339 1.6315339 1.6315339 1.6315339 1.6315339 1.5717225 1.5717225 1.6113656 1.6113658 1.6113658 1.6113658 0.4739866 0.4739866 0.4739866 1.5717225 0.70030034 0.70030034 0.70030034 1.3808155 1.5717225 1.4179199
2.2498055 2.2498055 2.123073 2.123073 2.2498055 2.2498055 2.2498055 1.0154268 0.9641974 0.9641974 2.2498057 2.2498057 2.2498057 2.2498057 2.2498057 2.2498057 2.2498057 2.2498057 2.2498057 2.2498057 2.2510295 2.249806 2.249806 2.249806 2.2510297 2.249806 2.249806 0.4759049 0.4759049 0.4759049 0.4759049 1.6315277 1.6315277 1.6315277 1.6315277 0.06728901 0.06728901 0.06728901 1.6315277 1.6315277 1.6315277 1.6315277 1.6315277 1.5717163 1.6113575 1.6113575 1.6113575 1.6113575 0.47398412 0.47398433 0.47398433 0.47398433 0.47398433 0.7002977 0.7002977 0.7002977 1.5717163 1.5717163 1.4179146
