Export/ASCII/RMeteo_SP_inch/impervious0/net_infiltration_2014_SP3_inch.asc
ncols         660
nrows         338
xllcorner     1476100.0
yllcorner     5017100.0
cellsize      100
NODATA_value  -9.9000000089461e-20
[rows 105 to 139 of 338, columns 312 to 389 of 660]
0.38672262 0.38672262 0.38672262 0.38672262 0.38672262 0.1277892 0.1277892 0.51065123 0.51065123 0.046754844 0.046754844 0.046754844 0.046754844 0.046754844 0.046754844 0.51065123 0.51065123 0.51065123 0.73539734 0.34667945 0.34667945 1.4544327 0.51065123 0.1277892 0.1277892 0.1277892 0.1277892 0.1277892 0.1277892 0.046754844 1.4544327 1.4544327 1.4544322 0.5106511 0.12778911 0.12778911 0.12778911 0.12778911 0.12778911 0.12778911 0.51065105 0.510651 0.510651 0.510651 0.12778911 0.12778911 0.12778911 0.12778911 0.12778911 0.12778911 0.12778911 0.12778911 0.12778911 0.12778911 0.510651 0.046754777 0.046754777 1.4544322 1.4544322 0.0 0.35117555 0.0 0.0 0.0 0.0 0.12778902 0.510651 0.510651 1.4544322 1.4544322 1.4544322 0.73539704 0.510651 0.046754777 0.0 0.0 0.0 0.0
0.0 0.38671997 0.78330535 0.78330535 0.78330535 0.5106494 0.5106494 0.5106494 0.5106494 0.5106494 0.5106494 0.5106494 0.5106494 0.73539484 0.73539484 0.046754383 0.0 0.0 0.0 0.0 0.75955796 0.35116935 0.35116935 0.1277871 0.12778701 0.12778701 0.12778701 0.12778701 0.12778701 0.04675436 1.4544258 1.4544258 1.4544258 0.51064914 0.12778701 0.12778701 0.12778701 0.12778701 0.12778701 0.12778701 0.12778701 0.51064897 0.04675432 0.51064897 0.51064897 0.12778701 0.35116887 0.12778701 0.12778701 0.12778701 0.12778701 0.12778701 0.12778701 0.046754308 0.046754308 0.0 0.046754308 1.4544253 1.4544253 0.0 0.0 0.0 0.0 0.0 0.0 0.12778701 0.51064897 1.4544253 1.4544253 0.7353946 0.7353946 1.4544253 0.5106489 0.0467543 0.0 0.0 0.0 0.0
0.01090317 0.10525593 2.4063323 2.4063323 2.4063323 1.4544191 0.73539245 0.73539245 0.73539245 0.51064736 0.12778501 0.12778501 0.51064736 0.51064736 0.04675393 0.04675393 0.0 0.0 0.0 0.0 0.0 0.75955343 0.0 0.0 0.0 0.0 0.12778501 0.12778501 0.12778501 0.12778491 1.4544189 0.51064724 0.51064724 0.51064724 0.12778491 0.12778491 0.12778491 0.12778491 0.12778491 0.12778482 0.12778482 0.51064724 0.51064724 0.51064724 0.51064724 0.51064724 0.51064724 0.51064724 0.51064724 0.51064724 0.046753906 0.046753906 0.046753906 0.046753906 0.0 0.0 0.046753906 1.4544184 0.12778491 0.12778491 0.0 0.0 0.0 0.0 1.4544184 0.5106472 0.5106472 1.4544184 1.4544184 1.4544187 0.7353922 1.4544187 0.5106472 0.5106472 0.04675387 0.04675387 0.0 0.0
0.010903051 0.10525539 0.10525539 2.4063234 2.4063234 1.4544125 0.7353899 0.7353899 0.7353899 0.7353899 0.5106454 0.5106454 0.1277831 0.1277831 0.046753466 0.046753466 0.0 0.0 0.009497048 0.0 0.0 0.0 0.0 0.0 0.0 0.0 0.1277831 0.1277831 0.1277831 0.1277831 0.5106453 0.5106453 0.1277831 0.1277831 0.1277831 0.1277831 0.1277831 0.1277831 0.1277831 0.127783 0.0 0.0 0.127783 0.5106452 0.5106452 0.5106452 0.5106452 0.5106452 0.5106452 0.127783 0.5106452 0.5106452 0.5106452 0.0 0.0 0.0 0.046753395 1.4544117 0.127783 0.127783 0.0 0.0 0.0 0.35115623 0.0 1.4544117 1.4544117 1.4544117 1.4544117 0.046753384 0.046753384 0.046753384 0.046753384 1.4544115 1.4544115 0.046753384 0.0 0.0
0.010902956 0.010902956 0.10525485 0.10525485 0.78329825 0.5106437 1.4544053 0.7353876 0.7353876 0.7353876 0.5106436 0.5106436 0.5106436 0.5106436 0.5106436 0.5106436 0.046752974 0.046752974 0.0 0.0 0.0 0.0 0.0 0.0 0.0 0.0 0.1277812 0.1277812 0.1277812 0.1277812 0.1277812 0.1277812 0.1277812 0.1277812 0.1277812 0.1277811 0.1277811 0.1277811 0.1277811 0.1277811 0.0 0.0 0.1277811 0.5106435 0.51064324 0.04675294 0.51064324 0.51064324 0.51064324 0.12778091 0.12778091 0.12778091 0.51064324 0.04675294 0.04675294 0.04675294 0.04675294 1.4544046 0.12778091 0.12778091 0.12778091 0.35114956 0.0 0.0 0.0 0.0 0.34666932 1.4544046 1.4544046 0.04675294 0.0 0.0 0.04675294 0.04675294 0.04675294 0.04675294 0.35114956 0.12778091
0.01090286 0.01090286 0.01090286 0.01090286 0.7832959 0.5106415 0.73538494 1.4543979 0.73538494 0.73538494 1.4543979 0.046752557 0.046752557 0.046752557 0.046752557 0.73538494 0.5106415 0.5106415 0.5106415 0.046752557 0.046752557 0.0 0.0 0.0 0.0 0.51064146 0.51064146 0.046752557 0.0 0.1277789 0.1277789 0.0 0.0 0.1277789 0.51064146 1.4543979 0.51064146 0.51064146 0.51064146 0.51064146 0.046752546 0.046752546 0.5106414 0.5106414 0.5106414 0.046752546 0.5106414 0.5106414 0.0 0.1277789 0.1277789 0.046752535 0.046752535 0.046752535 1.4543972 1.4543972 1.4543972 1.454397 0.0 0.0 0.0 0.0 0.0 0.0 0.0 0.0 0.0 1.4543967 1.4543967 0.046752524 0.0 0.0 0.0 0.0 0.0 0.5106412 0.1277788 0.1277788
0.010902741 0.010902741 0.010902741 0.010902741 0.7832935 0.7353827 0.7353827 1.4543912 1.4543912 0.04675207 0.04675207 0.04675207 0.04675207 0.0 0.0 0.04675207 0.04675207 0.5106396 0.5106396 0.5106396 0.5106396 0.5106396 0.1277771 0.0 0.1277771 0.1277771 1.1434717 0.046752047 0.0 0.0 0.0 0.0 0.0 0.0 0.5106396 0.5106396 0.5106396 0.5106396 0.5106396 0.5106396 0.5106396 0.5106396 0.5106396 0.046752047 0.73538256 0.5106396 0.0 0.0 0.0 0.0 0.0 0.046752047 0.046752047 0.046752047 1.4543908 1.4543908 1.4543908 0.0 0.0 0.0 0.0 0.0 0.0 0.0 0.0 0.0 0.1277771 0.51063955 1.4543908 0.046752024 0.0 0.0 0.0 0.0 0.0 0.127777 0.127777 0.34666407
0.010902669 0.105253205 0.105253205 0.10525319 0.10525319 0.7353801 0.7353801 1.4543843 1.4543843 0.046751678 0.046751678 0.0 0.0 0.0 0.0 0.0 0.046751678 0.046751678 0.7353801 0.7353801 0.5106376 0.5106376 0.5106376 0.12777509 0.12777498 0.12777498 0.12777498 0.5106376 0.046751656 0.0 0.0 0.0 0.0 0.0 0.12777498 0.5106376 0.5106376 0.12777498 0.12777498 0.35113168 0.12777498 0.5106375 0.5106375 0.5106375 0.5106375 0.12777498 0.12777498 0.0 0.0 0.0 0.0 0.04675162 0.5106374 0.5106374 0.5106374 0.5106374 0.0 0.0 0.0 0.0 0.0 0.0 0.35113144 0.35113144 0.0 0.0 0.1277749 0.5106374 1.4543836 0.04675162 0.0 0.0 0.0 0.0 0.0 0.1277749 0.1277749 0.1277749
0.10525262 0.10525262 0.10525262 0.10525262 0.10525262 0.0467512 1.4543765 1.4543765 1.4543765 0.7353777 0.0467512 0.0 0.0 0.0 0.0 0.0 0.0 0.0 0.0467512 0.0467512 0.0467512 0.51063585 0.51063585 0.0 0.0 0.0 0.12777308 0.51063585 0.0467512 0.0 0.0 0.0 0.0 0.0 0.12777308 0.12777308 0.12777308 0.351125 0.351125 0.351125 0.12777308 0.12777308 0.51063585 0.0 0.12777308 0.0 0.0 0.0 0.0 0.0 0.0 0.0 0.12777308 0.12777299 0.12777299 0.046751127 0.0 0.0 0.12777299 0.12777299 0.0 0.0 0.351125 0.351125 0.0 0.0 0.12777299 0.5106356 0.5106356 0.046751127 0.0 0.0 0.0 0.0 0.12777299 0.12777299 0.12777299 0.12777299
0.10525214 0.10525214 0.10525214 0.10525214 0.10525214 0.04675071 0.7353752 1.4543698 1.4543698 0.7353752 0.7353752 0.04675071 0.0 0.0 0.0 0.0 0.0 0.0 0.0 0.04675071 0.04675071 0.0 0.0 0.0 0.0 0.0 0.0 0.12777127 0.0 0.0 0.0 0.0 0.0 0.0 0.0 0.12777127 0.35111856 0.35111856 0.35111856 0.35111856 0.12777127 0.12777127 0.12777127 0.12777127 0.0 0.0 0.0 0.0 0.0 0.0 0.0 0.3466568 0.12777118 0.12777118 0.12777118 0.0 0.0 0.0 0.0 0.0 0.0 0.0 0.0 0.12777099 0.12777099 0.0 0.0 0.0 0.5106337 0.046750687 0.046750687 0.046750687 0.046750687 0.0 0.12777089 0.12777089 0.12777089 0.1277708
0.10525158 0.10525158 0.10525158 0.78328395 0.78328395 0.046750307 0.73537284 0.046750307 0.51063204 0.73537284 0.73537284 0.046750307 0.0 0.0 0.0 0.0 0.0 0.0 0.0 0.0 0.0 0.0 0.0 0.0 0.0 0.12776917 0.12776917 0.12776917 0.3511126 0.0 0.0 0.0 0.0 0.0 0.0 0.0 0.0 0.3511126 0.3511126 0.3511126 0.0 0.12776908 0.0 0.0 0.0 0.0 0.0 0.0 0.0 0.0 0.0 0.0 0.12776908 0.12776908 0.12776908 0.0 0.0 0.0 0.0 0.009496739 0.0 0.0 0.0 0.0 0.0 0.0 0.0 0.0 0.12776908 1.4543622 1.4543622 1.4543622 0.046750244 0.046750244 0.046750244 0.0 0.12776908 0.12776908
0.10525096 0.10525096 0.7832814 0.7832814 0.7832814 0.5106301 0.5106301 0.5106301 0.5106301 0.5106301 1.4543562 0.04674983 0.04674983 0.04674983 0.0 0.0 0.0 0.0 0.0 0.0 0.0 0.0 0.0 0.12776698 0.12776698 0.12776698 0.12776698 0.12776698 0.3511064 0.0 0.0 0.0 0.0 0.0 0.0 0.0 0.0 0.0 0.0 0.0 0.0 0.0 0.0 0.3511064 0.0 0.0 0.0 0.0 0.0 0.0 0.0 0.0 0.0 0.0 0.0 0.0 0.0 0.0 0.0 0.0 0.0 0.0 0.0 0.0 0.0 0.0 0.0 0.0 0.0 0.0 0.04674977 0.7353701 0.7353701 0.7353701 0.04674977 0.0 0.12776707 0.12776707
0.1052505 0.7832792 0.7832792 0.3866921 0.38669202 0.5106282 0.5106282 0.5106282 0.5106282 0.5106282 0.046749365 0.046749365 0.046749365 0.046749365 0.046749365 0.046749365 0.0 0.0 0.0 0.0 0.0 0.0 0.12776536 0.12776536 0.12776536 0.12776536 0.12776536 0.12776536 0.0 0.0 0.0 0.0 0.0 0.0 0.0 0.0 0.0 0.12776536 0.12776536 0.0 0.0 0.0 0.0 0.35109925 0.0 0.0 0.0 0.0 0.0 0.0 0.0 0.12776527 0.0 0.0 0.0 0.0 0.0 0.0 0.0 0.0 0.0 0.0 0.0 0.0 0.0 0.0 0.0 0.0 0.0 0.0 0.0 0.0 0.0 0.04674934 0.04674934 0.0 0.0 0.12776518
0.01090205 0.01090205 0.38668948 0.01090205 0.38668948 0.12776317 0.12776317 0.12776317 0.12776317 0.12776317 0.12776317 0.12776317 0.5106261 0.046748947 1.4543417 0.046748925 0.046748925 0.0 0.0 0.0 0.0 0.0 0.12776317 0.12776317 0.12776317 0.12776317 0.12776317 0.12776317 0.0 0.0 0.0 0.0 0.0 0.0 0.0 0.0 0.0 0.12776317 0.12776317 0.12776317 0.0 0.12776317 0.0 0.12776317 0.0 0.0 0.0 0.0 0.0 0.0 0.0 0.12776317 0.0 0.0 0.0 0.0 0.0 0.0 0.0 0.0 0.0 0.0 0.0 0.0 0.0 0.0 0.0 0.0 0.0 0.0 0.0 0.0 0.0 0.0 0.0 0.0 0.0 0.0
0.0109019065 0.0109019065 1.1093545 1.1093545 0.0109019065 0.12776117 0.12776117 0.12776117 0.12776117 0.12776117 0.12776117 0.12776117 0.12776117 0.04674847 0.04674847 1.454335 0.04674847 0.04674846 0.04674846 0.0 0.0 0.0 0.12776107 0.12776107 0.12776107 0.12776107 0.12776107 0.12776107 0.0 0.34664428 0.34664428 0.0 0.0 0.0 0.0 0.0 0.0 0.0 0.12776107 0.12776107 0.12776107 0.12776107 0.0 0.0 0.12776107 0.0 0.0 0.0 0.0 0.0 0.0 0.12776107 0.0 0.0 0.0 0.0 0.0 0.0 0.0 0.0 0.0 0.0 0.0 0.0 0.0 0.0 0.0 0.0 0.0 0.0 0.0 0.0 0.0 0.0 0.0 0.0 0.0 0.0
0.010901835 0.010901835 1.1093433 1.1093433 0.010901835 0.12775935 0.12775935 0.12775935 0.12775935 0.12775935 0.12775935 0.12775935 0.12775935 0.0 0.0 0.12775935 0.51062226 0.51062226 0.51062226 0.04674802 0.0 0.0 0.0 0.0 0.12775916 0.12775916 0.12775916 0.12775916 0.0 0.0 0.0 0.0 0.0 0.0 0.0 0.0 0.0 0.0 0.12775907 0.12775907 0.12775907 0.0 0.0 0.0 0.0 0.0 0.0 0.0 0.0 0.0 0.0 0.12775907 0.0 0.0 0.0 0.0 0.0 0.0 0.0 0.0 0.0 0.0 0.0 0.0 0.0 0.0 0.0 0.0 0.0 0.0 0.0 0.0 0.0 0.0 0.0 0.0 0.0 0.0
0.01090174 0.01090174 0.68652046 0.01090174 0.01090174 0.0 0.51062036 0.12775725 0.12775716 0.12775716 0.12775716 0.12775707 0.12775707 0.35107398 0.35107398 0.12775707 0.12775707 0.12775707 0.12775707 0.0 0.0 0.0 0.0 0.0 0.0 0.12775707 0.12775707 0.12775707 0.12775707 0.0 0.0 0.0 0.0 0.0 0.0 0.0 0.0 0.0 0.0 0.12775707 0.12775707 0.0 0.0 0.0 0.0 0.12775707 0.0 0.0 0.0 0.0 0.0 0.0 0.0 0.0 0.0 0.0 0.0 0.0 0.0 0.0 0.0 0.0 0.0 0.0 0.0 0.0 0.0 0.0 0.0 0.0 0.0 0.0 0.0 0.0 0.0 0.0 0.0 0.0
0.010901645 0.010901645 0.68651724 0.68651724 0.010901645 0.12775517 0.5106186 0.5106186 0.5106186 0.12775517 0.12775517 0.35106802 0.0 0.12775517 0.12775517 0.12775517 0.12775517 0.12775517 0.0 0.048285246 0.0 0.0 0.0 0.0 0.0 0.0 0.12775517 0.12775517 0.12775506 0.0 0.0 0.0 0.0 0.0 0.0 0.0 0.0 0.0 0.0 0.12775506 0.12775506 0.12775506 0.0 0.0 0.0 0.0 0.0467471 0.0467471 0.0467471 0.0 0.0 0.0 0.0 0.0 0.0 0.0 0.0 0.0 0.0 0.0 0.0 0.0 0.0 0.0 0.0 0.0 0.0 0.0 0.0 0.0 0.0 0.0 0.0 0.0 0.0 0.0 0.0 0.0
0.010901526 0.010901526 1.1093104 1.1093104 1.1093104 0.12775335 0.51061654 0.51061654 0.51061654 0.51061654 0.12775335 0.35106134 0.12775335 0.12775335 0.12775335 0.12775335 0.0 0.0 0.35106134 0.12775335 0.12775335 0.0 0.0 0.0 0.0 0.0 0.0 0.0 0.12775326 0.0 0.0 0.0 0.0 0.0 0.0 0.0 0.0 0.0 0.0 0.12775315 0.12775315 0.12775315 0.0 0.0 0.0 0.046746656 0.046746656 0.51061654 0.046746656 0.0 0.0 0.0 0.12775315 0.0 0.0 0.0 0.0 0.0 0.0 0.0 0.0 0.0 0.0 0.0 0.0 0.0 0.0 0.0 0.0 0.0 0.0 0.0 0.0 0.0 0.0 0.0 0.0 0.0
0.0 0.0 0.0 0.0 0.025669955 0.0050212857 0.0050212857 0.28747907 0.28747907 0.0050212857 0.0050212857 0.0050212857 0.0050212857 0.0050212857 0.0050212857 0.0050212857 0.0050212857 0.0050212857 0.0050212857 0.0050212857 0.0050212857 0.0050212857 0.0050212857 0.0 0.0 0.0 0.0 0.0 0.0 0.0 0.0 0.0 0.0 0.0 0.0 0.0 0.0 0.0 0.0 0.0 0.0 0.0050212857 0.0 0.0050212857 0.0 0.0050212857 0.28747895 0.28747895 0.28747895 0.28747895 0.2874789 0.0 0.005021095 0.005021095 0.13258803 0.0 0.0 0.0 0.0 0.0 0.0 0.0 0.0 0.0 0.0 0.0 0.0 0.0 0.0 0.0 0.0 0.0 0.0 0.0 0.0 0.0 0.0 0.0
0.0 0.0 0.0 0.0 0.025668237 0.0050196643 0.0050196643 0.0050196643 0.0050196643 0.0050196643 0.0050196643 0.0 0.0050195693 0.0050195693 0.0050195693 0.0050195693 0.0050195693 0.0050195693 0.0050195693 0.0050195693 0.0050195693 0.0050195693 0.0050195693 0.0050195693 0.0050195693 0.0 0.0 0.0 0.0 0.0050195693 0.0 0.0050195693 0.0 0.0 0.0 0.0 0.0 0.0 0.0 0.0 0.0 0.0050195693 0.0050195693 0.0050195693 0.0050195693 0.0 0.0 0.28747723 0.28747723 0.28747723 0.28747723 0.0 0.0050195693 0.0050195693 0.0050195693 0.0050195693 0.0 0.0 0.0 0.0 0.0 0.0 0.0 0.0 0.0 0.0 0.0 0.0 0.0 0.0 0.0 0.0 0.0 0.0 0.0 0.0 0.0 0.0
0.0 0.0 0.0 0.0 0.0 0.0050180433 0.0050180433 0.0050180433 0.0050180433 0.0050180433 0.0050180433 0.0050180433 0.0050180433 0.0050180433 0.0 0.0050180433 0.0050180433 0.0050180433 0.0050180433 0.0050180433 0.0050180433 0.0050180433 0.0050180433 0.0050180433 0.0050180433 0.0050180433 0.0 0.0 0.0 0.0050180433 0.0050180433 0.0050180433 0.0 0.0 0.0 0.0 0.0 0.0 0.0 0.0 0.0 0.0 0.0050180433 0.0050180433 0.0 0.0 0.0 0.0 0.0050180433 0.0050180433 0.0050180433 0.0 0.0050180433 0.0 0.0050180433 0.0050180433 0.0 0.0 0.0 0.0 0.0 0.0 0.0 0.0 0.0 0.0 0.0 0.0 0.0 0.0 0.0 0.0 0.0 0.0 0.0 0.0 0.0 0.0
0.0 0.0 0.0 0.0 0.025664996 0.0050165174 0.0050165174 0.0050165174 0.0050165174 0.0050165174 0.0050165174 0.0050165174 0.0050165174 0.0050165174 0.0050165174 0.0 0.0 0.0 0.287474 0.0050165174 0.0050165174 0.0050165174 0.0050165174 0.0050165174 0.0050165174 0.0050165174 0.0050165174 0.287474 0.79097867 0.287474 0.0050165174 0.0050165174 0.0050165174 0.0050165174 0.0 0.0 0.0 0.0 0.0 0.0 0.0 0.0 0.0 0.0050165174 0.0 0.0 0.0 0.0 0.0 0.0 0.0 0.0 0.0 0.0 0.0 0.0 0.005016422 0.0 0.0 0.0 0.0 0.0 0.0 0.0 0.0 0.0 0.0 0.0 0.0 0.0 0.0 0.0 0.0 0.0 0.0 0.0 0.0 0.0
0.0 0.0 0.025663374 0.025663374 0.025663374 0.0050149914 0.0050149914 0.1325804 0.0050149914 0.0050149914 0.0050149914 0.0050149914 0.0050149914 0.0050149914 0.0050149914 0.0050149914 0.0 0.0 0.0070436373 0.0070436373 0.0070436373 0.0050149914 0.0050149914 0.0050149914 0.005014801 0.005014801 0.005014801 0.28747243 0.7909734 0.28747243 0.28747243 0.005014801 0.005014801 0.0 0.0 0.0 0.0 0.0 0.0 0.0 0.0 0.0 0.0 0.005014801 0.005014801 0.0 0.0 0.0 0.0 0.0 0.0 0.0 0.0 0.0 0.0 0.0 0.005014801 0.005014801 0.0 0.0 0.0 0.0 0.0 0.0 0.0 0.0 0.005014801 0.005014801 0.005014801 0.0 0.0 0.0 0.0 0.0 0.0 0.0 0.0 0.0
0.0 0.0 0.025661753 0.025661753 0.025661753 0.0050133704 0.2874708 0.0050133704 0.0050133704 0.0 0.0050133704 0.0050133704 0.0050133704 0.0 0.0050133704 0.0050133704 0.0050133704 0.0050133704 0.7909684 0.7909684 0.007043256 0.28747073 0.28747073 0.28747073 0.28747073 0.28747073 0.28747073 0.28747073 0.7909684 0.7909684 0.28747073 0.28747073 0.28747073 0.005013275 0.0 0.0 0.0 0.0 0.0 0.0 0.0 0.0 0.0 0.0 0.0 0.0 0.0 0.0 0.0 0.0 0.0 0.0 0.0 0.0 0.0 0.0 0.0050131795 0.0050131795 0.0050131795 0.0050131795 0.0050131795 0.0050131795 0.0050131795 0.0 0.0 0.0050131795 0.0050131795 0.0050131795 0.0050131795 0.0050131795 0.0 0.0 0.0 0.0 0.0 0.0 0.0 0.0
0.0 0.0 0.025660131 0.025660131 0.025660131 0.0050116535 0.0050116535 0.0050116535 0.0050116535 0.0050116535 0.0050116535 0.0050116535 0.0050116535 0.0050116535 0.0050116535 0.0050116535 0.0050116535 0.0050116535 0.0050116535 0.0050116535 0.28746918 0.28746918 0.28746918 0.7909632 0.7909632 0.28746918 0.7909632 0.7909632 0.7909632 0.7909632 0.7909632 0.7909632 0.28746918 0.28746918 0.0070428867 0.7909632 0.0 0.0 0.0 0.0 0.0 0.0 0.0 0.0 0.0 0.0 0.0 0.0 0.0 0.0 0.0 0.0 0.0 0.0 0.0 0.0 0.0050116535 0.0050116535 0.0050116535 0.0050116535 0.0050116535 0.005011558 0.005011558 0.005011463 0.005011463 0.005011463 0.005011463 0.005011463 0.005011463 0.005011463 0.0 0.0 0.0 0.0 0.0 0.0 0.0 0.0
0.0 0.0 0.0 0.02565851 0.02565851 0.0050101276 0.0050100326 0.0050100326 0.0050100326 0.28746745 0.28746745 0.28746745 0.0050100326 0.0050100326 0.0050100326 0.0050100326 0.0050100326 0.13257408 0.0050100326 0.0050100326 0.0050100326 0.0050100326 0.0050100326 0.28746745 0.7909584 0.007042493 0.007042493 0.007042493 0.7909584 0.7909584 0.7909584 0.7909584 0.79095817 0.79095817 0.79095817 0.79095817 0.0 0.13257408 0.13257408 0.13257408 0.13257408 0.0 0.0 0.0 0.0 0.0 0.0 0.0 0.0 0.0 0.0 0.0 0.0 0.0 0.0 0.0 0.0 0.0 0.0050100326 0.0050100326 0.0050100326 0.0050100326 0.0050100326 0.0050100326 0.0050100326 0.0050100326 0.0050100326 0.0050100326 0.0050100326 0.0 0.0 0.0 0.0 0.0 0.0 0.0 0.0 0.0
0.12440908 0.12440908 0.0 0.065758415 0.025656985 0.005008602 0.005008602 0.005008602 0.005008602 0.005008602 0.4406457 0.287466 0.005008602 0.005008602 0.005008602 0.005008602 0.005008602 0.005008602 0.005008602 0.005008602 0.005008602 0.005008602 0.005008602 0.005008602 0.005008602 0.0 0.0 0.0 0.7909527 0.7909527 0.7909527 0.7909527 0.7909527 0.7909527 0.7909527 0.7909527 0.7909527 0.44064552 0.007042147 0.0 0.0 0.0 0.0 0.0 0.0 0.0 0.0 0.0 0.0 0.0 0.0 0.0 0.0 0.0 0.0 0.0 0.0 0.0 0.0 0.0 0.0 0.005008411 0.005008411 0.005008411 0.005008411 0.005008411 0.005008411 0.005008411 0.0 0.0 0.0 0.0 0.0 0.0 0.0 0.0 0.0 0.0
0.12440705 0.12440705 0.0 0.0 0.025655268 0.0050069806 0.0050069806 0.0050069806 0.28746426 0.28746426 0.44064367 0.79094744 0.0 0.0 0.0 0.0 0.13257027 0.0050069806 0.0050069806 0.0050069806 0.0050069806 0.0050069806 0.0050069806 0.0050069806 0.0 0.0 0.0 0.0 0.79094744 0.79094744 0.79094744 0.79094744 0.79094744 0.79094744 0.79094744 0.4406435 0.0070417896 0.0070417896 0.0070417896 0.0 0.0 0.0 0.0 0.0 0.0 0.0 0.0 0.0 0.0 0.13257003 0.13257003 0.0 0.0 0.0 0.0 0.0 0.0 0.0 0.0 0.0 0.0 0.0 0.0 0.0 0.0 0.005006885 0.005006885 0.005006885 0.0 0.0 0.0 0.0 0.0 0.0 0.0 0.0 0.0 0.0
0.12440491 0.12440491 0.12440491 0.0 0.025653647 0.005005359 0.005005359 0.0 0.79094243 0.44064146 0.44064146 0.79094243 0.0 0.13256812 0.13256812 0.13256812 0.005005359 0.005005359 0.005005359 0.005005359 0.005005359 0.005005359 0.005005359 0.0 0.0 0.0 0.0 0.0 0.79094243 0.79094243 0.79094243 0.79094243 0.79094243 0.79094243 0.79094243 0.44064146 0.0070413966 0.0070413966 0.0070413966 0.0 0.0 0.0 0.0 0.0 0.0 0.0 0.0 0.0 0.0 0.132568 0.0 0.0 0.0 0.0 0.0 0.0 0.0 0.0 0.0 0.0 0.0 0.0 0.0 0.0 0.3124953 0.0050051687 0.0050051687 0.0050051687 0.0050051687 0.0050051687 0.0 0.0 0.0 0.0 0.0 0.0 0.0 0.0
0.0 0.12440276 0.0 0.0 0.025651835 0.005003738 0.005003738 0.0 0.79093766 0.79093766 0.7909374 0.7909374 0.7909374 0.1325661 0.1325661 0.1325661 0.1325661 0.005003738 0.005003738 0.005003738 0.005003738 0.005003738 0.0 0.0 0.0 0.0 0.0 0.005003738 0.7909374 0.7909374 0.7909374 0.7909374 0.7909374 0.7909374 0.28746104 0.005003738 0.28746104 0.0070410147 0.0070410147 0.0 0.0 0.0 0.0 0.0070410147 0.0 0.0 0.0 0.0 0.0 0.0 0.0 0.0 0.0 0.0 0.0 0.0 0.0 0.0 0.0 0.0 0.0 0.0 0.31249163 0.31249163 0.31249163 0.31249163 0.0050036428 0.0050035473 0.0050035473 0.0050035473 0.0 0.0 0.0 0.0 0.0 0.0 0.0 0.0
0.0 0.0 0.0 0.0 0.0 0.0 0.0 0.0 0.0 0.7909324 0.7909324 0.7909324 0.7909324 0.1325643 0.1325643 0.1325643 0.13256419 0.13256419 0.0050022122 0.0050022122 0.0050022122 0.0050022122 0.0 0.0 0.0050022122 0.0050022122 0.0050022122 0.0050022122 0.79093194 0.79093194 0.79093194 0.79093194 0.79093194 0.79093194 0.0050022122 0.0050022122 0.0050022122 0.28745925 0.0 0.0 0.0 0.0 0.007040645 0.007040645 0.007040645 0.0 0.0 0.0 0.0 0.0 0.0 0.0 0.0 0.0 0.0 0.0 0.0 0.0 0.0 0.0 0.0 0.0 0.0 0.0 0.31248796 0.31248796 0.31248796 0.0050020213 0.0050020213 0.0050020213 0.0050020213 0.0 0.0 0.0 0.0 0.0 0.0 0.0
0.0 0.0 0.0 0.0 0.0 0.0 0.0 0.0 0.0 0.0 0.7909272 0.7909272 0.7909272 0.1325624 0.1325624 0.1325624 0.1325624 0.1325624 0.1325624 0.0050006863 0.0050006863 0.0050006863 0.0050006863 0.0 0.0050006863 0.0050006863 0.0050006863 0.0050006863 0.0050006863 0.28745776 0.28745764 0.0 0.79092693 0.0 0.005000591 0.005000591 0.005000591 0.005000591 0.005000591 0.005000591 0.0 0.007040276 0.007040276 0.007040276 0.007040276 0.0 0.0 0.0 0.0 0.0 0.0 0.0 0.0 0.0 0.0 0.0 0.0 0.0 0.0 0.0 0.0 0.0 0.0 0.0 0.31248426 0.31248426 0.31248426 0.31248426 0.005000496 0.005000496 0.005000496 0.005000496 0.0 0.0 0.0 0.0 0.13256204 0.13256204
0.0 0.0 0.0 0.0 0.0 0.0 0.0 0.0 0.0 0.0 0.7909224 0.7909224 0.7909224 0.13256025 0.13256025 0.13256025 0.13256025 0.13256025 0.13256025 0.0049990653 0.0049990653 0.0049990653 0.0049990653 0.13256025 0.0049990653 0.0049990653 0.0049990653 0.0049990653 0.0049990653 0.0049990653 0.00499897 0.00499897 0.00499897 0.0 0.00499897 0.00499897 0.00499897 0.00499897 0.00499897 0.00499897 0.007039918 0.007039918 0.007039918 0.007039918 0.007039918 0.007039918 0.0 0.0 0.0 0.0 0.0 0.0 0.0 0.0 0.0 0.0 0.0 0.0 0.0 0.0 0.0 0.0 0.0 0.0 0.0 0.31248045 0.31248045 0.31248045 0.31248045 0.0049988744 0.0049988744 0.0049988744 0.0049988744 0.0049988744 0.0 0.0 0.0 0.0
0.0 0.0 0.0 0.0 0.0 0.0 0.0 0.0 0.13255835 0.0 0.79091644 0.79091644 0.79091644 0.13255835 0.13255835 0.13255835 0.13255835 0.13255835 0.0049975393 0.0049975393 0.0049975393 0.0049975393 0.0049975393 0.13255835 0.13255835 0.0049975393 0.0049975393 0.0049975393 0.0049975393 0.0049975393 0.0049975393 0.0049975393 0.0049975393 0.0049975393 0.0049975393 0.0 0.0049975393 0.0049975393 0.0049975393 0.0049975393 0.0070395246 0.0070395246 0.0070395246 0.0070395246 0.0070395246 0.0 0.0 0.0 0.0 0.0 0.0 0.0 0.0 0.0 0.0 0.0 0.0 0.0 0.0 0.0 0.0 0.0 0.0 0.0 0.0 0.3124771 0.3124771 0.3124771 0.3124771 0.0 0.0 0.004997253 0.004997253 0.004997158 0.004997158 0.004997158 0.0 0.0
