Export/ASCII/RMeteo_SP_inch/impervious0/net_infiltration_2017_SP3_inch.asc
ncols         660
nrows         338
xllcorner     1476100.0
yllcorner     5017100.0
cellsize      100
NODATA_value  -9.9000000089461e-20
[rows 0 to 35 of 338, columns 243 to 323 of 660]
0.082594976 0.0 0.0 0.0 0.0 0.30685985 1.7458065 1.7458065 1.7458065 1.7458065 1.7458065 1.7458065 1.7458065 1.7458065 1.7458065 5.1726947 5.1726947 1.7458065 0.082594976 0.0 0.0 0.082594976 0.0 0.0 0.0 0.0 0.0 0.0 0.082594976 0.082594976 0.082594976 0.082594976 0.08259493 0.96635073 0.08259493 0.08259493 1.7458065 2.988967 1.7458065 2.3804703 2.3804703 1.7458065 2.3804703 2.3804703 2.3804703 1.7458065 1.7458065 1.7458065 1.7458065 1.7458065 1.7458065 1.7458065 1.7458065 1.7458065 1.7458065 1.7458065 0.9663507 0.9663507 0.9663507 0.9663507 0.9663507 0.9663507 0.9663507 0.0 0.0 0.0 0.0 0.0 0.0 0.0 0.0 0.0 0.0 0.014461756 0.0 0.0 0.0 0.0 0.0 0.0 0.0
0.082593404 0.9663428 1.0774881 0.082593404 0.9663428 1.745795 5.1726866 5.1726866 1.745795 1.745795 0.9663428 0.9663428 1.9537997 1.745795 0.082593404 5.1726866 5.1726866 1.745795 0.082593404 0.082593404 0.082593404 0.082593404 0.082593404 0.082593404 0.0 0.0 0.0 0.0 0.0 0.0 0.0 0.0 0.082593404 0.082593404 1.745795 1.745795 1.745795 2.988954 1.745795 2.3804698 1.5152522 1.5152522 2.3804698 2.3804698 2.3804698 1.745795 1.745795 1.745795 1.745795 1.745795 1.745795 1.745795 1.745795 1.745795 1.745795 1.745795 1.745795 2.8214679 0.9663426 1.745795 1.745795 2.9889538 0.9663426 0.0 0.0 0.0 0.0 0.0 0.0 0.0 0.0 0.0 0.0 0.0 0.0 0.0 0.0 0.0 0.0 0.0 0.0
0.9663344 0.9663344 0.71786165 1.5152419 1.7457833 1.7457833 5.172677 5.172677 1.7457833 1.7457833 0.9663344 0.9663344 1.9537847 1.5152419 1.5152419 1.7457833 5.172677 1.7457833 1.7457833 2.9889407 5.172677 0.08259182 0.08259182 0.08259182 0.08259182 0.08259182 0.0 0.0 0.0 0.0 0.0 0.0 0.08259182 0.08259182 0.08259182 1.7457833 1.7457833 1.7457833 1.7457833 1.7457833 1.5152416 1.5152416 0.9663343 0.9663343 2.3804686 1.7457833 1.7457833 1.7457833 1.7457833 1.7457833 1.7457833 1.7457833 1.7457833 1.7457833 1.7457833 1.7457833 1.7457833 0.9663343 0.9663343 1.7457833 1.7457833 2.9889407 0.32330942 0.32330942 0.0 0.0 0.0 0.0 0.0 0.0 0.0 0.0 0.0 0.0 0.0 0.0 0.0 0.0 0.0 0.0 0.0
0.966326 0.966326 1.5152313 1.5152313 1.5152313 0.966326 5.1726694 1.7457712 1.7457712 0.966326 0.966326 2.3804684 1.9537699 1.5152313 1.5152313 0.082590215 1.7457712 1.7457712 1.7457712 1.7457712 1.7457712 2.9889283 3.9072332 0.082590215 0.082590215 0.082590215 0.082590215 0.0 0.0 0.0 0.082590215 0.082590215 0.082590215 0.08259019 0.966326 0.966326 1.7457712 1.7457712 1.7457712 2.9889283 1.7457712 1.7457712 1.5152313 1.7457712 2.9889278 1.7457712 1.7457712 1.7457712 1.7457712 1.7457712 1.7457712 1.8580639 1.7457712 1.7457712 1.7457712 1.7457712 2.3804684 0.9663259 0.9663259 1.7457712 5.1726685 1.5152313 0.014460683 0.32329702 0.0 0.0 0.0 0.0 0.0 0.0 0.0 0.0 0.0 0.014460683 0.0 0.0 0.0 0.0 0.0 0.0 0.0
1.7457602 5.1726613 1.5152217 1.5152217 1.5152217 0.9663182 1.7457602 2.9889154 2.9889154 0.9663182 0.9663182 2.3804674 2.3804674 0.96631813 0.08258871 0.08258871 1.7457602 1.7457602 1.7457602 1.7457602 1.7457602 1.7457602 1.7457602 1.7457602 1.7457602 0.08258871 0.08258871 0.0 0.0 0.0 0.08258871 0.08258871 0.08258871 0.966318 0.966318 0.966318 1.7457602 1.7457602 1.7457602 2.9889147 1.5152216 1.5152216 1.5152216 1.7457602 2.9889147 2.9889147 2.9889147 2.9889147 1.7457602 2.9889147 2.9889147 1.7457597 1.7457597 1.7457597 1.7457597 0.082588635 0.082588635 2.3804674 2.9889143 2.9889143 5.172661 1.5152211 0.014460564 0.0 0.0 0.0 0.0 0.0 0.30685902 0.0 0.0 0.0 0.0 0.0 0.0 0.0 0.0 0.0 0.0 0.0 0.0
1.7457483 5.172651 1.5152106 1.5152106 5.172651 1.7457483 1.7457483 2.988902 2.988902 0.96630967 0.96630967 0.96630967 2.3804672 0.0 0.0 0.0 1.745748 1.745748 1.745748 1.745748 1.745748 1.745748 1.745748 1.745748 1.745748 2.4791598 0.082587086 0.082587086 0.082587086 0.082587086 0.082587086 0.082587086 1.5152106 0.9663096 0.9663096 0.9663096 0.9663096 1.8580408 1.745748 1.745748 1.745748 1.745748 1.745748 1.745748 2.988902 2.988902 2.988902 2.988902 1.745748 2.988902 2.988902 1.745748 2.9889019 1.745748 1.745748 0.082587086 0.082587086 2.3804672 2.9889019 5.172651 5.172651 5.172651 0.32327318 0.0 0.0 0.0 0.0 0.0 0.0 0.0 0.0 0.0 0.0 0.0 0.0 0.0 0.0 0.0 0.0 0.0 0.0
1.7457368 1.5152004 1.5152004 1.5152004 1.5152004 1.7457368 0.9663014 0.9663014 0.08258555 0.9663014 0.9663014 0.9663014 2.380466 0.08258555 0.0 0.0 1.7457368 1.7457368 1.7457368 1.8580296 1.7457368 1.7457368 1.7457368 1.7457368 1.7457368 1.5152004 1.5152004 0.9663013 0.9663013 0.9663013 0.9663013 0.08258555 0.9663013 1.162697 0.9663013 0.9663013 0.9663013 0.9663013 1.7457368 1.7457368 1.7457366 1.7457366 1.7457366 1.7457366 2.988889 1.5152004 1.5152004 1.7457366 1.7457366 2.988889 2.988889 1.7457366 2.9888887 1.7457366 3.9071994 0.08258551 0.08258551 0.08258551 1.5152001 5.1726427 5.1726427 5.1726427 2.9888887 0.32326078 0.0 0.0 0.0 0.0 0.0 0.0 0.0 0.0 0.0 0.0 0.0 0.0 0.0 0.0 0.0 0.0 0.0
1.5151904 1.5151904 1.5151904 1.5151904 1.5151904 0.08258397 0.08258397 0.0 0.08258397 0.96629345 0.96629345 0.96629345 0.96629345 0.08258397 0.0 0.0 1.7457242 1.7457242 1.7457242 1.7457242 1.7457242 1.7457242 1.7457242 1.7457242 1.7457242 1.7457242 1.7457242 0.96629345 0.96629345 0.96629345 1.162689 0.96629345 0.96629345 0.30685833 0.96629333 0.96629333 0.96629333 0.96629333 1.7457242 1.7457242 1.7457242 1.7457242 1.7457242 1.7457242 1.5151901 1.5151901 1.5151899 1.7457242 1.5151899 1.5151899 1.7457242 1.7457242 1.7457242 2.9888756 2.9888756 1.7457242 0.96629304 0.96629304 1.7457242 2.9888756 1.7457242 1.7457242 4.149126 0.3232479 0.0 0.0 0.0 0.0 0.0 0.0 0.0 0.0 0.0 0.0 0.0 0.0 0.0 0.0 0.0 0.0 0.029567242
1.5151799 1.5151799 1.5151799 1.5151799 1.7457137 0.082582414 0.0 0.0 0.0 0.0 0.30685785 0.9662849 0.9662849 1.5151799 0.082582414 0.0 1.7457137 1.7457137 1.7457137 1.7457137 1.7457137 1.7457137 1.7457137 0.9662849 1.7457137 1.7457137 0.9662849 0.9662848 0.9662848 0.30685785 0.30685785 0.30685785 0.30685785 0.30685785 0.9662848 0.9662848 1.7457137 0.9662848 0.9662848 5.172625 5.172625 0.08258236 0.08258236 0.08258236 1.7457137 1.5151795 1.5151795 1.7457135 0.08258236 1.5151795 1.7457135 1.7457135 1.7457132 1.7457132 1.7457132 1.7457132 0.96628445 0.96628445 0.96628445 1.5151794 1.5151794 1.5151794 1.7457132 0.0 0.0 0.0 0.0 0.0 0.0 0.0 0.0 0.0 0.0 0.0 0.0 0.0 0.0 0.0 0.0 0.029208183 0.031101704
0.08258084 0.08258084 1.7457016 1.7457016 1.7457016 0.08258084 0.08258084 0.0 0.0 0.0 0.0 0.96627676 0.96627676 0.96627676 1.5151696 1.5151696 1.7457016 1.7457016 1.5151696 1.5151696 0.0825808 0.0825808 0.0825808 0.9662767 1.7457016 0.0825808 0.9662767 0.30685765 0.30685765 0.30685765 0.30685765 0.30685765 0.30685765 1.1626722 0.9662767 0.9662767 0.9662767 0.0825808 0.0825808 0.0825808 0.0825808 0.082580775 0.082580775 0.082580775 1.7457013 1.5151696 1.5151696 1.7457013 0.082580775 0.082580775 0.082580775 0.082580775 0.082580775 5.172616 1.7457011 1.9536804 0.9662765 0.9662765 0.9662765 0.71780074 1.5151694 1.5151694 1.7457011 0.0 0.0 0.0 0.0 0.0 0.0 0.0 0.0 0.0 0.0 0.0 0.0 0.0 0.0 0.0 0.0 0.030397415 0.029202461
0.08257924 1.5151589 1.7456903 1.7456903 0.08257924 0.08257924 0.08257924 0.0 0.0 0.0 0.0 0.9662685 0.9662685 1.5151589 1.5151589 1.5151589 1.5151589 0.08257924 1.5151589 1.5151589 0.08257924 0.08257924 0.08257924 0.08257924 0.08257924 0.08257924 0.08257924 0.0 0.0 0.0 0.30685747 0.0 0.0 0.96626836 0.96626836 0.96626836 0.96626836 0.082579225 0.082579225 0.082579225 0.082579225 0.082579225 0.082579225 0.082579225 1.7456901 1.7456901 1.5151588 1.7456901 0.082579225 0.082579225 0.0 0.082579225 0.96626824 0.96626824 1.7456901 1.9536649 0.96626824 0.9662682 0.9662682 0.71779203 1.5151588 1.5151588 0.0 0.0 0.0 0.0 0.0 0.0 0.0 0.0 0.0 0.0 0.0 0.0 0.0 0.0 0.0 0.0 0.0 0.0 0.02919674
1.7456784 1.5151486 0.08257765 0.08257765 0.08257765 0.08257765 0.08257765 0.0 0.0 0.0 0.30685717 0.9662602 0.9662602 1.5151486 1.5151486 1.5151486 0.08257765 0.08257765 0.08257765 0.08971488 0.08257765 0.08257765 0.08257765 0.0 0.0 0.08257765 0.08257765 0.0 0.0 0.0 0.0 0.0 0.0 0.08257765 0.08257765 0.08257765 0.08257765 0.08257765 0.15074277 0.08257765 0.08257765 0.08257765 0.08257765 0.08257765 0.08257765 1.7456782 1.5151486 1.7456782 0.08257763 0.08257763 0.08257763 0.08257763 0.96625984 0.96625984 0.96625984 0.96625984 0.96625984 0.96625984 0.96625984 1.5151486 1.5151486 1.5151486 0.01445806 0.0 0.0 0.0 0.0 0.0 0.0 0.0 0.0 0.0 0.0 0.0 0.0 0.0 0.0 0.0 0.0 0.0 0.03038454
0.082576044 0.082576044 0.082576044 0.0 0.0 0.082576044 0.0 0.0 0.0 0.0 0.0 0.96625173 0.96625173 5.172591 1.5151384 1.5151384 0.082576044 0.082576044 0.082576044 0.082576044 0.082576044 0.082576044 0.082576044 0.0 0.0 0.082576044 0.082576044 0.0 0.0 0.0 0.0 0.0 0.0 0.0 0.0 0.0 0.0 0.0 0.0 0.0 0.0 0.082576044 0.082576044 0.082576044 0.082576044 1.745667 0.96625173 0.96625173 0.96625173 0.082576044 0.96625173 0.96625173 0.306857 0.96625173 0.96625173 0.96625173 0.082576044 0.0 0.08257603 0.9662516 1.7456667 0.014457822 0.014457822 0.0 0.0 0.0 0.0 0.0 0.0 0.0 0.0 0.0 0.0 0.32318735 0.0 0.0 0.0 0.0 0.0 0.0 0.031336308
0.0 0.0 0.0 0.0 0.0 0.06006879 0.0 0.0 0.0 0.0 0.54288316 1.7981515 1.7981515 1.7981515 0.84497476 0.84497476 0.06006879 0.06006879 0.06006879 0.06006879 0.06006879 0.06006879 0.0 0.0 0.0 0.05304724 0.0 0.0 0.0 0.0 0.0 0.0 0.0 0.0 0.0 0.0 0.0 0.0 0.0 0.0 0.0 0.0 0.0 0.0 0.06006879 0.55950856 0.55950856 0.55950856 0.55950856 0.2564019 0.55950856 0.55950856 0.55950856 0.49762952 0.55950856 0.55950856 0.06006879 0.0 0.06006879 0.55950856 0.0 0.0 0.0 0.0 0.0 0.0 0.0 0.0 0.0 0.0 0.0 0.0 0.0 0.0 0.0 0.0 0.0 0.0 0.0 0.0 0.0
0.0 0.0 0.0 0.0 0.06006879 0.06006879 0.0 0.0 0.0 0.0 0.0 0.06006879 0.06006879 1.7981467 0.8449745 0.8449745 0.06006879 0.06006879 0.06006879 0.06006879 0.06006879 0.06006879 0.06006879 0.0 0.0 0.06006879 0.0 0.0 0.0 0.0 0.0 0.0 0.0 0.0 0.0 0.0 0.0 0.0 0.0 0.0 0.0 0.4148401 0.2564018 0.0 0.06006879 0.55950844 0.55950844 0.55950844 0.55950844 0.55950844 0.55950844 0.55950844 0.55950844 0.2564018 0.0 0.06006879 0.06006879 0.0 0.0 0.0 0.2564018 0.2564018 0.0 0.0 0.0 0.0 0.0 0.0 0.0 0.0 0.0 0.0 0.0 0.0 0.0 0.0 0.0 0.0 0.0 0.0 0.0
0.0 0.060068727 0.0 0.0 0.060068727 0.060068727 0.0 0.0 0.0 0.0 0.0 0.5595083 0.5595083 1.7981427 0.84497404 0.84497404 0.060068727 0.0 0.0 0.0 0.0 0.0 0.0 0.0 0.060068727 0.8481035 0.5208287 0.0 0.0 0.0 0.0 0.0 0.0 0.0 0.0 0.0 0.0 0.0 0.0 0.0 0.0 0.0 0.2564016 0.0 0.060068727 0.060068727 0.060068727 0.5595083 0.5595082 0.5595082 0.5595082 0.5595082 0.5595082 0.25640154 0.0 0.0 0.0 0.0 0.0 0.0 0.25640154 0.0 0.0 0.0 0.0 0.0 0.0 0.0 0.0 0.0 0.0 0.0 0.0 0.0 0.0 0.0 0.0 0.0 0.0 0.0 0.0
0.060068697 0.060068697 0.060068697 0.060068697 0.060068697 0.060068697 0.0 0.0 0.0 0.0 0.0 0.0 0.0 0.5595081 0.5595081 0.060068697 0.060068697 0.0 0.0 0.0 0.0 0.060068697 0.060068697 0.0 0.060068697 0.8481034 0.25640142 0.0 0.0 0.0 0.0 0.0 0.0 0.0 0.0 0.0 0.0 0.0 0.0 0.0 0.0 0.0 0.0 0.25640142 0.0 0.0 0.060068697 0.060068697 0.5595081 0.5595081 0.5595081 0.5595081 0.5595081 0.275658 0.0 0.0 0.0 0.0 0.0 0.25640142 0.0 0.0 0.0 0.0 0.0 0.0 0.0 0.0 0.0 0.0 0.0 0.0 0.0 0.0 0.0 0.0 0.0 0.0 0.0 0.0 0.0
0.060068656 0.060068656 0.060068656 0.060068656 1.7981339 0.060068656 0.0 0.060068656 0.060068656 0.0 0.0 0.0 0.0 0.25640133 0.25640133 0.0 0.060068656 0.0 0.060068656 0.060068656 0.060068656 0.060068656 0.060068656 0.060068656 0.060068656 0.8481033 0.55950797 0.25640133 0.25640133 0.25640133 0.0 0.0 0.0 0.0 0.0 0.0 0.0 0.0 0.0 0.0 0.0 0.0 0.0 0.0 0.0 0.0 0.0 0.0 0.25640133 0.25640133 0.25640133 0.25640133 0.25640133 0.25640133 0.25640133 0.25640133 0.0 0.0 0.0 0.25640133 0.0 0.0 0.0 0.0 0.0 0.0 0.0 0.0 0.0 0.0 0.0 0.0 0.0 0.0 0.0 0.0 0.0 0.0 0.0 0.0 0.0
0.060068622 0.060068622 0.84497285 0.060068622 0.060068622 0.060068622 0.55950785 0.55950785 0.060068622 0.0 0.0 0.0 0.0 0.25640115 0.0 0.0 0.0 0.0 0.060068622 0.060068622 0.060068622 0.060068622 0.060068622 0.060068622 0.060068622 0.060068622 0.25640115 0.25640115 0.0 0.25640115 0.25640115 0.25640115 0.25640115 0.0 0.0 0.0 0.0 0.0 0.25640115 0.25640115 0.0 0.0 0.0 0.0 0.0 0.0 0.060068622 0.55950785 0.25640115 0.25640115 0.25640115 0.25640115 0.25640115 0.25640115 0.25640115 0.25640115 0.0 0.0 0.0 0.0 0.0 0.0 0.0 0.0 0.0 0.0 0.0 0.0 0.0 0.0 0.0 0.0 0.0 0.0 0.0 0.0 0.0 0.0 0.0 0.0 0.0
0.55950785 0.55950785 0.55950785 0.060068596 0.060068596 0.55950785 0.55950785 0.55950785 0.060068596 0.0 0.0 0.0 0.0 0.0 0.0 0.0 0.0 0.0 0.060068596 0.060068596 0.060068596 0.060068596 0.060068596 0.060068596 0.0 0.060068596 0.060068596 0.060068596 0.55950785 0.25640103 0.25640103 0.25640103 0.25640103 0.25640103 0.0 0.0 0.0 0.0 0.25640103 0.0 0.0 0.0 0.0 0.0 0.0 0.0 0.060068596 0.5595077 0.25640103 0.25640103 0.25640103 0.25640103 0.25640103 0.25640103 0.25640103 0.25640103 0.0 0.0 0.25640103 0.0 0.0 0.0 0.0 0.0 0.0 0.0 0.0 0.0 0.0 0.0 0.0 0.0 0.0 0.0 0.0 0.0 0.0 0.0 0.0 0.0 0.0
0.55950755 0.55950755 0.55950755 0.060068563 0.060068563 0.55950755 1.1389582 0.55950755 0.060068563 0.0 0.0 0.0 0.060068563 0.060068563 0.060068563 0.060068563 0.060068563 0.060068563 0.060068563 0.8449724 0.8449724 0.8449724 0.060068563 0.0 0.0 0.0 0.0 0.060068563 0.55950755 0.55950755 0.25640085 0.25640085 0.25640085 0.0 0.0 0.0 0.0 0.0 0.0 0.0 0.0 0.0 0.0 0.060068563 0.060068563 0.55950755 0.060068563 0.55950755 0.26138592 0.25640085 0.25640085 0.25640085 0.25640085 0.25640085 0.25640085 0.25640085 0.0 0.0 0.25640085 0.0 0.0 0.0 0.0 0.0 0.0 0.0 0.0 0.0 0.0 0.0 0.0 0.0 0.0 0.0 0.0 0.0 0.0 0.0 0.0 0.0 0.0
0.5595074 0.5595074 0.060068525 0.060068525 0.060068525 0.5595074 0.5595074 0.5595074 0.0 0.0 0.0 0.0 0.060068525 0.060068525 1.1389577 0.8449719 0.5595074 0.84810257 0.84810257 0.8449719 0.8449719 0.8449719 0.060068525 0.060068525 0.0 0.060068525 0.060068525 0.060068525 0.8449719 1.7981164 0.8449719 0.0 0.0 0.060068525 0.060068525 0.060068525 0.0 0.0 0.0 0.0 0.0 0.0 0.0 0.060068525 0.060068525 0.060068525 0.060068525 0.060068525 0.25640076 0.25640076 0.25640076 0.25640076 0.25640076 0.25640076 0.25640076 0.25640076 0.25640076 0.25640076 0.25640076 0.0 0.0 0.0 0.0 0.0 0.0 0.0 0.0 0.0 0.0 0.0 0.0 0.0 0.0 0.0 0.0 0.0 0.0 0.0 0.0 0.0 0.0
0.5595073 0.5595073 0.84810245 0.060068488 0.060068488 0.5595073 0.2564006 0.2564006 0.5595073 0.060068488 0.060068488 0.060068488 0.060068488 0.5595073 0.5595073 0.84497166 0.5595073 0.5595073 0.84810245 0.84497166 0.84497166 0.84497166 0.84497166 0.060068488 0.060068488 0.060068488 1.1853352 1.1853352 0.84497166 0.84497166 0.84497166 0.84497166 0.84497166 0.84497166 0.5595073 0.060068488 0.0 0.0 0.0 0.0 0.0 0.0 0.0 0.0 0.060068488 0.060068488 0.060068488 0.060068488 0.2564006 0.2564006 0.2564006 0.2564006 0.2564006 0.2564006 0.2564006 0.2564006 0.2564006 0.2564006 0.2564006 0.0 0.0 0.0 0.0 0.0 0.0 0.0 0.0 0.0 0.0 0.0 0.0 0.0 0.0 0.0 0.0 0.0 0.0 0.0 0.0 0.0 0.0
0.5595071 0.060068455 0.8481022 0.8481022 0.060068455 0.5595071 0.5595071 0.5595071 0.5595071 0.5595071 0.84497166 0.060068455 0.5595071 0.5595071 0.5595071 0.5595071 0.5595071 0.84497166 0.84497166 0.84497166 0.84497166 0.84497166 0.84497166 0.84497166 0.84497166 0.84497166 0.84497166 0.84497166 0.84497166 0.84497166 0.84497166 0.84497166 0.84497166 0.84497166 0.84497166 0.84497166 1.7981076 0.25640038 0.25640038 0.0 0.0 0.0 0.0 0.0 0.060068455 0.060068455 0.060068455 0.5595071 0.25640038 0.25640038 0.25640038 0.25640038 0.25640038 0.25640038 0.25640038 0.25640038 0.25640038 0.25640038 0.25640038 0.0 0.0 0.0 0.0 0.0 0.0 0.0 0.0 0.0 0.0 0.0 0.0 0.0 0.0 0.0 0.0 0.0 0.0 0.0 0.0 0.0 0.0
0.060068406 0.060068406 0.84497094 0.84497094 0.84497094 0.5595071 0.5595071 0.5595071 0.5595071 0.5595071 0.8481022 0.5595071 0.5595071 0.5595071 0.5595071 0.5595071 0.84497094 0.84497094 0.84497094 0.84497094 0.84497094 0.84497094 0.84497094 0.84497094 0.84497094 0.84497094 0.84497094 0.84497094 0.84497094 0.84497094 0.84497094 0.84497094 0.84497094 0.84497094 0.84497094 0.84497094 0.060068406 0.0 0.0 0.0 0.0 0.0 0.5208272 0.8481022 0.060068406 0.060068406 0.5595071 0.5595071 0.2564003 0.2564003 0.2564003 0.2564003 0.2564003 0.2564003 0.2564003 0.2564003 0.2564003 0.2564003 0.5595071 0.0 0.0 0.0 0.0 0.0 0.0 0.0 0.0 0.0 0.0 0.0 0.0 0.0 0.0 0.0 0.0 0.0 0.0 0.0 0.0 0.0 0.0
0.84497094 0.84497094 0.84497094 0.84497094 0.84497094 0.55950695 0.060068395 0.060068395 0.060068395 0.060068395 0.84810185 0.55950695 0.55950695 0.55950695 0.84497094 0.84497094 0.84497094 0.84497094 0.84497094 0.84497094 0.84497094 0.84497094 0.84497094 0.84497094 0.84497094 0.84497094 0.84497094 0.84497094 0.84497094 0.84810185 0.84810185 0.84497094 0.55950695 0.55950695 0.84497094 1.1853261 0.060068395 0.84497094 0.84497094 0.0 0.0 0.0 0.0 0.84497094 0.84497094 0.84497094 0.84497094 0.55950695 0.2564002 0.2564002 0.2564002 0.2564002 0.2564002 0.2564002 0.2564002 0.2564002 0.2564002 0.14430188 0.55950695 0.0 0.0 0.0 0.0 0.0 0.0 0.0 0.0 0.0 0.0 0.0 0.0 0.0 0.0 0.0 0.0 0.0 0.0 0.0 0.0 0.0 0.0
0.55950665 0.55950665 0.55950665 0.84497 0.84497 0.84497 0.060068335 0.060068335 0.060068335 0.060068335 0.8481016 0.55950665 0.55950665 0.84497 0.84497 0.84497 0.84497 0.84497 0.84497 0.84497 0.84497 0.84497 0.84497 0.84497 0.84497 0.84497 0.84497 0.84497 0.84497 0.8481016 0.8481016 0.8481016 0.55950665 0.55950665 0.84497 0.84497 0.84497 0.84497 0.84497 0.84497 0.2564 0.2564 0.5428252 0.84497 0.84497 0.84497 0.84497 0.55950665 0.55950665 0.55950665 0.2564 0.2564 0.2564 0.55950665 0.2564 0.2564 0.2564 0.2564 0.2564 0.0 0.0 0.0 0.0 0.0 0.0 0.0 0.0 0.0 0.0 0.0 0.0 0.0 0.0 0.0 0.0 0.0 0.0 0.0 0.0 0.0 0.0
0.55950665 0.55950665 0.84497 0.84497 0.84497 0.84497 0.0600683 0.0600683 0.0600683 0.84497 0.84497 0.84497 0.55950665 0.55950665 1.3253949 1.3253949 0.84497 0.0600683 0.84497 0.84497 0.84497 0.84497 0.84497 1.79809 0.84497 0.84497 0.84497 0.84497 0.84497 0.84497 0.8481015 0.8481015 0.84497 0.84497 0.84497 0.84497 0.84497 0.84497 0.84497 0.84497 0.2563999 0.2563999 0.55950665 1.79809 0.84497 0.84497 0.84497 0.55950665 0.55950665 0.55950665 0.55950665 0.55950665 0.55950665 0.55950665 0.55950665 0.2563999 0.2563999 0.2563999 0.55950654 0.55950654 0.0 0.0 0.0 0.0 0.0 0.0 0.0 0.0 0.0 0.0 0.0 0.0 0.0 0.0 0.0 0.0 0.0 0.0 0.0 0.0 0.0
0.84496975 0.5595065 0.5595065 0.84496975 0.84496975 0.84496975 0.060068287 0.060068287 0.060068287 0.84496975 0.84496975 0.84496975 0.84496975 1.3253949 1.3253949 1.3253949 0.84496975 0.060068287 0.84496975 0.84496975 0.84496975 0.84496975 0.84496975 0.84496975 0.84496975 0.84496975 0.060068287 0.060068287 0.060068287 0.060068287 0.84496975 0.84496975 0.84496975 0.84496975 0.84496975 0.84496975 0.060068287 0.060068287 0.060068287 0.5595065 0.2563997 0.2563997 0.5595065 1.7980859 0.84496975 0.84496975 0.84496975 0.84496975 0.84496975 0.84496975 0.84496975 0.84496975 0.8481014 0.5595065 0.5595065 0.5595065 0.5595065 0.2563997 0.060068287 1.7980857 0.0 0.0 0.0 0.0 0.0 0.0 0.0 0.0 0.0 0.0 0.0 0.0 0.0 0.0 0.0 0.0 0.0 0.0 0.0 0.0 0.0
0.8449693 0.8449693 0.060068242 0.060068242 0.060068242 0.5595063 0.060068242 0.5595063 0.84810114 0.8449693 0.8449693 0.8449693 0.8449693 1.3253942 1.3253942 0.5595063 0.8449693 0.8449693 0.8449693 0.8449693 0.8449693 0.8449693 0.8449693 0.8449693 0.8449693 0.8449693 0.5595063 0.5595063 0.0 0.060068242 0.8449693 1.7980816 0.8449693 0.8449693 0.8449693 0.8449693 0.060068242 0.0 0.25639963 0.5595063 0.25639963 0.25639963 0.5595063 1.7980816 0.8449693 0.8449693 0.060068242 0.8449693 0.8449693 0.8449693 0.8449693 0.8449693 0.84810114 0.86340785 0.5595063 0.5595063 0.5595063 0.5595063 0.060068242 0.060068242 0.0 0.0 0.0 0.0 0.0 0.0 0.0 0.0 0.0 0.0 0.0 0.0 0.0 0.0 0.0 0.0 0.0 0.0 0.0 0.0 0.0
0.8449693 0.060068205 0.060068205 0.060068205 0.060068205 0.5595062 0.5595062 0.5595062 0.8449693 0.8449693 0.8449693 0.8449693 0.8449693 1.3253939 0.5595062 0.5595062 0.8449693 0.8449693 0.8449693 0.8449693 0.8449693 0.8449693 0.8449693 0.8449693 0.8449693 0.8481009 0.8481009 0.5208261 0.0 0.060068205 0.8449693 0.8449693 0.8449693 0.8449693 0.8449693 0.8449693 0.060068205 0.5595062 0.5595062 0.5595062 0.5595062 0.25639942 0.5595062 0.5595062 0.8449693 0.8449693 0.060068205 0.8449693 0.8449693 0.060068205 0.060068205 0.060068205 0.8481009 0.060068205 0.5595062 0.5595062 0.25639942 0.5595062 0.5595062 0.5595062 0.0 0.0 0.0 0.0 0.0 0.0 0.0 0.0 0.0 0.0 0.0 0.5208261 0.0 0.0 0.0 0.0 0.0 0.0 0.0 0.0 0.0
0.060068168 0.060068168 0.060068168 0.060068168 0.8481009 0.8481009 0.060068168 0.060068168 0.060068168 0.060068168 0.060068168 0.060068168 0.559506 0.559506 0.559506 0.559506 0.559506 0.8449688 0.8449688 0.8449688 0.8481009 0.8481009 0.8449688 0.8449688 0.559506 0.8481009 0.8481009 0.52082586 0.060068168 0.8449688 0.8449688 0.8481009 0.8481009 0.559506 0.559506 0.559506 0.559506 0.559506 0.559506 0.559506 0.559506 0.25639933 0.25639933 0.559506 0.8449688 0.8449688 0.8449688 0.060068145 0.060068145 0.060068145 0.060068145 0.0 0.0 0.060068145 0.8449688 0.559506 0.559506 0.559506 0.14430092 0.559506 0.25639933 0.0 0.0 0.0 0.0 0.0 0.0 0.0 0.0 0.0 0.0 0.0 0.0 0.0 0.0 0.0 0.0 0.0 0.0 0.0 0.0
0.060068134 0.30207658 0.060068134 0.060068134 0.060068134 0.060068134 0.060068134 0.060068134 0.060068134 0.0 0.0 0.060068134 0.55950594 0.55950594 0.55950594 0.55950594 0.55950594 0.84496856 0.84496856 0.84496856 0.8481008 0.8481008 0.84496856 0.84496856 0.55950594 0.55950594 0.55950594 0.060068134 0.060068134 0.060068134 0.060068134 0.060068134 0.8481008 0.55950594 0.55950594 0.55950594 0.55950594 0.25639924 0.55950594 0.55950594 0.55950594 0.55950594 0.5029752 0.5029752 0.84496856 0.84496856 0.84496856 0.060068134 0.060068134 0.060068134 0.060068134 0.0 0.0 0.060068134 0.84496856 0.55950594 0.55950594 0.25639924 0.25639924 0.25639924 0.25639924 0.0 0.0 0.0 0.0 0.0 0.0 0.0 0.0 0.0 0.0 0.0 0.0 0.0 0.0 0.0 0.0 0.0 0.0 0.0 0.0
0.06006811 0.06006811 1.7980642 1.7980642 0.06006811 0.06006811 0.06006811 0.06006811 0.0 0.0 0.0 0.0 0.25639904 0.25639904 0.25639904 0.25639904 0.5595057 0.5595057 0.8449681 0.8449681 0.8481004 0.8481004 0.8449681 0.8481004 0.8481004 0.8449681 0.8449681 0.06006811 0.0 0.0 0.0 0.06006811 0.8481004 0.5595057 0.5595057 0.5595057 0.5595057 0.5595057 0.5595057 0.5595057 0.5595057 1.325393 1.325393 1.325393 0.8449681 0.8449681 0.8449681 0.06006811 0.06006811 0.06006811 0.06006811 0.0 0.25639904 0.5595057 0.5595057 0.5595057 0.25639904 0.25639904 0.25639904 0.25639904 0.0 0.0 0.0 0.0 0.0 0.0 0.0 0.0 0.0 0.0 0.0 0.0 0.0 0.0 0.0 0.0 0.0 0.0 0.0 0.0 0.0
0.06006805 0.06006805 0.06006805 1.7980599 1.7980599 0.06006805 0.06006805 0.06006805 0.0 0.0 0.0 0.0 0.25639886 0.25639886 0.25639886 0.25639886 0.25639886 0.5595055 0.06006805 0.5595055 0.5595055 0.8449676 0.8481003 0.8481003 0.06006805 0.06006805 0.06006805 0.06006805 0.0 0.0 0.0 0.06006805 0.8449676 0.8449676 0.5595055 0.5595055 1.7980599 0.5595055 0.5595055 1.3253927 0.8449676 1.3253927 1.3253927 1.3253927 1.1852987 0.8449676 0.8449676 0.06006805 0.06006805 0.0 0.25639886 0.25639886 0.25639886 0.25639886 0.25639886 0.25639886 0.25639886 0.25639886 0.0 0.0 0.25639886 0.0 0.0 0.0 0.0 0.0 0.0 0.0 0.0 0.0 0.0 0.0 0.0 0.0 0.0 0.0 0.0 0.0 0.0 0.0 0.0
0.06006801 0.06006801 0.06006801 1.7980554 0.06006801 0.06006801 0.06006801 0.06006801 0.06006801 0.0 0.0 0.25639856 0.25639856 0.25639856 0.25639856 0.25639856 0.25639856 0.5595054 0.84496737 0.5595054 0.5595054 0.5595054 0.06006801 0.06006801 0.06006801 0.0 0.0 0.0 0.0 0.0 0.0 0.06006801 0.84496737 0.84496737 0.84496737 0.84496737 1.7980554 0.84496737 0.84496737 0.84496737 0.84496737 1.325392 0.84496737 1.1852956 1.1852956 1.1852956 0.25639856 0.25639856 0.25639856 0.0 0.25639856 0.25639856 0.25639856 0.25639856 0.25639856 0.25639856 0.0 0.0 0.0 0.0 0.0 0.0 0.0 0.0 0.0 0.0 0.0 0.0 0.0 0.0 0.0 0.0 0.0 0.0 0.0 0.0 0.0 0.0 0.0 0.0 0.0
