Export/ASCII/RMeteo_SP_inch/impervious0/net_infiltration_2014_SP1_inch.asc
ncols         660
nrows         338
xllcorner     1476100.0
yllcorner     5017100.0
cellsize      100
NODATA_value  -9.9000000089461e-20
[rows 27 to 53 of 338, columns 549 to 609 of 660]
9.891097 9.513037 8.851544 9.588306 9.588306 3.4455082 3.4455082 3.4455082 3.4455082 3.4455082 3.4455082 3.445508 3.1121588 3.1121588 3.1121583 3.1121583 3.1121583 3.1121583 3.112158 3.1121578 3.1121578 3.4455066 3.4455063 9.168314 9.588297 8.851537 4.545734 4.545733 0.7060445 6.29173 6.2917285 6.2917285 7.684337 7.806881 6.2289004 6.2289 3.9238782 3.8471632 6.2917266 9.677891 9.677891 7.22416 7.2075033 6.8890524 6.534383 5.911279 5.911279 2.717971 3.1121538 3.4455028 3.4455025 0.6184842 0.6184841 0.70604366 0.70604354 0.70604354 0.618484 0.70604354 0.7060435 0.7060435 0.7060434
9.891035 9.512974 9.588247 9.588245 9.588245 3.4454837 0.70603925 0.618479 3.4454832 3.4454827 3.4454827 3.4454827 3.1121323 3.112132 3.1121318 3.1121316 3.1121316 3.1121314 3.1121314 3.4454813 3.4454813 3.4454813 9.168247 9.168247 9.168247 9.168247 9.168247 9.168247 0.5355513 5.2197113 6.2288527 7.309634 7.941241 8.006644 0.6365355 0.63653547 0.5381716 6.2916837 7.3603935 6.2916837 6.2916837 7.41512 7.41512 3.4776983 3.4241924 3.2491856 3.2491856 2.717945 2.717945 2.7179449 3.445478 0.6184775 0.61847746 0.70603764 0.7060376 0.7060375 0.7060375 0.70603746 0.7060374 0.7060374 0.70603734
9.890972 9.890972 9.16819 0.70603305 0.706033 0.706033 0.7060329 0.61847246 3.4454587 3.4454587 3.4454584 3.4454582 3.1121058 3.1121056 3.1121054 3.1121054 3.1121051 3.4454577 3.4454572 3.445457 3.445457 3.4454567 3.4454567 9.168186 9.588181 9.588181 9.168184 8.356836 3.847112 4.8157563 6.2288055 0.67364275 0.71725285 0.72208315 0.70603204 0.5355446 0.53554446 0.63577133 7.2491937 6.961807 11.905256 7.574019 7.574018 2.717919 2.7179189 2.7179189 2.7179184 5.911186 5.9111853 2.7179182 2.7179182 0.535544 0.6184707 0.6184707 0.7060313 0.7060313 0.7060313 0.7060313 0.7060312 0.70603114 0.70603114
9.890907 9.890907 0.70602703 4.545645 0.70602685 0.70602685 0.70602685 0.61846584 0.61846584 3.4454343 3.1120794 3.1120791 3.112079 3.112079 3.1120784 3.1120784 3.1120784 3.1120784 3.445433 3.445433 3.445433 3.445433 3.445433 9.16812 9.588123 9.588123 9.16812 0.70602626 0.5376866 0.535538 0.7444407 0.53553796 0.5355379 0.5355379 0.6184647 0.6184647 0.5355378 0.53553766 7.4232793 5.9111395 9.168117 5.9111395 7.575708 2.7178926 2.7178926 2.7178926 2.7178922 3.2491188 5.9111385 3.847083 3.8470826 3.8470826 0.61846423 0.6184642 0.6184642 0.7060251 0.706025 0.706025 0.706025 0.706025 0.706025
3.6836634 0.7471752 4.5456147 4.545614 0.7060207 0.7060207 0.61845917 0.61845917 0.6184591 3.4454098 3.4454093 3.1120524 3.112052 3.112052 3.112052 3.112052 3.112052 3.445408 0.70602036 0.7060202 9.168058 9.168058 9.168058 0.7060201 0.7060201 0.7060201 0.7060201 0.6184584 0.6184584 0.6184584 0.61845833 0.6184583 0.53553134 0.5355313 0.5355313 0.5355312 0.5355312 0.53553116 0.70002615 0.6270318 9.16805 6.8888288 7.5756564 2.717866 2.7178655 2.7178652 2.717865 2.717865 3.2490845 2.7297628 0.53767866 0.5376786 0.5355305 0.53553045 0.53553045 0.706019 0.706019 3.4454026 3.4454024 9.168044 0.706019
3.6836388 0.74716914 0.70601463 0.70601463 0.7060145 0.70601445 0.61845267 0.61845267 0.6184526 0.61845255 3.445385 3.112027 3.1120265 3.1120262 3.1120262 3.112026 3.112026 3.4453843 0.70601404 0.70601404 0.70601404 0.70601404 0.70601404 0.6184519 0.6184519 0.6184519 0.6184518 0.6184518 0.6184518 0.6184518 0.6184518 0.6184517 0.53552467 0.5355246 0.5355245 0.5355245 0.5355245 0.6184514 0.61845124 0.53552437 9.167987 7.2072716 7.612691 2.7178397 2.7178395 2.7178392 2.7178388 2.7178385 2.7178383 2.7178383 0.53552395 0.53552395 0.5355239 0.53552383 0.53552383 3.445379 3.4453788 3.4453788 3.4453783 3.4453783 9.167979
9.890719 0.7471632 0.7060084 0.7060084 0.618446 0.6184459 0.6184458 0.6184458 0.61844575 0.61844575 0.6184457 0.61844563 0.6184455 0.61844546 0.61844546 3.111999 3.111999 0.706008 0.7060081 0.6184454 0.6184454 0.6184454 0.6184454 0.6184453 0.6184452 0.7060078 0.7060078 0.7060077 0.70600766 0.6184451 0.53551817 0.53551817 0.53551817 0.53551817 0.53551793 0.5355179 0.5355179 0.5355179 0.5355178 0.5355178 5.9109983 13.535237 7.612913 5.9109983 5.9109983 5.910998 0.5355176 0.5355175 0.5355175 0.53551745 3.847005 3.847005 2.717811 5.9109964 5.9109964 5.9109964 9.677555 3.445354 3.445354 3.445354 3.4453535
9.890656 0.650762 0.6184394 0.6184394 0.7060023 0.7060023 0.7060023 0.6184392 0.7060022 0.7060022 0.6184392 0.6184392 0.6184392 0.6184391 0.70600206 0.70600194 0.70600194 0.6184389 0.70600194 0.70600194 0.6184388 0.70600194 4.545519 0.70600194 0.70600194 0.70600194 9.167864 0.7060016 0.5355115 0.5355115 0.5355115 0.53551143 5.910957 0.5355114 0.5355112 0.5355112 0.53551114 0.53551114 0.5355111 0.5355111 6.8886595 5.910951 7.612863 6.8886576 6.8886576 6.8886576 0.5355108 0.5355107 0.5355107 2.7177851 5.9109488 2.717785 2.7177846 2.7177846 6.8886547 5.9109483 3.4453301 3.44533 3.4453297 3.4453294 3.4453292
4.8751054 4.8751054 0.7059962 0.70599616 0.70599616 0.70599616 0.7059961 0.7059961 0.7059961 0.7059961 0.7059961 0.705996 0.705996 0.705996 0.705996 0.705996 0.7059959 0.61843216 0.70599574 0.70599574 0.7059957 0.7059957 4.5454884 0.7059957 0.7059956 9.167802 9.167802 0.5355048 0.53550476 2.717761 5.910909 5.910909 6.8886075 0.5355047 0.53550464 0.53550464 0.53550464 0.5355046 0.53550446 0.53550446 7.2071342 6.8886037 5.9109054 5.9109054 7.2071323 7.2071323 5.910904 0.5355043 0.5355042 0.5355042 6.291371 2.7177587 2.7177584 2.7177582 2.717758 3.2489502 3.4453053 3.11194 3.1119397 3.4453046 3.4453046
4.875074 4.875074 0.70599 0.70598996 0.70598996 0.7059899 0.70598984 0.70598984 8.356396 0.70598984 0.7059897 8.356394 0.7059897 0.7059897 0.7059897 0.7059897 3.4452865 3.4452865 3.4452865 3.4452865 9.6774 4.5454574 4.545457 9.49066 9.167737 9.167737 5.9108624 5.910862 5.9108615 2.7177355 3.2489214 6.88855 7.207089 5.9108615 5.9108615 0.5354981 6.2913303 6.2913303 6.2913284 6.2913275 6.2913275 12.125337 5.9108596 6.8885484 5.9108596 7.4147406 5.910859 0.53549767 0.5354976 0.5354976 6.2913256 2.7177317 2.7177315 2.7177312 2.7177312 2.7177312 3.4452813 3.1119132 3.111913 3.1119127 3.4452808
9.109214 10.3928795 0.7059839 0.7059839 0.7059839 9.58772 8.356331 8.356331 8.356331 8.35633 0.7059836 8.35633 0.70598346 0.70598346 0.70598346 0.70598346 3.4452615 3.4452615 3.4452615 3.4452612 3.4452612 4.545427 4.545427 9.16767 9.677346 3.846905 4.632499 4.632499 5.910816 3.8469043 3.8469043 7.207043 7.414695 6.8884935 6.8884935 5.9108152 7.359932 7.359931 7.359931 7.3599305 7.3599305 8.356318 6.888492 7.207041 5.910813 7.573596 6.88849 6.291284 0.5354908 0.5354908 3.2886846 2.7177048 3.1118875 3.1118875 3.1118867 3.1118867 3.1118865 3.1118865 3.111886 3.4452558 3.4452555
0.74713296 0.74713296 9.167614 9.167614 9.587662 9.587662 8.356268 8.356268 8.356268 8.356267 8.356266 8.356265 9.167612 0.7059775 0.70597744 3.4452374 3.4452374 3.1118662 3.1118662 3.445237 3.4452367 3.4452364 3.4452364 3.4452362 3.4452362 2.729567 3.8945265 2.7531164 3.2488554 6.2912436 6.2912436 5.910769 7.573548 7.2069974 7.206997 6.8884363 5.9107666 7.60578 6.2912416 7.605779 7.605779 5.9107656 5.9107656 5.910765 6.8884344 7.5752935 7.206993 5.9107633 5.910763 5.910763 2.717679 2.7176788 3.111861 3.1118608 3.1118608 3.1118608 3.1118608 3.1118605 3.4452312 0.705976 9.167594
0.74712706 0.747127 0.7059717 9.167552 9.5876045 9.5876045 8.356203 9.16755 9.16755 9.16755 9.16755 8.356203 9.677237 0.70597136 0.70597124 0.70597124 3.4452124 3.4452124 3.1118398 3.4452124 3.4452124 0.705971 0.705971 3.4452114 3.652735 3.4452114 2.7176561 2.7176561 2.717656 5.9107213 6.976497 5.910721 7.5752463 5.910721 7.414599 7.2069497 6.8883805 7.4651623 6.9612694 7.4651623 7.4651623 6.88838 6.888379 6.888379 7.206948 7.575244 7.4145975 6.888379 6.8883777 6.8883777 5.9107184 2.7176523 3.111834 3.1118338 0.6184044 0.6184044 0.6184044 3.4452069 0.70596987 0.70596987 9.167532
0.7471209 0.74712086 4.545337 9.167488 9.167488 9.167488 8.356138 8.356136 9.167486 3.4451888 3.4451885 8.356136 9.677183 0.7059653 0.7059653 0.70596516 3.4451878 3.1118133 3.111813 3.4451876 0.705965 0.618399 0.618399 3.4451873 3.1118124 3.1118116 2.7176297 2.7176297 5.9106755 5.9106755 7.2285542 5.910675 7.5751944 5.910675 5.9106746 5.910674 7.206904 5.910674 5.910674 5.910674 5.910674 9.167475 5.910674 5.910674 5.9106736 5.910673 5.910673 5.910673 5.910672 5.9106717 5.9106717 2.717626 3.1118083 0.6183978 0.6183977 0.6183976 0.6183975 2.7176244 0.53547055 9.16747 9.167468
4.874924 4.8749237 4.545307 9.167423 9.167423 8.356076 4.545307 4.545306 8.356074 9.167421 9.167421 8.356072 8.356072 9.1674185 3.4451637 3.4451637 3.4451635 3.1117864 3.4207487 3.1117864 0.70595884 0.61839235 0.61839235 0.61839235 3.259565 3.445162 5.91063 5.91063 6.888272 6.8882704 5.9106283 5.910628 5.910628 5.9106274 6.8882685 6.8882685 5.910627 5.910627 6.888268 5.9106264 6.8882666 5.9106264 6.888266 5.910626 6.888266 5.9106255 6.888265 5.910625 3.8467956 4.6323237 4.6323237 2.7175994 2.7175994 0.61839134 0.6183912 0.6183912 3.111781 3.4451573 9.167404 9.167402 9.167402
4.874893 4.874893 4.545277 8.35601 8.35601 8.35601 4.5452766 4.5452766 8.3560095 8.356009 9.167358 9.167358 0.705953 0.70595294 3.445139 3.445139 3.445139 3.1117597 3.1117597 3.1117597 0.61838573 0.6183857 0.61838555 0.61838555 3.111759 3.4451375 6.8882155 6.8882155 7.206815 7.2068143 6.8882155 5.9105825 7.335862 6.8882136 7.206813 7.206813 6.888213 6.8882127 7.206812 6.8882127 7.206811 6.8882113 7.2068105 6.8882113 7.20681 6.8882103 7.2068095 3.2487185 2.729448 2.7530046 2.7530046 2.7175725 2.7175725 3.1117547 3.1117544 2.717572 2.717572 3.4451332 9.167341 9.16734 9.16734
9.890094 10.392555 9.677023 8.355948 9.167296 8.3559475 8.3559475 8.85053 8.850529 8.850529 8.355945 9.167293 0.705947 0.705947 9.167293 6.5815706 3.4451144 3.4451141 3.1117334 3.1117332 3.1117332 0.7059467 0.70594656 0.70594656 3.1117325 3.4451132 3.4771793 7.2067676 7.4144115 7.4144106 7.5637636 4.6322436 5.910535 5.910535 7.6676445 7.4144106 7.206766 7.206766 7.4144096 7.206766 7.4144096 7.2067657 7.4144096 7.509852 7.7293844 7.2067633 7.4144063 2.717547 2.7175465 3.1117287 2.7175465 2.717546 2.717546 3.111728 3.1117277 2.7175455 2.7175455 3.4451087 9.167278 9.167276 9.167274
10.306259 10.306259 9.1672325 9.1672325 9.1672325 8.355883 8.355883 8.850466 3.4450912 8.850466 8.355881 9.167231 0.7059408 0.7059407 3.4450898 3.4450898 3.4450898 3.4450898 3.4450898 3.4450896 3.1117063 3.4450896 3.4450896 3.4450893 3.1117055 3.4450889 4.6884527 5.21658 3.6793046 5.328364 5.26873 3.894366 4.6322017 4.6322017 5.9104886 8.200337 7.414362 7.414362 7.5732307 7.414362 7.5732307 7.414361 7.57323 7.810672 7.971799 7.4143596 7.5732284 2.7175198 3.1117024 3.1117024 2.7175198 2.7175193 2.9264736 3.1117017 2.7175193 2.7175193 2.7175193 9.167214 9.167214 9.1672125 9.1672125
10.306207 10.306205 9.1671715 9.16717 9.16717 8.35582 8.850403 8.850403 4.545184 4.545183 3.4450665 9.167166 8.355817 8.850399 3.4450655 3.4450655 3.445065 3.445065 3.445065 3.4450648 3.1116803 3.4450648 3.4450645 3.4450645 3.4450645 3.4450645 3.4450643 3.894339 3.8466945 2.752927 3.8967533 3.8643885 3.894339 3.894339 6.8880453 5.9104414 8.785181 0.69827986 7.5749354 7.573177 7.574935 7.9568458 7.5749345 7.7110734 7.724626 7.573176 7.574934 2.7174938 2.7174935 3.1116755 3.1116755 3.6231081 3.111675 3.1116748 2.717493 2.7174928 3.44506 0.7059331 9.167149 9.167149 9.676893
3.6833017 9.889903 3.4450428 3.4450428 3.4450426 4.5451536 8.850342 8.850342 4.545153 4.545153 3.445042 9.167102 9.167102 0.7059285 3.4450412 3.4450412 3.4450412 3.4450412 3.4450407 3.4450407 3.4450405 3.4450405 3.4450397 3.4450397 3.4450397 3.4450397 3.4450395 3.8466682 5.9137607 2.71747 2.7174692 2.717469 5.91376 5.91376 5.9103956 6.8879905 0.5354315 0.5354315 5.9103947 5.9103947 7.5748854 7.618208 5.910394 5.9103937 7.6860576 7.574884 5.910393 2.7174673 2.717467 0.61835814 0.618358 0.618358 0.618358 0.618358 3.1116486 3.445035 3.4450345 0.70592695 9.167086 9.491048 4.5451446
3.6832776 3.6832776 3.445018 3.4450178 3.4450178 4.545123 8.35569 8.850278 8.355689 8.355689 8.355688 9.167038 9.167038 0.7059221 0.7059221 3.445017 3.4450169 3.4450161 9.167037 3.445016 3.4450157 9.167036 3.4450154 3.6525388 3.4450152 3.4450152 3.445015 5.9103494 5.9103494 3.5728796 2.717444 5.9103475 6.9031544 5.910347 5.910347 5.910347 0.53542507 0.535425 5.910345 6.887929 5.910345 5.9103446 6.887929 5.9103446 5.9103446 7.57483 6.2908397 2.7174406 2.7174406 0.7079229 0.61835146 0.61835134 0.6183513 0.6183512 3.1116219 3.445011 9.16702 11.49441 9.16702 9.16702 9.16702
0.6506713 0.65067124 0.70591646 3.4449928 3.4449925 9.166975 9.166975 8.355625 9.4899 8.355623 8.355623 9.166974 9.166974 9.166974 0.7059161 0.7059161 3.4449916 4.5450897 3.444991 3.444991 3.444991 3.4449909 3.4449909 9.587074 10.390299 9.587074 9.166968 5.9103017 6.887876 5.910301 5.9103007 5.9103007 7.2230783 6.887875 5.9103007 6.887875 5.9103007 5.9103007 5.9103007 7.2065353 6.8878746 5.9103007 7.2065344 6.887874 6.887874 7.611805 7.3593626 2.7174144 2.7174141 0.53541785 0.61834466 0.53541774 2.717414 0.70591474 0.70591474 3.4449866 9.166958 9.166958 9.166958 9.166956 9.166956
0.7470666 3.683229 3.4449687 3.4449687 3.4449685 9.67669 9.166912 9.166912 9.166912 8.355561 8.35556 9.166912 8.850149 9.16691 0.70590997 0.70590997 9.16691 3.4449666 9.587019 3.4449666 3.4449666 9.166906 9.166906 4.5450583 4.5450583 9.587017 9.587017 9.166904 7.2064905 6.887821 5.9102564 5.9102564 7.4075813 12.909838 4.631989 5.008231 4.631988 4.631988 6.887819 7.414124 7.206488 6.8878183 7.4141235 7.206487 7.206487 7.612127 5.910252 2.7173877 2.7173877 3.1115694 3.1115692 2.717387 4.5450535 3.4449623 3.444962 3.4449618 9.166894 9.166894 0.7059084 9.166892 9.16689
3.6832054 3.6832054 3.4449449 3.4449449 9.676637 9.676637 9.166848 9.166848 9.166848 9.166848 8.3554945 8.3554945 8.850084 8.850084 8.3554945 8.355494 9.166842 4.5450287 4.5450287 3.444942 3.4449418 9.166842 9.166842 4.5450277 4.5450277 9.166842 9.166842 9.166841 7.41408 7.206444 5.910208 5.910208 7.7752566 5.9102077 3.8942041 3.8942041 3.8942041 3.8465629 7.206442 5.910206 7.4140763 7.206441 5.9102054 7.414075 5.9102044 3.7243977 6.887759 3.846561 3.846561 2.7173605 3.1115427 2.7173603 3.444938 3.444938 3.6524608 4.5450215 4.5450215 0.7059024 0.7059024 9.16683 9.167881
3.683181 9.889589 9.676582 9.676582 9.67658 9.67658 9.166784 9.166784 6.581237 6.581237 6.581236 8.355431 8.355431 9.166782 9.166782 9.166782 9.166782 4.544998 4.544998 4.544998 3.4449177 9.166779 9.166779 9.166777 9.166777 9.166777 9.166777 9.166775 13.851009 7.414034 7.2338624 7.2338614 5.910163 8.253228 5.913532 5.913532 5.913532 5.913531 7.4140306 6.887707 7.5728617 7.4140286 6.887706 7.5728617 6.8877044 2.717335 0.53539807 3.8465347 3.8465347 2.717334 2.717334 3.4449139 3.4449131 10.47263 4.5449924 4.5449915 9.166766 6.5812244 6.5812244 9.16782 9.166764
10.305807 4.874592 4.54497 9.676526 8.35537 9.16672 9.16672 8.84996 6.581196 6.581195 6.5811944 8.355366 8.355366 8.355366 9.676522 9.676522 4.544968 4.5449677 4.5449677 4.5449677 3.444893 9.586842 9.166715 9.166714 9.166714 9.166714 9.166714 9.58684 9.593018 14.307317 13.701948 13.701948 9.16671 5.9101152 8.41654 6.9028716 5.910115 6.9028716 7.57281 5.9101133 7.5745745 5.9101133 7.206349 7.574574 5.9101124 0.5353914 0.5353914 0.53753114 0.5353914 2.7173076 2.7173073 3.4448886 10.472575 9.166704 8.849945 8.849945 9.166704 9.166702 9.167757 9.166702 9.166702
10.305748 4.8745627 4.54494 9.676471 8.355305 9.1666565 9.1666565 6.5811543 6.5811543 6.5811543 6.5811543 8.355303 9.676468 9.676468 9.676468 9.676468 4.544937 4.544937 4.544937 4.5449367 9.586784 9.586784 9.166651 9.166651 9.166651 9.166651 9.676466 9.586782 9.586782 9.586782 9.586782 9.586781 9.586781 6.887597 6.2905765 8.520248 5.9100676 5.910067 7.5745234 5.9100666 7.5745234 5.910066 5.9100657 7.5745225 5.910065 0.53538483 0.6183118 3.1114645 3.1114645 2.717282 3.444864 0.71608603 8.849882 9.166639 9.166639 9.166639 9.166639 9.168747 9.166639 9.166639 9.166637
