Export/ASCII/RMeteo_SP_inch/impervious0/net_infiltration_2015_SP4_inch.asc
ncols         660
nrows         338
xllcorner     1476100.0
yllcorner     5017100.0
cellsize      100
NODATA_value  -9.9000000089461e-20
[rows 78 to 103 of 338, columns 0 to 58 of 660]
2.5043602 2.5669565 2.566957 2.5669575 2.5669575 2.6149101 2.619254 2.6192546 2.6192546 2.619255 2.6192555 2.6192555 2.619256 2.619256 2.6192565 0.21092129 3.1639943 3.1639943 2.7620134 2.7620134 2.762014 2.762014 3.1639953 0.14723396 0.14723396 0.76212287 0.76212317 0.76212317 0.6230736 0.7621234 0.7621234 0.7621235 0.76212376 0.762124 0.762124 0.762124 2.762015 0.76212424 0.7621243 1.0009675 2.7620156 0.14273569 0.14273569 0.14273569 0.7621249 0.80383456 0.762125 0.14273578 0.7621252 0.14273581 0.7621253 0.76212543 2.7620158 2.7620158 2.7620158 2.7620158 2.7620158 2.7620158 2.762016
2.504315 2.5669065 2.566907 2.5043154 2.566907 2.5520377 2.6192026 2.6192026 2.5520382 2.5520391 2.5520391 2.5520396 2.5520396 2.5520396 2.5520396 0.22441101 3.1639647 3.1639647 2.761989 2.761989 2.761989 2.761989 3.163965 0.14716196 0.14716196 0.76209295 0.76209307 0.7620932 0.62304187 0.7620935 0.7620935 0.76209354 0.7620936 0.7620939 0.7620941 0.7620941 2.7619905 2.7619905 0.7620946 0.7620946 0.7620946 0.76209474 0.76209474 0.8038041 0.76209486 0.14272827 0.7620952 0.7620952 0.76209545 0.14908382 0.14272842 0.7620958 0.762096 0.76209605 2.7619917 2.7619917 2.761992 2.761992 2.761992
2.5042672 2.566854 2.5042672 2.566855 2.566855 2.5519848 2.5519848 2.6191483 2.5519862 2.6191497 2.6191502 2.6191502 2.5519867 2.6191506 2.6191506 2.619151 0.2287519 0.14708972 2.761964 2.761964 1.0613351 0.7620629 3.1639357 0.14709067 0.14709115 0.76206326 0.7620635 0.7620636 0.76206374 0.14272045 0.6230106 0.6230108 0.7620641 0.7620641 0.7620641 0.7620641 0.76206434 0.76206446 0.7620645 0.8037739 0.7620646 0.62301195 0.76206505 0.76206505 0.76206535 3.163938 0.14907631 0.7620656 0.76206565 0.14272098 0.05780255 0.6230127 0.7620659 0.76206595 2.7619662 0.14272104 0.14272104 0.14272104 2.7619677
2.5042205 2.5668035 2.5668035 2.5668035 2.5668035 2.6147423 2.6190963 2.6190963 2.6190972 2.6190972 2.5519357 2.5519361 2.6190987 2.6190987 2.5519361 2.6190987 2.6190991 0.21070075 2.7619395 2.7619395 1.0008533 0.76203316 3.1639054 3.1639056 0.1470201 0.14271289 0.14271289 0.14271289 0.14271295 0.057794396 0.6229792 0.6229792 0.62297934 0.62297946 0.76203436 0.76203436 0.7620344 0.76203454 0.7620348 0.7620348 0.7620349 0.62298 0.6229803 0.7620351 0.14271331 0.14271334 2.6832209 0.7620355 0.7620356 0.14271343 0.14271343 0.7620357 0.7620361 0.76203626 0.76203626 0.14271359 0.14271359 0.7620364 0.14271367
2.5041752 2.566753 2.5041752 2.5041752 2.5041757 2.6146865 2.6190457 2.5518842 2.6190462 2.5518847 2.6190467 2.5518856 2.5518856 2.6190476 2.6190476 2.619048 2.619048 0.2106278 2.7619147 2.7619147 2.7619147 2.761915 3.1638756 3.1638758 0.14694858 0.14270537 0.14270537 0.14270547 0.14270547 0.05778679 0.762004 0.762004 0.7620041 0.6229476 0.62294763 0.76200455 0.7620047 0.76200485 0.76200503 0.76200503 0.7620052 0.62294835 0.62294847 0.7620053 0.14270584 0.14585455 0.14270593 2.7619174 3.3413467 0.14270593 0.7620061 0.7620061 0.6229495 0.6229495 0.7620063 0.7620065 0.7620065 0.7620065 0.76200664
2.50413 2.50413 2.5667028 2.5667033 2.5667038 2.6146293 2.5518312 2.6189919 2.5518317 2.6189923 2.5518322 2.5518322 2.6189923 2.5518327 2.6189928 2.6189928 2.5518327 2.6189933 0.2285204 2.7618902 2.7618906 2.7618906 3.1638465 3.1638467 0.14687729 2.761891 0.7619738 0.761974 0.7619741 0.7619743 0.14269811 0.14269811 0.6229155 0.62291574 0.62291586 0.7619747 0.7619747 3.163848 1.4370413 2.7618923 0.76197505 0.7619752 0.62291694 0.057779424 0.1426984 0.14269845 0.14269847 2.7618926 0.761976 0.761976 0.761976 0.761976 0.62291783 0.6229179 0.6229179 0.6229179 0.7619766 0.7619766 0.803686
2.5040822 2.56665 2.5040822 2.56665 2.5666509 2.5517802 2.6189394 2.6189404 2.5517812 2.6189404 2.5517812 2.6189404 2.6189404 2.6189404 2.6189408 2.5517817 2.6189408 2.6189408 0.21047974 2.7618659 2.761866 3.1638167 3.1638172 3.163817 3.1638172 2.7618663 0.7619439 0.761944 0.7619441 0.7619443 0.622884 0.622884 0.622884 0.6228842 0.62288433 0.6228846 0.76194483 3.1638181 1.436991 2.7618678 0.7619452 0.80365485 0.05777165 0.14269093 0.7619457 0.7619458 0.14269103 0.7619461 0.76194614 0.7619462 0.7619465 0.7619465 0.6228862 0.6228863 0.057772003 0.09252067 0.7619467 0.7619467 0.7619467
2.504036 2.566599 2.5665994 2.5666003 2.5666003 2.6145167 2.618887 2.618887 2.618887 2.618887 2.6188874 2.6188874 2.6188874 2.6188874 2.6188889 2.551731 2.551731 2.6188889 0.21040511 0.1467328 2.7618418 3.163787 3.1637871 3.1637871 3.1637871 2.7618425 2.7618425 0.14268303 0.76191413 0.76191413 0.6228523 0.6228523 0.6228524 0.62285274 0.6228528 0.6228528 0.6228528 0.0577639 0.14268336 2.761843 0.76191545 0.62285304 0.62285316 0.7619157 0.7619157 0.7619158 0.1426835 0.7619159 0.7619159 0.76191616 0.76191616 0.76191616 0.62285435 0.6228545 0.05776426 0.05776438 0.057764404 0.7619172 0.62285477
2.5039907 2.5039907 2.5665493 2.5665493 2.5665493 2.61446 2.618834 2.6188345 2.6188345 2.5516772 2.5516772 2.618835 2.618836 2.618836 2.5516791 2.5516791 2.6188364 2.5516796 0.22386813 0.14666152 0.14666152 3.163757 3.163757 3.163757 3.163757 0.14666295 2.7618177 0.76188433 0.7618845 0.62282026 0.6228203 0.6228204 0.6228204 0.62282056 0.62282056 0.6228208 0.6228208 0.7618853 0.14267586 0.76188546 0.76188546 0.6228215 0.62282175 0.62282205 0.62282205 0.62282217 0.057756484 0.7618863 0.7618863 0.76188636 0.7618867 0.7618867 0.76188684 0.057756625 0.057756625 0.057756625 0.057756677 0.0577567 0.6228232
2.5039444 2.5664978 2.5039444 2.5664978 2.5664978 2.6144047 2.6187816 2.6187816 2.5516257 2.6187816 2.6187816 2.6187816 2.5516262 2.5516267 2.6187835 2.5516276 2.6187835 2.6187835 0.22820926 0.14659095 0.14659142 3.163728 3.163728 0.14659142 0.1465919 0.1465919 0.14659286 0.76185435 0.76185447 0.6227888 0.6227888 0.6227889 0.6227889 0.6227889 0.62278897 0.62278926 0.62278926 0.7618553 0.7618555 0.7618557 0.7618557 0.6227901 0.6227901 0.72827184 0.62279016 0.6227903 0.76185626 0.14266863 0.14266863 0.14266863 0.7618568 0.7618568 0.76185685 0.7618569 0.057749048 0.057749048 0.05774907 0.057749093 0.057749093
2.5038972 2.5664463 2.5038972 2.5664463 2.5038981 2.6143484 2.6187296 2.5515747 2.61873 2.5515752 2.6187305 2.5515757 2.618731 2.5515761 2.618732 2.6187325 2.6187325 2.618733 0.21018457 0.1465187 1.0175852 1.000592 0.14651966 0.1465199 0.14652038 0.14652085 1.0005925 0.7618244 0.8773261 0.72824043 0.72824043 0.787771 0.8146908 0.6227573 0.6227574 0.6227574 0.6227574 0.62275755 0.62275803 0.76182586 0.761826 0.761826 0.7618261 0.7618262 0.7618262 0.76182634 0.76182646 0.76182646 0.14266115 0.76182646 0.76182646 0.76182675 0.76182675 0.76182705 0.76182723 0.057741392 0.057741437 0.057741437 0.057741437
2.503851 2.5663953 2.5663953 2.5663953 2.5663958 2.6142912 2.6186752 2.6186757 2.6186757 2.6186757 2.5515223 2.6186762 2.6186762 2.5515227 2.6186767 2.6186767 2.6186776 2.5515242 0.21011066 0.14644766 1.0005543 1.0005546 1.0005546 0.14644861 0.14644909 2.761744 1.0005555 2.761744 0.76179487 0.622725 0.62272537 0.6227255 0.6227255 0.6227255 0.62272567 0.7282112 0.622726 0.622726 0.6227263 0.6227266 0.14265352 0.14265352 0.14265355 0.76179624 0.76179624 1.0005574 1.0005578 0.14265372 0.7617967 0.7617968 0.7617969 0.76179695 0.76179695 0.7617971 0.7617972 0.7617972 0.14265385 0.14265391 0.057733674
2.5038052 2.5663443 2.5038052 2.5663447 2.503806 2.5514708 2.5514708 2.6186233 2.6186237 2.6186242 2.6186242 2.6186247 2.6186247 2.6186247 2.5514722 2.6186247 2.6186247 0.21003723 0.14637613 0.76176417 0.76176447 3.1636388 3.163639 0.14637756 0.14637756 0.14637804 2.761719 2.7617195 2.7617195 0.6226936 0.6226938 0.62269384 0.62269384 0.62269384 0.62269396 0.622694 0.62269413 0.62269413 0.05772561 0.057725657 2.7617204 2.7617204 0.14264615 0.76176643 0.76176655 0.76176655 1.0005203 0.7617669 0.7617669 0.7617669 0.7617671 0.76176745 0.76176745 0.76176745 0.76176757 0.803477 0.7617677 0.7617677 0.7617677
2.5037575 2.5037575 2.5662923 2.5662923 2.5037575 2.5514207 2.5514207 2.5514212 2.5514212 2.5514212 2.5514212 2.5514212 2.5514212 2.5514212 2.5514212 2.551422 2.6185737 0.14630437 0.7617342 0.7617345 0.7617345 0.14899354 0.7617346 0.7617346 0.14630628 0.14630651 2.7616944 2.7616944 2.7616944 0.16129348 0.622662 0.62266207 0.62266225 0.62266225 0.62266225 0.057717867 0.62266254 0.8942451 0.057717912 0.05771798 0.05771801 2.7616959 2.7616959 2.7616959 0.14263867 1.0004828 1.000483 0.14263871 0.7617369 2.7616966 0.7617369 0.8034465 0.76173705 0.7617375 0.76173776 0.76173776 0.7617378 0.76173794 0.761738
2.5037136 2.5037136 2.5662436 2.5037136 2.5662436 2.6141224 2.6185179 2.6185179 2.6185179 2.6185179 2.6185184 2.6185184 2.6185188 2.6185188 2.6185188 2.6185188 2.6185188 0.2098887 0.14623332 0.7617042 0.1462338 0.76170444 0.803414 0.7617046 1.000443 2.76167 2.76167 2.76167 2.76167 0.7617054 0.057710093 0.728121 0.62263054 0.76170564 0.62263066 0.6226307 0.62263095 0.62263095 0.9008259 0.059227984 1.9353715 2.761671 2.761671 0.14623976 0.14624023 1.0004456 1.0004458 0.1426313 0.76170707 2.893252 2.7616725 0.7617074 0.7617074 0.76170754 0.8439991 0.76170784 0.76170784 0.76170784 0.8034175
2.503665 2.503665 2.5661907 2.5661907 2.5661907 2.6140661 2.618465 2.618466 2.618466 2.6184664 2.6184669 2.6184669 2.6184669 2.6184669 2.6184673 2.6184673 2.5513182 0.20981622 0.14616227 0.14616323 0.14616323 0.14262319 0.7616748 0.7616748 1.0004058 2.7616453 2.7616453 2.8932254 0.7616754 0.7616754 0.14262342 0.7616757 0.7616757 0.7616757 0.62259895 0.761676 0.76167625 0.76167625 0.6225995 0.6225998 0.6225999 0.76167655 0.76167655 0.14262377 0.14616752 0.14616752 0.146168 0.14262384 1.0004086 1.0004086 0.76167744 0.76167756 0.76167756 0.76167774 0.76167786 0.14262402 0.14262402 0.8033875 0.14262407
2.5036192 2.5661402 2.5661407 2.5661407 2.5661407 2.6140103 2.6184125 2.6184144 2.6184144 2.6184144 2.6184144 2.6184144 2.6184144 2.6184144 2.6184144 2.6184144 2.5512662 2.6184144 0.0 0.14609146 0.14609194 0.14261577 0.76164496 1.0003684 1.0003684 2.7616203 1.0003685 1.0003687 0.14261591 2.7616208 0.76164556 0.7616458 0.761646 0.761646 0.8033555 0.76164615 0.14261612 0.7616464 2.7616217 0.7616466 0.7616466 0.7616466 0.7616466 0.7616468 2.7616222 0.7616471 0.7616471 0.7616471 1.000371 1.000371 0.80335695 0.76164764 0.7616478 0.80335724 0.7616479 0.7616481 0.14261657 3.1635232 0.14261664
2.5035734 2.5035744 2.5660896 2.5035744 2.5035744 2.613954 2.5512133 2.61836 2.5512133 2.5512142 2.6183615 2.5512156 2.6183624 2.5512156 2.5512156 2.618363 2.5512166 2.5512166 2.0019765 0.0 0.14601994 0.14601994 0.7616151 1.0003309 1.0003309 0.14260834 0.76161534 0.7616156 1.0003314 0.14260843 0.8033251 0.76161605 0.057687197 0.14260861 0.14260861 0.14260863 0.14602423 0.14602423 0.14602423 0.7616168 0.7616168 0.76161695 0.76161695 0.76161706 1.0003333 0.7616173 0.7616173 0.76161754 0.76161784 2.7615988 2.7615988 2.7615988 2.8931785 0.14602733 1.000335 0.14260909 2.0935981 3.163493 1.1921561
2.5035267 2.5660377 2.5035272 2.5660381 2.5035276 2.6138983 2.5511627 2.6183085 2.5511632 2.618309 2.618309 2.5511632 2.618309 2.5511632 2.618309 2.5511637 2.6183095 2.6183095 2.5511637 2.1039286 0.14594889 0.14594936 0.14594936 2.7615716 2.7615716 0.1549788 0.76158553 0.7732011 0.14260101 0.14260101 1.0002944 1.0002947 0.057679478 0.057679523 0.057679523 0.14260116 0.14260116 0.14595318 0.14595318 2.7615726 0.14260122 0.76158696 1.0002956 0.14595413 0.14595413 0.14595461 0.76158756 0.7615877 1.0002967 1.0002967 2.7615738 2.7615738 0.14595604 0.14595604 2.0935225 2.0935225 2.0935225 2.093523 0.14595747
2.503481 2.5659862 2.5659862 2.5034814 2.565987 2.5511098 2.6182551 2.5511103 2.6182551 2.5511103 2.5511103 2.6182556 2.5511112 2.618256 2.5511117 2.618258 2.618258 2.6182585 2.6182585 1.669318 0.0 0.14587665 0.0 2.761547 2.761547 2.7615476 0.80326515 0.7615558 1.0002569 1.0172503 1.0002571 1.0002573 0.057671845 0.057671845 0.057671845 0.05767189 0.20598182 0.14259374 0.14588165 0.14588213 0.14259382 0.14259386 0.14588308 0.14588356 0.14588404 0.7615576 0.7615576 0.7615576 1.0002592 1.0002595 0.14588451 0.14588499 0.14603186 1.4363358 1.4363358 2.7615492 2.0934489 0.14588594 0.14588594
2.5034337 2.5034347 2.5659356 2.5659356 2.5034347 2.6137857 2.6182027 2.6182027 2.6182032 2.5510602 2.6182036 2.6182036 2.618204 2.618204 2.618204 2.618204 2.6182046 2.6182046 2.618205 2.618205 2.00175 0.0 0.14580655 0.14580703 2.761522 0.14894137 0.7615259 1.0002196 1.0002198 1.0002198 0.77314156 0.7615263 0.057664193 0.12763095 0.12763095 0.057664245 0.057664245 0.14258626 0.14258626 0.14258632 0.14258635 0.14581132 0.14581132 0.1458118 0.7615276 0.76152766 0.62244135 0.6224415 1.000222 1.0002222 2.7615247 2.7615247 0.14581347 1.4362851 1.4362851 1.0002229 1.0002229 0.14581394 0.14581442
2.5033884 2.5658846 2.5658846 2.565885 2.565885 2.613728 2.6181488 2.6181488 2.6181493 2.6181493 2.6181498 2.6181502 2.6181507 2.6181507 2.6181507 2.6181507 2.6181517 2.6181517 2.6181517 2.6181517 2.6181521 0.14573455 0.1457355 2.7614975 2.7614975 0.1425785 0.14257854 0.14257857 0.7614963 1.0001826 1.0001826 2.7614977 0.14257874 0.057656515 0.057656515 0.057656515 0.057656515 0.057656612 0.057656657 0.14257881 0.14257883 0.14257884 2.7614987 2.7614987 0.14574027 0.7614979 0.62241 0.6224102 1.0001845 1.0001848 2.7615 2.7615 2.7615001 1.4362344 1.4629457 0.14574265 2.7615006 0.14574265 0.14574313
2.5033417 2.565833 2.565833 2.565833 2.5658336 2.6136732 2.6180973 2.6180978 2.6180978 2.6180983 2.6180983 2.6180983 2.6180983 2.6180983 2.6180983 2.6180983 2.6180987 2.6180987 2.6180992 2.6180992 2.6180992 0.20930052 0.14257099 2.7614734 2.761474 0.7614661 0.14257109 0.80317575 0.76146644 1.0001454 0.7614667 0.14257123 0.14257123 0.057648815 0.057648838 0.057648838 0.057648886 0.12761521 0.05764896 0.05764896 0.14257134 0.14257137 2.7614746 2.7614746 0.7614679 0.761468 0.7614681 0.7614681 0.7614684 2.7614753 2.7614753 2.7614756 2.7614756 0.14567113 0.14567113 0.14567113 0.14567208 0.14567208 2.7614758
2.5032945 2.5032945 2.5032945 2.5657816 2.5032945 2.5509057 2.5509057 2.6180463 2.5509062 2.5509062 2.6180468 2.5509062 2.6180468 2.5509067 2.5509067 2.6180472 2.6180477 2.5509071 2.6180477 2.5509071 2.561452 0.14559317 0.14256354 0.14256354 2.7614489 0.76143616 0.14256363 0.7614362 0.76143646 2.761449 3.340877 0.14256372 0.19624425 0.057641212 0.05764128 0.12760732 0.0576413 0.0576413 0.05764133 0.05764133 0.05764133 0.142564 0.14256401 2.7614503 0.76143795 1.0001096 1.0001098 0.7614383 0.7614383 0.76143837 2.761451 2.761451 0.14559984 0.14560008 0.14560008 0.14560008 0.14560103 0.14560103 2.7614512
2.5032473 2.56573 2.5657315 2.5657315 2.565732 2.6135602 2.6179924 2.6179924 2.6179929 2.6179929 2.6179929 2.5508537 2.6179938 2.6179938 2.6179938 2.5508547 2.6179938 2.5508547 2.6179938 2.6179943 2.5659223 0.14552045 0.14255606 0.14255606 3.3408523 0.14255615 0.14255615 0.7614065 2.7614245 2.7614248 2.7614248 2.7614248 0.14255631 0.057633556 0.05763358 0.05763358 0.12759957 0.057633676 0.057633676 0.057633676 0.13645619 0.05763372 0.761408 0.761408 0.76140803 1.0000721 1.0000725 0.76140827 0.76140857 0.76140875 2.761426 0.14552784 0.14552784 0.14552832 0.14552832 0.1455288 0.14552927 2.761427 2.7614272
2.5032024 2.5656796 2.5656796 2.56568 2.5032034 2.5508008 2.617939 2.617939 2.6179395 2.6179395 2.61794 2.61794 2.61794 2.61794 2.6179404 2.6179404 2.5508027 2.617941 2.617941 2.617941 2.6179414 0.1454494 1.1915 0.14545035 3.1632516 0.14254865 0.14254865 2.7613997 2.7614 2.7614 2.7614 2.7614 0.17586936 0.14254884 0.0576259 0.12759152 0.057625953 0.12759164 0.05762602 0.05762602 0.14254902 0.76137793 0.76137805 0.76137805 0.76137817 1.0000352 0.7613785 1.0000353 1.0000353 0.14545631 0.14545631 2.7614017 0.14545679 0.14545727 0.14545727 0.14545774 0.14545822 2.7614017 2.7614017
