Export/ASCII/RMeteo_SP_inch/impervious0/net_infiltration_2014_SP4_inch.asc
ncols         660
nrows         338
xllcorner     1476100.0
yllcorner     5017100.0
cellsize      100
NODATA_value  -9.9000000089461e-20
[rows 297 to 323 of 338, columns 480 to 539 of 660]
3.8286324 9.420392 8.680046 8.861758 8.934121 3.7939086 3.793908 7.3122272 2.8794298 2.4754775 2.4754775 2.4754775 2.4754772 2.475477 2.4754767 3.7939067 3.7939067 3.7939067 12.928482 12.928482 12.928482 12.928482 12.928482 7.5771813 5.2250023 5.58697 5.225002 5.225002 7.1669054 3.2695704 3.26957 3.26957 0.5474278 0.3999307 0.3999307 0.39993063 0.45319924 7.3122225 8.387227 7.3122215 7.3122215 7.3122215 0.3999303 0.39993027 0.3999302 0.23902461 0.2390246 0.39993012 0.2390246 0.27573448 3.4494374 4.7569 4.7569 5.4577427 5.4577413 4.7568994 3.8286228 4.7568984 5.473784 4.7568984
5.961851 6.1184325 11.034123 7.3121767 7.3121767 7.3121767 7.3121767 7.3121767 8.387185 2.4754467 2.4754467 2.4754465 2.475446 2.4754457 3.7938676 3.7938676 3.793867 8.267713 12.928428 12.928428 11.861164 11.861162 12.928426 7.166852 7.577124 7.577123 7.577123 7.577122 7.1668496 7.1668496 7.1668496 3.26954 4.72579 4.72579 0.39992335 0.39992326 0.39992326 7.312169 7.312168 8.4406185 7.312168 8.38718 0.39992303 0.39992303 8.267708 4.527792 0.23901945 0.3999229 0.23901935 0.23901935 1.8444875 5.2088723 2.3097148 2.4406934 6.13877 5.208871 4.7568517 5.20887 5.474263 5.2088695
4.756808 3.828548 4.756808 10.19035 8.975478 8.998139 9.346282 9.291099 9.045852 9.874065 10.402241 10.439184 10.448837 10.450377 10.450377 10.450377 10.450377 10.450377 17.240576 12.92838 11.861108 11.861108 8.7833395 8.7833395 12.928376 12.928376 12.928376 7.166797 7.1667967 7.525884 7.1667953 7.1667953 4.7257504 4.7257504 0.5474124 0.5474124 0.39991587 0.3999158 7.3121176 7.3121176 7.3121166 8.723652 7.3121166 0.49919146 8.267662 5.7282295 0.2390141 0.23901407 0.23901407 0.3999155 1.5461167 5.3176026 1.5461166 1.5461164 3.8285375 5.317601 5.2088284 5.3176003 7.312114 10.501253
4.7567596 5.2087884 5.3175488 10.680621 9.054729 9.019407 9.002449 8.94758 8.94758 9.874018 9.4431095 9.002699 9.881634 10.385759 10.439135 10.44879 10.450333 10.450331 17.240503 12.92833 11.861051 11.861051 11.86105 11.86105 12.92833 12.92833 12.92833 8.783263 11.861048 11.861048 11.861046 11.861046 11.861046 4.7257133 0.5474046 3.2694778 0.5474045 0.39990863 2.87933 8.387087 8.387087 8.783246 8.387085 7.312063 0.3999084 0.6147766 1.5460923 0.23900884 0.23900884 0.23900884 1.546092 6.1306386 3.828495 3.8284945 4.756757 5.4575953 5.3175526 5.4575953 8.387083 9.038233
5.208746 3.8284607 4.756713 10.190229 7.3120193 7.3120193 7.3120193 8.387044 8.723539 8.783179 8.921684 8.947522 9.873968 10.384148 10.439083 10.448736 10.450279 10.450279 10.450279 17.240427 11.860994 11.860992 11.860992 11.860992 11.860992 11.860992 8.78319 8.78319 11.8609915 11.8609915 11.8609915 11.8609915 11.8609915 11.86099 11.86099 11.86099 11.860989 2.4753492 3.0342069 2.4753492 3.0342069 3.1229987 3.0342066 2.8792963 2.4753485 2.4753482 1.5460671 0.23900364 0.23900364 0.23900358 1.546067 2.5991628 4.7567096 3.8284512 5.2087426 5.4575467 5.4575458 5.4575458 4.3920383 8.99857
5.616642 5.457493 5.4655433 5.47946 21.234165 11.860941 2.4753222 7.311967 8.386997 8.723486 8.783121 8.921627 9.873918 10.384097 10.439031 10.448686 10.450229 10.450227 10.450227 0.5473898 0.54738975 11.860936 11.860936 11.860936 11.860936 11.860936 11.860936 11.860936 11.860934 11.860934 11.860934 11.860932 11.860932 4.725635 4.725635 4.725635 7.311961 5.3363795 2.475318 2.4753177 2.4753175 2.4753175 2.4753172 2.475317 2.475317 2.475317 2.475317 2.4753165 0.3998934 0.23899832 1.5460417 1.5460417 5.208699 3.8284068 5.317456 5.4655457 5.4574966 5.4655457 5.051444 4.5809255
5.317406 5.457442 5.4574413 5.4654927 17.865475 3.2693892 3.2693887 3.2693887 7.3119144 7.3119135 7.3119135 7.3119135 7.3119125 7.3119125 8.267498 7.3119125 7.3119125 8.267496 8.267496 0.7117653 0.54738206 0.54738206 0.547382 0.54738194 11.860878 11.860878 11.860878 11.860878 11.860878 11.860878 11.860878 11.860878 13.528433 4.7255964 4.725596 3.7936664 2.8792324 8.360148 7.3119087 7.3119087 2.4752867 2.4752865 2.4752865 2.850892 2.475286 2.475286 2.475286 8.26749 0.39988622 0.3998862 2.4752853 1.546017 5.317411 5.7575717 3.8283644 5.471783 5.4654984 5.4717827 5.317823 5.051398
3.82833 3.82833 4.7565684 3.828329 3.8283286 3.2693589 4.7255626 4.7255626 11.860825 7.311863 8.386905 7.311863 8.386905 8.723379 8.783007 7.311863 7.311861 8.386903 9.649844 0.3998798 0.5473743 0.54737425 0.3998797 0.54737425 0.54737425 11.860821 11.860821 12.14006 11.860821 11.860819 11.860819 11.860819 11.860819 11.860819 4.7255583 3.7936277 7.311857 8.071077 7.311857 7.3118563 7.3118563 2.475255 2.475255 2.475255 2.475255 2.4752548 2.4752548 2.4752548 7.3118534 0.39987886 8.2674465 8.2674465 3.828322 2.4093387 2.4093382 3.8283215 3.828321 3.8283205 5.0001545 3.8283205
4.7565217 5.208573 5.3173084 5.8431225 5.885525 19.258778 4.7255235 4.7255235 11.860768 11.860766 7.3118095 8.386856 3.0340679 2.4752278 7.3118086 8.386855 8.723321 8.782947 9.847925 0.51854074 0.39987245 0.39987242 0.3998724 0.54736656 0.5473665 8.782893 11.8607645 11.8607645 11.8607645 11.8607645 11.8607645 11.8607645 0.5473662 0.5473662 11.860764 11.860762 14.160332 8.635904 7.311805 8.386852 8.413647 7.311803 2.475224 2.475224 2.475224 2.4752238 2.4752238 2.4752235 2.8791661 3.0340333 3.0340333 9.419963 3.8796506 2.4093056 2.482625 4.756518 4.756518 4.756518 5.5758038 3.8282766
3.8282442 4.756474 5.2085304 5.317261 5.457294 17.824976 3.269297 3.2692966 10.811034 11.860709 11.860709 7.311757 4.484055 3.7935524 3.793552 7.311756 8.386809 8.723268 0.48705256 0.39986524 0.39986515 0.39986512 0.5473589 0.5473589 0.5473589 8.782821 11.860704 11.860704 11.860704 8.782818 11.860704 11.860704 0.5473585 0.54735845 0.54735845 0.5473584 0.5473584 16.897612 8.3868065 8.723273 9.227285 7.3117523 8.386805 7.3117504 2.4751923 2.4751918 2.4751916 2.4751914 7.3117495 2.4751914 3.0381246 2.4751909 1.5459422 1.593764 3.8282356 5.2085285 5.2085285 5.2085285 6.003971 4.7564716
4.756428 5.2084885 3.8282018 3.8282008 4.756427 16.938099 11.860652 10.810973 11.86065 11.86065 11.86065 7.3117065 4.484014 3.7935133 3.7935128 7.3117056 8.386764 8.723214 0.3998579 0.3998579 0.39985788 0.39985788 3.2692637 3.2692637 3.2692637 11.860649 8.782747 8.782745 11.860649 4.725444 3.269263 11.860647 8.782745 8.782745 0.5473507 0.54735065 0.54735065 0.54735065 0.6542704 8.782845 9.138351 8.748537 7.311698 7.311698 8.386756 7.311698 2.4751606 2.879101 2.4751604 2.8790996 7.311696 2.4751604 1.5459175 1.5459175 2.0776312 2.3800192 5.3172174 5.3172164 6.0151334 5.208484
4.7563806 5.2084455 5.7375417 5.949625 6.0930443 5.7169156 17.960869 11.860598 11.860598 11.860598 11.860598 11.860598 7.311651 8.386715 8.72316 7.311651 7.311651 7.311651 0.45311755 0.39985055 8.267279 2.4751334 2.4751332 2.4751332 3.2692325 3.2692325 3.2692325 3.2692323 3.2692323 3.2692323 3.2692323 3.2692323 11.860592 11.860592 0.54734313 0.5473431 0.5473431 0.54734296 0.5473429 0.4928585 9.485977 8.386709 7.3116446 8.386708 7.3116436 8.386707 7.3116436 7.3116436 2.4751294 2.4751294 2.4751294 2.4751291 2.475129 1.5458922 1.5458922 1.5458922 1.5458922 5.4572024 3.8281465 5.3171678
4.7563324 3.828115 3.8281145 4.756332 5.2084017 5.317118 17.764885 11.860541 11.860539 11.860539 11.860539 11.860539 7.3115997 8.386668 8.7231045 8.782718 8.92122 8.947066 8.947066 8.947066 9.8735695 3.2920008 2.4751024 2.4751022 2.4751022 3.2692022 3.2692022 3.2692022 3.2692022 2.475101 3.2692018 11.860534 11.860532 11.860532 11.860532 11.860532 11.860531 11.860531 11.860531 7.311595 9.716949 8.386663 7.311595 8.723109 8.770234 7.311594 8.413454 7.311594 7.311594 2.475098 2.475098 2.4750977 2.4750972 1.5458674 1.5458674 1.5458674 1.5458674 2.4403446 2.0775723 3.828104
3.828072 5.4740653 3.828072 3.828072 4.756285 5.208359 17.506706 11.860481 11.860481 11.860481 11.860481 11.860481 11.860481 7.311549 8.386621 8.723051 8.78266 8.921162 8.947008 8.947007 9.87352 3.2919657 2.475071 2.4750707 2.4750705 2.4750702 2.47507 3.2691708 3.2691705 3.2691705 3.2691703 0.54732776 0.54732776 0.54732776 0.5473277 3.2691696 2.475069 2.475069 2.4750688 2.8790057 7.3115425 9.716976 9.6346855 9.660971 8.386618 9.227062 7.3115416 8.386616 3.7933884 3.7933874 2.475067 2.475067 7.3115396 3.828061 1.5458426 1.5458426 1.5458425 1.5458424 1.545842 2.0775428
3.8280287 5.8852673 3.8280282 4.756245 3.8280282 4.7562366 5.2083154 11.860428 11.860426 11.860426 11.860426 11.860426 11.860426 7.311496 8.386576 7.311496 7.311496 2.4750395 2.4750395 2.4750395 2.4750392 2.4750392 2.475039 2.475039 2.475039 2.4750388 2.4750388 2.4750388 3.2691405 11.86042 11.86042 0.54732007 0.54732007 0.54732 0.54731995 3.2691393 2.4750376 2.4750373 2.475037 2.475037 3.7678952 9.265032 9.793225 8.267143 10.954238 9.301644 4.72388 3.7933486 3.793348 3.7933476 7.311488 2.8789713 2.4750352 4.7562356 3.8280187 3.8280187 3.9404097 3.8280177 1.5458174 1.5458173
4.756198 5.7863693 4.756198 3.8279862 5.20828 3.8279858 4.7561893 22.249006 11.860369 11.860369 11.860369 11.860369 11.860369 11.860369 7.3114443 8.7732725 9.421971 2.475009 2.475009 2.475009 2.4750087 7.3114433 3.7933145 2.4750078 2.4750075 2.4750075 2.4750075 2.4750075 2.4750073 11.860363 10.810656 10.810656 4.7252507 4.7252507 3.2691085 3.2691083 3.269108 2.4750063 2.4750063 2.4750063 3.0338092 8.2671 8.2671 10.835431 7.3114367 7.3114367 3.79331 3.79331 7.3114357 8.413308 7.3114357 7.3114357 2.475004 2.309294 4.756186 4.756185 5.0272617 3.827973 4.7561765 3.827973
5.208237 3.8279405 3.8279405 4.756148 3.8279405 5.3169384 3.8279405 3.8279405 11.860313 11.860313 11.860313 11.860313 11.8603115 11.8603115 7.311393 7.311393 8.386482 8.722889 7.311393 2.8789098 2.4749773 7.311392 4.8821545 2.474977 2.474977 2.4749765 2.4749763 2.4749763 2.474976 11.86031 10.810595 10.810595 3.2690783 3.2690783 3.2690783 3.269078 3.269078 2.4749749 2.4749749 2.4749749 2.4749749 9.610854 9.952216 7.311385 8.386476 4.4837604 8.722883 8.386476 9.226894 7.311385 8.41326 7.3113832 7.3113832 1.5457689 2.3092642 5.208228 5.5356603 4.7561393 5.2082267 3.8279314
5.316894 4.756103 4.7561026 5.2081947 4.756102 3.8278985 5.6459618 5.7783995 15.414068 11.860252 11.860252 11.860252 11.860252 11.860252 14.159746 7.3113394 8.386434 7.3113394 8.386434 3.7932355 3.793235 7.3113394 7.3113394 2.8788764 2.4749455 2.4749455 2.4749453 2.4749453 2.4749453 2.4749453 12.332657 3.2690473 4.7251735 4.7251735 3.269047 2.4749446 2.474944 2.474944 2.474944 2.4749439 5.2095823 2.4749434 3.2269306 2.4749432 8.722837 4.804363 3.793231 9.519164 8.38643 9.22684 7.3113327 7.3113317 8.386429 3.82789 1.5457435 2.3797965 5.354515 5.208185 5.316882 6.0741615
5.4568715 3.8278546 16.937454 3.8278542 5.3168435 4.756054 3.8278542 4.756046 16.937426 11.860199 11.860199 11.860197 11.860197 11.860197 11.860197 7.311289 8.386389 7.311287 7.311287 3.7931957 3.7931957 7.311286 8.386386 8.722778 3.0816488 2.4749143 2.4749143 2.474914 2.474914 2.4749138 4.725136 3.2690165 4.725136 12.9275675 3.2690158 3.2690158 2.4749131 2.4749131 2.474913 2.8505142 2.4749124 2.4749124 3.793192 3.793192 4.8043194 3.793192 9.377331 7.3112803 9.5191 8.386381 7.3112793 8.386381 8.722782 9.419426 1.5457184 2.4722533 1.5457184 5.3168344 6.149229 4.756044
5.456824 3.8278122 15.4139185 6.1631246 4.725101 17.764265 5.2081075 11.860143 11.860143 11.860143 11.860143 11.860143 11.860141 11.860141 11.86014 11.86014 7.3112354 8.773047 9.421751 5.518817 3.793156 7.3112345 7.3112345 7.3112345 2.4748833 2.4748833 2.4748833 2.4748833 7.3112335 3.793155 3.7931545 8.782085 11.860136 11.860136 3.2689853 3.2689853 2.474882 2.474882 2.4748816 2.4748814 2.4748814 2.474881 3.7931519 3.7931519 3.7931519 4.723647 8.386336 7.311228 7.311228 8.413116 7.311228 8.722727 8.782321 7.311228 7.311228 1.5456933 1.5456932 2.8164876 5.208098 3.8278017
5.8082204 4.7559605 11.860086 4.7250633 4.7250633 11.860084 11.860084 17.506104 11.860084 11.860084 11.860084 11.860084 11.860084 11.860082 11.860082 11.860082 11.860082 7.311183 8.386293 8.722671 8.782252 8.946063 9.3453245 9.340381 9.447545 3.2994773 7.311181 8.3862915 8.386292 3.7931154 3.793115 4.725059 11.860078 11.860078 3.2689552 3.268955 3.268955 3.2689548 2.4748502 2.4748502 2.47485 2.4748497 2.4748497 7.3111763 3.7931135 3.7931125 8.433417 8.386289 9.226675 7.3111753 7.3111753 9.37475 7.3111753 8.386288 8.386288 3.8277588 1.5456681 1.5456681 4.8670616 3.8277578
2.6864247 2.3091207 1.545649 4.7250247 4.7250247 11.860027 11.860026 11.860026 11.860026 11.860026 11.860026 11.860026 11.860026 11.860026 11.860026 11.860026 11.860026 7.3111324 8.386248 8.722619 8.782199 8.920699 7.3111324 8.386247 8.722617 8.782197 8.920697 9.317409 8.722625 7.3111315 7.3111305 8.266842 8.266841 12.927417 11.860023 11.860023 3.268923 3.268923 3.268923 3.2689228 2.4748187 2.4748185 2.680879 3.7930727 3.7930727 5.2620463 7.311125 9.518914 8.386243 7.311125 7.311125 10.419565 8.266837 9.153876 7.311124 7.311123 3.8277159 1.5456437 2.5046675 3.8277154
2.4088478 1.5456246 3.8276825 3.827682 11.859972 11.859972 11.859972 11.859972 11.859972 11.85997 11.85997 11.85997 11.85997 11.85997 11.85997 11.85997 11.85997 7.31108 8.3862 8.722563 3.081507 3.7930374 3.7930374 7.311079 7.311079 7.311078 7.311078 7.311078 8.782156 8.3862 0.4530353 8.863108 9.792898 8.266798 12.927366 0.0 5.3351994 11.859963 11.859963 3.2688928 3.2688925 2.4747872 2.474787 7.3110733 3.7930331 3.7930331 4.483508 5.2491093 8.386193 7.3110704 7.3110704 10.070801 3.0335846 3.443366 9.328101 7.3110695 4.7558537 3.8276725 2.077279 3.0205252
2.408815 3.8276405 4.755819 4.7558184 3.8276396 3.8276396 15.413594 11.859914 11.859914 11.859914 11.859914 11.859914 11.859914 11.859914 11.859912 11.859912 11.859912 11.859912 7.3110256 7.3110256 2.4747593 3.7929983 3.7929983 7.3110247 8.412931 9.226509 9.187902 9.421526 9.931599 0.5543717 0.39976242 0.48147744 9.264537 8.863057 11.859907 11.859907 15.494131 12.927314 11.859903 11.859903 11.859903 7.165658 6.3959255 7.31102 6.4207687 7.31102 7.31102 8.722509 7.31102 7.311019 8.412925 7.311019 2.474755 2.4747548 2.4747548 7.311017 10.92049 3.82763 1.5455936 2.0772495
3.9134552 3.2482536 2.4087818 3.8275967 5.026873 5.5937552 5.3645887 5.61567 17.863226 11.859855 11.859855 11.859855 11.859855 11.859855 11.859855 11.859855 11.859855 11.859853 8.386107 3.0335126 4.483429 3.7929592 2.4747274 2.4747274 7.310973 8.386106 8.722453 8.782023 8.920523 0.4946056 0.39975503 0.399755 0.39975494 10.201333 7.310973 7.310973 8.266712 8.266712 11.859848 11.859847 11.859847 7.5946918 3.792955 8.386103 8.406624 7.3109703 9.189665 8.386102 7.3109694 8.386102 9.226453 7.3109674 7.3109665 2.4747226 2.4747226 8.386099 9.576064 9.419092 3.8275862 1.5455686
9.419063 5.093587 2.482053 3.8521516 4.808938 5.2142053 5.3164945 5.4565096 5.4645686 5.4645686 17.863949 11.859798 11.859798 11.859798 11.859798 11.859798 11.859798 11.8597975 11.8597975 2.4746969 3.792919 3.792919 2.4746966 2.474696 7.3109217 8.386058 8.722398 8.781962 8.920463 0.49459773 0.3997476 0.39974758 7.31092 9.301206 11.131831 8.266666 0.47608846 0.65544474 11.859794 11.859794 11.859794 11.859794 3.792916 8.7224045 7.310918 8.386056 9.47915 8.412831 7.310916 8.722403 9.137492 8.386053 7.310915 7.310915 3.7929137 4.723379 7.310915 8.67867 9.419042 3.8275428
3.4711454 7.310874 4.483348 7.310873 7.310873 4.0928836 3.827509 4.7556663 3.8275084 3.8275084 4.7556653 5.207799 5.3164454 3.827506 15.413361 11.85974 11.85974 11.859737 11.859737 2.4746654 2.4746654 7.31087 8.386011 8.722343 8.781906 8.920404 8.946268 8.946266 8.946266 9.872877 10.383038 7.3108664 8.386008 8.722341 9.708513 11.715542 7.3108654 11.859735 11.859735 11.859735 11.859735 11.859733 4.7248254 8.832219 7.3108654 8.722349 9.582679 9.226344 7.3108635 8.781919 9.401074 7.3108625 8.386006 8.386006 3.7928746 4.4833403 3.7928736 8.860254 8.678614 7.3108606
