Export/ASCII/RMeteo_SP_inch/impervious0/net_infiltration_2017_SP1_inch.asc
ncols         660
nrows         338
xllcorner     1476100.0
yllcorner     5017100.0
cellsize      100
NODATA_value  -9.9000000089461e-20
[rows 312 to 337 of 338, columns 590 to 648 of 660]
0.34149957 0.48 0.529191 0.52918386 0.52918386 0.52918386 0.52918386 0.52918386 0.52918386 0.34149957 0.34149957 0.48 0.52918386 0.34149957 1.2643108 1.2643108 1.2643108 1.2643108 1.2643104 1.2643104 1.2643104 1.2643104 1.2643101 1.2643101 0.6343962 0.6343962 1.2643101 1.2643101 1.2643101 1.2643101 0.09702238 0.09702238 0.09702237 0.712432 0.712432 0.712432 0.8955203 0.8955203 0.712432 0.8955203 0.8955203 0.9119946 0.88830817 0.88830817 0.72979796 0.8883077 0.8883077 0.72979796 0.8883077 0.8883077 0.8883077 0.72979796 0.8883077 0.8883077 0.72979796 0.8883077 0.8883077 0.8883077 0.8883077
0.5291896 0.7028594 0.5291753 0.5291753 0.5291753 0.34149814 0.48 0.5291753 0.5291753 0.62234545 0.71999997 0.59437084 0.34149814 0.52918243 0.71999997 1.7499123 1.3384604 1.2643044 1.2643044 1.2643044 1.2643044 1.2643044 1.2643044 1.2643042 0.6343933 0.6343933 1.2643042 1.2643042 1.2643042 1.2643042 0.09702178 0.09702178 1.1077533 0.88491166 1.1069299 0.89551556 0.89551556 0.89551556 0.89551556 0.89551556 0.8955151 0.9119903 0.8883039 0.8883039 0.8883039 0.8883039 0.8883039 0.8883039 0.8883039 0.8883034 0.8883034 0.8883034 0.8883034 0.8883034 0.729797 0.8883034 0.8883034 0.8883034 0.729797
0.3414967 0.3414967 0.3414967 0.3414967 0.48 0.5291648 0.5291648 0.5291648 0.5415392 0.029961333 0.015818171 0.3414967 0.48 0.5291648 0.5291648 1.6741405 1.3384545 0.4810037 1.2642984 1.2642984 1.2642984 1.2642984 1.2642984 1.2642982 1.2642982 1.1077497 1.2642977 1.2642977 1.2642977 1.2642977 1.2642977 0.70208776 0.70208776 0.7124299 0.71242964 0.8955103 0.8955103 0.8955103 0.8955103 0.8955103 0.8955103 0.9119855 0.88829863 0.88829863 0.88829863 0.88829863 0.88829863 0.88829863 0.88829863 0.88829863 0.88829863 0.88829863 0.88829863 0.88829863 0.88829863 0.88829863 0.72979605 0.88829863 0.88829863
0.5291705 0.48 0.34149528 0.024019485 0.015817074 0.34149528 0.48 0.015817074 0.01581705 0.01581705 0.015817026 0.34149528 0.34149528 0.34149528 0.34149528 0.48 0.4810014 0.4810014 0.4810014 1.2642925 1.2642925 1.2642925 1.2642925 1.2642925 1.2642925 1.2642925 1.264292 0.7020863 0.7020863 0.7020863 0.8849052 0.941538 0.8849095 0.941538 0.27894905 0.7124287 0.7124287 0.7124287 0.7124287 0.89550555 0.89550555 0.91198075 0.88829386 0.88829386 0.88829386 0.88829386 0.88829386 0.88829386 0.88829386 0.88829386 0.88829386 0.88829386 0.88829386 0.88829386 0.8882934 0.8882934 0.8882934 0.8882934 0.8882934
0.015815906 0.015815906 0.52916 0.024018174 0.015815882 0.015815858 0.015815858 0.015815858 0.015815858 0.015815858 0.015815835 0.01581581 0.40485585 0.01581581 0.01581581 0.01581581 0.02995804 0.14713754 0.14713754 0.34149384 1.5382426 1.2642865 1.2642865 0.70208514 0.8745583 0.8745583 0.8745583 0.87455785 1.0346893 0.054584444 0.046531163 0.40097642 0.71242774 0.94152987 0.3428415 0.48099858 0.71242774 0.89550126 0.89550126 0.89550126 0.89550126 0.91197646 1.0788065 0.8882891 1.0163628 0.8882891 0.8882891 0.8882891 0.8882891 0.8882891 0.8882891 0.8882891 0.8882891 0.8882891 0.8882891 0.8882891 0.8882891 0.8882891 0.8882891
0.04653064 0.04653064 0.015814763 0.22039917 0.14713334 0.14713334 0.015814736 0.015814714 0.015814714 0.14713334 0.015814714 0.01581469 0.01581469 0.01581469 0.046530593 0.046530593 0.015814666 0.33375478 0.47173572 0.48 0.37196064 0.25520062 0.3414924 0.48 0.5291362 0.53853023 0.4009732 0.4009732 0.046530567 0.046530567 0.046530567 0.046530567 0.70208347 0.10734138 1.2642798 1.2642798 1.2642796 1.1077385 0.2789439 0.2789438 0.046530496 0.04582993 0.9342669 0.69490707 0.7297932 0.8882843 0.8882843 0.8882843 0.8882843 0.8882843 0.8882843 0.8882843 0.7297932 0.7297932 0.7297932 0.7297932 0.7297932 0.7297932 0.7297932
0.04653002 0.04653002 0.015813617 0.015813617 0.34149098 0.34149098 0.34149098 0.01581357 0.01581357 0.14712867 0.14712848 0.015813544 0.04652995 0.04652995 0.04652995 0.04652995 0.015813522 0.015813522 0.31324467 0.31324467 0.31324467 0.34149098 0.14712828 0.14712828 0.14712828 0.25519478 0.25519478 0.40096998 0.0465299 0.0465299 0.0465299 0.0465299 0.0465299 0.097018786 1.2642736 1.2642736 1.2642734 1.2642734 0.27894133 0.27894124 0.046529874 0.32279783 0.72979224 0.6949061 0.72979224 0.72979224 0.88828003 0.72979224 0.88828003 0.72979224 0.88828003 0.72979224 0.88828003 0.72979224 0.88828003 0.88828003 0.88828003 0.72979224 0.88827956
0.015812472 0.015812472 0.046529375 0.015812425 0.015812425 0.48 0.48 0.70279074 0.32054782 0.16396922 0.1471241 0.0158124 0.046529353 0.0158124 0.0158124 0.0158124 0.015812378 0.015812378 0.31324366 0.48 0.38164008 0.48 0.187648 0.27893895 0.01581233 0.01581233 0.015812304 0.71242464 0.056521356 0.04652928 0.04652928 0.71242464 0.110044986 0.097018205 1.2642677 1.2642674 1.2642674 1.2642674 1.2642674 0.27893874 0.27893874 0.2752921 0.72979105 0.90438426 0.7297913 0.8882748 0.8882748 0.8882748 0.8882748 0.8882748 0.8882748 0.8882748 0.8882748 0.8882748 0.8882748 0.8882748 0.8882748 0.8882748 0.8882748
0.34148812 0.015811328 0.015811328 0.015811328 0.34148812 0.5291233 0.541492 0.23590162 0.1471197 0.015811305 0.1471197 0.1471197 0.1471197 0.1471197 0.35183215 0.3689115 0.25518358 0.34148812 0.46404082 0.3816344 0.6867348 0.313243 0.45058668 0.7124237 0.05652052 0.04652866 0.04652866 0.04652866 0.04652866 0.09701759 0.04652866 0.04652866 0.04652866 0.09701759 1.2642615 1.2642615 1.2642615 1.2642615 0.7020792 0.8745364 0.32878256 0.27528962 0.27528962 0.27528962 0.72979033 0.88827 0.88827 0.88827 0.88827 0.88827 0.88827 0.72979033 0.88827 0.88827 0.72978985 0.88826954 0.88826954 0.88826954 0.88826907
0.52911425 0.48 0.3414867 0.3414867 0.3414867 0.3414867 0.024011523 0.14711504 0.14711504 0.015810136 0.015810087 0.14711474 0.14711474 0.14711474 0.25517786 0.3518312 0.3518312 0.48 0.313242 0.61033773 0.61033773 0.61033773 0.40096068 0.046528086 0.046528038 0.046528038 0.046528038 0.046528038 0.09701703 0.09701703 0.09701703 0.046528038 0.046528038 0.09701701 0.09701701 0.097017005 0.70207775 0.8745302 0.70207775 0.70207775 0.2789336 0.27528724 0.27528724 0.27528724 0.7200159 0.8768045 0.8882662 0.7297894 0.8882657 0.8882657 0.8882657 0.8882657 0.8882657 0.8882657 0.8882657 0.8882657 0.8882657 0.8882657 0.8882657
0.34148526 0.5291052 0.34148526 0.48 0.7027559 0.027784402 0.015808992 0.015808992 0.015808992 0.015808992 0.015808966 0.015808966 0.015808966 0.015808966 0.25517225 0.34148526 0.48 0.5290899 1.415513 0.8745378 0.8745259 0.8745259 0.8745259 0.054579843 0.04652742 0.04652742 0.04652742 0.04652742 0.09701645 0.11132223 0.09701644 0.09701644 0.059868112 0.046527397 0.046527397 0.046527397 0.27893123 0.7020763 0.8745254 1.2 0.35833234 0.27528465 0.27528465 0.045826852 0.69490135 0.86706793 0.9194194 1.2 0.88826096 0.88826096 0.88826096 0.88826096 0.8882605 0.8882605 0.8882605 0.8882605 0.8882605 0.8882605 0.8882605
0.48 0.48 0.52909565 0.7151232 0.55180454 0.03343366 0.046526846 0.046526846 0.015807847 0.046526846 0.046526846 0.046526846 0.046526846 0.046526823 0.046526823 0.34148383 0.48 0.37187672 0.46751702 0.7020751 0.7020751 0.046526775 0.046526775 0.046526775 0.046526775 0.13005398 0.097015835 0.097015835 0.097015835 0.097015835 1.2642436 0.097015806 0.055997886 0.05986742 0.046526704 0.046526704 0.27892855 0.27892855 0.4092797 0.7020749 0.27892846 0.045826234 0.045826234 0.045826234 0.045826234 0.045826234 0.045826234 0.049165502 0.729787 0.88825524 0.88825524 0.88825524 0.88825524 0.88825524 0.88825524 0.88825524 0.88825524 0.88825524 0.88825524
0.48 0.71999997 0.814212 0.5941205 0.5414505 0.02994245 0.015806727 0.046526227 0.046526205 0.046526205 0.046526205 0.046526205 0.046526205 0.046526205 0.059484996 0.7020737 0.87451494 0.3174634 0.7020737 0.7020737 0.87451494 0.046526156 0.046526156 0.059484925 0.097015254 0.097015254 0.097015254 0.097015254 0.097015254 0.097015254 1.2642374 0.097015254 0.097015254 0.046526108 0.046526108 0.046526108 0.27892607 0.34280518 0.94336665 0.49727976 0.056516707 0.045825586 0.045825586 0.045825586 0.045825586 0.045825586 0.045825586 0.045825586 0.396765 0.72978604 0.72978604 1.0355264 1.0787121 0.88825095 0.88825095 0.88825095 0.88825095 0.88825095 0.88825095
0.14709692 0.34148097 0.48 0.5290632 0.5290632 0.5290632 0.027778728 0.04652561 0.04652561 0.04652561 0.04652561 0.046525583 0.046525583 0.70207226 0.70207226 0.70207226 0.87451017 0.87451017 0.87451017 0.87451017 0.87451017 1.1827167 0.87451017 0.70207226 1.2642314 1.2642314 1.2642314 1.2642314 1.2642314 1.2642314 1.2642314 0.09701466 0.09701465 0.046525512 0.09701464 0.09701462 0.7124182 0.7124182 0.40094745 0.94144666 0.94144666 0.04582502 0.04582502 0.04582502 0.04582502 0.04582502 0.04582502 0.05899445 0.396762 0.27527732 0.27527723 0.2752771 0.7297851 0.9341947 1.0786992 1.0786992 0.8882457 0.8882457 0.8882457
0.14709233 0.14709233 0.14709233 0.14709233 0.35182595 0.48 0.06934952 0.046524964 0.046524964 0.046524964 0.046524964 0.046524964 0.7020711 0.87450445 0.87450445 0.87450445 0.87450445 0.87450445 0.87450445 0.87450445 0.87450445 0.70207083 0.70207083 0.87450445 1.4392407 1.2642255 1.2642255 1.2642255 1.2642255 1.2642255 1.2642255 0.09701404 0.09701404 0.04652487 0.09701404 0.48097494 0.48097494 0.04652487 0.04652487 0.71241724 0.71241724 0.04582442 0.04582442 0.04582442 0.045824394 0.045824394 0.045824394 0.045824394 0.04582437 0.27527472 0.27527472 0.27527472 0.27527472 0.72978413 0.72978413 0.72978413 0.8767754 0.89666665 0.8882414
0.48 0.48 0.2554183 0.14708766 0.14708766 0.27891892 0.40094173 0.40094173 0.27891874 0.70206964 0.8744992 0.8744992 0.8744992 0.8744992 0.8744992 0.8744992 0.8744992 0.054576002 0.046524275 0.07010962 0.7020694 0.8744987 0.8744987 0.8744987 1.6281943 1.2642193 1.2642193 1.2642193 1.2642193 1.2642193 1.2642193 0.09701347 0.09701347 0.09701347 0.09701342 0.48097247 0.09701342 0.04652425 0.05986487 0.09701342 1.3383775 1.3748055 0.045823824 0.045823824 0.045823824 0.0458238 0.0458238 0.045823775 0.045823775 0.045823753 0.045823753 0.045823753 0.045823753 0.3967557 0.3967557 1.0584806 0.7297832 0.71675694 0.7297832
0.26511407 0.383291 0.48 0.54141474 0.5393815 1.0860163 0.4748808 0.4009385 0.27891624 0.27891624 0.32594275 0.7020682 0.87449396 0.87449396 0.87449396 0.87449396 0.054575242 0.04652368 0.04652368 0.04652368 0.702068 0.702068 0.40093827 0.702068 1.2642133 1.2642133 1.2642133 1.2642131 1.2642131 1.2642131 1.2642131 0.09701286 0.04652363 0.09701285 0.09701285 0.09701285 0.09701285 0.04652358 0.04652358 0.09701283 1.3383715 1.3747985 0.04582318 0.04582318 0.04582318 0.04582318 0.04582318 0.04582318 0.04582318 0.04582318 0.04582318 0.045823157 0.48234415 0.3967526 0.3967526 0.4823438 1.0584606 0.72000635 0.71675575
0.34147573 0.48 0.5290265 0.5414071 1.1115421 0.8744887 0.8744887 0.8744887 0.47487116 0.27891368 0.27891368 0.27891368 0.27891368 0.27891368 0.71241415 0.49725342 0.40093505 0.046523035 0.046523035 0.046523035 0.70206654 0.8744887 0.53622174 0.40093493 1.2642076 1.2642076 1.2642074 1.2642071 1.2642071 1.2642071 0.09701228 0.09701228 0.04652296 0.04652296 0.09701225 0.09701225 0.09701224 0.04652296 0.04652296 0.09701222 1.3383663 1.3747916 0.04582256 0.04582256 0.04582256 0.04582256 0.04582256 0.04582256 0.04582256 0.04582256 0.04582256 0.04582256 0.9341587 0.39674962 0.39674962 0.9341587 0.9341587 1.0047959 0.7200049
0.2551266 0.3414743 0.48 0.529017 0.5383955 0.40093207 0.40093207 0.70206535 0.4748664 0.40093207 0.40093207 0.70206535 0.32874745 0.2789111 0.2789111 0.40093207 0.40093195 0.046522412 0.046522412 0.046522412 0.7124132 0.93106544 0.40093184 0.40093184 1.2642014 1.2642014 1.2642014 1.2642014 1.2642014 1.2642014 0.097011685 0.04652234 0.04652234 0.04652234 0.04652234 0.09701167 0.09701167 0.04652234 0.04652234 0.09701166 0.05651156 0.05459398 0.045821965 0.045821965 0.045821965 0.045821965 0.045821942 0.054593936 0.054593936 0.05459391 0.045821916 0.045821916 0.7297803 0.39674652 0.39674652 0.87675774 0.87675774 0.8669809 0.8669809
0.2551211 0.34147286 0.34147286 0.48 0.4009291 0.4009291 0.7020639 0.87447774 0.40092897 0.40092897 0.40092897 0.7020639 0.7020639 0.87447727 0.7020639 0.7020639 0.05457293 0.046521794 0.046521794 0.046521794 0.046521768 0.7020639 0.48 0.48 1.5870392 1.264195 1.264195 1.264195 1.264195 0.09701109 0.097011074 0.046521723 0.046521723 0.046521723 0.046521723 0.046521723 0.046521723 0.0465217 0.0465217 0.0465217 0.94139683 0.9341413 0.05459308 0.05459308 0.05459308 0.045821346 0.045821346 0.7297791 0.7297791 0.7297791 0.045821346 0.04582132 0.39674342 0.39674342 0.39674342 0.86697614 0.86697614 0.86697614 0.86697614
0.25511527 0.25511527 0.34147143 0.34533727 0.25511515 0.400926 0.40092587 0.40092587 0.40092587 0.40092587 0.40092587 0.7020625 0.8744725 0.8744725 0.8744725 0.054572143 0.04652115 0.0157975 0.102291584 0.14706421 0.02107964 0.14706421 0.14706421 0.147064 0.34147096 1.2641892 1.2641892 1.2641892 0.09701048 0.09701048 0.046521075 0.046521075 0.046521075 0.046521075 0.046521075 0.046521075 0.046521075 0.046521075 0.046521075 0.046521075 0.7124108 0.7297782 0.7297782 0.7297782 0.7297782 0.054592192 0.7297782 0.045820724 0.045820724 0.045820724 0.045820724 0.09973733 0.27525994 0.39674044 0.39674032 0.8669709 0.8669709 0.8669709 0.8669709
0.33373237 0.2551093 0.2551093 0.2551093 0.2551093 0.40092266 0.40092266 0.40092266 0.70206106 0.87446725 0.87446725 0.8744668 0.8744668 0.8744668 0.32873666 0.27890345 0.015796332 0.015796332 0.14705944 0.102276325 0.3337319 0.3337319 0.307536 0.2551086 0.2551086 0.14705923 0.48095843 0.48095843 0.09700989 0.04652048 0.04652048 0.046520457 0.046520457 0.046520457 0.2789032 0.2789032 0.27890307 0.27890307 0.27890307 0.27890307 0.27890307 0.045820106 0.045820106 0.27525756 0.27525756 0.7297772 0.045820106 0.045820106 0.045820106 0.04582008 0.04582008 0.099736735 0.04582008 0.4594841 0.39673734 0.86696565 0.86696565 0.86696565 0.86696565
0.4716003 0.2551036 0.25510347 0.25510347 0.25510335 0.25510335 0.40091932 0.7020596 0.874462 0.874462 0.7020596 0.7020596 0.87446153 0.32873303 0.14705504 0.14705504 0.01579521 0.14705504 0.14705504 0.14705504 0.33373046 0.4715917 0.20112056 0.14705504 0.14705504 0.14705485 0.015795186 0.015795186 0.015795186 0.01579514 0.015795115 0.14705457 0.015795115 0.015795115 0.015795091 0.04651984 0.046519816 0.04651979 0.04651979 0.04651979 0.04651979 0.045819532 0.04581951 0.27525508 0.27525508 0.04581951 0.04581951 0.04581951 0.04581951 0.04581951 0.045819484 1.156137 1.156137 0.8669604 0.4594792 0.8669604 0.8669604 0.8669604 0.8669604
0.48 0.34146714 0.255098 0.255098 0.255098 0.255098 0.7020582 0.87445724 0.87445724 0.87445676 1.1826147 0.7020582 0.87445676 0.18560551 0.14705056 0.34146667 0.48 0.52896976 0.5289693 0.37173212 0.2550975 0.34146667 0.48 0.22023515 0.015794067 0.015794067 0.015794042 0.046519242 0.015794042 0.14705038 0.14705008 0.14705008 0.14705008 0.015793948 0.02819696 0.046519194 0.046519194 0.046519194 0.04651917 0.04651917 0.04651917 0.045818888 0.045818888 0.045818888 0.2752526 0.2752526 0.27525252 0.045818865 0.045818865 0.045818865 0.09973561 1.1561332 1.1561332 0.71999705 0.71999705 0.86695516 0.86695516 0.86695516 0.71999705
0.52897453 0.48 0.3414657 0.2550918 0.2550918 0.3414657 0.70205677 0.8744515 0.8744515 0.70205677 0.87445533 0.70205677 0.70205677 0.3414657 0.48 0.52896166 0.5289612 0.34146523 0.25509155 0.25509155 0.25509155 0.34146523 0.48 0.027757628 0.015792875 0.046518598 0.046518598 0.046518598 0.01579285 0.14704551 0.14704531 0.14704531 0.14704531 0.14704531 0.015792802 0.04651855 0.04651855 0.04651855 0.04651855 0.04651855 0.04651855 0.04581827 0.04581827 0.04581827 0.27525014 0.27525014 0.27525014 0.27525014 0.09973505 0.09973505 0.09973505 1.2991555 1.2991555 1.2991555 1.2991548 0.7199956 0.7199956 0.7199956 0.7199956
0.5290046 0.34146428 0.48 0.25508642 0.2550863 0.34529996 0.70205534 0.70205534 0.70205534 1.0345076 0.8744501 0.8744501 0.48 0.34146428 0.34146428 0.34146428 0.5289588 0.48 0.3414638 0.2550856 0.2550856 0.3518145 0.3518145 0.25508547 0.015791707 0.015791707 0.04651798 0.046517953 0.046517953 0.046517953 0.27889287 0.27889287 0.27889287 0.27889287 0.27889287 0.04651793 0.04651793 0.04651793 0.04651793 0.04651793 0.04651793 0.045817696 0.045817696 0.045817696 0.27524784 0.27524784 0.27524775 0.27524775 0.09973446 1.1561263 1.1561263 0.4937325 1.3747365 1.3747365 1.3747365 1.3747363 0.4937324 0.27524745 0.7199942
