Export/ASCII/RMeteo_SP_inch/impervious0/net_infiltration_2016_SP2_inch.asc
ncols         660
nrows         338
xllcorner     1476100.0
yllcorner     5017100.0
cellsize      100
NODATA_value  -9.9000000089461e-20
[rows 52 to 77 of 338, columns 531 to 589 of 660]
1.0672456 0.32705638 0.32705638 0.3270563 0.3270563 0.5199026 0.5199026 1.0672456 1.3437455 1.0672456 0.51990247 0.5686251 1.0980422 0.9600227 0.9600227 1.0875037 1.3658239 2.1923132 1.5175233 0.7404246 0.6641976 0.9949503 0.6568277 1.8739784 1.8739784 2.166923 1.0077422 1.0077422 1.0077422 0.6568277 0.6568277 0.6568277 0.99494934 0.99494934 0.6641976 0.6641976 0.6641976 0.6641976 0.51055413 1.3217683 1.873977 1.873977 1.873977 1.873977 1.873977 1.3217683 1.3217683 2.0790474 1.7611294 1.7611294 1.8739765 0.48 0.90796155 0.48 0.48 0.48 0.71999997 0.48 0.71999997
1.0672444 0.4204273 0.32705563 0.32705563 0.8238933 0.5199009 0.5199009 1.2982395 1.6438615 1.0672444 0.66124475 0.96001506 0.96001506 0.96001506 0.96001506 1.0672444 1.2493819 1.2453346 1.5175195 0.74042344 0.6641962 0.9949422 0.65682507 1.8739707 1.8739707 1.0077395 1.0077395 1.0077395 1.0077395 0.65682507 0.99494123 0.99494123 0.99494123 0.99494123 0.6641961 0.6641961 0.6641961 0.6641961 1.321763 1.3217628 1.8739698 1.8739698 1.8739698 1.8739698 0.99494076 1.3217628 1.3217628 1.3217628 1.3217628 1.3217628 1.3217628 0.48 0.3183949 0.8059599 0.48 0.48 0.71999997 0.48 0.71999997
1.2982388 1.0672432 0.51989937 0.32705498 0.51989937 0.51989937 0.51989937 0.51989937 1.3437397 1.0672432 0.51989937 0.96000767 0.96000767 0.96000767 0.96000767 1.2982388 1.2982388 1.245327 1.2453265 1.2453265 0.9949331 0.9949331 0.66419494 0.66419494 2.1669104 1.0077369 1.0077369 1.0077368 0.6568229 0.9949329 0.9949329 0.9949329 0.9949329 0.9949329 0.66419494 0.66419494 0.5105521 1.8739629 1.8739629 1.8739626 1.8739626 1.8739626 1.8739626 0.9949329 0.5105521 0.5105521 1.3217578 0.9329817 0.054895394 0.09581797 1.3217578 0.48 0.5074792 0.48 0.93690795 0.48 0.71999997 0.48 0.48
1.067242 0.5169488 0.3270542 0.5198977 0.5198977 0.5198977 0.5198977 0.5198976 1.3490303 1.067242 1.067242 0.960001 0.960001 0.960001 1.0672415 1.0672415 0.960001 1.2453194 1.9615088 0.087736055 0.09581775 0.9949255 0.6641938 0.6641938 2.166905 1.8739555 2.166905 2.166905 1.8739555 0.99492526 1.0077337 1.0077337 1.0077337 0.09581775 0.09581775 0.66419363 0.66419363 1.8739552 1.8739552 1.8739552 1.8739552 1.8739552 0.510551 0.510551 0.510551 0.510551 0.510551 0.32815015 0.054895222 0.09581771 1.3217523 0.48 0.48 0.01996718 0.33536765 0.48 0.71999997 0.48 0.48
1.2982373 0.32705334 0.32705334 1.0672408 1.0672408 0.9599931 0.9599931 0.9599931 0.9599931 1.5425667 1.2982373 1.0672404 1.0672404 1.0672401 1.0672401 1.2982371 1.0672401 0.9599922 1.9615035 0.74041945 0.6641924 0.51055 0.51054996 0.51054996 0.9949174 1.873949 2.166899 1.873949 1.873949 0.9949167 1.007731 1.007731 1.007731 0.095817484 0.095817484 0.095817484 0.095817484 0.095817484 0.9949167 1.8739486 1.8739486 1.8739486 0.51054996 0.51054996 0.5105499 0.3281496 0.3281496 0.3281496 0.3281496 1.3217463 0.09581745 0.008730056 0.025336748 0.008730056 0.1466587 0.22059105 0.008730056 0.71999997 0.71999997
1.34373 1.0672396 1.0726835 1.2717793 1.2982366 0.044324145 0.044324145 0.959985 0.959985 1.3930941 1.3437295 1.0672396 1.0957409 1.0957409 1.2982366 1.6438477 1.2982366 0.9599843 0.7404182 0.7404182 0.6641912 0.51054895 0.51054895 0.51054895 0.09581722 0.09581722 0.6641912 1.8739412 0.9949095 1.8739412 1.0077283 0.5105489 0.5105489 0.09581721 0.09581721 0.09581721 0.09581721 0.09581721 0.09581721 0.6641911 1.8739412 1.8739412 0.51054883 0.51054883 0.51054883 0.05489496 0.05489496 0.05489496 0.05489496 0.51054883 0.51054883 0.51054883 0.3281488 0.05489494 0.3281488 0.05489494 0.008729842 0.71999997 0.7309486
1.3437266 1.0672382 1.2007478 1.0726808 1.4842145 0.04432396 0.04432396 0.327052 0.04432396 0.04432396 0.05871624 0.95997715 1.3455632 1.0264738 0.3270519 0.44134614 0.3270519 1.3437262 1.2452948 1.9614933 0.5105479 1.8739347 0.5105479 0.5105479 0.09581698 0.095816955 0.99490094 0.5105479 0.5105479 0.5105479 0.5105479 0.09581693 0.09581693 0.09581693 0.09581693 0.09581693 0.054894768 0.09581693 0.09581693 0.6641899 1.8739338 1.8739338 0.5105479 0.5105478 0.5105478 0.054894768 0.054894768 0.054894768 0.054894768 0.095816925 0.5105477 0.51054764 0.14665678 0.008729603 0.008729603 0.008729603 0.008729603 0.71999997 0.86293477
1.343724 1.067237 1.2982349 1.2007428 1.5802481 0.044323742 0.044323742 0.32705122 0.044323742 0.044323742 0.044323742 0.044323742 0.044323742 0.044323742 0.044323742 0.32705122 0.32705122 1.343723 1.2452865 2.1922839 0.5105469 1.8739278 0.09581671 0.09581671 0.5105469 0.5105469 0.5105469 0.5105469 0.5105469 0.5105469 0.5105469 0.66418844 0.66418844 0.054894626 0.09581671 0.09581671 0.054894626 0.054894626 0.09581671 1.8739269 1.8739269 1.8739269 0.51054686 0.51054686 0.32814777 0.32814777 0.054894626 0.054894604 0.054894604 0.054894604 0.5105467 0.14665546 0.14665546 0.008729365 0.48 0.48 0.48 0.48 0.71999997
1.3437207 1.298234 1.0672356 1.0874269 0.88246274 1.0126684 0.32705057 0.32705057 0.32705057 0.044323575 0.044323575 0.044323575 0.044323575 0.044323575 0.044323575 0.32705045 0.32705045 0.9599621 1.6922991 1.2452788 0.51054573 0.51054573 0.51054573 0.51054573 0.51054573 0.51054573 0.65681005 0.51054573 0.09581642 1.8739202 1.8739202 0.66418713 0.66418713 0.054894462 0.054894462 0.054894462 0.09581642 0.09581642 0.09581642 1.87392 1.0077196 0.66418713 1.0077196 0.51054573 0.3281471 0.3281471 0.054894462 0.054894462 0.054894462 0.054894462 0.5105456 0.14665431 0.008729079 0.008729079 0.48 0.48 0.48 0.48 0.71999997
1.3437178 1.0672344 1.3437178 0.3270499 0.3270499 0.3270499 0.3270499 0.3270499 0.3270499 0.3270498 0.044323407 0.044323407 0.044323407 0.044323407 0.3270498 0.7929363 0.3270498 0.95995355 0.95995355 1.2452712 0.5105447 0.5105447 0.5105447 0.5105447 0.5105447 0.5105447 0.5105447 0.09581615 0.09581615 0.09581615 0.09581615 0.66418564 0.66418564 0.09581615 0.09581615 0.09581615 0.09581615 0.66418564 0.09581615 0.09581615 1.0077162 1.0077162 1.0077162 0.5105446 0.32814643 0.32814643 0.32814643 0.054894317 0.054894317 0.054894317 0.51054454 0.5144377 0.00872884 0.00872884 0.71999997 0.48 0.48 0.48 0.71999997
1.0672332 1.1526641 0.5173751 0.32704914 0.32704914 0.32704914 0.044323213 0.32704914 0.32704914 0.32704914 0.044323213 0.044323213 0.044323213 0.044323213 0.044323213 0.5198864 0.32704905 0.9599464 0.9599464 1.2452633 0.9948685 0.6641845 0.51054376 0.53016025 0.5105437 0.5105437 0.5105437 0.09581592 0.09581592 0.09581592 0.09581592 0.09581592 0.09581592 0.09581592 0.09581592 0.09581592 0.09581592 0.6641845 0.6641845 0.0958159 1.0077133 1.0077133 1.0077133 0.51054364 0.5105436 0.32814577 0.05489415 0.05489415 0.0958159 0.0958159 0.5105436 0.14665203 0.318331 0.318331 0.318331 0.71999997 0.48 0.71999997 0.008728554
1.2982318 0.9599395 0.35936075 0.32704827 0.32704827 0.044323027 0.044323027 0.044323027 0.32704827 0.044323027 0.044323027 0.32704827 0.32704827 0.32704827 0.32704827 0.044323027 0.32704827 0.32704827 0.538736 0.53873587 0.5105426 0.5105426 0.5105426 0.5105426 0.99486065 0.51054245 0.51054245 0.09581565 0.09581565 0.66418296 0.66418296 0.66418296 0.09581565 0.09581565 0.09581565 0.09581565 0.09581565 0.09581565 0.095815636 0.095815636 1.873898 0.66418296 0.66418296 0.47149837 0.5105424 0.5105424 0.3281451 0.054894008 0.095815614 0.5105424 0.5105424 0.14665088 0.15257491 0.4333012 0.4333012 0.31832385 0.48 0.008728339 0.008728339
1.0672306 0.3270477 0.3270477 0.3270477 0.044322886 0.044322886 0.044322886 0.044322886 0.044322886 0.044322886 0.044322886 0.044322886 0.32704762 0.32704762 0.32704762 0.044322833 0.32704762 0.32704762 1.9614623 1.9614623 1.8738914 1.8738909 1.8738909 1.8738909 0.9948523 0.51054156 0.51054156 0.09581537 0.09581537 0.6641817 0.6641817 0.6641817 1.8738909 0.09581537 0.09581537 0.09581537 0.09581537 0.09581537 0.09581537 1.8738909 1.8738909 1.8738909 0.5105415 0.5105415 0.5105415 0.5105415 0.32814434 0.32814434 0.51054144 0.51054144 0.51054144 0.48 0.14664993 0.4332912 0.4332912 0.4332912 0.71999997 0.48 0.008728101
0.4204151 0.32704693 0.32704693 0.32704693 0.04432269 0.04432269 0.04432269 0.04432269 0.04432269 0.04432269 0.04432269 0.04432269 0.04432269 0.04432269 0.04432269 0.04432269 0.32704693 0.32704693 1.0672289 1.9614573 1.8738844 1.8738844 1.8738844 1.8738842 0.9948447 1.8738842 0.5105405 0.5105405 0.5105405 1.8738842 0.9948442 1.873884 1.873884 0.6641807 0.6641807 0.6641807 0.84680474 0.09581512 1.8738837 1.8738832 1.8738832 1.873883 0.5105405 0.5105405 0.5105405 0.5105405 0.32814386 0.32814386 0.32814378 0.5105404 0.5105404 0.22058009 0.48 0.31831002 0.54975104 0.50747013 0.71999997 0.48 0.2646364
0.32704616 0.32704616 0.32704616 0.32704616 0.044322502 0.32704616 0.044322502 0.044322502 0.044322502 0.044322502 0.044322502 0.044322502 0.32704616 0.32704616 0.32704616 0.32704616 0.32704616 0.32704616 1.0672277 2.3075182 1.8738768 1.8738768 1.8738768 0.66417927 0.66417915 0.6567967 0.51053935 0.51053935 0.51053935 1.8738768 1.8738768 1.8738768 1.8738768 0.66417915 0.66417915 0.66417915 0.66417915 1.8738768 1.8738763 1.8738763 1.8738763 1.8738761 0.51053935 0.51053935 0.51053935 0.51053935 0.3281433 0.3281433 0.3281433 0.3281433 0.32814318 0.14664754 0.22057885 0.5074692 0.48 0.48 0.71999997 0.71999997 0.26463485
0.32704532 0.32704532 0.32704532 0.5198785 0.32704532 0.32704532 0.32704532 0.32704532 0.959908 0.32704532 0.044322334 0.044322334 0.32704532 0.32704532 0.32704532 0.32704532 0.32704532 0.32704532 1.4604664 1.9614468 1.8738699 1.8738699 1.8738699 0.6641781 0.6641781 0.65679455 1.8738699 0.5105384 0.5105384 0.5105384 0.5105384 0.9948282 1.8738697 0.5105384 0.5105384 0.5105384 1.873869 1.873869 1.873869 1.873869 1.873869 1.873869 0.5105384 0.5105384 0.5105384 0.5105384 0.5105384 0.5105384 0.32814264 0.32814264 0.32814264 0.32814264 0.1466465 0.48 0.48 0.71999997 0.48 2.5372906 0.48
0.32704484 0.32704484 0.32704484 0.95990014 0.5198771 0.32704476 0.32704476 0.32704476 0.32704476 0.32704476 0.32704476 0.32704476 0.32704476 0.04432212 0.95989966 1.2106606 0.32704467 0.32704467 1.2578882 0.53873074 0.5105375 0.5105375 1.873863 0.9948206 0.9948206 0.9948206 1.873863 0.66417676 0.66417676 0.5105375 0.5105375 0.5105374 0.5105374 0.5105374 0.5105374 0.5105374 1.8738625 1.8738625 1.8738625 1.8738625 1.8738625 1.8738623 1.8738623 0.5105373 0.5105373 0.5105372 0.5105372 0.5105372 0.32814196 0.32814196 0.32814196 0.5105372 0.14664553 0.28928986 0.26463223 0.71999997 0.22057636 0.6449981 1.8738613
0.5198753 0.32704407 0.32704407 0.32704407 1.0672246 0.32704407 0.32704407 0.32704407 0.32704407 0.32704407 0.32704407 0.32704407 0.32704407 0.044321954 0.32704407 0.32704407 0.37920433 1.2106596 1.0672241 1.9614363 0.5105363 0.5105363 1.8738556 1.8738556 0.5105363 0.6641754 0.66417533 0.66417533 1.8738554 1.8738554 0.51053625 0.51053625 0.51053625 0.51053625 0.51053625 0.5301528 0.51053625 1.8738551 1.8738551 1.8738551 1.8738551 1.8738551 0.51053625 0.51053625 0.51053625 0.51053625 0.51053625 0.51053625 0.51053625 0.51053625 0.51053625 0.51053625 0.51053625 0.1466442 0.2646309 0.1466442 0.5105361 0.5105361 0.5105361
1.0672232 0.95988536 1.0672227 1.0672227 1.2982264 0.32704324 0.32704324 0.32704324 0.32704324 0.32704324 0.32704324 0.32704324 0.32704324 0.32704324 0.044321787 0.32704324 0.32704324 1.2106591 1.2982264 1.9614313 0.51053524 0.51053524 0.51053524 0.51053524 0.51053524 0.664174 0.664174 1.8738482 1.8738482 1.8738482 0.9948039 0.9948039 0.6641739 0.6641739 0.51053524 0.5105353 0.5105353 0.5105352 0.5105352 0.5105352 1.8738475 1.8738475 1.8738475 0.5105351 0.51053506 0.51053506 0.51053506 0.51053506 0.51053506 0.51053506 0.51053506 0.51053506 0.51053506 0.51053506 0.51053506 0.51053506 0.51053506 0.51053506 0.51053506
1.067222 1.1525983 1.2982256 0.4204089 0.44131926 1.067222 0.32704246 0.32704246 0.32704246 0.32704246 0.32704246 0.32704246 0.32704246 0.32704246 0.32704246 0.32704246 0.32704246 1.3657943 1.0672215 0.7339903 0.5105344 0.32814014 0.32814014 0.09581356 0.5105344 0.6641729 0.66417277 1.873841 1.873841 1.873841 2.1668065 0.9947965 0.66417265 0.66417265 0.51053417 0.51053417 0.51053417 0.51053417 0.51053417 0.51053417 0.51053417 0.51053417 1.8738401 1.8738401 1.8738401 1.8738401 0.51053405 0.51053405 0.51053405 0.51053405 0.51053405 0.51053405 0.51053405 0.51053405 0.32814005 0.32814005 0.34236217 0.32814005 0.32814005
0.9598706 1.0978594 1.343682 0.32704186 0.32704186 1.0672201 0.420408 0.32704186 0.32704186 0.32704186 0.32704186 0.3270418 0.3270417 0.37366095 0.3270417 0.3270417 0.044321403 0.052663386 0.058713093 0.53872645 0.09581333 0.09581333 0.09581333 0.054892622 0.09581333 1.8738332 1.8738332 1.8738332 1.8738332 1.8738332 1.8738332 1.8738332 1.8738332 1.8738332 1.8738332 0.5105331 0.5105331 0.5105331 0.5105331 0.51053303 0.51053303 0.51053303 0.51053303 1.8738332 1.8738332 0.51053303 0.51053303 0.51053303 0.51053303 0.510533 0.510533 0.09581324 0.510533 0.510533 0.510533 0.32813948 0.32813948 0.32813948 0.32813948
0.9598625 0.82385254 1.3436797 1.0672196 1.0672191 1.2982242 1.0672191 0.32704115 0.32704115 0.32704115 0.32704115 0.32704115 0.32704115 0.32704115 0.32704115 0.51986885 0.04432126 0.04432126 0.04432126 0.5387255 0.095813036 0.095813036 0.095813036 0.09581302 0.09581302 1.8738265 1.8738265 1.8738265 1.873826 0.9947796 1.873826 1.873826 1.873826 0.9947796 0.9947796 1.873826 1.873826 1.873826 1.873826 1.873826 0.510532 0.510532 0.510532 0.510532 0.5105319 0.5105319 0.66416997 0.66416997 0.5105319 0.51053184 0.095812984 0.095812954 0.51053184 0.51053184 0.5105319 0.3281387 0.3281387 0.3281387 0.3281387
0.9598551 0.8238504 1.3436761 2.307468 1.0672177 1.3436761 1.2982233 0.32704026 0.32704026 0.32704026 0.32704026 0.9598541 0.32704026 0.32704026 0.32704026 0.32704026 0.044321068 0.044321068 0.044321068 0.044321068 0.51053125 0.51053125 0.51053125 0.51053125 0.51053125 1.8738194 1.8738194 1.8738194 1.8738194 0.51053107 0.9947717 1.8738194 1.8738194 0.6641687 0.6641687 0.510531 0.510531 0.510531 1.8738189 0.51053095 0.51053095 0.51053095 0.51053095 0.51053095 1.8738189 1.8738189 0.6641686 0.6641686 1.8738184 0.51053095 0.09581274 0.5105309 0.5105309 0.5105309 0.32813805 0.32813805 0.38498047 0.32813805 0.32813805
0.9598479 1.2106563 1.0957121 1.9614065 1.2982228 1.0672172 1.3436728 1.0672168 0.959847 0.959847 0.959847 0.959847 0.3270396 0.3270396 0.3270396 0.04432088 0.04432088 0.04432086 0.04432086 0.04432086 0.09581252 0.09581252 0.09581252 0.9947636 0.9947636 1.8738127 1.8738127 1.8738127 0.51053005 0.51053005 0.6641676 0.6641676 1.8738124 0.6652371 0.66416746 0.51053005 0.51053005 0.5301465 0.51053005 0.51053005 0.5301465 0.51053005 0.51053005 1.8738117 1.8738117 1.8738117 1.8738115 0.09581248 0.09581246 0.51053 0.51053 0.99476194 0.5105299 0.3281374 0.3281374 0.3281374 0.3281374 0.3281374 0.3281374
1.2106549 1.2106549 1.0892664 1.9614005 1.9614005 1.0672153 1.3436699 1.2982218 1.0672153 0.95983887 1.0672153 0.32703894 0.32703894 0.32703894 0.32703894 0.32703894 0.044320688 0.044320688 0.044320688 0.044320688 0.99475574 0.6641663 1.873805 0.99475574 1.873805 1.873805 1.873805 0.99475574 0.6641663 0.6641663 0.6641663 0.6641663 1.8738046 0.51052904 0.51052886 0.51052886 0.51052886 0.51052886 0.5301456 0.51052886 1.8738046 1.8738046 0.51052886 0.51052886 1.8738046 1.8738041 0.5105288 0.09581224 0.09581221 1.8738041 1.8738041 1.8738039 0.51052874 0.3281368 0.3281368 0.3281368 0.3281368 0.3281368 0.3281368
1.3657852 1.2493273 2.30745 1.9613962 1.9613962 1.2982211 1.3436668 1.3436668 1.0672141 1.1525549 1.2982211 0.32703817 0.32703817 0.32703817 0.32703817 0.32703817 0.044320524 0.044320524 0.95983195 1.2451451 0.99474716 0.66416496 0.66416496 1.8737979 1.8737979 0.095812 0.095812 0.095812 0.095812 1.8737979 2.1667693 0.51052797 0.6641649 0.6641649 0.51052785 0.6641649 0.6641649 0.6641649 0.6641649 0.6641649 1.8737977 1.8737974 1.8737974 0.51052785 0.51052785 0.51052785 0.51052785 1.8737972 1.8737972 1.8737972 1.8737972 1.8737972 0.51052773 0.51052773 0.32813632 0.32813632 0.32813632 0.32813624 0.32813603
