Export/ASCII/RMeteo_SP_inch/impervious0/net_infiltration_2014_SP2_inch.asc
ncols         660
nrows         338
xllcorner     1476100.0
yllcorner     5017100.0
cellsize      100
NODATA_value  -9.9000000089461e-20
[rows 312 to 337 of 338, columns 295 to 353 of 660]
0.0678806 1.5974698 1.5974698 0.47695923 0.47695923 0.47695923 1.6343627 2.3805695 2.3805695 2.3805695 2.3805695 0.1351263 0.1351263 0.1351263 0.1351263 2.2729633 0.74425036 0.74425036 0.4769591 0.4769591 0.4769591 0.4769591 0.4769591 0.4132801 0.4132801 0.74993056 2.1954074 2.1954074 2.1954074 2.1954074 2.1954074 2.1954074 2.1954074 2.1954074 2.4678478 0.8728776 0.0024363284 0.0024363284 0.88764024 0.07030701 0.12747702 0.12747702 2.2381318 2.1954079 2.1954079 0.127477 0.127477 0.127477 0.127477 0.127477 0.127477 0.127477 2.1954076 2.1954076 2.1954076 2.1954076 2.1954076 2.1954076 0.720454
0.06787996 0.4769568 0.4769567 0.4769567 0.4769567 0.4769567 0.4769567 0.4769567 2.3805609 2.3805609 2.3805609 2.3805609 2.3805609 0.13512562 0.13512562 0.13512562 0.74424756 0.74424756 0.4769567 0.4769567 0.4769567 0.4769567 0.47695664 0.41327712 0.41327712 0.74992746 2.1954021 2.1954021 2.1954021 2.1954021 2.1954021 2.1954021 2.1954021 2.1954021 2.1954021 2.1954021 0.7204468 0.7204468 0.7204468 0.0024358279 0.12747627 0.12747627 2.2381225 2.1954021 2.1954021 0.12747627 0.12747627 0.12747627 0.12747627 0.12747627 0.12747627 0.12747626 0.12747626 0.12747625 2.1954024 2.1954024 2.1954024 2.1954024 0.7204468
0.067879364 0.47695422 0.47695422 0.47695422 0.47695422 0.47695422 0.47695422 0.74424475 0.74424475 2.3805525 2.3805525 0.74424475 0.74424475 0.74424475 0.13512495 2.272948 2.3805525 0.74424475 0.74424475 0.47695422 0.47695422 0.47695422 0.47695422 0.4132744 0.4132744 0.74992424 2.1953971 2.1953971 2.1953971 2.1953971 2.1953971 2.1953971 2.1953971 2.1953971 2.195397 2.195397 2.3876069 2.195397 0.80485344 0.002435327 0.12747549 0.12747549 2.195397 1.002789 1.002789 1.002789 2.195397 0.12747549 0.12747549 0.12747549 2.195397 2.195397 0.12747547 0.12747547 0.12747547 0.12747547 2.1953967 2.1953967 0.0024353033
1.5974505 0.47695193 0.47695193 0.47695193 0.47695193 0.47695193 0.47695187 0.74424195 0.74424195 2.3805444 0.74424195 0.74424195 0.74424195 0.74424195 0.13512427 2.2729394 0.74424195 0.74424195 0.74424195 0.47695187 0.74424195 0.47695187 0.47695187 0.13477306 0.41327158 0.7499206 2.1953917 2.1953917 2.1953921 2.1953921 2.1953921 2.1953921 2.195392 2.195392 2.195392 1.0027845 1.0027845 2.195392 0.720433 0.8728528 2.195392 2.195392 1.0027847 1.0027847 1.0027847 2.195392 2.195392 0.12747471 0.12747471 0.12747471 0.12747471 0.7499207 0.7499207 0.12747471 0.7499207 0.7499207 2.1953914 1.0027847 1.0027847
1.5974443 0.4769494 0.4769494 0.4769494 0.4769494 0.17495373 0.17495373 0.17495373 0.7442395 2.3805358 0.7442395 0.4769494 0.74423945 0.74423945 0.13512363 2.3805358 0.74423945 0.74423945 0.74423945 0.74423945 0.74423945 0.74423945 0.17495373 0.13477018 0.62558794 1.0027804 1.4061947 1.4061947 2.195386 2.195386 2.195386 2.195386 2.195386 2.195386 2.195386 1.0027803 1.0027803 1.0027803 2.1953857 1.0289536 0.7204263 2.1953857 1.0027803 1.0027802 2.1953857 0.74991715 0.74991715 0.74991715 0.74991715 0.74991715 0.74991715 0.74991715 0.74991715 0.6255878 0.41326883 0.74991715 0.74991715 0.74991715 0.74991715
1.5974388 1.5974388 0.4769471 0.4769471 0.4769471 0.8035965 0.7654114 0.17495087 0.74423677 0.13512293 0.74423677 0.4769471 0.13512291 0.13512291 2.380528 2.380528 2.380528 2.380528 0.7442367 0.7442367 0.7442367 0.17495069 0.17495069 0.41326636 0.62558424 0.62558424 1.4061882 1.4061882 1.4061882 1.4061882 2.195381 2.195381 2.195381 2.195381 2.195381 2.195381 2.195381 2.195381 2.195381 2.195381 0.88097286 2.3875875 2.195381 1.0027761 0.7499139 0.7499139 0.7499139 0.7499139 0.41326627 0.41326627 0.41326627 0.41326627 0.41326627 0.41326627 0.056454223 0.41326627 0.7499138 0.7499138 0.7499138
1.5974329 0.7105112 0.7105112 0.47694477 0.6312929 0.803586 0.97190475 0.7654052 0.7654052 0.13512222 0.13512222 0.13512222 0.13512222 2.2729158 2.3805196 0.13512222 0.13512222 2.3805196 2.3805196 2.3805196 0.7654052 0.17494783 0.0054643643 0.056453742 0.6255809 0.6255809 1.4061809 1.4061809 1.4061809 2.1953754 2.1953754 2.1953754 2.1953754 2.1953754 2.1953754 2.1953754 2.1953754 2.1953754 2.1953754 2.1953754 0.720412 0.87282896 1.8464601 1.0027719 0.7499104 0.7499104 0.7499104 0.7499104 0.41326368 0.41326368 0.056453742 0.056453742 0.056453742 0.41326368 0.41326368 0.41326368 0.41326368 0.41326368 0.74991035
1.5974267 0.7105082 0.7105082 1.5974267 1.5974267 0.765399 0.97189665 0.45452285 0.45452285 0.13512157 0.13512157 0.13512157 0.13512157 2.3805115 0.13512157 0.13512157 0.13512157 2.3805115 2.3805115 0.765399 0.21696787 0.17494497 0.067876354 0.056453194 0.056453194 0.056453194 1.406174 1.406174 1.406174 1.406174 2.1953697 2.1953697 0.72040534 2.1953697 2.1953697 0.72040534 0.72040534 2.1953697 2.1953697 2.1953697 2.1953697 0.8048272 0.87282133 1.0027676 0.74990696 0.74990696 0.74990696 0.74990696 0.4132609 0.056453194 0.056453194 0.056453194 0.056453194 0.056453194 0.4132609 0.4132609 0.4132609 0.4132609 0.74990696
1.5974207 1.5974207 1.5974207 1.5974207 1.5974207 0.97188854 0.9718895 0.7653928 0.7653928 2.380504 0.1351209 0.1351209 0.1351209 2.380504 0.1351209 0.1351209 2.3805037 2.3805037 2.3805037 0.97188854 0.17494191 0.47693983 0.47693983 0.41325814 0.41325814 0.05645267 1.4061668 1.4061668 1.4061668 1.4061668 0.7203982 0.7203982 0.7203982 0.7203982 0.7203982 0.7203982 0.7203982 2.387567 2.1953642 2.1953642 2.1953642 0.7203982 0.8728118 1.0027634 1.0027634 0.7499037 0.7499037 0.7499037 0.41325805 0.056452647 0.056452647 0.056452647 0.056452647 0.056452647 0.41325805 0.41325805 0.74990356 0.74990356 0.41325805
1.597414 1.597414 1.597414 1.597414 1.597414 0.97188044 0.9718814 0.7653866 0.7653866 2.380495 2.380495 2.2728915 2.380495 2.380495 2.380495 1.597414 1.597414 2.3804948 0.7653866 0.17493886 0.543044 0.4769376 0.4769376 0.41325527 0.41325527 0.41325527 0.41325527 1.4061608 1.4061608 1.4061608 1.4061608 0.80481625 0.80481625 0.9609146 0.72039104 0.80481625 0.80481625 0.80481625 2.1953595 2.1953595 2.1953595 0.72039104 1.0289025 0.31501114 0.31501114 0.7499003 0.7499003 0.7499003 0.41325527 0.056452125 0.056452125 0.056452125 0.056452125 0.056452125 0.41325527 0.7499003 0.7499003 0.7499003 0.7499003
1.5974078 0.71049905 0.71049905 0.71049905 1.5974078 0.97187185 0.97187185 0.97187185 0.97187185 2.380487 2.380487 2.380487 2.380487 2.380487 1.5974078 1.5974078 1.5974078 1.5974078 0.97187185 0.1749357 0.4769351 0.4769351 0.4769351 0.4132529 0.4132529 0.4132529 0.4132528 1.4061539 1.4061539 1.4061539 0.62556744 0.7203839 1.117362 0.88093853 0.7203839 0.8048105 0.8727951 0.8727951 0.8727951 2.195353 2.195353 2.3875532 0.7203839 0.88093996 0.31500614 0.7498968 0.7498968 0.12746924 0.12746924 0.056451574 0.056451574 0.056451574 0.056451574 0.1274692 0.1274692 1.5470762 2.2380397 1.4038708 2.195353
1.5974021 0.7104962 0.37187016 0.7104962 1.5974021 0.9718642 0.9718642 0.97186327 0.97186327 0.7653737 2.380479 2.380479 2.380479 2.380479 2.380479 1.5974016 1.5974016 1.5974016 0.97186327 0.17493275 0.47693267 0.47693267 0.47693267 0.41325024 0.41325024 0.41325024 0.41325024 0.41325024 0.056451097 0.41325024 0.41325024 0.48371863 0.8809328 0.8727884 0.80480576 0.7203772 0.87278795 0.7203772 0.7203772 2.4677415 2.1953485 2.1953485 0.7203772 0.7203772 0.43439984 0.72037673 0.88750863 0.74989355 0.1274684 0.056451097 0.056451097 0.056451097 0.05645107 0.05645107 0.12746839 2.2380302 1.4038639 1.4038639 2.195348
1.5973959 0.765368 0.3718655 1.5973959 1.5973959 1.8359196 0.9718571 0.9718571 0.9718571 0.9718561 2.3804705 2.3804705 2.3804705 2.3804705 2.3804705 0.7104931 0.7104931 1.5973959 0.9718571 0.1749298 0.4769301 0.4769301 0.4769301 0.41324738 0.41324738 0.41324738 0.41324738 0.41324738 0.41324738 0.41324738 0.41324738 0.41324738 1.4061399 1.9719472 0.8727803 0.8048005 0.72037053 0.8727813 0.96089363 0.72037053 0.72037053 0.72037053 0.72037053 0.8048005 0.8048005 0.72037053 0.8048005 0.20388669 0.41324738 0.13474503 0.13474503 0.41324738 0.056450594 0.056450594 0.7498901 2.2380216 2.1953428 2.1953428 2.1953428
0.76536226 0.97184896 0.76536226 1.5973897 1.5973897 1.5973897 0.9718499 0.9718499 0.9718499 0.97184896 2.3804624 2.3804624 2.3804624 2.2728598 0.7104901 0.7104901 0.7104901 1.5973892 0.9718499 0.8035159 0.17492674 1.6342573 0.47692785 0.056450047 0.4132446 0.4132446 0.4132446 0.4132446 0.4132446 0.4132446 0.4132446 0.4132446 1.4061339 1.4061339 1.681319 0.87277126 0.7203624 1.0288625 0.7203624 0.880918 0.9608846 0.8047943 0.8047943 0.7203624 0.87277126 0.87277126 0.8047943 0.210217 0.13474187 0.13474187 0.13474187 0.4132446 0.056450024 0.056450024 0.13474187 0.7498868 2.1953378 2.1953378 0.62555707
0.97184134 0.97184134 0.97184134 1.5973835 1.5973835 1.5973835 0.76535654 1.1501157 0.9718423 2.627776 2.3804543 2.3804543 2.380454 2.380454 2.2728515 0.7104869 0.7104869 1.5973835 1.8359034 1.0182385 0.8035059 0.47692543 0.47692543 0.4132421 0.4132421 0.4132421 0.4132421 0.4132421 0.4132421 0.4132421 1.4061272 1.4061272 1.4061272 1.4061272 1.4061272 0.7203553 0.7203553 0.7203553 0.8809123 0.8047886 0.87276363 0.7203553 0.7203553 0.8047886 0.7203553 0.7203553 0.7203553 0.8727622 0.3149867 0.3149867 0.13473873 0.13473873 0.4132421 0.4132421 0.4132421 0.13473873 0.13473873 1.4061272 1.4061272
1.1501062 0.9718323 0.7653494 1.8358943 1.5973773 0.7653494 0.9718313 0.9718323 0.9718323 2.3804457 2.3804457 2.3804457 2.3804457 2.3804457 2.3804457 1.6342416 1.5973773 1.5973773 1.5973773 0.9718313 1.0182304 0.17492083 0.47692293 0.41323915 0.41323915 0.41323915 0.41323915 0.41323915 0.056449 1.4061201 0.41323915 0.41323915 1.4061201 1.4061201 1.4061201 1.602016 0.8047843 0.8047843 0.72034955 0.87275505 0.87275505 0.87275505 0.9608712 0.87275505 0.8047843 0.72034955 0.8047843 1.028842 0.72034955 0.72034955 0.13473557 0.13473557 0.13473557 0.13473557 0.13473557 0.13473557 2.1953268 1.4061198 1.4061198
0.9718232 1.1501 0.9718232 0.7653427 0.7653427 0.9718232 0.9718232 0.7653427 2.6277544 2.3804376 2.3804376 2.3804376 2.3804376 2.3804374 2.3804374 1.5973713 1.5973713 1.5973713 1.5973713 0.97182465 0.9718232 0.7653427 1.457103 0.41323668 0.41323668 0.41323668 0.41323668 0.056448475 0.12746458 1.4061131 0.41323668 0.41323668 1.4061131 1.4061131 1.4061131 1.4061131 0.8727474 0.7203424 0.80477905 0.7203424 0.8727484 0.7203424 0.8727484 0.8808985 0.8727474 2.1953216 1.0288324 0.7203424 0.8808994 0.80477905 0.19772404 0.13473234 0.13473234 0.13473234 0.13473234 0.74987674 0.74987674 2.1953213 1.4061129
1.1500928 1.0085363 0.9718156 0.45447028 0.37184286 0.9718156 0.26258332 0.83183074 2.38043 2.3804297 2.3804297 2.3804297 2.3804297 2.3804297 2.3804297 1.5973656 1.5973656 1.5973656 1.5973656 0.97181606 2.6277447 2.6277447 2.2728283 0.7498734 0.7498734 0.41323403 0.41323403 1.5469985 1.4038252 2.1953158 1.406107 1.406107 1.406107 1.4061065 1.4061065 1.4061065 1.6812768 1.6020014 0.87273836 0.80477285 0.72033477 0.8727393 0.80477285 0.8727393 1.1172824 2.1953156 2.1953156 2.4772103 0.80477285 0.8727393 0.1347293 0.1347293 0.1347293 0.1347293 0.7498733 0.7498732 0.7498732 2.1953156 2.1953156
2.3804214 2.692253 0.97180843 0.37183845 0.37183845 0.7653308 0.17491187 0.99796224 2.3804214 2.3804214 2.3804214 2.3804214 2.3804214 2.3804214 2.3804214 2.3804214 1.597359 1.597359 1.597359 0.45447218 0.99796224 2.3804214 2.27282 2.237967 2.237967 2.237967 0.62554026 0.62554026 0.74987006 2.1953106 1.4061 1.4061 1.4061 1.4060996 1.4060996 1.4060996 1.4060996 1.4060996 1.6812668 0.87273026 0.8047676 0.7203281 0.8727317 1.1172719 0.7203281 2.4772027 2.1953104 2.1953104 0.002427364 0.008155062 0.8727317 0.13472603 0.7203281 0.7203281 0.7203281 2.1953104 2.1953104 2.1953104 2.1953104
2.380413 2.380413 0.76532555 0.97180176 0.76532555 0.2169259 0.37183404 0.99795884 2.380413 2.380413 2.380413 2.380413 2.380413 2.380413 2.380413 2.380413 2.380413 1.597352 1.597352 0.37183392 0.37183392 0.9979588 2.3804128 2.2379577 2.2379577 2.2379577 1.0027171 0.7498665 0.7498665 1.4060929 1.4060929 1.4060929 1.4060929 1.4060929 1.4060929 1.4060929 1.4060929 1.4060929 1.4060929 0.87272406 0.8727236 0.7203219 1.0288029 0.7203219 0.8808789 2.3874943 2.1953056 2.1953056 0.12746216 1.002717 1.002717 0.7203219 0.1347229 0.80476284 0.96084166 2.1953056 2.1953056 2.1953056 2.1953056
2.3804054 2.3804054 0.7653189 0.97179174 0.26257256 0.17490615 0.3718295 0.9979555 2.3804054 2.3804052 2.3804052 2.3804052 2.3804052 2.380405 2.380405 2.380405 2.380405 1.5973463 1.5973463 0.7104689 0.7104689 0.9979555 2.3804047 2.2379484 0.056446373 0.12746143 0.12746143 0.7498633 0.7498633 2.1952999 1.4060862 1.4060862 1.4060862 1.4060862 1.4060862 1.4060862 1.4060862 1.4060862 1.4060862 1.4060862 1.1172476 1.0369482 0.8808708 1.1246853 0.80475664 2.467653 2.1952994 2.1952994 2.1952994 1.0027128 0.31495726 0.13471983 0.19771098 0.4343375 0.31495726 2.477186 2.1952994 2.1952994 2.1952994
2.3803964 2.3803964 0.7653122 0.97178316 0.97178316 0.7653122 0.7653122 2.3803964 2.3803964 2.3803964 2.3803964 2.3803964 2.3803964 2.3803964 2.3803964 2.3803964 2.3803964 1.5973403 1.5973403 1.5973403 1.6341932 0.8034353 2.3803964 2.1952946 2.1952946 0.12746063 0.12746063 0.7498599 0.7498599 0.7498599 1.4060802 1.4060802 1.4060802 1.4060802 1.4060802 1.4060802 1.4060802 0.6255299 0.6255299 1.4060802 0.72030663 0.72030663 0.8047514 0.87270355 1.1246753 1.1509733 2.1952944 2.1952944 2.1952944 0.7498598 0.7498598 0.7498598 0.7498598 1.0027087 0.7498598 2.1952944 2.1952944 2.1952944 2.1952944
2.3803885 2.3803885 0.765306 0.97177505 0.97177505 0.971776 0.97177505 2.6276922 2.3803885 2.3803885 2.3803885 2.3803885 2.3803885 2.3803885 2.3803885 2.3803885 2.3803885 1.5973341 1.5973341 1.5973341 0.7104627 0.3718201 0.22661798 0.74985653 2.1952896 2.1952896 0.12745987 1.0027046 0.74985653 0.74985653 2.1952896 1.4060733 1.4060733 1.4060733 1.4060733 1.4060733 0.41322017 0.6255264 0.6255264 1.4060733 1.6019652 0.72030044 0.72030044 0.8047466 0.8726964 0.531885 2.1952896 2.1952896 2.1952894 0.74985653 1.0027045 2.1952894 0.74985653 2.1952891 2.1952891 2.195289 2.195289 2.195289 2.195289
2.3803804 2.3803804 0.7652998 0.97176695 0.97176695 1.1500514 0.7652998 0.7652998 2.6276822 2.3803804 2.38038 2.38038 2.38038 2.38038 2.38038 2.38038 2.38038 2.3803797 1.5973289 0.7104597 0.7104597 0.7104597 0.47690356 0.13471079 2.1952844 2.1952844 2.1952844 0.12745906 1.0027003 2.1952844 2.1952844 2.1952841 1.4060664 1.4060664 1.4060664 0.7202933 0.1347107 0.1347105 0.1347105 0.7202933 0.7202933 0.8047409 0.7202933 0.7202933 0.7202933 0.40302575 2.1952841 2.1952841 2.1952841 2.1952841 2.1952837 2.1952837 2.1952837 2.1952837 2.1952837 2.1952837 2.1952837 2.1952837 2.1952837
2.3803723 2.3803723 0.7652936 0.9717598 1.1500452 2.6921816 0.9717598 0.7652936 2.3803723 2.3803723 2.380372 2.380372 2.380372 2.380372 2.380372 2.380372 2.380372 2.380372 1.5973225 1.5973225 0.71045685 0.71045685 0.47690144 0.41321504 0.7202866 0.7202866 2.1952782 2.1952782 1.8463478 2.195278 2.195278 2.195278 2.195278 1.4060597 1.4060597 0.80473614 0.7202866 0.13470744 0.13470744 0.80473614 0.7202866 0.8726826 0.80473614 0.7202866 0.7202866 0.31493795 2.195278 2.195278 2.195278 2.195278 2.195278 2.195278 2.195278 2.195278 2.195278 2.195278 0.72028613 0.80473566 0.8726797
2.380364 2.380364 2.380364 2.947535 2.69217 2.380364 2.627663 2.627663 0.7652874 2.380364 2.380364 2.380364 2.380364 2.380364 2.380364 2.380364 2.380364 2.380364 1.5973163 1.5973163 1.5973163 1.5973163 0.47689894 1.4060526 1.6019433 1.6019433 0.7202785 0.7202785 0.7202785 0.74984646 0.74984646 2.1952732 2.1952732 2.1952732 0.7202785 0.8726735 0.80472994 0.7202785 0.7202785 0.8726735 0.40301597 0.43431377 0.8726735 0.80472994 0.80472994 0.3149333 0.7202785 2.1952727 2.1952727 2.1952727 2.1952727 2.1952727 2.1952727 2.1952727 2.1952727 0.7202785 0.7202785 0.7202785 0.7202785
