Export/ASCII/RMeteo_SP_inch/impervious0/net_infiltration_2018_SP4_inch.asc
ncols         660
nrows         338
xllcorner     1476100.0
yllcorner     5017100.0
cellsize      100
NODATA_value  -9.9000000089461e-20
[rows 216 to 242 of 338, columns 244 to 304 of 660]
8.060331 5.02567 5.02567 2.0865767 2.0865767 2.0865767 2.0865767 2.0865767 8.060331 3.0364332 3.0364332 8.060331 8.060331 2.0865767 2.0865767 8.060331 8.060331 8.060331 8.060331 8.060331 8.060331 8.060331 5.8265076 5.02567 6.1519747 5.8265076 6.186617 6.035656 2.9868076 3.2528317 1.1326883 1.5102304 1.5102304 1.5102304 1.5102304 1.5102304 0.21842445 0.21842445 0.7431202 0.07037529 0.3324605 0.3324605 0.3324605 0.3324605 2.0865762 2.0865762 8.741409 1.5102303 1.5102303 1.5102303 2.086576 2.086576 1.5102303 2.086576 2.086576 2.086576 2.3772712 2.3772712 2.3772712 0.21842444 0.21842444
5.0256376 1.7773237 1.510216 1.510216 5.0256376 3.0364165 3.0364165 3.0364165 3.0364165 3.0364165 3.0364165 8.060301 8.060301 8.060301 2.0865633 8.060301 8.060301 8.060301 8.060301 8.060301 8.060301 8.060301 10.027861 5.0256376 6.218458 6.0356216 6.099969 2.9867914 3.2223773 0.21842098 1.5102156 1.5102156 0.7431066 0.7431066 0.0703724 0.21842098 0.7431066 0.7431066 0.7431066 8.060301 8.060301 0.33245733 0.33245733 0.21842095 5.0256367 5.2750635 8.741381 5.2750635 1.5102155 1.5102155 2.086563 2.086563 2.086563 2.086563 2.086563 2.086563 2.086563 3.036416 3.036416 3.036416 0.3324573
1.777309 1.5102017 1.5102017 1.5102017 5.8264427 2.3772354 3.0364008 3.0364008 3.0364008 3.0364008 3.0364008 3.0364008 8.06027 8.06027 8.06027 8.06027 8.06027 8.06027 8.06027 8.06027 8.06027 8.06027 8.06027 9.599764 6.1519165 6.098467 2.9867756 3.2223668 0.30353728 0.21841761 1.5102013 1.5102013 1.5102013 3.1249497 3.1249497 0.7430929 0.7430929 0.74309283 2.6677814 8.06027 8.06027 8.06027 8.06027 5.0256023 5.826442 6.0693007 2.0865502 3.7189538 5.0256023 1.5102013 5.275037 3.0364 2.0865502 1.5102013 2.0865502 2.0865502 2.0865502 3.0364 3.0364 3.0364 0.3324541
5.025572 1.5101869 5.025572 5.025572 6.035555 2.3772168 3.0363853 3.0363853 3.0363853 3.0363853 3.0363853 7.3907504 5.422311 8.060242 8.060242 8.060242 7.3907504 8.060242 8.060242 8.060242 8.060242 8.060242 8.060242 8.060242 6.216755 2.9867613 0.2984069 0.30380923 0.07036671 0.07036671 5.275012 5.275012 0.74307925 1.0836861 0.74307925 0.74307925 2.667768 0.74307925 9.78761 8.06024 8.06024 8.06024 8.06024 8.06024 6.035553 1.8730966 2.0865376 3.0363843 5.025569 5.025569 5.025569 5.025569 8.06024 5.025569 8.06024 2.0865376 2.0865376 0.33245093 0.33245093 8.06024 0.33245093
5.0255365 5.826378 5.826378 5.0255365 6.1518593 2.3771987 3.0363686 3.0363686 3.0363686 3.0363686 7.390722 7.390722 5.4222784 5.4222784 7.390722 8.060211 7.390722 8.060211 8.060211 8.060211 8.060211 8.060211 0.3324478 0.33244777 0.4117743 0.29339305 0.21841061 0.07036373 0.07036373 0.7430651 0.938944 0.938944 0.7430651 0.7430651 2.0865245 0.7430651 2.5824404 1.5101721 2.0865245 8.060211 8.060211 8.060211 8.060211 8.060211 6.098406 1.5101721 1.5101721 3.0363681 9.599691 5.826377 5.0255365 5.8798313 8.060211 5.826377 8.060211 8.060211 8.060211 8.060211 8.060209 8.060209 8.060209
5.025503 5.8263454 6.094466 5.8263454 6.186447 8.060183 3.036353 3.036353 8.060183 8.060183 8.060183 8.060183 8.060183 7.390691 7.390691 7.390691 7.390691 7.390691 8.060183 8.060183 8.060183 8.060183 0.33244467 8.060183 0.33244464 0.07036087 0.74305135 0.74305135 0.74305135 0.74305135 0.74305135 2.6677394 0.74305135 0.74305135 0.74305135 2.086512 1.510158 1.510158 2.086512 2.086512 8.060181 8.060181 8.060181 8.060181 10.181147 5.025502 5.025502 5.025502 5.025502 6.0354834 5.025502 6.186446 5.025502 6.0354834 8.06018 8.06018 8.06018 8.06018 8.06018 8.06018 8.06018
5.02547 6.0889063 6.151801 6.035449 6.099801 5.02547 8.060151 8.060151 8.060151 8.060151 8.060151 8.060151 8.060151 8.060151 8.060151 8.060151 7.3906617 8.060151 8.060151 8.060151 8.060151 8.060151 8.060151 2.086499 2.086499 0.7430376 0.7430376 0.7430376 2.667725 2.667725 0.070357986 0.10963137 0.7430376 2.086499 1.510143 1.510143 2.086499 2.086499 2.086499 2.086499 8.06015 8.06015 3.0363362 3.0363362 8.06015 5.826313 5.826313 5.826313 5.826313 6.098343 6.0632334 6.098343 5.826313 6.098343 8.06015 8.06015 8.06015 8.06015 8.06015 8.06015 8.06015
5.0254374 5.0254374 6.1863794 6.2511797 6.1517725 5.8262806 5.0254374 5.0254374 8.060122 8.060122 8.060122 8.060122 8.060122 8.060122 8.060122 8.060122 8.060122 8.060122 8.060122 8.741219 2.0864866 2.0864866 2.0864866 2.0864866 2.0864866 8.060122 2.6677103 2.6677103 0.1096273 0.1096273 0.07035504 1.5101289 0.21840017 0.21840017 2.0864863 1.5101287 0.21840017 2.0864863 2.0864863 2.0864863 8.060122 8.060122 3.0363202 3.0363202 8.060122 10.027618 10.027618 10.027618 10.027618 6.0983124 6.051834 5.0254364 6.1517715 6.0983114 8.060122 8.060122 8.060122 8.060122 8.060122 8.060122 8.060122
5.826248 5.826248 5.025403 6.098281 6.4080267 6.0353804 5.826248 5.826248 5.025403 8.060091 8.060091 8.060091 8.06009 8.06009 8.06009 8.06009 8.06009 2.086474 2.086474 2.086474 2.086474 2.086474 2.086474 8.06009 8.06009 0.33243504 0.109623104 0.109623104 0.07035226 0.21839671 1.5101143 1.5101143 1.5101142 2.0864737 0.33243504 0.33243504 3.036304 2.3771257 2.0864737 2.0864737 8.06009 8.06009 3.036304 3.036304 8.06009 8.060089 5.4221516 8.060089 8.060089 6.0997343 6.09828 5.826247 6.4042625 6.0997343 5.025402 8.060089 8.060089 8.060089 8.060089 8.060089 8.060089
6.035346 6.035346 5.826215 5.0253696 5.0253696 6.374461 6.035346 6.035346 5.0253696 5.0253696 5.0253696 5.0253696 8.060062 8.060061 2.0864608 2.0864608 2.0864608 2.0864608 2.0864608 1.5101 0.33243188 0.21839331 0.33243188 0.33243188 0.33243188 0.33243188 0.07034933 3.1248968 3.1248968 0.21839331 1.5101 1.5101 2.0864608 2.0864606 0.33243188 0.33243188 3.036288 3.036288 3.036288 8.060061 8.060061 8.060061 8.060061 8.060061 8.060061 8.0600605 5.422121 0.0 8.0600605 10.224297 5.9761915 4.0881004 6.1517134 6.1147614 2.825159 2.3771076 5.0253687 5.0253687 5.0253687 5.0253687 5.0253687
8.060033 6.098218 4.5743876 5.025337 1.777188 2.1472282 1.8522841 1.8522841 1.777188 1.5100855 1.777188 1.5100855 2.086448 2.086448 2.086448 8.060033 2.086448 2.086448 2.086448 0.21838984 0.21838984 0.21838984 0.21838984 0.21838984 0.21838984 0.21838984 0.21838984 1.9970512 1.5100855 1.9970512 0.3324287 0.3324287 0.3324287 8.060033 8.060033 8.060033 8.060033 8.060033 8.060033 8.060033 8.060032 8.060032 8.060032 8.060032 8.060032 8.060032 5.4220896 0.0 0.0 8.741136 4.5405498 4.842354 6.2481027 5.0253363 2.3770895 2.3770895 5.8261824 5.8261824 5.8261824 5.8261824 9.599474
2.0864353 1.5100712 1.9948162 1.7771732 1.5100712 1.5100712 1.5100712 1.5100712 1.5100712 1.5100712 1.5100712 5.025302 8.060003 8.060003 8.060003 8.060003 2.0864353 2.0864353 2.0864353 2.0864353 1.5100712 0.21838641 0.21838641 0.21838641 0.21838641 0.21838635 1.510071 1.510071 1.510071 3.0362563 3.0362563 3.0362563 8.060003 8.060002 8.060002 8.060002 8.060002 8.060002 8.060002 8.060002 8.060002 8.060002 8.060002 5.422057 5.422057 0.0 5.422057 5.422057 5.422057 4.5405197 4.5405197 4.540519 4.540519 5.548803 3.0362558 3.0362554 8.06 10.027457 10.027457 8.06 8.06
8.059972 2.0864222 1.5100564 1.5100564 1.5100564 1.5100564 5.0252695 2.3770533 2.3770533 5.0252695 5.0252695 5.8261175 8.059972 8.059972 8.059972 8.059972 8.059972 8.059972 2.0864222 2.0864222 2.0864222 1.5100561 0.21838284 0.21838284 0.21838284 0.21838284 1.909101 0.7429547 2.6676393 3.1248734 8.741083 3.03624 8.059972 8.059972 8.059972 8.059972 8.059972 8.059972 8.059972 8.059972 8.059972 8.059972 8.059972 5.4220257 5.4220257 5.4220257 0.0 5.4220257 5.4220257 4.54049 3.183767 3.183767 3.183767 4.5404897 8.059972 8.059972 8.059972 8.059972 8.059972 8.059972 8.059971
3.036224 8.059941 5.025235 5.025235 5.025235 5.025235 1.777143 2.3770356 2.3770356 5.025235 5.826085 6.0352077 5.025235 8.059941 8.059941 8.059941 8.059941 8.059941 2.0864093 2.0864093 2.0864093 1.510042 1.510042 0.21837948 0.33241922 0.33241922 0.35662967 8.059941 3.5964518 3.6055222 8.741054 3.036224 8.059941 8.059941 8.059941 8.059941 8.059941 8.059941 8.059941 8.059941 2.6676235 8.059941 8.059941 8.059941 8.059941 5.421994 5.421994 0.0 5.421994 3.5457666 5.025235 3.6113944 3.4202013 3.1837358 4.5404596 8.059941 8.059941 8.059941 8.059941 8.059941 8.059941
8.059913 8.059913 8.059913 10.9963665 9.599335 8.059913 9.599335 5.0252028 5.0252028 5.8260517 6.0351725 6.098092 5.8260517 5.0252028 8.059913 2.0863967 2.0863967 2.0863967 2.0863967 2.0863967 2.0863967 1.510027 1.510027 0.21837592 0.33241597 8.741028 8.059913 8.059913 3.1248581 1.4640658 0.742927 2.0863967 8.059913 8.059913 8.059913 8.059913 8.059913 8.059913 8.059913 2.6676102 3.1540616 2.6676102 8.059913 3.0362077 3.0362077 8.059913 8.059913 0.0 0.0 5.8378525 5.8260508 5.025202 2.3770165 3.2067409 8.059913 8.059913 8.059913 8.059913 8.059913 8.059913 8.059913
8.059882 8.059882 8.059882 8.059882 3.0361924 8.059882 8.059882 9.599298 8.059882 10.027297 10.148124 6.0980606 6.035137 0.3833159 2.086384 2.086384 2.086384 2.086384 2.086384 2.086384 2.086384 1.5100132 1.5100132 2.086384 2.086384 8.059881 8.059881 8.059881 2.6675959 2.6675959 0.7429136 0.7429136 8.059881 8.059881 8.059881 8.059881 8.059881 8.059881 8.059881 2.6675959 3.288468 2.6675959 3.7679124 3.0361924 3.0361924 8.059881 8.059881 5.4219317 0.0 0.0 4.794535 5.8260183 2.3769987 3.036192 4.5404 4.5404 8.059881 8.059881 8.740999 8.059881 8.059881
8.059853 8.059853 3.036176 3.036176 3.036176 8.059853 8.059853 8.059853 8.059853 8.059853 8.059853 6.0994663 6.098029 0.33240962 2.086371 2.086371 2.086371 2.086371 0.33240962 0.33240962 2.086371 1.5099983 1.5099983 2.086371 8.740974 8.059853 8.059853 8.059853 8.059853 2.0528207 2.6675816 2.6675816 8.059853 8.059853 8.059853 8.059853 8.059853 8.059853 8.059853 2.6675816 3.1540349 3.1540349 8.059853 8.059853 8.059853 8.059853 8.059853 8.059852 0.0 3.0361755 0.0 0.0 3.5456786 3.183639 3.183639 4.5403695 4.5403695 8.059852 8.740974 8.740974 8.740973
8.059823 8.059823 8.059823 3.0361602 3.0361602 8.059823 8.059823 8.059823 8.059823 8.059823 8.059823 5.0251026 6.0979986 5.0251026 8.059823 0.33240646 0.33240646 0.21836555 0.21836555 0.33240646 8.740946 2.0863583 2.0863583 2.0863583 8.059823 8.059823 8.059823 8.059823 3.0361602 1.4445852 1.954989 3.1540215 2.6675663 8.059823 8.059823 8.059823 8.059823 8.059823 8.059823 3.1540215 2.6675663 3.288402 10.583423 8.059823 8.059823 8.059823 8.059823 8.059823 3.0361598 3.0361598 3.0361598 0.0 0.0 3.8973873 3.4200711 3.1836066 4.54034 4.54034 8.740944 8.740944 8.740944
8.059793 8.059793 8.059793 8.059793 8.059793 8.059793 8.059793 8.059793 8.059793 8.059793 8.059793 9.599191 6.0993996 5.825921 8.059793 0.33240324 0.21836202 0.21836202 0.33240324 0.33240324 3.0361443 2.0863452 2.0863452 2.0863452 8.059793 8.059793 8.059793 8.059793 3.0361443 1.4445666 1.4445666 3.2883706 3.1540086 8.059793 8.059793 8.059793 8.059793 8.059793 8.059793 8.059793 2.6675525 2.6675525 3.3188455 2.6675525 8.059793 8.059793 8.059793 8.059793 3.0361443 3.0361443 3.0361443 0.0 0.0 3.5456204 3.4200387 3.183575 3.183575 4.5403094 8.740917 8.740917 8.740917
7.384431 7.384431 7.384431 7.384431 7.384431 7.384431 7.384431 7.384431 7.384431 7.384431 7.384431 7.384431 7.384431 7.384431 7.384431 7.384431 7.384431 0.20357086 0.30921844 0.3092184 7.384431 1.9120532 1.9120532 1.9120532 0.3092184 7.384431 7.384431 7.384431 7.384431 7.384431 2.413461 2.413461 2.413461 2.413461 7.384431 7.384431 7.384431 7.384431 7.384431 2.413461 2.9210188 3.0039923 2.413461 2.413461 2.413461 2.9210188 7.384431 7.384431 7.384431 4.700699 0.0 0.0 0.0 8.01567 8.368328 3.543891 0.0 0.0 0.0 4.700699 7.38443
7.3843985 7.3843985 7.3843985 7.3843985 7.3843985 7.3843985 7.3843985 7.3843985 7.3843985 7.3843985 7.3843985 7.3843985 7.3843985 7.3843985 7.3843985 7.3843985 7.3843985 0.20356719 0.3092151 0.30921504 7.3843985 7.3843985 1.9120399 0.30921504 0.30921504 7.3843985 7.3843985 7.3843985 7.3843985 7.3843985 8.817373 2.4134467 2.4134467 2.9210074 2.9210074 7.3843985 7.3843985 7.3843985 2.4134467 2.4134467 2.9209878 2.4134467 3.1241043 2.4134467 2.9209878 3.0039642 11.716087 7.3843966 7.3843966 7.3843966 0.0 4.7006645 4.7006645 8.01564 4.0820746 3.3758202 0.0 0.0 0.0 0.0 4.7006645
7.384367 7.384367 7.384367 7.384367 7.384367 7.384367 7.384367 7.384367 7.384367 7.384367 7.384367 7.384367 7.384367 7.384367 7.384367 7.384367 7.384367 0.30921173 0.30921173 8.015613 8.015613 7.384367 7.384367 7.384367 7.384367 7.384367 7.384367 7.384367 7.384367 7.384366 7.384366 2.413431 2.920975 2.413431 2.413431 3.0039532 7.384366 2.413431 2.413431 2.920975 2.413431 2.413431 2.413431 3.2672293 2.413431 2.920955 3.0039346 9.783586 7.384366 7.384366 4.700632 4.700632 4.700632 4.082045 4.082045 4.082045 2.8411813 0.0 0.0 0.0 8.015613
2.77038 7.3843355 7.3843355 7.3843355 7.3843355 7.3843355 7.3843355 7.3843355 7.3843355 7.3843355 7.3843355 7.3843355 7.3843355 7.3843355 7.3843355 7.3843355 7.3843355 7.3843355 2.8411498 8.015585 8.015584 7.3843355 7.3843355 7.3843355 7.3843355 7.3843355 7.3843355 7.3843355 7.3843355 7.3843355 7.3843355 2.920943 3.0039241 2.4134157 3.037819 2.4134157 3.070578 2.4134157 2.920943 2.920943 3.0039241 3.037819 3.1102064 3.1044548 3.1933854 2.4134157 2.4134157 2.4134157 8.817231 7.3843346 7.0583286 4.7005982 7.3843346 7.3843346 4.082014 4.082014 4.301687 7.3843346 7.3843346 7.3843346 7.3843346
2.7703636 7.384303 7.384303 7.384303 7.384303 7.384303 7.384303 7.384303 7.384303 7.384303 7.384303 7.384303 7.384303 7.384303 7.384303 7.384303 7.384303 7.384303 3.0537627 4.0819845 4.081984 7.384303 7.384303 7.384303 7.384303 7.384303 7.384303 7.384303 7.384303 7.384303 7.384303 7.384303 3.104429 2.9209101 3.1101954 2.9209101 2.4134004 3.10576 2.9209101 3.003894 3.104429 2.4134004 2.9208896 3.0038745 3.3056974 3.1850007 3.0377731 2.4134004 8.817173 7.384303 7.384303 7.384303 7.384303 7.384303 7.384303 7.384303 7.384303 7.384303 7.384303 2.7703626 2.7703626
2.7703462 1.911986 7.3842716 7.3842716 7.3842716 7.3842716 7.3842716 7.3842716 7.3842716 7.3842716 7.3842716 7.3842716 7.3842716 2.7703462 2.7703462 7.3842716 7.3842716 1.9119859 1.4856495 7.3842716 7.3842716 7.3842716 7.3842716 7.3842716 7.3842716 7.3842716 7.3842716 7.3842716 7.3842716 7.3842716 7.3842716 7.3842716 7.3842716 3.1925616 3.1043866 2.4133856 2.9208782 2.4133856 3.1057281 3.0705218 2.4133856 3.1925616 2.4133856 2.9208596 1.8483645 2.3729906 2.5212264 3.1101587 7.3842707 7.3842707 7.3842707 7.3842707 7.3842707 7.3842707 7.3842707 7.3842707 7.3842707 7.3842707 7.3842707 2.7703462 2.7703462
1.9119728 1.9119728 7.384239 7.384239 7.384239 7.384239 7.384239 7.384239 7.384239 7.384239 7.384239 7.384239 7.384239 2.7703295 2.7703295 2.7703295 2.7703295 1.9119726 1.3831499 7.384239 7.384239 1.9119726 1.9119726 7.384239 7.384239 7.384239 7.384239 7.384239 2.7703295 2.7703295 7.3842382 7.3842382 7.3842382 2.4133713 3.1849492 3.3056297 3.0038369 2.4133713 3.1448653 2.4133713 3.105698 2.9208477 1.1032032 1.2877997 2.1646624 1.2877997 2.4133704 2.9702847 3.0704951 7.3842382 7.3842382 7.3842382 7.3842382 7.3842382 7.3842382 7.3842382 7.3842382 7.3842382 7.3842382 2.164662 2.164662
7.384207 7.384207 7.384207 7.384207 7.384207 7.384207 7.384207 7.384207 7.384207 7.384207 7.384207 7.384207 7.384207 8.343413 2.770312 2.1646433 2.770312 1.9119587 1.3831346 4.703868 1.9119587 1.9119587 1.9119587 7.384206 7.384206 7.384206 7.384206 7.384206 2.770312 2.770312 7.384206 7.384206 7.384206 2.4133556 2.9208148 2.4133556 2.4133556 2.4133556 2.4133556 2.4133556 2.4133556 2.4133556 2.4133556 0.6641245 1.9119585 0.6641245 2.4133556 2.9207933 3.0037873 10.117418 7.384205 7.384205 2.770312 2.770312 2.770312 7.55194 7.384205 7.384205 7.384205 7.384205 1.9119581
