Export/ASCII/RMeteo_SP_inch/impervious0/net_infiltration_2016_SP4_inch.asc
ncols         660
nrows         338
xllcorner     1476100.0
yllcorner     5017100.0
cellsize      100
NODATA_value  -9.9000000089461e-20
[rows 286 to 311 of 338, columns 240 to 299 of 660]
3.1570868 3.1570868 3.1570868 3.1570868 3.1570868 3.1570868 0.22743765 1.0939981 0.8018312 0.8018312 0.8018312 0.8018312 0.8018312 0.14395 0.14395 0.22743765 0.8018312 1.0939981 3.1570868 3.1570868 3.1570868 1.0939981 1.0939981 3.1570866 3.1570866 3.1570866 3.1570866 1.9688598 2.0688095 2.0688095 2.0688095 1.1015828 1.1015825 1.1433923 2.0688095 1.9688598 2.0688095 2.0688095 2.1641512 2.0688095 2.0688095 1.9688598 2.0688095 1.101582 1.1805754 1.1433918 1.9688598 2.0688095 1.9688598 2.1641512 1.9688598 2.068809 2.068809 1.9688593 0.80183053 3.1570864 3.157086 3.157086 3.157086 3.157086
3.1570451 3.1570451 3.1570451 3.1570451 3.1570451 3.1570451 0.22743332 1.0939808 0.80180836 0.14394455 0.14394455 0.14394455 0.14394455 0.14394455 0.14394455 0.22743332 0.80180836 1.0939808 3.1570451 0.22743332 3.1570451 1.0939808 1.4161727 1.4161725 3.157045 1.9688019 1.9688019 1.9688019 2.1640892 1.9688019 1.9688019 1.1433632 1.1015544 1.101554 1.9688019 2.06875 1.9688019 1.9688019 1.101554 1.1805457 2.06875 1.9688019 1.9688019 1.101554 1.101554 1.101554 1.9688014 2.0687494 2.0687494 1.9688014 2.1640887 2.0687494 1.9688014 2.1640887 0.8018078 1.416172 1.416172 3.157044 3.157044 3.157044
3.1570039 3.1570039 3.1570039 3.1570039 3.1570039 3.1570039 0.22742902 1.0939636 0.80178577 0.14393911 0.14393911 0.14393911 0.14393911 0.14393911 0.14393911 0.22742899 0.80178577 1.0939636 3.1570039 0.22742899 0.22742899 1.0939636 1.4161508 1.4161508 1.9687449 1.9687449 2.0686908 2.0686908 2.0686908 2.1640286 2.0686908 1.9687449 1.9687449 1.9687449 1.9687449 2.0686908 2.0686908 2.0686908 1.1433343 1.1015261 1.1433343 2.0686903 1.9687444 2.0686903 1.9687444 1.9687444 1.9687442 2.0686898 2.0686898 2.0686898 2.0686898 2.1640277 2.0686893 1.9687434 2.0686893 1.0939633 1.4161506 1.4161503 3.1570024 3.1570024
3.1569624 3.1569624 3.1569624 3.1569624 3.1569624 3.1569624 3.2744706 1.0939462 0.8017631 0.14393362 0.14393362 0.14393362 0.14393362 0.14393362 0.22742464 0.22742464 0.8017631 1.0939461 3.1569629 3.1569629 3.1569629 1.0939461 1.4161292 1.4161292 1.9686867 2.06863 2.06863 2.06863 2.1639655 1.9686867 2.06863 2.06863 2.06863 2.06863 2.06863 2.06863 2.06863 2.06863 2.06863 1.9686867 1.9686867 1.9686867 2.06863 2.06863 2.06863 2.06863 2.06863 2.0686297 2.0686297 2.0686297 2.0686297 2.0686297 2.0686297 2.0686297 1.9686865 1.1279963 1.4161284 1.4161284 3.156962 3.156962
3.1569214 3.1569214 3.1569214 3.1569214 3.1569214 3.1569214 3.1569214 1.0939287 0.80174047 0.8017404 0.14392804 0.14392804 0.14392804 0.14392804 0.2274203 0.8017404 0.8017404 1.0939287 3.1569211 3.1569211 3.1569211 1.0939287 1.0939287 1.9686302 1.9686302 2.0685709 2.0685709 2.1639044 1.9686297 2.0685709 2.0685709 2.0685709 2.0685709 2.0685709 2.0685701 2.0685701 2.0685701 2.0685701 2.0685701 1.9686292 2.0685701 2.0685701 2.0685701 2.0685701 2.0685701 2.0685701 2.0685701 2.0685701 2.0685701 2.1639037 1.9686292 2.0685701 2.1639032 2.0685697 2.0685697 3.1569204 3.1569204 3.1569202 3.1569202 3.1569202
3.1568787 3.1568787 3.1568787 3.1568787 3.1568787 3.1568787 3.1568787 1.0939115 0.80171746 0.80171746 0.80171734 0.80171734 0.14392254 0.14392254 0.80171734 0.80171734 1.0939115 1.0939115 3.1568787 3.1568787 3.1568787 3.1568787 1.9685718 1.9685718 2.068511 2.068511 2.1638422 1.9685718 2.068511 2.068511 1.1432458 1.1432458 1.1432458 2.068511 2.068511 2.068511 2.068511 2.1638422 1.9685718 2.068511 2.068511 2.068511 2.068511 2.068511 2.068511 2.068511 2.068511 1.9685715 2.0685105 1.9685715 2.0685105 2.0685105 2.0685105 2.1638417 2.0685105 3.1568785 3.1568785 3.1568785 3.1568785 3.1568785
3.1568384 3.1568384 3.1568384 1.1132221 3.1568384 3.1568384 3.1568384 1.0938941 0.80169505 0.80169505 1.0938941 1.0938941 1.0938941 0.80169505 0.80169505 0.80169505 0.80169505 0.80169505 3.1568384 3.1568384 3.1568384 3.1568384 1.9685158 2.0684526 2.0684526 2.163782 1.9685158 2.0684526 2.0684526 2.0684526 1.1432168 1.1014124 1.1014124 1.9685158 1.9685158 2.0684526 2.163782 1.9685158 2.0684526 2.0684526 2.0684526 2.0684526 2.0684526 2.0684526 2.0684526 2.0684526 2.0684526 2.1637814 1.9685153 2.0684521 2.0684521 2.0684521 2.0684521 2.0684516 2.163781 1.9685146 1.4160637 1.4160637 3.156838 3.156838
3.156797 3.156797 3.156797 3.156797 3.156797 1.4160428 1.4160428 1.093877 1.093877 1.093877 4.4486437 1.093877 1.093877 1.093877 1.093877 0.8016724 0.8016724 1.9684573 3.1567967 3.1567967 3.1567967 3.1567967 1.9684573 2.0683916 2.163719 1.9684573 2.0683916 2.0683916 2.0683916 2.0683916 2.0683916 1.1013843 1.1013843 1.9684571 2.0683916 2.1637185 1.9684569 2.068391 2.068391 2.068391 2.068391 1.9684569 2.0683908 2.0683908 2.0683908 2.0683908 2.1637182 1.9684566 2.0683908 2.0683908 2.0683908 2.0683908 2.0683908 2.0683908 2.0683908 1.1803657 1.4160426 1.4160426 3.1567962 3.1567962
1.9684016 1.9684016 1.9684016 3.1567554 3.1567554 1.4160211 1.4160211 1.0938596 1.0938596 1.0938596 1.595874 1.595874 3.1567554 3.1567552 3.1567552 1.0938596 0.80164963 2.0683334 1.9684016 3.1567552 3.1567552 1.9684016 1.9684016 2.1636589 1.9684016 2.0683334 1.1431581 2.068333 2.068333 2.068333 2.068333 2.7125952 1.1013556 1.9684013 2.1636584 1.9684011 2.068333 2.068333 2.068333 2.068333 2.068333 2.068333 2.068333 2.068333 2.068333 2.1636584 1.9684011 2.068333 2.068333 2.068333 2.068333 2.068333 2.068333 2.068332 2.068332 1.1431577 1.4160206 1.4160206 1.0938592 3.1567543
1.9683431 1.9683431 1.9683431 1.9683431 3.1567147 1.4159994 1.4159994 3.1567147 1.0938421 0.22739866 0.22739866 1.5958413 3.1567147 3.1567147 3.1567142 3.1567142 1.9683431 1.9683431 1.9683431 1.9683431 1.9683431 1.9683431 1.9683431 1.9683431 1.9683431 1.9683431 1.1013272 1.1013272 2.0682724 1.9683429 1.9683429 1.9683429 3.1686287 3.1686287 3.1686287 1.9683427 1.9683427 1.9683427 1.9683427 1.9683427 1.9683427 1.9683427 1.9683427 1.9683427 1.9683427 1.9683427 1.1013271 1.1013271 1.9683422 1.9683422 1.9683422 1.9683422 1.9683422 1.968342 2.0682719 2.0682719 1.4159989 1.0938419 1.0938419 3.156713
3.2587225 3.4586408 3.156673 1.1131761 1.9682866 3.156673 3.156673 0.22739434 0.22739434 0.22739434 0.22739434 3.156673 3.156673 3.156673 3.1566727 3.1566727 3.1566727 2.1635354 2.0682142 2.0682142 2.0682142 1.9682866 2.0682142 2.0682142 1.1431001 1.1431001 2.0682142 1.9682859 1.9682859 2.0682137 2.0682137 2.0682137 2.614771 3.16858 3.7367005 2.614771 2.0682132 1.9682854 2.0682132 2.0682132 2.0682132 2.0682132 2.0682132 2.1635344 1.9682854 2.0682132 1.1431001 1.1012994 1.101299 2.0682132 2.0682132 2.0682132 3.2587216 2.068213 2.1635342 3.2587214 3.1566718 3.1566718 1.0938244 1.5958079
3.1566312 3.1566312 3.1566312 3.1566312 3.2586784 1.968228 3.1566312 0.22739007 0.22739007 0.22739007 0.22739007 0.22739007 3.651388 1.4159563 1.4159563 3.1566312 3.1566312 1.968228 2.0681536 1.968228 2.0681536 2.0681536 2.0681536 2.0681536 1.1430708 1.101271 1.101271 2.0681536 2.0681536 2.0681536 2.0681536 2.1634724 1.968228 2.0681536 2.614708 2.6930728 2.0681531 2.0681531 2.0681531 2.0681531 2.0681531 2.0681531 2.163472 1.9682277 2.0681531 2.0681531 2.0681531 1.1012706 1.1012706 1.9682273 3.258678 3.258678 3.258678 3.258678 3.2586777 3.1566305 3.1566305 3.1566305 3.1566305 3.1566305
3.1565905 3.1565905 3.1565905 3.1565905 3.1565905 3.1565905 0.22738568 0.22738568 0.22738568 0.22738568 0.14388421 0.22738568 0.22738568 1.4159344 1.4159344 3.1565905 3.1565905 2.068095 2.068095 2.068095 1.9681715 2.068095 2.068095 2.068095 1.1430414 1.1012423 1.9681715 1.9681715 2.068095 2.068095 2.068095 1.9681715 2.068095 2.068095 0.9407939 2.068095 1.968171 1.968171 1.0428392 1.968171 2.0680945 2.0680945 1.968171 1.9681705 2.068094 1.9681705 2.068094 2.068094 1.9681705 1.9681705 3.2586348 3.1565895 3.1565895 3.1565895 3.1565893 3.1565893 3.1565893 3.1565893 3.156589 3.156589
3.156549 3.156549 3.156549 3.156549 3.156549 3.156549 0.22738133 0.22738133 0.22738133 0.22738133 0.1438787 0.1438787 0.0 1.2675728 3.156549 3.156549 3.1565487 2.0680346 2.0680346 2.0680346 1.968114 2.0680346 2.0680346 2.0680346 2.0680346 1.968114 1.968114 2.0680346 2.0680346 2.16335 1.9681138 2.0680346 2.0680346 2.0680346 2.0680346 2.0487256 2.0680337 2.0680337 2.0680337 2.0487247 2.1633492 1.9681131 2.0680337 2.0680337 2.0680337 1.9681131 2.0680337 2.0680337 2.0680337 2.0680337 3.2585907 0.6935468 0.6935468 0.6935468 0.6935468 0.6935468 0.6935468 0.6935468 3.1565478 3.1565475
3.1565075 3.1565075 3.1565075 3.1565075 3.1565075 3.1565075 3.1565075 0.22737697 0.22737697 0.22737697 0.1438732 0.1438732 0.0 0.81772673 3.1565075 3.1565075 3.1565075 2.0679748 2.0679748 2.0679748 1.9680563 2.0679748 2.0679748 2.0679748 2.0679748 2.0679748 2.0679748 2.0679748 2.1632884 1.9680558 2.0679748 2.0679748 1.9680558 2.0679748 2.0679748 2.0679748 2.0679748 2.0679739 2.0679739 2.1632874 1.9680549 2.0679739 2.0679739 2.0679739 2.0679739 2.0679739 2.0679739 2.0679739 2.0679739 3.2585468 3.2585468 0.76499295 0.76499295 0.76499295 0.6935258 0.76499295 0.76499295 0.76499295 0.6935258 0.6935253
3.1564655 3.1564655 3.1564655 3.1564655 3.1564655 3.1564655 3.1564655 3.1564655 0.22737272 0.22737272 0.0 0.0 0.0 0.019783882 3.1564655 3.1564655 3.1564655 3.2585032 2.0679145 2.0679145 2.0679145 1.9679981 2.0679145 2.0679145 2.0679145 2.0679145 3.2585032 3.3605406 3.1564655 3.2585025 2.067914 2.067914 3.2585025 2.067914 2.067914 2.067914 2.067914 2.0679138 2.1632245 1.9679977 2.0679138 2.0679138 2.0679138 2.0679138 2.0679138 2.0679138 2.0679138 2.0679138 2.0679138 2.0679138 3.1564646 3.9164293 1.0162652 1.0162652 0.76495385 1.0162647 1.0162647 1.0162647 0.76495385 0.7649534
3.1564245 3.1564245 3.1564245 4.448236 4.448236 4.448236 4.448236 4.448236 4.448236 0.5596819 0.5596819 0.0 0.0 0.0 3.1564245 3.1564245 3.1564245 3.1564245 3.2584598 2.0678558 2.0678558 1.9679419 3.2584598 3.2584598 3.2584598 3.2584598 3.2584598 3.1564245 3.1564245 3.1564245 3.1564245 3.2584598 3.2584598 3.1564245 3.2584598 2.0678558 2.0678558 2.1631641 1.9679414 2.0678554 2.0678554 2.0678554 2.0678554 2.0678554 2.0678554 2.0678554 3.2584596 2.0678554 2.1631641 1.9679414 3.2584596 3.1564243 3.93675 2.6712127 2.6514082 2.6712122 1.0337517 1.0337517 1.0162232 1.0162232
0.55966043 0.55966043 3.1563828 4.448191 4.448191 4.448191 4.448191 4.448191 3.1563828 0.74442637 0.74442637 0.55966043 0.55966043 0.55966043 3.1563828 3.1563828 3.1563828 3.1563828 3.1563828 3.258416 3.1563826 3.1563826 3.258416 3.1563826 3.1563826 3.1563826 3.1563826 3.1563826 3.1563826 3.1563826 3.1563826 3.1563826 3.1563826 3.1563826 3.1563826 1.9678832 2.067795 1.9678832 2.067795 2.067795 2.067795 2.067795 1.9678832 2.067795 2.067795 1.0937033 3.258416 3.258416 1.967883 1.967883 3.258416 3.1563826 1.9678828 2.098326 2.098326 1.9678823 2.671132 2.671132 2.671132 1.0841284
0.55963945 0.0 0.55963945 4.448146 4.448146 4.448146 3.1563418 3.1563418 0.55963945 0.55963945 0.85896087 0.744383 0.55963945 0.744383 0.20635259 1.4158049 3.1563418 3.1563418 3.1563418 3.1563416 3.1563416 3.1563416 3.1563416 3.1563416 3.1563416 3.1563416 3.1563416 3.1563416 3.1563416 3.1563416 3.1563416 3.1563416 3.1563416 3.1563416 3.1563416 3.1563416 1.9678262 1.9678262 2.0677357 2.0677357 2.0677357 2.0677357 2.0677357 2.0677357 0.82906526 1.1277257 1.0936861 3.1563406 3.1563406 3.2583716 3.2583716 3.1563406 1.9678255 2.1630397 2.0677347 1.9678255 2.0982676 2.0982676 3.2420871 2.3634644
0.5596204 0.5596204 0.7443439 0.5596204 3.1563005 3.1563005 3.1563005 0.5596204 0.7443439 0.7443439 1.008602 0.8589251 0.7443439 0.8589251 0.22090805 3.1563005 3.1563005 3.1563005 3.1563005 3.1563005 3.1562998 3.1562998 3.1562998 3.1562998 3.1562998 3.1562998 3.1562998 3.1562998 3.1562998 1.4157827 1.4157827 3.156299 3.156299 3.156299 3.156299 3.156299 3.156299 3.156299 2.0676756 2.0676756 2.0676756 2.0676756 2.0676756 2.0676756 1.1428363 1.1010437 1.0936687 3.156299 3.156299 3.156299 1.9677676 1.9677676 1.9677676 2.0676756 2.1629782 2.067675 2.067675 3.4938304 2.098209 2.3633862
0.55959845 0.7443005 0.37593246 0.20634758 0.20634758 1.1130598 3.156259 0.7443005 0.8588846 0.08912659 1.0111603 1.0085624 0.8588846 1.0085624 0.55959845 3.156259 3.156259 3.156259 3.156259 3.156259 3.156259 3.156259 3.156259 3.156259 3.156259 3.156259 3.156259 3.156259 3.156259 1.4157612 1.4157612 3.156259 3.156259 3.156259 1.0936515 1.0936515 3.156259 3.156259 3.1562588 2.067616 2.067616 3.1562588 2.067616 2.067616 2.067616 1.9677109 1.9677109 3.1562586 3.1562586 1.415761 1.1010152 2.0676157 2.0676157 2.0676157 2.0676157 2.162916 1.3821307 1.1428069 1.1550567 0.7647579
0.37592983 0.26346695 0.22089827 1.1009874 1.4395685 1.4157395 1.4157395 0.37592983 0.4474225 0.55957747 1.0195726 1.3582069 0.3683955 0.3716607 0.2610818 1.0936344 1.0936344 1.0936344 3.1562176 3.1562176 3.1562176 3.1562176 3.1562176 0.6933713 0.6933713 3.1562176 1.9676539 1.9676539 1.9676539 1.9676539 1.9676539 3.1562176 3.1562176 3.1562176 1.0936342 1.0936342 1.0936342 1.0936342 1.0936342 1.9676532 2.067556 2.067556 3.1562173 1.9676532 1.9676532 1.9676532 2.067556 3.2582412 1.9676532 1.1009871 1.100987 1.9676532 1.9676532 2.067556 2.067556 2.067556 1.1009866 1.1009866 1.399998 1.9676532
1.1219877 1.1219877 1.100959 1.100959 1.100959 1.100959 1.100959 1.180744 1.1809696 0.20634258 1.0205678 1.3754464 0.12326698 0.124515146 0.80299056 0.80133224 1.0936171 1.0936171 3.1561763 3.1561763 3.1561763 3.156176 3.156176 0.7646787 0.7646787 0.69334793 1.9675969 2.0674977 2.0674977 2.0674977 2.0674977 2.0674977 3.156176 3.156176 3.156176 1.093617 0.8013319 1.093617 0.8013319 1.9675967 2.0674977 2.0674977 3.2581978 3.1561759 2.0674977 2.0674968 0.14809664 0.14809664 0.14382921 1.1427485 1.1009585 0.14382917 0.14809659 0.14990734 0.14809659 2.0674963 1.9675952 1.9675952 2.0674963 3.1561751
1.1009308 1.1009308 1.1009308 1.1009308 1.1009308 1.1009308 1.1009308 1.1009308 1.1009308 0.22088802 0.4567299 0.38382158 0.12325896 0.12325896 0.8013096 0.8013096 1.0935997 1.0935997 3.1561348 3.1561348 3.1561348 3.1561348 3.1561344 1.0159323 1.0159323 0.7646401 1.9675387 2.0674372 2.0674372 2.0674372 2.1627326 1.9675387 2.0674372 1.9675387 3.1561344 4.447919 0.80130935 0.80130935 0.80130935 0.8013092 2.0674367 2.1627316 2.0674348 1.9675387 1.9675387 0.14809103 0.14809103 0.1438237 0.1438237 0.1438237 0.1438237 0.14382368 0.14382368 0.14382368 0.14382368 2.0674362 2.0674362 2.0674362 2.0674362 3.1561341
1.4156748 1.1009021 1.1009021 1.1009021 1.1009021 1.1009021 1.1009021 1.1009021 1.1009021 1.1219238 0.26365054 0.559515 0.12325172 0.12325172 0.12325172 0.8012866 1.0935824 1.0935824 1.5953492 3.1560934 3.1560934 3.1560934 1.1130137 3.9362612 1.0334241 1.0158889 0.7593286 1.9674815 2.067378 2.1626706 1.9674815 2.067378 2.0673776 2.0673776 2.0673776 3.167901 3.167901 0.8012866 0.8012866 0.8012866 2.0673776 2.0673752 1.1426888 2.0673776 2.0673776 1.967481 0.14381818 0.14381818 0.14381818 0.14381818 0.14381818 0.14381818 0.14381818 0.14381818 0.14381818 2.0673776 2.067377 2.067377 2.067377 1.9674805
1.4156533 1.1008741 1.1008741 1.1008741 1.1008741 1.1008741 1.1008741 1.1008741 1.1008741 1.1008741 0.22087824 0.009732153 0.123244084 0.123244084 0.123244084 0.8012643 0.8012643 1.0935653 1.5953168 3.156052 3.156052 3.156052 3.156052 3.1560519 1.7682452 0.52749646 0.52749646 0.6932821 2.1626089 2.0673182 1.9674243 2.0673182 2.0673177 2.0673177 1.967424 2.0673177 3.7359638 0.945896 0.8012638 1.967424 1.967424 1.1008735 1.1008735 1.1008735 2.0673177 1.967424 2.0673177 1.967424 1.967424 1.967424 0.14381273 0.14381272 0.14381272 0.14381272 0.14381272 3.2677457 2.0673177 2.0673177 2.0673177 1.0425953
