Export/ASCII/RMeteo_SP_inch/impervious0/net_infiltration_2014_SP2_inch.asc
ncols         660
nrows         338
xllcorner     1476100.0
yllcorner     5017100.0
cellsize      100
NODATA_value  -9.9000000089461e-20
[rows 182 to 207 of 338, columns 236 to 294 of 660]
0.7007636 0.7007636 0.7007636 2.3148913 0.27447668 0.23802507 0.7480454 0.7480454 0.23802507 0.87460303 0.87460303 1.0396626 0.8663635 1.7116351 1.7116351 1.7116351 1.7116351 2.0132582 2.3148913 2.3148913 2.3148913 2.3148913 2.3148913 2.3148913 2.3148913 1.0075753 1.0075753 0.7480454 0.7480454 0.51279396 0.51279396 0.51279396 0.7480454 0.7480454 1.4548905 1.4548905 0.13807462 0.13807462 2.3148913 1.0075753 1.0075753 2.3148913 2.3148913 2.3148913 2.3148913 2.3148913 1.7116346 2.3148913 2.3148913 2.3148913 1.7116346 1.7581809 0.076851696 0.13807464 2.314891 2.314891 2.314891 2.314891 1.0075752
0.47404182 0.7007612 0.7007612 0.86635685 0.23802277 0.23802277 0.69923735 0.44015634 0.44015634 1.0972254 1.0972254 0.86657596 0.86635685 1.0396559 1.7116289 1.7116289 1.7116289 1.7116289 2.314886 2.314886 2.314886 2.314886 2.314886 2.314886 2.314886 2.314886 1.0075724 0.7480432 0.7480432 0.7480432 0.7480432 0.7480432 1.0075724 2.2101443 0.7480432 0.5127915 0.13807409 0.13807409 0.13807409 1.0075724 1.0075724 2.314886 2.314886 2.31611 2.314886 2.314886 1.7116289 1.7116289 1.7116289 1.7116287 1.7116287 1.7116287 0.07685111 0.13807409 2.314886 2.314886 2.314886 2.314886 2.314886
0.4740392 0.700759 0.700759 0.27447116 0.2380206 0.8663511 0.8745868 0.6992297 0.6992297 0.8663511 1.2048008 1.070266 1.0396497 1.0396497 0.8663511 1.711623 1.711623 1.711623 1.711623 1.711623 2.31488 2.31488 2.31488 2.31488 2.31488 2.31488 2.31488 2.31488 0.7480408 0.7480408 2.31488 2.31488 1.0075696 2.2101374 0.1380735 0.0768505 0.0768505 0.0768505 0.7480408 0.7480408 0.1380735 2.31488 2.31488 2.31488 2.31488 1.711623 1.711623 1.711623 1.711623 1.711623 1.711623 1.711623 1.711623 1.5440819 2.3148797 2.3148797 2.3148797 0.8663511 0.8663511
0.47403696 0.47403696 0.19053668 0.2380183 0.2380183 1.039643 0.6992221 0.8745787 0.8745787 0.8665602 1.0993187 1.0742791 1.039643 1.0605977 1.039643 1.711617 1.711617 1.711617 1.7728457 1.711617 1.711617 0.7480386 0.7480386 0.7480386 2.3148746 2.3148746 2.3148746 2.3148746 2.3148746 2.3148746 2.3148746 2.3148746 0.13807297 0.13807297 0.07684991 0.07684991 0.07684991 0.07684991 0.5127869 0.5127869 0.13807297 2.3148746 2.3148746 2.3148744 2.3148744 1.711617 1.711617 1.711617 1.711617 1.711617 1.711617 1.711617 1.711617 0.75704646 2.3148744 2.3148744 0.86634445 1.0396426 1.0396426
0.7007543 0.1905343 0.1905343 0.23801592 0.44014728 0.52504134 1.0471556 1.0471556 2.6945164 1.9054825 0.97577834 1.070512 1.0605905 1.0605905 0.8663392 0.8663392 0.8663392 1.7116108 1.7116108 1.7116108 1.7116108 2.3148685 0.7480364 1.0075641 2.3148685 2.3148685 2.3148685 2.3148685 1.0075641 2.3148685 2.3148685 2.3148685 0.13807242 0.076849334 0.076849334 0.076849334 0.076849334 0.076849334 0.076849334 0.076849334 0.13807242 0.13807242 2.3148685 2.3148685 2.3148685 2.3148685 1.7116106 1.7116106 1.7116106 1.7116106 1.7116106 1.7116106 0.7570435 0.7570435 1.7116106 2.3148685 0.8663392 0.8663392 1.1231701
0.70075214 2.1684515 0.7981634 2.314863 0.6992054 0.6992054 1.0396297 1.0849812 2.314863 2.314863 0.6992054 0.866333 1.1612852 1.0605829 1.0396297 0.866333 1.0396297 0.51278216 0.51278216 1.7116039 1.7116039 2.314863 1.0075614 1.0075614 2.314863 2.314863 1.0075614 1.0075614 1.0075614 2.314863 2.314863 2.314863 0.13807185 0.13807185 0.13807185 0.13807185 0.018909268 0.076848745 0.076848745 0.076848745 0.076848745 0.13807185 0.13807185 2.314863 2.314863 2.314863 1.7116039 1.7116039 1.7116039 1.7116039 1.7116039 1.7116039 0.7570406 0.7570406 0.7570406 2.314863 1.0396297 0.866333 0.866333
2.168443 2.168443 2.3386292 2.314857 2.618925 0.8745539 0.8995578 1.0704973 0.8663273 2.314857 2.618925 0.8665345 1.0805609 1.0605757 1.039624 1.039624 1.039624 0.51277965 0.51277965 1.7115982 1.7115982 2.314857 1.0075586 1.0075586 1.0075586 1.0075586 0.7480321 0.7480321 0.7480321 2.314857 2.314857 2.314857 0.1380713 0.1380713 0.1380713 0.018908694 0.018908694 0.07684815 0.07684815 0.07684815 0.07684815 0.07684815 0.1380713 2.314857 2.314857 2.314857 1.7115982 1.7115982 1.7115982 1.7115982 1.7115977 1.7115977 1.7115977 1.4953711 1.7581358 0.7570379 2.6199267 2.3148568 1.039624
2.1684344 2.1684344 2.1684344 2.3148515 2.3148515 2.3148515 0.99405885 1.0605681 1.0396178 2.3148515 2.3148515 1.0471365 1.1411483 1.0605681 1.0605681 1.0396178 0.86632156 2.013186 0.5127773 1.7115915 1.7115915 2.3148515 2.3148515 2.3148515 1.0075557 1.0075557 0.7480298 0.74802977 0.74802977 2.3148515 2.3148515 2.3148515 2.3148515 0.13807073 0.13807073 0.01890822 0.01890822 0.01890822 0.07684755 0.07684755 0.07684755 0.07684755 0.13807072 0.13807072 2.3148515 2.3148515 1.7115915 1.7581277 1.7115915 1.7115915 1.7115915 1.7115915 1.4953647 1.7581277 0.75703454 0.75703454 1.0075557 2.3148515 0.8663206
2.168426 2.168426 2.168426 2.3148458 2.3148458 2.3148458 2.5592344 0.88891625 1.0396111 0.86631536 2.3148458 2.6759427 1.060561 0.8663149 1.1612604 1.060561 1.0396111 1.711586 1.711586 1.711586 1.711586 2.3148458 2.3148458 2.3148458 2.3148458 2.3148458 2.3148458 0.8663149 0.8663149 2.3148458 2.3148458 2.3148458 0.8663149 0.8663149 0.018907622 0.018907622 0.07684693 0.07684693 0.07684693 0.07684693 0.07684693 0.07684693 0.07684693 0.13807023 0.13807023 2.3148456 1.7728148 1.7581203 1.7581203 1.5440481 1.5440481 1.711586 1.711586 1.7581203 1.7581203 0.7570317 1.0075531 2.3148456 2.3148456
2.1685007 2.1684172 2.1684172 2.3148403 2.3148403 2.3148403 1.9054534 0.8992517 1.0605533 1.039604 0.8663082 2.3148403 0.8663082 1.039604 0.8663082 1.0605533 1.039604 1.71158 1.71158 1.71158 1.71158 1.71158 2.3148403 0.7480255 0.7480255 0.7480255 0.23800439 0.8663082 1.039604 0.8663082 0.8663082 0.8663082 0.8663082 1.039604 0.018907052 0.018907052 0.07684635 0.07684635 0.07684635 0.07684635 0.07684635 0.07684635 0.07684635 0.07684635 1.0075502 1.0075502 1.71158 1.7728088 1.7581127 1.7581127 1.7581127 1.5440423 1.5440423 0.0 1.7581127 1.7581127 1.7581127 2.3148403 2.3148403
2.1684093 2.1684093 2.1684093 2.3148346 2.3148346 2.3148346 2.3148346 0.69916725 1.1835759 1.0395982 1.0395982 2.3148346 2.5859663 1.0395982 1.0395982 1.0605462 1.0605462 1.7115738 1.7115738 1.7115738 1.7115738 0.07684578 0.13806908 0.74802315 0.74802315 0.74802315 0.23800227 0.23800227 1.0395982 0.86630297 1.0395982 1.0395982 1.0395982 1.0395982 0.86630297 0.018906502 0.07684575 0.07684575 0.07684575 0.07684575 0.07684575 0.07684575 0.07684575 0.07684575 0.7570257 0.7570257 1.7115738 1.7115738 1.7581053 1.1096429 1.1096429 1.1096429 3.1505027 0.0 1.7581053 1.7581053 1.758105 0.0 2.3148344
2.1684003 2.1684003 2.1684003 2.3148286 2.3148286 2.3160524 2.3148286 1.0471103 1.1038239 1.0605385 1.0395911 2.3148286 2.3148286 1.0605385 0.8662963 1.0605385 0.8662963 2.64354 1.7115674 1.7115674 0.07684516 0.07684516 0.13806856 0.748021 0.748021 0.748021 0.23799992 0.8662963 1.0605385 1.0395911 1.0395911 1.0395911 1.0395911 1.0605385 1.0395911 0.018905979 0.018905979 0.07684516 0.018905979 0.018905979 0.018905979 0.07684516 0.07684516 1.7115674 1.7115674 1.7115674 1.7115674 1.7580974 1.7115674 1.1096377 1.1096377 1.1096377 2.8246546 0.0 1.7580974 1.7580974 1.7580974 1.7580974 2.5859582
2.168392 2.168392 2.168392 2.314823 2.314823 2.314823 2.314823 2.6365204 1.1479886 1.0605319 1.0605319 2.314823 2.314823 2.6435304 2.5859506 1.0605319 1.0395854 2.314823 2.314823 1.7115614 1.7115614 0.07684459 1.7115614 2.314823 2.314823 2.314823 0.86629057 1.0395854 1.0605319 1.0395854 1.0605319 1.0605319 1.0605319 1.0605319 0.86629057 1.0395854 0.018905431 0.018905431 0.018905431 0.018905431 0.018905431 1.7115614 1.7115614 1.7115614 1.7115614 1.75809 1.75809 1.75809 1.75809 1.75809 1.1096328 1.1096328 0.0 0.0 1.75809 1.75809 1.75809 1.75809 1.75809
2.1683834 2.1683834 2.1683834 2.3148177 2.3148177 0.7480166 2.3148177 2.3148177 1.0605247 0.8662844 1.0605247 2.3148177 2.3148177 2.3148177 2.3148177 1.0605247 1.0395782 0.8662844 2.3148177 1.7115552 1.7115552 1.7115552 1.7115552 2.3148177 2.3148177 0.8662844 1.0395782 1.0395782 1.0605242 1.0605242 1.0605242 0.8662844 1.1612184 0.8662844 1.0395782 1.0605242 0.018904906 0.018904906 0.018904906 0.8662844 0.8662844 0.8662844 1.7580829 1.7115552 1.7115552 1.7580829 1.7580829 1.7580829 1.7580829 1.7580829 1.1096278 1.1096278 0.0 0.0 1.5440202 1.5440202 1.7580829 1.7580824 1.7580824
2.1683748 2.1683748 2.1683748 1.0075364 0.7480143 0.7480143 0.7480143 0.7480143 2.6435103 1.0395715 1.0605175 2.3148117 2.3148117 2.3148117 2.3148117 1.0605175 1.0605175 1.0395715 0.8662782 2.3148117 1.7115486 1.7115486 2.3148117 2.3148117 2.3148117 1.0395715 1.0395715 0.8662782 1.0605175 0.8662782 1.1612108 1.0395715 0.8662782 1.0395715 1.0395715 0.8662782 0.8662782 0.8662782 0.8662782 0.01890438 0.023137648 0.023137648 1.7115486 1.7115486 1.7115486 1.7580745 1.7580745 1.7580745 1.7580745 1.7580745 1.1096232 1.1096232 0.0 0.0 0.0 0.0 1.7580745 1.7580745 0.5127607
2.1683662 2.1683662 2.1683662 1.0075338 0.7480123 0.7480123 0.7480123 0.7480123 0.7480123 0.4401133 0.5332371 0.8662729 2.314806 2.314806 2.314806 0.8662729 1.0605109 0.8662729 0.8662729 1.0075338 1.0075338 2.314806 2.314806 2.314806 0.8662729 0.8662729 0.8662729 1.0395663 0.8662729 1.0395663 0.8662729 0.8662729 1.0395663 0.8662729 1.0605109 0.8662729 0.8662729 1.1230958 0.023137052 0.018903784 0.076842785 0.018903784 0.076842785 1.7115424 1.5440087 1.7580674 1.7580671 1.7580671 1.7580671 1.7580671 0.5127584 1.5440087 0.0 0.0 0.076842785 0.076842785 1.7580671 1.7115424 0.5127584
2.1683576 2.168441 2.1683576 1.007531 0.74801 0.5127561 0.74801 0.74801 0.74801 2.3148007 0.8662658 1.0395591 0.92317486 2.3148007 2.3148007 2.58592 1.0605028 1.0395591 1.0395591 0.44011045 1.0075309 2.3148007 2.3148007 2.3148007 1.0395591 1.0395591 1.0395591 1.0395591 1.0395591 1.0395591 1.0395591 1.0395591 1.0395591 1.0395591 0.8662658 1.1423328 1.0395591 1.0395591 0.018903283 0.018903283 0.076842226 0.076842226 0.018903283 1.7115366 1.7115366 1.7580597 1.7580597 1.7115366 0.5127561 0.5127561 0.5127561 0.5127561 0.51275605 0.51275605 0.076842226 0.076842226 0.076842226 1.7115366 1.7115366
2.168349 2.168349 2.168349 2.3147945 0.7480078 0.5127537 0.5127537 0.7480078 2.3147945 2.3147945 1.0395529 1.0395529 0.5327804 0.44010746 2.3147945 2.3147945 1.0604956 1.0395529 1.0395529 0.86626005 0.44010746 0.86626005 2.3147945 2.3147945 1.0395529 1.0395529 0.86626005 1.0604956 1.0395529 1.0604956 0.86626005 0.86626005 1.1423252 1.0395529 1.0395529 1.0604956 1.0395529 0.024227314 0.01890269 0.01890269 0.23798609 0.23798609 0.23798609 0.5127537 0.5127537 1.7115309 0.5127537 0.5127537 0.5127537 0.5127537 0.5127537 0.5127537 0.5127537 0.5127537 0.5127537 0.07684161 0.07684161 0.07684161 0.07684161
2.1683404 2.1683404 2.1683404 2.3147893 0.7480055 0.5127512 0.7480055 0.7480055 0.7480055 2.3147893 2.3147893 1.060488 0.86625385 0.44010437 2.3147893 2.3147893 2.6434703 0.86625385 1.1611769 0.86625385 0.86625385 1.0395463 2.3147893 2.3147893 2.0130742 2.2669692 2.2130032 1.060488 1.060488 0.86625385 1.142317 0.5174103 1.0804636 1.060488 1.0395463 1.1410687 0.023599869 0.018902138 0.07684097 0.2379838 0.2379838 0.2379838 0.2379838 0.51275116 0.51275116 0.51275116 0.51275116 0.51275116 0.51275116 0.51275116 0.51275116 0.51275116 0.51275116 0.7480055 0.7480055 0.07684097 0.121985085 0.07684097 0.07684097
2.168332 2.168332 2.168332 2.3147833 0.7480033 0.7480033 0.7480033 0.7480033 2.3147833 2.3147833 2.3147833 1.0604808 1.0395391 0.8662472 2.3147833 2.3147833 2.3147833 1.0395391 1.080456 0.8662472 1.0395391 2.6198094 2.3147833 2.3147833 1.7115188 1.9171364 1.9171364 1.7115188 2.0130641 1.0395391 0.5624014 1.0075226 1.2054908 2.3147833 2.6434605 1.9053953 0.018901568 0.07684047 0.07684047 0.2379815 0.2379815 0.512749 0.512749 0.512749 0.512749 0.512749 0.512749 0.512749 0.512749 0.512749 0.512749 0.512749 0.512749 0.512749 0.512749 0.512749 0.07684047 0.07684047 0.07684047
2.1683235 2.1683235 2.1683235 2.3147776 0.13806356 0.7480011 0.13806356 2.3147776 2.3147776 2.3147776 2.3147776 2.3147776 1.1423023 1.0395329 2.3147776 2.3147776 2.3147776 2.6197999 1.1410534 1.0395329 1.0395329 2.3147776 2.3147776 2.3763 1.9171307 1.9171307 1.9171307 1.9171307 1.7115121 2.2432988 1.7115121 2.3147776 2.3147776 2.3147776 0.86624146 0.86624146 0.018901043 0.07683984 0.07683984 0.07683984 0.5127465 0.5127465 0.5127465 0.5127465 0.5127465 0.5127465 0.5127465 0.5127465 0.5127465 0.5127465 0.5127465 0.5127465 0.5127465 0.5127465 0.5127465 0.5127465 0.5127465 0.07683984 0.07683984
2.168315 2.168315 2.168315 2.314772 0.13806298 2.314772 2.314772 2.314772 2.314772 2.314772 2.314772 2.314772 1.0804398 2.314772 2.314772 2.314772 2.314772 2.314772 2.6434393 2.6197906 2.6434393 2.314772 2.314772 2.376295 1.9171255 1.9171255 1.9171255 1.9171255 1.9171255 1.9171255 1.9171255 1.7115061 2.314772 2.314772 0.86623573 1.1230543 0.018900517 0.018900517 0.07683925 0.07683925 0.07683925 0.512744 0.512744 0.512744 0.512744 0.07683925 0.512744 0.512744 0.512744 0.512744 0.512744 0.512744 0.512744 0.512744 0.512744 0.512744 0.512744 0.512744 0.07683925
2.1683068 2.1683068 2.1683068 2.3147664 2.3147664 2.3147664 2.3147664 2.3147664 2.3147664 2.3147664 2.3147664 2.3147664 1.1410391 2.3147664 2.3147664 2.3147664 2.3147664 2.3147664 2.3147664 2.3147664 2.3147664 2.3147664 2.3147664 2.3147664 2.3762898 1.9171195 1.9171195 1.9171195 1.9171195 1.9171195 1.7115002 1.7115002 2.3147664 2.3147664 0.86622953 1.0395195 0.86622953 0.018899994 0.018899994 0.018899994 0.5127418 0.5127418 0.5127418 0.5127418 0.5127418 0.5127418 0.07683863 0.5127418 0.5127418 0.5127418 0.5127418 0.5127418 0.5127418 0.5127418 0.5127418 0.5127418 0.59894294 0.5127418 0.5127418
2.168298 2.168298 2.168298 2.3147604 2.3147604 2.3147604 2.3147604 2.3147604 2.3147604 2.3147604 2.3147604 2.3147604 1.0604517 0.8662238 2.3147604 2.3147604 2.3147604 2.3147604 2.3147604 2.3147604 2.3147604 2.3147604 2.3147604 2.3147604 2.3147604 2.376284 1.9171143 1.9171143 1.9171143 1.7114942 1.7114942 1.7114942 1.7114942 1.7114942 1.0395143 0.8662238 1.0395143 0.70089036 0.018899396 0.018899396 0.51273936 0.51273936 0.51273936 0.51273936 0.51273936 0.51273936 0.51273936 0.51273936 0.51273936 0.51273936 0.51273936 0.51273936 0.51273936 0.51273936 0.51273936 0.51273936 0.51273936 0.51273936 0.51273936
2.1682894 2.1682894 2.1682894 2.3147552 2.3147552 2.3147552 2.3147552 2.3147552 2.3147552 2.3147552 2.3147552 2.3147552 2.6434102 1.0395072 2.3147552 2.3147552 2.3147552 2.3147552 2.3147552 2.3147552 2.3147552 2.3147552 1.0075088 1.0075088 2.3147552 2.3147552 1.0075088 1.7114882 1.7114882 1.7114882 1.7114882 1.7114882 1.7114882 1.7114882 1.9896786 1.0395072 0.8580195 0.73436844 1.1095728 1.7114882 1.7114882 1.7579994 0.51273704 0.51273704 0.51273704 0.51273704 0.51273704 0.51273704 0.51273704 0.51273704 0.51273704 0.51273704 0.51273704 0.51273704 0.512737 0.512737 0.512737 0.512737 0.512737
2.1682808 2.1682808 2.1682808 2.3147492 2.3147492 2.3147492 2.3147492 2.3147492 2.3147492 2.3147492 2.3147492 2.3147492 2.3147492 1.0395014 2.3147492 2.3147492 2.3147492 2.3147492 2.3147492 2.3147492 2.3147492 2.3147492 1.0075061 1.0075061 2.3147492 2.3147492 1.0075061 2.3147492 2.3147492 1.7114813 1.7114813 1.7114813 1.7114813 1.7114813 1.7114813 1.9896686 1.7733791 1.1095673 1.1496658 1.7114813 1.7114813 1.7579916 0.5127348 0.5127348 0.5127348 0.5127348 0.5127348 0.5127348 0.5127348 0.5127348 0.5127348 0.5127348 0.5127348 0.5127348 0.5127348 0.5127348 0.5127348 0.5127348 0.5127348
