Export/ASCII/RMeteo_SP_inch/impervious0/net_infiltration_2014_SP3_inch.asc
ncols         660
nrows         338
xllcorner     1476100.0
yllcorner     5017100.0
cellsize      100
NODATA_value  -9.9000000089461e-20
[rows 105 to 139 of 338, columns 234 to 311 of 660]
0.56694293 0.56694293 0.56694293 0.56694293 0.97148037 0.38672274 0.38672274 0.38672274 0.38672274 0.010903361 0.010903361 0.010903361 0.010903361 0.38672274 0.38672274 0.38672274 0.010903361 0.10525706 0.10525706 0.10525706 2.40635 1.5734696 0.0 0.7833079 0.7833079 0.38672274 0.38672274 0.38672274 0.38672274 0.7833079 0.10525706 0.7833079 0.38672274 0.7833079 0.7833079 1.0651594 0.0 1.0651594 0.10525706 0.10525706 0.10525706 0.10525706 0.10525706 2.40635 1.1095095 0.0 0.0 0.38672274 0.38672274 0.7833079 0.0 0.0 1.0651594 0.7833079 0.38672262 0.38672262 0.38672262 0.10525704 0.12208556 0.10525704 0.10525704 0.10525704 0.12208556 0.7833079 0.7833079 0.10525704 0.10525704 0.10525704 0.10525704 0.10525704 0.10525704 0.10525704 0.010903361 0.38672262 0.010903361 0.010903361 0.38672262 0.38672262
0.5669329 0.5669329 0.5669329 0.10937121 0.9714764 0.78330564 0.38672027 0.38672027 0.38672027 0.010903265 0.010903265 0.010903265 0.010903265 0.38672027 0.38672027 0.38672027 0.010903265 0.105256535 0.105256535 2.4063408 2.4063408 1.0651565 1.0651565 0.78330547 0.78330547 0.38672015 0.38672015 0.38672015 0.38672015 0.78330547 0.78330547 0.78330547 0.78330547 0.78330535 0.78330535 2.4621065 0.0 0.10525652 0.10525652 0.10525652 0.10525652 0.10525652 0.0 0.0 0.0 0.0 0.0 0.38672015 0.38672015 0.0 0.0 0.0 2.4063408 0.78330535 0.78330535 0.78330535 0.78330535 0.78330535 2.4063406 2.4063406 2.4063406 2.4063406 0.10525652 0.38672015 0.010903265 0.010903265 0.010903265 0.010903265 0.10525652 0.10525652 2.4063404 0.0 1.1094973 0.010903265 0.010903265 0.010903265 0.0 0.0
0.5669234 0.5669234 0.9714724 0.109370224 0.9714724 0.7833031 0.7833031 0.3867176 0.3867176 0.3867176 0.3867176 0.3867176 0.3867176 0.3867176 1.1094873 0.7833031 0.10525594 0.10525594 0.0 0.10525594 0.10525594 1.0651534 1.0651534 0.0 0.7833031 0.7833031 0.3867176 0.7833031 0.7833031 0.7833031 0.7833031 2.4063332 2.4063332 2.4063332 0.10525596 0.10525596 0.10525596 0.10525596 0.10525596 0.01090317 0.01090317 0.01090317 0.10525596 0.0 0.0 0.3867176 0.3867176 0.3867176 0.0 0.0 0.0 0.0 1.1094873 2.4063332 0.783303 0.783303 0.3867176 2.4063332 2.4063332 2.4063332 2.4063332 2.4063332 0.10525596 0.10525596 0.01090317 0.01090317 0.3867176 0.783303 0.10525593 2.406333 0.10525593 0.0 0.0 0.783303 0.10525593 0.10525593 0.10525593 0.01090317
0.5669131 0.5669131 0.9714682 0.9714682 0.10936928 0.78330076 0.78330076 0.3867151 0.3867151 0.3867151 0.3867151 0.3867151 0.78330076 0.78330076 0.78330076 0.78330076 0.0 0.0 0.0 0.10525544 0.10525544 0.10525544 2.4063241 0.0 0.0 0.78330076 0.78330076 0.10525544 0.10525544 0.10525544 0.78330076 0.0 0.0 0.0 0.105255425 0.105255425 0.105255425 0.105255425 0.105255425 0.105255425 0.105255425 0.010903099 0.105255425 0.0 0.78330064 0.78330064 0.3867151 0.0 0.0 0.0 0.0 0.0 0.3867151 0.3867151 2.406324 1.1094761 1.1094761 1.1094761 2.406324 0.62082934 0.0 2.4063234 1.0651505 1.0651505 1.0651505 0.10525539 0.10525539 1.0651505 1.0651505 0.0 0.10525539 0.010903051 0.010903051 0.7833006 0.10525539 0.10525539 0.10525539 0.010903051
0.5669029 0.9714642 0.9714642 0.5669029 0.9714642 0.78329825 0.78329825 0.78329825 0.38671252 0.78329825 0.78329825 0.78329825 0.8158106 0.78329825 0.78329825 0.78329825 0.78329825 0.10525485 0.0 0.10525485 0.10525485 0.0 2.4063156 1.0651472 1.0651472 0.10525485 0.10525485 0.0 0.10525485 0.78329825 0.78329825 0.0 0.0 0.0 0.0 0.10525485 0.10525485 0.10525485 0.10525485 0.10525485 0.10525485 0.010902956 0.10525485 0.78329825 0.78329825 0.78329825 0.0 0.0 0.0 0.0 0.0 0.0 0.38671243 0.38671243 1.1094649 0.0 0.0 0.62082314 0.0 0.0 1.0651472 0.78329825 0.78329825 0.78329825 0.38671243 0.010902956 0.10525485 0.10525485 0.0 0.10525485 0.10525485 0.010902956 0.010902956 0.38671243 0.10525485 0.10525485 0.010902956 0.010902956
0.56689286 0.9714603 0.9714603 0.9714603 0.9714603 0.7832961 0.7832961 0.7832961 0.7832961 0.7832961 0.7832961 0.105254315 0.105254315 0.7832961 0.38670987 0.7832961 0.7832961 0.105254315 2.4063065 0.105254315 0.105254315 0.105254315 2.4063065 1.0651443 1.0651443 0.105254315 0.105254315 0.105254315 0.7832961 0.7832961 0.7832961 0.0 0.0 0.0 0.0 0.0 0.105254315 0.105254315 0.105254315 0.105254315 0.105254315 0.105254315 0.105254315 0.7832961 2.4063065 0.0 0.0 0.0 0.0 0.0 0.0 0.0 0.0 1.1094537 1.1094537 0.0 0.0 0.0 0.0 0.0 1.0651443 0.7832961 0.7832961 0.7832961 0.38670987 0.38670987 0.38670987 0.7832961 0.7832961 0.105254315 0.01090286 0.01090286 0.01090286 0.38670987 0.01090286 0.01090286 0.01090286 0.01090286
0.5668831 0.971456 0.971456 0.971456 1.1030422 0.7832936 0.7832936 0.7832936 0.105253756 0.09737572 0.010902741 0.010902741 0.010902741 0.38670754 0.7832936 0.7832936 0.7832936 0.105253756 0.7832936 0.38670754 0.010902741 0.105253756 0.7832936 2.4062977 0.0 0.105253756 0.010902741 0.105253756 0.7832936 0.7832936 2.4062977 0.7832936 0.7832936 0.7832936 0.7832936 0.7832936 0.7832936 0.7832936 0.7832936 0.7832936 0.7832936 0.0 0.0 0.0 0.0 0.0 0.0 0.0 0.0 0.0 0.0 0.0 0.0 1.1094425 2.4062977 0.0 0.0 0.0 1.5167488 1.5167488 1.5167488 1.5167488 0.7832935 0.7832935 0.7832935 0.7832935 0.7832935 0.7832935 0.105253726 0.010902741 0.010902741 0.010902741 0.010902741 0.010902741 0.010902741 0.010902741 0.010902741 0.010902741
0.5668738 0.9714523 0.9714523 0.9714523 0.9714523 0.7832912 0.105253235 0.105253235 0.010902669 0.105253235 0.105253235 0.105253235 0.105253235 0.105253235 0.105253235 0.7832912 0.0 0.0 0.105253235 0.7832912 0.105253235 0.105253235 0.7832912 2.4062886 0.7832912 0.7832912 0.010902669 0.010902669 0.7832912 0.7832912 0.7832912 0.7832912 0.7832912 0.7832912 0.0 2.4062886 0.0 0.0 0.0 0.0 0.0 0.0 0.0 0.0 0.0 0.0 0.0 0.0 0.0 0.0 0.0 0.0 0.0 0.0 0.0 0.0 1.1313094 1.1313094 1.5167444 1.5167444 1.5167444 1.5167444 1.5167444 2.4062886 0.78329116 0.78329116 0.78329116 0.78329116 0.78329116 0.010902669 0.010902669 0.010902669 0.010902669 0.010902669 0.010902669 0.010902669 0.010902669 0.010902669
0.5668633 0.5668633 0.97144806 0.10936453 0.97144806 0.10525265 0.10525265 0.10525265 0.10525265 0.10525265 0.10525265 0.10525265 0.10525265 0.10525265 0.10525265 0.0 0.0 0.10525265 0.10525265 0.7832887 0.10525265 0.10525265 0.7832887 0.7832887 0.7832887 0.7832887 0.38670236 0.7832887 2.40628 0.0 0.0 0.0 0.0 0.0 0.0 2.40628 0.0 0.0 0.0 0.0 0.0 0.0 0.0 0.0 0.0 0.0 0.0 0.0 0.0 0.0 0.0 0.0 0.0 0.0 0.0 0.0 1.1313058 1.1283467 1.5167397 1.5167397 1.5167397 1.5167395 1.066051 1.065135 0.10525263 0.10525263 0.10525263 0.7832887 0.38670224 0.01090255 0.01090255 0.01090255 0.01090255 0.01090255 0.01090255 0.10525262 0.10525262 0.01090255
0.56685305 0.109363586 0.109363586 0.109363586 0.109363586 0.7832866 0.0 0.10525214 0.0 0.0 0.7832866 0.10525214 0.10525214 0.7832866 0.7832866 0.7832866 0.7832866 0.7832866 0.7832866 0.7832866 1.0651321 1.0651321 0.686543 0.010902455 0.010902455 0.010902455 0.010902455 0.10525214 2.406271 2.406271 0.0 0.0 0.0 0.0 0.0 0.0 0.0 0.0 0.0 0.0 0.0 0.0 0.0 0.0 0.0 0.0 0.0 0.0 0.0 0.0 0.0 0.0 0.0 0.0 0.0 0.0 1.1283426 1.1313018 1.1283426 1.5167351 1.5167351 0.0 1.0651321 1.0651321 0.10525214 0.010902455 0.010902455 0.010902455 0.010902455 0.010902455 0.010902455 0.010902455 0.010902455 0.010902455 0.010902455 0.10525214 0.10525214 0.10525214
0.10936265 0.10936265 0.015623931 0.10936265 0.10936265 0.7832841 0.7832841 0.7832841 0.7832841 0.7832841 0.105251595 0.105251595 0.105251595 0.7832841 0.7832841 1.065129 1.065129 1.065129 2.4062624 2.4062624 1.065129 1.065129 0.6865399 0.38669717 0.7832841 0.7832841 0.105251595 0.105251595 0.105251595 0.105251595 0.105251595 0.0 0.105251595 0.105251595 0.0 0.0 0.0 0.0 0.0 0.0 0.0 0.0 0.0 0.0 0.0 0.0 1.1093988 1.1093988 0.0 0.0 0.0 0.0 1.065129 1.065129 1.065129 0.0 1.1312977 1.1283377 1.140859 0.0 0.0 0.68653977 1.065129 0.105251595 0.105251595 0.01090236 0.01090236 0.01090236 0.01090236 0.01090236 0.01090236 0.01090236 0.01090236 0.01090236 0.10525158 0.10525158 0.10525158 0.10525158
0.109361656 0.971436 0.971436 0.109361656 0.17984863 0.10525099 0.7832816 0.7832816 0.0 1.0651262 1.0651262 0.10525099 0.10525099 0.16458058 1.0651262 1.0651262 1.0651262 0.10525099 0.7832816 0.7832816 2.4062538 0.0 0.0 1.1093874 0.38669467 0.7832816 0.10525099 0.10525099 0.7832816 0.7832816 0.10525099 0.0 0.10525099 0.010902264 0.10525099 1.0651262 1.0651262 0.0 0.0 0.0 0.0 0.0 0.0 0.0 0.0 0.0 1.1093874 1.1093874 0.38669467 0.38669467 0.0 0.0 0.68653655 0.68653655 0.68653655 0.0 0.0 0.0 0.010902264 0.010902264 0.010902264 0.010902264 1.131294 1.131294 0.10525098 0.1559547 0.010902264 0.010902264 0.010902264 0.010902264 0.010902264 0.010902264 0.010902264 0.10525096 0.10525096 0.10525096 0.10525096 0.10525096
0.97143203 0.97143203 0.97143203 0.109360784 0.109360784 0.1052505 0.0 0.0 0.1052505 1.0651232 1.0651232 0.010902169 0.0 0.0 0.0 0.0 0.7832793 1.0651232 0.7832793 0.7832793 0.0 0.0 0.38669223 0.38669223 0.38669223 0.38669223 0.1052505 0.1052505 0.010902169 0.38669223 0.010902169 0.1052505 0.1052505 0.1052505 0.010902169 0.010902169 1.0651232 0.0 0.0 0.0 0.0 0.0 2.4062452 0.0 0.0 0.0 0.0 0.0 0.38669223 0.38669223 0.0 0.0 0.6865336 0.6865336 0.0 0.0 0.0 0.010902169 0.010902169 0.010902169 0.010902169 0.010902169 0.0 0.010902169 0.010902169 0.1052505 0.010902169 0.010902169 0.010902169 0.010902169 0.1052505 0.010902145 0.010902145 0.3866921 0.3866921 1.1093757 0.010902145 0.1052505
0.5668137 0.5668137 0.5668137 0.10935979 0.10935979 0.0 0.0 0.0 1.0651202 1.0651202 1.0651202 1.0651202 0.0 0.0 0.0 0.0 1.0651202 1.0651202 1.0651202 0.0 0.0 0.01090205 0.01090205 0.38668957 0.38668957 0.38668957 0.01090205 0.01090205 0.01090205 0.01090205 0.01090205 0.105249934 0.105249934 0.105249934 0.01090205 0.105249934 0.0 0.0 0.0 0.0 0.0 2.406237 2.406237 2.406237 0.0 0.0 0.0 0.0 0.0 0.0 0.0 0.0 0.0 0.0 0.0 0.0 0.0 0.01090205 0.01090205 0.01090205 0.01090205 0.01090205 0.01090205 0.01090205 0.01090205 0.01090205 0.01090205 0.01090205 0.105249934 0.105249934 0.105249934 0.105249934 0.01090205 0.01090205 0.38668948 0.38668948 0.6865301 0.01090205
0.1093588 0.56680346 0.56680346 0.56680346 0.56680346 0.0 0.0 0.7832745 1.0651171 1.0651171 0.7832745 0.7832745 1.0651171 0.0 0.0 0.0 1.0651171 1.0651171 0.10524935 0.10524935 0.7832745 0.38668695 0.38668695 0.38668695 0.010901931 0.010901931 0.010901931 0.010901931 0.010901931 0.010901931 0.010901931 0.010901931 0.10524935 0.10524935 0.010901931 0.0 0.0 0.0 0.0 0.0 0.0 0.0 0.0 0.0 1.1093545 0.0 0.0 0.0 0.0 0.0 0.0 1.1093545 0.0 0.0 0.0 0.0 0.0 0.0109019065 0.0109019065 0.0109019065 0.0109019065 0.0109019065 0.0109019065 0.0109019065 0.0109019065 0.0109019065 0.0109019065 0.10524935 0.10524935 0.10524935 0.10524935 0.10524935 0.0109019065 0.0109019065 0.38668686 0.38668686 0.6865269 0.0109019065
0.4875472 0.5667939 0.109357886 0.5667939 0.5667939 0.0 0.0 0.78327197 0.3866845 0.3866845 0.3866845 0.78327197 0.0 0.0 0.0 0.0 1.0651141 1.0651141 1.0651141 0.105248876 0.0 0.0 0.010901835 0.010901835 0.010901835 0.010901835 0.010901835 0.010901835 0.010901835 0.3866845 0.010901835 0.105248876 0.105248876 0.105248876 0.105248876 0.0 0.0 0.0 2.4062192 2.4062192 0.0 0.0 0.0 0.0 2.4062192 0.0 0.0 0.0 0.0 0.0 0.0 0.0 0.0 0.0 0.0 0.0 0.0 0.10524886 0.10524886 0.10524886 0.010901835 0.010901835 0.010901835 0.010901835 0.010901835 0.010901835 0.010901835 0.10524886 0.10524886 0.10524886 0.10524886 0.10524886 1.1312784 0.010901835 0.010901835 0.010901835 0.010901835 0.010901835
0.9714159 0.9714159 0.109356955 1.3852615 1.3852615 0.0 0.0 0.78326976 0.3866819 0.3866819 0.3866819 0.78326976 0.78326976 0.0 0.0 0.0 0.0 0.0 0.10524825 0.10524825 0.0 0.0 0.01090174 0.01090174 0.01090174 0.01090174 0.01090174 0.01090174 0.01090174 0.3866819 1.1093326 0.0 0.0 0.0 0.0 0.0 0.0 2.4062102 2.4062102 2.4062102 0.0 0.0 0.0 0.0 2.4062102 0.0 0.0 0.0 0.0 0.0 0.0 0.0 0.0 0.0 0.0 0.0 0.0 0.0 0.10524825 0.10524825 0.0 0.0 0.01090174 0.01090174 0.01090174 0.01090174 0.10524825 0.10524825 0.01090174 0.01090174 0.10524825 1.1093321 0.01090174 0.01090174 0.01090174 0.01090174 0.050529826 0.01090174
0.9714119 0.9714119 0.9714119 0.56677437 0.56677437 0.0 0.7832671 0.7832671 0.38667944 0.38667944 0.38667944 0.38667944 0.7832671 0.7832671 0.7832671 0.7832671 0.7832671 0.0 0.010901645 0.010901645 0.7832671 0.0 0.010901645 0.010901645 0.010901645 0.010901645 0.010901645 0.010901645 0.010901645 0.38667944 0.0 0.0 0.0 0.0 0.0 0.0 2.4062018 2.4062018 2.4062018 2.4062018 2.4062018 0.0 0.0 0.0 0.0 0.0 0.0 0.0 0.0 0.0 0.0 0.0 0.0 0.0 0.0 0.0 0.0 0.0 0.0 0.0 0.0 0.0 0.010901645 0.010901645 0.010901645 0.10524773 0.10524773 0.10524773 0.10524773 0.10524773 0.010901645 0.010901645 0.010901645 0.010901645 0.010901645 0.010901645 0.010901645 0.010901645
0.97140795 0.97140795 0.97140795 0.56676364 0.56676364 0.0 0.0 0.7832649 0.7832649 0.3866767 0.3866767 0.3866767 0.3866767 0.7832649 0.7832649 0.7832649 0.7832649 0.0 1.5733323 1.5733323 1.065105 0.3866767 0.3866767 0.010901526 0.010901526 0.010901526 0.010901526 0.010901526 0.010901526 0.010901526 0.0 0.0 0.0 0.0 1.065105 1.065105 0.0 0.7832649 0.7832649 0.7832649 0.0 0.0 0.0 0.0 0.0 0.0 0.0 0.0 0.0 0.0 0.68651426 0.68651426 0.0 0.0 0.0 0.0 0.0 0.0 0.0 0.0 0.0 0.0 0.0 0.010901526 0.010901526 0.105247185 0.105247185 0.105247185 0.105247185 0.105247185 0.010901526 0.010901526 0.010901526 0.010901526 0.010901526 0.010901526 0.010901526 0.0
0.36327258 0.36327258 0.36327258 0.0 0.0 0.0 0.0 0.0 0.3289655 0.3289655 0.02567005 0.02567005 0.02567005 0.3289655 0.3289655 0.3289655 0.3289655 0.3289655 0.46179026 0.46179026 0.46179026 0.46179026 0.02567005 0.0 0.0 0.0 0.0 0.0 0.0 0.0 0.026263446 0.0 0.0 0.0 0.46179014 0.46179014 0.3289655 0.3289655 0.3289655 0.3289655 0.0 0.0 0.0 0.0 0.0 0.0 0.0 0.0 0.0 0.12442565 0.46179014 0.12442565 0.0 0.0 0.0 0.0 0.0 0.0 0.0 0.0 0.0 0.0 0.0 0.0 0.0 0.026263446 0.9598143 0.026263446 0.026263446 0.026263446 0.0 0.0 0.0 0.0 0.0 0.12442553 0.12442553 0.0
0.36327088 0.03776711 0.03776711 0.03776711 0.0 0.0 0.0 0.0 0.0 0.32896373 0.32896373 0.32896373 0.02566843 0.32896373 0.32896373 0.0 0.32896373 0.32896373 0.46178794 0.46178794 0.46178794 0.9598093 0.0 0.0 0.0 0.0 0.0 0.0 0.02566843 0.02566843 0.32896373 0.026263088 0.0 0.0 0.46178788 0.46178788 0.3289637 0.3289637 0.3289637 0.3289637 0.3289637 0.026263088 0.026263088 0.0 0.0 0.0 0.0 0.0 0.0 0.0 0.46178788 0.124423385 0.0 0.0 0.0 0.0 0.0 0.0 0.0 0.0 0.0 0.0 0.0 0.0 0.026263088 0.026263088 0.95980906 0.95980906 0.0 0.0 0.026263088 0.0 0.0 0.0 0.0 0.124423385 0.124423385 0.0
0.4944458 0.03776669 0.03776669 0.03776669 0.0 0.0 0.0 0.0 0.0 0.32896194 0.32896194 0.32896194 0.32896194 0.32896194 0.0 0.0 0.32896194 0.32896194 0.0 0.46178585 0.46178585 0.95980287 0.0 0.0 0.0 0.0 0.0 0.0 0.025666617 0.025666617 0.32896194 0.32896194 0.0 0.0 0.0 0.0 0.32896194 0.32896194 0.025666617 0.025666617 0.32896194 0.02626267 0.02626267 0.02626267 0.0 0.0 0.0 0.0 0.0 0.0 0.0 0.0 0.0 0.12442148 0.12442148 0.12442148 0.0 0.0 0.0 0.0 0.0 0.0 0.0 0.0 0.0 0.0 0.9598026 0.0 0.0 0.0 0.026262647 0.0 0.0 0.0 0.0 0.0 0.0 0.0
0.0 0.0 0.0 0.03776625 0.0 0.0 0.0 0.0 0.0 0.0 0.32896024 0.32896024 0.32896024 0.32896024 0.0 0.0 0.46178377 0.46178377 0.46178377 0.0 0.46178377 0.9597974 0.9597974 0.026262254 0.0 0.0 0.0 0.0 0.0 0.32896024 0.32896024 0.32896024 0.0 0.0 0.32896024 0.32896024 0.32896024 0.025665091 0.025665091 0.025665091 0.025665091 0.026262242 0.026262242 0.026262242 0.0 0.0 0.0 0.0 0.0 0.0 0.0 0.0 0.0 0.0 0.12441921 0.12441921 0.12441921 0.0 0.0 0.0 0.0 0.0 0.0 0.0 0.95979714 0.95979714 0.95979714 0.46178365 0.0 0.0 0.026262242 0.0 0.0 0.0 0.0 0.0 0.0 0.0
0.0 0.0 0.0 0.037765786 0.037765786 0.0 0.0 0.0 0.0 0.0 0.0 0.46178144 0.46178144 0.0 0.0 0.0 0.46178144 0.46178144 0.46178144 0.0 0.46178144 0.32895854 0.95979214 0.95979214 0.0 0.0 0.0 0.0 0.025663374 0.32895854 0.32895854 0.32895854 0.0 0.0 0.32895854 0.32895854 0.025663374 0.025663374 0.025663374 0.025663374 0.32895854 0.95979214 0.0 0.0 0.0 0.0 0.0 0.0 0.0 0.0 0.0 0.0 0.0 0.0 0.0 0.124417305 0.124417305 0.0 0.0 0.0 0.0 0.0 0.026261836 0.025663374 0.025663374 0.32895854 0.95979214 0.46178144 0.46178144 0.0 0.0 0.0 0.0 0.0 0.0 0.0 0.0 0.0
0.0 0.0 0.0 0.0 0.03776538 0.0 0.0 0.0 0.0 0.0 0.0 0.46177936 0.46177936 0.0 0.0 0.0 0.46177936 0.46177936 0.0 0.0 0.02626148 0.32895687 0.02626148 0.32895687 0.025662038 0.0 0.0 0.025662038 0.025662038 0.32895687 0.0 0.32895687 0.0 0.0 0.0 0.32895687 0.025662038 0.025662038 0.32895687 0.32895687 0.32895687 0.32895687 0.0 0.0 0.0 0.0 0.32895687 0.0 0.0 0.0 0.0 0.0 0.0 0.32895687 0.0 0.0 0.0 0.0 0.0 0.0 0.0 0.02626148 0.02626148 0.0 0.025662038 0.025662038 0.0 0.0 0.46177948 0.0 0.0 0.0 0.0 0.0 0.0 0.0 0.0 0.0
0.49443692 0.49443692 0.0 0.0 0.03776495 0.0 0.0 0.0 0.0 0.0 0.0 0.0 0.0 0.0 0.0 0.0 0.0 0.0 0.026261037 0.026261037 0.026261037 0.026261037 0.026261037 0.32895505 0.026261037 0.0 0.0 0.0 0.025660323 0.026261037 0.0 0.0 0.46177727 0.0 0.0 0.32895505 0.32895505 0.32895505 0.32895505 0.32895505 0.025660323 0.32895505 0.0 0.0 0.0 0.0 0.025660323 0.024984168 0.0 0.0 0.0 0.0 0.0 0.32895505 0.32895505 0.0 0.0 0.0 0.0 0.0 0.0 0.026261037 0.0 0.0 0.0 0.0 0.025660418 0.0 0.0 0.0 0.0 0.0 0.0 0.0 0.0 0.0 0.0 0.0
0.49443495 0.49443495 0.0 0.0 0.03776451 0.026260655 0.461775 0.0 0.0 0.0 0.0 0.0 0.0 0.0 0.0 0.0 0.0 0.026260655 0.0 0.0 0.026260655 0.32895333 0.32895333 0.32895333 0.026260644 0.026260644 0.0 0.026260644 0.959775 0.0 0.025658606 0.025658606 0.124411106 0.124411106 0.0 0.025658606 0.32895333 0.959775 0.32895333 0.32895333 0.32895333 0.32895333 0.026260644 0.026260644 0.026260644 0.32895333 0.025658606 0.32895333 0.32895333 0.32895333 0.0 0.0 0.461775 0.32895333 0.32895333 0.0 0.0 0.0 0.0 0.0 0.32895333 0.026260644 0.0 0.0 0.0 0.0 0.02565851 0.32895333 0.0 0.0 0.0 0.0 0.0 0.0 0.0 0.0 0.0 0.0
0.49443257 0.49443257 0.0 0.0 0.0 0.026260216 0.4617728 0.4617728 0.0 0.0 0.0 0.0 0.0 0.0 0.0 0.0 0.0 0.026260216 0.0 0.026260216 0.026260216 0.3289515 0.3289515 0.3289515 0.3289515 0.3289515 0.025656985 0.3289515 0.3289515 0.025656985 0.025656985 0.025656985 0.025656985 0.025656985 0.0 0.0 0.0 0.959769 0.3289515 0.3289515 0.959769 0.0 0.026260216 0.026260216 0.026260216 0.3289515 0.025656985 0.3289515 0.3289515 0.3289515 0.0 0.0 0.46177268 0.46177268 0.0 0.0 0.0 0.0 0.0 0.46177268 0.0 0.3289515 0.0 0.026260216 0.026260216 0.026260216 0.3289515 0.025656985 0.025656985 0.0 0.0 0.0 0.0 0.0 0.0 0.0 0.0 0.0
0.36325642 0.36325642 0.0 0.0 0.0 0.12440705 0.46177065 0.0 0.0 0.0 0.0 0.0 0.0 0.0 0.0 0.32894993 0.32894993 0.026259823 0.026259823 0.026259823 0.658878 0.0 0.32894993 0.32894993 0.32894993 0.32894993 0.32894993 0.025655363 0.025655363 0.025655363 0.0 0.0 0.025655363 0.025655363 0.0 0.0 0.0 0.026259823 0.9597635 0.9597635 0.0 0.0 0.026259823 0.32894993 0.32894993 0.025655363 0.025655363 0.32894993 0.32894993 0.32894993 0.32894993 0.32894993 0.46177065 0.0 0.026259823 0.026259823 0.026259823 0.0 0.32894993 0.32894993 0.0 0.026259823 0.026259823 0.0 0.026259823 0.0 0.32894993 0.32894993 0.32894993 0.46177065 0.0 0.0 0.0 0.0 0.0 0.0 0.0 0.0
0.3632548 0.3632548 0.055262372 0.0 0.0 0.12440503 0.025653742 0.32894814 0.32894814 0.025653742 0.025653742 0.025653742 0.0 0.0 0.025653742 0.32894814 0.0 0.0 0.0 0.65887403 0.65887403 0.32894814 0.32894814 0.32894814 0.025653742 0.32894814 0.32894814 0.32894814 0.32894814 0.025653742 0.025653742 0.0 0.025653742 0.025653742 0.0 0.0 0.026259406 0.026259406 0.0 0.0 0.0 0.0 0.0 0.32894814 0.32894814 0.025653647 0.0 0.0 0.32894814 0.026259406 0.026259406 0.32894814 0.32894814 0.32894814 0.026259406 0.026259406 0.026259406 0.95975757 0.32894814 0.32894814 0.12440491 0.026259406 0.026259406 0.0 0.0 0.0 0.0 0.0 0.0 0.4617684 0.4617684 0.0 0.0 0.0 0.0 0.0 0.0 0.0
0.055260368 0.055260368 0.055260368 0.0 0.0 0.0 0.025652122 0.32894635 0.32894635 0.025652122 0.025652122 0.025652122 0.0 0.0 0.025652122 0.0 0.0 0.0 0.0 0.0 0.02625901 0.02625901 0.32894635 0.025652122 0.025652122 0.32894635 0.32894635 0.02625901 0.02625901 0.0 0.0 0.0 0.0 0.0 0.02625901 0.02625901 0.0 0.02625901 0.0 0.0 0.0 0.12440288 0.02625901 0.32894635 0.025652025 0.0 0.0 0.0 0.0 0.026259 0.026259 0.026259 0.026259 0.3289463 0.026259 0.026259 0.3289463 0.3289463 0.026259 0.46176624 0.46176624 0.46176624 0.46176624 0.0 0.0 0.9597521 0.0 0.0 0.0 0.46176636 0.46176636 0.0 0.0 0.0 0.0 0.0 0.0 0.0
0.055258654 0.055258654 0.055258654 0.0 0.0 0.025650404 0.025650404 0.025650404 0.025650404 0.025650404 0.025650404 0.025650404 0.025650404 0.0 0.0 0.0 0.0 0.0 0.02625858 0.32894465 0.32894465 0.32894465 0.025650404 0.025650404 0.0 0.025650404 0.32894465 0.32894465 0.0 0.0 0.0 0.0 0.0 0.0 0.02625858 0.02625858 0.02625858 0.32894465 0.32894465 0.0 0.0 0.0 0.0 0.0 0.025650404 0.025650404 0.0 0.0 0.0 0.0 0.0 0.0 0.0 0.0 0.0 0.32894465 0.025650404 0.32894465 0.0 0.0 0.0 0.0 0.0 0.9597459 0.0 0.0 0.0 0.0 0.0 0.0 0.0 0.0 0.0 0.0 0.0 0.0 0.0 0.0
0.055256937 0.055256937 0.055256937 0.055256937 0.055256937 0.025648879 0.025648879 0.025648879 0.025648879 0.025648879 0.025648879 0.025648879 0.0 0.0 0.0 0.25229767 0.0 0.0 0.0 0.025648879 0.328943 0.328943 0.328943 0.025648879 0.025648879 0.025648879 0.025648784 0.328943 0.0 0.0 0.0 0.0 0.0 0.0 0.026258202 0.026258202 0.026258202 0.026258202 0.328943 0.0 0.0 0.0 0.0 0.026258202 0.025648784 0.025648784 0.0 0.0 0.0 0.0 0.0 0.0 0.0 0.0 0.0 0.025648784 0.025648784 0.328943 0.0 0.0 0.0 0.0 0.0 0.0 0.0 0.0 0.026258202 0.0 0.0 0.0 0.0 0.0 0.0 0.0 0.0 0.0 0.0 0.0
0.055255122 0.055255122 0.055255122 0.055255122 0.055255122 0.025647162 0.025647162 0.025647162 0.025647162 0.025647162 0.025647162 0.025647162 0.0 0.0 0.0 0.025647162 0.0 0.0 0.0 0.025647162 0.025647162 0.32894123 0.32894123 0.025647162 0.025647162 0.025647162 0.025647162 0.025647162 0.0 0.0 0.026257781 0.0 0.0 0.0 0.0 0.026257781 0.0 0.0 0.0 0.0 0.0 0.0 0.0 0.02625777 0.025647162 0.32894123 0.025647162 0.0 0.0 0.0 0.0 0.0 0.02625777 0.95973563 0.95973563 0.32894123 0.32894123 0.32894123 0.0 0.0 0.0 0.0 0.0 0.0 0.0 0.0 0.0 0.0 0.02625777 0.0 0.0 0.0 0.0 0.0 0.0 0.0 0.12439656 0.12439656
0.05525341 0.05525341 0.05525341 0.05525341 0.05525341 0.025645636 0.025645636 0.025645636 0.025645636 0.025645636 0.025645636 0.025645636 0.0 0.025645636 0.025645636 0.025645636 0.025645636 0.025645636 0.025645636 0.025645636 0.025645636 0.32893947 0.32893947 0.32893947 0.025645636 0.025645636 0.025645636 0.025645636 0.32893947 0.026257379 0.026257379 0.0 0.0 0.0 0.0 0.026257379 0.026257379 0.0 0.0 0.0 0.0 0.0 0.026257379 0.025645636 0.32893947 0.32893947 0.025645636 0.025645636 0.025645636 0.0 0.026257379 0.026257379 0.026257379 0.9597292 0.9597292 0.9597292 0.0 0.0 0.0 0.0 0.0 0.0 0.9597292 0.0 0.0 0.0 0.0 0.0 0.0 0.026257366 0.0 0.0 0.0 0.0 0.0 0.46175748 0.124394536 0.124394536
