Export/ASCII/RMeteo_SP_inch/impervious0/net_infiltration_2015_SP1_inch.asc
ncols         660
nrows         338
xllcorner     1476100.0
yllcorner     5017100.0
cellsize      100
NODATA_value  -9.9000000089461e-20
[rows 108 to 134 of 338, columns 600 to 659 of 660]
3.4438589 0.29925102 0.29954916 2.1789875 2.178987 4.6036453 2.1789868 2.1789865 4.164466 1.7256912 1.7256911 1.7433717 1.725691 1.7256908 1.7433717 1.7256907 1.7256907 1.7608068 1.7256905 4.164463 4.164463 4.1644626 4.164462 4.164462 4.164462 4.164462 4.1644616 2.178984 2.1789837 2.1789837 0.39229658 0.39229655 0.39229655 0.39229646 2.1634736 2.1634736 0.39229634 0.3922963 0.3922963 2.1634734 2.1634734 3.6925876 4.563758 4.010827 4.0108266 4.0108266 4.0108266 4.010825 4.0108232 4.0108223 4.0108223 4.010822 4.0108213 4.010821 4.01082 4.0108194 4.0108185 4.0108175 4.0108175 4.010817
3.4437907 0.29924393 0.2992439 1.8573819 2.178966 2.178966 2.178966 2.178966 1.7256747 1.7256747 1.7433554 1.7256747 1.4224331 1.7256743 4.164423 4.1644225 1.743355 1.725674 0.39186296 4.164422 4.164421 4.164421 4.164421 4.164421 4.164421 4.16442 4.16442 4.164419 4.164419 4.164419 0.39229244 0.3922924 0.3922924 0.39229238 0.39229238 0.39229235 0.3922923 0.39229223 2.3657413 2.1634526 0.3922921 4.128315 4.0107546 4.010754 4.010753 4.010753 4.010753 4.010752 4.010752 4.0107512 4.010751 4.010751 4.0107503 4.0107503 4.01075 4.01075 4.0107493 4.0107493 4.0107484 4.0107474
3.44372 1.4224075 1.4224069 1.8573463 1.8573462 1.7256585 1.7256584 4.164383 4.1643825 4.164382 4.164382 1.725658 1.725658 1.7256578 4.1643806 4.1643806 4.1643806 4.1643806 0.3918588 4.16438 4.16438 4.1643796 4.6035595 4.6035595 4.1643786 4.164378 4.164378 4.164378 4.164378 0.39185852 0.39228836 0.3922883 0.3922883 0.3922883 0.3922883 0.3922883 0.3922883 0.3922882 2.163433 2.1634326 3.7225964 4.0106816 4.0106816 4.0106816 4.0106816 4.01068 4.0106792 4.0106783 4.010678 4.010678 4.0106773 4.0106773 4.010677 4.0106764 4.0106754 4.010675 4.010675 4.010675 4.010675 4.0106735
1.4223791 1.4223791 1.4223787 3.4436507 3.4436502 3.4436502 4.164341 4.164341 4.164341 4.1643405 1.7256415 1.7256414 1.7256414 1.7256413 4.164339 4.164339 4.164339 4.1643386 4.164338 4.164338 4.164337 4.164337 4.6035175 4.6035175 4.603517 4.603517 4.164336 4.164336 0.39185444 0.39185432 0.3922843 0.3922843 0.39228427 0.39228424 0.39228424 0.39228418 0.39228418 2.1634126 2.1634126 1.719132 4.0106125 4.010612 4.0106115 4.010611 4.010611 4.01061 4.01061 4.0106087 4.010608 4.0106077 4.0106072 4.0106063 4.010606 4.0106053 4.0106044 4.010604 4.010604 4.0106034 4.010603 4.010601
1.5695274 1.4223505 1.4223503 3.4435809 3.4435809 3.4435809 4.1643 4.1643 4.164299 4.164299 4.1642985 4.216508 4.164298 4.164298 4.164297 4.164297 4.164297 4.164297 4.164296 4.164296 4.164295 4.164295 4.6034765 4.6034765 4.6034765 4.6034756 4.6034756 4.6034756 0.40941143 0.3918502 2.1633933 0.39228016 0.39228016 0.39228013 1.7191162 1.719116 1.7191157 1.7191157 1.7191155 1.7301931 4.0105405 4.0105405 4.01054 4.01054 4.01054 4.010539 4.010539 4.0105376 4.0105376 4.0105357 4.0105357 4.010535 4.0105343 4.0105333 4.0105324 4.0105324 4.010532 4.010532 4.010531 4.0105305
1.4223228 1.4223228 1.4223226 1.4223223 1.4223219 1.4223219 1.4223219 1.7256086 1.7256085 1.7256083 1.7256081 1.7256079 1.7256079 3.723763 3.7237625 4.164255 4.164255 4.164255 4.164255 4.164255 2.1788814 2.1788814 4.164254 4.6034346 4.6034346 4.6034346 4.6034336 4.6034336 0.39184606 2.1788797 2.1633725 2.1633723 1.7190999 1.7190999 1.7190999 1.7190998 4.1281457 4.128145 4.128145 3.6923993 4.010466 4.010465 4.010465 4.0104647 4.0104647 4.0104647 4.0104647 4.010464 4.0104637 4.0104637 4.010463 4.010463 4.010463 4.0104628 4.0104623 4.010462 4.010462 4.0104604 4.01046 4.0104594
3.4434445 3.4434435 3.4434433 3.3989477 3.3989477 3.4434419 3.4434419 3.443441 4.1642156 1.7255917 1.7255914 1.7255914 1.7255914 1.7255914 1.7255914 1.7255912 1.7255912 1.7255912 1.7255912 1.725591 2.1788607 2.1788607 1.7255905 1.7255905 1.7255902 1.4222903 1.72559 1.7255899 1.7255899 1.7255898 1.719084 1.719084 1.7190837 4.128104 4.128104 4.1281033 4.1281033 4.1281033 4.1281033 3.6923616 4.010396 4.0103946 4.0103946 4.0103946 4.0103946 4.0103936 4.0103936 4.010392 4.0103917 4.010391 4.0103908 4.0103908 4.0103908 4.0103903 4.0103903 4.01039 4.010388 4.010388 4.010388 4.0103874
3.4433756 3.4459276 3.4433746 3.3988798 3.3988788 3.443372 3.443372 3.4433715 3.4433713 4.164174 4.164174 4.164173 4.164173 4.1641726 4.164172 4.164172 2.1788402 4.164171 1.7255744 1.7255743 1.7255743 1.7255741 0.39183795 0.39183792 1.4222624 4.188614 4.6033525 2.1788387 2.1788387 4.603351 2.1633315 2.1633315 4.563467 4.563467 4.563466 4.1280613 4.128061 4.128061 4.1280603 3.692324 4.0103216 4.0103216 4.010321 4.01032 4.01032 4.010319 4.010319 4.0103183 4.010318 4.0103173 4.0103173 4.010317 4.0103164 4.0103164 4.0103154 4.010315 4.010315 4.010315 4.010314 4.010314
3.4433074 3.3988116 3.3988113 3.39881 3.398809 3.3988087 3.4433029 3.4433026 3.3988075 4.164131 4.164131 4.164131 4.164131 4.164131 4.164131 4.1641307 4.16413 4.1641297 4.164129 4.164129 1.7255574 0.39183372 0.39183372 0.39183363 0.39183363 1.7255564 3.0767384 2.178818 4.6033106 4.6033106 4.563427 4.563426 4.563426 4.563426 4.563425 4.563425 4.563424 4.128019 4.1280184 3.692286 4.010251 4.010251 4.010249 4.010249 4.0102487 4.0102487 4.0102487 4.0102487 4.010248 4.0102477 4.0102468 4.0102468 4.0102453 4.0102453 4.0102444 4.010244 4.010243 4.010243 4.0102425 4.0102415
3.4432364 3.443236 3.4432356 3.3987412 3.3987403 3.3987403 3.3987393 3.3987393 3.3987393 3.4432325 4.16409 4.164089 4.164089 4.164089 4.164089 4.1640882 1.7255409 1.7255409 4.1640873 4.1640873 1.7255406 1.7255406 1.7255406 1.7255404 1.7255402 1.7255402 1.7255402 4.6117344 4.6032686 4.6032686 4.563384 4.1279774 4.127977 4.563383 4.1279764 4.1279764 4.1279764 4.1279764 4.563382 4.563382 4.010177 4.0101767 4.0101748 4.0101748 4.0101748 4.0101743 4.0101743 4.0101743 4.0101733 4.0101733 4.0101733 4.010173 4.0101724 4.0101724 4.0101724 4.010172 4.010172 4.0101714 4.0101705 4.0101705
3.4431677 3.4431677 3.4431677 3.3986738 3.3986735 3.3986726 3.3986719 3.3986719 3.3986714 3.4431632 4.164048 4.164048 4.164048 4.1640477 4.1640472 4.1640472 1.7255247 1.7255247 1.7255245 4.1640463 1.7255244 1.7255243 1.7255241 1.4221778 1.4221776 1.7255236 1.7255235 1.7255235 2.1787767 4.603227 4.5633416 4.1279354 4.127935 4.563341 4.1279345 4.1279345 4.1279335 4.127933 4.56334 4.56334 4.5633397 4.010107 4.010107 4.010107 4.0101066 4.0101066 4.010105 4.010105 4.010103 4.0101023 4.0101023 4.0101013 4.010101 4.0101004 4.0101 4.0100994 4.0100994 4.0100985 4.010098 4.0100975
3.4430985 3.4430978 3.3986058 3.3986044 3.3986044 3.3986044 3.398604 3.3986034 3.4430954 3.4430952 3.443095 4.164005 4.1640043 4.1640043 4.164004 4.164004 1.7255081 1.7255081 4.1640034 4.1640034 4.1640034 1.7255074 1.7255073 1.4221494 1.4221494 1.422149 1.725507 1.7255068 2.1787558 4.6031876 4.1278915 4.1278915 4.5632987 4.5632987 4.563298 4.563298 4.1278906 4.1278906 4.5632973 4.1278896 4.5632973 4.0100336 4.010033 4.010033 4.0100327 4.0100303 4.01003 4.01003 4.0100293 4.0100293 4.0100293 4.0100293 4.010029 4.0100274 4.0100274 4.0100274 4.0100274 4.010027 4.0100265 4.0100265
3.44303 3.504702 3.3985367 3.3985364 3.3985355 3.4430277 3.4430263 3.4430263 3.4430263 3.4430249 3.4430246 3.4430244 3.4430237 4.1639633 4.163963 4.163963 4.1639624 4.1639624 4.1639624 4.1639624 1.725491 1.725491 1.7254908 1.7254908 0.2991653 0.29916525 0.3918171 1.7254902 4.603145 4.603145 4.5632586 4.5632586 4.1278496 4.127849 4.563257 4.563257 1.7189856 4.127848 4.1278477 4.1278477 4.563256 4.563256 4.009961 4.009961 4.00996 4.00996 4.0099587 4.0099587 4.0099583 4.0099573 4.009957 4.0099564 4.009956 4.009956 4.0099554 4.0099545 4.0099545 4.0099545 4.0099545 4.0099525
3.4429603 3.4429588 3.3984668 3.3984668 3.4429579 3.44551 3.442957 3.442957 3.442957 3.4429564 3.4429553 3.4429548 3.4429548 3.4429548 4.1639214 4.1639214 4.1639214 4.1639214 4.163921 4.163921 1.7254746 1.7254744 1.7254744 0.29915822 0.29915813 0.29915813 0.29915807 1.4220923 4.6031036 4.6031036 4.563216 4.563216 4.1278067 4.1278067 4.1278057 1.7189693 1.7189691 4.1278057 4.1278048 4.1278048 4.127804 3.3936765 3.3936758 4.5632124 4.0098877 4.0098877 4.009887 4.009887 4.0098867 4.0098867 4.0098863 4.009886 4.0098853 4.009884 4.0098834 4.009882 4.009882 4.0098805 4.0098805 4.00988
3.4428916 3.4428916 3.3983989 3.3983989 3.4428902 3.44289 3.4428892 3.4428885 3.4428885 3.44544 3.4428878 3.4428864 3.4428856 3.4428852 3.4428842 4.1638794 4.1638784 4.1638784 4.1638784 4.5193515 1.7254577 1.7254575 1.7254574 0.29915124 0.29915118 0.29915118 0.29915112 1.4220641 1.725457 4.163876 4.5631742 4.563174 4.1277637 4.1277637 4.1277637 4.1277637 4.127763 4.127763 4.127763 4.127763 3.3936071 3.3936071 3.393606 3.3936055 3.6920578 3.6920578 4.009814 4.0098133 4.009813 4.009813 4.009813 4.0098114 4.009811 4.0098104 4.00981 4.00981 4.00981 4.0098085 4.0098085 4.0098076
3.3812811 3.381281 3.353608 3.353608 3.3812797 3.3812795 1.4025843 1.4025841 3.3812788 3.3812785 3.381278 3.381278 3.3812773 3.3839626 3.381275 4.116686 4.116686 4.116686 4.116686 4.53469 1.7110342 1.7110339 1.7110338 1.4025816 1.4025812 0.29483017 0.3899881 1.7110333 1.7110331 4.1166835 4.4413605 4.4413595 1.6719956 1.6719956 4.024707 4.024707 4.024707 4.024707 4.0247064 3.2702763 3.2702756 3.2702756 3.2702742 3.2702742 3.270273 3.623082 3.875255 3.8752542 3.8752542 3.8752537 3.8752527 3.8752527 3.8752518 3.8752513 3.8752503 3.8752499 3.8752494 3.8752475 3.875247 3.875247
3.3812106 3.3812106 3.353537 3.3812099 3.3812094 3.3812094 1.4025563 1.402556 3.3812084 3.381208 3.3812075 3.381207 3.3812058 3.3812058 3.3812053 4.116646 4.116645 4.116645 4.116645 4.116644 4.116644 4.116643 1.7110176 1.7110176 1.7110173 0.3899841 0.38998404 4.116642 4.116642 4.1166415 4.024666 1.6719797 1.6719794 4.4413176 4.024665 4.024665 4.024664 4.0246634 1.7676828 1.7676827 1.3565624 3.270205 3.270205 3.2702045 3.270204 3.6230433 3.6230433 3.8751793 3.8751783 3.8751774 3.8751764 3.875176 3.875175 3.875174 3.8751736 3.8751736 3.8751736 3.875173 3.875173 3.8751721
3.3534675 3.353467 3.353467 3.3811393 3.3811386 1.4025283 1.4025283 1.4025279 3.3811376 3.3811376 3.3811371 3.381137 3.3811364 3.3811364 4.116604 4.116604 4.116604 4.116603 4.116603 4.1166024 4.1166024 4.116602 2.1558719 1.7110009 1.7110009 1.7110008 1.7110006 4.1166005 4.1165996 4.1165996 4.0246243 1.6719636 1.6719633 4.4412766 4.024624 4.024623 4.024623 3.2701383 1.7676489 1.7676489 1.356535 3.2701356 3.2701356 3.2701354 3.270135 3.2701337 3.8751035 3.8751035 3.8751035 3.875103 3.8751006 3.8751001 3.8751001 3.8750997 3.8750997 3.8750987 3.8750982 3.8750968 3.8750968 3.8750963
3.3533978 3.3533971 3.3810694 3.3810694 3.3810694 1.4024998 1.4024998 1.4024996 3.3810687 3.3810687 3.381068 3.3810675 3.3810658 4.1165624 1.7109858 1.7109855 4.116562 4.1165614 4.116561 4.1165605 1.7109851 1.7109851 2.1558516 1.7109848 1.7109848 1.7109848 4.116559 4.1165586 4.116558 4.116558 4.024581 4.024581 4.4412355 4.024581 4.441235 4.024581 3.2700694 3.2700682 3.2700677 1.3565077 3.270067 3.2700658 3.2700653 3.270064 3.270064 3.6229682 3.8750277 3.8750272 3.8750267 3.8750267 3.8750262 3.8750248 3.8750243 3.875023 3.875023 3.875023 3.875022 3.875022 3.875022 3.875022
3.3533287 3.3533287 3.3810017 3.3810012 3.3810008 3.3809998 1.4024718 1.4024714 3.3809986 3.3809984 3.380998 3.3809974 3.380997 4.11652 2.1558325 2.1558325 1.7109693 4.116519 4.116519 4.1165185 4.1165185 1.7109687 1.7109687 4.5345225 4.534522 4.116518 4.116517 4.116517 4.534521 4.116517 4.02454 4.4411945 4.02454 4.0245395 4.024539 4.024539 3.269998 3.2699964 3.2699962 3.2699947 3.2699947 3.2699947 3.2699947 3.2699947 3.2699947 3.6229303 3.8749552 3.8749542 3.8749528 3.8749523 3.8749518 3.8749514 3.87495 3.87495 3.8749495 3.874949 3.8749485 3.874948 3.874946 3.8749456
3.3532605 3.3809316 0.2947961 0.2947961 0.29479608 3.3809302 3.3809292 3.3809283 3.380928 3.3809276 3.3809273 3.3809268 4.116479 4.116479 2.155812 2.1558118 1.710953 4.116477 4.116477 4.116477 4.1164765 4.1164765 4.534482 4.116476 4.116476 4.116476 4.1164756 4.1164756 4.53448 4.116475 4.4411526 4.4411526 4.024498 4.0244975 4.024497 4.024497 3.2699287 3.269928 3.2699275 4.024496 4.0244956 4.024495 4.0244946 4.024494 3.6228929 3.8748794 3.8748794 3.874879 3.874879 3.874879 3.8748775 3.874876 3.8748746 3.874874 3.8748736 3.8748736 3.8748727 3.8748722 3.8748717 3.8748713
3.3531907 3.3808618 0.29478908 0.29478902 0.29478902 4.091204 4.091204 3.380859 3.3808584 3.3808575 3.3808572 3.3808572 4.116437 4.116437 4.116437 4.116436 4.116436 4.1164355 4.1164355 4.116435 4.116435 4.5344396 4.534439 4.116434 4.116434 4.116434 4.1164336 4.534438 4.1164336 4.116433 4.024456 4.024456 4.024456 4.024455 4.024454 4.4411106 3.6228569 3.6228566 3.6228566 4.4411097 3.1124744 3.1124737 0.0 3.1124735 3.8748012 3.8748002 3.8748002 3.8747993 3.8747993 3.8747983 3.8747983 3.8747978 3.8747973 3.8747973 3.874796 3.8747945 3.8747945 3.8747945 3.8747945 3.8747945
3.3531213 3.3807914 3.3807912 3.380791 3.380791 4.111929 4.091148 3.3807893 3.3807888 3.3807886 3.3807883 3.3807874 4.116395 4.116395 4.116395 3.3807855 3.380785 3.380785 3.3807847 3.3807847 3.3807836 4.5343986 4.116393 4.116393 4.1163926 4.116392 4.116392 4.116392 4.116392 4.116391 4.0244136 3.6228197 3.8747334 3.8747334 3.8747334 3.874732 3.874732 3.8747306 3.87473 3.8747296 3.8747296 3.8747292 3.8747292 3.8747292 3.8747292 3.8747287 3.8747272 3.8747268 3.8747253 3.8747253 3.8747249 3.8747244 3.874723 3.8747225 3.8747206 3.8747206 3.8747206 3.8747206 3.8747206 3.8747206
3.353051 3.3807209 3.3807206 4.091092 1.8257471 1.8297641 4.111862 3.38072 3.3807192 3.3807182 3.3807175 3.3807175 3.3807175 3.3807173 3.3807173 3.380717 3.380717 3.3807168 3.3807166 3.3807166 3.3807144 4.5343566 4.11635 4.11635 4.11635 4.1163497 4.1163497 4.1163497 4.1163497 4.1163497 3.6227818 3.874658 3.874658 3.874658 3.874658 3.8746567 3.8746567 3.8746562 3.8746562 3.8746557 3.8746557 3.8746557 3.8746552 3.8746538 3.8746529 3.874652 3.8746505 3.8746495 3.874649 3.8746486 3.8746486 3.8746486 3.874648 3.8746462 3.8746462 3.8746457 3.8746448 3.8746443 3.8746428 3.874642
3.3529816 3.3806527 1.8257128 4.091037 1.8504299 1.8257115 1.8297234 1.8257115 3.3806486 3.3806484 3.3806474 3.380647 3.380647 3.3806465 3.3806465 3.3806465 3.3806465 3.3806455 3.3806446 3.3806446 3.3806436 3.3806431 4.116309 4.116309 2.1557298 2.1557293 2.1557293 4.1163073 4.1163073 4.1163073 3.6227443 3.8745818 3.8745818 3.8745809 3.8745809 3.8745804 3.8745804 3.874579 3.8745785 3.874577 3.874577 3.8745766 3.874576 3.874576 3.874576 3.8745737 3.8745737 3.8745732 3.8745732 3.8745732 3.8745732 3.8745723 3.8745718 3.8745704 3.87457 3.8745694 3.8745694 3.874569 3.8745685 3.8745685
3.3805823 3.3805819 1.825678 4.1117306 4.090981 1.8256772 1.8256769 1.8256769 3.3805788 3.3805788 3.3805783 3.3805773 3.3805768 3.3805764 3.380576 3.380576 3.3805757 3.3805757 3.3805757 3.3805757 3.3805742 3.3805737 4.1162686 4.116268 1.8256735 2.1557093 2.1557093 4.1162667 4.1162667 3.2038462 3.1122565 3.8745055 3.8745055 3.8745055 3.8745046 3.8745046 3.874504 3.874504 3.874504 3.8745036 3.8745031 3.8745027 3.8745017 3.8745017 3.8745012 3.8745008 3.8745008 3.8744993 3.8744993 3.8744988 3.8744988 3.8744974 3.874497 3.874496 3.874496 3.8744955 3.874495 3.8744946 3.8744936 3.8744936
3.3805134 3.380513 3.3805118 3.3805115 3.3805115 4.0909243 1.4022762 1.402276 1.4022758 3.38051 3.3805096 3.380508 3.380508 3.3805072 3.380507 3.380507 3.3805065 3.3805058 3.3805058 3.2037942 3.3805048 3.3805048 4.116226 4.116226 4.1162252 2.1556888 4.1162252 4.1162252 3.7065842 3.2037914 3.1122005 3.874434 3.8744335 3.874433 3.8744326 3.8744316 3.8744311 3.8744307 3.8744292 3.8744292 3.8744283 3.8744278 3.874426 3.874425 3.874424 3.8744235 3.874423 3.874423 3.8744226 3.874422 3.874422 3.8744211 3.8744206 3.8744202 3.8744192 3.8744192 3.8744178 3.8744178 3.8744178 3.8744178
