Export/ASCII/RMeteo_SP_inch/impervious0/net_infiltration_2015_SP3_inch.asc
ncols         660
nrows         338
xllcorner     1476100.0
yllcorner     5017100.0
cellsize      100
NODATA_value  -9.9000000089461e-20
[rows 34 to 67 of 338, columns 0 to 76 of 660]
0.5975294 0.0 0.0 0.0 0.0 0.0 0.0 0.0 0.0 2.3349328 2.334933 0.306625 0.306625 0.306625 0.0 0.26994848 0.0 0.0 0.0 0.0 0.0 0.0 0.0 0.0 0.0 0.0 0.0 0.0 0.0 0.0 0.0 0.0 0.0 0.0 0.0 0.0 0.1996027 0.1996027 2.334934 1.1855248 2.334934 2.3349345 0.0 0.19960286 0.19960286 0.19960286 0.19960286 0.26856017 0.26856017 0.26856017 0.19960304 0.19960304 0.26856017 0.26856017 0.26856017 0.26856017 0.26856017 0.0 0.26856017 0.3066253 0.26856017 0.26856017 0.20933035 0.0 0.0 0.06681775 0.0 0.0 0.0 0.0 0.0 0.0 0.06681775 0.0 0.20933035 2.3349345 2.3349345
0.0 0.0 0.0 0.0 0.0 0.0 0.0 0.0 0.0 0.20932864 2.3349292 0.30662316 0.30662316 0.30662316 0.0 0.0 0.0 0.0 0.0 0.0 0.0 0.0 0.0 0.0 0.0 0.0 0.0 0.0 0.0 0.19959486 0.0 0.0 0.0 0.0 0.0 0.0 0.19959502 0.19959502 0.0 0.0 0.0 0.0 0.0 0.19959518 0.19959535 0.19959535 0.19959535 0.26855803 0.30662346 0.30662346 0.0 0.016204933 0.016204933 0.26855803 0.26855803 0.26855803 0.26855803 0.0 0.30662352 0.30662352 0.26855803 0.26855803 0.26855803 0.20932892 0.0 0.0 0.0 0.0 0.0 0.16942881 0.0 0.0 0.0 0.0 0.20932902 0.20932902 0.20932902
0.0 0.0 0.0 0.0 0.0 0.0 0.0 0.0 0.0 0.20932731 0.20932731 2.3349254 2.3349254 2.3349254 0.0 0.0 0.0 0.0 0.0 0.0 0.0 0.0 0.0 0.0 0.0 0.0 0.0 0.0 0.0 0.0 0.0 0.0 0.0 0.0 0.0 0.0 0.19958751 0.19958751 0.19958751 0.0 0.0 0.0 0.19958767 0.19958767 0.19958767 0.19958767 0.19958767 0.26855612 0.3066216 0.5268034 0.016204588 0.016204588 0.016204588 0.016204588 0.0 0.0 0.0 0.0 0.0 0.20932749 0.26855612 0.26855612 0.3066218 0.20932749 0.0 0.06681413 0.0 0.0 0.0 0.0 0.0 0.0 0.0 0.14247932 0.0 0.20932749 0.20932749
0.0 0.0 0.0 0.0 0.0 0.0 0.0 0.0 0.0 0.26855373 0.26855373 0.26855373 2.3349214 2.3349214 0.0 0.0 0.0 0.0 0.0 0.0 0.0 0.0 0.0 0.0 0.0 0.0 0.0 0.0 0.0 0.0 0.0 0.0 0.20932597 0.0 0.0 0.19957983 0.19957983 0.19958 0.19958 0.0 0.0 0.19958 0.19958 0.19958 0.19958016 0.19958016 0.19958016 0.016204242 0.016204242 0.016204242 0.016204242 0.0 0.016204242 0.016204242 0.0 0.0 0.0 0.0 0.0 0.0 0.2685542 0.2685542 0.30661994 0.20932606 0.20932606 0.20932606 0.0 0.0 0.0 0.0 0.0 0.0 0.20932606 0.016204266 0.0 0.016204266 0.20932616
0.0 0.0 0.0 0.0 0.0 0.0 0.0 0.0 0.0 0.0 0.0 0.0 2.3349173 2.3349173 0.0 0.19957165 0.0 0.0 0.0 0.0 0.0 0.0 0.0 0.0 0.0 0.0 0.0 0.0 0.0 0.0 0.0 0.0 0.20932454 0.20932454 0.0 0.19957216 0.19957216 0.19957232 0.19957232 0.19957232 0.19957232 0.19957232 0.19957232 0.19957232 0.19957232 0.19957249 0.0 0.016203884 0.016203884 0.016203908 0.016203908 0.0 0.016203908 0.016203908 0.26855183 0.26855183 0.0 0.0 0.0 0.0 0.26855206 0.26855206 0.26855183 0.26855183 0.26855183 0.20932463 0.20932463 0.0 0.0 0.0 0.0 0.0 0.20932463 0.01620392 0.01620392 0.01620392 0.30661833
1.2 0.0 0.0 0.0 0.0 0.0 0.0 0.0 0.0 0.0 0.0 0.0 0.0 0.0 0.0 0.19956447 0.19956447 0.0 0.0 0.0 0.0 0.0 0.0 0.0 0.0 0.0 0.0 0.0 0.0 0.0 0.0 0.0 0.0 0.20932302 0.20932302 0.19956465 0.19956465 0.19956481 0.19956481 0.0 0.19956481 0.19956481 0.19956481 0.19956481 0.19956481 0.19956481 0.0 0.052445184 0.041724477 0.016203538 0.016203538 0.016203538 0.016203538 0.26854968 0.26854968 0.26854992 0.0 0.0 0.0 0.0 0.26854992 0.26854992 0.26854992 0.26854992 0.2093232 0.2093232 0.2093232 0.2093232 0.0 0.0 0.14247388 0.0 0.2093232 0.2093232 0.016203575 0.016203575 0.26854992
0.5975175 1.2 0.0 0.0 0.0 0.0 0.0 0.0 0.0 0.0 0.0 0.0 0.0 0.0 0.26854753 0.0 0.19955663 0.19955663 0.0 0.0 0.0 0.0 0.0 0.0 0.0 0.0 0.0 0.0 0.0 0.0 0.0 0.0 0.0 0.0 0.20932168 0.30661452 0.30661452 0.0 0.0 0.0 0.0 0.1995573 0.19955747 0.19955747 0.19955747 0.5413672 0.01620318 0.01620318 0.016203193 0.022349566 0.20932168 0.20932168 0.20932168 0.20932168 0.20932168 0.26854777 0.26854777 0.0 0.0 0.0 0.26854777 0.26854777 0.26854777 0.26854777 0.26854777 0.80830455 0.016203193 0.20932177 0.0 0.0 0.0 0.0 0.20932177 0.20932177 0.0 0.6995852 0.268548
0.5975151 0.5975151 1.2 0.0 0.0 0.0 0.0 0.0 0.0 0.0 0.0 0.0 0.0 0.0 0.2685454 0.2685454 0.2685454 0.2685454 0.0 0.0 0.0 0.06794083 0.0 0.0 0.0 0.0 0.0 0.0 0.0 0.0 0.0 0.0 0.0 0.0 0.20932016 0.31549728 0.30661267 0.0 0.0 0.0 0.0 0.0 0.19954963 0.19954963 0.1995498 0.20932025 0.20932025 0.20932025 0.20932025 0.20932025 0.20932025 0.20932025 0.20932025 0.20932025 0.26854587 0.26854587 0.26854587 0.0 0.0 0.0 0.26854587 0.26854587 0.26854587 0.26854587 0.26854587 0.26854587 0.01620287 0.20932034 0.0 0.0 0.20932034 0.20932034 0.20932034 0.20932044 0.0 0.26854587 0.26854587
0.5975137 0.5975137 0.5975137 1.2 1.2 0.0 0.0 0.0 0.0 0.0 0.0 0.0 0.0 0.0 0.0 0.26854348 0.26854348 0.26854348 0.26854348 0.30661082 0.067938685 0.067938685 0.067938685 0.0 0.0 0.0 0.0 0.0 0.0 0.0 0.0 0.0 0.0 0.0 0.0 0.20931882 0.20931882 0.20931882 0.20931882 0.20931882 0.0 0.0 0.20931882 0.20931882 0.20931882 0.20931882 0.20931882 0.20931882 0.20931882 0.26854372 0.26854372 0.26854372 0.0 0.0 0.0 0.0 0.0 0.0 0.0 0.0 0.26854372 0.26854372 0.26854372 0.26854372 0.26854372 0.2093189 0.2093189 0.2093189 0.2093189 0.0 0.2093189 0.016202502 0.2093189 0.2093189 0.26854396 0.26854396 0.26854396
0.5975113 0.5975113 0.5975113 0.5975113 0.5975113 1.2 0.5539892 0.0 0.0 0.0 0.0 0.0 0.0 0.0 0.0 0.26854134 0.26854134 0.3542874 0.2093173 0.30660897 0.0679363 0.0679363 0.18817651 0.0 0.0 0.0 0.0 0.0 0.0 0.0 0.0 0.0 0.0 0.0 0.0 0.24605416 0.20931739 0.20931739 0.20931739 0.20931739 0.20931739 0.20931739 0.20931739 0.20931739 0.20931739 0.0 0.0 0.0 0.26854157 0.26854157 0.26854157 0.26854157 0.0 0.0 0.0 0.0 0.0 0.0 0.0 0.26854157 0.26854157 0.0 0.26854157 0.26854157 0.26854157 0.20931748 0.20931748 0.20931748 0.20931748 0.0 0.30660927 0.016202167 0.016202167 0.26854157 0.26854157 0.26854157 2.334898
0.5975094 0.5975094 0.5975094 0.5975094 0.5975094 0.89756775 0.89756775 0.89756775 0.0 0.0 0.0 0.0 0.0 0.0 0.0 0.0 0.2685392 0.2685392 0.20931587 0.30660725 0.11943948 0.067934275 0.067934275 0.0 0.0 0.0 0.0 0.0 0.0 0.0 0.0 0.0 0.0 0.0 0.0 0.20931587 0.20931587 0.0 0.20931587 0.20931596 0.20931596 0.20931596 0.0 0.0 0.0 0.0 0.0 0.0 0.26853943 0.26853943 0.26853943 0.26853943 0.26853943 0.26853943 0.26853943 0.0 0.0 0.0 0.0 0.0 0.0 0.0 0.20931605 0.20931605 0.0 0.24605288 0.20931605 0.20931605 0.20931605 0.0 0.016201822 0.016201822 0.016201822 0.26853967 0.26853967 0.26853967 2.3348942
0.5975075 0.5975075 0.5975075 0.5975075 0.5975075 0.8975663 0.8975663 0.8975663 0.8975663 0.623724 0.5609828 0.0 0.0 0.0 0.0 0.0 0.26853728 0.26853728 0.26853728 0.36531454 0.06793189 0.0 0.0 1.1855124 0.0 0.0 0.0 0.0 0.0 0.0 0.0 0.0 0.0 0.0 0.0 0.0 0.0 0.0 0.0 0.0 0.0 0.0 0.0 0.0 0.0 0.0 0.0 0.26853752 0.26853752 0.26853752 0.26853752 0.26853752 0.26853752 0.26853752 0.30660558 0.0 0.0 0.0 0.0 0.0 0.0 0.0 0.20931461 0.20931461 0.0 0.26853752 0.26853752 0.26853752 0.20931461 0.20931461 0.016201464 0.016201476 0.016201476 0.016201476 0.016201476 0.016201476 0.016201476
0.59750557 0.59750557 0.59750557 0.59750557 0.59750557 0.89756346 0.89756346 0.89756346 0.89756346 0.89756346 0.0 0.0 0.0 0.0 0.0 0.0 0.26853514 0.26853514 0.26853514 0.30660355 0.067929745 0.0 0.0 0.0 0.0 0.0 0.0 0.0 0.0 0.0 0.0 0.0 0.0 0.0 0.0 0.0 0.0 0.0 0.0 0.0 0.0 0.0 0.0 0.0 0.0 0.0 0.26853538 0.26853538 0.26853538 0.26853538 0.26853538 0.26853538 0.26853538 0.26853538 0.0 0.0 0.0 0.0 0.0 0.0 0.0 0.0 0.0 0.20931318 0.20931318 0.2685356 0.2685356 0.2685356 0.20931318 0.20931318 0.016201118 0.016201118 0.0 0.016201118 0.016201118 0.016201118 0.016201118
0.59750366 0.59750366 0.59750366 0.59750366 0.59750366 0.897562 0.897562 0.897562 0.897562 0.897562 0.0 0.0 0.0 0.0 0.0 0.0 0.0 0.268533 0.268533 0.30660182 0.06792736 0.0 0.0 0.0 0.0 0.0 0.0 0.0 0.0 0.0 0.0 0.0 0.0 0.0 0.0 0.0 0.0 0.0 0.0 0.0 0.0 0.0 0.0 0.0 0.26853323 0.26853323 0.26853323 0.26853323 0.26853323 0.26853323 0.26853323 0.26853323 0.26853323 0.26853323 0.26853323 0.0 0.0 0.0 0.0 0.0 0.0 0.0 0.0 0.20931175 0.20931175 0.0 0.0 0.20931175 0.20931175 0.016200773 0.016200773 0.016200773 0.016200773 0.04172164 0.016200773 0.016200773 0.30660206
0.5975013 0.5975013 0.5975013 0.5975013 0.5975013 0.89755964 0.89755964 0.89755964 0.89755964 0.89755964 0.0 0.0 0.0 0.0 0.0 0.0 0.0 0.26853108 0.26853108 0.0 0.0 0.0 0.0 0.0 0.0 0.0 0.0 0.0 0.0 0.0 0.0 0.0 0.0 0.0 0.0 0.0 0.0 0.0 0.0 0.0 0.0 0.0 0.0 0.26853108 0.26853132 0.26853132 0.26853132 0.26853132 0.26853132 0.26853132 0.26853132 0.26853132 0.26853132 0.26853132 0.26853132 0.0 0.0 0.0 0.26853132 0.26853132 0.0 0.0 0.0 0.0 0.20931032 0.20931032 0.0 0.20931032 0.26853132 0.016200416 0.016200416 0.016200416 0.016200427 0.016200427 0.016200427 0.26853132 0.30660033
0.5974994 0.5974994 0.5974994 0.5974994 0.5974994 0.89755774 0.89755774 0.89755774 0.89755774 0.89755774 0.0 0.0 0.0 0.0 0.0 0.0 0.0 0.26852894 0.26852894 0.26852894 0.0 0.0 0.0 0.0 0.0 0.0 0.0 0.0 0.0 0.0 0.0 0.0 0.0 0.0 0.0 0.0 0.0 0.0 0.0 0.0 0.0 0.0 0.0 0.26852918 0.26852918 0.26852918 0.26852918 0.26852918 0.26852918 0.26852918 0.26852918 0.26852918 0.26852918 0.26852918 0.26852918 0.0 0.0 0.26852918 1.7589183 1.7589183 0.26852942 0.0 0.0 0.0 0.20930889 0.20930889 0.20930889 0.20930889 0.26852942 0.30659854 0.26852942 0.26852942 0.26852942 0.26852942 0.26852942 0.26852942 0.30659854
0.59749746 0.59749746 0.59749746 0.59749746 0.59749746 0.8975558 0.8975558 0.8975558 0.8975558 0.8975558 0.0 0.0 0.0 0.0 0.0 0.0 0.0 0.26852703 0.26852703 0.26852703 0.0 0.0 0.0 0.0 0.0 1.198213 0.0 0.0 0.0 0.0 0.0 0.0 0.0 0.0 0.0 0.0 0.0 0.0 0.0 0.0 0.0 0.0 0.0 0.0 0.26852727 0.26852727 0.26852727 0.26852727 0.26852727 0.26852727 0.26852727 0.26852727 0.26852727 0.26852727 0.26852727 0.0 0.0 0.26852727 1.7589161 0.20930746 0.26852727 0.26852727 0.26852727 0.0 0.0 0.20930746 0.20930746 0.0 0.0 0.3065967 0.0 0.0 0.26852727 0.26852727 0.0 0.0 0.0
0.59749556 0.59749556 0.59749556 0.59749556 0.59749603 0.89755344 0.89755344 0.89755344 0.89755344 0.89755344 0.0 0.0 0.30659467 0.30659467 0.0 0.0 0.0 0.0 0.0 0.0 0.0 0.0 0.0 0.0 0.0 0.0 0.6 0.0 0.0 0.0 0.0 0.0 0.0 0.0 0.0 0.0 0.0 0.0 0.0 0.0 0.0 0.0 0.2685249 0.2685249 0.2685249 0.2685249 0.2685249 0.26852512 0.26852512 0.26852512 0.26852512 0.26852512 0.26852512 0.26852512 0.26852512 0.0 0.0 0.26852512 2.3348649 0.20930594 0.20930603 0.016199365 0.26852512 0.30659497 0.30659497 0.20930603 0.20930603 0.0 0.26852512 0.26852512 0.26852512 0.26852536 0.26852536 0.0 0.26852536 0.26852536 0.0
0.59749365 0.59749365 0.59749365 0.59749365 0.59749365 0.89755154 0.89755154 0.89755154 0.89755154 0.0 0.0 0.0 0.30659282 0.30659282 0.0 0.0 0.0 0.0 0.0 0.0 0.0 0.0 0.0 0.0 0.0 0.0 0.0 0.0 0.0 0.0 0.0 0.0 0.0 0.0 0.0 0.0 0.0 0.0 0.0 0.0 0.26852298 0.26852298 0.26852298 0.26852298 0.26852298 0.26852298 0.26852298 0.26852298 0.26852298 0.26852298 0.26852298 0.26852298 0.26852298 0.26852298 0.26852298 0.0 0.26852298 0.2093046 0.2093046 0.2093046 0.2093046 0.016198996 0.2093046 0.2093046 0.30659318 0.2093046 0.26852298 0.26852298 0.26852298 0.26852298 0.26852298 0.26852298 0.26852298 0.0 0.26852298 0.26852298 0.0
0.59749174 0.59749174 0.59749174 0.59749174 0.59749174 0.8975496 0.8975496 0.8975496 0.8975496 0.0 0.0 0.0 2.3348567 2.3348567 0.0 0.0 0.0 0.0 0.0 0.0 0.0 0.0 0.0 0.0 0.0 0.0 0.0 0.0 0.0 0.0 0.0 0.0 0.0 0.0 0.0 0.0 0.0 0.0 0.26852083 0.26852083 0.26852083 0.26852083 0.26852083 0.26852083 0.26852107 0.26852107 0.26852107 0.0 0.26852083 0.26852083 0.26852083 0.26852107 0.26852107 0.26852107 0.26852107 0.26852107 0.26852107 0.20930308 0.0 0.20930308 0.20930308 0.20930317 0.20930317 0.20930317 0.20930317 0.20930317 0.30659133 0.26852107 0.26852107 0.26852107 0.0 0.26852107 0.26852107 0.26852107 0.26852107 0.26852107 0.0
0.59748936 0.59748936 0.59748936 0.59748936 0.59748936 0.8975477 0.8975477 0.9120461 1.1855019 0.0 0.0 0.0 2.334853 2.334853 0.0 0.0 0.0 0.0 0.0 0.0 0.0 0.0 0.0 0.0 0.0 0.0 0.0 0.0 0.20930156 0.2685187 0.0 0.0 0.0 0.2685187 0.26851892 0.0 0.0 0.26851892 0.26851892 0.20930165 0.20930165 0.20930165 0.30658942 0.26851892 0.26851892 0.26851892 0.26851892 0.0 0.26851892 0.0 0.26851892 0.26851892 0.26851892 0.26851892 0.26851892 0.26851892 0.26851892 0.20930165 0.0 0.0 0.0 0.0 0.0 0.20930174 0.20930174 0.20930174 0.20930174 0.26851892 0.26851892 0.26851916 0.0 0.0 0.26851916 0.26851916 0.26851916 0.26851916 0.0
0.597487 0.597487 0.597487 0.597487 0.597487 0.8975458 0.8975458 0.8975458 1.185501 0.0 0.0 0.0 0.0 0.0 0.0 0.0 0.0 0.0 0.0 0.0 0.26851678 0.26851678 0.0 0.0 0.0 0.0667798 0.0 0.0 0.20930013 0.26851678 0.26851678 0.26851678 0.26851678 0.26851678 0.26851678 0.0 0.0 0.26851678 0.26851678 0.20930013 0.20930013 0.20930022 0.3065877 0.26851678 0.26851678 0.26851678 0.26851678 0.0 0.0 0.0 0.26851702 0.26851702 0.26851702 0.26851702 0.0 0.26851702 0.26851702 0.20930022 0.20930022 0.20930022 0.0 0.0 0.0 0.20930022 0.20930022 0.0 0.20930031 0.20930031 0.20930031 0.20930031 0.26851702 0.26851702 0.26851702 0.26851702 0.26851702 0.26851702 0.0
0.597486 0.597486 0.597486 0.597486 0.597486 0.89754343 1.1854995 1.2 1.1854995 0.0 2.3348444 2.3348444 2.3348444 2.3348444 0.0 0.0 0.0 0.0 0.0 0.0 0.26851463 0.26851463 0.26851463 0.26851463 0.0 0.0 0.0 0.2092987 0.26851463 0.26851463 0.26851463 0.26851463 0.26851463 0.26851463 0.26851463 0.0 0.0 0.26851487 0.26851487 0.26851463 0.26851463 0.26851487 0.26851487 0.26851487 0.26851487 0.26851487 0.26851487 0.0 0.0 0.0 0.26851487 0.26851487 0.26851487 0.26851487 0.26851463 0.26851463 0.26851463 0.20929879 0.26851487 0.26851487 0.20929888 0.0 0.0 0.0 0.0 0.0 0.0 0.20929888 0.20929888 0.20929888 0.20929888 0.26851487 0.26851487 0.016197626 0.26851487 0.0 0.26851487
0.59748363 0.59748363 0.59748363 0.59748363 0.59748363 1.1854986 1.4618819 1.2 1.1854986 0.0 2.3348403 2.3348403 2.3348405 2.3348405 0.0 0.0 0.0 0.0 0.0 0.0 0.2685125 0.2685125 0.2685125 0.2685125 0.2685125 0.0 0.0 0.2685125 0.2685125 0.2685125 0.2685125 0.2685125 0.2685125 0.2685125 0.2685125 0.0 0.2685125 0.2685125 0.2685125 0.2685125 0.2685125 0.2685125 0.2685125 0.2685125 0.2685125 0.2685125 0.2685125 0.0 0.0 0.0 0.0 0.26851273 0.26851273 0.20929736 0.20929736 0.26851273 0.26851273 0.26851273 0.0 0.26851273 0.20929736 0.20929736 0.0 0.0 0.0 0.0 0.0 0.20929745 0.20929745 0.0 0.20929745 0.20929745 0.20929745 0.016197268 0.26851273 0.26851273 0.26851273
0.5974817 0.5974817 0.5974817 0.5974817 1.2 1.2 1.7670083 1.4618785 1.1854972 0.0 0.0 0.0 2.3348367 0.0 0.0 0.0 0.0 0.0 0.0 0.0 0.28362775 0.30658215 0.30658215 0.26851034 0.26851034 0.26851034 0.26851034 0.0 0.26851034 0.26851058 0.26851058 0.26851058 0.26851058 0.26851058 0.0 0.26851058 0.30658215 0.26851058 0.0 0.0 0.0 0.26851058 0.26851058 0.26851058 0.26851058 0.26851058 0.26851058 0.0 0.0 0.26851058 0.26851058 0.26851058 0.26851058 0.26851058 0.20929593 0.26851082 0.26851082 0.26851082 0.0 0.0161969 0.20929593 0.0 0.0 0.0 0.0 0.0 0.0 0.20929602 0.20929602 0.0 0.0 0.0 0.0 0.20929602 0.20929602 0.26851082 0.26851082
0.59747934 0.59747934 0.59747934 0.59747934 1.2 1.1854962 1.461874 1.2 1.1854962 0.0 0.0 0.0 0.0 0.0 0.0 0.0 0.0 0.0 0.0 0.0 0.0 0.3065803 0.3065803 0.26850843 0.26850843 0.26850843 0.26850843 0.0 0.0 0.26850843 0.26850843 0.26850843 0.26850843 0.0 0.26850843 0.26850843 0.30658048 0.26850843 0.0 0.0 0.0 0.26850867 0.26850867 0.26850867 0.26850867 0.26850867 0.26850867 0.0 0.26850867 0.26850867 0.26850867 0.26850867 0.26850867 0.0 0.26850867 0.30658054 0.30658054 0.26850867 2.3348334 0.016196564 0.0 0.0 0.0 0.0 0.0 0.0 0.0 0.20929459 0.20929459 0.0 0.0 0.0 0.0 0.0 0.20929459 0.20929459 0.26850867
0.59747696 0.59747744 0.59747744 0.59747744 0.5974779 1.2 1.4618669 1.2 1.1854953 0.0 0.0 0.0 0.0 0.0 0.0 0.0 0.0 0.0 0.0 0.2685063 0.2685063 0.0 0.30657858 0.26850653 0.26850653 0.26850653 0.26850653 0.0 0.20929298 0.20929298 0.20929298 0.26850653 0.0 0.0 0.26850653 0.26850653 0.26850653 0.0 0.0 0.0 0.0 0.26850653 0.26850653 0.26850653 0.26850653 0.26850653 0.26850653 0.0 0.26850653 0.26850653 0.20929307 0.26850653 0.26850653 0.0 0.0 0.016196195 0.0 0.0 2.334829 0.016196195 0.0 0.0 0.0 0.0 0.0 0.0 0.0 0.0 0.0 0.0 0.0 0.0 0.20929316 0.0 0.20929316 0.20929316 0.26850677
0.5974755 0.5974755 0.5974755 0.5974755 0.5974755 0.8975334 0.8975334 1.8000001 1.1854938 0.0 0.0 0.0 0.0 0.0 0.0 0.0 0.0 0.0 0.0 0.26850438 0.26850438 0.26850438 0.20929155 0.20929155 0.26850438 0.26850438 0.26850438 0.0 0.26850438 0.20929155 0.20929155 0.26850438 0.0 0.0 0.26850438 0.26850438 0.0 0.0 0.0 0.0 0.0 0.0 0.0 0.26850438 0.26850438 0.26850438 0.26850438 0.26850438 0.26850438 0.26850438 0.20929164 0.26850438 0.26850438 0.0 0.0 0.0 0.20929173 0.20929173 1.1854938 0.067896366 0.067896366 0.0 0.0 0.0 0.0 0.0 0.0 0.0 0.0 0.20929173 0.20929173 0.20929173 0.20929173 0.20929173 0.20929183 0.26850462 0.26850462
0.5974736 0.5974736 0.5974736 0.5974736 0.5974736 0.8975315 0.8975315 1.512039 1.1593909 0.0 0.02940178 0.0 0.0 0.0 0.0 0.0 0.0 0.0 0.0 0.268502 0.268502 0.268502 0.20929001 0.20929001 0.20929001 0.20929001 0.26850224 0.20929012 0.20929012 0.26850224 0.26850224 0.26850224 0.0 0.0 0.0 0.0 0.0 0.0 0.0 0.0 0.0 0.0 0.0 0.26850224 0.26850224 0.26850224 0.26850224 0.0 0.0 0.26850247 0.26850247 0.26850247 0.26850247 0.26850247 0.016195491 0.26850247 0.2092902 0.2092902 0.33359468 0.06789398 0.0 0.0 0.0 0.0 0.0 0.0 0.0 0.0 0.0 0.2092903 0.2092903 0.2092903 0.2092903 0.2092903 0.26850247 0.26850247 0.2685027
0.5974717 0.5974717 0.5974717 0.5974717 0.5974717 0.8975291 0.8975291 0.8975291 0.8975291 0.8975291 0.8975291 0.0 0.0 0.0 0.0 0.0 0.0 0.0 0.0 0.2685001 0.2685001 0.2685001 0.24602553 0.0 0.016195133 0.20928869 0.2685001 0.20928869 0.20928869 0.26850033 0.26850033 0.26850033 0.26850033 0.0 0.0 0.0 0.0 0.0 0.0 0.0 0.0 0.0 0.0 0.26850033 0.26850033 0.26850033 0.26850033 0.26850033 0.26850033 0.26850033 0.26850033 0.26850033 0.26850033 0.26850033 0.26850033 0.26850033 0.20928878 0.20928878 0.20928878 0.0 0.0 0.0 0.0 0.0 0.0 0.0 0.0 0.0 0.0 0.0 0.01619517 0.01619517 0.1993839 0.1993839 0.1993839 0.26850057 0.26850057
0.59746933 0.59746933 0.59746933 0.59746933 0.59746933 0.8975277 0.8975277 0.8975277 0.8975277 0.8975277 0.8975277 0.0 0.0 0.0 0.0 0.0 0.0 0.0 0.0 0.26849818 0.26849818 0.0 0.016194776 0.016194776 0.0 0.20928726 0.20928726 0.0 0.26849818 0.26849818 0.26849818 0.26849818 0.26849818 0.0 0.0 0.0 0.0 0.0 0.0 0.0 0.0 0.0 0.0 0.26849818 0.26849818 0.26849818 0.26849818 0.26849818 0.26849818 0.26849818 0.26849818 0.26849818 0.30657166 0.30657166 0.30657166 0.30657166 0.20928743 0.20928743 0.20928743 0.20928743 0.0 0.0 0.0 0.0 0.0 0.0 0.0 0.0 0.0 0.0 0.0 0.30657172 0.30657172 0.19937639 0.26849842 0.26849842 0.30657172
0.5974679 0.5974679 0.5974679 0.5974679 0.5974679 0.89752483 0.89752483 0.89752483 0.89752483 0.89752483 0.89752483 0.0 0.0 0.0 0.0 0.0 0.0 0.0 0.0 0.0 0.26849604 0.0 0.20928572 0.016194431 0.016194431 0.20928572 0.26849604 0.26849604 0.26849604 0.26849604 0.26849604 0.26849604 0.0 0.0 0.19936788 0.26849604 0.26849604 0.26849604 0.0 0.0 0.0 0.26849604 0.26849604 0.26849604 0.26849604 0.26849604 0.26849604 0.26849604 0.26849604 0.26849604 0.26849627 0.26849627 0.30656976 0.30656976 0.067887306 0.30656976 0.20928591 0.20928591 0.20928591 0.209286 0.0 0.0 0.0 0.0 0.0 0.0 0.0 0.0 0.0 0.0 0.0 0.067887425 0.30656987 0.016194467 0.26849627 0.26849627 0.30656987
0.5974655 0.5974655 0.5974655 0.5974655 0.5974655 0.8975234 0.8975234 0.8975234 0.8975234 0.8975234 0.8975234 0.5609075 0.0 0.0 0.0 0.0 0.0 0.0 0.0 0.0 0.2684939 0.0 0.0 0.2092844 0.2092844 0.2092844 0.2684939 0.2684939 0.1993602 0.1993602 0.1993602 0.016194085 0.1993602 0.1993602 0.1993602 0.26849413 0.26849413 0.26849413 0.26849413 0.26849413 0.26849413 0.26849413 0.26849413 0.26849413 0.26849413 0.26849413 0.26849413 0.26849413 0.26849413 0.26849413 0.26849413 0.20928448 0.20928448 2.334805 2.3348053 0.20928448 0.20928448 0.0 0.0 0.0 0.0 0.0 0.0 0.0 0.0 0.0 0.0 0.0 0.0 0.0 0.0 0.06788528 0.30656815 0.01619412 0.01619412 0.01619412 0.01619412
0.5974636 0.5974636 0.5974636 0.5974636 0.5974636 0.8975215 0.8975215 0.8975215 0.8975215 0.8975215 0.8975215 0.0 0.0 0.0 0.0 0.0 0.0 0.0 0.0 0.0 0.306566 0.06788266 0.0 0.0 0.0 0.20928296 0.19935252 0.19935252 0.1993527 0.1993527 0.1993527 0.016193727 0.1993527 0.1993527 0.1993527 0.26849198 0.26849198 0.26849198 0.26849198 0.26849198 0.26849198 0.30656612 0.30656612 0.26849198 0.26849198 0.26849198 0.26849222 0.26849222 0.26849222 0.26849222 0.26849222 0.20928305 0.20928305 0.20928305 0.20928305 0.20928305 0.20928305 0.20928305 0.20928305 0.0 0.0 0.0 0.0 0.0 0.0 0.0 0.0 0.0 1.1854872 0.0 0.0 0.016193775 0.016193775 0.016193775 0.016193775 0.016193775 0.20928314
