Export/ASCII/RMeteo_SP_inch/impervious0/net_infiltration_2015_SP2_inch.asc
ncols         660
nrows         338
xllcorner     1476100.0
yllcorner     5017100.0
cellsize      100
NODATA_value  -9.9000000089461e-20
[rows 104 to 129 of 338, columns 580 to 637 of 660]
0.36366326 0.9401797 0.7458924 0.29735896 1.2263142 1.1494476 0.95516 0.31025684 0.3102561 0.36366308 0.29735887 0.29735887 0.29735878 0.29735878 0.29735878 0.29735878 0.36366278 0.36366278 0.38927343 0.44454205 0.042188823 0.2973586 0.2973586 1.0710967 2.081253 2.081253 2.081253 2.081253 2.081253 2.1466866 0.5420793 0.10161894 0.1403079 0.042188823 0.5420793 0.5420793 2.081253 2.081253 2.081253 2.081253 2.081253 2.081253 2.081253 2.081253 0.5420792 0.5420792 0.1016189 0.1016189 0.5420792 0.5420792 0.5838162 0.5838162 0.6146496 0.5838162 0.331387 0.331387 0.33138692 0.33138692
0.042188775 0.10161866 1.2395477 2.0812516 2.0812516 2.0812516 2.290065 0.5420782 0.2973574 0.2973574 0.2973574 0.29735732 0.29735732 0.29735732 0.29735732 0.66164815 0.29735732 0.29735723 0.29735723 0.6616477 0.7077825 0.3645712 0.29735723 2.0812514 2.0812514 2.0812514 2.0812514 2.0812514 2.0812514 0.542078 0.10161858 0.04218875 0.04218875 0.044612393 0.7077823 0.7077823 2.0812511 2.0812511 2.0812511 2.0812511 0.5420779 0.5420779 0.5420779 0.5420779 0.5420779 0.5420779 2.081251 1.0710847 0.10161856 0.10161856 0.10844049 2.1791594 0.10844049 0.5838137 0.33138576 0.33138576 0.5838137 0.5838137
0.10161828 0.10161828 0.89150643 2.081249 2.081249 2.081249 2.081249 0.5420766 0.29735592 0.29735592 0.29735592 0.042188678 0.29735583 0.29735583 0.29735574 0.3102502 0.29735574 0.29735565 0.29735574 0.3102501 0.66163814 0.29735574 0.29735574 2.081249 2.0812495 2.0812495 2.0812495 2.0812495 2.0812495 0.5420765 0.042188678 0.042188678 0.042188678 0.042188678 0.042188678 0.6616372 2.0812488 0.5420765 0.5420765 0.5420765 0.54207647 0.5420764 2.0812485 2.0812483 0.70778036 0.70778036 2.0812485 1.071073 0.127451 0.10161818 0.10844013 0.044692647 0.044692647 0.10844012 0.10844012 0.58381116 0.58381116 0.33138433
0.101617925 0.101617925 0.89150643 2.0812469 2.0812469 2.0812469 2.0812469 0.5420752 0.5420752 0.5420752 0.5420752 0.2973543 0.042188607 0.2973543 0.2973543 0.2973543 0.2973543 0.2973543 0.66162884 0.66162884 1.0600857 0.2973543 0.042188607 0.10161785 0.70777863 0.7077786 0.7077786 2.0812466 0.54207504 0.54207504 0.2973543 0.2973543 0.66162837 0.542075 0.542075 0.542075 0.5420749 0.54207486 0.5420748 2.0812466 2.0812466 2.0812466 2.0812466 2.0812466 0.70777833 0.70777833 2.0812466 2.0812466 2.0812464 2.0812464 0.10843978 0.10843976 0.10843976 0.10843976 0.76893795 0.58380866 0.58380866 0.58380866
0.10161749 0.10161749 1.8966353 1.0710537 2.081245 2.081245 2.081245 0.54207367 0.54207367 0.10161749 0.54207367 0.29735297 0.29735297 0.29735297 0.29735297 0.29735297 0.29735297 0.29735297 0.31024438 0.9551321 1.0942498 0.042188536 0.042439852 0.70777684 0.70777684 1.0710526 0.70777684 0.70777684 2.0812447 0.54207355 0.5420735 0.56535953 0.5420735 0.5420735 0.56535953 0.54207337 0.54207337 0.5884953 0.54207337 2.0812447 2.0812447 2.0812447 2.0812447 2.0812447 2.0812445 2.0812445 2.0812445 0.7077764 0.7077764 0.70777637 0.10843937 0.10843937 0.10843937 0.10843937 0.7689351 0.768935 0.10843937 0.10843937
2.081243 1.071043 1.071043 2.081243 2.0812428 1.0710425 1.0354741 2.0812428 0.10161713 0.101617105 0.042188466 0.5420721 0.5420721 0.5420721 0.2973515 0.2973515 0.2973515 0.2973515 0.2973515 1.397528 0.946102 0.042188466 0.042188466 0.44453168 0.70777476 0.70777476 0.70777476 0.7077747 0.54207194 0.54207194 0.56535804 0.542072 0.29735133 0.54207194 2.0812426 2.0812423 0.565358 0.5420719 0.10161702 2.0812423 2.0812423 2.0812423 2.0812423 2.081242 2.081242 2.081242 2.081242 2.081242 2.081242 2.081242 0.10843901 0.10843901 0.10843901 0.10843901 0.10843901 0.10843901 0.10843901 0.10843901
2.0812407 1.0710316 1.0710316 2.0812407 2.0812407 1.0710316 1.0710316 2.0812407 0.10161672 0.10161672 0.10161672 0.10161672 0.10161672 2.0812407 1.0710311 0.29735008 0.29735008 0.29735008 0.29735008 0.9460999 0.9460999 0.29735008 0.29735008 0.4445293 0.4445293 0.54207045 0.5420704 2.0812404 2.0812404 2.0812407 2.0812407 0.5420702 0.5420702 0.5420702 2.0812404 2.0812404 2.0812404 2.0812404 0.10161666 2.0812404 2.0812404 2.0812404 1.0710287 1.0710287 2.0812404 2.0812404 2.0812404 2.0812404 2.0812404 0.10161666 0.10843862 0.1084386 0.1084386 0.1084386 0.1084386 0.1084386 0.1084386 0.1084386
1.0710211 1.0710211 1.0710211 0.8915036 0.70777124 0.70777124 0.70777124 0.70777124 0.10161638 0.10161638 0.70777124 0.10161638 0.10161638 1.0710201 1.0710201 0.2973486 0.2973486 0.042188346 0.047690667 0.2973486 0.2973486 0.2973486 0.2973486 0.94609773 1.1494099 0.94609773 2.0812383 2.0812383 2.0812383 2.0812383 0.5420687 0.5420687 0.5420687 0.5420687 2.0812383 2.0812383 2.0812383 2.0812383 2.0812383 2.0812383 2.0812383 2.0812383 1.0710185 1.0710185 1.0710182 1.0710182 2.081238 2.081238 0.10161625 0.10161625 0.108438306 0.108438306 0.1084383 0.1084383 0.1084383 0.10843827 0.10843827 0.7689257
1.0710104 1.0710101 0.5420676 2.0812366 0.70776933 0.70776933 2.0812366 2.0812366 2.0812366 0.7077692 0.7077692 0.70776916 2.0812368 0.54206747 0.54206747 0.54206747 0.29734713 0.042188272 0.29734713 0.29734713 0.500662 0.29734692 0.29734692 1.1494044 1.1494044 0.94609535 2.0812366 2.0812366 2.0812366 2.0812366 2.0812366 2.14667 2.0812366 2.0812366 2.0812366 2.0812364 2.0812364 2.0812356 2.0812356 2.0812361 2.081236 2.081236 1.071007 1.071007 1.071007 1.071007 1.071007 1.071007 0.12744872 0.10161588 0.7689227 0.10843789 0.10843789 0.10843789 0.5837963 0.5837963 0.5837963 0.5837963
0.7077675 0.7077675 0.542066 2.0812345 0.8915026 2.0812345 2.0812345 2.0812342 2.081234 0.5420659 0.5420659 0.5420659 0.5420659 0.5420659 0.54206586 0.54206586 0.29734582 0.29734582 0.29734582 0.29734582 0.29734582 0.29734582 0.29734582 0.4160605 0.2973457 0.36364025 0.2973456 0.54206574 0.54206574 0.5420657 0.5420656 0.5420656 0.5420656 0.8915026 0.8915026 2.081234 2.081234 2.081234 2.081234 2.081234 0.707767 0.707767 2.0812335 1.070996 1.070996 1.0709958 1.0709958 1.0709958 0.101615526 0.70776695 0.76891965 0.76891965 0.58379406 0.583794 0.583794 0.583794 2.1791384 2.1791384
0.70776576 0.7077657 0.5420645 2.081232 2.081232 0.54206437 0.54206437 0.54206437 0.54206437 0.54206437 0.54206437 0.54206437 0.54206437 0.89150214 0.89150214 0.89150214 0.89150214 0.94609153 1.1493937 0.94609153 0.9460913 0.9460913 0.9460913 1.0600466 1.0600463 0.9460913 1.1493932 0.9460913 2.0812318 0.54206425 0.54206425 0.54206425 0.54206425 0.54206425 0.54206425 0.54206425 0.54206425 0.54206425 0.5420642 0.5420642 0.70776504 0.70776504 0.5420642 0.5420642 0.5420642 0.297344 0.54206413 0.5420641 0.54206413 0.54206413 0.5837916 0.5837916 0.5837916 2.179136 2.179136 2.179136 2.179136 2.1791358
2.0812302 0.542063 0.542063 0.542063 0.54206294 0.54206294 0.54206294 0.54206294 1.0709765 1.0709765 2.3381789 2.3381789 0.8915012 0.8915012 0.8915012 0.8915012 0.8915012 1.1493884 1.1493884 0.9460894 1.1493884 1.3974947 0.9460894 1.1722323 1.1722323 1.1493884 1.1493884 0.9460894 0.9460894 2.0812297 2.0812297 2.0812297 2.0812297 2.0812297 2.0812297 2.0812297 0.7077634 2.0812297 0.5420628 0.54206276 0.54206276 0.54206264 0.10161479 0.10161477 0.29734257 0.6615509 1.0709748 0.7077632 0.7077632 1.0709746 0.7689135 0.7689135 1.1831267 1.1831262 1.1831262 2.1791332 2.1791332 2.1791332
0.54206157 0.54206157 0.54206157 0.5420615 2.081228 1.0709653 1.070965 1.070965 1.070965 2.3381772 2.338177 2.338177 2.338177 0.0 0.0 0.0 0.8915007 1.1493837 1.1493837 1.1493837 1.1493837 1.3950776 1.0600425 1.1722275 1.3629774 1.0600425 1.1493832 0.946087 1.2161192 2.0812275 2.0812275 2.0812275 2.0812275 2.0812275 2.0812275 2.0812275 2.0812275 2.0812275 2.0812275 2.0812275 0.54206115 0.101614416 0.101614416 0.101614416 0.101614416 0.5420611 1.088641 0.7077613 1.0709634 1.0709634 1.1831169 1.1831164 1.1831162 1.1831162 1.1831162 1.1831162 1.1831162 2.1791308
1.0709548 2.0812259 2.0812259 2.0812259 2.081226 1.0709548 1.0709548 1.0709548 1.0709548 2.338175 2.338175 2.3381755 0.89150023 0.0 0.0 0.0 0.89150023 1.1493777 0.94608486 1.4020189 0.94608486 1.0942019 1.0942019 1.1722227 1.0600413 1.0600413 1.2161146 1.2161146 1.3629719 0.94608486 2.0812259 2.0812259 2.0812259 2.0812259 2.0812259 2.0812256 0.54205966 0.54205966 2.0812256 2.0812256 0.54205966 0.54205966 0.54205966 0.54205966 0.54205966 0.54205966 0.54205966 1.076736 1.0709527 1.0709527 1.1831071 2.179128 2.179128 1.1831062 2.179128 2.179128 2.179128 2.179128
1.0709434 2.3381739 1.0709434 0.89149976 2.081224 1.0709434 1.0709434 1.0709434 0.89149976 0.89149976 0.89149976 0.89149976 0.89149976 0.0 0.0 0.0 0.0 0.94608295 1.1493725 1.395809 0.94608295 1.1493729 1.1493729 1.4533457 1.0600396 1.1722177 1.172218 1.172218 1.172218 0.9460827 2.0812235 2.0812232 2.0812232 2.0812232 2.0812232 2.0812232 0.5420583 0.5420583 0.5420582 2.0812232 0.54205817 0.54205817 0.54205817 0.2973381 0.2973381 0.54205817 0.54205817 0.54205805 0.70775753 1.0709412 1.1830964 2.1791255 2.1791253 1.1830959 2.1791253 2.1791253 2.1791253 2.1791253
1.0709326 2.081221 2.081221 1.0709326 0.6615137 0.6615137 0.6615137 0.6 0.6 0.0 0.0 0.8914993 0.8914993 0.0 0.0 0.0 0.29733697 0.36362526 1.149367 1.149367 1.149367 1.149367 1.2161044 1.172213 1.0600373 1.0600373 1.172213 1.4820169 0.9460803 0.9460803 0.9460803 2.081221 2.081221 2.081221 2.081221 2.081221 0.5420566 0.5420566 2.0812216 2.0812216 2.0812216 0.5420566 0.5420566 0.29733688 0.29733688 0.29733688 0.5420566 0.54205656 0.70775557 1.0709298 2.1791227 2.1791227 1.1830857 1.1830857 1.1830857 1.1830857 2.1791227 2.1791227
2.081219 2.081219 0.94607866 0.6615044 0.6615044 0.74571335 0.6615044 0.68728125 0.0 0.0 0.0 0.8914983 0.8914983 0.0 0.0 0.2973355 0.2973355 0.2973355 1.1493624 1.1493624 1.1493624 1.4136902 1.0600353 1.1722072 1.1722072 1.094186 1.094186 1.094186 0.9460784 1.149362 1.149362 0.9460784 0.9460784 2.081219 2.081219 2.081219 2.081219 2.081219 2.081219 2.081219 0.54205495 0.54205495 0.54205495 0.5420549 0.042187702 0.042187702 0.10161285 0.5420549 1.0709188 1.0709188 1.1830766 1.1830761 2.17912 2.17912 1.1830759 1.1830759 0.58377665 2.1791198
2.0812173 0.94607675 0.94607675 1.1493574 0.9550499 0.9550518 0.6614951 0.7711698 0.0 0.0 0.0 0.89149785 0.89149785 0.0 0.0 0.2973339 0.2973339 0.2973339 0.36362016 1.149357 0.9460763 1.3958253 1.0600339 1.172203 0.9460763 1.3992516 0.9460763 1.1493565 1.1493565 1.1493565 1.1493565 0.94607604 1.1493565 0.94607604 2.0812168 2.0812168 2.0812168 2.0812168 2.0812168 2.0812168 0.54205364 0.54205364 0.54205364 0.04218763 0.04218763 0.04218763 0.04218763 0.2973337 1.0709078 1.0709078 1.1830661 1.1830661 2.1791174 2.1791174 2.1791174 0.58377427 0.58377427 2.1791174
1.0708997 0.9460746 1.1493522 1.1493522 1.397456 1.1493522 0.95504344 0.6872746 0.6 0.0 0.0 0.8914974 0.8914974 0.0 0.0 0.29733256 0.29733256 0.29733256 0.29733256 1.1493512 1.149351 1.149351 1.1721982 1.1721982 1.149351 1.3957866 0.94607437 1.1493508 0.94607437 1.40199 0.94607437 1.1493508 1.1493508 0.94607437 0.94607437 2.081215 2.081215 2.081215 2.081215 1.4488978 0.542052 0.542052 0.5420519 0.042187557 0.042187557 0.042187557 0.042187557 0.29733238 0.5420519 2.081215 1.1830552 1.1830552 2.179115 2.179115 2.179115 2.179115 2.179115 2.179115
0.957222 0.8120004 1.0058852 1.2561666 0.8120004 1.2561666 1.0058852 0.6769625 0.6769625 0.6 0.6 0.6 0.6 0.0 0.0 0.0 0.407434 0.2747403 0.2747403 0.33921364 1.4435647 0.81200016 1.0488018 1.0488018 1.0058838 1.0058836 0.33921343 0.33921343 0.8119999 1.2544824 0.8119999 1.0058836 1.0058836 1.2996455 0.8119999 2.0252163 2.0252163 2.0252163 2.025216 0.95722127 0.49327645 0.49327645 0.49327645 0.27474022 0.27474022 0.0426617 0.08966557 0.49327645 0.49327645 2.0252156 0.95234966 0.95234966 0.47485366 0.47485366 2.0213022 2.0213022 2.0213022 2.0213022
0.95721865 0.8119985 0.8119985 0.40743256 0.5351317 1.0551783 0.81199944 0.9610714 0.8119985 0.96107113 0.8119985 0.8119985 0.7691576 0.6 0.0 0.0 0.27473915 0.40743256 0.27473915 0.27473915 1.1277026 0.8119985 1.0805279 0.9894203 1.0551769 1.0551769 0.27473897 0.27473897 1.3421472 0.81199825 1.0551766 1.0551766 1.0551766 1.296687 0.81199825 2.0252101 2.0252101 2.02521 2.02521 2.02521 2.02521 2.0252101 0.4932751 0.4932751 0.4932751 0.08966521 0.08966521 2.02521 2.0252097 2.0252097 2.0212965 0.47485158 0.47485158 0.9523461 2.0212965 2.0212965 2.0212965 2.0212965
0.9572151 0.9775294 0.40743113 0.53512883 0.40743113 0.81199706 1.3382953 0.81199706 1.0551728 0.81199706 0.81199706 1.0551728 0.62308204 0.7691528 0.0 0.0 0.27473783 0.27473783 0.27473783 0.81199706 1.1320041 1.1320041 1.0805243 1.0551728 1.0551728 0.35107583 0.27473783 0.27473783 1.0551723 0.8119966 1.0551723 1.0551723 1.0551723 1.3421429 2.0252037 2.0252037 2.0252037 2.0252037 2.0252037 2.0252035 2.0252035 2.0252035 0.64683557 0.49327376 0.49327368 0.49327368 0.49327368 2.0252032 2.0252032 2.0252032 2.021291 0.4748494 0.4748494 0.9523425 2.0212903 2.0212903 2.0212903 0.829564
0.95721173 0.64842236 0.4074298 0.4074298 0.4074298 0.8119954 1.0551687 1.0551683 1.0551683 0.8119954 1.0551683 1.0551683 0.6230793 0.6230793 0.0 0.0 0.27473667 0.27473667 0.27473667 0.3510738 1.08052 1.08052 0.9894115 1.0551683 0.8119954 0.27473667 0.27473667 0.27473667 1.0551683 0.8119954 0.8119954 1.0551683 0.8119954 2.3005414 0.49327236 0.49327236 2.0251982 2.0251982 2.0251982 2.0251982 0.4932723 0.4932723 0.64683384 0.4932723 0.49327227 0.49327227 2.025198 2.025198 2.0251975 2.0251975 2.0212848 2.0212848 0.9523392 2.0212848 0.9523392 2.0212846 0.829564 0.829564
2.0251932 0.84069455 0.8119935 0.81199324 0.81199324 0.64842045 1.0551642 1.2606467 1.055164 1.055164 1.055164 0.811993 0.62307715 0.62307715 0.62307715 0.0 0.9442097 0.9442097 0.9442097 0.9442097 1.0805153 1.0805153 1.0551635 1.0551635 1.0551635 0.811993 0.27473542 0.27473542 1.0551635 0.811993 0.811993 1.0551635 1.0551635 2.025192 0.64683235 0.64683235 0.49327108 2.0251918 2.0251918 2.0251918 2.0251918 0.49327105 0.493271 0.9572077 0.9572077 2.0251915 2.0251915 2.0251915 0.95720744 2.0251913 2.0212789 0.95233583 2.0212789 2.0212789 2.0212789 2.0212786 0.8295635 1.0795859
0.49327007 1.1319913 1.0551587 1.0551587 1.0551587 0.6484183 1.1575102 0.6484183 0.8119918 1.0551585 1.0551585 0.6230742 0.6230742 0.6230742 0.6230742 0.6230742 1.0805107 1.0805107 0.94420826 0.94420826 1.0805107 0.989401 0.049141586 0.049141586 0.049141586 1.0551578 0.8119916 0.8119916 0.8119916 1.0551578 1.0551578 1.0551578 2.3005311 2.025186 0.64683074 0.64683074 0.49326986 2.0251858 2.0251858 2.0251858 2.0251858 2.0251858 0.9572041 2.0251858 2.0251858 2.0251858 2.0251856 2.0251856 0.95720387 2.0251853 0.952332 0.952332 2.0212722 2.0212722 2.0212722 2.0212722 0.8295635 1.3450788
0.49326864 0.8119899 0.9893962 1.0551535 1.0551535 0.76304877 1.0551535 0.8406824 1.0551533 1.0551533 0.8119899 0.6230715 0.6230715 0.6230715 0.6230715 0.6230715 1.080506 1.080506 1.080506 1.080506 1.080506 1.0551533 0.04266137 0.04266137 0.04266137 0.97751963 0.6484159 1.3421234 1.0551533 0.8119899 1.4435427 0.81198967 2.0251799 2.0251799 2.0251799 2.0251799 2.0251799 2.0251799 2.0251799 2.0251799 2.0251799 0.95720077 0.9572005 2.0251799 2.0251799 2.0251799 2.0251799 0.9572005 2.0251794 2.0251794 2.021267 2.0212667 2.0212667 2.0212665 2.0212665 0.95232844 0.9039352 0.9039352
