Export/ASCII/RMeteo_SP_inch/impervious0/net_infiltration_2018_SP2_inch.asc
ncols         660
nrows         338
xllcorner     1476100.0
yllcorner     5017100.0
cellsize      100
NODATA_value  -9.9000000089461e-20
[rows 104 to 129 of 338, columns 0 to 58 of 660]
2.3709497 2.5394626 2.5394626 2.3709497 2.5394626 2.5646744 2.6882153 2.3943925 2.6882153 2.6882153 2.3943925 2.6882153 2.3943925 2.394393 2.6882157 2.394393 2.6882157 2.6882157 2.394393 2.6882162 2.6882162 2.4442744 2.4442744 2.4442744 3.200008 0.20893112 1.1287764 3.200008 3.200008 3.200008 3.2000082 4.2117906 0.20893116 0.27481955 0.20893118 0.20893118 0.20893118 0.20893118 0.20893118 0.20893118 0.20893118 3.2000082 1.1287767 1.2040677 1.498486 1.498486 1.1287768 3.2000086 1.498486 3.2000089 3.2000093 3.2000093 2.4442766 2.4442768 3.2000093 3.2000093 3.2000093 3.2000093 3.2000093
2.3709235 2.5394354 2.5394354 2.5394354 2.5394354 2.3943672 2.6881895 2.3943672 2.6881895 2.6881895 2.6881895 2.3943677 2.68819 2.68819 2.3943677 2.3943677 2.6881905 2.3943682 2.688191 2.688191 2.688191 2.4442616 2.4442616 2.4442616 1.1287708 1.1287708 3.1999962 3.1999962 3.1999962 3.1999962 3.1999962 3.1999962 3.1999962 3.1999962 4.211778 3.1999962 3.1999962 3.1999962 2.4442625 2.4442625 2.4442625 2.4442627 3.1999965 3.1999965 3.2738943 3.1999965 3.1999965 3.1999965 3.1999965 3.199997 3.1999972 3.1999972 2.444263 2.4442635 3.1999977 3.1999977 3.1999977 2.4442637 3.1999977
2.3708997 2.5394115 2.5394115 2.5394115 2.5394115 2.5646224 2.6881628 2.6881628 2.6881628 2.394341 2.394341 2.6881628 2.6881628 2.6881628 2.394341 2.6881628 2.6881628 2.6881633 2.6881633 2.3943415 2.6881633 1.6333542 1.4984708 1.1287649 1.1287649 2.4442484 2.4442484 2.4442484 2.444249 3.3449419 3.344942 3.1999846 3.1999846 3.1999846 3.1999846 3.1999846 3.1999846 3.1999846 3.1999846 3.1999846 2.4442494 3.1999846 3.1999846 3.1999846 3.1999846 3.1999846 3.1999848 3.1999848 3.1999848 3.1999848 3.199985 3.199985 2.4442499 2.4442499 3.1999853 3.1999853 3.1999853 3.3449433 3.1999853
2.3708754 2.3708754 2.5393863 2.5393863 2.5393863 2.5645971 2.6881375 2.6881375 2.6881375 2.6881375 2.6881375 2.6881375 2.6881375 2.6881375 2.6881375 2.688138 2.6881385 2.6881385 2.6881385 2.6881385 2.6881385 1.4984635 1.4984635 1.4984635 1.1287591 2.4442356 2.4442358 2.4442358 2.4442358 3.344928 3.3449285 3.1999729 3.1999729 3.1999729 3.1999729 3.1999729 3.1999729 3.1999729 3.1999729 3.1999729 2.4442358 3.1999729 3.1999729 3.1999729 3.1999729 3.1999729 1.4984645 3.199973 3.199973 3.199973 3.1999733 3.1999733 2.4442363 3.1999733 3.1999733 3.1999733 3.1999736 3.344929 2.4442365
2.3708515 2.3708515 2.5393615 2.3708515 2.3708515 2.5645723 2.3942928 2.3942928 2.6881142 2.3942933 2.3942933 2.6881142 2.6881142 2.6881146 2.3942943 2.6881146 2.3942943 2.6881151 2.6881151 2.3942943 2.6881151 1.4984562 1.4984562 1.4984565 2.4442225 2.4442225 2.4442225 2.4442225 2.4442225 3.3449137 3.344914 2.4442227 3.1999605 3.1999605 3.1999605 3.1999605 2.4442227 3.1999605 3.1999605 3.3449142 2.444223 2.444223 3.1999607 3.199961 3.199961 1.4984572 1.4984572 1.4984572 2.444223 2.4442232 2.4442232 3.199961 3.199961 3.199961 3.199961 3.199961 3.199961 3.3449154 3.3449154
2.3708243 2.3708243 2.5393343 2.3708243 2.5393348 2.564549 2.6880898 2.39427 2.6880898 2.6880898 2.39427 2.6880898 2.6880898 2.39427 2.6880903 2.3942704 2.6880903 2.394271 2.6880913 2.6880913 2.3942714 1.6333315 1.1503974 2.4442089 2.4442089 2.4442089 2.4442089 2.4442089 2.444209 2.444209 2.444209 2.4442093 2.4442093 2.4442093 3.1999483 3.1999483 2.4442093 3.1999485 3.1999485 3.1999485 2.4442096 3.1999485 3.1999488 3.1999488 3.1999488 3.1999493 1.4984498 2.4442096 2.4442096 2.4442098 2.4442098 2.44421 3.1999493 3.1999493 3.1999495 3.1999495 3.3449004 3.3449006 3.1999495
2.3708005 2.5393095 2.5393095 2.5393095 2.5393095 2.5645213 2.6880627 2.3942432 2.6880627 2.6880631 2.6880631 2.6880631 2.3942437 2.6880631 2.6880631 2.6880636 2.6880636 2.6880636 2.6880636 2.6880636 2.6880636 1.1713368 1.1287419 2.4441955 2.4441955 2.4441957 2.444196 2.444196 2.444196 2.444196 2.4441962 2.4441965 2.4441965 3.1999364 3.1999364 3.1999364 3.1999366 3.1999366 3.1999369 3.199937 3.199937 3.199937 1.4984423 1.4984423 3.3448858 3.199937 3.199937 2.4441972 2.4441972 3.199937 2.4441972 2.4441972 2.4441972 2.4441972 2.4441974 2.4441974 2.4441974 2.4441974 0.20892282
2.3707752 2.5392838 2.5392838 2.5392842 2.5392852 2.5644946 2.6880355 2.6880355 2.6880355 2.6880355 2.6880355 2.6880355 2.6880355 2.3942165 2.6880355 2.6880355 2.3942165 2.6880355 2.6880364 2.6880364 2.6880379 1.4984345 7.372965 0.0 2.4441814 2.4441817 2.4441817 2.4441817 2.4441817 2.4441817 2.4441817 2.444182 2.444182 3.1999247 3.1999247 3.1999247 3.1999247 2.444182 3.1999247 3.199925 3.199925 3.199925 1.498435 1.498435 1.498435 3.3448713 3.3448713 2.4441826 3.1999252 3.1999254 3.199926 2.444183 2.444183 2.444183 2.444183 3.3448722 2.444183 2.4441833 0.20892148
2.37075 2.37075 2.37075 2.37075 2.5392575 2.3941922 2.3941922 2.6880107 2.3941922 2.3941922 2.3941922 2.6880107 2.3941927 2.6880121 2.6880121 2.3941946 2.3941946 2.688013 2.688013 2.3941946 2.688013 1.5305104 1.4984276 2.4441688 2.4441688 2.4441688 2.4441688 2.4441688 2.4441688 2.444169 2.444169 2.444169 2.444169 3.1999128 3.1999128 3.1999128 3.1999128 2.4441695 3.199913 3.1999135 3.1999135 3.1999135 3.1999135 1.4984282 3.344857 3.344857 3.344857 3.344857 3.1999135 3.1999135 3.1999135 2.4441702 2.4441702 2.4441705 2.4441705 3.3448575 3.3448577 1.9527327 0.20892005
2.3707247 2.5392323 2.5392323 2.5392323 2.3707252 2.564444 2.6879854 2.394168 2.6879854 2.6879854 2.394168 2.6879854 2.394168 2.6879854 2.6879854 2.394168 2.6879854 2.394168 2.6879854 2.3941684 2.4045305 1.1287245 1.1287245 1.1287245 2.444156 2.444156 2.4441557 2.4441557 2.4441557 2.444156 2.444156 2.444156 2.444156 3.199901 3.199901 2.444156 2.444156 2.444156 2.444156 3.199901 3.1999013 3.1999013 2.444156 3.344842 3.3448422 3.1999013 3.1999013 2.444156 3.1999016 3.1999016 3.1999016 3.1999016 3.1999016 3.1999016 3.1999018 3.344843 3.344843 1.4984212 3.1999025
2.3707013 2.539208 2.539208 2.539208 2.539208 2.5644207 2.6879616 2.6879616 2.6879616 2.6879616 2.6879616 2.6879616 2.6879616 2.6879616 2.687962 2.687962 2.3941445 2.394145 2.6879625 2.6879625 2.6879625 1.1287187 1.1287187 1.1287187 1.2040097 1.1287187 3.1998892 1.5304961 1.4984133 2.4441419 2.444142 2.444142 2.4441423 2.4441423 2.4441423 2.4441423 2.4441426 2.444143 2.444143 2.444143 2.444143 2.4441433 3.1998894 3.1998894 3.1998894 3.1998894 3.1998894 2.4441435 3.1998894 3.1998894 3.1998897 3.1998897 3.1998897 3.1998897 3.1998897 3.1998897 3.3448284 3.3448284 2.444144
2.3706756 2.3706756 2.5391812 2.5391827 2.5391827 2.3941202 2.6879368 2.6879368 2.3941202 2.6879368 2.6879368 2.6879373 2.3941207 2.6879373 2.3941207 2.6879373 2.6879377 2.3941212 2.6879377 2.6879377 2.6879382 2.6879382 2.0996277 1.204004 1.1287129 1.1287129 1.1287129 1.4984057 1.4984057 1.4984057 1.4984059 1.4984059 3.1998777 2.4441295 2.4441295 2.4441295 2.4441297 2.4441297 2.4441297 2.4441297 2.4441297 2.4441297 3.1998777 3.1998777 3.1998777 3.1998777 3.1998777 2.4441297 3.199878 3.199878 1.4984064 1.1287135 3.344814 3.1998782 3.1998785 3.1998782 3.1998782 3.1998782 3.1998785
2.3706508 2.539156 2.539156 2.539156 2.539156 2.5643687 2.6879096 2.6879096 2.6879096 2.6879096 2.68791 2.68791 2.68791 2.68791 2.68791 2.6879106 2.6879106 2.6879106 2.6879106 2.6879106 2.6879106 2.68939 3.0451012 1.6332793 1.1287073 1.1287073 1.1287073 1.1287073 1.4983988 1.4983988 1.4983988 3.1998653 3.1998653 3.1998656 2.444116 2.444116 2.444116 2.444116 2.444116 2.444116 2.4441164 2.4441164 2.4441164 3.3447993 3.3447993 3.3447995 3.3447995 2.4441166 3.1998658 3.1998658 1.4983993 1.4983995 3.199866 3.199866 3.1998663 3.1998663 3.1998663 3.1998663 3.1998663
2.370626 2.5391307 2.370626 2.5391307 2.370626 2.3940697 2.6878853 2.6878853 2.6878853 2.6878853 2.6878853 2.6878853 2.6878853 2.6878853 2.6878853 2.6878853 2.6878853 2.6878853 2.6878853 2.6878853 2.6878853 2.6878853 2.6878853 2.6878853 1.2139935 1.1287013 1.1287013 1.4983915 1.4983915 2.4441025 3.199854 3.199854 3.199854 3.199854 2.4441025 2.4441025 2.4441028 2.444103 2.444103 2.444103 2.444103 2.444103 2.444103 2.444103 3.344785 3.344785 2.4441032 2.4441032 2.4441035 3.1998541 3.1998541 3.1998541 3.1998541 3.1998541 1.4983925 1.4983925 3.1998544 3.1998544 3.1998546
2.3706002 2.3706002 2.5391045 2.3706007 2.3706007 2.5643182 2.6878595 2.68786 2.3940454 2.3940454 2.68786 2.68786 2.3940454 2.68786 2.3940458 2.3940458 2.3940458 2.3940458 2.6878605 2.6878605 2.3940463 2.6878614 2.6878605 2.4520311 2.6893427 2.2903388 2.4440894 1.1286957 2.4440894 3.1998415 3.1998415 3.1998415 3.1998415 3.1998415 3.1998415 3.1998415 2.44409 2.44409 2.44409 2.44409 2.44409 2.44409 2.44409 2.44409 2.4440901 2.4440901 2.4440901 2.4440901 2.4440901 3.1998425 3.1998425 3.1998425 3.1998425 3.1998425 3.1998422 1.498385 3.1998425 3.1998425 3.1998425
2.3705769 2.5390801 2.5390801 2.5390806 2.5390806 2.564291 2.6878324 2.6878324 2.3940182 2.3940182 2.6878324 2.6878324 2.3940187 2.6878328 2.3940191 2.6878333 2.6878333 2.3940191 2.6878333 2.6878333 2.6878333 2.6878338 2.6878338 2.6878338 2.689319 2.7247782 2.79083 2.444076 2.8944411 2.4440763 3.1998296 3.1998296 3.1998296 3.1998296 3.1998296 3.1998296 2.4440763 2.4440763 2.4440763 2.4440763 2.4440763 2.4440763 2.4440763 2.4440763 2.4440768 2.4440768 2.4440768 2.4440768 2.4440768 3.1998303 3.1998303 3.1998305 3.1998308 3.1998308 1.1286904 1.4983778 3.1998308 3.1998308 3.1998308
2.3705516 2.539054 2.539054 2.539054 2.5390544 2.5642667 2.6878085 2.6878085 2.6878085 2.6878085 2.687809 2.687809 2.6878095 2.6878095 2.6878095 2.68781 2.6878104 2.6878104 2.6878104 2.6878104 2.6878104 2.6878104 2.6878104 2.6878104 2.687811 2.687811 2.687811 2.687811 2.1349487 2.8944263 2.444063 2.444063 3.1998174 3.1998177 3.1998177 3.1998177 2.4440634 2.4440637 2.4440637 2.4440637 2.4440637 2.4440637 2.4440637 2.4440637 2.444064 2.444064 2.444064 2.4440641 2.4440641 3.1998181 3.1998181 3.1998181 3.1998181 3.1998181 1.1286848 1.1286848 3.1998184 3.1998184 3.3447428
2.3705258 2.5390282 2.5390282 2.5390286 2.5390286 2.564241 2.6877823 2.6877823 2.6877828 2.6877828 2.6877828 2.6877832 2.6877832 2.6877837 2.6877837 2.6877837 2.6877837 2.6877837 2.6877837 2.6877837 2.6877837 2.6877842 2.6877842 2.6877842 2.6877842 2.6877842 2.6877842 2.6877842 2.6892703 2.8444185 2.9685853 2.4440494 2.4440494 2.4440498 3.1998065 2.4440498 2.4440498 2.4440498 2.4440498 2.4440498 2.44405 2.44405 2.44405 2.44405 2.4440506 2.4440506 2.4440506 2.4440506 2.4440506 3.1998065 3.1998065 3.1998065 3.1998065 3.1998065 3.1998065 3.199807 3.199807 3.199807 3.199807
2.3705 2.5390015 2.3705 2.539002 2.3705006 2.3939438 2.687756 2.3939438 2.687756 2.687756 2.3939443 2.687757 2.687757 2.3939457 2.3939457 2.687758 2.3939457 2.3939462 2.6877584 2.3939462 2.6877584 2.6877584 2.3939462 2.6877584 2.6877584 2.6877584 2.3939462 2.6877584 2.6877584 2.6877584 2.691799 2.6973875 3.11618 2.4440367 2.4440367 2.4440367 2.4440372 2.4440372 2.4440374 2.4440374 2.4440374 2.4440374 2.4440374 2.4440374 2.4440374 2.4440374 2.4440374 2.4440374 2.4440377 2.4440377 3.1997948 3.1997948 3.1997948 3.1997948 3.1997948 3.1997948 3.1997948 3.1997948 3.1997948
2.3704772 2.5389776 2.5389776 2.3704772 2.3704772 2.56419 2.6877317 2.39392 2.6877332 2.3939214 2.6877332 2.6877332 2.3939219 2.6877337 2.6877337 2.6877337 2.6877337 2.6877337 2.6877337 2.6877337 2.6877337 2.6877346 2.6877346 2.6877346 2.3939228 2.3939228 2.6877346 2.6877346 2.3939228 2.687735 2.3939233 2.3939233 2.6892245 2.8635988 3.1272547 2.4440236 2.4440236 2.4440236 2.4440236 2.4440236 2.4440236 2.4440236 2.4440236 2.4440236 2.4440236 2.4440236 2.4440236 2.4440236 2.4440236 2.4440238 2.4440238 2.4440238 3.1997826 3.1997826 3.1997826 3.1997826 3.1997826 3.1997826 3.1997826
2.2074547 2.4160676 2.4160676 2.4160676 2.416068 2.3617926 2.4020042 2.4020047 2.4020047 2.4020047 2.4020047 2.4020047 2.4020047 2.4020047 2.4020047 2.4020047 2.4020047 2.4020047 2.4020047 2.4020052 2.4020052 2.4020052 2.4020052 2.4020052 2.4020052 2.4020052 2.4020052 2.4020057 2.4020066 2.4020066 2.4020066 2.1542702 2.4020066 2.4020066 2.4020066 2.4020066 2.6646192 2.838909 2.838909 2.838909 2.838909 2.838909 2.838909 2.3773959 2.3773959 2.3773959 2.3773959 0.0 0.0 1.7664844 1.7664844 1.7664844 2.3773963 2.3773963 2.3773963 3.1814575 3.1814575 3.1814575 3.1814575
2.2074304 2.4160428 2.2074308 2.4160433 2.2074308 2.3617678 2.154244 2.154244 2.40198 2.154244 2.40198 2.4019804 2.1542444 2.4019804 2.1542444 2.4019804 2.4019804 2.4019804 2.4019804 2.4019804 2.1542444 2.4019804 2.4019809 2.4019814 2.4019814 2.1542454 2.4019814 2.4019814 2.1542454 2.4019818 2.4019818 2.1542459 2.4019818 2.4019818 2.1542463 2.4019823 2.4019823 2.4019823 2.4019823 2.4019823 2.4019823 2.4871674 2.4586053 2.4019823 2.4019823 2.4019823 2.4019823 5.8667154 2.8084962 2.6520317 2.5194738 2.463717 2.45905 2.0391893 2.063045 1.8561519 1.7664713 2.3773854 3.2507255
2.2074065 2.4160185 2.4160185 2.4160185 2.4160185 2.361744 2.4019556 2.4019556 2.4019556 2.4019556 2.1542206 2.4019556 2.4019556 2.4019556 2.4019556 2.1542206 2.4019556 2.4019556 2.1542206 2.401956 2.401956 2.401956 2.401956 2.401956 2.401956 2.154221 2.401956 2.401956 2.154221 2.154221 2.401956 2.154221 2.4019566 2.4019566 2.4019566 2.401957 2.401957 2.401957 2.401957 2.1542215 2.401957 2.4019575 2.4019575 2.4019575 2.4019575 2.154222 2.4019575 2.4019575 2.4019575 2.4019575 2.4019575 2.4019575 2.459027 2.519448 2.0692282 1.856131 1.9860455 1.986045 1.7664574
2.2073827 2.4159937 2.4159937 2.4159937 2.2073827 2.3617196 2.4019313 2.4019313 2.4019313 2.1541967 2.4019313 2.1541967 2.4019313 2.4019313 2.4019313 2.4019313 2.4019313 2.4019313 2.4019318 2.4019318 2.4019318 2.4019318 2.4019318 2.4019318 2.4019318 2.4019318 2.4019318 2.4019318 2.4019318 2.1541972 2.4019322 2.4019322 2.4019322 2.4019322 2.4019322 2.4019327 2.1541982 2.4019327 2.4019327 2.4019332 2.4019332 2.4019332 2.4019332 2.4019332 2.4019332 2.4019332 2.4019337 2.4019337 2.4019337 2.4019337 2.4019337 2.4019337 2.4019337 2.4590046 2.0040503 2.0711007 1.8561109 1.9174875 1.7664438
2.2073598 2.4159703 2.4159708 2.2073603 2.4159708 2.3616896 2.1541681 2.4019022 2.4019022 2.4019022 2.4019027 2.4019046 2.4019046 2.1541705 2.4019046 2.154171 2.401905 2.401905 2.401905 2.401906 2.401906 2.154172 2.401906 2.401906 2.1541724 2.4019065 2.4019065 2.4019065 2.1541724 2.4019065 2.4019065 2.401908 2.401908 2.1541739 2.401908 2.401908 2.401908 2.1541739 2.401908 2.1541739 2.401908 2.1541739 2.401908 2.4019094 2.4019094 2.4019094 2.1541753 2.4019094 2.4019094 2.4019094 2.4019094 2.4019094 2.4019094 2.4019094 2.4589818 2.3773522 2.3773522 1.8718578 1.7664293
2.207336 2.415946 2.415946 2.415946 2.415946 2.3616648 2.401877 2.401877 2.401877 2.401877 2.4018779 2.4018788 2.4018788 2.4018788 2.4018788 2.4018788 2.4018788 2.4018788 2.4018788 2.4018788 2.4018788 2.4018788 2.4018788 2.4018793 2.4018793 2.4018793 2.4018793 2.4018793 2.4018793 2.4018793 2.4018793 2.4018803 2.4018803 2.4018803 2.4018803 2.4018803 2.4018803 2.4018803 2.4018803 2.4018803 2.4018803 2.4018803 2.4018803 2.4018803 2.4018803 2.4018812 2.4018812 2.4018812 2.4018812 2.4018826 2.4018826 2.4018826 2.4018826 2.4018831 2.4018831 2.4018831 2.6645606 2.3773408 2.1109178
