Export/ASCII/RMeteo_SP_inch/impervious0/net_infiltration_2014_SP2_inch.asc
ncols         660
nrows         338
xllcorner     1476100.0
yllcorner     5017100.0
cellsize      100
NODATA_value  -9.9000000089461e-20
[rows 78 to 103 of 338, columns 413 to 471 of 660]
0.72645426 0.06862387 0.06862387 0.06862387 0.06862384 0.06862384 0.06862384 0.06862384 0.4839749 0.06862384 0.06862384 0.06862384 0.48397484 0.48397484 0.48397484 0.726454 0.06862384 0.06862384 0.06862384 0.06862384 0.06862384 0.06862384 0.06862384 0.06862384 0.14531715 0.14531715 0.14531715 0.14531715 0.14531715 2.5804124 2.5804124 0.14531715 0.14531715 0.068623796 0.068623796 0.068623796 0.14531712 2.6682742 0.14531712 0.48397467 0.48397467 0.48397467 0.068623796 0.068623796 0.068623796 0.068623796 0.1453171 0.8015352 0.8015352 0.8015352 0.48397443 0.48397443 0.8015352 0.14531708 0.14531708 0.14531708 0.8015352 0.8015352 0.80153507
0.0686232 0.0686232 0.0686232 0.0686232 0.0686232 0.0686232 0.0686232 0.0686232 0.0686232 0.0686232 0.06862318 0.06862318 0.48397222 0.06862318 0.48397213 0.48397213 0.06862318 0.06862318 0.06862318 0.48397222 0.06862318 0.06862318 0.7264508 0.06862318 0.14531644 0.14531644 0.14531644 0.14531644 1.6225446 1.6225446 0.14531644 0.14531644 0.14531644 0.06862313 0.06862313 0.06862313 0.1453164 2.4432578 0.8015325 0.48397213 0.48397213 0.48397213 0.48397213 0.48397213 0.06862313 0.06862313 0.06862313 0.06862313 0.8015323 0.8015323 0.48397204 0.48397204 0.8015323 2.5804021 2.5804021 2.5804021 0.8015323 0.8015323 2.5804021
0.06862256 0.06862256 0.06862256 0.06862256 0.06862256 0.06862256 0.48396984 0.06862256 0.06862256 0.06862256 0.06862256 0.06862256 0.06862256 0.06862256 0.06862256 0.48396984 0.06862256 0.06862256 0.48396984 0.48396984 0.48396975 0.7264477 0.7264477 0.14531577 0.14531577 0.14531577 0.14531577 1.1109114 1.1109114 1.6225384 0.14531575 0.14531575 0.14531575 0.14531574 0.068622515 0.068622515 0.068622515 0.48396963 0.48396963 0.48396963 0.48396963 0.48396963 0.48396963 0.48396963 0.068622515 0.068622515 0.068622515 0.48396963 0.8015297 0.8015297 0.48396963 0.8015297 0.8015297 2.5803938 2.5803938 2.5803936 2.5803936 2.5803936 1.6768773
0.06862194 0.06862194 0.06862194 0.06862194 0.06862194 0.06862192 0.48396719 0.48396719 0.48396719 0.48396719 0.48396719 0.06862192 0.06862192 0.06862192 0.06862192 0.06862192 0.06862192 0.06862192 0.06862192 0.7264445 0.7264445 0.06862192 0.7264445 0.14531504 0.14531504 0.80152714 0.80152714 1.1109061 1.1109061 1.1109061 1.6225336 1.6225336 0.14531504 0.14531504 0.06862189 0.06862189 0.06862189 0.06862189 0.483967 0.483967 0.483967 0.483967 0.483967 0.483967 0.06862187 0.06862187 0.483967 0.483967 0.483967 0.483967 0.8015268 0.8015268 0.8015268 2.5803845 2.5803845 0.8015268 0.8015268 0.8015268 2.5803843
0.06862129 0.06862129 0.06862129 0.06862129 0.06862129 0.06862129 0.06862129 0.48396462 0.48396462 0.48396462 1.7763119 0.06862127 0.06862127 0.06862127 0.06862127 0.06862127 0.06862127 0.06862127 1.7763116 0.72644126 0.06862127 0.06862127 0.06862127 0.14531437 0.14531437 0.48396462 0.8015242 1.6225276 1.1109011 1.1109011 1.1109011 1.6225272 0.14531434 0.14531434 0.06862127 0.06862127 0.06862127 0.06862127 0.06862127 0.48396462 0.57443815 0.48396462 0.48396462 0.06862127 0.06862127 0.48396462 0.48396462 0.48396462 0.48396462 0.48396462 0.8015239 0.8015239 2.4837575 2.5803764 0.80152386 0.80152386 0.80152386 0.80152386 2.5803761
0.068620674 0.068620674 0.068620674 0.068620645 0.068620645 0.068620645 0.068620645 0.068620645 0.068620645 0.068620645 0.07001048 0.068620645 0.068620645 0.48396215 0.068620645 0.068620645 0.068620645 0.06862062 1.7763016 0.06862062 0.06862062 0.48396215 0.48396215 0.48396215 0.48396215 0.48396215 0.8015214 0.8015214 0.8015214 1.6225218 1.6225218 0.14531367 0.06862062 0.06862062 0.06862062 0.06862062 0.06862062 0.06862062 0.06862062 0.48396197 0.48396197 0.48396203 0.48396203 0.48396203 0.48396203 0.48396203 0.48396203 0.48396203 0.48396203 0.8015214 0.8015214 0.8015214 1.081913 0.8015213 0.80152124 0.14531358 0.14531356 2.580367 1.0819128
0.068620056 0.068620056 0.068620056 0.068620056 0.068620056 0.068620056 0.068620056 0.068620056 0.48395965 1.7762921 0.068620056 0.068620056 0.068620056 0.48395965 0.48395965 0.068620056 1.7762918 0.068620056 0.48395965 0.068620056 0.48395953 0.48395953 0.48395953 0.48395944 0.48395944 0.48395944 0.48395944 0.8015187 0.8015187 1.6225162 1.6225162 0.14531294 0.14531294 0.06861998 0.06861998 0.06861998 0.06861998 0.06861998 0.06861998 0.48395935 0.48395935 0.48395935 0.48395935 0.48395935 0.48395935 0.48395935 0.48395935 0.48395935 0.48395935 0.8015185 0.14531289 1.0819094 1.0819093 0.8015184 0.06861996 0.06861996 0.06861996 2.5803585 1.0819092
0.068619415 0.068619415 0.068619415 0.068619415 0.068619415 0.068619415 0.068619415 0.068619415 0.068619415 0.068619415 0.068619415 0.068619415 0.068619415 0.48395717 0.48395717 1.7762811 1.7762811 0.48395717 0.48395717 0.48395717 0.48395717 0.48395717 0.48395717 0.48395717 0.48395717 0.48395705 0.48395705 0.8015158 2.4837346 1.1108854 1.6225106 0.1453122 0.1453122 0.1453122 0.06861936 0.06861936 0.06861936 0.06861936 0.06861936 0.48395705 0.48395705 0.48395705 0.48395705 0.48395705 0.06861934 0.48395696 0.48395696 0.48395696 0.48395696 0.48395687 0.1453122 0.1453122 1.0819058 0.48395687 0.06861932 0.06861932 0.06861932 2.5803492 1.0819058
0.06861879 0.06861877 0.06861877 0.06861877 0.06861877 0.06861877 0.06861877 0.48395467 0.06861877 0.06861877 1.7762718 0.06861877 0.06861877 0.06861877 0.48395467 0.06861877 1.7762718 0.48395467 0.48395467 0.48395467 0.48395467 0.06861877 0.06861877 0.48395467 0.48395467 0.4839546 0.4839546 0.8015131 2.4837263 1.1108803 1.6225054 0.14531152 0.14531152 0.14531152 0.14531152 0.068618745 0.06861872 0.06861872 0.06861872 0.4839545 0.4839545 0.4839545 0.4839545 0.4839545 0.06861872 0.4839545 0.4839545 0.4839545 0.4839545 0.80151296 0.14531146 0.14531146 0.80151296 0.14531146 0.14531146 0.06861867 0.06861867 0.8015127 0.8015127
0.06861815 0.06861815 0.06861815 0.06861815 0.068618126 0.068618126 0.48395213 0.48395213 0.48395213 0.068618126 0.0686181 0.0686181 0.0686181 0.0686181 0.0686181 0.0686181 0.0686181 0.48395205 0.48395205 0.48395205 0.48395205 0.48395205 0.48395205 0.48395205 0.48395193 0.48395193 0.48395193 0.80151016 2.483719 2.483719 1.6224996 2.483719 2.483719 0.14531082 0.14531082 0.14531082 0.14531082 0.48395184 0.48395184 0.48395184 0.48395184 0.48395184 0.48395175 0.48395175 0.06861803 0.06861803 0.06861803 0.48395175 0.48395175 0.80151 2.580332 0.80151 0.80151 0.06861803 0.06861803 0.06861803 0.06861803 0.48395175 0.48395175
0.0686175 0.0686175 0.0686175 0.0686175 0.0686175 0.0686175 0.48394945 0.48394945 0.06861748 0.06861748 0.06861748 0.06861748 0.06861748 0.06861748 0.06861748 0.06861748 0.06861748 0.06861748 0.48394945 0.48394945 0.48394945 0.48394945 0.48394945 0.48394945 0.48394945 0.48394945 0.06861748 0.1453101 2.483711 2.483711 2.483711 2.483711 2.4837108 0.1453101 0.1453101 0.1453101 0.80150723 0.48394924 0.48394924 0.48394924 0.48394924 0.48394924 0.48394918 0.06861743 0.06861743 0.06861743 0.06861741 0.48394918 0.8015071 0.8015071 0.8015071 0.48394918 0.48394918 0.48394918 0.06861741 0.06861741 0.06861741 0.48394918 0.48394918
0.06861691 0.06861691 0.06861691 0.06861691 0.06861691 0.06861691 0.48394704 0.48394704 0.06861691 0.06861688 0.06861688 0.48394695 0.48394695 0.06861688 0.06861688 0.06861688 0.06861684 0.06861684 0.06861684 0.48394668 0.48394668 0.48394668 0.48394677 0.48394677 0.48394677 0.48394677 0.48394677 0.14530945 2.4837031 0.14530945 0.14530945 0.14530945 2.4837031 0.14530945 0.1453094 0.80150443 0.48394668 0.48394668 0.48394668 0.48394668 0.48394668 0.48394668 0.48394668 0.068616815 0.068616815 0.068616815 0.48394668 0.48394647 0.8015044 0.8015044 0.48394647 0.48394647 0.48394647 0.48394647 0.06861676 0.06861676 0.06861676 0.8015043 0.8015043
0.06861626 0.06861626 0.48394448 0.06861622 0.06861622 0.06861622 0.4839444 0.4839444 0.06861622 0.06861622 0.06861622 0.4839444 0.4839444 0.4839444 0.0686162 0.0686162 0.0686162 0.0686162 0.0686162 0.4839444 0.4839444 0.4839444 0.4839444 0.4839444 0.80150175 0.4839444 0.4839444 0.8015017 2.4836957 0.14530872 0.0686162 0.14530872 0.14530872 0.14530872 0.14530872 0.4839442 0.4839442 0.4839442 0.0686162 0.0686162 0.0686162 0.06861617 0.06861617 0.06861617 0.06861617 0.06861617 0.06861617 0.06861617 0.4839441 0.4839441 0.4839441 0.4839441 0.06861617 0.483944 0.483944 0.18445879 0.14530863 0.80150145 0.80150145
0.068615615 0.068615615 0.068615615 0.068615615 0.068615615 0.068615615 0.483942 0.483942 0.48394188 0.0686156 0.0686156 0.4839418 0.4839418 0.06861557 0.4839418 0.4839418 0.8014989 0.8014989 0.8014989 0.8014989 0.8014989 0.8014989 0.8014989 0.8014989 0.8014989 0.4839417 0.4839417 0.8014989 0.145308 0.145308 0.06861555 0.06861555 0.145308 0.145308 0.4839417 0.4839417 0.4839417 0.06861555 0.06861555 0.06861555 0.06861555 0.06861555 0.06861555 0.06861555 0.06861555 0.06861555 0.06861555 0.06861555 1.7762201 0.4839417 0.4839417 0.4839417 0.4839417 0.4839417 0.80149865 0.80149865 2.4836867 2.4836867 2.4836867
0.068614975 0.068614975 0.068614975 0.068614975 0.068614975 0.48393944 0.48393944 0.48393944 0.48393944 0.068614975 0.068614975 0.068614975 0.068614975 0.068614975 0.48393935 0.48393935 0.80149615 0.80149615 0.8014962 0.80149615 2.4836795 0.8014961 0.8014961 0.8014961 0.8014961 0.48393935 0.80149597 0.80149597 0.80149597 0.14530732 0.06861493 0.06861493 0.14530732 0.8014959 0.48393926 0.48393926 0.48393917 0.06861493 0.06861493 0.06861493 0.0686149 0.0686149 0.0686149 0.0686149 0.0686149 0.0686149 0.0686149 0.0686149 1.7762108 0.068614885 0.48393917 0.48393917 0.48393917 0.48393917 0.8014958 0.8014958 2.4836795 1.6224709 2.4836795
0.068614334 0.068614334 0.068614334 0.068614334 0.068614334 0.068614334 0.068614334 0.068614334 0.48393673 0.48393673 0.48393673 0.068614334 0.068614334 0.068614334 0.48393667 0.48393667 0.8014934 0.8014934 0.8014933 0.8014933 0.8014933 0.8014933 0.8014933 0.8014933 0.8014933 0.8014933 0.80149317 1.081878 2.4836721 0.14530662 0.06861428 0.06861428 0.06861428 0.48393667 0.48393667 0.48393667 0.06861428 0.06861428 0.06861428 0.06861428 0.06861428 0.06861428 0.06861428 0.06861428 0.06861428 0.06861426 0.06861424 0.06861424 0.06861424 0.06861424 0.4839366 0.4839366 0.4839366 0.4839366 0.8014929 0.8014929 0.8014929 2.483671 0.8014929
0.068613686 0.068613686 0.068613686 0.068613686 0.068613686 0.06861366 0.06861366 0.06861366 0.48393437 0.48393437 0.48393437 0.48393425 0.06861366 0.09056036 0.48393425 0.48393416 0.48393407 0.48393407 0.48393407 0.48393407 0.5290615 0.80149055 0.80149055 0.8014905 0.8014905 0.8014905 0.7264031 0.14530593 0.14530593 0.06861362 0.06861362 0.06861362 0.06861362 0.48393407 0.48393407 0.48393407 0.06861362 0.06861362 0.06861362 0.06861362 0.06861362 0.06861362 0.06861362 0.06861362 0.06861362 0.06861362 0.06861362 0.483934 0.06861362 0.483934 0.483934 0.483934 0.483934 0.483934 0.483934 0.8014902 0.8014902 2.4431248 0.8014901
0.06861311 0.06861311 0.06861311 0.06861309 0.06861309 0.06861309 0.06861309 0.06861309 0.06861309 0.72640014 1.7761817 0.06861309 0.06861309 0.06861309 0.48393178 0.48393178 0.48393178 0.48393178 0.4839316 0.4839316 0.06861307 0.80148774 0.80148774 0.80148774 0.80148774 0.80148774 0.7263999 0.068613 0.068613 0.068613 0.068613 0.068613 0.068613 0.068613 0.068613 0.068613 0.068613 0.068613 0.068613 0.068613 0.068613 0.068613 0.068613 0.068613 0.068613 0.068613 0.068613 0.48393142 0.068613 0.48393142 0.48393142 0.48393142 0.48393142 0.48393142 0.8014875 0.8014875 2.1601133 1.622454 1.622454
0.06861245 0.06861245 0.06861245 0.06861245 0.06861245 0.06861245 0.06861245 0.06861245 0.06861245 0.06861245 0.06861245 0.06861243 0.06861243 0.06861243 0.4839293 0.48392925 0.48392925 0.06861243 0.48392925 0.48392925 0.48392925 0.48392913 0.8014848 0.8014848 0.8014848 0.8014848 0.14530453 0.14530453 0.14530453 0.14530453 0.0686124 0.0686124 0.0686124 0.0686124 0.0686124 0.0686124 0.0686124 0.0686124 0.0686124 0.0686124 0.0686124 0.0686124 0.0686124 0.14530447 0.14530447 0.14530447 0.06861235 0.06861235 0.06861235 0.06861235 0.14530443 0.14530443 0.14530443 0.8014848 0.8014847 1.081867 2.4836483 1.6224486 1.6224486
0.06861178 0.06861178 0.06861178 0.06861178 0.06861178 0.06861178 0.14530386 0.14530385 0.14530385 0.06861178 0.06861178 0.06861178 0.06861178 0.06861178 0.48392686 0.7263938 0.48392677 0.068611756 0.48392677 0.48392677 0.48392677 0.48392677 0.48392656 0.8014822 1.081864 1.081864 1.081864 0.14530379 0.14530379 0.14530379 0.068611726 0.068611726 0.068611726 0.068611726 0.068611726 0.068611726 0.48392656 0.068611726 0.068611726 0.068611726 0.068611726 0.068611726 0.068611726 0.14530376 0.14530374 0.14530374 0.068611726 0.068611726 0.14530373 0.14530373 0.14530373 0.14530373 0.14530373 0.0 1.0818634 1.0818634 2.4836402 1.6224426 1.6224426
0.48392415 0.48392415 0.068611205 0.068611205 0.068611205 0.068611205 0.14530319 0.14530317 0.14530316 0.068611205 0.068611205 0.068611205 0.068611205 0.068611205 0.4839241 0.4839241 0.4839241 0.4839241 0.4839241 0.48392397 0.48392397 0.48392397 0.80147934 0.80147934 1.0818605 0.14530315 0.14530315 0.06861114 0.14530315 0.14530315 0.14530313 0.068611115 0.068611115 0.068611115 0.068611115 0.068611115 0.4839238 0.068611115 0.068611115 0.068611115 0.068611115 0.068611115 0.068611115 0.14530304 0.8014792 0.48392367 0.068611085 0.068611085 0.14530303 0.14530303 0.14530303 0.068611085 0.14530303 2.580235 2.580235 2.4836318 2.4836318 1.6224371 1.6224371
0.06861054 0.06861054 0.06861054 0.06861054 0.06861054 0.14530246 0.14530246 0.14530246 0.14530246 0.14530246 0.06861054 0.06861054 0.06861054 0.06861054 0.48392168 0.48392168 0.48392168 0.8014765 0.8014765 0.8014765 0.8014765 0.80147636 0.80147636 1.081857 2.443081 0.14530241 0.06861054 0.06861054 0.14530241 2.443081 0.14530239 0.06861052 0.06861047 0.068610445 0.068610415 0.4839212 0.4839212 0.4839212 0.068610415 0.068610415 0.068610415 0.068610415 0.068610415 0.14530239 0.8014763 0.8014763 0.068610415 0.068610415 0.14530234 2.4836245 0.14530234 0.068610415 0.14530234 2.5802257 0.8014761 0.8014761 2.4836245 2.4836245 1.6224313
0.06860992 0.06860992 0.06860987 0.06860987 0.06860987 0.06860987 0.4839191 0.4839191 0.8014739 0.14530173 0.14530173 0.14530173 0.06860987 0.06860987 0.06860987 0.4839191 0.4839191 0.80147374 2.4836178 2.4836178 2.4836178 1.0818534 1.0818534 2.4836175 2.580218 0.1453017 0.06860985 0.1453017 0.1453017 2.4430723 0.1453017 0.06860985 0.06860985 0.06860985 0.068609826 0.48391873 0.48391873 0.06860978 0.06860978 0.06860978 0.06860978 0.14530167 0.14530167 0.14530167 0.8014735 0.8014735 0.8014735 0.06860978 0.14530163 2.4836166 0.14530163 0.06860976 0.06860976 0.80147326 0.80147326 0.80147326 0.80147326 0.80147326 0.80147326
0.068609305 0.068609305 0.068609305 0.068609305 0.068609305 0.06860928 0.06860928 0.48391646 0.8014708 1.0818498 0.14530103 0.14530103 0.14530103 0.14530103 0.14530103 0.14530103 0.14530103 0.14530101 0.145301 0.145301 2.4836097 0.145301 2.4836094 2.4836094 2.4836094 0.145301 0.06860925 0.145301 1.0818496 1.0818496 0.14530098 0.06860925 0.06860925 0.06860925 0.06860923 0.48391622 0.8014705 0.14530097 0.14530097 0.14530097 0.14530097 0.14530095 0.14530095 0.14530095 0.14530095 0.14530095 0.80147046 0.80147046 0.48391604 0.48391604 0.48391604 0.48391604 1.77612 0.48391604 0.48391604 0.8014704 0.8014704 0.8014704 0.8014704
0.068608634 0.068608634 0.068608634 0.068608634 0.068608634 0.068608634 0.068608634 0.48391417 0.8014682 2.4836023 2.483602 0.8014682 0.8014682 0.14530033 0.14530033 0.14530033 0.14530033 0.14530033 0.14530033 0.14530033 0.14530031 0.14530031 0.1453003 2.4836018 2.4836018 0.1453003 0.1453003 2.1600702 1.081846 1.081846 0.14530028 0.14530028 0.06860856 0.06860856 0.14530027 0.80146784 0.80146784 0.14530025 0.80146784 0.80146784 0.80146784 0.14530025 0.14530025 0.14530025 0.14530025 0.14530025 0.14530025 0.8014678 0.57438725 0.4839139 0.4839139 0.4839139 1.7761102 0.4839138 0.8014677 0.8014677 2.5801995 2.8782475 2.5801995
0.06860794 0.06860794 0.06860794 0.06860794 0.06860794 0.14529964 0.8014654 0.48391137 0.8014654 0.8014654 2.483594 2.483594 2.483594 0.14529964 0.14529964 0.14529964 0.14529964 0.06860794 0.14529964 0.14529964 0.14529964 0.14529961 0.14529961 0.8014653 1.0818428 1.0818428 2.5801911 1.0818428 2.580191 1.0818428 0.1452996 0.18444964 0.06860794 0.06860794 0.1452996 0.1452996 0.1452996 2.580191 0.8014652 0.8014652 0.0 0.0 0.14529958 0.14529958 0.14529958 0.14529958 0.8014652 0.14529958 0.0686079 0.0686079 0.0686079 1.7761006 1.7761006 2.4835937 2.4835937 2.5801904 0.80146486 0.80146474 0.80146474
