Export/ASCII/RMeteo_SP_inch/impervious0/net_infiltration_2015_SP1_inch.asc
ncols         660
nrows         338
xllcorner     1476100.0
yllcorner     5017100.0
cellsize      100
NODATA_value  -9.9000000089461e-20
[rows 0 to 26 of 338, columns 180 to 239 of 660]
1.655306 1.2879463 0.24590398 0.24590398 0.34593698 2.155684 2.155684 0.34593698 0.34593698 0.34593698 0.24590401 0.24590401 0.34593698 2.155684 2.155684 0.34593698 1.655306 1.655306 1.287947 1.655306 1.655306 1.287947 1.655306 1.655306 1.655306 1.655306 0.34593698 0.34593698 0.34593698 0.34593698 0.24590407 0.24590407 0.34593698 0.34593704 4.264119 4.264119 4.264119 4.264119 4.264119 4.264119 4.264119 4.264119 4.167351 4.167351 4.264119 4.264119 4.264119 4.264119 4.264119 2.1556842 2.1556842 1.6553061 1.6553061 1.6553061 1.6553061 1.6553061 0.34593704 0.24590413 0.24590413 0.24938273
1.655292 1.2879205 0.24589764 1.2879205 4.6247015 2.155666 2.1556664 4.264088 2.1556664 2.1556664 0.41040793 0.24589767 0.34593353 0.34593353 0.34593353 0.34593353 1.655292 1.6552922 1.287921 1.6552922 1.6552922 1.6552922 1.6552922 1.6552922 1.6552922 4.264088 0.34593356 0.34593356 0.34593356 0.24589776 0.24589776 0.24589776 0.34593356 4.264088 4.264088 4.264088 4.264088 4.264088 4.264088 4.264088 4.264088 4.264088 4.16732 4.16732 4.264088 4.264088 4.1673203 4.264088 4.264088 4.264088 4.264088 4.264088 1.6552923 1.6552923 1.6552923 1.6552923 0.34593356 0.24589776 0.24589776 0.24937615
4.6246567 1.6552776 1.6049868 1.2878945 1.2878945 0.34592998 3.8994193 4.2640576 2.1980846 2.155649 0.34592998 0.34592998 0.34592998 4.2640576 0.34592998 0.34592998 4.2640576 1.6552777 1.6552777 1.6552777 1.6552777 1.6552777 4.2640576 4.2640576 4.167288 4.167288 0.34593 0.34593 0.34593 0.34593 0.24589136 0.24589136 0.24589138 3.1130784 4.2640576 4.2640576 4.2640576 4.2640576 4.2640576 4.2640576 4.2640576 4.2640576 4.2640576 4.2640576 4.2640576 4.2640576 4.1672883 4.1672883 4.2640576 4.2640576 4.2640576 2.1556492 4.2640576 4.2640576 1.6552778 1.6552778 0.24589144 0.24589144 0.24589144 0.24936946
1.6552634 1.6552634 1.2878687 0.24588488 0.24588488 0.34592646 0.34592646 0.34592646 0.34592646 4.264027 0.34592646 0.34592646 4.264027 2.155631 2.155631 4.264027 4.264027 1.6552635 1.6552635 4.264027 4.264027 4.264027 4.264027 4.264027 2.155631 4.1672573 4.264027 0.34592652 0.34592652 0.34592652 0.34592652 2.634475 2.634475 3.1130533 3.1130533 4.264027 4.264027 4.264027 4.264027 4.264027 4.264027 4.264027 4.264027 4.2640276 4.2640276 4.2640276 4.2640276 4.1672573 4.2640276 4.2640276 4.2640276 0.34592655 0.34592655 1.6552639 1.6552639 1.2878692 1.2878692 1.2878692 1.2878692 1.3021069
1.41477 1.2878426 1.2878426 0.2458785 0.2458785 3.8993537 3.8993537 0.34592292 1.6552494 1.6552494 4.263996 4.263996 4.263996 2.1556134 2.1556134 4.263996 4.263996 4.263996 4.263996 4.263996 4.263996 4.263996 4.263996 4.263996 2.155614 2.155614 4.263996 4.263996 0.34592295 0.34592295 4.62457 3.1130292 2.6344306 2.6344306 3.1130292 4.263996 4.263996 4.263996 4.263996 4.263996 4.263996 3.8993542 3.8993542 3.8993542 4.2639966 4.2639966 4.1672263 4.1672263 2.155614 2.155614 4.2639966 1.6552497 1.6552497 2.155614 1.6552497 1.6552497 1.2878435 1.2878435 1.6552497 1.666664
0.24587217 1.2878171 1.2878171 1.6049093 1.2878171 1.2878171 3.899322 1.6552355 1.2878171 1.2878171 1.6552947 2.1555958 4.2639666 4.2639666 4.2639666 4.2639666 4.2639666 4.2639666 4.2639666 4.2639666 4.2639666 4.2639666 4.2639675 4.2639675 1.6552355 1.6552355 4.2639675 4.2639675 4.2639675 0.3459194 4.624525 4.624525 3.8889701 3.1130047 3.1130047 4.2639675 3.899322 3.899322 4.2639675 4.2639675 4.2639675 4.2639675 3.899322 3.899322 4.2639675 2.1555963 2.1555963 4.1671953 2.1555963 2.1555963 2.1555963 1.6552356 1.6552356 2.1555963 2.1555963 1.6552356 1.6552356 1.6552356 1.6552356 1.666649
0.24586579 1.2877911 1.2877911 1.2877911 1.2877911 1.2877914 3.8992891 1.6552213 1.6552213 1.2877914 1.2877914 1.6552215 2.1555784 2.1555784 4.2639356 4.2639356 4.2639356 4.2639356 4.2639356 4.2639356 4.2639356 4.2639356 4.2639356 4.2639356 1.6552215 1.6552215 4.2639356 4.2639356 4.2639356 4.2639356 4.624481 4.624481 3.8889248 4.084257 3.89929 4.2639356 4.2639356 3.89929 3.89929 3.89929 4.2639356 4.2639356 3.89929 3.89929 4.2639356 2.1555786 4.2639356 1.6552216 1.6552216 4.2639356 2.1555786 4.2639356 4.2639356 4.2639356 4.2639356 4.167163 0.3459159 1.6552216 1.6552216 4.279294
1.2877653 3.7521584 3.3496778 1.2877653 1.2877653 0.24585937 3.8992565 0.3459123 0.24585937 1.2877653 1.2877653 1.6552072 1.6552072 2.1555605 2.1556563 4.263905 4.263905 4.263905 4.263905 4.263905 4.167132 4.167132 0.34591234 0.34591234 4.2639055 4.2639055 4.2639055 4.2639055 4.2639055 4.2639055 4.6244364 4.6244364 4.084203 3.8992572 3.8992572 4.2639055 3.8992572 3.8992572 3.8992572 4.2639055 4.2639055 1.6552073 4.2639055 4.2639055 4.2639055 2.155561 2.155561 1.6552073 1.6552073 4.2639055 4.2639055 4.2639055 4.1671324 4.1671324 4.2639055 4.2639055 1.6552073 1.6552073 0.34591237 0.34852853
1.4128313 1.2877392 3.349626 1.2877392 1.2877392 0.245853 3.8992236 3.8992236 1.2877392 1.2877392 1.2877392 1.2877392 1.655193 1.655193 2.1555429 2.155543 2.155543 4.263875 4.263875 4.263875 4.167101 2.1555433 0.34590885 0.34590885 4.263875 4.263875 4.263875 4.263875 4.263875 4.263875 4.263875 4.263875 3.8992236 4.541132 4.541132 4.263875 3.8992236 3.8992236 3.8992236 4.263875 4.263875 1.6551933 1.6551933 4.263875 4.263875 2.1555436 2.1555436 4.1671014 4.541132 4.541132 4.263875 4.263875 2.1555436 2.1555436 4.263875 0.3459089 1.6551933 1.6551933 0.3459089 0.34852487
3.8887866 0.24584658 0.2547729 1.2877132 1.2877133 1.6551787 3.8991904 0.3459052 1.2877133 1.2877135 1.4146408 1.2877135 1.2877135 1.6551787 1.6551787 2.1555252 0.34590524 0.34590524 0.34590524 4.2638445 4.2638445 2.1555252 4.2638445 4.2638445 1.655179 1.655179 0.34590527 4.2638445 4.2638445 4.2638445 4.2638445 0.34590527 0.34590527 4.541091 4.541091 3.8991916 3.8991916 3.8991916 3.8991916 3.8991919 4.2638445 1.6551794 1.6551794 4.2638445 4.2638445 4.2638445 4.541091 4.541091 4.541091 4.541091 4.2638445 4.2638445 2.1555257 2.1555257 0.3459053 0.3459053 0.3459053 0.3459053 0.3459053 0.34852114
4.08661 0.24584031 0.24584031 1.2876875 1.2876875 1.2876875 3.899159 0.34590173 1.6551646 1.2876877 1.2876877 1.6551647 1.6551647 1.6551647 1.6551647 2.1555076 0.34590173 0.34590173 0.34590173 0.34590173 4.263813 1.6551647 1.6551647 1.6551647 1.6551647 1.6551647 0.34590173 4.263813 1.6551647 1.6551647 4.263813 0.34590173 0.34590173 0.34590173 4.541051 3.8991594 3.8991594 3.8991594 4.624303 4.624303 4.624303 4.263814 4.263814 4.263814 4.263814 4.263814 4.263814 4.541051 4.167039 4.541051 4.263814 4.263814 4.263814 0.34590176 0.34590176 0.24584037 0.24584037 0.24584037 0.34590176 0.34851736
1.2876614 1.2876614 0.24583389 1.2876614 1.2876618 1.2876618 3.899126 4.624258 1.6551507 1.287662 1.6551508 1.6551508 0.34589818 1.6551508 1.6551509 0.34589818 1.6551509 1.6551509 1.6551509 1.6551509 1.655151 1.655151 1.2876621 1.2876621 1.655151 1.655151 4.2637825 1.655151 1.6551511 1.6551511 1.6551511 0.34589827 0.34589827 0.34589827 0.34589827 3.8991277 3.8991277 3.8991277 4.62426 4.62426 4.62426 4.62426 4.2637825 4.2637825 4.2637825 4.2637825 4.2637825 4.1670074 4.1670074 4.1670074 4.2637825 0.3458983 0.3458983 0.3458983 0.3458983 0.3458983 0.24583414 0.24583414 0.24583414 0.3485136
0.24582754 1.2876357 0.24582754 0.26411375 0.24582759 0.24582759 4.624215 4.624215 1.2876359 2.1554723 2.1554723 0.34589463 0.34589463 0.34589463 0.34589463 0.34589463 1.6551366 1.2876362 1.2876362 1.2876362 1.2876362 1.2876362 1.2876362 1.6551366 1.6551366 1.6551366 1.6551366 1.6551366 1.2876362 1.6551366 1.6551366 0.34589466 0.34589466 0.34589466 0.34589466 3.899095 3.899095 3.8990953 3.8990953 4.624215 4.624215 4.624215 3.8990953 3.8990953 4.1669765 4.1669765 4.263752 4.1669765 4.1669765 4.1669765 4.263752 0.3458947 0.3458947 0.3458947 0.3458947 0.3458947 0.3458947 0.3458947 0.3458947 0.34850988
1.2009269 1.2009269 1.2009269 0.23712918 0.23712918 0.3367028 0.3367028 4.191725 1.9865661 1.9865661 1.9865661 0.3421844 1.5520241 1.5520241 1.5520241 0.3367028 1.5520241 1.5520241 1.5520241 1.2009273 1.2009274 1.2009274 1.2009274 0.33670285 4.1917253 1.5520246 1.5520246 1.5520246 1.2009274 0.33670285 0.33670285 0.33670285 0.33670285 0.33670285 0.33670285 3.47169 3.47169 3.8499968 3.4716902 4.1917257 4.1917257 3.4716902 3.4716902 3.8499968 3.8320708 3.8320708 3.8499968 3.8499968 3.8320708 3.8320708 4.1176367 3.8499968 3.8499968 3.8499968 4.1917257 0.33670288 0.33670288 0.33670288 0.33670288 0.35697508
1.2009027 1.2009027 1.2009027 0.23712316 0.33669955 0.33669955 0.33669955 4.191688 1.9865501 1.9865501 0.33669955 1.5520114 1.2009029 1.5520114 1.5520114 2.825344 2.825344 1.5520114 1.5520114 1.5520115 1.2009029 1.2009029 1.2009029 1.2009029 0.23712316 1.5520115 1.2009029 0.23712316 0.23712316 0.23712316 0.23712316 0.3366996 0.3366996 0.3366996 1.9865503 3.4716606 2.825344 2.825344 2.825344 3.4716606 3.4716606 3.4716606 3.8499656 3.8499656 3.8499656 3.8499656 3.8499656 3.8499656 4.1176033 4.1176033 1.552012 1.552012 3.8499656 3.8499656 3.8499656 3.8499656 0.33669972 0.33669972 0.33669972 0.35697162
1.2008783 1.2008783 0.23711699 0.23711699 0.33669642 0.33669642 4.1916504 4.1916504 1.2008783 0.33669642 0.33669642 1.2008783 1.2008783 1.2008784 1.5519987 1.5519987 2.825321 1.5519987 1.5519987 1.5519989 1.2008784 0.23711707 1.2008784 1.2008784 1.2008784 1.2008784 1.2008787 1.2008787 0.23711714 0.23711714 0.23711714 0.23711714 0.3366965 0.3366965 1.9865341 3.4716308 2.825321 2.825321 2.825321 2.825321 2.825321 2.825321 3.8499348 3.8499348 3.8499348 3.8499348 4.117569 4.117569 3.8499348 1.5519989 1.5519989 1.5519989 3.8499348 3.8499348 3.8499348 3.8499348 4.191652 0.3366965 0.3366965 0.35696808
1.2008542 1.2008542 0.23711094 0.23711097 0.23711097 0.33669323 0.33669323 0.33669323 0.237111 0.237111 1.2008543 1.2008543 1.2008543 1.2008544 1.2008544 1.551986 1.551986 1.551986 1.551986 1.2008544 0.23711106 0.23711106 0.23711106 1.2008544 1.2008544 1.2008544 1.2008545 1.2008545 1.551986 1.551986 0.23711106 0.23711106 0.23711106 0.33669326 0.33669326 3.4716015 2.8252985 2.8252985 2.8252985 2.8252985 2.8252985 2.8252985 2.8252985 3.8499026 3.8499026 3.8499026 4.1175356 4.1175356 3.8499026 3.8499026 3.8499026 3.8499029 3.8499029 3.4716015 3.4716015 3.8499029 3.8499029 4.191615 0.33669332 0.35696456
0.23710488 0.23710488 1.2008297 1.2008297 1.2008297 0.23710488 0.23710488 1.2008299 1.2008299 1.2008299 1.2008299 1.2008299 1.2008299 1.2008299 1.2985029 1.2008299 1.551973 1.551973 1.551973 1.2008299 0.23710495 0.23710495 0.23710495 1.2008299 1.2008299 1.2008299 1.20083 1.20083 1.20083 1.5519731 1.5519731 0.33669 0.23710495 0.33669 0.33669 2.8252752 2.8252752 2.8252752 2.8252752 2.8252752 2.8252752 2.8252752 2.8252752 3.4715714 3.4715714 3.8498712 3.8498712 3.8498712 3.8498712 3.8498712 3.8498714 3.8498714 3.4715717 3.4715717 3.4715717 3.8498714 3.8498714 0.33669007 0.33669007 0.356961
0.23709877 0.23709877 1.2008054 1.2008054 1.2008054 0.23709883 0.23709883 1.2008054 1.2008054 1.2008054 1.2008054 1.2008054 1.2008054 1.2008054 1.2008054 1.2008054 1.2008054 1.2008054 1.2008054 1.2008054 0.23709884 0.23709884 0.23709884 0.23709884 1.2008054 1.2008055 1.2008055 1.2008055 1.2008055 1.2008055 1.5519599 0.33668673 0.33668673 0.33668673 4.1915407 2.825253 2.825253 2.825253 2.825253 2.3649776 2.3649776 2.825253 3.849841 3.849841 4.1915407 4.1915407 3.849841 3.849841 3.849841 3.849841 3.47154 3.47154 3.47154 3.47154 3.47154 3.47154 3.849841 0.33668682 0.33668682 0.35695738
1.6131808 1.6131808 1.2007811 1.2007811 3.5756466 0.23709276 1.2007811 1.5519474 1.5519474 1.2007813 1.2007813 1.2007813 1.2007816 1.2007816 1.2007816 1.2007816 1.2007816 1.2007816 1.2007816 0.23709282 0.23709282 0.23709282 0.23709282 0.23709282 0.23709282 1.2007817 1.2007817 1.2007817 1.5519474 1.5519474 1.5519474 1.5519474 0.3366836 1.98647 1.98647 2.82523 2.82523 2.82523 2.364936 2.364936 2.364936 2.82523 3.8498094 1.5519474 1.5519474 0.3366836 0.3366836 3.8498094 3.8498094 3.4715118 3.4715118 3.4715118 3.4715118 3.4715118 3.4715118 3.4715118 3.8498094 0.3366836 3.8498094 4.129202
1.6131502 1.6131502 1.6131504 1.2007569 3.5755968 1.2007569 1.2007569 1.5519341 1.5519341 1.2007569 1.2007569 1.2007569 1.2007569 1.2007569 1.2007569 1.2007569 1.2007569 1.2007569 1.2007569 0.23708671 0.23708671 0.23708671 0.23708671 0.23708671 0.23708674 0.23708674 1.200757 1.200757 1.5519342 1.5519342 1.5519342 1.5519342 1.5519342 1.5519344 1.9864538 1.9864538 2.8252072 2.364894 2.364894 2.364894 2.364894 2.8252072 1.5519344 1.5519344 1.5519344 1.5519344 0.33668038 0.33668038 3.8497782 3.4714806 3.4714806 3.4714806 3.4714806 3.4714806 3.4714806 3.4714806 3.8497782 3.8497782 3.8497782 4.1291676
1.2007325 1.2007326 1.2007326 1.2007326 0.24456136 1.5519214 1.5519215 1.5519215 1.5519215 1.5519215 1.2007328 1.2007328 1.2007328 1.2007328 1.2007328 1.2007328 1.2007328 1.200733 1.200733 0.23708074 0.23708074 0.23708074 0.23708074 0.23708074 0.23708074 0.23708074 1.200733 1.200733 1.200733 1.5519215 1.5519215 1.5519215 1.5519215 1.5519215 1.9864378 4.19143 4.19143 2.8251846 2.8251846 2.3648522 2.8251846 2.8251846 1.5519215 1.5519215 1.5519215 1.5519216 0.33667713 0.33667713 3.4714522 3.4714522 3.4714522 3.4714522 3.4714522 3.4714522 3.4714522 3.849748 3.849748 3.849748 3.849748 4.1291337
1.2007084 1.2983814 1.2007084 1.2007084 0.33667386 1.5519087 1.5519087 1.5519087 1.5519087 1.5519087 1.2007084 1.2007084 1.2007084 1.2007084 1.2007084 1.2007084 1.2007084 1.2007086 1.2007086 0.23707457 0.23707457 0.23707457 0.23707457 1.2007086 1.2007086 1.2007086 1.2007086 1.2007086 1.2007086 1.2007086 1.2007086 1.5519087 1.5519089 3.8497155 4.191393 4.191393 3.8497155 3.8497155 3.8497155 2.8251624 2.8251624 2.8251624 1.5519089 1.5519089 1.5519089 1.5519089 3.8317842 3.4714217 3.4714217 3.4714217 3.4714217 3.4714217 3.4714217 3.4714217 3.8497155 3.8497155 3.8497155 3.8497155 3.8497155 1.6588486
1.6130595 1.2006842 1.2006842 1.2006842 1.5518957 1.5518957 0.33667073 1.5518959 1.2006843 1.2006843 1.2006843 1.2006843 1.2006843 1.2006843 1.2006843 1.2006843 1.2006843 1.2006844 1.2006844 1.2006844 0.23706856 1.2006844 1.2006844 1.2006845 1.2006845 1.2006845 1.2006845 1.2006845 1.2006845 1.551896 1.2006845 1.2006845 1.5518961 1.9864058 1.9864058 1.9864058 3.8496852 3.8496852 3.8496852 3.8496852 3.8496852 3.8496852 3.8496852 1.5518961 1.5518961 4.1913557 3.4713917 3.4713917 3.4713917 3.4713917 3.4713917 3.4713917 3.4713917 3.8496852 3.8496852 3.8496852 3.8496852 3.8496852 3.8496852 1.6588347
1.6130286 0.23706236 1.5518827 1.5518827 1.5518827 1.5518829 0.3366675 1.5518829 1.2006596 1.2006596 1.2006596 1.20066 1.20066 1.20066 1.20066 1.20066 1.2006601 1.2006601 1.2006601 1.2006601 1.2006601 1.2006601 1.2006601 1.2006601 1.2006601 1.2006601 1.2006601 1.2006601 1.2006601 1.551883 1.551883 1.5518831 1.5518831 1.9863896 1.5518831 1.9863896 3.8496544 3.8496544 0.33666754 3.8496544 3.8496544 3.8496544 4.1913185 4.1913185 4.1913185 4.1913185 4.1913185 3.4713614 3.4713614 3.4713614 3.4713614 3.4713614 3.4713614 3.4713614 3.8496544 3.8496544 3.8496544 3.8496544 3.8496544 4.129033
1.5518701 0.3366643 0.3366643 3.8496222 1.5518701 3.8496222 1.5518701 1.5518701 1.2006358 1.2006358 1.2006359 1.2006359 1.2006359 1.2006359 0.2370564 0.2370564 0.23705646 1.200636 1.200636 1.5518703 1.5518703 1.5518703 1.5518703 1.2006361 1.2006361 1.2006361 1.2006361 1.2006361 1.5518703 1.5518703 1.5518703 1.5518705 4.1912823 1.5518705 1.5518705 1.5518705 1.9863738 1.9863738 0.33666435 0.33666435 3.849623 3.849623 3.849623 3.849623 4.1912823 4.1912823 4.1912823 3.4713323 3.849623 3.849623 3.4713323 3.4713323 3.4713323 3.4713323 3.849623 3.849623 3.849623 3.849623 1.5518705 1.6588063
1.551857 1.551857 4.191243 4.117193 3.8495915 3.8495915 1.5518571 1.5518571 1.2006115 1.2006115 1.2006117 1.2006117 1.2006117 0.23705041 0.23705041 0.23705041 0.23705041 0.23705041 0.33666107 1.5518572 1.5518572 1.5518572 1.5518572 1.2006117 1.2006117 1.2006117 1.2006117 1.5518572 1.5518572 1.5518572 0.3366612 0.3366612 1.5518575 1.5518575 1.5518575 1.5518575 1.5518575 1.5518575 1.9863576 0.3366612 3.8495915 3.8495915 3.8495915 3.8495915 3.8495915 4.1912446 4.1912446 3.8495915 3.8495915 3.8495915 3.471302 3.471302 3.471302 3.471302 3.471302 3.8495915 3.8495915 1.5518575 1.5518575 1.6587923
