Export/ASCII/RMeteo_SP_inch/impervious0/net_infiltration_2018_SP2_inch.asc
ncols         660
nrows         338
xllcorner     1476100.0
yllcorner     5017100.0
cellsize      100
NODATA_value  -9.9000000089461e-20
[rows 182 to 207 of 338, columns 531 to 589 of 660]
0.79069376 1.056504 0.79069376 0.026752692 0.1902194 0.1902194 1.2434119 1.2434119 0.19021939 0.19021936 0.19021936 0.082178704 0.19021933 0.19021931 2.778773 2.778773 2.778773 2.7787728 2.7787728 2.7787728 2.6152985 2.4672275 2.4672275 2.4672275 2.4672275 2.4672275 2.4672275 2.4672272 1.2734348 1.2734348 2.4672272 0.5522127 0.630672 2.782784 2.4672275 2.4672275 2.2926502 1.4008143 1.4008143 1.400814 1.400814 1.400814 1.5914809 1.3718225 1.2734345 1.5831467 1.371822 1.371822 1.273434 1.2734338 1.3879019 0.23907527 0.23907527 0.5465987 0.5465987 0.5465987 0.5522127 0.7924735 0.5465987
1.0564826 1.0589931 1.0564821 0.19021821 0.1902182 0.1902182 2.6152868 0.19021815 0.19021815 0.19021815 0.082177326 0.082177326 0.19021812 2.7787645 2.7787645 2.7787645 2.7787645 2.7787645 2.7787645 2.7787645 0.9521577 2.4672198 2.4672194 2.4672194 1.2734278 1.2734278 1.2734278 1.2734278 1.3718117 1.3718117 2.4672186 2.8637767 1.0871675 0.85038656 0.85038656 1.0871675 1.0871675 1.4008062 2.4672186 1.4847456 1.4847456 1.4847456 1.7056624 1.5831293 1.5831288 1.4943441 1.3718108 1.2734274 1.4655274 0.5522108 0.5522108 0.54659534 0.23907183 0.54659534 0.54659534 0.54659534 0.54659534 0.54659534 0.7731843
1.0589721 1.0608032 0.033405934 0.020050507 0.19021703 0.19021702 0.19021702 2.6152742 0.190217 0.19021699 0.19021699 0.19021699 2.7787557 2.7787557 2.7787557 2.7787557 2.778756 2.7787557 2.7787557 0.95215267 0.9521528 0.85038155 2.4672108 1.2734216 1.3718013 1.2734216 1.3718013 1.3718013 1.2734216 1.3718013 2.4672105 2.4672105 1.0871607 0.8503812 0.85038114 0.8503811 2.2926247 2.4672103 1.2734212 1.4943355 1.4943353 1.7056464 1.7056464 1.7056459 1.4943346 1.2734207 1.4655122 1.3717998 0.5522089 0.5523548 0.5695467 0.5522089 0.5465925 0.5522089 0.5522089 0.5465925 0.5522089 0.7719197 0.5522089
0.020049648 0.041037712 0.020049648 0.19021587 0.08217459 0.19021586 0.19021583 2.6152613 2.6152613 2.615261 0.19021575 0.19021575 2.778747 2.778747 2.778747 2.7787468 2.7787468 2.7787468 2.7787468 0.9521474 0.55292803 1.273415 1.273415 1.3717903 1.273415 1.4654993 1.3717903 1.3717903 0.7166836 0.71668375 2.4672015 2.4672015 2.4672015 2.4672015 2.4672015 2.4672012 2.4672012 2.4672012 1.3717898 1.3717898 1.3717896 1.4943243 1.7056285 1.2734143 1.5823766 1.3717896 1.2734143 0.55220795 0.55235386 0.62687254 0.62687254 0.62687254 0.552207 0.54658914 0.7924673 0.552207 0.6268673 0.62718105 0.7924668
0.020048743 0.020048743 0.020048743 0.19021463 0.082173176 0.082173176 0.19021462 0.19021462 2.6152487 2.6152482 0.95214266 0.95214266 2.778738 2.778738 2.778738 2.778738 2.7787378 2.7787378 2.7787378 1.4626561 1.4626561 1.3717788 1.3717788 1.3717788 1.3717788 1.3717786 1.3717786 0.71667445 0.6798433 1.0871477 2.4671931 2.2926004 2.4671936 2.4671934 2.4671931 2.4671931 2.4671931 1.2734073 1.3717779 1.2734073 1.4654826 1.2734073 1.4943141 0.5522051 0.5522051 0.5522051 0.7286005 0.5465863 0.552351 0.7924654 0.5465863 0.5465863 0.7924654 0.5522051 0.5465863 0.77237797 0.5465863 0.5465863 0.5465863
0.08217192 0.08217192 0.08217192 0.08217192 0.082171895 0.082171895 0.1902134 0.1902134 2.615236 2.615236 2.6152358 0.9521375 0.9521375 2.7787294 2.7787292 2.7787292 2.7787292 2.7787292 2.778729 1.639134 1.639134 1.3717676 1.3717676 1.2734014 1.3717676 1.3717674 1.3717674 0.6798353 0.6798353 1.087141 2.2925875 2.2925875 2.2925873 2.4671853 2.4671853 2.4671853 1.2734009 1.3717672 1.3717672 1.3717672 1.0337347 1.3717672 0.55220366 0.55234957 0.55234957 0.55234957 0.55242634 0.55220366 0.5465839 0.6268573 0.7732806 0.55220366 0.7731514 0.5465839 0.5465839 0.55220366 0.5465839 0.55220366 0.6268525
0.02004705 0.082170464 0.082170464 0.082170464 0.08217044 0.08217044 0.08217044 0.19021219 2.615224 2.615224 2.9300153 2.9300153 0.9521322 0.9521321 1.2433729 2.77872 2.77872 2.77872 2.77872 2.9766357 1.6391226 1.3717574 1.3717574 1.273395 1.3717574 1.3717574 1.3717574 1.2733947 0.6798272 2.2925754 2.2925754 2.2925754 2.2925754 2.467177 2.4671767 1.273394 1.371756 1.371756 1.371756 1.371756 0.48 0.5522013 0.5523472 0.6268487 0.6268487 0.6268482 0.723773 0.6268482 0.5465801 0.6271658 0.5465801 0.7924611 0.6282959 0.5465801 0.5465801 0.5522013 0.5522013 0.6268439 0.6271577
0.020046143 0.020046143 0.19021109 0.19021106 0.19021106 0.08216911 0.19021106 0.190211 0.9521272 1.2433667 1.2433667 2.9300046 0.9521272 0.9521272 1.2433667 2.7787108 2.7787108 2.7787106 2.7787106 2.7787104 0.793154 1.3717457 1.3717457 1.3717457 1.3717457 1.3717457 1.2733876 1.465439 1.2733876 1.2733876 2.4671676 2.4671676 2.292562 2.292562 2.292562 1.2733871 1.3717448 1.3717448 1.2733871 0.55219984 0.55237913 0.55234575 0.5465777 0.6271596 0.6271596 0.6271596 0.5465777 0.62743855 0.55219984 0.77288294 0.5465777 0.55219984 0.6306138 0.55219984 0.5465772 0.62684155 0.5465772 0.5465772 0.5465772
0.19976605 0.19976605 0.1902099 0.19020987 0.19020987 0.9521224 0.9521223 0.9521223 0.95212215 0.9521221 0.9521221 2.9299946 0.95212203 0.95212203 1.2433603 1.2433603 2.7787025 2.7787025 2.7787025 2.7787025 1.2433599 0.51342344 1.3717345 1.2733806 1.4654244 1.3717345 1.3717345 1.3717345 1.3717345 1.3717345 1.2733806 2.4671595 2.2925503 2.29255 1.4846529 1.0337044 1.0337044 1.371734 1.3717338 0.5465753 0.62529564 0.62683487 0.5521984 0.62828255 0.54657483 0.7924587 0.55219793 0.62828207 0.6268344 0.62828207 0.55219793 0.5465739 0.6268339 0.79245776 0.55219746 0.6268287 0.8799378 0.55219746 0.55219746
0.19976062 0.95211715 0.95211715 0.95211715 0.19020864 0.952117 0.95211697 0.55288774 0.9521169 0.9521169 0.9521169 2.9299834 0.9521169 0.9521169 2.9299834 2.7786937 2.7786934 2.7786934 2.7786934 1.2433538 1.2433538 0.6798029 1.3717235 1.3717235 1.3717233 1.3717233 1.3717233 1.3717233 1.3717233 1.3717233 1.3717233 1.2733742 1.484639 1.484639 1.7055286 1.3800744 1.3800744 0.552196 0.552196 0.5465715 0.62682724 0.62714434 0.62682676 0.62827444 0.552196 0.5465715 0.7924945 0.62827444 0.62714386 0.5465715 0.6268263 0.5465715 0.6271434 0.5465715 0.7747302 0.5465715 0.552196 0.7924997 0.79255646
0.1997548 0.1997548 0.95211196 0.95211196 0.95211196 0.95211196 0.95211196 0.552881 0.95211196 0.95211196 0.95211184 2.9299726 0.95211184 0.9521118 2.929973 2.778685 2.778685 2.778685 2.778685 1.2433472 0.7931287 0.6797949 1.2733675 1.3717128 1.3717128 1.3717128 1.3717128 1.3717128 1.2733675 1.3717128 1.2733675 1.5829705 1.4846257 1.7922232 1.494254 0.5521941 0.5521941 0.55234003 0.55234003 0.5521941 0.77285624 0.6282668 0.62713575 0.62872744 0.6268182 0.54656863 0.5521941 0.79282206 0.62826586 0.54656863 0.62713575 0.5521941 0.62826586 0.5521941 0.54656863 0.62872744 0.54656863 0.54656863 0.54656863
0.7880683 0.19974944 0.95210695 0.95210695 0.95210695 0.5528744 0.5528743 0.5528743 0.95210683 0.95210683 0.9521068 2.9299622 2.929962 0.95210665 2.929962 2.7786758 2.7786756 2.7786756 2.7786756 2.7786756 1.4626054 1.2733613 1.3717018 1.3717018 1.2733611 1.3717016 0.5134018 0.49142095 1.3717016 1.2733604 1.4846123 1.4942433 1.2733604 1.4942521 0.5521922 0.5465653 0.5523381 0.5465653 0.626812 0.626812 0.5465653 0.6282587 0.6282587 0.29833686 0.29705378 0.2745283 0.23903663 0.6268115 0.79282254 0.5521922 0.8799092 0.626811 0.5465653 0.626811 0.5521922 0.6266103 0.6305814 0.5465653 0.5521922
0.79043674 0.19974345 0.9521019 0.19020513 0.5528677 0.5528677 0.5528676 0.5528676 0.9521015 0.9521015 0.9521015 0.95210147 2.9299521 0.95210147 0.95210147 2.7786674 2.7786674 2.7786674 2.7786672 2.7786672 1.4625982 1.3716906 1.3716906 1.3716906 1.3716906 1.3716906 0.4914146 0.4914146 1.3716904 1.3716904 1.7054785 1.3716904 1.3716904 0.5521908 0.5523367 0.5521908 0.6268039 0.5521908 0.62712145 0.62712145 0.5521908 0.6287122 0.23903319 0.23903319 0.23903319 0.23903319 0.23903319 0.62712145 0.7761307 0.5465629 0.6268039 0.5465629 0.5521908 0.5465629 0.7924511 0.7730832 0.62824345 0.5465629 0.6268039
0.894145 0.64937377 2.7786582 0.08216087 0.08216087 0.5528603 0.5528603 0.5528603 0.9520965 0.9520964 0.9520964 0.9520964 2.9299407 0.9520964 0.9520963 2.9299407 2.7786582 2.7786582 2.7786582 1.4625908 1.6390425 1.3716801 1.3716801 1.2733477 1.2733477 1.46535 0.4914086 0.4914086 0.88062465 1.3716797 1.494224 1.3716797 0.5521889 0.5523343 0.62679625 0.54656005 0.6271138 0.62679625 0.62824345 0.62824345 0.62679625 0.29832438 0.23902968 0.49140793 0.49140793 0.49140793 0.23902959 0.2981404 0.5465596 1.545595 0.5465596 0.62711287 0.7488303 0.6265917 0.5465591 0.5465591 0.5521884 0.7924487 0.5465591
0.91911954 0.67884254 0.020040112 0.082159586 0.082159586 0.55285394 0.55285394 0.55285394 0.55285394 0.9520913 0.9520913 0.9520913 0.9520913 2.92993 0.95209116 2.6151211 2.615121 2.615121 2.7786493 1.6390315 1.6390313 1.3716682 1.2733406 1.4653338 1.3716682 1.371668 0.49140257 0.8503182 0.49140233 0.51338035 1.3716677 0.55218697 0.5523329 0.62678957 0.62710667 0.55218697 0.6282368 0.62710667 0.6282368 0.6282368 0.5465567 0.29703653 0.23902614 0.23902614 0.08047454 0.08047451 0.23902597 0.23902597 0.5521865 0.5521865 1.2733399 0.62823534 0.87988013 0.54655623 0.54655623 0.5521865 0.54655623 0.54655623 0.79277486
0.95486754 0.7580056 0.19972676 0.5528471 0.08215813 0.08215813 0.5528471 0.55284697 0.55284697 0.95208615 0.95208615 0.95208615 0.95208615 0.19020145 0.19020145 0.08215808 1.7386523 1.7386523 1.4625765 1.6390201 1.6390201 1.4845597 1.3716582 1.5828832 1.4845597 1.4845597 0.51337284 0.85031295 0.85031295 0.49139562 0.55218554 0.5465543 0.5465543 0.6270981 0.5465543 0.626781 0.5465543 0.62822866 0.6286874 0.5465543 0.55218554 0.23902261 0.23902261 0.23902261 0.080473274 0.03627847 0.23902252 0.23902252 0.54655385 0.54655385 0.55218506 0.54655385 0.54655385 0.55218506 0.55218506 0.5465534 0.55218506 0.6267762 0.6270895
0.7600694 0.75809336 0.19972122 0.19972122 0.1902003 0.1902003 0.9520811 0.5528405 0.5528405 0.9520811 0.95208097 0.1902003 0.082156725 0.082156725 0.1902003 0.082156725 1.9964689 1.9964689 1.6390091 1.6390089 1.6390084 1.705412 1.5828651 1.705412 1.705412 1.4845458 2.7206593 2.4670925 0.5465505 0.5465505 0.5465505 0.55232906 0.55218315 0.62822104 0.55218315 0.62709045 0.55218315 0.7502341 0.6286793 0.55218315 0.62677336 0.2390191 0.2390191 0.49138945 0.036277685 0.036277685 0.5465505 0.5465505 0.55218315 0.55218315 0.40728724 0.40697157 0.5465505 0.55218315 0.792443 0.55218315 0.5465505 0.5465505 0.5465505
0.7625356 0.64935136 0.020037465 0.020037465 0.93791723 0.19019918 0.19019918 0.08215535 0.082155325 0.082155325 0.082155295 0.082155295 0.19019912 0.19019912 0.082155295 0.082155295 1.9964505 1.7386173 1.9150518 1.9150518 1.7386166 1.7053958 1.7053958 1.7053958 1.7053958 2.545999 2.4670846 1.2733203 0.55218124 0.54654765 0.55218124 0.7717943 0.6267657 0.6282134 0.6267657 0.6282129 0.74877167 0.626554 0.75067663 0.6267657 0.23901556 0.23901556 0.23901556 0.23901556 0.23901556 0.54654765 0.54654765 0.55218124 0.54654765 0.62676525 0.4489441 0.34532762 1.2733198 0.62676525 0.62655306 0.7722621 0.62676525 0.55218124 0.55218124
0.6493461 0.6788254 0.6493461 0.6493461 0.67883444 2.8548512 0.19019796 0.08215406 0.19019794 0.19019794 0.19019794 0.19019794 0.19019793 0.082153976 0.082153976 0.08215393 0.08872659 1.9964324 1.9964324 1.9964322 1.7385992 1.7053794 1.7053789 1.4941736 2.7206345 2.4670756 1.2733141 0.5521798 0.62675905 0.54654527 0.54654527 0.6274085 0.62707615 0.628664 0.5465448 0.5465448 0.655509 0.630126 0.3223294 0.6270757 0.23901194 0.23901194 0.23901194 0.23901194 0.5465443 0.5465443 0.55217934 0.5465443 0.54654384 0.55217886 0.62707424 0.55217886 0.55217886 0.54654384 0.54654384 0.5522294 0.54654384 0.79243916 0.54654384
0.787899 0.93001795 0.6788206 0.6788206 0.020035725 0.020035725 0.020035725 0.19019675 0.19019675 2.778605 2.778605 0.19019675 0.082152605 0.082152575 0.082152575 0.082152575 0.082152575 1.9964141 0.60727566 0.6072756 1.9964138 1.7053627 1.4941634 2.467067 2.5765297 1.2733072 0.5465419 0.55232334 0.62706757 0.5521779 0.5521779 0.5465419 0.5465419 0.6286545 0.5521779 0.5465419 0.7403693 0.76321983 0.62653494 0.7501869 0.5465419 0.5465419 0.5465419 0.33768845 0.40695977 0.5521779 0.5465419 0.7717757 0.5521779 0.5521779 0.79243773 0.5465419 0.5465419 0.55232334 0.5521779 0.5521779 0.7377987 0.5465419 0.5465419
1.4650363 1.0560787 0.4504912 0.5794234 0.027395755 0.020034866 0.020034866 0.6493342 2.7785969 2.7785969 1.462541 0.08215124 0.08215124 0.08215124 0.7930441 0.7930441 0.793044 1.9963974 0.55281276 0.55281276 0.8865893 0.7594744 2.5765169 2.467059 1.2733005 1.3716024 0.552176 0.54653907 0.6281905 0.6267433 0.6267433 0.552176 0.54653907 0.6286464 0.54653907 0.552176 0.6281905 0.73890495 0.6301079 0.62652683 0.65659285 0.552176 0.54653907 0.552176 0.3376857 0.3453163 0.54653907 0.552176 0.62739134 0.7924358 0.77302074 0.6265259 0.6265259 0.5465386 1.6270612 0.35517335 0.2390046 0.7721224 0.552176
1.2432773 2.7785883 3.2089093 0.649328 0.7829213 0.649328 0.649328 0.649328 2.778588 1.4625336 1.6389519 0.082149856 0.08214983 0.08214983 0.7930354 0.7930354 0.7930354 0.088722445 1.7385467 0.7930354 0.7930354 2.467051 2.4670503 1.2732939 1.3715914 1.3715914 0.6267357 0.55217314 0.6281824 0.6270523 0.62705183 0.6267352 0.33768344 0.40695274 0.77307415 0.6267352 0.5465348 0.79243344 2.0715163 0.6300998 0.79243344 0.62673473 0.5465348 0.55217314 0.40701485 0.34517074 0.55217314 0.55217314 0.79243344 0.5465348 0.8812949 0.37355965 0.3198381 0.5465348 0.28439957 0.23900115 0.23900115 0.5465348 0.79243344
2.7785792 2.7785792 2.7785792 0.6788068 0.64932275 0.7973218 0.6788068 0.6788068 0.64932275 1.6389412 1.6389412 1.4625267 1.4625267 0.08214853 0.08214853 0.08214851 0.082148455 0.082148455 0.08872106 0.082148455 2.7785785 2.4670427 1.2732872 1.3715805 1.3715805 1.3715802 0.62704515 0.62672853 0.62863016 0.62817574 0.62817574 0.6270442 0.34516692 0.33768058 0.5521722 0.792432 1.5454892 0.6231166 1.7552811 2.0714982 1.6355499 1.6290206 1.5454892 0.036272842 0.042837583 0.03681515 0.036802776 0.04557539 0.54653287 0.7745576 0.62650776 0.32392183 0.23899773 0.27448308 0.23899764 0.49135175 0.23899764 0.27448308 0.23899764
2.7785704 2.7785704 2.7785704 3.2220592 0.64931655 0.7599926 0.9163399 0.75791883 0.678802 0.59168863 0.5527926 1.6389292 1.6389292 0.08214708 0.08214708 0.08214708 0.08214708 0.08214708 0.19019192 2.6150064 2.7785697 1.2732807 1.3715693 1.371569 1.2732803 1.3715688 0.82351077 0.822523 0.54652953 0.7501273 0.7501273 0.6264987 0.34516335 0.67968976 1.5695935 1.8031896 0.5133158 0.491346 1.4941217 1.7552549 1.3717622 0.083366506 0.08046366 0.08046366 0.08046366 0.036272034 0.036272034 0.036272034 0.54652953 0.54652953 0.75244284 0.31982717 0.49134532 0.23899421 0.23899402 0.23899402 0.4913451 0.23899402 0.23899402
2.7785616 2.7785616 2.7785616 2.7785616 0.6493118 0.29924315 0.26628968 0.6493118 0.19967602 0.55278575 0.55278575 1.638918 1.638918 0.08214574 0.08214574 0.08214571 0.08214571 0.19019079 2.614993 0.79300976 0.79300976 1.2732741 1.2732741 1.3715588 1.2732741 1.2732738 1.2732738 0.6796819 1.5454663 1.4844385 1.9535897 1.7958822 1.2989808 1.2732736 1.2732733 1.3715581 0.51423836 1.2732731 1.3715578 1.4941121 1.5827225 0.080462426 0.0804624 0.0804624 0.0804624 0.08046236 0.08046236 0.036271174 0.23899066 0.23899066 0.3394549 0.23899066 0.23899066 0.23899058 0.6264882 0.6264882 0.23899058 0.23899058 0.23899049
2.7785532 2.7785532 2.7785532 2.7785532 0.37557077 0.37557077 0.1996706 0.67879343 0.64930606 0.1996706 1.462505 1.6389066 1.6389066 1.7384778 0.08214435 0.08214435 0.08214433 2.7785528 1.4625045 0.7930013 0.7930013 0.5133018 0.5133018 0.51330173 0.49133363 0.53210884 1.5827054 1.4844252 1.3715476 1.4941028 1.7646261 1.5023552 1.3715476 1.2732671 1.3715476 1.3715476 1.3715476 1.3715471 1.3715471 1.3715466 1.7052599 0.08046117 0.08046117 0.08046117 0.08046117 0.08046114 0.080461144 0.080461144 0.23898724 0.23898715 0.54652286 0.23898715 0.23898715 0.23898715 0.29083583 0.29083583 0.23898715 0.54652286 0.54652286
