Export/ASCII/RMeteo_SP_inch/impervious0/net_infiltration_2016_SP1_inch.asc
ncols         660
nrows         338
xllcorner     1476100.0
yllcorner     5017100.0
cellsize      100
NODATA_value  -9.9000000089461e-20
[rows 81 to 107 of 338, columns 480 to 539 of 660]
5.4599276 3.9134817 3.9134815 3.9134812 3.9134812 3.9134812 5.4599276 5.4599276 5.4599276 5.862711 5.4599276 5.4992 5.4599276 5.4599266 1.9068227 1.9068227 5.0183125 5.459925 5.459925 1.9068226 1.8259667 0.2409591 0.35584152 0.24095903 0.35584146 0.35584146 2.2186153 1.9068223 2.606284 2.606284 1.9068221 1.9068218 2.1876647 7.654971 5.4599223 6.392476 5.4599223 5.459922 5.459922 5.459922 2.6062825 1.9068209 1.9068209 1.9068208 0.35584116 1.9068208 1.9068208 0.35584113 0.24095841 0.24095836 0.24095832 0.24095827 1.4187971 1.9068198 1.9068197 5.4599175 5.4599175 3.846809 3.846809 4.6245594
3.9134543 3.9134543 3.9134533 3.9134533 3.9134533 3.9134533 5.459882 5.459882 2.6062646 2.6062644 5.459882 5.459882 5.459882 5.862672 1.9068062 1.9068061 1.9068061 1.9068061 1.9068061 1.9068059 1.4187782 1.418778 1.9068059 0.41067848 0.3558374 0.3558374 0.3558374 5.4598804 2.6062636 2.8952475 1.9068053 1.906805 1.906805 1.9068048 5.459878 5.459878 5.459877 5.459877 5.5382175 5.459876 5.459876 5.862668 5.862668 5.459875 5.459875 1.9068041 1.9068041 0.35583696 0.24095273 0.24095273 0.2409527 0.2409527 0.2409527 1.4187747 1.9068037 5.4598727 5.4598727 6.1432447 3.8467588 4.442376
0.3558337 3.913425 3.913425 3.913425 3.9134245 3.9134245 5.459838 5.459838 2.606244 2.606244 2.606244 5.459837 5.4598365 5.4598355 1.90679 1.90679 1.4187561 1.4187559 1.4187558 1.4187558 1.4187557 0.24094786 0.35583335 2.6062431 2.6062431 0.35583326 0.35637367 0.35583326 5.0182214 5.0182214 5.0182214 5.8626337 5.8626337 5.4598327 5.4598317 5.4598317 5.4598317 5.459831 5.459831 5.4598303 5.4598303 5.4598303 5.4598303 5.4598303 5.4598284 1.906788 1.906788 1.9067878 1.4187531 0.24094722 1.4187528 1.4187526 1.4187526 1.4187522 1.9067872 1.9067872 5.459827 5.459827 4.1986337 4.4423175
0.3558296 3.1749358 3.9133956 3.9133956 3.9133954 3.9133954 3.9133954 5.4597917 5.4597917 2.6062236 2.6062236 5.4597917 5.4597917 1.9067736 1.9067736 1.9067736 1.4187337 1.624515 1.4187337 1.4187334 1.4187334 0.24094231 0.24094231 2.6062226 2.6062226 0.35582918 0.35582918 0.35582912 5.018175 5.3100095 5.018175 2.6062226 2.6062226 5.4597864 5.4597864 5.4597864 5.4597855 0.3558289 5.4597855 5.499057 5.4597855 5.4597855 5.4597836 5.4597836 2.6062207 2.6062207 1.9067715 1.4187305 1.4187303 1.4187303 1.4187301 1.4187298 1.4187298 1.4187298 1.9067707 1.9067706 5.4597826 5.4597826 4.4422607 3.8466568
3.913367 3.1969657 3.1748962 3.913367 3.913367 3.9133666 5.0181336 4.8813477 5.4597464 5.4597464 5.4597464 5.4597464 5.4597464 1.9067575 1.9067575 1.9067575 1.4187113 1.4187113 1.4187113 1.7936984 1.4187111 1.4187108 1.4187108 1.4187107 0.3558251 7.435419 2.6062021 1.9067565 1.9067565 5.0181303 2.6062016 2.6062016 2.6062016 5.4597406 5.499013 5.4597406 0.3558249 0.3558249 0.3558248 5.4597397 5.4597397 5.4597397 5.4597397 5.4597397 5.4597397 2.6062 1.906755 1.4187084 1.4187083 1.4187083 1.4187083 1.4187082 1.4187077 1.9067546 1.9067546 1.9067545 5.459737 5.459737 3.8466058 4.198518
3.9133387 3.1748579 0.3558213 2.6061833 2.6061833 5.862529 5.862529 4.881317 4.881317 5.459701 5.4597006 1.9067414 1.9067413 1.906741 1.9067409 2.0742025 1.418689 1.4186889 1.4186889 1.4186887 1.4186884 1.4186884 1.4186884 1.4186884 1.9067404 2.606182 2.606182 1.9067402 1.9067401 1.90674 5.4596963 5.0180845 5.0180836 5.0180836 5.0180836 5.4596963 5.4596953 0.35582078 5.4596953 5.4596944 5.4596944 5.4596944 5.4596944 5.4596944 5.4596944 5.4596944 0.35582054 1.9067385 1.9067384 1.9067384 1.9067383 1.4186858 0.24093036 1.906738 1.906738 5.459692 5.459691 5.45969 6.143033 2.4182777
3.9133096 3.944248 0.35581732 2.6061633 2.6061633 5.862491 5.862491 4.8812876 1.9067248 1.9067248 1.9067248 1.9067248 1.9067246 1.9067246 1.9067246 1.9067246 1.418667 1.4186667 1.4186667 1.4186667 1.4186665 1.4186665 1.4186664 1.4186664 1.4186659 0.36379004 2.6061609 1.9067236 1.9067236 1.9067236 1.9067236 5.0180397 5.0180387 5.0180387 5.042324 5.4596515 5.459651 2.6061597 2.6061597 5.45965 1.9067227 5.45965 5.459649 0.35581657 0.35581657 0.35581654 0.35581654 0.3558165 5.862484 5.862484 1.9067221 1.4186633 1.4186633 1.906722 1.9067217 2.6061585 5.459646 5.459646 5.459646 2.606158
3.913281 3.9132805 3.9132805 1.906709 3.9132805 5.8624554 5.459611 1.9067086 1.9067086 1.9067085 1.9067085 1.9067085 1.9067082 1.4186448 1.4186445 1.4186444 1.4186443 1.4186442 1.4186442 1.4186442 1.4186441 1.4186441 1.418644 1.4186438 1.4186437 1.9067075 1.9067074 1.9067072 2.0741684 1.9067072 1.906707 5.8624516 5.017993 5.017993 5.017993 5.4596047 5.4596047 2.60614 2.60614 1.9067063 1.9067063 5.4596043 2.6061397 0.3558125 0.3558125 0.24091955 0.2409195 2.6061392 2.6061392 3.913276 0.35581234 0.2409194 1.9067056 5.8624473 2.6061382 2.6061382 5.4596004 5.4596004 5.4595995 1.9067049
3.9132526 3.913252 2.6061223 3.9132512 3.9132512 2.6061218 2.6061218 2.6061218 1.9066921 1.9066921 1.4186225 1.4186225 1.4186224 1.4186224 1.4186223 1.418622 1.418622 1.418622 1.6244035 1.4186219 1.4186218 1.4186217 1.4186214 1.4186212 1.6244028 1.4186212 1.906691 1.906691 1.906691 1.9066907 1.9066907 1.9066906 1.9066906 5.017947 5.017947 5.017947 5.4595604 2.6061192 2.6061192 1.9066899 5.4595604 5.4595594 2.6061187 2.6061187 0.24091385 0.24091385 0.24091385 2.6061187 2.6061187 5.8624105 0.35580826 0.24091367 2.6061182 2.6061177 2.6061177 5.4595556 5.4595556 5.4595547 5.459554 5.459554
1.9066764 5.4595213 5.4595213 3.9132237 3.9132237 2.6061013 2.6061013 1.9066757 1.9066757 1.9066753 1.4186003 1.4186003 1.4186001 1.4185998 1.4185998 1.4185998 1.4185998 1.4185998 1.4185997 1.4185997 1.6243808 1.4185994 1.4185994 1.4185991 1.4185989 1.4185989 1.9066746 1.9066745 1.9066744 1.9066744 1.9066743 1.9066743 1.9066743 5.0179024 5.0179024 5.0179024 5.4595156 2.606099 2.6060987 2.6060987 5.4595146 5.4595146 0.3558043 0.3558043 0.35580426 0.35580426 0.24090834 2.0735707 2.606098 1.4185963 0.24090815 0.24090815 2.0735703 2.0735698 2.606097 5.4595103 5.4595103 5.4595103 5.4595103 5.4595103
1.9066598 5.4594765 5.459475 5.459475 5.459475 5.459474 5.459474 1.9066596 1.4185783 1.418578 1.418578 1.418578 1.4185778 1.4185778 1.4185777 1.6243593 1.4185776 1.4185774 1.4185774 1.4185774 1.4185774 1.4185773 1.4185771 1.6243584 1.4185767 1.4185767 1.4185767 1.4185767 1.4185767 1.9066582 1.906658 1.9066578 2.6060784 5.0178576 2.7519963 5.0178576 5.45947 5.459469 2.6060781 2.073544 5.4594684 5.4594684 5.8623414 5.8623405 0.3558003 0.35580027 0.35580027 2.6060774 2.6060774 5.0178547 5.0178547 1.9066565 5.862339 4.2739687 5.862339 5.4594655 5.459465 1.9066559 1.9066558 1.9066558
1.9066434 5.4594307 5.4594307 5.45943 5.4594297 5.4594297 5.459429 1.9066432 1.418556 1.418556 1.4185557 1.4185557 1.4185556 1.4185555 1.4185553 1.4185551 1.4185551 1.4185551 0.2408978 1.6243364 1.4185547 1.4185547 1.4185547 1.4185545 1.4185545 1.4185543 1.4185543 1.4185543 1.4185541 1.9066417 1.9066417 1.9066417 1.9066415 1.9066415 1.9066415 5.0178113 5.8623047 5.8623047 1.9066411 1.4185534 5.459424 5.459424 5.459423 5.459423 5.8623037 0.35579613 5.459423 0.35579604 0.35579604 5.459422 5.4594216 5.862303 4.2739325 1.6355053 5.4594216 1.9066395 1.9066395 1.9066395 1.9066393 1.9066392
1.9066274 5.459386 1.9066272 1.9066272 2.6060405 1.906627 1.906627 1.9066268 1.4185337 1.4185336 1.4185336 1.4185336 1.4185333 1.4185333 1.4185333 4.2739 4.2739 2.073491 0.24089225 1.4185326 1.4185325 1.4185324 1.4185324 1.4185323 1.4185323 1.4185321 1.4185319 1.4185317 1.4185314 1.9066252 1.9066252 1.906625 1.906625 1.906625 1.9066249 1.9066247 5.8622684 5.8295145 1.4185306 1.4185306 3.8462057 1.9066244 1.9066244 5.459378 5.459378 5.459378 5.459377 0.355792 0.35579193 0.3557919 5.459377 5.8622665 1.9066236 2.1639857 1.9066236 1.9066236 5.4593744 5.4593744 1.9066232 1.4185286
5.45934 5.45934 1.9066107 1.9066107 1.9066105 1.9066105 1.9066105 1.9066105 1.4185113 1.418511 1.418511 1.418511 1.418511 1.4185108 1.4185108 0.2815101 4.784609 0.24088666 0.24088666 1.4185101 1.4185101 1.4185101 1.4185101 1.9066093 1.9066093 4.27386 1.4185098 1.4185098 1.4185096 1.9066089 1.9066089 1.9066088 1.9066088 1.9066087 5.459334 1.9066086 5.862232 5.8294773 1.4185085 1.9066082 2.1027412 1.9066079 1.9066077 5.4593315 5.862232 5.862232 1.4185078 0.24088602 0.35578778 0.35578778 1.9066073 1.9066072 1.906607 1.906607 5.4593306 5.4593306 5.45933 5.45933 1.9066068 1.4185066
5.4592953 5.4592953 1.9065943 1.9065943 1.9065942 1.9065942 1.9065942 1.9065939 1.6242706 1.418489 1.418489 1.4184889 1.4184889 1.4184889 1.4184887 1.4184887 0.29236075 0.24088117 0.24088115 0.24088109 1.6242695 1.418488 1.418488 1.906593 1.9065927 3.662801 3.1745057 1.9065927 1.9065924 1.9065924 1.9065922 0.3557841 0.35578403 1.906592 6.7184443 1.9065919 5.4592896 5.829439 1.4184862 1.4184858 5.8621955 5.8621955 1.9065917 1.4184856 0.24088053 0.24088052 5.8621945 1.9065912 1.906591 1.906591 1.9065909 1.9065909 5.4592843 2.6059945 2.6059945 5.4592824 5.4592824 1.9065905 1.9065902 1.9065902
5.45925 0.3557804 0.3557804 0.3557804 1.9065781 2.6059785 2.6059785 1.9065778 1.4184667 1.4184666 1.4184666 1.4184663 1.4184663 1.4184663 1.4184663 0.24087557 0.24087556 0.24087553 0.24087551 0.24087551 1.4184655 1.9065766 1.9065766 1.9065765 2.0915477 5.8621607 5.910343 5.8621607 0.35578 0.35577998 0.35577995 0.35577995 0.35577995 0.35577992 5.8621597 5.459243 5.459243 1.4184637 1.4184637 5.862159 5.862159 5.862159 5.862159 5.862159 5.862159 1.9065751 1.9065748 1.9065748 1.9065747 1.9065747 5.459241 5.4592404 1.9065746 2.6059747 2.6059747 1.9065744 1.9065744 1.9065741 1.4184618 1.4184616
5.459205 0.35577637 0.35577637 0.35577637 0.24087037 2.0733814 2.073381 1.9065615 1.4184448 1.4184446 1.4184445 1.4184445 1.4184443 1.418444 1.4184439 4.2737503 4.2737503 4.2737503 4.7844477 4.2737503 4.2737494 5.8621244 5.8621244 5.8621244 5.8621244 5.8621244 5.8621244 5.862124 0.3557759 0.3557759 0.35577586 0.35577586 0.35577583 0.3557758 5.862123 5.459198 5.459198 5.459198 0.0 5.459197 5.4591966 5.4591966 1.906559 1.906559 1.9065588 1.9065586 1.4184409 1.9065583 1.9065579 1.9065579 1.9065579 1.9065579 1.9065579 1.9065579 2.6059537 2.6059537 0.3557754 0.24086896 0.35577533 2.6059532
2.6059382 1.9065453 1.9065453 0.3557723 0.2408647 2.0733528 2.6059375 1.9065452 1.906545 1.418422 1.4184219 1.4184219 1.4184217 1.9065443 1.9065443 4.784411 0.0 4.784411 5.032638 5.862089 2.1638837 1.9065439 1.9065439 1.9065439 2.605936 2.605936 5.862089 5.862088 5.862088 0.35577184 0.35577184 0.35577178 0.3557717 1.9065433 1.9065433 1.9065433 1.9065429 1.9065428 1.9065428 1.9065428 1.9065428 0.3557716 0.3557716 1.9065425 1.4184186 1.4184186 1.4184186 1.9065423 1.9065421 1.9065421 1.9065418 1.9065418 1.9065416 5.4591494 2.6059332 0.35577136 0.35577136 0.2408635 0.3557713 2.6059332
5.459114 1.9065288 1.9065288 2.6059172 2.6059172 2.6059172 5.862054 5.862054 1.9065284 1.9065284 1.9065282 1.9065282 1.9065281 1.9065281 5.862054 4.273676 2.097626 0.24085884 0.29233536 0.3557679 1.9065276 1.9065275 1.9065274 0.35576782 2.6059155 2.6059155 0.35576776 0.35576776 0.35576773 0.35576773 0.3557677 1.9065268 1.9065268 1.9065268 1.9065266 1.9065266 1.9065266 1.9065266 1.9065263 1.9065263 1.9065263 0.24085832 0.2408583 1.4183968 1.4183968 1.9065261 1.906526 1.9065257 0.35576737 5.4591045 5.4591045 5.4591045 5.4591045 5.4591036 5.4591026 0.35576725 0.35576722 0.35576713 0.35576713 0.35576713
5.4590683 5.862019 5.862019 5.862019 5.862019 5.8620186 5.8620186 5.8620186 1.906512 1.906512 1.9065118 1.9065118 1.9065118 1.4183768 1.4183767 0.28147218 0.24085331 0.24085325 0.24085322 0.35576376 5.4590654 5.4590654 0.35576376 0.24085319 0.24085319 0.24085315 0.35576373 0.35576373 0.3557636 0.3557636 0.35576355 0.35576352 0.3557635 0.3557635 0.35576347 0.24085288 0.24085285 0.2408528 0.2408528 1.4183745 1.4183745 0.24085273 0.24085271 0.24085265 1.9065096 1.9065096 1.9065096 0.24085255 0.3557633 5.459059 5.459058 5.459058 5.459058 5.459058 5.459058 0.3557631 0.3557631 5.459058 5.459058 5.459058
2.605877 2.605877 2.605877 2.605877 2.6058764 1.906496 1.906496 1.4183558 1.9064958 1.9064956 1.4183551 1.4183551 1.4183551 1.4183551 0.24084787 0.24084781 0.24084775 0.24084775 0.24084775 0.35575968 5.4590206 5.4590206 0.35575962 0.24084751 0.24084751 0.24084751 0.35575956 0.4106006 0.3557595 0.3557595 0.35575947 0.35575947 0.35575947 1.9064939 1.9064938 0.2408473 0.2408473 0.24084727 2.073265 1.4183525 1.4183524 1.4183522 0.24084713 0.24084713 1.4183521 1.4183521 1.9064931 0.35575923 0.35575923 0.35575923 5.459015 5.459015 5.4590135 5.4590135 5.4590135 5.4590125 5.459012 5.459012 5.459011 5.459011
2.6058562 2.6058562 2.6058557 2.6058557 2.6058557 0.35575584 0.35575584 0.24084243 1.418333 1.4183328 1.4183328 1.4183327 1.4183326 1.4183326 0.24084224 0.24084221 0.24084221 0.24084221 1.4183321 5.4589753 5.4982467 5.4589753 0.35575563 0.24084203 0.24084198 0.24084198 0.24084195 0.24084195 0.24084185 0.35575548 0.35575545 0.35575542 1.4183307 1.4183307 0.24084175 1.4183304 1.4183304 1.4183304 1.4183302 1.4183302 1.4183302 1.41833 1.41833 1.4183297 1.4183297 1.906477 1.906477 0.35575512 0.35575506 5.4589677 5.4589677 5.4589677 5.4589677 5.4589667 5.4589667 2.6058512 5.4589667 5.4589663 5.4589663 5.458966
2.6058362 2.6058362 2.073214 2.073214 2.605836 0.35575172 0.35575172 0.35575172 1.4183112 1.418311 1.4183109 1.6240922 1.4183105 0.24083675 0.24083674 0.24083674 0.24083671 0.2408367 1.41831 5.4589295 5.4589295 5.4589295 0.3557514 0.24083659 0.24083655 0.24083653 0.29614103 0.24083646 0.24083641 0.24083634 0.24083628 0.24083628 0.24083625 1.4183085 0.24083622 1.4183083 1.4183083 1.418308 1.4183078 1.4183075 1.4183075 1.4183075 1.4183075 1.9064603 1.9064603 1.9064603 1.9064603 1.90646 5.458924 5.861903 5.861903 5.458924 5.458923 5.458923 5.458923 2.605831 2.605831 5.458922 5.458922 5.8618994
2.6058154 2.6058152 2.0731864 2.0731864 2.605815 2.605815 2.6058147 5.861872 1.4182888 1.4182891 1.4182891 1.4182888 1.4182886 1.4182884 0.2408311 0.24083109 1.4182881 1.418288 1.4182879 5.458885 5.458885 1.906446 1.9064457 0.24083088 0.24083088 0.24083088 0.24083085 0.24083085 0.24083082 0.24083076 0.24083073 0.2408307 0.24083064 0.24083064 5.8618693 1.9064449 1.9064449 1.418286 1.4182857 1.4182857 1.4182856 1.4182856 1.4182856 1.9064442 1.9064442 1.9064442 1.9064442 1.9064442 2.605811 5.861866 5.861866 5.458878 5.4588776 5.4588776 5.4588776 5.4588776 5.4588776 5.4588766 5.4588766 5.861863
2.6057947 2.6057947 2.6057947 2.6057947 2.6057947 2.6057947 2.605794 5.8618355 1.9064301 1.9064301 0.24082564 0.24082561 0.24082561 0.24082558 0.24082558 0.24082558 0.24082552 1.4182657 1.4182657 1.9064295 1.9064294 1.9064294 1.4182655 0.24082536 0.24082533 0.28143954 4.27345 4.27345 0.24082525 0.24082525 0.24082525 0.24082519 0.24082516 5.4588356 1.9064286 1.9064286 1.9064286 1.4182639 1.4182638 1.4182637 1.4182636 1.4182633 1.4182632 1.9064277 1.9064277 1.9064277 1.9064275 1.9064274 1.9064274 1.9064273 5.4588337 5.4588327 5.458832 5.458832 5.458832 5.458832 5.458832 5.458832 5.458831 5.458831
2.6057742 2.6057742 2.6057742 2.605774 2.605774 2.605774 2.605774 5.8618 1.9064138 1.9064138 0.35573936 0.35573936 0.35573936 0.24082005 1.9064136 1.9064136 1.9064133 1.4182434 1.4182432 1.4182432 1.418243 0.24081974 0.24081972 0.24081972 0.24081971 0.24081968 0.24081968 0.28143385 0.24081966 0.24081966 0.24081963 0.24081957 4.8807225 5.4587903 1.9064122 1.906412 1.418242 1.4182417 1.4182417 1.4182415 1.4182415 1.4182415 1.4182415 1.9064115 1.9064115 1.9064112 1.9064112 1.9064112 1.9064112 1.9064109 5.458788 5.458788 5.458787 5.458787 5.458787 5.458787 5.8617926 5.8617926 5.8617926 5.458787
5.4587526 5.4587526 5.4587517 5.4587507 5.4587507 5.4587507 5.4587507 5.4587507 5.4587507 5.4587507 0.3557353 0.3557353 0.3557353 0.3557352 1.9063972 1.906397 1.906397 1.4182211 1.4182211 1.4182211 1.418221 1.4182208 1.4182206 0.24081418 0.24081415 0.24081415 0.24081412 0.24081409 0.24081409 0.24081403 4.8806925 5.458747 5.4587464 5.4587464 1.9063957 1.9063956 1.9063954 1.4182199 1.4182197 1.4182197 1.4182194 1.418219 1.4182187 1.9063952 1.9063952 1.9063951 1.9063951 1.9063951 1.9063948 1.9063947 5.458742 5.458742 5.458741 5.458741 5.45874 5.45874 5.8617554 2.6057487 2.6057487 5.4587393
