Export/ASCII/RMeteo_SP_inch/impervious0/net_infiltration_2015_SP2_inch.asc
ncols         660
nrows         338
xllcorner     1476100.0
yllcorner     5017100.0
cellsize      100
NODATA_value  -9.9000000089461e-20
[rows 156 to 181 of 338, columns 406 to 463 of 660]
0.03801268 0.03801268 0.03801268 0.03801268 0.03801268 0.03801268 0.03801268 0.03801268 0.03801268 0.03801268 0.03801268 0.03801268 0.03801268 0.03801268 0.03801268 0.03801268 0.03801268 0.03801268 0.03801268 0.25311115 0.03801268 0.083793335 0.083793335 0.083793335 0.083793335 0.083793335 0.03801268 0.083793335 0.083793335 0.083793335 0.083793335 0.083793335 0.45970204 0.45970196 1.8739934 1.8739934 0.083793335 0.083793335 0.3856789 0.3856789 0.3856789 0.083793335 0.08379333 1.8739932 0.08379333 0.08379333 1.0116677 0.08379333 0.08379333 0.08379333 0.45970196 0.25311103 0.25311103 0.25311103 0.03801268 0.6057233 0.93498486 0.93498486
0.03801263 0.03801263 0.03801263 0.03801261 0.03801261 0.03801261 0.03801261 0.03801261 0.03801261 0.03801261 0.03801261 0.03801261 0.03801261 0.03801261 0.03801261 0.03801261 0.03801261 0.03801261 0.03801261 0.25310895 0.25310895 0.45969945 0.45969945 0.6057203 0.6057203 0.08379303 0.08379303 0.08379303 0.08379303 0.08379303 1.0116589 0.08379303 0.45969933 0.45969933 0.60572 0.60572 0.60572 0.60572 0.3856759 0.736508 0.736508 1.8739882 1.8739882 1.8739882 1.8739882 1.8739882 1.0116584 0.083793014 0.083793014 1.0116584 0.45969912 0.2531086 0.2531086 0.2531086 0.08379299 0.08379299 0.9349783 0.9349783
0.03801256 0.03801256 0.38567328 0.38567328 0.03801256 0.03801256 0.03801256 0.03801256 0.03801256 0.03801256 0.03801256 0.03801256 0.03801256 0.03801256 0.03801256 0.03801256 0.03801256 0.03801256 0.45969683 0.2531063 0.08379276 0.08379276 0.45969683 1.8739827 1.8739827 1.8739827 1.8739827 0.08379276 0.08379276 0.08379274 0.08379274 0.08379274 0.45969674 0.45969674 0.6057171 0.6057171 0.6057171 0.60571706 0.3856728 1.0116484 1.0116484 0.6057168 0.6057168 0.6057168 1.8739824 1.8739824 0.08379274 0.08379274 1.0116484 1.0116484 0.4596966 0.03801256 0.03801256 0.03801256 0.03801256 1.0116472 0.93497217 0.93497217
0.038012512 0.038012512 0.038012512 0.038012512 0.04074994 0.038012512 0.038012512 0.038012512 0.038012512 0.038012512 0.038012512 0.038012512 0.038012512 0.038012512 0.038012512 0.038012512 0.038012512 0.45969418 0.45969418 0.45969418 0.083792426 0.083792426 1.0116396 1.0116396 1.0116396 1.0116396 1.8739774 1.8739774 1.8739774 1.8739774 0.08379242 0.08379242 0.08379242 1.0116396 1.8739772 1.0116396 1.0116394 1.0116394 0.3856703 1.0116394 1.0116396 0.6057136 0.6057136 0.6057136 1.8739772 1.8739772 0.08379242 0.08379242 1.8739772 1.0116391 0.08379242 0.08379242 0.03801249 0.03801249 0.03801249 0.083792396 0.6057135 0.93496567
0.038012467 0.038012467 0.038012467 0.038012467 0.038012467 0.038012467 0.038012467 0.038012467 0.038012467 0.038012467 0.038012467 0.038012467 0.03801244 0.03801244 0.03801244 0.03801244 0.03801244 0.45969173 0.4596917 0.083792165 0.083792165 0.083792165 0.08379215 1.0116293 1.8739712 1.8739712 1.8739712 1.8739712 1.8739712 1.8739712 1.8739712 1.8739712 1.0116293 1.0116289 1.8739712 1.0116289 1.0116289 1.0116289 1.0116289 1.0116289 1.0116289 1.0116289 1.0116289 1.0116289 1.8739712 1.8739712 1.0116289 1.8739712 1.8739712 1.8739712 1.8739712 0.08379213 0.03801244 0.03801244 0.0837921 0.0837921 0.60571015 0.0
0.038012393 0.038012393 0.038012393 0.038012393 0.038012393 0.038012393 0.038012393 0.038012393 0.038012393 0.038012393 0.038012393 0.038012393 0.038012393 0.038012393 0.038012393 0.038012393 0.038012393 0.08379187 0.45968905 0.45968905 0.08379187 0.083791845 0.083791845 0.083791845 1.8739667 1.8739667 1.8739667 1.8739667 1.8739667 1.8739667 1.8739667 1.0116196 1.0116196 1.0116196 1.0116196 1.0116196 1.0116196 1.0116196 1.0116196 1.0116196 1.0116196 1.0116196 1.0116196 1.0116196 1.8739667 1.8739667 1.8739667 0.6057069 1.0116189 0.45968875 1.8739667 0.08379182 0.038012393 0.038012393 0.08379182 0.083791815 1.0116189 0.73649967
0.038012322 0.038012322 0.038012322 0.038012322 0.038012322 0.038012322 0.038012322 0.038012322 0.038012322 0.038012322 0.038012322 0.038012322 0.038012322 0.038012322 0.038012322 0.038012322 0.038012322 0.08379155 0.45968646 0.45968646 0.08379155 0.038012322 0.038012322 0.08379155 0.60570407 0.60570407 1.8739617 1.8739617 1.8739617 0.72976744 1.8739617 0.60570383 0.60570383 1.0116098 1.0116098 0.60570383 1.0116098 1.0116098 1.0116098 1.0116098 1.0116098 1.0116098 1.0116098 1.0116098 1.8739607 1.8739607 0.6057038 0.6057037 1.0116096 0.6057037 0.6057037 0.38566136 0.38566136 0.38566136 0.73649776 0.73649776 0.73649776 0.7689549
0.03801225 0.03801225 0.03801225 0.03801225 0.03801225 0.03801225 0.03801225 0.03801225 0.03801225 0.03801225 0.03801225 0.03801225 0.03801225 0.03801225 0.03801225 0.03801225 0.03801225 0.03801225 0.08379123 0.45968384 0.03801225 0.03801225 0.03801225 0.08379123 0.60570085 0.60570085 0.60570085 1.0116 0.7364961 0.32419023 0.08379121 0.08379121 0.08379121 0.08379121 0.08379121 0.6057007 1.0115998 1.0115998 1.0115998 1.0115993 1.0115993 1.0115993 1.0115993 1.0115993 0.45968363 1.873955 0.08379121 0.08379121 0.60570043 0.60570043 0.38565874 0.38565874 0.38565874 0.60570043 0.6219289 1.0440552 1.0440552 1.0115991
0.08379097 0.08379097 0.08379097 0.038012203 0.038012203 0.7364942 0.038012203 0.038012203 0.038012203 0.038012203 0.038012203 0.038012203 0.038012203 0.038012203 0.038012203 0.038012203 0.038012203 0.038012203 0.038012203 0.2530923 0.038012203 0.038012203 0.038012203 0.08379097 0.6056976 0.6056975 0.6056975 1.01159 0.73649395 0.25309217 0.08379094 0.038012203 0.038012203 0.038012203 0.08379091 1.01159 1.01159 1.01159 0.60569745 0.60569733 1.0115898 1.0115898 1.0115898 0.4596809 0.4596809 1.9436235 0.08379087 0.08379087 0.6056971 0.385656 0.385656 0.385656 0.385656 0.605697 0.605697 1.0115893 1.011589 1.011589
0.083790645 1.0115824 1.0115824 0.038012132 0.038012132 0.038012322 0.038012132 0.038012132 0.038012132 0.038012132 0.038012132 0.038012132 0.038012132 0.038012132 0.038012132 0.038012132 0.038012132 0.038012132 0.25308996 0.25308996 0.25308996 0.25308996 0.25308996 0.45967847 0.45967847 0.4596784 1.0115812 1.0115812 0.38565338 0.26508024 0.3856535 0.60569394 0.60569394 0.60569394 0.60569394 0.60569394 0.60569394 0.60569394 0.60569394 0.60569394 0.60569394 0.60569406 0.60569406 0.60569406 0.60569406 0.60569406 0.60569406 0.60569406 0.38565314 0.38565302 0.38565302 0.38565302 0.38565302 0.38565302 0.38565302 0.38565302 1.0115793 1.0115793
0.08379033 1.0115712 1.0115712 0.038012084 0.038012084 0.038012084 0.038012084 0.038012084 0.038012084 0.038012084 0.038012084 0.038012084 0.038012084 0.038012084 0.038012084 0.038012084 0.038012084 0.2530876 0.2530876 0.2530876 0.2530876 0.2530876 0.2530876 0.2530876 0.2530876 0.45967597 0.45967597 0.45967597 0.4596759 0.2530875 1.0115702 1.0115702 0.6056908 0.6056908 0.6056908 0.6056908 0.6056908 0.6056908 0.6056908 0.6056907 0.38565052 0.38565052 0.38565052 0.38565052 0.38565052 0.38565052 0.38565052 0.38565052 0.38565052 0.38565052 0.38565052 0.38565052 0.38565052 0.38565052 0.38565052 0.38565052 1.0115697 1.0115697
1.0115616 1.0115616 1.0115616 0.038012035 0.038012035 0.038012035 0.038012035 0.038012035 0.038012035 0.038012035 0.038012035 0.038012035 0.054985512 0.038012035 0.038012035 0.038012035 0.038012035 0.2530855 0.2530854 0.736488 0.2530854 0.2530854 0.2530854 0.25308532 0.25308532 0.25308532 0.25308532 0.25308532 0.25308532 0.25308532 1.0115609 1.0115609 0.60568756 0.60568756 0.6056875 0.6056875 0.60568744 0.60568744 0.60568744 0.38564765 0.38564754 0.38564754 0.38564754 0.38564754 0.38564754 0.38564754 0.38564754 0.38564754 0.38564754 0.38564754 0.38564754 0.38564742 0.38564742 0.38564742 0.3856473 0.6056873 0.6056873 0.0
0.083789706 0.083789706 0.0837897 0.038011964 0.038011964 0.038011964 0.038011964 0.038011964 0.038011964 0.038011964 0.038011964 0.038011964 0.038011964 0.038011964 0.038011964 0.038011964 0.038011964 0.038011964 0.038011964 0.038011964 0.03801218 0.25308284 0.25308284 0.25308284 0.25308284 0.25308284 0.25308284 0.25308284 0.25308284 0.25308284 1.0115509 1.0115509 1.0115509 0.6056843 0.60568404 0.60568404 0.60568404 0.60568404 0.3856449 0.3856448 0.3856448 0.3856448 0.3856448 0.38564456 0.38564456 0.38564456 0.38564456 0.38564456 0.38564467 0.38564467 0.38564467 0.38564467 0.38564467 0.38564467 0.38564467 0.38564467 0.60568386 0.73648584
0.038011916 0.038011916 0.038011916 0.038011916 0.038011916 0.038011916 0.038011916 0.038011916 0.038011916 0.038011916 0.038011916 0.038011916 0.038011916 0.038011916 0.038011916 0.038011916 0.038011916 0.038011916 0.038011916 0.038011916 0.038011916 0.038011916 0.25308034 0.25308034 0.25308034 0.25308034 0.25308034 0.25308034 0.25308034 0.25308034 0.459668 0.459668 0.459668 1.0115414 0.605681 0.605681 0.605681 0.605681 0.38564205 0.38564205 0.38564193 0.38564193 0.38564193 0.38564193 0.38564193 0.38564193 0.38564193 0.38564193 0.38564193 0.38564193 0.38564193 0.38564193 0.38564193 0.38564193 0.38564193 0.38564193 0.6056808 0.7689308
0.038011845 0.038011845 0.038011845 0.038011845 0.038011845 0.038011845 0.038011845 0.038011845 0.038011845 0.038011845 0.038011845 0.054984607 0.038011845 0.038011845 0.038011845 0.038011845 0.038011845 0.25307816 0.25307816 0.7364818 0.25307816 0.25307816 0.25307816 0.25307816 0.25307816 0.25307816 0.25307816 0.25307807 0.25307807 0.25307807 0.25307807 0.4596653 0.4596653 1.0115318 1.0115318 0.60567755 0.60567755 0.60567755 0.38563943 0.38563943 0.38563943 0.38563943 0.3856393 0.3856393 0.3856392 0.3856392 0.3856392 0.3856392 0.3856392 0.3856392 0.38563907 0.38563907 0.38563907 0.38563907 0.38563907 0.38563907 0.6056775 0.76894915
0.038011774 0.038011774 0.038011774 0.038011774 0.038011774 0.038011774 0.038011774 0.038011774 0.038011774 0.038011774 0.038011774 0.038011774 0.038011774 0.038011774 0.038011797 0.038011797 0.038011797 0.038011797 0.25307587 0.26506317 0.25307587 0.25307587 0.25307587 0.25307587 0.25307587 0.25307587 0.25307587 0.25307587 0.25307587 0.038011797 0.25307587 0.45966265 0.4596626 1.0115218 0.6056743 0.6056743 0.60567427 0.60567427 0.3856367 0.3856367 0.3856367 0.3856367 0.3856367 0.3856367 0.38563657 0.38563633 0.38563633 0.38563633 0.3856361 0.3856361 0.3856361 0.3856361 0.3856361 0.3856361 0.38563597 0.38563597 0.60567415 0.0
0.038011726 0.038011726 0.038011726 0.038011726 0.038011726 0.038011726 0.038011726 0.038011726 0.038011726 0.038011726 0.038011726 0.038011726 0.038011726 0.038011726 0.038011726 0.038011726 0.038011726 0.038011726 0.2530734 0.2530734 0.2530734 0.2530734 0.2530734 0.2530734 0.2530734 0.2530734 0.2530733 0.2530733 0.038011726 0.038011726 0.038011726 0.45966002 0.45966002 1.0115123 0.6056711 0.6056711 0.6056711 0.6056711 0.3856337 0.3856337 0.3856337 0.3856337 0.3856337 0.3856337 0.3856337 0.3856337 0.3856337 0.3856337 0.3856337 0.3856337 0.38563335 0.38563335 0.38563335 0.38563335 0.38563335 0.38563335 0.60567075 0.0
0.038011678 0.038011678 0.038011678 0.038011678 0.038011678 0.038011678 0.038011678 0.038011678 0.038011678 0.038011678 0.038011678 0.038011678 0.038011678 0.038011678 0.054983724 0.038011678 0.038011678 0.038011678 0.2530712 0.2530711 0.2530711 0.2530711 0.2530711 0.2530711 0.25307092 0.25307092 0.25307092 0.038011678 0.038011678 0.038011678 0.038011678 0.038011678 0.45965743 0.083788134 0.083788134 0.083788134 0.60566765 0.38563073 0.38563073 0.38563073 0.41969752 0.38563073 0.38563073 0.38563073 0.38563073 0.38563073 0.3856306 0.3856306 0.3856306 0.3856306 0.3856306 0.3856306 0.3856306 0.3856306 0.3856306 0.3856306 0.6056676 0.0
0.038011633 0.038011633 0.038011633 0.038011633 0.038011633 0.038011633 0.038011633 0.038011633 0.038011633 0.038011633 0.038011633 0.7364737 0.038011633 0.038011633 0.038011633 0.038011633 0.038011633 0.038011633 0.25306845 0.25306845 0.25306845 0.25306845 0.038011584 0.038011584 0.038011584 0.3856281 0.038011584 0.038011584 0.038011584 0.038011584 0.038011584 0.038011584 0.083787866 0.08378785 0.038011584 0.08378785 0.08378785 0.6056644 0.38562799 0.38562799 0.38562799 0.38562799 0.38562787 0.38562787 0.38562787 0.38562787 0.38562787 0.38562787 0.38562787 0.38562787 0.38562787 0.38562787 0.38562787 0.38562787 0.38562787 0.38562787 0.6056643 0.73647344
0.038011536 0.038011536 0.038011536 0.038011536 0.038011536 0.038011536 0.038011536 0.038011536 0.038011536 0.038011536 0.038011536 0.038011536 0.038011752 0.038011536 0.038011536 0.038011536 0.038011536 0.038011536 0.25306633 0.25306633 0.73647153 0.038011536 0.038011536 0.038011536 0.038011536 0.038011536 0.038011536 0.038011536 0.038011536 0.038011536 0.038011536 0.038011536 0.038011536 0.038011536 0.038011536 0.038011536 0.08378753 0.6056613 0.6056613 0.38562536 0.60566103 0.38562536 0.38562536 0.38562536 0.38562536 0.38562536 0.38562536 0.38562536 0.38562536 0.38562536 0.38562536 0.38562536 0.38562536 0.38562524 0.38562524 0.38562524 0.38562524 0.7689096
0.038011488 0.038011488 0.038011488 0.038011488 0.038011488 0.038011488 0.038011488 0.038011488 0.038011488 0.038011488 0.038011488 0.038011488 0.038011488 0.038011488 0.038011488 0.038011488 0.038011488 0.038011488 0.25306395 0.25306395 0.76890624 0.038011488 0.038011488 0.038011488 0.038011488 0.038011488 0.038011488 0.038011488 0.038011488 0.25306395 0.25306395 0.038011488 0.038011488 0.038011488 0.038011488 0.08378727 0.08378727 0.6056581 0.38562226 0.38562226 0.38562226 0.38562226 0.38562226 0.38562226 0.605658 0.38562226 0.38562226 0.38562226 0.38562226 0.38562202 0.38562202 0.38562202 0.38562202 0.38562202 0.38562202 0.38562202 0.38562202 0.7689282
0.03801144 0.03801144 0.03801144 0.03801144 0.03801144 0.03801144 0.03801144 0.03801144 0.08378699 0.03801144 0.03801144 0.03801144 0.03801144 0.03801144 0.03801144 0.054982483 0.03801144 0.03801144 0.25306147 0.25306147 0.4017172 0.03801144 0.03801144 0.03801144 0.03801144 0.03801144 0.03801144 0.03801144 0.03801144 0.25306147 0.25306147 0.03801144 0.03801144 0.03801144 0.03801144 0.083786964 0.083786964 1.8738809 0.7296895 0.7296895 0.7296895 0.38561952 0.38561952 0.3856194 0.3856194 0.3856194 0.6056546 0.38561928 0.38561928 0.38561928 0.38561928 0.38561928 0.38561928 0.38561928 0.38561928 0.38561928 0.38561928 0.7621454
0.038011394 0.038011394 0.038011394 0.038011394 0.038011394 0.038011394 0.038011394 0.038011394 1.0114536 1.0114536 1.0114536 0.7364656 0.038011394 0.038011394 0.038011394 0.038011394 0.038011394 0.25305918 0.25305918 0.3856169 0.038011394 0.038011394 0.038011394 0.038011394 0.038011394 0.038011394 0.038011394 0.038011394 0.038011394 0.25305918 0.25305918 0.25305918 0.038011394 0.038011394 0.038011394 0.038011394 0.038011394 0.038011394 0.729684 0.95764697 0.95764697 0.95764697 0.38561666 0.38561666 0.38561666 0.38561666 0.38561666 0.6056514 0.38561666 0.38561666 0.38561666 0.38561666 0.38561666 0.38561666 0.38561666 0.7296835 0.7296835 0.7296835
0.03801132 0.03801132 0.03801132 0.03801132 0.03801132 0.03801132 0.03801132 0.03801132 0.08378636 1.0114439 1.0114436 1.0114436 0.03801132 0.03801132 0.03801132 0.03801132 0.03801132 0.25305688 0.25305688 0.7364634 0.03801132 0.03801132 0.03801132 0.03801132 0.03801132 0.03801132 0.03801132 0.03801132 0.03801132 0.03801132 0.2530568 0.2530568 0.2530568 0.03801132 0.03801132 0.03801132 0.38561392 0.38561392 0.729679 0.729679 0.95764196 1.1668569 0.729679 0.38561392 0.38561392 0.38561392 0.03801132 0.08378634 0.38561392 0.38561392 0.38561392 0.38561392 0.6056479 0.72967875 0.0 0.0 0.9576417 0.9576417
0.038011275 0.038011275 0.038011275 0.038011275 0.038011275 0.038011275 0.038011275 0.038011275 0.083786055 0.93483496 0.93483496 0.6056451 0.083786055 0.038011275 0.038011275 0.038011275 0.038011275 0.2530544 0.7364615 0.76889193 0.038011275 0.038011275 0.038011275 0.3856113 0.038011275 0.038011275 0.038011275 0.038011275 0.038011275 0.2530544 0.2530544 0.2530544 0.2530544 0.2530544 0.7364615 0.038011227 0.3856113 0.3856113 0.729674 0.729674 0.95763695 0.729674 0.95763695 0.729674 0.729674 0.2530544 0.25305432 0.08378604 0.38561118 0.38561118 0.38561118 0.38561118 0.60564464 0.9576367 0.72967374 0.0 0.9576367 0.9576367
0.03801118 0.03801118 0.03801118 0.03801118 0.03801118 0.03801118 0.03801118 0.03801118 0.08378575 0.93482906 0.93482906 1.011425 0.6056417 0.38560855 0.38560855 0.38560855 0.38560855 0.25305212 0.7364594 0.8013402 0.38560855 0.25305203 0.25305203 0.25305203 0.25305203 0.25305203 0.25305203 0.25305203 0.25305194 0.25305194 0.25305185 0.25305185 0.03801118 0.7364594 0.76888883 0.7364594 0.729669 0.95763123 0.72966874 0.95763123 0.72966874 0.95763123 0.95763123 0.25305185 0.32414615 0.32414615 0.25305185 0.083785735 0.3856082 0.3856082 0.3856082 0.3856082 0.6056414 0.9576305 0.729668 0.0 0.0 0.045002162
