Export/ASCII/RMeteo_SP_inch/impervious0/net_infiltration_2016_SP2_inch.asc
ncols         660
nrows         338
xllcorner     1476100.0
yllcorner     5017100.0
cellsize      100
NODATA_value  -9.9000000089461e-20
[rows 52 to 77 of 338, columns 236 to 294 of 660]
1.0981028 0.8182825 0.5706317 0.4921892 1.1369196 1.1369196 1.1369196 1.4131795 1.4131795 0.71245384 0.71245384 1.3645126 0.08657174 0.08657174 0.103603505 0.71245384 0.71245384 0.8716968 1.3645126 0.4847015 0.4847015 0.4847015 0.4847015 0.4847015 0.07155523 0.12887019 0.12887019 0.12887019 0.93609285 0.93609285 0.69840324 0.69840324 0.93609285 0.93609285 0.93609285 0.93609285 0.93609285 0.93609285 0.12887019 0.12887019 0.07155523 0.07155523 0.07155523 0.07155523 0.07155523 0.07155523 0.07155523 0.07155523 0.07155523 0.07155523 0.07155523 0.07155523 0.07155523 0.12887019 2.5825615 1.7305915 0.69840324 0.69840324 0.48470134
0.81828016 0.81828016 0.547916 0.48470008 0.48470008 1.1369174 1.3645111 1.3645111 1.3645111 1.3645111 1.3645111 1.3645111 0.07155489 0.07155489 0.07155489 0.07155489 0.7124522 0.7124522 1.3645111 0.48470008 0.48470008 0.48470008 0.48470008 0.48470008 0.07155489 0.07155489 0.12886982 0.12886982 1.7305827 2.3763502 2.3763502 0.6984016 2.3763502 0.93609095 0.93609095 0.9669721 0.93609095 0.93609095 0.12886982 0.12886982 0.07155489 0.07155489 0.07155489 0.07155489 0.07155489 0.07155489 0.07155489 0.07155489 0.12886982 0.12886982 0.12886982 0.12886982 0.12886982 0.93609095 0.93609095 0.12886982 0.6984016 0.6984016 0.6984016
0.8182776 0.8182776 0.8182776 0.48469883 0.48469883 1.3645097 1.3645097 1.3645097 1.4955316 1.4955316 1.4955316 1.3645097 1.3645097 1.3645097 1.3645097 1.3645097 1.3645097 1.3645097 1.3645097 1.3645097 0.07155458 0.48469883 0.48469883 0.07155458 0.07155458 0.07155458 0.12886947 0.12886947 0.12886947 0.12886947 0.12886947 2.3763437 2.5765886 0.93608904 0.69840026 2.3763437 2.3763437 2.3763437 1.1855843 0.12886947 0.07155458 0.07155458 0.07155458 0.12886946 0.12886946 0.12886946 0.12886946 0.12886946 0.12886946 2.3763437 2.3763437 2.3763437 2.3763437 2.3763437 2.3763437 2.3763437 2.3763437 2.3763437 2.3763437
2.7025902 0.81827515 0.81827515 1.3645083 1.3645083 1.4955306 1.4955306 1.4955306 1.6974497 1.3645083 0.78192127 0.5873102 0.5873102 1.3645083 1.4955306 1.4955306 1.3645083 1.4955306 1.4955306 1.4955306 1.3645083 0.4846973 0.4846973 0.4846973 1.3645083 0.0715542 0.12886903 0.12886903 0.12886903 0.12886903 0.12886903 0.12886903 2.3763378 2.3763378 0.69839853 2.3763378 2.3763378 2.3763378 0.12886903 0.12886903 0.12886903 0.0715542 0.0715542 0.12886903 1.7305672 2.3763378 2.3763378 2.3763378 2.3763378 0.69839853 0.69839853 2.3763375 2.3763375 1.4257869 1.4257869 2.3763375 2.3763375 1.7305672 2.3763375
2.7025838 0.81827295 0.81827295 0.5873089 1.4955297 1.6974463 1.3645073 1.9276364 1.6974463 1.4955297 0.48469618 0.48469618 0.48469618 0.5873089 2.0129564 1.3645073 0.732008 0.71666217 0.48469618 0.78191906 0.5873089 0.48469618 0.48469618 0.48469618 1.4955297 0.48469618 0.69839704 0.12886871 0.12886871 0.12886871 0.12886871 0.12886871 0.12886871 1.1855748 0.69839704 0.69839704 2.3763313 2.3763313 0.12886871 0.12886871 0.07155386 0.07155386 0.07155386 0.12886871 1.7305589 1.7305589 2.3763313 2.3763313 2.3763313 0.69839704 0.69839704 0.69839704 2.3763313 1.4257839 1.4257839 2.3763313 2.3763313 0.69839704 0.69839704
0.8182705 0.8182705 0.54791045 0.48469466 0.48469466 1.9276326 1.4955287 2.0129535 1.3645059 1.9276326 0.48469466 0.48469466 0.48469466 0.48469466 0.65119416 0.5873069 0.48469466 0.48469466 0.48469466 0.48469466 0.48469466 0.48469466 0.48469466 0.48469466 0.65119416 0.69839555 0.69839555 0.69839555 0.1288683 0.1288683 0.1288683 0.1288683 0.1288683 0.69839555 0.69839555 0.69839555 1.7305512 1.730551 0.1288683 0.071553506 0.071553506 0.071553506 0.071553506 0.1288683 1.730551 1.730551 2.3763254 1.730551 0.69839555 0.69839555 0.69839555 0.69839555 2.3763254 1.4257803 0.69839555 0.69839555 0.69839555 0.69839555 0.69839555
0.8182678 0.8182678 0.54790914 0.69839406 0.4846936 2.0129492 1.364504 1.6974399 1.4955273 2.0129492 1.4131643 0.4846936 0.4846936 0.4846934 0.4846934 0.4846934 0.4846934 0.4846934 0.4846934 0.4846934 0.4846934 0.4846934 0.4846934 0.4846934 0.4846934 0.4846934 0.69839406 0.69839406 0.4846934 0.1288679 0.1288679 0.1288679 2.3763196 0.9360813 0.9360813 0.9360813 1.7305436 1.7305436 0.1288679 0.07155322 0.07155322 0.07155322 0.07155322 0.1288679 2.3763196 2.3763196 2.3763196 1.7305436 0.69839394 0.4846934 0.69839394 0.69839394 2.3763196 0.69839394 0.4846934 0.69839394 0.69839394 0.69839394 0.69839394
0.08348241 0.08348241 0.08348241 0.69839257 0.48469207 1.3645025 1.4955263 1.6974375 1.3645025 1.6974375 1.39071 0.48469207 0.48469207 0.48469207 0.48469207 0.48469207 0.48469207 0.48469207 0.48469207 0.48469207 0.48469207 0.69839257 0.48469207 0.48469207 0.48469207 0.48469207 0.48469207 0.69839257 0.69839257 0.12886754 0.12886754 0.12886754 2.3763132 0.9360794 0.9360794 0.9360794 0.9360794 1.730536 0.12886754 0.12886754 0.12886754 0.12886754 0.12886754 0.12886754 2.3763132 2.3763132 2.3763132 1.7305357 1.4131612 1.4131612 1.7305357 1.7305357 2.3763132 0.6983922 0.6983922 0.48469195 0.6983922 0.6983922 0.6983922
0.1468691 0.0834821 0.0834821 0.698391 0.48469073 1.3645011 1.6974337 1.6974337 1.4955254 1.3645011 0.07155255 0.07155255 0.48469073 0.48469073 0.48469073 0.48469073 0.48469073 0.48469073 0.48469073 0.48469073 0.48469073 0.48469073 0.48469073 0.48469073 0.48469073 0.48469073 0.48469073 0.698391 0.698391 0.12886715 0.12886715 0.12886715 2.376307 2.376307 2.376307 2.376307 0.9360775 2.376307 0.12886715 0.12886715 0.12886715 0.12886715 0.12886715 0.07155255 0.12886715 2.376307 2.376307 1.7305274 1.756964 1.756964 1.7305274 1.7305274 1.7305274 1.7305274 0.6983909 0.6983909 0.6983909 0.6983909 0.6983909
0.14686851 0.08348176 0.08348176 0.6983893 1.3644997 1.4955244 2.0129397 1.3644997 1.6974318 1.4955244 0.071552224 0.071552224 0.071552224 0.4846894 0.4846894 0.4846894 0.4846894 0.4846894 0.4846894 0.4846894 0.4846894 0.4846894 0.4846894 0.4846894 0.6983893 0.6983893 0.6983893 0.6983893 0.12886676 0.12886676 0.12886676 0.12886676 2.376301 2.376301 2.376301 2.376301 2.376301 2.376301 2.376301 0.12886676 0.12886676 0.12886676 0.12886676 0.071552224 0.12886676 2.376301 2.376301 2.376301 1.7305195 1.7305195 2.376301 0.6983893 0.4846894 0.6983893 0.6983893 0.6983893 0.4846894 0.4846894 0.6983893
0.1468679 0.1468679 0.1468679 0.69838786 0.5872992 0.48468804 1.3644983 1.3644983 1.6974285 1.3644983 0.07155189 0.07155189 0.07155189 0.48468804 0.48468804 0.48468804 0.48468804 0.48468804 0.48468804 0.48468804 0.48468804 0.48468804 0.48468804 0.48468804 0.69838786 0.69838786 0.93607366 0.93607366 0.93607366 2.3762949 2.3762949 2.3762949 2.3762949 2.3762949 2.3762949 2.3762949 2.3762949 2.3762949 2.3762949 2.3762949 0.12886636 0.12886636 0.07155189 0.07155189 0.69838774 0.69838774 0.69838774 0.69838774 0.69838774 0.69838774 0.69838774 0.69838774 0.48468804 0.69838774 0.69838774 0.48468804 0.48468804 0.48468804 0.69838774
0.81825554 0.81825554 0.81825554 0.6983862 0.6983862 1.3644968 1.4955225 1.1368928 1.1368928 0.58729756 0.48468664 0.071551554 0.071551554 0.48468664 0.48468664 0.48468664 0.6983862 0.6983862 0.6983862 0.6983862 0.6983862 0.48468664 0.6983862 0.6983862 0.6983862 0.6983862 0.93607175 0.93607175 0.93607175 0.93607175 2.376289 2.376289 2.376289 2.376289 2.376289 2.376289 2.376289 2.376289 2.376289 2.376289 2.376289 1.7305031 0.128866 0.128866 0.6983862 0.6983862 0.6983862 0.6983862 0.6983862 0.6983862 0.6983862 0.6983862 0.6983862 0.48468664 0.48468664 0.48468664 0.48468664 0.48468664 0.48468664
0.8182531 0.8182531 0.8182531 0.6983847 2.3762827 2.7845027 1.697422 1.1368911 1.1368911 0.48468548 0.48468548 0.07155124 0.07155124 0.48468548 0.48468548 0.48468548 0.6983847 0.6983847 2.3762827 0.6983847 0.6983847 0.6983847 0.6983847 0.6983847 0.1288656 0.1288656 0.07155124 2.3762827 0.93606985 0.93606985 2.3762827 0.93606985 2.3762827 2.3762827 2.3762827 2.3762827 2.3762827 0.6983847 0.6983847 0.6983847 1.7304955 2.3762827 2.3762827 0.1288656 2.3762827 2.3762827 2.3762825 0.6983846 0.6983846 0.6983846 0.6983846 0.6983846 0.6983846 0.4846853 0.4846853 0.4846853 0.4846853 0.4846853 0.4846853
0.8182506 0.8182506 0.8182506 0.69838315 2.3762767 2.3762767 1.4257545 1.5398965 1.1368883 0.484684 1.3644944 1.3644944 1.3644944 0.484684 0.69838315 0.484684 0.69838315 0.69838315 0.69838315 0.69838315 0.69838315 0.69838315 0.69838315 0.69838315 0.12886523 0.12886523 0.12886523 0.9360677 0.9360677 2.3762765 0.9360677 0.9360677 2.3762765 2.3762765 2.3762765 0.69838315 0.69838315 0.69838315 0.69838315 0.69838315 0.69838315 0.69838315 2.3762765 1.4257544 0.9360677 2.3762765 2.3762765 0.69838315 0.69838315 0.484684 0.69838315 1.7304876 0.69838315 0.484684 0.484684 0.484684 0.484684 0.484684 0.484684
0.8182482 0.8182482 0.8182482 2.3762703 2.3762703 2.3762703 0.1288648 0.07155055 1.3644925 1.3644925 1.4955192 1.3927203 1.3927203 0.48468253 0.48468253 0.48468253 0.6983816 1.7304797 0.6983816 0.6983816 0.6983816 0.6983816 0.6983816 0.6983816 0.1288648 2.3762703 2.3762703 0.9360658 0.9360658 1.3644925 2.3762703 2.3762703 2.37627 2.37627 0.1288648 0.6983816 0.6983816 0.48468253 0.48468253 0.48468253 0.48468253 0.6983816 2.37627 0.1288648 0.9360658 0.1288648 0.1288648 2.37627 0.6983816 0.48468253 0.6983816 1.7304797 0.6983816 0.48468253 0.6983816 0.6983816 0.48468253 0.48468253 0.48468253
0.818246 0.818246 2.7025034 0.12886445 0.12886445 0.12886445 0.12886445 0.12886445 0.07155021 0.07155021 0.71242857 1.1368831 0.4846813 0.6983802 0.4846813 0.4846813 0.6983802 1.7304716 0.6983802 0.6983802 0.6983802 0.6983802 2.376264 2.376264 0.12886445 2.376264 0.6983802 0.6983802 2.376264 0.4846813 1.3644911 2.376264 2.376264 0.12886445 0.6983802 0.6983802 0.4846813 0.4846813 0.07155021 0.07155021 0.07155021 0.6983802 0.9360639 0.12886445 0.12886445 0.12886445 0.12886445 0.12886445 0.6983802 0.6983802 0.6983802 1.7304714 0.6983802 0.6983802 0.6983802 0.6983802 0.51601684 0.4846813 0.4846813
0.14686428 0.14686428 0.14686428 0.12886405 0.12886405 0.12886405 0.69837844 0.48467988 0.12886405 0.12886405 0.69837844 0.48467988 0.69837844 0.69837844 0.48467988 0.48467988 0.69837844 0.12886405 0.12886405 0.12886405 1.7304635 2.3762581 2.3762581 2.3762581 2.3762581 0.69837844 0.69837844 0.69837844 0.69837844 0.936062 0.87166333 1.3644897 0.12886405 0.12886402 0.69837844 0.69837844 0.48467988 0.5160154 0.07154984 0.07154984 0.07154984 0.12886402 0.69837844 0.12886402 0.12886402 0.12886402 0.12886402 0.12886402 0.12886402 2.3762581 2.3762581 2.5765033 2.3762581 2.376258 2.376258 0.69837844 0.48467988 0.48467988 0.48467988
0.08347906 0.14686368 0.14686368 0.12886369 2.3762517 0.6983769 0.6983769 0.48467842 0.12886369 0.6983769 0.6983769 0.48467842 0.6983769 0.48467842 0.48467842 0.48467842 0.6983769 0.12886369 0.07154953 0.6983769 1.7304559 1.7304559 0.9360601 2.3762515 2.3762515 0.69837683 0.69837683 0.69837683 0.69837683 0.71242523 0.71242523 0.08656552 0.71242523 0.69837683 0.69837683 0.69837683 0.4846785 0.4846785 0.07154953 0.12886369 0.12886369 0.12886369 0.69837683 0.93605995 0.12886369 0.12886369 0.12886369 0.12886369 0.12886369 0.12886369 0.4846785 2.3762515 2.3762515 2.3762515 2.3762515 0.69837683 0.69837683 0.4846785 0.48467842
0.14686309 0.08347871 0.14686309 2.376245 0.69837534 0.69837534 0.4846772 0.4846772 0.69837534 0.69837534 0.4846772 0.4846772 0.4846772 0.4846772 0.4846772 0.071549214 0.12886328 0.12886328 0.4846772 0.69837534 0.69837534 0.93605804 0.93605804 0.69837534 0.69837534 0.12886328 0.12886328 0.69837534 0.69837534 0.71242344 1.3644868 1.3644868 0.71242344 0.4846772 0.4846772 0.07154919 0.4846772 0.4846772 0.07154919 0.93605804 0.69837534 0.69837534 0.93605804 0.93605804 0.12886328 0.12886328 0.12886328 0.12886328 0.12886328 0.12886328 1.7304478 0.69837534 2.376245 2.376245 2.376245 0.69837534 0.69837534 0.69837534 0.69837534
0.14686246 0.81823593 0.14686246 0.69837385 0.69837385 0.69837385 0.48467585 0.48467585 0.48467585 0.48467585 0.48467585 0.48467585 0.48467585 0.48467585 0.07154888 0.07154888 0.07154888 0.07154888 0.48467585 0.69837385 0.69837385 0.69837385 0.69837385 0.69837385 0.69837385 0.69837385 0.07154888 0.12886289 0.69837385 1.3644854 1.3644854 0.08656477 0.07154888 0.07154888 0.07154888 0.48467585 0.69837385 0.69837385 0.12886289 0.936056 0.69837385 0.69837385 0.69837385 0.936056 0.12886289 0.12886289 0.12886289 0.12886289 0.12886289 1.7304399 0.12886289 0.12886289 0.12886289 2.3762395 2.3762395 0.69837385 0.69837385 0.12886289 0.69837385
0.8182335 0.8182335 0.8182335 0.69837224 0.4846744 0.69837224 0.4846744 0.4846744 0.4846744 0.4846744 0.4846744 0.4846744 0.4846744 0.4846744 0.07154853 0.07154853 0.07154853 0.4846744 0.69837224 0.69837224 0.69837224 0.69837224 0.69837224 0.69837224 0.69837224 0.69837224 0.12886252 0.12886252 0.12886252 1.495513 1.495513 0.07154853 0.12886252 0.12886252 0.07154853 0.07154853 0.12886252 2.3762336 0.69837224 0.69837224 2.3762336 0.69837224 0.69837224 2.3762336 0.12886252 0.12886252 0.12886252 0.12886252 0.12886252 0.12886252 0.12886252 0.12886252 0.12886252 2.3762336 0.9360541 0.9360541 0.9360541 0.9360541 0.6983721
0.54788864 0.54788864 0.818231 0.6983708 0.6983708 0.07154824 0.07154824 0.4846732 0.4846732 0.4846732 0.4846732 0.4846732 0.4846732 0.4846732 0.4846732 0.4846732 0.4846732 0.4846732 0.6983708 0.6983708 0.6983708 0.6983708 0.6983708 0.6983708 0.6983708 2.3762271 2.3762271 2.3762271 2.3762271 0.16133659 0.09577966 0.07154824 0.12886214 0.12886214 0.12886214 0.12886211 0.6983708 0.6983708 0.6983708 0.6983708 0.6983708 2.3762271 2.3762271 2.3762271 2.3762271 2.3762271 2.3762271 0.12886211 0.12886211 2.3762271 0.9360523 0.9360523 0.6983708 0.6983708 0.6983708 0.6983708 0.9360523 0.6983708 0.6983708
0.5478871 0.08347735 0.08347735 0.69836915 0.69836915 0.48467165 0.07154786 0.07154786 0.07154786 0.48467165 0.69836915 0.48467165 0.48467165 0.48467165 0.48467165 0.48467165 0.48467165 0.69836915 0.69836915 0.69836915 0.69836915 0.69836915 0.12886171 0.9360502 0.9360502 2.3762212 2.3762212 2.3762212 0.12886171 0.12886171 0.07154786 0.07154786 1.3644811 0.9360502 2.3762212 2.3762212 0.69836915 0.69836915 0.69836915 0.69836915 0.69836915 2.3762212 2.3762212 2.3762212 2.3762212 2.3762212 2.3762212 0.12886171 0.12886171 2.376221 0.9360502 0.9360502 0.69836915 0.48467165 0.48467165 0.69836915 0.12886171 0.12092885 0.12886171
0.54788566 0.81822616 0.14686006 0.7124151 0.4846704 0.4846704 0.07154757 0.07154757 0.4846704 0.4846704 0.6983677 0.6983677 0.6983677 0.07154757 0.4846704 0.6983677 0.6983677 0.6983677 0.9360484 2.376215 2.376215 0.6983677 0.6983677 0.4846704 0.6983677 0.6983677 2.376215 2.376215 0.12886135 0.12886135 0.07154757 0.0815562 0.7124151 0.7124151 2.376215 2.376215 2.3762147 2.57646 2.3762147 0.6983677 2.3762147 2.3762147 2.3762147 2.3762147 2.3762147 2.3762147 2.3762147 2.3762147 2.3762147 1.7304077 0.12886135 2.3762147 0.4846704 0.4846704 0.4846704 0.12886135 0.12886135 0.12886135 0.12886135
0.54788435 0.8182238 0.8182238 0.4846691 0.4846691 0.69836605 0.071547195 0.071547195 0.071547195 0.071547195 0.12886097 0.12886097 0.12886097 0.12886097 0.12886097 0.12886097 0.12886097 2.3762088 2.3762088 2.5824301 2.3762088 0.69836605 0.69836605 0.4846691 0.4846691 0.69836605 2.3762088 2.3762088 0.12886097 0.12886097 0.071547195 0.071547195 0.4846691 0.4846691 0.69836605 0.69836605 0.69836605 2.3762088 2.3762088 2.3762088 2.3762088 2.3762088 2.3762088 2.3762088 2.3762088 2.3762088 2.3762088 2.3762088 2.3762088 0.6983659 0.6983659 0.48466903 0.48466903 0.48466903 0.48466903 0.071547195 0.12886097 0.6983659 0.93604636
0.5478831 0.5478831 0.5478831 0.69836456 0.69836456 0.12886058 0.12886058 0.07154688 0.07154688 0.07154688 0.12886058 0.12886058 0.12886058 1.9542036 0.12886058 0.12886058 0.12886058 1.7303922 2.376202 2.376202 2.376202 2.376202 0.69836456 0.69836456 0.69836456 0.69836456 2.376202 2.376202 0.12886058 0.9360446 0.07154688 0.07154688 1.3644763 0.48466766 0.48466766 0.48466766 0.69836456 0.12886058 0.12886058 2.376202 0.9360446 0.69836456 0.9360446 0.9360446 2.376202 2.376202 2.376202 0.12886058 0.48466766 0.69836456 0.69836456 0.69836456 0.69836456 0.48466766 0.07154688 0.07154688 0.07154688 0.48466766 0.69836456
