Export/ASCII/RMeteo_SP_inch/impervious0/net_infiltration_2016_SP4_inch.asc
ncols         660
nrows         338
xllcorner     1476100.0
yllcorner     5017100.0
cellsize      100
NODATA_value  -9.9000000089461e-20
[rows 286 to 311 of 338, columns 0 to 59 of 660]
4.042199 4.684571 4.684571 4.6845713 4.2683134 4.237833 4.2968755 4.296876 4.2968764 4.2968764 4.2968764 4.2968764 4.2968764 4.296877 4.2968774 4.2968774 4.2968774 4.2968774 4.2968774 4.2968774 4.2968783 4.296879 4.296879 4.296879 4.296879 4.296879 4.2968793 4.2968793 4.2968793 4.2968793 4.2968793 4.2968802 4.2968802 4.2968807 4.2968807 4.2968807 4.2968807 4.2968807 4.296881 4.2968817 4.2968817 4.2968826 4.2968826 4.2968826 4.2968826 4.2968826 4.2968826 4.2968826 4.2968826 4.2968826 4.2968826 4.2968826 4.296883 4.296883 4.296883 4.296883 4.296883 4.296883 4.296883 4.296883
4.042155 4.6845236 4.6845236 4.684524 4.268267 4.2377844 4.2968245 3.6288033 4.236032 3.6288033 4.236032 4.296826 4.2968264 4.2968264 4.2968264 4.2968264 3.6288047 4.2360334 4.2968264 4.2968264 4.2968264 4.2968264 4.2968264 4.296827 4.296827 4.296827 4.296827 3.6288052 4.236034 4.296827 4.2968273 3.6288056 4.2360344 4.2968273 4.296828 4.2968283 3.6288066 4.2360353 4.2968287 4.2968287 4.296829 4.296829 4.296829 4.296829 4.296829 4.296829 4.2968297 4.2968307 4.2968307 4.2968307 4.2968307 4.2968307 4.296831 4.296831 4.2968316 3.628809 4.2360387 4.296833 4.296833 4.296833
4.0421057 4.6844716 4.684472 4.684472 4.26822 4.237734 4.2967744 4.2967744 4.296775 3.628757 4.2359858 4.296775 4.296775 4.296775 4.296775 4.296775 4.296775 4.296775 4.296776 4.2967763 4.2967763 4.296777 4.2967772 4.2967772 4.2967777 4.296778 4.296778 4.296779 4.296779 4.29678 4.29678 4.29678 3.6287618 3.6287618 3.6287618 3.6287618 4.2359905 4.29678 4.2967806 4.2967806 4.296781 4.296781 4.296781 4.296781 4.296781 4.2967815 4.2967815 3.6287632 3.6287632 4.235992 4.2967815 3.6287632 3.6287642 3.6287642 3.6287646 4.2359934 3.628765 4.235995 3.628766 4.235995
4.042061 4.042061 4.0420613 4.0420613 3.6287112 3.6287112 3.6287112 3.6287112 3.6287112 3.6287112 3.6287117 3.6287117 3.6287122 3.6287127 3.6287127 3.6287127 3.6287127 3.6287127 3.6287127 4.2359414 4.2967257 4.296726 3.628714 3.628714 4.2359433 3.628715 4.2359433 3.6287155 4.2359443 3.6287155 4.2359443 3.6287155 4.2359443 3.6287165 4.235945 3.628717 4.235946 4.296731 4.296731 4.296731 4.296731 4.296731 4.296731 4.296731 4.2967315 4.2967315 4.2967315 4.296732 4.296732 4.296732 4.296732 4.296732 4.296732 4.2967334 4.2967334 4.296734 4.296734 4.296734 4.296734 4.2967343
4.0420146 4.684373 4.6843734 4.6843734 4.2681303 4.2376375 4.2966743 4.2966743 4.2966743 4.2966757 4.2966757 4.2966757 4.296676 4.2966766 4.2966766 4.2966766 4.296677 4.296677 4.296677 4.2966776 4.2966776 4.2966776 4.296678 4.296678 4.2966785 4.2966785 3.6286697 4.235898 4.2966785 4.296679 4.296679 4.2966795 4.2966795 4.2966795 4.2966805 3.6286712 4.235899 4.2966805 4.2966805 4.2966805 3.6286716 4.2358994 4.2966824 3.628673 4.235901 4.2966824 4.296683 4.296683 4.296683 4.296683 4.296683 4.296683 4.296683 4.296683 4.2966833 4.2966833 4.2966843 4.2966843 4.2966843 4.2966843
4.0419693 4.6843243 4.6843243 4.6843247 4.2680845 4.2375903 4.296625 4.296625 4.296625 4.296625 4.296625 4.296625 4.296626 4.2966266 4.2966266 4.2966266 4.2966266 4.2966266 4.2966266 4.2966266 4.2966266 4.2966266 4.296627 4.296627 4.296627 4.296627 4.296627 4.296628 4.296628 4.296629 4.296629 4.296629 4.296629 4.296629 4.2966294 4.2966294 4.2966294 4.2966294 3.6286244 3.6286254 3.6286254 3.6286254 3.6286254 4.2358537 3.6286254 4.2358537 3.6286254 4.2358537 3.6286254 3.6286259 4.235855 4.2966323 3.6286273 3.6286273 4.235855 4.2966323 3.6286278 3.6286283 4.235856 4.2966332
4.041922 4.684274 4.684274 4.6842747 4.2680383 4.237541 4.296575 4.2965755 4.296576 4.296576 4.296576 4.296576 4.296576 4.296576 4.296576 4.296576 4.2965765 4.296577 4.296577 4.296577 4.296577 4.296577 4.2965784 4.2965784 4.2965784 4.2965784 4.2965784 4.296579 4.296579 4.29658 4.29658 4.296581 4.296581 4.296581 4.296581 4.296581 4.296581 4.296581 4.296581 4.2965813 4.2965817 4.2965817 4.2965817 4.2965817 4.2965817 4.2965817 4.296583 4.296583 4.296583 4.296583 4.296583 4.296583 4.296583 4.296583 4.296583 4.296583 4.2965837 4.2965837 4.2965837 4.2965837
4.0418754 4.6842227 4.6842227 4.041876 4.267992 4.237492 4.296525 3.62853 4.2357574 4.2965255 3.62853 4.2357574 4.2965255 4.2965264 4.2965264 4.296527 4.296527 4.2965274 4.2965274 4.2965274 4.2965274 3.628533 4.23576 4.296529 4.296529 3.628533 4.2357616 4.2965302 4.2965302 4.2965302 3.6285343 4.2357616 4.2965302 4.2965302 4.2965307 4.2965307 4.2965307 4.2965307 4.2965307 4.2965307 4.2965307 4.2965307 4.296531 4.2965317 4.2965317 4.2965317 4.2965317 4.296532 4.296532 4.296532 4.296532 3.6285367 4.235764 4.296532 4.296532 4.296532 4.296532 4.296532 4.296532 4.296532
4.0418315 4.684176 4.6841764 4.684177 4.2679496 4.2374463 4.296477 4.296477 4.296477 4.296477 4.296477 3.6284866 4.235714 3.6284866 4.235714 4.296477 4.2964773 4.296478 4.296478 4.296478 4.296478 4.296478 4.2964787 4.2964787 4.2964787 4.2964787 4.296479 4.296479 4.296479 4.296479 4.296479 4.296479 4.296479 4.296479 4.296479 4.29648 4.29648 4.29648 4.29648 4.29648 4.2964807 4.2964807 4.2964807 4.2964807 4.2964807 4.2964816 4.296482 4.2964826 4.2964826 4.2964826 4.296483 4.296483 4.296483 4.2964835 4.296484 3.6284928 3.6284928 4.23572 4.2964845 3.6284933
4.041783 4.684123 4.6841235 4.684124 4.267899 4.2373924 4.296422 4.296422 4.296422 4.296424 4.2964244 4.2964244 4.2964244 4.2964244 4.2964253 4.2964253 4.296426 4.296427 4.296427 4.296427 4.296427 4.2964272 4.2964272 4.2964277 4.2964277 4.2964277 4.296428 4.2964287 4.296429 4.296429 4.296429 4.2964296 4.2964296 4.2964296 3.6284432 4.2356706 4.2964306 3.6284442 3.6284442 4.2356715 3.6284447 4.235672 3.6284451 4.235673 3.628446 4.235673 3.628446 4.235673 4.296433 4.296433 4.296433 4.296433 4.296433 4.296433 4.2964334 4.2964334 4.2964334 4.2964334 4.296434 4.296434
4.041737 4.684075 4.684075 4.041738 4.2678566 4.237348 4.2963758 3.6283946 4.235621 4.296376 3.628395 4.2356215 4.2963777 4.2963777 4.2963777 4.2963777 4.2963777 4.296378 4.296378 4.296378 4.296378 4.296378 4.2963786 4.2963786 4.2963786 4.296379 4.29638 4.29638 4.29638 4.29638 4.29638 4.29638 4.296381 4.296381 4.296381 4.296381 4.296381 4.296381 4.296381 4.2963815 4.2963815 4.2963815 4.2963815 4.2963815 4.2963815 4.2963815 4.2963815 4.296382 3.6283998 4.235626 4.296382 4.296382 4.296382 4.296382 4.2963824 4.2963824 4.2963824 4.2963824 4.2963824 4.2963824
4.0416903 4.6840243 4.0416913 4.6840253 4.2678103 3.6283484 4.2355747 3.6283488 4.235575 4.296325 3.6283488 4.235575 3.6283488 4.235575 4.296325 4.296325 4.2963257 4.296326 4.296326 4.296326 4.296326 4.296326 4.2963266 4.2963276 4.2963285 4.296329 4.296329 4.2963295 4.2963305 4.2963305 4.2963305 4.2963305 4.296331 4.296331 4.296331 4.2963314 4.2963314 4.296332 4.296332 4.296332 4.296333 4.296333 4.296333 4.296333 4.2963333 4.2963333 4.2963333 4.2963343 4.296335 4.296335 4.296336 4.296336 4.296336 4.296336 4.296336 3.628358 4.2355843 4.296336 4.296336 4.296336
4.0416465 4.6839767 4.6839767 4.6839767 4.2677655 4.2372518 4.296276 4.296276 4.296276 4.296276 4.2962766 4.2962766 4.2962766 4.2962766 4.2962766 4.2962766 4.296277 4.296278 4.296278 4.296278 4.296278 4.296278 4.296278 4.2962785 4.2962785 4.2962785 4.296279 4.296279 4.296279 4.296279 4.296279 4.296279 4.2962794 4.2962794 4.2962794 4.2962794 4.29628 4.29628 4.29628 4.29628 4.29628 4.2962804 4.2962804 4.2962804 4.2962804 3.6283078 3.6283078 4.235533 4.2962813 3.6283088 4.2355347 4.296282 3.6283092 4.235535 3.6283097 4.2355356 4.296283 3.6283097 4.2355356 3.6283097
4.0415993 4.683926 4.683926 4.683926 4.267718 4.2372007 4.2962236 4.2962236 4.2962236 4.296224 4.296224 4.296224 4.2962246 4.2962246 4.296225 4.2962255 4.2962265 4.2962265 4.2962275 4.2962275 4.2962275 4.296228 4.296229 4.296229 4.2962294 4.2962294 4.29623 4.29623 4.2962303 4.2962303 4.2962303 4.296231 4.296231 4.296231 4.296231 4.296231 4.296231 4.296231 4.296231 4.296231 4.2962313 4.2962317 4.2962317 4.2962317 4.2962317 4.2962317 4.2962317 4.2962317 4.2962317 4.2962317 4.2962317 4.2962317 4.296232 4.296232 4.296232 4.296232 4.296232 4.296232 4.2962327 4.2962327
4.0415535 4.6838765 4.683877 4.683877 4.2676725 4.2371535 3.6282125 4.235438 4.2961755 3.6282125 4.235438 4.296176 4.296176 3.6282134 4.235439 4.296177 3.628214 4.2354393 4.296178 4.296178 4.296178 4.296178 4.296178 4.2961783 4.2961783 4.2961783 4.2961783 3.6282148 4.2354403 4.2961783 4.2961783 3.6282153 4.2354407 4.2961793 4.2961793 4.2961793 3.6282158 4.235441 4.29618 4.29618 4.29618 4.29618 4.29618 4.296181 4.296181 4.296181 4.296181 4.2961817 4.2961826 4.2961836 4.2961836 4.2961836 4.2961836 4.2961836 4.296184 4.2961845 4.2961845 4.2961845 4.2961845 4.2961845
4.0415072 4.683827 4.683827 4.683827 4.267627 4.2371044 4.296126 4.296126 4.296126 4.2961264 4.2961264 4.2961264 4.296127 4.296127 4.296127 4.296128 4.296128 4.296128 4.296128 4.296128 3.628169 3.6281695 4.2353945 4.2961287 4.2961287 4.2961287 4.2961297 4.29613 4.29613 4.29613 4.29613 4.2961307 4.296131 4.296131 4.296131 4.296131 4.296131 4.296131 4.296131 4.296131 4.296131 4.2961316 4.2961316 4.2961316 4.2961316 4.2961316 4.2961316 4.2961316 4.2961316 4.2961316 4.2961316 4.2961316 4.2961316 4.2961316 4.2961326 4.2961326 4.2961326 4.2961326 4.2961326 4.2961326
4.0414615 4.6837783 4.6837783 4.041462 4.2675824 4.2370577 4.2960763 4.2960763 4.296077 4.2960773 4.2960773 4.296078 4.296078 4.296078 4.296078 4.2960787 4.2960787 4.2960787 4.2960787 4.2960787 4.2960787 4.2960787 4.2960787 4.2960787 4.2960796 4.2960806 4.2960806 4.2960806 4.2960806 4.2960806 4.2960806 4.296081 4.2960815 4.2960815 4.2960815 4.2960815 4.2960815 4.2960815 4.2960815 4.2960815 4.2960815 4.2960825 4.2960825 4.2960825 4.2960825 4.2960825 4.2960825 4.2960825 4.2960825 4.296083 4.296083 4.2960835 4.2960835 4.2960835 4.2960835 4.2960835 4.2960835 4.2960835 4.2960835 4.2960835
4.0414133 4.041414 4.0414147 4.6837277 4.2675357 4.2370076 4.2960258 3.6280766 4.2353005 4.2960258 4.2960258 4.296026 4.296026 4.2960267 4.296027 4.2960277 4.296028 4.296028 4.2960286 4.296029 4.296029 4.296029 4.2960296 4.2960296 4.29603 4.2960305 4.2960305 4.2960305 4.2960305 4.2960305 4.296031 4.296031 4.2960315 4.2960315 4.2960315 4.2960315 4.2960324 4.2960324 3.6280823 4.2353067 4.2960324 4.2960324 4.2960324 4.2960324 4.2960324 4.2960324 4.2960324 4.2960324 4.296033 4.296033 4.296033 4.296033 4.2960334 4.2960334 4.2960334 4.296034 4.296034 4.2960343 4.2960343 4.2960343
4.041369 4.6836777 4.6836777 4.6836777 4.2674894 4.2369585 4.2959743 4.2959743 4.295975 4.2959757 4.2959757 4.2959757 4.2959757 4.295976 4.295976 4.295976 4.295976 4.2959766 4.2959766 4.2959766 4.2959766 4.2959766 4.295977 4.295977 4.2959776 4.295978 4.295978 4.295978 4.295978 4.2959785 4.2959785 4.2959785 4.295979 3.628034 3.6280346 4.2352586 3.628035 4.235259 3.628035 4.235259 4.2959805 3.628035 4.235259 3.628035 4.23526 3.628036 4.2352605 4.295982 3.6280365 4.2352605 3.6280365 3.628037 3.628037 4.2352614 4.295983 3.628038 4.235262 4.295984 3.6280384 4.2352624
4.041321 4.6836267 4.683627 4.683627 4.267445 4.236911 4.2959256 4.2959256 4.2959256 4.2959256 4.295926 4.295926 4.295926 4.295926 4.295926 4.295926 4.295926 4.295926 4.2959266 4.295927 4.295927 4.295927 4.295927 4.295927 4.2959275 4.2959275 4.2959285 4.2959294 4.2959294 4.2959294 4.29593 4.2959304 4.2959304 4.2959304 4.2959304 4.2959304 4.2959304 4.2959304 4.2959304 4.2959304 4.2959304 4.2959304 4.295931 4.295931 4.295931 4.295931 4.2959313 4.2959313 4.2959313 4.2959313 4.2959313 4.2959313 4.2959313 4.295932 4.295932 4.2959323 4.2959323 4.2959323 4.295933 4.2959332
4.0412765 4.683579 4.683579 4.683579 4.2673984 4.236861 4.2958755 4.2958755 4.2958755 4.2958755 4.2958755 4.2958755 4.2958755 4.2958755 4.2958755 4.2958755 4.2958755 4.2958755 4.295876 4.295876 4.2958765 4.2958765 4.2958765 4.2958775 4.2958775 4.2958784 4.2958784 4.2958784 4.2958784 4.2958784 4.295879 4.295879 4.295879 4.295879 4.2958794 4.2958794 4.2958794 4.2958794 4.295881 4.295881 4.295881 4.295881 4.2958813 4.2958813 4.295882 4.295882 4.295882 4.295882 4.295882 4.295882 4.295882 4.2958827 4.2958837 4.295884 4.295884 4.295884 4.295884 4.295884 4.295885 4.295885
4.041229 4.6835275 4.6835275 4.6835275 4.267352 4.2368116 4.295824 4.295824 4.295824 4.295824 4.2958245 4.2958245 4.2958255 4.2958255 4.2958264 4.2958264 4.2958264 4.295827 4.295827 4.295827 4.295827 4.295827 4.295827 4.295827 4.2958274 4.295828 3.6278977 4.235121 3.6278977 4.235121 3.6278977 4.235121 3.6278977 4.2351213 3.6278987 3.6278987 4.235122 4.2958317 3.6278992 4.2351227 4.2958317 4.2958317 3.6278996 3.6279001 4.2351236 4.2958326 3.6279001 4.2351236 4.295833 4.295833 4.295833 4.295833 3.6279006 4.235124 4.295833 3.6279016 4.235125 4.2958336 4.2958336 3.6279016
4.0411825 4.683477 4.6834774 4.6834774 4.2673073 4.236764 4.2957754 4.2957754 4.2957754 4.2957754 4.2957754 4.295776 4.2957764 4.2957764 4.2957764 4.2957764 4.2957764 4.2957764 4.2957773 3.627851 4.235074 4.2957773 3.627851 3.627851 3.627851 4.235075 4.2957788 4.2957788 4.2957788 4.295779 4.2957797 3.627853 4.235076 4.2957797 4.29578 4.29578 4.29578 4.29578 4.2957807 4.2957807 3.6278539 4.235077 4.295781 4.295781 4.295781 4.295781 4.295781 4.295781 4.295781 4.2957816 4.295782 4.295782 4.2957826 4.295783 4.295783 4.295783 4.2957835 4.2957835 4.295784 4.295784
4.0411367 4.683429 4.683429 4.683429 4.2672606 4.2367144 4.2957244 4.295725 4.295725 4.295727 4.295727 4.295727 4.295727 4.2957273 4.2957273 4.2957273 4.2957273 4.2957273 4.2957273 4.2957277 4.295728 4.2957287 4.2957287 4.2957287 4.2957287 4.29573 4.2957306 4.2957306 4.2957306 4.2957306 4.2957306 4.295731 4.295731 4.2957315 4.2957315 4.2957315 4.2957315 3.6278086 4.235031 4.2957315 4.2957315 4.2957315 4.2957315 4.2957315 4.2957315 4.2957315 4.295732 4.295732 4.295732 4.2957325 4.2957335 4.2957335 4.2957335 4.295734 4.295734 4.295734 4.2957344 4.2957344 4.295735 4.295735
4.04109 4.683378 4.04109 4.6833787 4.267216 3.627758 4.2349806 3.6277585 3.6277585 4.234981 4.295677 4.295677 3.627759 4.2349815 4.2956777 3.62776 4.234982 3.62776 4.234982 4.295678 4.295678 4.2956786 4.2956786 4.295679 4.295679 4.2956796 4.2956796 4.2956796 4.29568 4.29568 4.29568 4.29568 4.29568 4.2956805 4.2956805 4.2956805 4.2956805 4.2956805 3.6277623 4.2349844 4.295681 4.2956815 4.295682 4.295682 4.295682 4.295682 4.295682 4.2956824 4.2956824 4.295683 4.295683 4.295683 4.295683 4.2956834 4.2956834 4.2956834 4.2956834 4.295684 4.295684 4.2956843
4.0410438 4.6833286 4.6833286 4.6833286 4.267169 4.236617 4.2956257 4.2956257 4.295626 4.295626 4.295626 4.295626 4.295626 4.295626 4.295626 4.295626 4.295627 4.295627 4.295627 4.2956276 4.2956276 4.2956276 4.2956276 4.2956276 4.295628 4.2956285 4.295629 4.295629 4.295629 4.295629 4.295629 4.295629 4.295629 4.2956295 4.2956295 4.2956295 4.2956295 4.29563 4.29563 4.295631 4.295631 4.2956314 4.2956324 4.2956333 4.2956333 4.2956333 4.2956333 3.6277194 4.2349415 4.2956333 4.295634 3.6277199 4.234942 3.6277199 4.234942 4.295634 3.6277199 4.2349424 3.6277204 4.2349424
