Export/ASCII/RMeteo_SP_inch/impervious0/net_infiltration_2016_SP1_inch.asc
ncols         660
nrows         338
xllcorner     1476100.0
yllcorner     5017100.0
cellsize      100
NODATA_value  -9.9000000089461e-20
[rows 108 to 134 of 338, columns 300 to 359 of 660]
0.38213292 2.7634606 2.7634606 5.8591204 0.3821329 0.3164164 0.26912278 2.3625286 0.3821329 0.3821329 0.3821329 0.26912272 0.26912272 0.3821329 0.3821329 6.2169304 6.2169304 6.17859 2.7466173 2.7466173 2.7466173 2.7466173 2.0077586 2.0077586 1.5128262 1.5128262 0.38034528 0.38034526 0.26657933 0.26657933 0.3130155 0.26657924 0.26657924 0.26657924 0.26657924 0.26657924 0.2665792 0.2665792 1.5128257 1.5128257 1.5128257 1.5128257 2.0077581 2.0077581 1.5128255 1.5128255 1.5128255 1.5128255 1.5128255 1.5128254 1.5128254 1.5128254 0.26657918 0.26657918 1.5128251 2.007758 2.007758 2.007758 2.0077577 2.0077577
0.38212907 0.38212907 5.8590813 0.38212907 0.38212907 0.2691178 0.2691178 1.5243741 0.38212907 0.38212907 0.2691178 0.2691177 0.2691177 0.2691177 0.38212904 0.38212904 2.018431 2.007744 6.1785526 2.7465963 2.7465963 2.7465963 2.0077436 2.0077436 2.0077436 2.0077436 2.0077436 2.0077434 0.38034153 0.38034153 0.2665743 0.2665743 0.2665743 0.2665743 0.2665743 0.2665743 0.2665743 0.2665743 1.5128057 1.5128057 1.5128057 1.5128057 1.5128057 1.5128057 1.5128057 1.5128057 1.5128057 1.5128057 1.5128057 1.5128057 1.5128057 1.5128056 0.26657423 0.26657423 1.5128056 2.007743 2.007743 0.3803414 2.007743 2.007743
1.524354 2.0184166 2.0184166 0.38212535 0.26911283 0.26911283 0.26911283 1.5243537 0.2691128 0.2691128 0.2691128 0.26911277 0.26911277 0.26911277 0.26911277 0.26911274 2.018416 2.0077286 2.7465758 6.178517 2.7465758 2.7465758 6.178516 0.3803378 0.3803378 0.3803378 0.3803378 2.7465758 2.0077286 2.0077286 2.0077286 0.38033777 0.38033777 0.26656938 0.26656938 0.26656938 0.26656935 2.0077286 2.0077286 0.38033777 0.26656926 1.5127857 1.5127854 0.26656926 0.26656926 1.5127854 2.0077283 6.1785145 2.0077283 2.007728 2.007728 2.007728 0.3803377 0.3803377 2.007728 2.007728 2.007728 0.38033766 2.007728 2.007728
2.0184011 2.0184011 0.38212156 0.26910776 0.26910776 0.26910776 0.26910776 0.26910776 0.26910776 0.26910776 0.26910776 0.26910773 0.26910773 0.26910773 0.26910773 0.26910773 2.0184011 2.7465553 2.7465553 6.178482 6.178482 0.38033414 0.38033414 0.38033414 0.38033414 0.26656428 0.26656428 0.38033408 0.38033408 2.0077138 2.0077138 2.0077138 2.0077138 2.0077138 1.5127658 0.26656428 1.5127658 1.5127658 4.1345134 0.38033405 0.26656425 0.26656425 0.26656422 0.26656422 0.26656416 0.26656416 2.0077133 2.0077133 2.0077133 2.0077133 2.0077133 2.0077133 2.0077133 2.0077133 2.0077133 0.38033393 2.7465544 2.0077128 0.266564 0.266564
2.0183864 2.0183864 2.0183864 0.2691029 0.2691029 0.2691029 0.2691029 0.26910287 0.26910287 0.26910287 0.26910287 0.26910287 0.26910287 0.3821178 0.3821178 0.38211775 0.38211775 2.7465353 2.7465348 6.178444 6.178444 0.3803304 0.3803304 0.2665593 0.2665593 0.26655927 0.26655927 0.26655927 0.38033035 0.38033035 2.7465343 2.7465343 2.0076985 2.0076985 2.0076985 1.5127457 1.5127455 1.5127455 1.5127455 2.0076985 0.38033023 0.26655918 0.26655915 0.26655915 0.26655915 0.26655915 1.5127453 2.0076985 2.0076985 1.512745 1.512745 4.294615 1.512745 2.0076983 2.0076983 2.0076983 2.0076983 1.5127449 1.5127449 0.26655895
0.38211417 2.0183713 1.5242937 0.2690978 0.26909778 0.26909778 0.26909778 0.26909778 0.26909772 0.3821141 0.3821141 0.26909772 0.38211408 0.38211408 0.38211408 0.38211408 0.38211408 0.38032672 6.178407 6.178407 6.178407 2.7465143 0.3803267 0.26655418 0.26655418 0.26655418 0.26655418 0.26655418 0.26655415 0.26655415 0.38032663 0.38032657 0.38032657 2.0076838 2.0076835 0.26655415 0.26655415 0.26655415 1.5127251 2.0076835 0.3803265 0.26655412 0.26655412 0.26655412 0.26655412 0.26655412 1.5127249 1.5127249 1.5127249 4.2945795 4.2945795 5.0012884 1.5127248 1.5127248 2.0076833 0.26655397 1.5127245 3.6692677 3.6692677 0.26655394
0.26909286 0.26909286 0.26909286 0.26909286 0.26909277 0.26909277 0.26909277 0.26909277 0.26909277 0.3821103 0.3821103 0.3821103 0.3821103 0.3821103 0.3821103 0.3821103 0.3821103 0.380323 2.7464938 6.1783714 6.1783714 2.7464938 2.7464938 0.38032293 0.26654923 0.26654923 0.26654923 0.26654923 0.26654923 0.26654923 0.26654923 0.3803229 0.3803229 0.26654917 0.26654917 0.26654917 0.26654917 0.26654917 0.26654917 1.5127052 0.26654917 0.26654917 0.26654914 0.26654914 0.26654914 0.2665491 0.2665491 1.512705 4.2945433 4.2945433 5.6062016 5.300338 1.5127045 1.5127045 1.5127045 1.5127045 3.6692324 4.43278 4.43278 3.669232
0.2690879 0.2690879 0.2690879 0.2690879 0.26908785 0.26908785 0.26908785 0.26908785 0.38210654 0.38210654 0.38210654 0.38210654 0.38210654 0.38210654 0.38210654 2.0183408 2.0183408 0.3803192 2.746473 0.3803192 2.0076544 2.746473 2.746473 0.38031918 0.2665442 0.2665441 0.2665441 0.2665441 0.26654407 0.26654407 0.26654407 0.26654404 0.26654404 0.26654404 0.26654404 0.26654404 0.26654404 1.5126848 1.5126848 1.5126848 4.294507 0.26654398 0.26654398 0.26654398 0.26654398 0.26654398 0.26654398 0.26654395 0.31202674 4.294507 4.294507 5.300289 0.26654392 1.5126845 0.26654392 0.26654392 0.31251183 3.6691966 0.32541543 0.31251177
0.26908287 0.26908287 0.26908287 0.26908287 0.26908287 0.26908287 0.26908287 0.3821028 0.3821028 0.3821028 0.3821028 0.3821028 0.38210276 0.38210276 2.0183258 2.0183258 2.0183258 2.0076392 2.0076392 2.007639 2.007639 2.007639 6.178298 0.38031542 0.38031542 0.3803154 0.2665392 0.2665392 0.26653913 0.26653913 0.26653913 0.26653913 0.26653913 0.26653913 0.26653913 1.5126653 1.5126653 1.5126652 1.5126652 1.5126652 5.0011454 0.2665391 0.2665391 0.2665391 0.2665391 0.26653904 0.26653904 0.266539 0.266539 0.312021 0.312021 0.32751197 0.26653895 0.26653895 0.26653895 4.29447 0.26653895 0.3125061 0.26653892 0.2665389
0.2690779 0.2690779 0.2690779 0.2690779 0.38209906 0.2690779 0.2690779 1.5242144 1.5242144 4.2959604 0.2690779 0.38209903 0.38209903 2.018311 2.018311 1.5242141 1.5242141 2.0076241 2.0076241 2.0076241 2.0076241 2.0076241 0.38031167 0.38031167 0.38031167 0.38031167 0.38031167 0.38031167 0.26653412 0.26653412 0.26653412 0.26653412 0.26653412 0.26653412 1.5126451 1.5126451 1.5126451 1.512645 1.512645 1.512645 0.3275062 0.26653412 0.26653406 0.26653406 0.26653406 0.266534 0.266534 0.26653397 0.26653397 1.5126445 1.5126445 0.26653394 0.2665339 0.2665339 0.2665339 5.001094 0.2665339 0.2665339 0.2665339 0.26653388
0.2690729 0.2690729 0.38209534 0.38209534 0.38209534 0.38209534 0.26907286 0.26907286 1.5241941 1.524194 2.6364374 0.26907286 0.26907283 0.26907283 1.5241939 0.26907283 1.5241939 1.5126252 1.5126252 1.5126252 1.5126252 1.5126252 1.5126252 1.5126251 2.0076094 0.38030803 6.1782246 0.38030794 0.38030794 0.266529 0.266529 0.266529 0.266529 0.266529 1.5126246 1.5126246 1.5126246 1.5126246 1.5126246 1.5126246 0.26652896 0.26652896 0.26652896 0.26652896 0.26652896 0.2665289 0.2665289 0.2665289 0.26652887 1.5126243 1.5126241 1.5126241 0.26652882 1.512624 0.26652882 1.8767952 0.26652882 0.2665288 0.2665288 0.2665288
0.26906788 0.38209158 0.38209158 0.38209158 0.38209158 0.38209158 0.26906788 0.26906788 1.5241745 1.5241742 2.2135105 0.26906785 0.26906785 0.26906785 4.2958875 4.2958875 0.26906785 1.512605 1.512605 1.512605 1.512605 1.512605 1.512605 1.512605 1.512605 0.38030422 0.38030416 6.178189 0.38030416 0.38030416 0.38030416 0.26652405 0.266524 0.266524 1.512605 1.512605 1.512605 1.5126047 1.5126047 1.5126047 0.26652393 2.1960878 2.1960878 0.2665239 0.2665239 0.2665239 0.2665239 0.2665239 0.2665239 0.2665239 1.512604 1.512604 1.512604 1.512604 0.26652384 0.2665238 1.5126039 0.26652378 0.26652378 0.26652378
0.26906288 0.38208774 0.38208774 0.38208774 0.38208774 0.38208774 3.3585734 0.26906285 0.26906285 0.26906285 0.26906285 0.26906285 0.26906285 0.26906282 4.295852 5.656201 0.26906282 1.5125849 1.5125849 1.5125849 1.5125849 1.5125849 1.5125849 1.5125847 1.5125847 0.26651895 0.26651892 1.5125844 2.0075793 2.007579 2.007579 0.38030046 0.26651892 0.26651892 0.26651892 0.26651886 1.5125842 1.5125842 1.5125842 1.5125842 0.26651883 0.26651883 0.26651883 0.26651883 0.26651883 0.26651883 0.26651883 0.26651883 0.26651883 0.26651883 1.512584 1.512584 1.512584 0.26651877 0.26651877 0.2665187 0.2665187 0.2665187 0.2665187 0.26651868
0.38208404 0.382084 0.269058 0.269058 0.382084 4.2958164 0.27183726 0.269058 0.269058 0.269058 0.31893525 0.269058 0.269058 0.2690579 2.6363423 0.2690579 0.26905787 0.266514 2.0075643 1.5125648 1.5125648 1.5125648 1.5125648 1.5125647 1.5125647 4.2942905 4.2942905 1.5125647 1.5125647 1.5125647 1.5125647 0.26651394 0.26651394 0.26651394 0.26651394 0.26651388 0.26651388 1.5125644 1.5125644 1.5125644 1.5125644 0.26651385 0.26651385 0.26651382 0.26651382 0.26651382 0.26651382 0.26651382 0.2665138 0.2665138 0.2665138 1.5125641 1.5125641 0.2665138 0.2665138 0.26651374 0.26651374 1.5125636 0.26651374 0.26651374
0.38208035 0.38208032 0.38208032 0.38208032 0.2690529 0.31586874 0.26905286 0.26905286 0.26905286 0.26905286 0.26905286 0.26905286 0.26905286 0.26905283 2.2134356 2.2134356 0.26905283 1.5125448 2.0075495 2.0075495 2.0075495 1.5125446 1.5125446 4.294255 0.266509 1.5125445 1.9612414 1.5125445 1.5125445 1.5125445 0.26650897 4.2608767 0.26650894 0.26650894 0.26650894 0.2665089 0.2665089 0.2665089 1.5125444 1.5125444 1.5125444 0.2665089 0.2665089 0.26650882 0.26650882 0.26650882 0.2665088 0.2665088 0.2665088 0.2665088 0.2665088 1.5125438 1.5125438 1.5125436 0.2665088 0.26650876 0.26650876 0.26650873 0.38029283 0.38029283
0.3820765 0.3820765 0.3820765 0.3820765 0.26904795 0.26904786 0.26904786 0.26904786 0.26904786 0.26904786 0.26904786 3.9348712 0.26904786 0.26904783 4.295743 4.295743 4.295743 1.5125248 2.0075345 2.0075345 2.0075345 2.0075345 1.5125248 4.294218 1.7860737 1.5125241 1.5125241 1.5125241 0.26650387 0.26650387 4.294218 1.5125241 1.5125239 0.2665038 0.2665038 0.2665038 0.2665038 0.2665038 0.26650378 0.26650378 1.5125239 0.26650375 0.26650375 0.26650375 0.26650375 0.26650375 0.26650375 0.26650375 0.26650375 0.26650375 0.26650375 1.5125237 1.5125237 1.5125237 0.2665037 0.2665037 0.2665037 0.3802891 0.38028908 2.0075338
6.040162 0.36818135 0.3681813 0.3681813 0.25741574 0.25741574 0.25741568 0.25741568 0.25741568 2.1589704 2.1589704 4.4456153 3.834973 0.25741568 4.6022058 5.024744 1.482507 1.6409466 1.3550638 1.8273863 1.8273863 1.3550638 1.3550638 1.6302948 1.3550638 1.3550638 1.3550638 1.3550638 1.3550638 1.3550638 1.6302946 1.3550636 1.3550633 1.3550633 1.3550633 0.22746107 0.22746107 0.22746107 0.22746107 0.22746107 0.22746107 0.22746101 0.22746101 0.22746101 0.22746101 0.22746101 0.22746097 0.22746097 0.22746097 0.22746097 0.22746097 0.22746097 0.22746097 1.355063 0.22746097 1.3550628 0.22746094 1.3550628 1.8273851 1.8273851
6.040125 6.040125 4.9627466 4.9627466 0.36817703 0.25741002 0.25741002 0.25741002 0.25741002 2.158942 2.158942 3.8349302 4.3540306 3.8349302 4.634568 4.795739 1.4824843 1.3550458 1.3550458 1.3550458 1.3550457 1.3550457 1.3550457 4.0105066 1.3550456 1.3550456 1.3550456 1.3550454 1.3550454 1.3550454 1.3550454 1.3550454 1.3550454 1.3550451 1.3550451 1.3550451 1.3550451 0.22745648 0.22745648 0.22745648 0.22745648 1.355045 0.22745648 1.355045 0.22745648 0.22745648 0.22745648 0.22745648 0.22745645 0.22745645 0.22745645 0.22745639 0.22745639 1.3550446 1.3550446 1.3550444 1.3550444 0.22745632 0.22745626 1.8273693
6.040087 4.962686 4.962686 4.962686 0.36817282 0.25740427 0.25740427 0.25740427 0.25740427 3.8348856 3.8348851 3.8348851 4.640991 3.8348851 4.3539696 4.640991 3.8348851 1.3550271 1.3550271 1.3550271 1.3550271 1.3550271 1.3550271 1.3550271 1.3550271 1.3550271 0.22745192 1.3550268 1.3550268 1.3550268 1.3550268 1.3550268 1.3550268 1.3550266 1.3550266 1.3550266 1.3550266 1.3550266 4.0104656 4.0104656 0.22745186 1.3550266 1.3550266 1.3550266 0.22745183 0.22745183 0.22745182 0.22745182 0.22745185 0.22745185 0.22745185 0.22745177 0.22745177 0.22745174 1.3550262 1.3550262 0.22745174 0.22745174 0.22745173 0.22745173
6.0400476 2.6850226 5.6290007 4.962623 0.3681686 0.25739864 0.25739858 3.834842 3.834842 4.353912 4.353912 4.353912 4.6409316 3.8348413 5.1231027 4.6409316 1.4824384 1.5734706 1.3550087 1.3550087 1.3550087 1.3550087 1.3550087 1.3550087 1.3550086 1.3550086 1.3550086 0.22744736 0.22744736 0.22744736 1.8273385 1.3550084 1.3550084 1.3550081 1.3550081 1.3550081 1.3550081 1.3550081 1.6082995 2.1268468 5.689046 1.827338 1.3550081 1.3550081 1.3550081 1.3550081 0.22744715 0.22744715 0.22744715 0.22744714 0.22744714 0.2274471 0.2274471 0.22744708 0.22744708 1.3550075 0.22744708 0.22744708 0.22744708 0.22744708
6.0400114 2.6850019 2.6850019 5.628954 3.4760392 0.25739282 0.25739282 4.353854 4.353854 4.640874 4.640874 3.834799 5.37883 4.353854 1.8488681 1.7982394 1.4824157 1.35499 1.35499 1.9956467 1.35499 1.35499 1.35499 1.35499 1.35499 1.35499 1.35499 1.35499 0.22744277 4.0103917 0.3362168 0.3362168 0.3362168 1.3549898 1.3549898 1.3549898 1.3549896 1.3549896 1.3549895 1.8273222 5.6890106 1.8340975 1.8273222 1.3549894 1.3549894 0.22744259 0.22744258 0.22744258 0.22744258 0.22744258 0.22744258 0.22744258 0.22744258 0.22744255 0.22744255 1.3549893 1.3549893 0.22744255 0.22744253 0.22744253
0.25738713 0.25738713 2.6849804 3.8347542 4.5682206 0.25738713 0.25738713 4.6408134 3.8347542 3.8347542 4.640813 4.353794 4.8643217 4.640813 1.4823931 1.4823931 1.4823931 1.354972 1.8273071 1.354972 1.354972 4.010354 1.3549718 1.3549718 1.3549718 4.010353 1.3549718 1.3549716 1.3549716 1.6082556 5.6889744 5.6889744 0.33621284 1.8273067 1.8273067 1.8273067 1.8273066 1.8273066 1.8273066 1.8273066 5.6889744 5.6889744 1.8273065 1.8273065 1.8273064 1.3549709 0.22743796 0.22743796 0.22743796 0.2274379 0.2274379 0.2274379 0.2274379 0.2274379 0.22743787 0.22743787 0.22743785 0.22743785 0.22743782 0.22743782
1.4823701 0.25738147 0.25738147 3.834711 5.1176167 3.834711 3.475992 3.834711 5.1228857 4.353735 4.640753 3.834711 4.640753 4.640753 1.4823699 1.4823699 1.4823699 1.3549534 1.3549533 1.3549533 1.3549533 1.6082335 1.3549532 1.3549532 1.3549532 1.6082335 1.3549532 1.3549532 1.3549532 1.3549532 1.3549532 1.3549532 1.8272908 1.8272907 1.8272907 5.6889405 5.6889405 1.8272907 5.6889405 5.6889405 5.6889405 5.6889396 5.6889396 5.6889396 1.8272905 1.8272905 0.3362088 5.6889386 0.2274334 0.22743338 0.22743338 0.22743335 0.22743335 0.22743335 0.22743335 0.22743335 0.22743334 0.22743334 0.22743334 0.22743334
1.4823474 1.9614695 0.25737578 4.3536777 4.8642035 4.3536777 3.8346689 4.9503136 4.8642035 4.6406946 3.8346689 3.8346689 5.122815 3.8346689 4.879238 1.4823468 1.4823468 1.3549349 1.3549349 1.3549349 1.3549349 1.8272754 1.8272754 1.8272754 1.3549347 1.3549347 1.3549347 1.3549346 1.3549346 1.9955772 1.3549345 1.3549345 1.3549345 1.3549343 1.3549343 1.827275 5.688905 0.33620492 0.33620492 0.3362049 5.688905 5.688905 5.688905 5.688905 5.688905 5.688905 5.688905 5.688905 4.010276 1.9955766 1.9955766 1.9955765 1.9955765 0.22742873 0.22742873 0.22742873 0.22742873 0.22742873 0.22742867 0.22742867
1.9614527 1.4823251 1.4823251 3.834625 4.6406355 4.6605277 3.834625 3.8346245 3.8346245 3.8346245 4.6406355 3.8346245 2.158742 2.158742 4.3536177 2.1577592 1.4823244 1.3549167 1.3549165 1.3549165 1.3549165 1.3549163 2.5140505 1.8272594 1.3549163 1.3549163 1.3549163 1.3549163 1.3549163 1.3549163 1.3549163 1.3549163 1.3549163 1.3549163 1.3549163 1.3549163 1.3549161 4.0102386 0.22742425 4.0102386 5.6888685 5.6888685 5.6888685 5.6888685 5.6888685 5.6888685 5.6888685 5.6888685 5.6888685 2.934854 0.33620083 0.22742422 0.22742416 0.22742416 0.22742416 0.22742416 0.22742416 0.22742416 0.22742411 0.22742411
1.9614356 1.9614356 1.9614356 2.684895 5.1226707 3.834582 4.353559 3.8345816 4.8369136 4.353558 4.640575 4.353558 2.1587129 2.1587129 4.640575 3.8345807 1.4823012 1.3548981 1.354898 1.354898 1.8272436 1.8272436 2.5140307 5.688835 4.0102024 4.0102024 4.0102024 4.0102024 1.9955316 1.3548979 1.3548979 1.3548979 1.3548979 1.3548979 1.3548977 1.3548977 0.22741967 0.27445376 4.0102024 4.632438 5.688834 5.688834 5.688834 5.688834 5.688834 5.688834 5.688834 2.5140297 0.336197 0.33619693 0.33619693 0.22741961 0.22741961 0.22741961 0.22741958 0.22741958 0.22741956 0.22741956 0.22741956 0.22741954
5.628673 5.628673 5.628673 2.684874 2.684874 3.8345382 5.1225996 3.8345382 3.8345382 3.8345382 3.8345382 3.8345377 2.6198971 2.1586843 2.6198971 4.3534994 1.4822783 1.3548799 1.3548797 4.0101647 5.688799 2.5140107 2.5140107 5.688799 4.6323886 2.363881 2.363881 1.9955086 1.608145 1.3548796 1.3548796 1.3548795 1.3548795 1.3548795 1.3548793 0.22741504 0.22741504 0.22741504 0.2744485 4.8841414 5.688798 5.688798 5.730835 5.688797 5.688797 5.688797 5.688797 2.5140097 0.33619297 0.33619294 0.33619294 0.22741498 0.22741495 0.22741495 0.22741495 0.22741495 0.22741492 0.22741492 0.22741492 0.22741492
