Export/ASCII/RMeteo_SP_inch/impervious0/net_infiltration_2017_SP2_inch.asc
ncols         660
nrows         338
xllcorner     1476100.0
yllcorner     5017100.0
cellsize      100
NODATA_value  -9.9000000089461e-20
[rows 312 to 337 of 338, columns 0 to 57 of 660]
0.78199863 0.78199863 0.78199863 0.78199863 0.7792082 0.7792082 0.7792082 0.7792082 0.7792082 0.7792082 0.7792082 0.7792082 0.7792082 0.7792082 0.7792082 0.7792082 0.7792082 0.7792082 0.7792082 0.7792082 0.7792082 0.7792082 0.7792082 0.7792082 0.7792082 0.7792082 0.7792082 0.7792082 0.7792082 0.7792082 0.7792082 0.7792082 0.7792082 0.7792082 0.77920914 0.77920914 0.77920914 0.77920914 0.77920914 0.77920914 0.77920914 0.7792101 0.7792101 0.7792101 0.7792101 0.7792101 0.7792101 0.7792101 0.7792101 0.77921057 0.77921057 0.77921057 0.77921057 0.77921057 0.77921057 0.77921057 0.77921057 0.77921057
0.7819905 0.7819905 0.7819905 0.7819905 0.7791991 0.7791991 0.7791991 0.7791991 0.7791991 0.7791991 0.7791991 0.7791991 0.7791991 0.7791991 0.7791991 0.7791991 0.7791991 0.7791991 0.7791996 0.7791996 0.7791996 0.7791996 0.7791996 0.7791996 0.7791996 0.7791996 0.7791996 0.7791996 0.7791996 0.7791996 0.7791996 0.7791996 0.7791996 0.7791996 0.7791996 0.7791996 0.7791996 0.7791996 0.7791996 0.7791996 0.7791996 0.7791996 0.7791996 0.7791996 0.7791996 0.7791996 0.7791996 0.7791996 0.7791996 0.7791996 0.7791996 0.7791996 0.7791996 0.7791996 0.7791996 0.7791996 0.7791996 0.7791996
0.78198195 0.78198195 0.78198195 0.78198195 0.77919006 0.77919006 0.77919006 0.77919006 0.77919006 0.77919006 0.77919006 0.77919006 0.77919006 0.77919006 0.77919006 0.77919006 0.77919006 0.77919006 0.77919006 0.77919006 0.77919006 0.77919006 0.77919006 0.77919006 0.779191 0.779191 0.779191 0.779191 0.779191 0.779191 0.779191 0.779191 0.779191 0.779191 0.779191 0.779191 0.779191 0.779191 0.779191 0.779191 0.779191 0.779191 0.779192 0.779192 0.779192 0.779192 0.779192 0.779192 0.779192 0.779192 0.779192 0.779192 0.779192 0.779192 0.779192 0.779192 0.779192 0.779192
0.78197193 0.78197193 0.78197193 0.78197193 0.7791834 0.7791834 0.7791834 0.7791834 0.7791834 0.7791834 0.7791834 0.7791834 0.7791834 0.7791834 0.7791834 0.7791834 0.7791834 0.7791834 0.7791834 0.7791834 0.7791834 0.7791834 0.7791834 0.7791834 0.7791834 0.7791834 0.7791834 0.7791834 0.7791834 0.7791834 0.7791834 0.7791834 0.7791834 0.7791834 0.7791834 0.7791834 0.7791834 0.7791834 0.7791834 0.7791834 0.7791834 0.7791834 0.7791834 0.7791834 0.7791834 0.7791834 0.7791834 0.7791834 0.7791834 0.7791834 0.7791834 0.7791834 0.7791834 0.7791834 0.7791834 0.7791834 0.7791834 0.7791834
0.7819643 0.7819643 0.7819643 0.7819643 0.77917385 0.77917385 0.77917385 0.77917385 0.77917385 0.77917385 0.77917385 0.77917385 0.77917385 0.77917385 0.7791748 0.7791748 0.7791748 0.7791748 0.7791748 0.7791748 0.7791748 0.7791748 0.7791748 0.7791748 0.7791748 0.7791748 0.7791748 0.7791748 0.7791748 0.7791748 0.7791748 0.7791748 0.7791748 0.7791748 0.7791748 0.7791748 0.7791748 0.7791748 0.7791748 0.7791748 0.7791748 0.7791748 0.7791748 0.7791748 0.7791748 0.7791748 0.7791748 0.7791748 0.7791748 0.7791748 0.7791748 0.7791748 0.7791748 0.7791748 0.7791748 0.7791748 0.7791748 0.7791748
0.7819557 0.7819557 0.7819557 0.7819557 0.77916527 0.77916527 0.77916527 0.77916527 0.77916574 0.77916574 0.77916574 0.77916574 0.77916574 0.77916574 0.77916574 0.77916574 0.77916574 0.77916574 0.77916574 0.77916574 0.77916574 0.77916574 0.77916574 0.77916574 0.77916574 0.77916574 0.77916574 0.77916574 0.77916574 0.77916574 0.77916574 0.77916574 0.77916574 0.77916574 0.77916574 0.77916574 0.7791667 0.7791667 0.7791667 0.7791667 0.7791667 0.7791667 0.7791667 0.7791667 0.7791667 0.7791667 0.7791667 0.7791667 0.7791667 0.7791667 0.7791667 0.7791667 0.7791667 0.7791667 0.7791667 0.7791667 0.7791667 0.7791667
0.78194714 0.78194714 0.78194714 0.7819476 0.7791567 0.7791567 0.7791567 0.7791567 0.7791567 0.7791567 0.7791567 0.7791567 0.7791567 0.7791567 0.7791567 0.7791567 0.7791567 0.77915716 0.77915716 0.77915716 0.77915716 0.77915716 0.77915716 0.77915716 0.77915716 0.77915716 0.77915716 0.77915716 0.77915716 0.77915716 0.77915716 0.77915716 0.77915716 0.77915716 0.77915716 0.77915716 0.77915716 0.77915716 0.77915716 0.77915716 0.77915764 0.77915764 0.77915764 0.77915764 0.77915764 0.77915764 0.7791586 0.7791586 0.7791586 0.7791586 0.7791586 0.7791586 0.7791586 0.7791586 0.7791586 0.7791586 0.7791586 0.7791586
0.7819381 0.7819381 0.7819381 0.7819381 0.7791481 0.7791481 0.7791481 0.7791481 0.7791481 0.7791481 0.7791481 0.7791481 0.7791481 0.7791481 0.7791481 0.7791481 0.7791481 0.7791481 0.7791481 0.7791481 0.7791481 0.7791481 0.7791481 0.7791481 0.7791481 0.7791481 0.7791481 0.7791481 0.7791481 0.7791481 0.7791481 0.7791481 0.7791481 0.7791481 0.7791481 0.7791481 0.7791481 0.7791481 0.7791481 0.7791481 0.7791481 0.7791481 0.7791481 0.7791481 0.7791481 0.7791481 0.7791481 0.7791481 0.7791481 0.7791481 0.7791481 0.7791481 0.7791481 0.7791481 0.7791481 0.7791481 0.7791481 0.7791481
0.781929 0.7819295 0.7819295 0.7819295 0.77913904 0.77913904 0.77913904 0.77913904 0.77913904 0.77913904 0.77913904 0.77913904 0.77913904 0.77913904 0.77913904 0.77913904 0.77913904 0.77913904 0.77913904 0.77913904 0.77913904 0.77913904 0.77913904 0.77914 0.77914 0.77914 0.77914 0.77914 0.77914 0.77914 0.77914 0.77914 0.77914 0.77914 0.77914 0.77914 0.77914 0.77914 0.77914 0.77914095 0.77914095 0.77914095 0.77914095 0.77914095 0.77914095 0.77914095 0.77914095 0.77914095 0.77914095 0.77914095 0.77914095 0.77914095 0.77914095 0.77914095 0.77914095 0.77914095 0.77914095 0.77914095
0.7819209 0.7819209 0.7819209 0.7819209 0.77913094 0.77913094 0.77913094 0.77913094 0.77913094 0.77913094 0.77913094 0.77913094 0.77913094 0.77913094 0.77913094 0.77913094 0.77913094 0.77913094 0.77913094 0.77913094 0.77913094 0.77913094 0.77913094 0.77913094 0.77913094 0.77913094 0.77913094 0.77913094 0.77913094 0.77913094 0.7791319 0.7791319 0.7791319 0.7791319 0.7791319 0.77913237 0.77913237 0.77913237 0.77913237 0.77913237 0.77913237 0.77913237 0.77913237 0.77913237 0.77913237 0.77913237 0.77913237 0.77913237 0.77913237 0.77913237 0.77913237 0.77913237 0.77913237 0.77913237 0.77913237 0.77913237 0.77913237 0.77913237
0.78191185 0.78191185 0.78191185 0.78191185 0.7791219 0.7791228 0.7791228 0.7791228 0.7791228 0.7791228 0.7791228 0.7791228 0.7791228 0.7791228 0.7791228 0.7791228 0.7791228 0.7791228 0.7791228 0.7791228 0.7791228 0.7791228 0.7791228 0.7791228 0.7791228 0.7791228 0.7791228 0.7791228 0.7791233 0.7791233 0.7791238 0.7791238 0.7791238 0.7791238 0.7791238 0.7791238 0.7791238 0.7791238 0.7791238 0.7791238 0.7791238 0.7791238 0.7791238 0.7791238 0.7791238 0.7791238 0.7791238 0.7791238 0.7791238 0.7791238 0.7791238 0.7791238 0.7791238 0.7791238 0.7791238 0.7791238 0.7791238 0.7791238
0.7819042 0.7819042 0.7819042 0.7819047 0.77911425 0.77911425 0.77911425 0.77911425 0.77911425 0.77911425 0.7791147 0.7791147 0.7791157 0.7791157 0.7791157 0.7791157 0.7791157 0.7791157 0.7791157 0.7791157 0.7791157 0.7791157 0.7791157 0.7791157 0.7791157 0.7791157 0.7791157 0.7791157 0.7791157 0.7791157 0.7791157 0.7791157 0.7791157 0.77911615 0.77911615 0.77911615 0.77911615 0.77911615 0.77911615 0.77911615 0.77911615 0.77911615 0.77911615 0.7791171 0.7791171 0.7791171 0.7791171 0.7791171 0.7791171 0.7791171 0.7791171 0.7791171 0.7791171 0.7791171 0.7791171 0.7791171 0.7791171 0.7791171
0.7818942 0.7818942 0.7818942 0.7818942 0.7791066 0.7791066 0.7791066 0.7791066 0.7791066 0.7791066 0.7791066 0.7791066 0.7791066 0.7791066 0.7791066 0.7791066 0.7791066 0.7791066 0.7791066 0.7791066 0.7791066 0.7791066 0.7791066 0.7791066 0.7791066 0.7791066 0.7791066 0.7791066 0.7791066 0.7791066 0.7791066 0.7791066 0.7791066 0.7791066 0.7791066 0.7791066 0.7791066 0.7791066 0.7791066 0.7791066 0.7791066 0.7791066 0.7791066 0.7791066 0.7791066 0.7791066 0.7791066 0.7791066 0.7791066 0.7791066 0.7791066 0.7791066 0.7791066 0.7791066 0.7791066 0.7791066 0.7791066 0.7791066
0.7818866 0.7818866 0.7818866 0.7818866 0.77909803 0.77909803 0.77909803 0.77909803 0.77909803 0.77909803 0.77909803 0.77909803 0.77909803 0.779099 0.779099 0.779099 0.779099 0.779099 0.779099 0.779099 0.779099 0.779099 0.779099 0.779099 0.779099 0.779099 0.779099 0.779099 0.779099 0.779099 0.779099 0.779099 0.779099 0.779099 0.779099 0.779099 0.779099 0.779099 0.779099 0.779099 0.779099 0.779099 0.779099 0.779099 0.779099 0.779099 0.779099 0.779099 0.779099 0.779099 0.779099 0.779099 0.779099 0.779099 0.779099 0.779099 0.779099 0.779099
0.7818775 0.7818775 0.781878 0.781878 0.779088 0.779088 0.779088 0.779088 0.77908707 0.77908707 0.77908707 0.7790885 0.7790885 0.7790885 0.7790885 0.7790885 0.7790885 0.7790885 0.7790885 0.7790885 0.7790885 0.7790885 0.7790885 0.7790885 0.7790885 0.7790885 0.7790885 0.7790885 0.7790885 0.7790885 0.7790885 0.7790885 0.7790885 0.7790885 0.7790885 0.7790885 0.7790885 0.7790885 0.7790885 0.7790885 0.7790885 0.7790885 0.7790885 0.7790885 0.7790885 0.7790885 0.7790885 0.77908945 0.77908945 0.77908945 0.77908945 0.77908945 0.77908945 0.77908945 0.77908945 0.77908945 0.77908945 0.77908945
0.7818694 0.7818694 0.7818694 0.7818694 0.7790804 0.7790804 0.7790804 0.7790804 0.7790804 0.7790804 0.7790804 0.7790804 0.7790804 0.7790804 0.7790804 0.7790804 0.7790804 0.7790804 0.7790804 0.7790804 0.7790804 0.7790804 0.7790804 0.7790804 0.7790804 0.7790804 0.7790804 0.7790804 0.7790804 0.7790804 0.7790804 0.7790804 0.7790804 0.7790804 0.7790804 0.7790804 0.7790804 0.7790818 0.7790818 0.7790818 0.7790818 0.77908087 0.77908087 0.77908087 0.77908087 0.77908087 0.77908087 0.7790818 0.7790818 0.7790818 0.7790818 0.7790818 0.7790818 0.7790818 0.7790818 0.7790823 0.7790823 0.7790823
0.7818618 0.7818618 0.7818618 0.7818618 0.77907133 0.77907133 0.77907133 0.77907133 0.77907133 0.77907133 0.77907133 0.77907133 0.77907133 0.77907133 0.77907133 0.77907133 0.77907133 0.77907133 0.77907133 0.77907133 0.77907133 0.77907133 0.77907133 0.77907133 0.77907133 0.77907133 0.77907133 0.77907133 0.77907133 0.77907133 0.77907133 0.77907133 0.7790718 0.7790718 0.7790718 0.7790718 0.7790718 0.7790718 0.7790718 0.7790718 0.7790718 0.7790718 0.7790718 0.7790718 0.7790718 0.7790718 0.7790718 0.7790718 0.7790718 0.77907276 0.77907276 0.77907276 0.77907276 0.77907276 0.77907276 0.77907276 0.77907276 0.77907276
0.78185177 0.78185177 0.78185177 0.78185177 0.7790637 0.7790637 0.7790637 0.7790637 0.7790637 0.7790637 0.7790637 0.7790637 0.7790637 0.7790637 0.7790637 0.7790637 0.7790637 0.7790637 0.77906466 0.77906466 0.77906466 0.77906466 0.77906466 0.77906466 0.77906466 0.77906466 0.77906466 0.77906466 0.77906466 0.77906466 0.77906466 0.77906466 0.77906466 0.77906466 0.77906466 0.77906466 0.77906466 0.77906466 0.77906466 0.77906466 0.77906466 0.77906466 0.77906466 0.77906466 0.77906466 0.77906466 0.77906466 0.77906466 0.77906466 0.77906466 0.77906466 0.77906466 0.77906466 0.77906466 0.77906466 0.77906466 0.7790656 0.7790656
0.7818432 0.7818432 0.7818432 0.7818432 0.77905416 0.77905464 0.77905464 0.77905464 0.77905464 0.77905464 0.77905464 0.77905464 0.77905464 0.77905464 0.77905464 0.77905464 0.7790556 0.7790556 0.7790556 0.7790556 0.7790556 0.7790556 0.7790556 0.7790556 0.7790556 0.7790556 0.7790556 0.7790556 0.7790556 0.7790556 0.7790556 0.7790556 0.7790556 0.7790556 0.7790556 0.7790556 0.7790556 0.7790556 0.7790556 0.7790556 0.7790556 0.7790556 0.7790556 0.7790556 0.7790556 0.7790556 0.7790556 0.7790556 0.7790556 0.7790556 0.7790556 0.7790556 0.7790556 0.7790556 0.7790556 0.7790556 0.77905655 0.77905655
0.78183365 0.78183365 0.78183365 0.78183365 0.77904654 0.77904654 0.77904654 0.77904654 0.77904654 0.77904654 0.77904654 0.77904654 0.77904654 0.77904654 0.77904654 0.77904654 0.77904654 0.77904654 0.77904654 0.77904654 0.77904654 0.77904654 0.77904654 0.77904654 0.77904654 0.77904654 0.77904654 0.77904654 0.77904654 0.77904654 0.77904654 0.77904654 0.77904654 0.77904654 0.77904654 0.77904654 0.77904654 0.77904654 0.77904654 0.77904654 0.77904654 0.77904654 0.77904654 0.77904654 0.77904654 0.77904654 0.77904654 0.77904654 0.77904654 0.77904654 0.77904654 0.77904654 0.77904654 0.77904654 0.77904654 0.77904654 0.77904654 0.77904654
0.78182554 0.78182554 0.78182554 0.78182554 0.7790384 0.7790384 0.7790384 0.7790384 0.7790384 0.7790384 0.7790384 0.7790384 0.7790384 0.7790384 0.7790384 0.7790384 0.7790384 0.7790384 0.7790384 0.7790384 0.7790384 0.7790384 0.7790384 0.7790384 0.7790384 0.7790384 0.7790384 0.7790384 0.7790384 0.7790384 0.7790384 0.7790384 0.7790384 0.7790384 0.7790384 0.7790384 0.7790384 0.7790384 0.7790384 0.7790384 0.7790384 0.7790384 0.7790384 0.7790384 0.7790384 0.7790384 0.7790384 0.7790384 0.7790384 0.7790384 0.7790384 0.7790384 0.7790384 0.7790384 0.7790384 0.7790384 0.7790384 0.7790384
0.7818165 0.7818165 0.7818165 0.7818165 0.77902937 0.77902937 0.77902937 0.77902937 0.77902937 0.77902937 0.77902937 0.77902937 0.77902937 0.77902937 0.77902937 0.77902937 0.77902937 0.77902937 0.77902937 0.77902937 0.77902937 0.77902937 0.77902937 0.77902985 0.77902985 0.77902985 0.77902985 0.77902985 0.77902985 0.77902985 0.77902985 0.77902985 0.77902985 0.77902985 0.77902985 0.77902985 0.77902985 0.77902985 0.77902985 0.77902985 0.77902985 0.77902985 0.77902985 0.77902985 0.77902985 0.77902985 0.77902985 0.77902985 0.77902985 0.7790303 0.7790303 0.7790303 0.7790303 0.7790303 0.7790303 0.7790303 0.7790303 0.7790303
0.7818084 0.7818084 0.7818084 0.7818084 0.7790208 0.7790208 0.7790208 0.7790208 0.7790208 0.7790208 0.7790208 0.7790208 0.7790208 0.7790208 0.7790208 0.7790208 0.7790208 0.7790208 0.7790208 0.7790208 0.7790208 0.7790208 0.7790208 0.7790208 0.7790208 0.7790208 0.7790208 0.7790208 0.7790208 0.7790208 0.7790208 0.7790208 0.7790208 0.7790208 0.7790208 0.7790208 0.7790208 0.7790208 0.7790208 0.7790208 0.7790208 0.7790208 0.7790208 0.7790208 0.7790208 0.7790208 0.7790208 0.7790208 0.7790208 0.7790208 0.7790208 0.7790208 0.7790208 0.7790208 0.7790208 0.7790208 0.7790208 0.7790208
0.7818012 0.7818012 0.7818012 0.7818012 0.77901316 0.77901316 0.77901316 0.77901316 0.77901316 0.77901316 0.77901316 0.77901316 0.77901316 0.77901316 0.77901316 0.77901316 0.77901316 0.77901316 0.77901316 0.77901316 0.77901316 0.77901316 0.77901316 0.77901316 0.77901316 0.77901316 0.77901316 0.77901316 0.77901316 0.77901316 0.77901316 0.77901316 0.77901316 0.77901316 0.77901316 0.77901316 0.77901316 0.77901316 0.77901316 0.77901316 0.77901316 0.77901316 0.77901316 0.77901316 0.77901316 0.77901316 0.77901316 0.77901316 0.77901316 0.77901316 0.77901316 0.77901316 0.77901316 0.77901316 0.77901316 0.77901316 0.77901316 0.7790141
0.7817912 0.7817912 0.7817912 0.7817912 0.77900314 0.77900314 0.77900314 0.77900314 0.77900314 0.77900314 0.77900314 0.77900314 0.77900314 0.77900314 0.77900314 0.77900314 0.77900314 0.77900314 0.77900314 0.77900314 0.77900314 0.77900314 0.77900314 0.77900314 0.77900314 0.7790036 0.7790036 0.7790036 0.7790036 0.7790036 0.7790036 0.7790036 0.7790036 0.7790036 0.7790036 0.7790036 0.7790036 0.7790036 0.7790036 0.7790036 0.7790036 0.7790036 0.7790036 0.7790036 0.7790036 0.7790036 0.7790036 0.7790036 0.7790036 0.7790036 0.7790036 0.7790036 0.7790036 0.7790036 0.7790036 0.7790036 0.7790036 0.7790036
0.7817826 0.7817831 0.7817831 0.7817831 0.7789955 0.7789955 0.7789955 0.7789955 0.7789955 0.7789955 0.7789955 0.7789955 0.7789955 0.7789955 0.7789955 0.7789955 0.7789955 0.7789955 0.7789955 0.7789955 0.7789955 0.7789955 0.7789955 0.7789955 0.7789955 0.7789955 0.7789955 0.7789955 0.7789955 0.7789955 0.7789955 0.7789955 0.7789955 0.7789955 0.7789955 0.7789955 0.7789955 0.7789955 0.7789955 0.7789955 0.7789955 0.7789955 0.7789955 0.7789955 0.7789955 0.7789955 0.7789955 0.7789955 0.7789955 0.7789955 0.7789955 0.7789955 0.7789955 0.778996 0.778996 0.778996 0.778996 0.778996
