Export/ASCII/RMeteo_SP_inch/impervious0/net_infiltration_2014_SP3_inch.asc
ncols         660
nrows         338
xllcorner     1476100.0
yllcorner     5017100.0
cellsize      100
NODATA_value  -9.9000000089461e-20
[rows 35 to 69 of 338, columns 312 to 389 of 660]
0.0 0.0 0.0 0.0 0.0 0.0 0.0 0.0 0.0 0.0 0.0 0.0 0.0 0.0 0.0 0.0 0.0 0.0 0.0 0.0 0.0 0.0 0.0 0.046786726 0.5107863 0.5107863 0.12792882 0.12792882 0.12792882 0.12792882 0.12792882 0.12792882 0.12792882 0.12792863 0.12792863 0.12792863 0.12792863 0.12792863 0.12792863 0.12792863 0.12792863 0.5107863 0.5107863 0.51078624 0.51078624 0.51078624 0.51078624 0.51078624 0.12792863 0.12792863 0.0 0.51078624 0.5107862 0.5107862 0.5107862 0.5107862 0.5107862 0.5107862 0.5107862 0.04678671 0.5107862 0.5107862 0.5107862 0.0 0.0 0.0 0.0 1.1437961 1.1437961 1.1437961 1.1437961 1.1437961 1.1437961 0.04678669 1.1437961 0.0 0.04678669 0.04678669
0.0 0.0 0.0 0.0 0.0 0.0 0.0 0.0 0.0 0.0 0.0 0.0 0.0 0.0 0.0 0.0 0.0 0.0 0.0 0.0 0.0 0.0 0.0 0.04678625 0.51078445 0.51078445 0.12792683 0.12792683 0.12792683 0.12792683 0.12792683 0.12792683 0.12792683 0.0 0.12792683 0.51078445 0.51078445 0.51078445 0.51078445 0.51078445 0.51078445 0.51078445 0.51078445 0.5107843 0.5107843 0.046786226 0.5107843 0.5107843 0.5107843 0.12792672 0.0 0.046786226 0.046786226 0.0 0.12792653 0.12792653 0.12792653 0.5107843 0.5107843 0.7355663 0.7355663 0.5107843 0.5107843 0.0 0.0 0.0 0.0 0.0 1.143792 1.143792 1.143792 1.143792 1.143792 1.143792 1.143792 0.0 0.04678619 0.04678619
0.0 0.0 0.0 0.0 0.010910442 0.0 0.0 0.0 0.0 0.0 0.0 0.0 0.0 0.0 0.0 0.0 0.0 0.0 0.0 0.0 0.046785768 0.0 0.0 0.046785768 0.51078236 0.51078236 0.12792481 0.12792481 0.12792481 0.12792481 0.12792481 0.12792481 0.12792481 0.0 0.0 0.046785794 0.046785794 0.51078224 0.51078224 0.046785794 0.51078224 0.51078224 1.4549148 0.046785757 0.046785757 0.046785757 0.046785757 0.51078224 0.51078224 0.51078224 0.046785757 0.046785757 0.0 0.0 0.12792462 0.12792462 0.12792462 0.51078224 0.51078224 0.7355638 0.5107822 1.4549148 1.4549148 1.4549148 0.5107821 0.5107821 0.0 0.0 0.0 0.0 0.0 0.0 1.1437875 1.1437875 0.5107821 0.73556364 0.046785746 0.046785746
0.0 0.0 0.0 0.0 0.01091037 0.12792291 0.12792291 0.0 0.0 0.0 0.0 0.0 0.0 0.0 0.0 0.0 0.0 0.0 0.51078045 0.04678534 0.04678534 0.1279228 0.1279228 0.1279228 0.1279228 0.1279228 0.1279228 0.1279228 0.0 0.0 0.0 0.0 0.0 0.0 0.0 0.51078045 0.51078045 0.51078045 0.51078045 0.51078045 0.51078045 0.12792262 0.12792262 0.0 0.0 0.0 0.0 0.0 0.0 0.046785317 0.046785317 0.046785317 0.0 0.0 0.0 0.0 0.12792262 0.5107802 0.51078033 0.51078033 0.5107802 0.7355613 0.5107802 1.4549079 0.5107802 0.5107802 0.046785306 0.046785306 0.046785306 0.046785306 0.0 0.0 1.1437827 1.1437827 0.7355612 0.7355612 0.046785306 0.046785306
0.0 0.0 0.0 0.0 0.0 0.0 0.1279208 0.1279208 0.1279208 0.0 0.0 0.0 0.0 0.0 0.0 0.0 0.0 0.0 0.51077867 0.046784878 0.51077867 0.1279208 0.1279208 0.1279208 0.1279208 0.1279208 0.1279208 0.1279208 0.0 0.0 0.0 0.0 0.0 0.046784878 0.51077867 0.51077867 0.51077867 0.51077867 0.51077867 0.1279208 0.1279208 0.12792063 0.12792063 0.12792063 0.0 0.0 0.12792063 0.12792063 0.12792063 0.51077867 1.454901 1.454901 0.046784867 0.0 0.0 0.0 0.12792063 0.51077855 0.51077855 0.51077855 0.51077855 0.7355588 0.51077855 0.51077855 0.51077855 0.12792063 0.0 0.0 0.046784867 0.046784867 1.4549003 1.4549003 1.4549 1.1437792 0.73555875 0.73555875 0.5107785 0.5107785
0.0 0.0 0.0 0.0 0.0 0.0 0.0 0.0 0.0 0.0 0.0 0.0 0.0 0.0 0.0 0.0 0.0 0.0 0.0 0.046784423 0.0 0.1279189 0.1279189 0.1279189 0.1279189 0.1279189 0.1279189 0.0 0.0 0.0 0.0 0.0 0.046784423 0.5107765 0.5107765 0.12791881 0.12791881 0.12791881 0.0 0.12791872 0.0 0.0 0.0 0.12791872 0.0 0.0 0.12791872 0.12791872 0.12791872 0.046784375 1.4548931 1.4548931 0.7355563 1.4548931 0.0 0.0 0.12791862 0.12791862 0.51077646 0.51077646 1.4548931 1.4548931 0.51077646 0.51077646 0.73555624 0.0 0.0 0.0 0.0 0.046784353 0.046784353 0.73555624 0.73555624 0.21290636 0.21290636 0.6976621 0.51077646 0.21290636
0.0 0.0 0.0 0.0 0.0 0.0 0.0 0.0 0.0 0.0 0.0 0.0 0.0 0.0 0.0 0.0 0.0 0.5107745 0.0 0.0 0.0 0.12791672 0.12791672 0.12791672 0.12791672 0.12791672 0.12791672 0.12791672 0.0 0.0 0.0 0.046783958 0.5107745 0.5107745 0.12791672 0.12791672 0.12791672 0.12791672 0.12791672 0.12791672 0.0 0.0 0.0 0.0 0.0 0.0 0.12791672 0.12791672 0.0 0.0 0.0 0.0 0.046783958 0.73555404 0.12791662 0.12791662 0.12791662 0.12791651 0.12791651 0.51077443 1.4548862 1.4548862 0.34683943 0.73555404 0.046783898 0.0 0.0 0.0 0.0 0.046783876 0.046783876 0.7355539 0.7355539 1.4548862 0.046783876 1.4548862 0.51077443 0.046783898
0.0 0.0 0.0 0.0 0.0 0.0 0.0 0.0 0.0 0.0 0.0 0.0 0.0 0.0 0.0 0.0 0.0 0.5107729 0.1279148 0.0 0.046783496 0.5107729 0.1279148 0.1279148 0.5107729 0.5107729 0.1279148 0.0 0.0 0.0 0.04678348 0.04678348 0.5107728 0.0 0.0 0.1279148 0.1279148 0.1279148 0.1279148 0.1279147 0.1279147 0.0 0.0 0.0 0.1279147 0.1279147 0.1279147 0.1279147 0.0 0.0 0.0 0.0 0.046783503 0.5107728 0.1279147 0.1279147 0.1279147 0.1279147 0.1279147 0.5107728 0.5107728 1.4548798 0.351578 1.4548795 1.4548795 0.0 0.0 0.0 0.0 0.0 0.04678348 0.5107726 0.5107726 0.5107726 0.04678348 0.04678348 0.04678347 0.04678347
0.0 0.0 0.0 0.0 0.0 0.0 0.0 0.0 0.0 0.0 0.0 0.0 0.0 0.0 0.0 0.0 0.0 0.5107708 0.1279127 0.0 0.046783037 0.046783015 0.046783015 0.0 0.046783015 0.046783015 0.0 0.0 0.0 0.046783015 0.5107708 0.5107708 0.5107708 0.0 0.0 0.0 0.12791261 0.12791261 0.12791261 0.12791261 0.12791261 0.12791252 0.0 0.0 0.12791252 0.12791252 0.12791252 0.12791252 0.12791252 0.0 0.12791252 0.5107708 0.5107708 0.12791252 0.12791252 0.0 0.12791252 0.12791252 0.12791252 0.12791252 0.51077074 1.4548719 1.4548719 1.4548717 1.4548717 0.0 0.0 0.0 0.12791252 0.12791252 0.12791252 0.51077074 0.12791252 0.12791252 0.12791252 0.51077074 0.046782993 0.046782993
0.0 0.0 0.0 0.0 0.0 0.0 0.0 0.0 0.0 0.0 0.0 0.0 0.0 0.0 0.046782613 0.046782598 1.4548967 0.51076895 0.51076895 0.0 0.0 0.046782598 0.51076895 0.0 0.046782598 0.046782598 0.0 0.0 0.046782598 0.51076895 0.51076895 0.51076895 0.51076895 0.04678259 0.04678259 0.04678259 0.51076883 0.51076883 0.51076883 0.1279107 0.1279107 0.1279107 0.1279107 0.1279107 0.1279107 0.0 0.1279107 0.1279107 0.1279107 0.1279107 0.5107688 0.51076865 0.51076865 0.1279107 0.0 0.0 0.0 0.1279107 0.1279107 0.1279107 0.51076865 1.454865 1.454865 1.454865 1.454865 0.0 0.046782587 0.12791061 0.12791061 0.0 0.0 0.12791061 0.12791061 0.0 0.0 0.046782587 0.51076865 0.51076865
0.0 0.0 0.0 0.0 0.0 0.0 0.0 0.0 0.0 0.0 0.0 0.0 0.0 0.0 0.0 0.04678216 0.51076704 0.51076704 0.51076704 0.51076704 0.51076704 0.12790889 0.51076704 0.12790889 0.0 0.34682977 0.7355443 0.510767 0.510767 0.510767 0.510767 0.510767 0.510767 0.7355443 0.046782136 0.046782136 0.046782136 0.510767 0.510767 0.12790889 0.12790889 0.510767 0.12790889 0.34682977 0.34682977 0.35155892 0.12790889 0.12790889 0.12790889 0.12790889 0.510767 0.12790889 0.12790889 0.12790889 0.0 0.0 0.0 0.0 0.12790889 0.12790889 0.12790889 1.1437534 1.4548581 1.4548581 0.12790889 0.0 0.5107668 0.12790889 0.12790889 0.0 0.0 0.12790869 0.0 0.0 0.0 0.0467821 0.5107667 0.5107667
0.0 0.0 0.0 0.0 0.0 0.0 0.0 0.0 0.0 0.0 0.0 0.0 0.0 0.0 0.0 0.0 0.5107651 0.5107651 0.5107651 0.046781667 0.5107651 0.12790698 0.5107651 0.5107651 0.046781667 0.73554194 0.5107651 0.5107651 0.5107651 0.12790698 0.5107651 0.5107651 0.5107651 0.046781667 0.046781667 0.5107651 0.046781667 0.5107651 0.5107651 0.12790698 0.12790698 0.046781667 0.046781655 0.34682703 0.34682703 0.0 0.0 0.12790689 0.12790689 0.12790689 0.12790689 0.12790671 0.12790671 0.12790671 0.0 0.0 0.0 0.0 0.5107651 0.5107651 0.5107651 1.1437489 1.1437489 0.6976218 0.6976218 0.0 0.5107651 0.12790671 0.12790671 0.0 0.0 0.0 0.0 0.0 0.0 0.046781648 0.046781648 0.046781648
0.0 0.0 0.0 0.0 0.0 0.0 0.0 0.0 0.0 0.0 0.0 0.0 0.0 0.0 0.0 0.510763 0.510763 0.510763 0.510763 0.0 0.12790468 0.12790468 0.12790468 0.51076293 0.046781227 0.7355393 0.51076293 0.51076293 0.51076293 0.51076293 0.51076293 0.51076293 0.04678122 0.04678122 0.04678122 0.51076293 0.04678122 0.51076293 0.1279046 0.1279046 0.51076293 0.04678122 0.04678122 0.3468244 0.0 0.0 0.0 0.1279046 0.1279046 0.1279046 0.1279046 0.1279046 0.1279046 0.0 0.0 0.0 0.04678122 0.04678122 0.7355391 0.51076293 0.51076293 1.1437445 0.51076293 0.51076293 0.51076293 0.51076293 0.51076293 0.0 0.0 0.0 0.0 0.0 0.04678118 0.04678118 0.04678118 0.04678118 0.5107629 0.5107629
0.0 0.0 0.0 0.0 0.0 0.0 0.0 0.0 0.0 0.0 0.0 0.0 0.0 0.0 0.0 0.046780776 0.046780776 0.0 0.0 0.0 0.0 0.046780754 0.046780754 0.046780754 0.046780754 0.0 0.0 1.4548368 0.0 0.046780754 0.5107612 0.0 0.7355368 0.046780776 0.046780776 0.5107612 0.0 0.5107612 0.5107612 0.5107612 0.04678075 0.04678075 0.04678075 0.0 0.0 0.0 0.0 0.1279026 0.1279026 0.1279026 0.1279026 0.1279026 0.1279026 0.5107612 0.5107612 0.046780728 0.046780728 1.4548359 0.5107612 0.510761 0.510761 0.510761 0.510761 0.510761 0.510761 0.510761 0.510761 0.046780713 0.0 0.0 0.046780713 0.046780743 0.046780743 0.046780743 0.046780743 0.046780743 0.51076096 0.51076096
0.0 0.0 0.0 0.0 0.0 0.0 0.0 0.0 0.0 0.0 0.0 0.0 0.0 0.0 0.0 0.04678031 0.04678031 0.04678031 0.04678031 0.04678031 0.04678031 0.04678031 0.04678031 1.4548295 1.1437367 1.1437367 1.1437367 1.1437367 1.1437367 0.04678031 0.04678031 0.04678031 0.73553455 0.04678031 0.5107593 0.5107593 0.0 0.0 0.04678031 0.04678031 0.0 0.0 0.0 0.0 0.0 0.0 0.0 0.12790069 0.12790069 0.1279006 0.1279006 0.1279006 0.1279006 0.5107591 0.5107591 0.04678029 0.04678029 0.046780262 1.4548292 0.1279005 0.1279005 0.1279005 0.1279005 0.1279005 0.51075906 0.51075906 0.21285367 0.046780262 0.046780262 0.51075906 0.046780262 0.046780262 0.046780262 0.046780262 0.046780262 0.5107588 0.5107588 0.5107588
0.0 0.0 0.0 0.0 0.0 0.0 0.0 0.0 0.0 0.0 0.0 0.0 0.0 0.0 0.0 0.04677987 0.04677987 0.04677987 0.04677987 0.04677986 0.04677986 0.04677986 1.4548235 0.0 1.1437322 1.1437322 0.7598204 0.7598202 0.7598202 0.7598202 0.7598202 0.5107572 0.5107572 0.5107572 1.454823 0.5107572 0.0 0.0 0.04677986 0.0 0.0 0.0 0.0 0.0 0.0 0.12789878 0.12789878 0.12789878 0.12789878 0.12789878 0.12789878 0.12789878 0.12789878 0.5107572 0.04677986 0.046779834 0.0 0.046779834 0.046779834 0.5107572 0.12789868 0.12789868 0.12789868 0.12789868 0.51075715 0.51075715 0.21284771 0.21284747 0.51075715 0.51075715 0.046779796 0.046779796 0.21284747 0.046779796 0.046779796 0.73553187 0.7355318 0.0
0.0 0.0 0.0 0.0 0.0 0.0 0.0 0.0 0.0 0.0 0.0 0.0 0.0 0.0 0.0 0.5107555 0.5107555 0.5107555 0.04677943 0.046779417 0.046779417 1.4548161 0.0 0.0 1.1437281 1.1437281 1.1437281 0.759816 0.759816 0.759816 0.759816 0.5107553 0.12789696 0.12789696 0.12789696 0.5107552 0.5107552 0.5107552 0.5107552 0.046779417 0.0 0.12789696 0.0 0.0 0.0 0.12789696 0.12789696 0.12789696 0.12789696 0.12789696 0.12789696 0.12789696 0.12789696 0.046779417 0.046779417 0.046779417 0.0 0.0 0.046779417 0.5107552 0.5107552 0.5107552 0.5107552 0.12789668 0.5107552 0.5107552 0.21284175 0.21284175 0.5107552 0.0 0.0 0.0 0.7355293 0.7355293 1.4548154 0.7355293 0.7355293 0.0
0.0 0.0 0.0 0.0 0.0 0.0 0.0 0.0 0.0 0.0 0.0 0.0 0.0 0.0 0.0 0.2128365 0.2128365 0.5107534 0.5107534 1.4548082 0.0 0.0 0.0 0.0 1.1437237 1.1437237 1.1437237 0.7598111 0.7598111 0.7598111 0.12789477 0.12789477 0.12789477 0.12789477 0.12789477 0.12789477 0.12789477 0.12789477 0.5107534 0.046778966 0.0 0.12789477 0.0 0.0 0.0 0.12789467 0.12789467 0.12789467 0.12789467 0.12789467 0.12789467 0.12789467 0.12789467 0.046778955 0.046778955 0.046778955 0.0 0.0 0.12789467 0.12789467 0.5107534 1.454808 0.5107534 0.5107534 0.5107534 0.5107534 0.0 0.0 0.7355268 0.04677893 0.04677893 0.0 0.046778917 0.046778917 1.4548075 0.0 0.51075315 0.0
0.0 0.0 0.0 0.0 0.0 0.0 0.0 0.0 0.0 0.0 0.0 0.0 0.0 0.0 0.0 0.2128303 0.2128303 0.51075155 0.2128303 0.0 0.0 0.0 0.0 0.0 0.0 1.1437193 1.1437193 0.75980663 0.75980663 0.75980663 0.12789267 0.12789267 0.12789267 0.12789267 0.12789267 0.12789267 0.12789267 0.12789267 0.51075137 0.51075137 0.12789267 0.12789267 0.12789267 0.04677845 0.0 0.0 0.12789267 0.12789267 0.12789267 0.12789267 0.12789267 0.12789267 0.12789267 0.046778426 0.046778426 0.046778426 0.12789267 0.0 0.12789267 0.12789267 0.51075137 0.046778426 0.51075137 0.51075137 0.51075137 0.51075137 0.7355244 0.046778426 0.046778426 0.0 0.0 0.0 0.046778426 0.0 0.7355243 0.7355243 0.7355243 0.0
0.0 0.0 0.0 0.0 0.0 0.0 0.0 0.0 0.0 0.0 0.0 0.0 0.0 0.0 0.0 0.21282482 0.7355223 0.7355223 0.0 0.0 0.7355223 0.7355223 0.7355223 0.7355223 0.7355223 0.7355223 0.7355223 1.1437151 0.7598019 0.7598019 0.7598019 0.12789068 0.12789068 0.12789068 0.12789068 0.12789068 0.12789068 0.12789068 0.12789068 0.12789068 0.12789068 0.5107495 0.5107495 0.046778034 0.046778034 0.0 0.12789068 0.12789068 0.12789068 0.12789068 0.12789068 0.12789068 0.12789068 0.12789068 0.51074946 1.1437148 0.51074946 0.51074946 0.51074946 0.51074946 0.51074946 0.0 0.046778023 0.046778023 0.5107494 0.5107494 0.046778023 0.0 0.0 0.0 0.0 0.0 0.046778023 0.0 0.735522 0.735522 0.735522 0.0
0.0 0.0 0.0 0.0 0.0 0.0 0.0 0.0 0.0 0.0 0.0 0.0 0.0 0.0 0.0 0.0 0.7355197 0.7355197 0.0 0.7355197 0.7355197 0.7355197 0.7355197 0.7355197 0.7355197 0.7355197 0.7355197 0.0 1.1437109 0.75979686 0.75979686 0.12788877 0.12788877 0.12788877 0.0 0.0 0.0 0.0 0.0 0.12788877 0.12788877 0.5107476 0.04677759 0.04677759 0.04677759 0.04677759 0.12788877 0.12788868 0.0 0.5107476 0.04677758 0.0 0.12788868 0.12788868 0.5107475 1.1437105 0.5107475 0.5107475 0.5107475 0.5107475 0.046777524 0.046777524 0.046777524 0.5107475 0.5107475 0.5107475 0.0 0.0 0.0 0.0 0.0 0.0 0.04677751 0.0 0.0 0.0 0.0 0.0
0.0 0.0 0.0 0.0 0.0 0.0 0.0 0.0 0.0 0.0 0.0 0.0 0.0 0.0 0.0 0.0 0.046777107 0.046777107 0.7355175 0.7355175 0.7355175 0.7355175 0.7355175 0.7355173 0.5107457 0.5107455 0.0 1.1437066 1.1437066 0.75979245 0.75979245 0.5107455 0.5107455 0.12788686 0.12788686 0.0 0.0 0.0 0.0 0.5107455 0.5107455 0.5107455 0.046777092 0.0 0.0 0.046777092 0.046777092 0.046777092 0.046777092 0.046777092 0.046777092 0.0 0.12788686 0.5107455 0.5107455 1.4547801 0.5107455 0.5107455 0.5107455 0.5107455 1.4547801 0.046777066 0.5107455 0.5107455 0.12788667 0.12788667 0.0 0.0 0.0 0.0 0.0 0.5107455 0.5107455 0.0 0.0 0.0 0.0 0.0
2.4067714 0.0 0.0 0.0 0.0 0.0 0.0 0.0 0.0 0.0 0.0 0.0 0.0 0.0 0.0 0.0 0.046776675 0.5107436 0.5107436 0.5107436 0.7355147 0.7355147 0.7355147 0.7355147 0.7355147 0.0 0.7355147 1.1437024 1.1437024 1.1437024 1.1437024 1.1437024 0.5107436 0.12788466 0.12788466 0.12788466 0.0 0.12788466 0.12788466 0.5107436 0.5107436 0.5107436 0.0 0.046776675 0.046776675 0.046776675 0.046776675 0.046776675 0.046776675 0.046776675 0.5107436 0.5107436 0.5107436 0.5107436 0.7355147 0.7355147 0.7355147 0.5107436 0.5107436 0.046776675 0.046776675 0.5107436 0.5107436 0.12788457 0.12788457 0.0 0.0 0.0 0.0 0.0 0.0 0.5107436 0.5107436 0.7355147 0.7355147 1.4547725 1.4547725 0.0
2.4067621 0.7834207 0.0 0.0 0.0 0.0 0.0 0.0 0.0 0.0 0.0 0.0 0.0 0.7355125 0.7355125 0.04677621 0.04677621 0.12788276 0.12788276 0.51074183 0.04677621 0.04677621 0.04677621 0.04677621 1.1436977 1.1436977 0.7355124 0.7355124 0.0 1.1436974 1.1436974 1.1436974 0.51074183 0.12788276 0.12788276 0.12788276 0.12788276 0.12788276 0.5107418 0.5107418 0.5107418 0.046776187 0.046776187 0.046776187 0.046776187 0.046776187 0.046776187 0.046776187 0.046776187 0.7355123 0.73551226 0.5107418 0.5107418 0.5107418 0.046776175 0.73551226 0.73551226 0.046776175 0.046776175 0.046776175 0.0 0.12788266 0.12788266 0.12788266 0.12788266 0.12788266 0.0 0.0 0.0 0.0 0.5107418 0.5107418 0.5107418 0.5107418 0.346797 0.5107418 0.5107418 0.5107418
2.4067538 0.78341824 0.0 0.0 0.0 0.0 0.0 0.0 0.0 0.0 0.5107399 0.5107399 0.73550993 0.73550993 0.73550993 0.0 0.0 0.04677576 0.04677576 0.04677576 0.04677576 0.04677576 0.04677576 0.04677576 1.1436937 0.73550993 0.73550993 0.5107399 0.6975355 0.0 1.1436936 1.1436936 0.5107398 0.5107398 0.5107398 0.12788066 0.12788066 0.12788066 0.5107398 0.0 0.046775743 0.046775743 0.046775743 0.04677572 0.04677572 0.0 0.04677572 0.0 0.7355096 0.7355096 0.5107397 0.5107397 0.5107397 0.5107397 0.5107397 0.04677571 0.7355096 0.04677571 0.04677571 0.04677571 0.0 0.0 0.12788066 0.12788066 0.12788066 0.12788066 0.0 0.0 0.04677571 0.04677571 0.5107397 0.5107397 0.5107397 0.12788066 0.34679437 0.12788066 0.12788066 0.12788066
2.4067442 0.78341573 0.0 0.0 0.0 0.0 0.0 0.0 0.5107379 0.5107379 0.0 0.5107379 0.7355074 0.7355074 0.046775304 0.046775304 0.046775304 0.046775304 0.0 0.0 0.0 0.0 0.0 0.0 0.0 0.7355074 0.7355074 0.5107379 0.69752884 0.0 0.0 0.7355074 0.5107379 0.5107379 0.046775304 0.0 0.12787876 0.12787876 0.046775304 0.7355074 0.046775304 0.046775304 0.0 0.046775304 0.0 0.0 0.046775304 0.046775304 1.454752 0.12787876 0.5107379 0.5107379 0.51073784 0.51073784 0.51073784 0.04677528 0.34679174 0.04677528 0.04677528 0.0 0.0 0.0 0.0 0.0 0.12787846 0.12787846 0.12787846 0.12787846 0.04677523 0.5107378 0.5107378 0.12787846 0.12787846 0.12787846 0.12787846 0.12787846 0.12787846 0.12787846
2.4067361 0.7834134 0.0 0.0 0.0 0.0 0.0 0.0 0.0 0.0 0.0 0.5107359 0.5107359 0.5107359 0.5107359 0.0 0.0 0.0 0.0 0.0 0.0 0.0 0.0 0.0 0.0 0.0 0.735505 0.735505 0.0 0.0 0.0 0.0 0.046774838 0.046774838 0.0 0.0 0.12787665 0.12787665 0.51073587 0.73550504 0.046774838 0.046774838 0.046774838 0.046774838 0.0 0.0 0.0 0.0 0.0 0.0 0.12787665 0.12787665 0.12787656 0.12787656 0.51073587 0.046774827 0.735505 0.735505 0.046774827 0.0 0.0 0.0 0.0 0.0 0.12787656 0.12787656 0.12787656 0.51073587 0.046774827 0.51073587 0.51073587 0.51073587 0.12787656 0.12787656 0.12787646 0.12787646 0.12787646 0.12787646
2.4067273 2.4067273 2.4067273 0.0 0.0 0.0 0.0 0.0 0.7355025 0.0 0.0 0.0 0.5107342 0.5107342 0.5107342 0.0 0.0 0.0 0.0 0.0 0.0 0.0 0.0 0.0 0.0 0.0 0.7355025 0.7355025 0.0 0.0 0.0 0.046774387 0.046774387 0.0 0.0 0.0 0.046774387 0.5107341 0.5107341 0.0 0.046774387 0.046774387 0.046774387 0.0 0.0 0.0 0.0 0.0 0.0 0.0 0.12787455 0.51073396 0.51073396 0.51073396 0.046774387 0.046774387 0.7355024 0.51073396 0.51073396 0.046774387 0.0 0.0 0.0 0.0 0.35144925 0.12787455 0.12787455 0.51073396 1.1436806 0.51073396 0.51073396 0.51073396 0.12787455 0.12787455 0.12787455 0.12787455 0.12787455 0.12787466
0.0 2.4067178 2.4067175 0.0 0.0 0.0 0.0 0.0 0.0 0.0 0.0 0.0 0.5107321 0.5107321 0.5107321 0.73550004 0.73550004 0.0 0.0 0.0 0.0 0.0 0.0 0.0 0.0 0.0 0.73549986 0.73549986 0.21277189 0.6975086 0.0 0.046773896 0.046773896 0.046773896 0.0 0.0 0.046773896 0.51073205 0.0 0.0 0.046773896 0.046773896 0.0 0.0 0.34678447 0.34678447 0.0 0.0 0.0 0.0 0.12787274 0.0 0.51073205 0.51073205 0.0 0.0 0.51073205 0.51073205 0.51073205 0.046773873 0.046773873 0.0 0.0 0.0 0.12787274 0.12787274 0.12787274 1.1436763 1.1436763 0.046773873 0.046773873 0.0 0.0 0.12787265 0.12787265 0.12787265 0.12787265 0.12787265
0.0 0.0 0.0 0.0 0.0 0.0 0.0 0.0 0.21276641 0.21276641 0.0 0.0 0.5107303 0.12787102 0.5107303 0.5107303 0.7354978 0.0 0.5107303 0.5107303 0.0 0.5107303 0.0 0.0 0.0 0.0 0.0 0.04677349 1.4547231 0.5107303 0.6975026 0.0 0.04677348 0.04677348 0.0 0.04677348 0.04677348 0.51073027 0.04677348 0.0 0.0 0.04677348 0.04677348 0.0 0.0 0.0 0.04677348 0.04677348 0.0 0.0 0.0 0.04677348 0.0 0.0 0.0 0.0 0.5107301 0.12787074 0.12787074 0.5107301 0.046773467 0.0 0.12787074 0.12787074 0.12787074 0.12787074 0.12787074 1.4547222 1.1436721 0.046773467 0.0 0.0 0.0 0.12787074 0.12787074 0.12787074 0.12787074 0.12787074
0.0 0.0 0.0 0.0 0.0 0.0 0.0 0.0 0.21276021 0.21276021 0.5107284 0.0 0.5107284 0.5107284 0.5107284 0.5107284 0.5107284 0.0 0.5107284 0.5107284 0.5107284 0.59513825 0.5107284 0.0 0.0 0.0 0.0 0.04677305 0.04677305 0.5107284 0.69749594 0.04677305 0.04677305 0.04677305 0.04677304 0.04677304 0.51072836 0.51072836 0.04677304 0.0 0.73549515 0.046773016 0.046773016 0.046773016 0.046773016 0.046773016 0.046773016 0.51072824 0.12786874 0.0 0.0 0.046773016 0.046773016 0.04677299 0.0 0.51072824 0.51072824 0.12786874 0.51072824 0.51072824 0.73549503 0.73549503 0.12786874 0.12786874 0.12786874 0.12786874 0.12786874 0.0 0.0 0.0 0.0 0.0 0.0 0.12786874 0.12786874 0.12786874 0.12786874 0.12786874
0.0 0.0 0.0 0.0 0.0 0.0 0.0 0.0 0.21275449 0.21275473 0.51072645 0.51072645 0.51072645 0.51072645 0.12786673 0.51072645 0.51072645 1.4547098 0.51072645 0.51072645 0.51072645 0.51072645 0.51072645 0.51072645 0.51072645 0.0 0.0 0.046772562 0.046772562 0.04677255 0.0 0.0 0.0 0.0 0.04677255 0.04677255 0.0 0.51072645 0.04677255 0.0 0.73549265 0.73549265 0.04677255 0.04677255 0.04677255 0.04677255 0.04677255 0.5107264 0.04677255 0.0 0.0 0.04677255 0.04677255 0.0 0.0 0.5107264 0.12786673 0.19154395 0.5107264 0.5107264 0.73549265 0.73549265 0.0 0.12786673 0.0 0.12786673 0.12786673 0.12786673 0.0 0.0 0.0 0.0 0.0 0.12786673 0.12786673 0.12786673 0.12786673 0.12786673
0.0 0.0 0.0 0.0 0.0 0.0 0.0 0.0 0.51072437 0.51072437 0.51072437 0.51072437 0.51072437 0.12786484 0.12786484 0.51072437 0.51072437 0.51072437 0.51072437 0.51072437 0.51072437 0.51072437 0.12786484 0.12786484 0.51072437 0.0 0.0 0.21274853 0.046772107 0.046772107 0.0 0.0 0.0 0.0 0.0 0.0 0.0 0.51072437 0.51072437 1.1436596 1.1436596 0.7354901 0.046772107 0.5107243 0.5107243 0.046772107 0.046772107 0.046772107 0.0 0.0 0.0 0.0 0.0 0.0 0.0 0.5107242 0.5107242 0.5107242 0.5107242 0.5107242 1.4547014 0.7354899 0.12786464 0.12786464 0.12786464 0.12786464 0.12786464 0.35141754 0.0 0.0 0.0 0.0 0.12786445 0.12786445 0.12786445 0.12786445 0.12786445 0.12786445
0.0 0.0 0.0 0.0 0.0 0.0 0.0 0.0 0.5107226 0.5107226 0.12786272 0.12786272 0.12786272 0.12786272 0.12786272 0.12786272 0.5107226 0.5107226 0.12786272 0.12786272 0.12786272 0.12786272 0.12786272 0.12786272 0.5107226 0.0 0.5107226 0.5107226 0.0 0.0 0.0 0.0 0.0 0.0 0.0 0.5107226 0.5107226 0.51072246 0.12786272 0.7354878 1.1436553 0.51072246 0.046771657 0.51072246 0.51072246 0.046771657 0.046771657 0.0 0.046771657 0.0 0.0 0.0 0.0 0.0 0.046771646 0.51072234 0.51072234 0.51072234 0.51072234 0.51072234 0.51072234 0.12786272 0.12786272 0.12786263 0.12786263 0.12786263 0.12786263 0.3514111 0.0 0.0 0.0 0.0 0.12786263 0.12786263 0.12786263 0.12786263 0.12786263 0.12786263
0.0 2.4066648 0.0 0.0 0.0 0.0 0.0 0.0 0.12786083 0.12786083 0.12786064 0.12786064 0.12786064 0.12786064 0.12786064 0.12786064 0.12786064 0.12786064 0.12786064 0.12786064 0.12786064 0.12786064 0.12786064 0.12786064 0.5107206 0.5107206 0.5107206 0.5107206 0.0 0.5107206 0.04677117 0.0 0.0 0.5107206 1.143651 0.12786083 0.12786083 0.12786083 0.34676945 0.5107206 0.5107206 0.5107206 0.5107206 0.21273613 1.4546876 0.04677117 0.04677117 0.04677117 0.04677117 0.0 0.0 0.0 0.0 0.0 0.04677117 0.51072043 0.51072043 0.51072043 0.51072043 0.04677117 0.04677117 0.51072043 0.12786053 0.12786053 0.12786053 0.12786053 0.12786053 0.35140514 0.0 0.0 0.0 0.0 0.0 0.12786044 0.12786044 0.12786044 0.12786044 0.12786044
