Export/ASCII/RMeteo_SP_inch/impervious0/net_infiltration_2017_SP2_inch.asc
ncols         660
nrows         338
xllcorner     1476100.0
yllcorner     5017100.0
cellsize      100
NODATA_value  -9.9000000089461e-20
[rows 234 to 259 of 338, columns 0 to 57 of 660]
1.1037698 1.1037698 1.1037698 1.1037698 1.065342 1.065342 1.0653424 1.0653424 1.0653424 1.0653429 1.0653429 1.0653429 1.0653429 1.0653429 1.0653429 1.0653429 1.0653429 1.0653434 1.0653434 1.0653434 1.0653434 1.0653434 1.0653434 1.0653434 1.0653434 1.0653434 1.0653434 1.0653434 1.0653434 1.0653434 1.0653434 1.0653434 1.0653434 1.0653434 1.0653434 1.0653434 1.0653434 1.0653434 1.0653434 1.0653434 1.0653434 1.0653434 1.0653434 1.0653434 1.0653434 1.0653434 1.0653434 1.0653434 1.0653434 1.0653434 1.0653434 1.0653434 1.0653434 1.0653434 1.0653434 1.0653439 1.0653439 1.0653439
0.78266764 0.78266764 0.7826681 0.7826681 0.7798662 0.7798662 0.7798662 0.7798667 0.7798667 0.7798667 0.7798667 0.7798667 0.7798667 0.7798667 0.7798667 0.7798667 0.7798667 0.7798667 0.7798667 0.7798672 0.7798672 0.7798672 0.7798672 0.7798672 0.7798672 0.7798672 0.7798672 0.7798672 0.7798672 0.7798681 0.7798681 0.7798681 0.7798681 0.7798691 0.7798691 0.7798691 0.7798691 0.7798691 0.7798691 0.7798691 0.7798691 0.7798691 0.7798691 0.7798691 0.7798691 0.7798691 0.7798691 0.7798691 0.7798691 0.77987003 0.77987003 0.77987003 0.77987003 0.77987003 0.77987003 0.77987003 0.77987003 0.77987003
0.7826576 0.7826576 0.7826576 0.7826576 0.77985764 0.77985764 0.77985764 0.77985764 0.77985764 0.77985764 0.77985764 0.77985764 0.77985764 0.77985764 0.77985764 0.77985764 0.77985764 0.77985764 0.77985764 0.77985764 0.77985764 0.77985764 0.77985764 0.77985764 0.77985764 0.77985764 0.77985764 0.77985764 0.77985764 0.77985764 0.77985764 0.77985764 0.7798586 0.7798586 0.7798586 0.7798586 0.7798586 0.7798586 0.7798586 0.7798586 0.7798586 0.7798586 0.7798586 0.7798586 0.7798586 0.7798586 0.7798586 0.7798586 0.7798586 0.7798586 0.77985954 0.77985954 0.77985954 0.77985954 0.77985954 0.77985954 0.77985954 0.77985954
0.7826505 0.7826505 0.7826505 0.7826505 0.7798495 0.7798495 0.7798495 0.7798495 0.7798495 0.7798495 0.77985 0.77985 0.77985 0.77985 0.77985 0.77985 0.77985 0.77985 0.77985 0.77985 0.77985 0.77985 0.77985 0.77985 0.77985 0.77985 0.77985 0.77985 0.77985 0.77985 0.77985 0.77985 0.77985 0.77985 0.77985 0.77985 0.77985 0.77985 0.77985 0.77985 0.77985 0.77985 0.77985 0.77985 0.77985 0.7798505 0.7798505 0.7798505 0.7798505 0.7798505 0.7798505 0.7798505 0.7798505 0.7798505 0.7798505 0.7798505 0.77985096 0.77985096
0.78264093 0.78264093 0.78264093 0.78264093 0.77984047 0.77984047 0.77984047 0.77984047 0.7798414 0.7798414 0.7798414 0.7798414 0.7798414 0.7798414 0.7798414 0.7798414 0.7798414 0.7798414 0.7798414 0.7798414 0.7798414 0.7798414 0.7798414 0.7798414 0.7798414 0.7798414 0.7798414 0.7798414 0.7798414 0.7798414 0.7798414 0.7798414 0.7798414 0.7798414 0.7798414 0.7798414 0.7798414 0.7798414 0.7798414 0.7798414 0.7798414 0.7798414 0.7798414 0.7798414 0.7798414 0.7798414 0.7798414 0.77984285 0.77984285 0.77984285 0.77984285 0.77984285 0.77984285 0.77984285 0.77984285 0.77984285 0.77984285 0.77984285
0.7826333 0.7826333 0.7826333 0.7826333 0.7798319 0.7798319 0.7798319 0.7798319 0.7798319 0.7798319 0.7798319 0.7798319 0.7798319 0.7798319 0.7798319 0.7798319 0.7798319 0.7798319 0.7798319 0.77983236 0.77983236 0.77983236 0.77983236 0.77983236 0.77983236 0.77983236 0.77983236 0.77983236 0.77983236 0.77983236 0.77983236 0.77983236 0.77983236 0.7798333 0.7798333 0.7798333 0.7798333 0.7798333 0.7798333 0.7798333 0.7798333 0.7798333 0.7798333 0.7798343 0.7798343 0.7798343 0.7798343 0.7798343 0.7798343 0.7798343 0.7798343 0.7798343 0.7798343 0.7798343 0.7798343 0.7798343 0.7798343 0.7798343
0.78262377 0.78262377 0.78262377 0.78262377 0.7798238 0.7798238 0.7798238 0.7798238 0.7798238 0.7798238 0.7798238 0.7798238 0.7798238 0.7798238 0.7798238 0.7798238 0.7798238 0.7798238 0.7798238 0.7798238 0.7798238 0.7798238 0.7798238 0.7798238 0.7798238 0.7798238 0.7798238 0.7798238 0.77982426 0.77982426 0.77982426 0.77982426 0.77982426 0.77982426 0.77982426 0.77982426 0.77982426 0.77982426 0.77982426 0.77982426 0.77982426 0.77982426 0.77982426 0.77982426 0.77982426 0.77982426 0.77982426 0.77982426 0.77982426 0.77982426 0.77982426 0.77982426 0.77982426 0.77982426 0.77982426 0.77982426 0.77982426 0.77982426
0.78261566 0.78261566 0.78261566 0.78261566 0.7798157 0.7798157 0.7798157 0.7798157 0.7798157 0.77981615 0.77981615 0.77981615 0.77981615 0.77981615 0.77981615 0.77981615 0.77981615 0.77981615 0.77981615 0.77981615 0.77981615 0.77981615 0.77981615 0.77981615 0.77981615 0.77981615 0.77981615 0.77981615 0.77981615 0.77981615 0.77981615 0.77981615 0.77981615 0.77981615 0.77981615 0.77981615 0.77981615 0.77981615 0.77981615 0.77981615 0.77981615 0.77981615 0.77981615 0.77981615 0.77981615 0.77981615 0.77981615 0.77981615 0.77981615 0.77981615 0.77981615 0.77981615 0.77981615 0.77981615 0.77981615 0.77981615 0.77981615 0.77981615
0.7826061 0.7826061 0.7826061 0.7826061 0.7798071 0.7798071 0.7798071 0.7798071 0.7798071 0.7798071 0.7798071 0.7798071 0.7798071 0.7798071 0.7798071 0.7798071 0.7798071 0.7798071 0.7798071 0.7798071 0.7798071 0.7798071 0.7798071 0.7798071 0.7798071 0.7798071 0.7798071 0.7798071 0.7798071 0.7798071 0.77980804 0.77980804 0.77980804 0.77980804 0.77980804 0.77980804 0.77980804 0.77980804 0.77980804 0.77980804 0.77980804 0.77980804 0.77980804 0.77980804 0.77980804 0.77980804 0.77980804 0.77980804 0.77980804 0.77980804 0.77980804 0.77980804 0.77980804 0.77980804 0.77980804 0.77980804 0.77980804 0.77980804
0.782598 0.782598 0.782598 0.782598 0.7797985 0.7797985 0.7797985 0.7797985 0.7797985 0.7797985 0.7797985 0.7797985 0.7797985 0.7797985 0.7797985 0.7797985 0.7797985 0.7797985 0.7797985 0.779799 0.779799 0.779799 0.779799 0.779799 0.779799 0.779799 0.779799 0.779799 0.779799 0.779799 0.779799 0.779799 0.779799 0.779799 0.779799 0.779799 0.779799 0.779799 0.779799 0.779799 0.779799 0.779799 0.779799 0.779799 0.779799 0.779799 0.779799 0.779799 0.779799 0.779799 0.779799 0.779799 0.779799 0.779799 0.779799 0.779799 0.779799 0.779799
0.78258896 0.78258944 0.78258944 0.78258944 0.7797899 0.7797899 0.7797899 0.7797899 0.7797899 0.7797899 0.7797899 0.7797899 0.7797899 0.7797899 0.7797899 0.7797899 0.7797899 0.7797899 0.7797899 0.7797899 0.7797899 0.7797899 0.7797899 0.7797899 0.7797899 0.7797899 0.7797899 0.7797899 0.7797899 0.7797899 0.7797899 0.7797904 0.7797904 0.7797904 0.7797904 0.7797904 0.7797904 0.7797904 0.7797904 0.7797904 0.7797904 0.7797904 0.7797904 0.7797904 0.7797904 0.7797904 0.77979136 0.77979136 0.77979136 0.77979136 0.77979136 0.77979136 0.77979136 0.77979136 0.77979136 0.77979136 0.77979136 0.77979136
0.78258085 0.78258085 0.78258085 0.78258085 0.77977943 0.77977943 0.77977943 0.77977943 0.77977943 0.77977943 0.77977943 0.77977943 0.77977943 0.77977943 0.7797799 0.7797799 0.7797799 0.7797799 0.7797799 0.7797799 0.7797799 0.7797799 0.7797799 0.7797799 0.7797799 0.7797799 0.7797799 0.7797799 0.7797799 0.7797799 0.7797799 0.77978086 0.77978134 0.77978134 0.77978134 0.77978134 0.77978134 0.77978134 0.77978134 0.77978134 0.77978134 0.77978134 0.7797823 0.7797823 0.7797823 0.7797823 0.7797823 0.7797823 0.7797823 0.7797823 0.7797837 0.7797837 0.7797837 0.7797837 0.7797837 0.7797837 0.7797837 0.7797837
0.78257227 0.78257227 0.78257227 0.78257227 0.7797718 0.7797718 0.7797718 0.7797718 0.7797718 0.7797718 0.7797718 0.7797718 0.7797718 0.7797718 0.7797718 0.7797718 0.7797718 0.7797718 0.7797718 0.7797718 0.7797718 0.7797718 0.7797718 0.7797718 0.7797718 0.7797718 0.7797718 0.7797718 0.7797718 0.7797718 0.7797718 0.7797718 0.7797718 0.7797718 0.7797718 0.7797718 0.7797718 0.7797718 0.7797718 0.7797718 0.7797718 0.7797718 0.7797718 0.7797718 0.7797718 0.7797718 0.7797718 0.7797718 0.7797718 0.7797718 0.7797718 0.7797718 0.7797718 0.7797718 0.77977276 0.77977276 0.77977276 0.77977276
0.7825632 0.7825632 0.7825632 0.7825632 0.7797632 0.7797632 0.7797637 0.7797637 0.7797637 0.7797637 0.7797637 0.7797637 0.7797637 0.7797637 0.7797637 0.7797637 0.7797637 0.7797637 0.7797637 0.7797642 0.7797642 0.7797642 0.7797642 0.7797642 0.7797642 0.7797642 0.7797642 0.7797642 0.7797642 0.7797642 0.7797642 0.7797642 0.7797642 0.7797642 0.7797642 0.7797642 0.7797642 0.7797642 0.7797642 0.7797642 0.7797642 0.7797642 0.7797642 0.7797642 0.7797642 0.7797642 0.7797642 0.7797651 0.7797651 0.7797651 0.7797651 0.7797651 0.7797651 0.7797651 0.7797651 0.7797651 0.7797651 0.7797651
0.7825546 0.7825546 0.7825546 0.7825556 0.77975464 0.77975464 0.77975464 0.77975464 0.77975464 0.77975464 0.77975464 0.77975464 0.77975464 0.77975464 0.77975464 0.77975464 0.77975464 0.7797556 0.7797556 0.7797556 0.7797556 0.7797556 0.7797556 0.7797556 0.7797556 0.7797556 0.7797556 0.7797556 0.7797556 0.7797556 0.7797556 0.7797556 0.7797556 0.7797556 0.7797556 0.7797556 0.7797556 0.7797556 0.7797556 0.7797556 0.7797556 0.7797556 0.7797556 0.7797556 0.7797556 0.7797556 0.7797556 0.7797556 0.7797556 0.7797556 0.7797556 0.7797556 0.7797556 0.7797556 0.7797556 0.7797556 0.7797556 0.7797556
0.7825465 0.7825465 0.7825465 0.7825465 0.77974653 0.77974653 0.77974653 0.77974653 0.779747 0.779747 0.779747 0.779747 0.779747 0.779747 0.779747 0.779747 0.779747 0.779747 0.779747 0.779747 0.779747 0.779747 0.779747 0.779747 0.779747 0.779747 0.779747 0.779747 0.779747 0.779747 0.779747 0.779747 0.779747 0.779747 0.779747 0.77974796 0.77974796 0.77974796 0.77974796 0.77974796 0.77974796 0.77974796 0.77974796 0.77974796 0.77974796 0.77974796 0.77974796 0.77974796 0.77974796 0.77974796 0.7797489 0.7797489 0.7797489 0.7797489 0.7797489 0.7797489 0.7797489 0.7797489
0.782537 0.782537 0.782537 0.782537 0.7797389 0.7797389 0.7797389 0.7797389 0.7797389 0.7797389 0.7797389 0.7797389 0.7797389 0.7797389 0.7797389 0.7797389 0.7797389 0.7797389 0.7797389 0.7797389 0.7797389 0.7797389 0.7797389 0.7797389 0.7797389 0.7797389 0.7797389 0.7797389 0.7797389 0.7797389 0.7797389 0.7797389 0.7797389 0.7797389 0.7797389 0.7797389 0.7797389 0.7797389 0.7797389 0.7797389 0.7797389 0.7797389 0.7797389 0.7797389 0.7797389 0.7797389 0.7797389 0.7797389 0.7797389 0.7797389 0.7797389 0.7797389 0.7797389 0.7797389 0.7797394 0.7797394 0.7797394 0.7797394
0.78252935 0.78252935 0.78252935 0.78252935 0.77972984 0.77972984 0.77972984 0.77972984 0.77972984 0.77972984 0.77972984 0.77972984 0.77972984 0.77972984 0.77972984 0.77972984 0.77972984 0.7797303 0.7797303 0.7797303 0.7797303 0.7797303 0.7797303 0.7797303 0.7797303 0.7797303 0.7797303 0.7797313 0.7797313 0.7797313 0.7797313 0.7797313 0.7797313 0.7797313 0.7797313 0.7797313 0.7797313 0.7797313 0.7797313 0.7797313 0.7797313 0.7797313 0.7797313 0.7797313 0.7797313 0.7797313 0.7797313 0.7797313 0.7797313 0.7797313 0.7797313 0.7797313 0.7797313 0.7797313 0.7797322 0.7797322 0.7797322 0.7797322
0.78251934 0.78251934 0.78251934 0.78251934 0.77972174 0.77972174 0.77972174 0.77972174 0.77972174 0.77972174 0.77972174 0.77972174 0.77972174 0.77972174 0.77972174 0.77972174 0.77972174 0.77972174 0.77972174 0.77972174 0.77972174 0.77972174 0.77972174 0.77972174 0.77972174 0.77972174 0.7797222 0.7797222 0.7797222 0.7797222 0.7797222 0.7797222 0.7797222 0.7797222 0.7797222 0.7797222 0.7797222 0.7797222 0.7797222 0.7797222 0.77972317 0.77972317 0.77972317 0.77972317 0.77972317 0.77972317 0.77972317 0.77972317 0.77972317 0.77972317 0.77972317 0.77972317 0.77972317 0.77972317 0.77972317 0.77972317 0.77972317 0.77972364
0.7825117 0.7825117 0.7825117 0.7825122 0.7797127 0.7797127 0.7797127 0.7797127 0.7797127 0.7797127 0.7797127 0.7797127 0.77971315 0.77971315 0.77971315 0.77971315 0.77971315 0.77971315 0.77971315 0.77971315 0.77971315 0.77971315 0.77971315 0.77971315 0.77971315 0.77971315 0.77971315 0.77971315 0.77971315 0.77971315 0.77971315 0.77971315 0.77971315 0.77971315 0.77971315 0.77971315 0.77971315 0.77971315 0.77971315 0.77971315 0.77971315 0.77971315 0.77971315 0.77971315 0.7797141 0.7797141 0.7797141 0.7797141 0.7797146 0.7797146 0.7797146 0.7797146 0.7797146 0.7797146 0.7797146 0.7797146 0.7797146 0.7797146
0.7825022 0.7825022 0.7825022 0.7825022 0.7797036 0.7797036 0.7797036 0.7797036 0.7797036 0.7797036 0.7797036 0.7797036 0.7797036 0.7797036 0.7797036 0.7797036 0.7797036 0.7797036 0.7797036 0.7797036 0.7797036 0.7797036 0.7797036 0.7797036 0.7797046 0.7797046 0.7797046 0.77970505 0.77970505 0.77970505 0.77970505 0.77970505 0.77970505 0.77970505 0.77970505 0.77970505 0.77970505 0.7797055 0.7797055 0.7797055 0.7797055 0.7797055 0.7797055 0.7797055 0.7797055 0.7797055 0.7797055 0.7797055 0.7797055 0.7797055 0.7797055 0.7797055 0.7797055 0.7797055 0.7797055 0.7797055 0.7797055 0.7797055
0.78249454 0.78249454 0.78249454 0.78249454 0.7796941 0.7796941 0.7796941 0.7796941 0.7796941 0.7796941 0.7796941 0.7796941 0.7796941 0.7796941 0.7796941 0.7796941 0.7796941 0.77969456 0.77969456 0.77969456 0.77969456 0.77969456 0.77969456 0.77969503 0.77969503 0.77969503 0.77969503 0.77969503 0.77969503 0.77969503 0.77969503 0.77969503 0.779696 0.779696 0.779696 0.779696 0.779696 0.779696 0.779696 0.779696 0.779696 0.779696 0.779696 0.779696 0.779696 0.779696 0.779696 0.779696 0.779696 0.779696 0.779696 0.779696 0.779696 0.77969646 0.77969646 0.77969646 0.77969646 0.77969646
0.782485 0.782485 0.782485 0.782485 0.77968836 0.77968836 0.77968836 0.77968836 0.77968836 0.77968836 0.77968836 0.77968836 0.77968836 0.77968836 0.77968836 0.77968836 0.77968836 0.77968836 0.77968836 0.77968836 0.77968836 0.77968836 0.77968836 0.77968836 0.77968836 0.77968836 0.77968836 0.77968836 0.77968836 0.77968836 0.77968836 0.77968836 0.77968836 0.77968836 0.77968836 0.77968836 0.77968836 0.77968836 0.77968836 0.77968836 0.77968836 0.77968836 0.77968836 0.77968836 0.77968836 0.77968836 0.77968836 0.77968836 0.77968836 0.77968836 0.77968836 0.77968836 0.77968836 0.77968836 0.77968836 0.77968836 0.77968836 0.77968836
0.7824764 0.7824764 0.7824764 0.7824764 0.77967787 0.77967787 0.77967787 0.77967787 0.77967787 0.77967787 0.7796788 0.7796793 0.7796793 0.7796793 0.7796793 0.7796793 0.7796793 0.7796793 0.7796793 0.7796793 0.7796793 0.7796793 0.7796793 0.7796793 0.7796793 0.7796793 0.7796793 0.7796793 0.7796798 0.7796798 0.7796798 0.7796798 0.7796798 0.7796798 0.7796798 0.7796798 0.7796798 0.7796798 0.7796798 0.7796798 0.7796798 0.7796798 0.7796807 0.7796807 0.7796807 0.7796807 0.7796807 0.7796807 0.7796807 0.7796807 0.7796807 0.7796807 0.7796807 0.7796807 0.7796807 0.7796807 0.7796807 0.7796807
0.78246737 0.78246737 0.78246737 0.78246737 0.77967024 0.77967024 0.77967024 0.77967024 0.7796712 0.7796712 0.7796712 0.7796712 0.7796712 0.7796712 0.7796712 0.7796712 0.7796712 0.7796712 0.7796712 0.7796712 0.7796712 0.7796712 0.7796712 0.7796712 0.7796712 0.7796712 0.7796712 0.7796712 0.7796712 0.7796712 0.7796712 0.7796712 0.7796712 0.7796712 0.7796712 0.7796712 0.7796712 0.7796712 0.7796712 0.7796712 0.7796712 0.7796712 0.7796712 0.7796712 0.7796712 0.7796712 0.7796712 0.7796712 0.7796712 0.7796712 0.7796712 0.7796712 0.7796712 0.77967215 0.77967215 0.77967215 0.77967215 0.77967215
0.78245974 0.78245974 0.78245974 0.78245974 0.7796612 0.7796612 0.7796612 0.7796612 0.7796612 0.7796612 0.7796612 0.7796612 0.7796612 0.7796612 0.7796612 0.77966166 0.77966166 0.77966166 0.77966166 0.77966166 0.77966166 0.77966166 0.77966166 0.77966166 0.7796626 0.7796626 0.7796626 0.7796626 0.7796626 0.7796626 0.7796626 0.7796626 0.7796626 0.7796626 0.7796626 0.7796626 0.7796626 0.7796626 0.7796626 0.7796626 0.7796626 0.7796626 0.7796626 0.7796626 0.7796626 0.7796626 0.7796626 0.7796626 0.7796626 0.7796626 0.7796626 0.7796626 0.7796626 0.7796626 0.7796626 0.7796626 0.7796626 0.7796626
