Export/ASCII/RMeteo_SP_inch/impervious0/net_infiltration_2017_SP2_inch.asc
ncols         660
nrows         338
xllcorner     1476100.0
yllcorner     5017100.0
cellsize      100
NODATA_value  -9.9000000089461e-20
[rows 52 to 77 of 338, columns 232 to 289 of 660]
2.084582 2.084582 2.084582 0.89697045 0.89697045 0.62568355 0.41226992 0.3174278 0.81617206 0.81617206 0.81617206 1.4349136 1.4349136 0.5468247 0.5468247 1.2793257 0.023660904 0.023660904 0.023660904 0.5468247 0.5468247 0.5468247 1.2793257 0.3174278 0.3174278 0.3174278 0.3174278 0.3174278 0.023660904 0.0698442 0.0698442 0.0698442 0.75833917 0.75833917 0.52832127 0.52832127 0.75833917 0.75833917 0.75833917 0.75833917 0.75833917 0.75833917 0.0698442 0.0698442 0.023660904 0.023660904 0.023660904 0.023660904 0.023660904 0.023660904 0.023660904 0.023660904 0.023660904 0.023660904 0.023660904 0.023660904 0.023660904 0.0698442
1.8853939 1.8853939 2.084575 0.6256805 0.6256805 0.6256805 0.412267 0.31742492 0.31742492 0.81616634 1.2793183 1.2793183 1.2793183 1.2793183 1.2793183 1.2793183 0.023660809 0.023660809 0.023660809 0.023660809 0.5468209 0.5468209 1.2793183 0.31742492 0.31742492 0.31742492 0.31742492 0.31742492 0.023660809 0.023660809 0.06984352 0.06984352 1.7330053 1.765938 1.765938 0.5283186 1.765938 0.75833577 0.75833577 0.81407726 0.75833577 0.75833577 0.06984352 0.06984352 0.023660809 0.023660809 0.023660809 0.023660809 0.023660809 0.023660809 0.023660809 0.023660809 0.069843516 0.069843516 0.069843516 0.069843516 0.069843516 0.75833577
1.8853874 1.8853874 2.084568 0.6256777 0.6256777 0.6256777 0.6256777 0.3174217 0.3174217 1.2793107 1.2793107 1.2793107 1.2793107 1.2793107 1.2793107 1.2793107 1.2793107 1.2793107 1.2793107 1.2793107 1.2793107 1.2793107 1.2793107 1.2793107 0.023660714 0.3174217 0.3174217 0.023660714 0.023660714 0.023660714 0.069842815 0.069842815 0.069842815 0.069842815 0.069842815 1.7659292 2.103724 0.75833225 0.52831566 1.7659292 1.7659292 1.7659292 1.415849 0.069842815 0.023660714 0.023660714 0.023660714 0.069842815 0.069842815 0.069842815 0.069842815 0.069842815 0.069842815 1.765929 1.765929 1.765929 1.765929 1.765929
1.8853805 2.0845609 2.5180216 0.62567496 2.0845609 0.62567496 0.62567496 1.2793024 1.2793024 1.2793024 1.2793024 1.2793024 1.2793024 1.2793024 0.31741875 0.31741875 0.31741875 1.2793024 1.2793024 1.2793024 1.2793024 1.2793024 1.2793024 1.2793024 1.2793024 0.31741875 0.31741875 0.31741875 1.2793024 0.023660641 0.0698421 0.0698421 0.0698421 0.0698421 0.0698421 0.0698421 1.7659209 1.7659209 0.5283129 1.7659209 1.7659209 1.7659209 0.0698421 0.0698421 0.0698421 0.023660641 0.023660641 0.0698421 1.7329919 1.7659206 1.7659206 1.7659206 1.7659206 0.5283129 0.5283129 1.7659206 1.7659206 1.0902939
2.0845544 2.0845544 2.0845547 2.0845547 2.0845547 0.62567216 0.62567216 0.3174158 1.279295 1.279295 1.279295 1.279295 1.279295 1.279295 0.3174156 0.3174156 0.3174156 0.3174156 1.2792947 1.2792947 0.3174156 0.3174156 0.3174156 0.3174156 0.3174156 0.3174156 0.3174156 0.3174156 1.2792947 0.3174156 0.5283101 0.069841415 0.069841415 0.069841415 0.069841415 0.069841415 0.069841415 1.4158349 0.5283101 0.5283101 1.7659116 1.7659116 0.069841415 0.069841415 0.02366057 0.02366057 0.02366057 0.069841415 1.7329848 1.7329848 1.7659116 1.7659116 1.7659116 0.5283101 0.5283101 0.5283101 1.7659116 1.0902889
1.3232939 1.3232939 2.0860975 2.084547 0.62566924 0.62566924 0.41225454 0.31741256 0.31741256 1.2792873 1.2792873 1.2792873 1.2792873 1.2792873 0.31741256 0.31741256 0.31741256 0.31741256 0.31741256 0.31741256 0.31741256 0.31741256 0.31741256 0.31741256 0.31741256 0.31741256 0.31741256 0.31741256 0.31741256 0.5283073 0.5283073 0.5283073 0.069840714 0.069840714 0.069840714 0.069840714 0.069840714 0.5283072 0.5283072 0.5283072 1.7329786 1.7329786 0.069840714 0.023660475 0.023660475 0.023660475 0.023660475 0.069840714 1.7329786 1.7329786 1.7659032 1.7329786 0.5283072 0.5283072 0.5283072 0.5283072 1.7659032 1.090283
0.08950052 1.3232882 0.6256664 0.6256664 0.6256664 0.6256664 0.41225117 0.52830446 0.3174096 1.279279 1.279279 1.279279 1.279279 1.279279 1.434871 0.3174096 0.3174096 0.3174096 0.3174096 0.3174096 0.3174096 0.3174096 0.3174096 0.3174096 0.3174096 0.3174096 0.3174096 0.3174096 0.3174096 0.3174096 0.52830446 0.52830446 0.3174096 0.06984001 0.06984001 0.06984001 1.7658942 0.7583182 0.7583182 0.7583182 1.7329719 1.7329719 0.06984 0.023660379 0.023660379 0.023660379 0.023660379 0.06984 1.7658942 1.7658942 1.7658942 1.7329719 0.5283044 0.3174096 0.5283044 0.5283044 1.7658942 0.5283044
0.08949984 2.084533 0.6256637 0.6256637 0.04561156 0.04561156 0.04561156 0.52830184 0.31740654 1.2792714 1.2792714 1.2792714 1.2792714 1.2792714 1.2792714 0.31740654 0.31740654 0.31740654 0.31740645 0.31740645 0.31740645 0.31740645 0.31740645 0.31740645 0.31740645 0.52830184 0.31740645 0.31740645 0.31740645 0.31740645 0.31740645 0.52830184 0.52830184 0.06983934 0.06983934 0.06983934 1.7658863 0.75831497 0.75831497 0.75831497 0.75831497 1.733387 0.06983933 0.06983933 0.06983933 0.06983933 0.06983933 0.06983933 1.7658863 1.7658863 1.7658863 1.732965 1.4348638 1.4348638 1.732965 1.732965 1.7658861 0.52830184
2.0845258 2.0845258 2.0845258 0.08949915 0.08949915 0.04561142 0.04561142 0.528299 0.31740358 1.2792637 1.2792637 1.2792637 1.2792637 1.2792637 0.023660189 0.023660189 0.31740358 0.31740358 0.31740358 0.31740358 0.31740358 0.31740358 0.31740358 0.31740358 0.31740358 0.31740358 0.31740358 0.31740358 0.31740358 0.31740358 0.31740358 0.528299 0.528299 0.069838636 0.069838636 0.069838636 1.7658784 1.7658784 1.7658784 1.7658784 0.7583113 1.7658784 0.069838636 0.069838636 0.069838636 0.069838636 0.069838636 0.023660189 0.069838636 1.7658784 1.7658784 1.7329586 1.7329586 1.7329586 1.7329586 1.7329586 1.7329586 1.7329586
2.0845191 2.0845191 2.0845191 0.08949845 0.08949845 0.045611296 0.045611296 0.5282962 1.2792559 1.2792559 1.2792559 1.2792559 1.2792559 1.2792559 0.023660118 0.023660118 0.023660118 0.31740052 0.31740052 0.31740052 0.31740052 0.31740052 0.31740052 0.31740052 0.31740052 0.31740052 0.31740052 0.31740052 0.5282962 0.5282962 0.5282962 0.5282962 0.069837935 0.069837935 0.06983791 0.06983791 1.7658696 1.7658696 1.7658696 1.7658696 1.7658696 1.7658696 1.7658696 0.06983791 0.06983791 0.06983791 0.06983791 0.023660118 0.06983791 1.7658696 1.7658696 1.7658696 1.7329521 1.7329521 1.7658696 0.52829605 0.31740046 0.52829605
2.084512 2.084512 2.084512 0.6256549 0.0894978 0.0894978 0.0894978 0.5282933 0.31739748 0.31739748 1.2792478 1.2792478 1.2792478 1.2792478 0.023660045 0.023660045 0.023660045 0.31739748 0.31739748 0.31739748 0.31739748 0.31739748 0.31739748 0.31739748 0.31739748 0.31739748 0.31739748 0.31739748 0.5282933 0.5282933 0.7583043 0.7583043 0.7583043 1.765861 1.765861 1.765861 1.765861 1.765861 1.765861 1.765861 1.765861 1.765861 1.765861 1.765861 0.06983722 0.06983722 0.023660045 0.023660045 0.52829325 0.52829325 0.52829325 0.52829325 0.52829325 0.52829325 0.52829325 0.52829325 0.31739748 0.52829325
2.0845053 2.0845053 0.6260059 0.6256521 0.6256521 0.6256521 0.6256521 0.52829057 0.52829057 1.2792401 1.2792401 0.81610626 0.81610626 0.31739432 0.31739432 0.02365995 0.02365995 0.31739432 0.31739432 0.31739432 0.52829057 0.52829057 0.5282905 0.5282905 0.5282905 0.31739432 0.5282905 0.5282905 0.5282905 0.5282905 0.7583007 0.7583007 0.7583007 0.7583007 1.7658525 1.7658522 1.7658522 1.7658522 1.7658522 1.7658522 1.7658522 1.7658522 1.7658522 1.7658522 1.7658522 1.732939 0.06983651 0.06983651 0.5282905 0.5282905 0.5282905 0.5282905 0.5282905 0.5282905 0.5282905 0.5282905 0.5282905 0.31739432
0.08949641 2.0844982 0.62564915 0.62564915 0.62564915 0.62564915 0.62564915 0.52828777 1.7658436 1.7658436 1.279232 0.8161007 0.8161007 0.31739148 0.31739148 0.02365988 0.02365988 0.31739148 0.31739148 0.31739148 0.52828777 0.52828777 1.7658436 0.52828777 0.52828777 0.52828777 0.52828777 0.52828777 0.069835834 0.069835834 0.02365988 1.7658436 0.7582973 0.7582973 1.7658436 0.75829726 1.7658436 1.7658436 1.7658436 1.7658436 1.7658436 0.5282877 0.5282877 0.5282877 1.7329326 1.7658436 1.7658436 0.06983581 1.7658436 1.7658436 1.7658436 0.5282877 0.5282877 0.5282877 0.5282877 0.5282877 0.5282877 0.31739148
0.08949576 0.08949576 0.6256465 0.6256465 0.6256465 0.6256465 0.6256465 0.528285 1.7658353 1.7658353 1.0902392 0.81609446 0.81609446 0.31738836 1.2792244 1.2792244 1.2792244 0.31738836 0.528285 0.31738836 0.528285 0.528285 0.528285 0.528285 0.528285 0.528285 0.528285 0.528285 0.069835156 0.069835156 0.069835156 0.75829387 0.75829387 1.7658353 0.75829387 0.75829387 1.7658353 1.7658353 1.7658353 0.528285 0.528285 0.528285 0.528285 0.528285 0.528285 0.528285 1.7658353 1.0902392 0.7582938 1.7658353 1.7658353 0.528285 0.528285 0.31738836 0.528285 1.7329257 0.52828485 0.31738824
0.089495085 0.089495085 0.089495085 0.089495085 0.6256436 0.6256436 0.6256436 1.7658265 1.7658265 1.7658265 0.0698344 0.023659687 1.2792163 1.2792163 1.2792163 0.8160887 0.8160887 0.31738517 0.31738517 0.31738517 0.5282821 1.732919 0.5282821 0.5282821 0.5282821 0.5282821 0.5282821 0.5282821 0.0698344 1.7658265 1.7658265 0.75829023 0.75829023 1.2792163 1.7658265 1.7658265 1.7658265 1.7658265 0.0698344 0.5282821 0.5282821 0.31738517 0.31738517 0.31738517 0.31738517 0.5282821 1.7658265 0.0698344 0.75829023 0.0698344 0.0698344 1.7658265 0.5282821 0.31738517 0.5282821 1.7333407 0.5282821 0.3173853
0.62564075 0.08949437 0.08949437 0.08949437 0.62564075 0.62564075 2.0844772 0.06983373 0.06983373 0.06983373 0.06983373 0.06983373 0.023659617 0.023659617 0.5467676 0.81608236 0.31738216 0.5282794 0.31738216 0.31738216 0.5282794 1.7329125 0.5282794 0.5282794 0.5282794 0.5282794 1.7658184 1.7658184 0.06983373 1.7658184 0.5282794 0.5282794 1.7658184 0.31738216 1.2792082 1.7658184 1.7658184 0.06983373 0.5282794 0.5282794 0.31738216 0.31738216 0.023659617 0.023659617 0.023659617 0.5282794 0.7582868 0.06983373 0.06983373 0.06983373 0.06983373 0.06983373 0.52827936 0.52827936 0.52827936 1.7329123 0.52827936 0.52827936
0.62563795 0.62563795 0.0894937 0.04561037 0.0894937 0.0894937 0.0894937 0.06983302 0.06983302 0.06983302 0.52827656 0.31737927 0.06983302 0.06983302 0.52827656 0.31737927 0.52827656 0.52827656 0.31737927 0.31737927 0.52827656 0.06983302 0.06983302 0.06983302 1.7329063 1.76581 1.76581 1.76581 1.76581 0.52827656 0.52827656 0.52827656 0.52827656 0.75828326 0.546764 1.2792008 0.06983302 0.06983302 0.52827656 0.52827656 0.31737927 0.42751032 0.023659544 0.023659544 0.023659544 0.06983302 0.52827656 0.06983302 0.06983302 0.06983302 0.06983302 0.06983302 0.06983302 1.76581 1.76581 2.1036046 1.76581 1.76581
0.89690995 0.62563515 0.62563515 0.04561025 0.04561025 0.08949304 0.08949304 0.06983232 1.7658012 0.5282738 0.5282738 0.31737623 0.06983232 0.5282738 0.5282738 0.31737623 0.5282738 0.31737623 0.31737623 0.31737623 0.5282738 0.06983232 0.02365945 0.5282738 1.7328992 1.7328992 0.75827986 1.7658012 1.7658012 0.5282737 0.5282737 0.5282737 0.5282737 0.54675996 0.54675996 0.02365945 0.54675996 0.5282737 0.5282737 0.5282737 0.31737614 0.31737614 0.02365945 0.0698323 0.0698323 0.0698323 0.5282736 0.7582796 0.0698323 0.0698323 0.0698323 0.0698323 0.0698323 0.0698323 0.31737614 1.7658012 1.7658012 1.7658012
0.8969063 0.8969063 0.8969063 0.08949235 0.08949235 0.045610107 0.08949235 1.7657926 0.528271 0.528271 0.31737325 0.31737325 0.528271 0.528271 0.31737325 0.31737325 0.31737325 0.31737325 0.31737325 0.023659354 0.06983164 0.06983164 0.31737325 0.528271 0.528271 0.75827634 0.75827634 0.528271 0.528271 0.06983164 0.06983164 0.528271 0.528271 0.5467564 1.279185 1.279185 0.5467564 0.31737325 0.31737325 0.023659354 0.31737325 0.31737325 0.023659354 0.7582763 0.52827096 0.52827096 0.7582763 0.7582763 0.06983162 0.06983162 0.06983162 0.06983162 0.06983162 0.06983162 1.7328928 0.52827096 1.7657926 1.7657926
0.89690274 0.62562925 0.62562925 0.62562925 0.089491665 0.62562925 0.089491665 0.5282683 0.5282683 0.5282683 0.31737012 0.31737012 0.31737012 0.31737012 0.31737012 0.31737012 0.31737012 0.31737012 0.023659283 0.023659283 0.023659283 0.023659283 0.31737012 0.5282683 0.5282683 0.5282683 0.5282683 0.5282683 0.5282682 0.5282682 0.023659283 0.06983095 0.5282682 1.2791774 1.2791774 0.023659283 0.023659283 0.023659283 0.023659283 0.31737003 0.5282682 0.5282682 0.06983095 0.75827295 0.5282682 0.5282682 0.5282682 0.75827295 0.06983095 0.06983095 0.06983095 0.06983095 0.06983094 1.7328861 0.06983094 0.06983094 0.06983094 1.7657838
0.896899 0.6256264 0.4122074 0.6256264 0.6256264 0.6256264 0.6256264 0.5282654 0.31736705 0.5282654 0.31736705 0.31736705 0.31736705 0.31736705 0.31736705 0.31736705 0.31736705 0.31736705 0.023659186 0.023659186 0.023659186 0.31736705 0.5282654 0.5282654 0.5282654 0.5282654 0.5282654 0.5282654 0.5282654 0.5282654 0.069830246 0.069830246 0.069830246 1.2791698 1.2791698 0.023659186 0.069830246 0.069830246 0.023659186 0.023659186 0.069830246 1.7657754 0.5282654 0.5282654 1.7657754 0.5282654 0.52826536 1.7657754 0.06983023 0.06983023 0.06983023 0.06983023 0.06983023 0.06983023 0.06983023 0.06983023 0.06983023 1.7657754
0.8968955 0.6256236 0.41220453 0.41220453 0.41220453 0.41220453 0.6256236 0.5282626 0.5282626 0.023659116 0.023659116 0.317364 0.317364 0.317364 0.317364 0.317364 0.317364 0.317364 0.317364 0.317364 0.317364 0.317364 0.5282626 0.5282626 0.5282626 0.5282626 0.5282626 0.5282626 0.5282626 1.7657669 1.7657669 1.7657669 1.7657669 0.06982952 0.023659116 0.023659116 0.06982952 0.06982952 0.06982952 0.06982952 0.5282626 0.5282626 0.5282626 0.5282626 0.5282626 1.7657669 1.7657669 1.7657669 1.7657669 1.7657669 1.7657669 0.06982952 0.06982952 1.7657666 0.75826585 0.75826585 0.5282626 0.5282626
0.62562054 0.412201 0.412201 0.412201 0.412201 0.04560958 0.04560958 0.5282598 0.5282598 0.31736112 0.02365902 0.02365902 0.02365902 0.31736112 0.5282598 0.31736112 0.31736112 0.31736112 0.31736112 0.31736112 0.31736112 0.5282598 0.5282598 0.5282598 0.5282598 0.5282598 0.069828846 0.7582624 0.7582624 1.7657583 1.7657583 1.7657583 0.069828846 0.069828846 0.02365902 0.02365902 1.2791543 0.7582624 1.7657583 1.7657583 0.5282598 0.5282598 0.5282598 0.5282598 0.5282598 1.7657583 1.7657583 1.7657578 1.7657578 1.7657578 1.7657578 0.069828816 0.069828816 1.7661798 0.75826234 0.75826234 0.52825975 0.31736085
0.62561786 0.41219825 0.41219825 0.41219825 0.41219825 0.62561786 0.08948893 0.5467371 0.31735802 0.31735802 0.023658926 0.023658926 0.31735802 0.31735802 0.52825683 0.52825683 0.52825683 0.023658926 0.31735802 0.52825683 0.52825683 0.52825683 0.7582587 1.7657499 1.7657499 0.52825683 0.52825683 0.31735802 0.52825683 0.52825683 1.7657499 1.7657499 0.06982811 0.06982811 0.023658926 0.044904124 0.5467371 0.5467371 1.7657499 1.7657499 1.7657499 2.1035445 1.7657499 0.52825683 1.7657499 1.7657499 1.7657499 1.7657499 1.7657499 1.7661719 1.7657499 1.7657499 1.7657499 1.7328596 0.06982811 1.7657497 0.31735793 0.31735793
0.6256149 0.41219485 0.41219485 0.41219485 0.41219485 0.6256149 0.6256149 0.31735504 0.31735504 0.5282543 0.023658877 0.023658877 0.023658877 0.023658877 0.06982744 0.06982744 0.06982744 0.06982744 0.06982744 0.06982744 0.06982744 1.7657409 1.7657409 1.6337147 1.7657409 0.5282543 0.5282543 0.31735504 0.31735504 0.5282543 1.7657409 1.7657409 0.06982744 0.06982744 0.023658877 0.023658877 0.31735504 0.31735504 0.5282543 0.5282543 0.5282543 1.7657409 1.7657409 1.7657409 1.7657409 1.7657409 1.7657409 1.7657409 1.7657409 1.7657409 1.7657409 1.7657409 1.7657409 0.5282543 0.5282543 0.31735504 0.31735504 0.31735504
0.62561226 0.62561226 0.62561226 0.62561226 0.41219187 0.41219187 0.41219187 0.52825147 0.52825147 0.06982675 0.06982675 0.023658782 0.023658782 0.023658782 0.06982675 0.06982675 0.06982675 1.91472 0.06982675 0.06982675 0.06982675 1.732847 1.765732 1.765732 1.765732 1.765732 0.52825147 0.52825147 0.52825147 0.52825147 1.765732 1.765732 0.06982675 0.75825185 0.023658782 0.023658782 1.2791307 0.3173522 0.3173522 0.3173522 0.52825147 0.06982675 0.06982675 1.765732 0.75825185 0.52825147 0.75825185 0.75825185 1.765732 1.765732 1.765732 0.06982675 0.31735212 0.52825135 0.52825135 0.52825135 0.52825135 0.31735203
