Export/ASCII/RMeteo_SP_inch/impervious0/net_infiltration_2014_SP3_inch.asc
ncols         660
nrows         338
xllcorner     1476100.0
yllcorner     5017100.0
cellsize      100
NODATA_value  -9.9000000089461e-20
[rows 0 to 34 of 338, columns 312 to 389 of 660]
0.110679656 0.110679656 0.110679634 0.0 0.93396866 0.0 0.0 0.0 0.0 0.0 0.35109198 0.35109198 0.0 0.0 0.0 0.0 0.031670243 0.0 0.0 0.53120446 0.53120446 0.0 0.031670194 0.031670194 0.1735 0.1735 3.3649168 3.3649168 0.1735 0.1735 0.1735 0.1735 0.031670194 0.031670194 0.763991 0.763991 0.763991 0.763991 0.031670194 0.031670194 0.031670194 0.031670194 0.031670194 0.031670194 0.031670194 3.1586194 0.76399094 0.76399094 0.03167015 0.76399094 0.76399094 0.76399094 0.76399094 0.76399094 0.76399094 1.278395 4.466193 0.1734999 0.1734999 0.031670127 1.278395 1.278395 1.3036218 1.3036218 1.3036218 1.3036218 2.6462364 1.9932067 1.9932067 2.6462364 1.2783949 1.2783949 1.2783949 1.2783949 1.2977777 0.7639908 1.2783949 0.17349985
0.11067796 0.11067796 0.0 0.0 0.32020748 0.0 0.3510865 0.3510865 0.0 0.0 0.0 0.0 0.0 0.0 0.0 0.0 0.0 0.0 0.0 0.0 0.0 0.0 0.03166936 0.03166936 0.03166936 0.17349906 1.3036118 0.17349906 0.17349906 0.17349906 0.17349906 0.031669315 0.031669315 0.031669315 0.76398754 0.76398754 1.2783915 0.76398754 0.76398754 0.76398754 0.76398754 0.031669315 0.031669315 0.031669315 0.031669315 0.76398754 0.76398754 0.76398754 1.2977728 0.031669315 0.76398754 0.76398754 1.2783914 1.2783914 0.76398754 1.2783914 1.3036106 0.17349902 0.031669315 0.031669315 0.17349902 0.17349902 1.3036106 1.2783912 1.2783912 0.17349902 0.17349902 0.031669315 0.1764571 1.2783912 1.2783911 1.7816893 1.7816893 1.7816893 1.7816893 0.04838375 1.2783911 1.2783911
0.110676125 0.110676125 0.0 0.0 0.32020032 0.0 0.0 0.0 0.0 0.0 0.0 0.0 0.0 0.0 0.0 0.0 0.0 0.0 0.0 0.0 0.0 0.0 0.0 0.0 0.17349806 0.17349806 0.17349806 0.17349806 0.17349806 0.17349806 0.17349806 0.031668384 0.031668384 0.031668384 0.7639831 0.7639831 1.2783877 1.2783875 1.2783875 0.7639831 0.031668384 0.031668384 0.031668384 0.031668384 0.031668384 0.031668384 0.031668384 0.7639831 1.2977675 0.031668384 0.7639831 0.7639831 1.2783874 1.2783874 0.7639831 1.2783874 0.36265945 1.2783874 1.2783874 0.17349805 0.17349805 0.17349805 1.3036003 1.2783874 1.2783874 0.17349805 0.031668384 0.031668384 0.031668384 1.2783873 1.2783873 1.7816845 1.7816845 1.7816845 0.17349802 0.17349802 0.17349802 0.17349802
0.0 0.0 0.0 0.0 0.9339391 0.0 0.0 0.0 0.0 0.0 0.0 0.0 0.0 0.0 0.0 0.0 0.0 0.35120082 0.35107517 0.0 0.0 1.2783842 1.2783842 1.2783842 1.2783841 1.3035905 0.17349716 0.17349716 0.17349716 0.17349716 0.17349716 1.993186 1.993186 1.993186 0.03166755 0.7639791 1.278384 1.2783839 1.2783839 4.4661574 0.03166755 0.03166755 0.03166755 0.03166755 0.03166755 0.03166755 0.0316675 1.2783839 1.2783839 0.76397896 1.2783839 0.17349713 1.2783839 1.2783839 1.2783839 1.2783839 1.2783839 1.2783839 1.2783839 0.17349713 0.17349713 2.646215 2.646215 0.1734971 0.1734971 0.1734971 0.03166748 0.03166748 0.03166748 0.1734971 0.1734971 0.1734971 2.646215 1.7816799 1.7816796 1.7816796 1.7816796 1.7816796
0.32018563 0.0 0.0 0.0 0.0 0.0 0.0 0.0 0.0 0.0 0.0 0.0 0.0 0.0 0.0 0.35119522 0.35119522 0.35106957 0.35106957 0.0 0.0 0.0 1.27838 1.27838 1.27838 1.27838 0.17349622 0.17349622 0.17349622 0.17349622 0.17349622 0.17349622 0.17491204 0.031666715 0.03326088 0.031666715 1.27838 1.27838 1.27838 0.17349619 1.27838 0.031666666 0.031666666 0.031666666 0.031666666 0.031666666 0.031666666 0.17349616 0.17349616 1.27838 0.17349616 0.17349616 0.17349616 1.3035793 1.3035793 1.3035791 1.3035791 1.2783799 1.2783799 0.17349616 0.17349616 1.3035789 2.6462078 0.17349614 0.17349614 0.17349614 0.17349614 0.17349614 0.17349614 0.031666666 0.031666666 0.031666666 2.6462078 1.7816749 1.7816749 1.7816749 1.7816749 1.7816749
0.3201785 0.0 0.0 0.0 0.0 0.0 0.0 0.0 0.0 0.0 0.0 0.0 0.0 0.0 0.0 0.0 0.0 0.0 0.3510642 0.0 0.0 0.0 1.2783762 0.7639714 0.7639714 0.7639714 0.7639714 1.2783762 0.17349528 0.17349528 0.17349528 0.17349528 0.17349528 0.03166581 0.03166581 0.76397127 1.2783762 0.17349528 0.17349528 0.17349525 0.76397127 0.031665787 0.031665787 0.031665787 0.031665787 0.7639712 0.031665787 0.17349525 0.17349522 0.17349522 0.17349522 1.3035691 1.3035691 1.3035691 1.3035691 1.3035691 1.3035691 0.17349522 0.17349522 0.17349522 0.17349522 1.2783761 1.2783761 1.2783761 0.17349522 0.17349522 0.17349522 0.17349522 0.17349522 1.9931707 2.646201 2.646201 2.646201 0.17349522 0.17349522 1.7816701 1.7816701 1.7816701
0.0 0.0 0.0 0.0 0.0 0.0 0.0 0.0 0.0 0.0 0.0 0.0 0.0 0.0 0.0 0.0 0.7639677 0.0 0.0 0.0 0.0 1.2783729 1.2783725 0.7639677 0.7639676 0.7639676 0.7639676 1.2783725 1.2783725 1.2783725 1.2783725 2.6461947 1.2783725 0.17349434 0.17349434 1.2783725 0.17349434 0.17349434 0.17349434 1.2783725 0.7639676 0.7639676 0.7639676 0.031664927 0.031664927 1.297748 1.7816656 0.17349432 0.17349432 0.17349432 1.7816656 1.7816656 1.3035581 0.17349431 0.17349431 0.17349431 0.17349431 0.20938312 0.17349431 0.17349431 0.17349431 1.2783724 1.2783724 1.2783723 1.3035579 1.3035574 1.3035574 2.6461937 2.6461937 1.7922333 1.7816654 1.7816653 1.7816653 1.7816653 0.17349423 0.17349423 1.7816653 0.17349423
0.0 0.0 0.0 0.0 0.0 0.0 0.0 0.0 0.0 0.0 0.0 0.5558765 0.0 0.0 0.0 0.0 0.0 0.0 0.0 0.0 0.0 0.17349343 0.031664092 0.031664092 0.7639634 0.7639634 0.7639634 0.7639634 1.2783686 1.3035483 2.6461868 2.6461868 2.6461868 1.3035481 1.2783686 1.2783686 0.17349343 0.17349343 1.2783686 1.2783686 1.2783685 1.2783685 1.3035481 0.1734934 1.2783684 1.2783684 1.2783684 1.2783684 1.2783684 1.2783684 1.2783684 1.3035476 0.17349339 0.17349339 0.17349339 0.17349339 0.031664044 0.17349339 0.17349339 0.17349339 0.17349339 1.7816608 0.17349339 0.031664044 1.3035474 4.466105 4.466105 1.3035471 1.3035471 1.7816608 0.17349337 0.17349337 1.7816608 1.8626492 1.7816608 0.17349337 1.7816608 1.7816608
0.0 0.0 0.0 0.0 0.0 0.0 0.0 0.0 0.0 0.0 0.53108954 0.55586123 0.0 0.0 0.0 0.0 0.0 0.0 0.0 0.17349252 0.17349252 0.031663258 0.031663258 0.031663258 0.76395977 0.76395977 0.76395977 1.278365 1.278365 1.278365 1.3035371 2.6461802 1.3035371 1.3035371 1.278365 0.76395965 0.76395965 0.031663258 0.76395965 0.76395965 0.76395965 1.2783649 1.2783649 1.3035364 1.2783649 1.2783649 1.2783649 1.2783649 0.7639595 1.2783649 1.2783649 2.6461794 2.6461794 0.17349248 0.17349248 0.17349248 0.17349248 0.17349248 0.17349248 0.17349248 0.17349248 0.36260223 0.7639595 0.7639595 0.7639595 4.466093 0.17349248 0.17349248 1.3035362 1.7816559 1.7816559 0.17349246 3.3647695 3.3647695 1.3035362 1.2783645 1.7816558 1.7816558
0.0 0.0 0.0 0.0 0.0 0.0 0.0 0.0 0.0 0.0 0.5558469 0.53107715 0.0 0.0 0.0 0.0 0.763956 0.0 0.0 0.17349158 0.17349158 0.031662326 0.031662326 0.031662326 0.763956 0.76395595 0.76395595 0.76395595 0.76395595 0.76395595 1.2783613 1.2783613 1.3035264 1.2783613 1.2783613 1.2783613 1.2783613 0.17349157 1.2783612 0.76395595 0.76395595 1.2783612 1.2783612 1.3035262 1.2783612 0.76395583 1.2783612 1.2783611 0.7639557 0.7639557 1.2783611 2.6461728 1.9931413 4.105758 0.17349154 0.17349154 0.17349154 0.17349154 0.17349154 0.17349152 0.17349152 0.7639554 3.1584926 0.7639554 0.7639554 0.1734915 0.1734915 1.2783607 1.2783607 1.7816513 1.7816513 1.7816513 1.3035262 1.3035262 1.3035262 1.2783606 1.3035262 1.781651
0.0 0.0 0.0 0.0 0.0 0.0 0.0 0.0 0.0 0.0 0.0 0.53106284 0.5558326 0.35103643 0.35103643 0.0 0.7639519 0.7639519 0.0 4.4660683 1.2783576 0.7639519 0.7639519 0.7639519 0.7639519 0.7639519 0.7639519 0.7639518 0.7639518 0.7639518 0.7639518 0.7639518 1.2783575 0.17349063 1.2783573 1.2783573 1.2783573 0.17349063 0.1734906 0.7639518 0.7639518 0.7639518 1.2783573 1.2783573 1.2783573 0.7639518 0.7639518 0.03166147 0.03166147 0.7639518 1.2783573 1.2783573 1.2857541 1.2783573 1.2783573 1.2783573 0.17349058 0.17349058 0.17349058 0.17349055 0.20937924 0.76395166 0.031661425 3.158478 0.76395166 3.158478 1.2783571 1.2783571 1.2783571 1.7816465 1.7816465 1.7816465 1.3035157 1.3035157 1.3035157 1.3035157 1.3035157 1.3035157
0.0 0.0 0.0 0.0 0.0 0.0 0.0 0.0 0.0 0.0 0.0 0.5558188 0.531049 0.5558188 0.531049 0.0 0.7639481 0.7639481 0.0 0.17348973 0.17348973 0.7639481 0.7639481 0.7639481 0.7639481 0.7639481 0.7639481 0.7639481 0.7639481 0.7639481 0.7639481 0.7639481 0.7639481 0.7639481 0.7639481 1.2783537 1.2783537 0.17348969 0.17348969 0.031660587 0.7639481 0.7639481 0.7639481 0.7639481 0.7639481 0.7639481 0.7639481 0.031660587 0.031660587 0.031660587 0.031660587 1.2783537 1.2783537 0.763948 0.763948 1.2783536 1.2783536 1.2783536 1.2783536 1.2783536 1.2783536 1.3035052 3.1584654 3.1584654 3.1584654 0.7639479 1.3035052 1.3035052 1.781642 1.781642 1.303505 1.303505 1.303505 1.3035047 1.3035047 1.3035047 1.3035047 1.3035047
0.0 0.0 0.0 0.32021016 0.26365066 0.0 0.0 0.0 0.0 0.0 0.0 0.55580354 0.5310347 0.55580354 0.55580354 0.0 0.0 0.0 0.0 0.0 0.031659756 0.7639439 0.7639439 0.7639439 0.7639439 0.7639439 0.7639439 0.7639439 0.76394385 0.76394385 0.76394385 0.76394385 0.76394385 0.76394385 0.76394385 1.27835 1.27835 0.17348874 0.17348874 0.031659756 0.76394385 0.76394385 0.031659756 0.031659756 0.76394385 0.76394385 0.76394385 0.031659756 0.031659756 0.031659756 0.031659756 0.76394385 0.76394385 0.76394385 0.76394385 1.2783499 1.2783499 1.2783499 1.2783499 1.2783499 1.2783499 1.3034947 1.2783499 0.76394385 4.4660435 1.781637 1.781637 4.4660435 1.3034945 1.3034942 1.3034942 1.3034942 1.3034942 1.303494 1.303494 1.303494 1.303494 1.2783496
0.0 0.0 0.0 0.0 0.0 0.0 0.0 0.0 0.0 0.0 0.0 0.0 0.0 0.0 0.0 0.0 0.0 0.0 0.0 0.0 0.0 0.0 0.12797298 0.12797298 0.12797298 0.12797298 0.12797298 0.12797298 0.51082885 0.51082885 0.51082885 0.12797298 0.12797298 0.12797298 0.12797298 0.51082885 0.51082885 0.046796784 0.046796784 0.0 0.0 0.0 0.0 0.0 0.0 0.0 0.12797287 0.0 0.0 0.12797278 0.0 0.0 0.0 0.51082885 0.12797278 0.12797278 0.19164988 0.51082885 0.51082885 0.51082885 0.51082885 0.0 0.0 0.12797278 0.73562276 0.73562276 0.73562276 0.0467967 0.73562276 0.73562276 0.0 0.0 0.0 0.0 0.0 0.0 0.51082873 0.51082873
0.0 0.0 0.0 0.0 0.0 0.0 0.0 0.0 0.0 0.0 0.0 0.0 0.0 0.0 0.0 0.0 0.0 0.12797087 0.0 0.0 0.0 0.0 0.0 0.12797087 0.12797087 0.12797087 0.12797087 0.12797087 0.51082706 1.1438869 1.1438869 0.0 0.12797087 0.12797087 0.12797087 0.12797087 0.12797087 0.046796307 0.0 0.0 0.0 0.0 0.0 0.0 0.0 0.0 0.12797087 0.12797087 0.12797087 0.0 0.046796285 0.046796285 0.046796285 0.5108269 0.12797087 0.12797087 0.12797087 0.12797087 0.5108269 0.0 0.0 0.0 0.0 0.12797087 0.046796285 0.046796285 0.046796285 0.046796285 0.7356203 0.046796285 0.0 0.0 0.0 0.0 0.0 0.5108269 0.5108269 0.5108269
0.0 0.0 0.0 0.0 0.0 0.0 0.0 0.0 0.0 0.0 0.0 0.0 0.0 0.0 0.0 0.0 0.0 0.0 0.0 0.0 0.0 0.0 0.0 0.12796888 0.12796888 0.12796888 0.12796888 0.12796888 0.51082504 0.51082504 0.51082504 1.1438826 0.75998515 0.12796888 0.12796888 0.12796888 0.12796888 0.0 0.0 0.0 0.0 0.0 0.0 0.0 0.0 0.0 0.0 0.0 0.0 0.0 0.046795845 0.046795845 0.510825 0.510825 0.12796879 0.12796879 0.12796879 0.12796879 0.510825 0.046795845 0.046795845 0.0 0.046795845 0.0 0.046795845 0.046795845 0.046795845 0.046795845 0.046795845 0.046795845 0.0 0.0 0.0 0.0 0.0 0.51082486 0.12796879 0.51082486
0.0 0.0 0.0 0.0 0.0 0.0 0.0 0.0 0.0 0.0 0.0 0.0 0.0 0.0 0.0 0.0 0.0 0.0 0.12796688 0.12796688 0.12796688 0.12796688 0.12796688 0.12796688 0.12796688 0.12796688 0.12796688 0.12796688 0.12796688 0.51082325 0.51082325 0.51082325 0.51082325 0.7599808 0.51082325 0.51082325 0.51082325 0.0 0.0 0.0 0.0 0.0 0.0 0.0 0.0 0.12796678 0.0 0.0 0.0 0.0 0.046795357 1.4550643 1.7541885 0.5108231 0.5108231 0.5108231 0.5108231 0.5108231 0.5108231 0.046795357 0.046795357 0.0 0.046795357 0.046795357 0.7356153 0.7356153 0.046795346 0.046795346 0.0 0.046795346 0.0 0.0 0.046795346 0.046795346 0.510823 0.510823 0.12796639 0.510823
0.0 0.0 0.0 0.0 0.0 0.0 0.0 0.0 0.0 0.0 0.0 0.0 0.0 0.0 0.0 0.0 0.0 0.0 0.0 0.0 0.12796468 0.12796468 0.12796468 0.12796468 0.12796468 0.12796468 0.12796468 0.12796468 0.12796468 0.12796468 0.5108211 0.5108211 0.5108211 0.5108211 0.5108211 0.5108211 0.51082104 0.51082104 0.12796468 0.0 0.0 0.0 0.0 0.0 0.0 0.0 0.12796468 0.51082104 0.51082104 0.0 0.51082104 0.51082104 1.4550571 0.510821 0.510821 0.0 0.0 0.0 0.04679493 0.04679493 0.04679493 0.04679493 0.04679493 0.0 0.34689987 0.34689987 0.73561287 0.04679493 0.04679493 0.04679493 0.0 0.0 0.04679493 0.0 0.5108209 0.5108209 0.12796468 0.12796468
0.0 0.0 0.0 0.0 0.0 0.0 0.0 0.0 0.0 0.0 0.0 0.0 0.028585434 0.0 0.0 0.0 0.0 0.0 0.0 0.0 0.12796287 0.12796287 0.5108194 0.5108194 0.5108194 0.12796287 0.12796268 0.12796268 0.12796268 0.12796268 0.12796268 0.12796268 0.12796268 0.5108194 0.51081926 0.51081926 0.51081926 0.51081926 0.12796268 0.0 0.0 0.0 0.0 0.0 0.0 0.0 0.0 0.046794474 0.51081926 0.12796268 0.12796268 0.51081926 1.4550493 0.73561054 0.51081926 0.0 0.0 0.0 0.0 0.046794474 0.046794474 0.046794474 0.046794474 0.0 0.0 0.7356104 0.7356104 0.04679445 0.0 0.0 0.5108191 0.5108191 0.5108191 0.0 0.12796268 0.12796268 0.12796268 0.12796268
0.0 0.0 0.0 0.0 0.0 0.0 0.0 0.0 0.0 0.0 0.0 0.0 0.027519321 0.0 0.0 0.0 0.0 0.0 0.0 0.0 0.12796077 0.12796077 0.5108173 0.5108173 0.5108173 0.5108173 0.12796077 0.12796077 0.12796077 0.12796086 0.12796086 0.12796086 0.5108173 0.5108173 0.5108173 0.12796086 0.12796086 0.12796086 0.12796086 0.0 0.0 0.0 0.0 0.0 0.0 0.0 0.0 0.04679402 0.51081717 0.12796077 0.12796077 0.5108173 0.5108173 0.21302962 0.0 0.0 0.0 0.0 0.0 0.046793997 0.046793997 0.046793997 0.046793997 0.0 0.12796068 0.5108173 0.5108173 0.046793997 0.0 0.0 0.51081717 0.51081717 0.51081717 0.0 0.0 0.12796049 0.12796049 0.12796049
0.0 0.0 0.0 0.0 0.0 0.0 0.0 0.0 0.0 0.027275324 0.02883811 0.027275324 0.027275324 0.0 0.0 0.0 0.0 0.0 0.0 0.0 0.5108154 0.5108154 0.5108154 0.5108154 0.5108154 0.5108154 0.12795895 0.0 0.3468927 0.12795895 0.5108154 0.5108154 0.5108154 0.5108154 0.12795895 0.12795895 0.12795895 0.12795895 0.12795895 0.12795895 0.12795895 0.0 0.0 0.0 0.0 0.0 0.0 0.0 0.5108153 0.12795895 0.12795895 0.12795895 0.5108153 0.0 0.0 0.0 0.046793543 0.046793543 0.046793543 0.046793543 0.0 0.0 0.0 0.0 0.5108153 0.5108153 0.5108153 0.046793528 0.0 0.0 0.5108152 0.5108152 0.5108152 0.5108152 0.12795877 0.12795877 0.12795867 0.12795867
0.0 0.0 0.0 0.0 0.0 0.0 0.0 0.0 0.0 0.027270984 0.027882146 0.027403498 0.027270984 0.0 0.0 0.0 0.0 0.0 0.0 0.0 0.51081336 0.51081336 0.51081336 0.51081336 0.51081336 0.51081336 0.12795687 0.34688997 0.7356033 0.046793103 0.51081336 0.51081336 0.12795687 0.12795687 0.12795687 0.12795687 0.12795687 0.12795687 0.12795687 0.12795687 0.12795687 0.0 0.0 0.0 0.0 0.0 0.0 0.0 0.51081336 0.51081336 0.12795687 0.12795687 0.5108133 1.4550285 0.0 0.0 0.0 0.046793092 0.046793092 0.046793092 0.046793092 0.046793092 0.5108133 0.5108133 0.5108133 0.5108133 1.4550285 0.0 0.0 0.0 0.0 0.5108133 0.5108133 0.5108133 0.12795657 0.12795657 0.12795657 0.12795657
0.0 0.0 0.0 0.0 0.0 0.0 0.0 0.027265977 0.028828429 0.0 0.0 0.0 0.027265977 0.0 0.0 0.0 0.0 0.0 0.0 0.0 0.046792664 0.5108117 0.5108117 0.5108117 0.5108117 0.5108117 0.12795477 0.12795477 0.046792664 0.046792664 1.1438522 0.51081157 0.12795477 0.12795477 0.12795477 0.12795477 0.12795477 0.12795477 0.12795477 0.12795466 0.12795466 0.0 0.04679265 0.04679265 0.04679265 0.04679265 0.04679265 0.0 0.51081157 0.51081157 0.5108113 0.5108113 0.5108113 1.4550216 0.7356008 0.7356008 0.0 0.0 0.04679265 0.046792638 0.09741501 0.046792638 0.5108113 0.5108112 0.7356006 0.7356006 0.046792638 0.0 0.0 0.0 0.0 0.5108112 0.5108112 0.5108112 0.12795466 0.12795466 0.12795466 0.12795466
0.0 0.0 0.0 0.0 0.0 0.0 0.0 0.0 0.0 0.0 0.0 0.0 0.0 0.0 0.0 0.0 0.0 0.0 0.0 0.0 0.0 0.046792224 0.046792224 0.046792224 0.0 0.0 0.12795284 0.12795275 0.0 0.046792224 0.046792224 0.5108095 0.12795275 0.12795275 0.12795275 0.12795275 0.12795275 0.12795275 0.12795275 0.12795275 0.5108094 0.046792135 0.046792135 0.0 0.0 0.0 0.046792135 1.4550142 1.4550142 0.5108094 0.5108094 0.5108094 1.4550142 0.73559827 0.73559827 0.73559827 0.0 0.0 0.046792135 0.046792135 0.046792135 0.0 0.046792135 0.046792135 0.046792135 0.73559827 0.046792135 0.046792135 0.0 0.0 0.69777584 0.5108094 0.5108094 0.5108094 0.046792135 0.0 0.12795275 0.12795275
0.0 0.0 0.0 0.0 0.0 0.0 0.0 0.0 0.0 0.0 0.0 0.0 0.0 0.0 0.0 0.0 0.0 0.0 0.0 0.0 0.04679172 0.5108077 0.5108077 0.04679172 0.04679172 0.04679172 0.5108077 0.5108077 0.0 0.0 0.0 0.12795085 0.12795085 0.12795085 0.12795085 0.12795085 0.12795085 0.12795085 0.12795085 0.5108077 0.5108077 0.5108077 0.0 0.0 0.0 0.0 1.4550076 1.4550076 0.04679172 0.5108077 0.5108077 0.5108077 0.5108077 0.73559594 0.0 0.0 0.0 0.0 0.0 0.0 0.0 0.0 0.04679172 0.04679172 0.04679172 0.0 0.0 0.0 0.0 0.0 0.69776917 0.69776917 0.5108076 0.04679172 0.04679171 0.0 0.0 0.12795076
0.0 0.0 0.0 0.0 0.0 0.0 0.0 0.0 0.0 0.0 0.0 0.0 0.0 0.0 0.0 0.0 0.0 0.0 0.0 0.0467913 0.0467913 0.7355934 0.7355934 0.7355934 0.7355934 0.0467913 0.0 0.5108056 0.5108056 0.0467913 0.0467913 0.0467913 0.0467913 0.5108056 0.12794885 0.12794885 0.12794885 0.12794885 0.12794885 0.5108055 0.5108055 0.5108055 0.0 0.0 0.0 0.0 0.0 1.4550004 0.046791255 0.5108054 0.5108054 0.5108054 0.5108054 0.86095464 0.5108054 0.5108054 0.5108054 0.0 0.0 0.04679124 0.21299434 0.21299434 0.5108054 0.04679124 0.04679124 1.4550002 0.0 0.0 0.69776297 0.69776297 0.69776297 0.04679124 0.5108054 0.04679124 0.0 0.0 0.0 0.12794846
0.0 0.0 0.0 0.0 0.0 0.0 0.0 0.0 0.0 0.0 0.0 0.0 0.0 0.3468777 0.0 0.0 0.0 0.0 0.0 0.5108037 0.046790775 0.046790775 0.046790775 0.73559105 0.73559105 0.0 1.1438351 0.5108037 0.5108037 0.0 0.0 0.0 0.046790775 0.5108037 0.5108037 0.5108037 0.5108037 0.5108037 0.5108037 0.5108037 0.5108037 0.5108037 0.0 0.0 0.5108037 0.5108037 0.5108037 0.5108037 0.5108037 0.5108037 0.5108037 0.12794685 0.12794685 0.51080364 0.51080364 0.51080364 0.51080364 0.046790775 0.046790775 0.046790775 0.21298838 0.21298838 0.0 0.51080364 0.73559093 1.4549925 0.0 0.0 0.046790775 0.046790775 0.046790775 0.046790775 0.5108035 0.5108035 0.12794675 0.12794675 0.12794675 0.12794675
0.0 0.0 0.0 0.0 0.0 0.0 0.0 0.0 0.0 0.0 0.0 0.0 0.0 0.0 0.0 0.0 0.0 0.0 0.0 0.0 0.0 0.0 0.046790347 0.73558855 0.73558855 1.1438307 1.1438307 0.51080185 1.1438307 1.1438307 0.0 1.1438307 0.51080185 0.51080185 0.51080185 0.12794465 0.12794465 0.12794465 0.12794465 0.0 0.046790347 0.046790347 0.51080185 0.51080185 0.51080185 0.12794465 0.12794465 0.12794465 0.5108018 0.5108018 0.5108018 0.0 0.0 0.5108018 0.5108018 0.5108017 0.12794465 0.0 0.0 0.046790324 0.0 0.0 0.0 0.7355883 0.7355883 0.7355883 0.0 0.5108017 0.5108017 0.0467903 0.0 0.0 0.0467903 0.5108016 0.5108016 0.12794465 0.12794465 0.12794465
0.0 0.0 0.0 0.0 0.0 0.0 0.0 0.0 0.0 0.0 0.0 0.0 0.0 0.0 0.0 0.0 0.0 0.0 0.0 0.0 0.0 0.0 0.04678992 0.0 0.04678992 0.04678992 1.1438266 1.1438266 1.1438266 0.7599236 0.7599236 0.7599236 0.046789896 0.046789896 0.046789896 0.0 0.0 0.12794274 0.12794274 0.0 0.0 0.12794274 0.12794274 0.12794274 0.12794274 0.12794274 0.12794274 0.12794274 0.5107998 0.046789873 0.046789873 0.0 0.0 0.0 0.0 0.12794274 0.0 0.0 0.046789873 0.5107998 0.5107998 0.69774246 0.69774246 0.735586 0.735586 0.0 0.0 0.5107998 0.5107998 0.046789836 0.0 0.0 0.0 0.046789836 0.51079977 0.51079977 0.12794256 0.12794256
0.0 0.0 0.0 0.0 0.0 0.0 0.0 0.0 0.0 0.0 0.0 0.0 0.0 0.0 0.0 0.0 0.0 0.0 0.0 0.0 0.51079786 0.04678943 0.04678943 0.04678943 0.04678943 0.04678943 1.1438224 0.51079786 1.1438222 0.7599192 0.7599192 0.7599192 0.0 0.04678943 0.04678943 0.0 0.0 0.0 0.12794083 0.12794083 0.12794083 0.12794083 0.12794083 0.12794083 0.12794074 0.12794074 0.12794074 0.12794074 0.51079786 1.4549716 0.04678943 0.0 0.0 0.0 0.04678943 0.51079786 0.51079786 0.04678943 0.04678943 0.51079786 0.51079786 0.6977365 0.73558354 0.7355834 0.0 0.0 0.0 0.04678943 0.51079774 0.04678943 0.04678943 0.04678943 0.0 0.04678943 0.04678943 0.51079774 0.12794055 0.12794055
0.0 0.0 0.6868136 0.0 0.0 0.0 0.0 0.0 0.0 0.0 0.0 0.0 0.0 0.0 0.0 0.0 0.0 0.0 0.0 0.0 0.5107959 0.5107959 0.5107959 0.5107959 0.5107959 0.5107959 0.5107959 0.5107959 0.5107959 0.12793884 0.12793884 0.0 0.0 0.12793884 0.12793884 0.12793884 0.75991446 0.0 0.12793884 0.12793884 0.12793884 0.12793884 0.12793884 0.12793884 0.12793884 0.12793884 0.12793884 0.12793884 0.51079583 0.51079583 0.04678898 0.0 0.0 0.0 0.04678898 0.51079583 0.51079583 1.1438178 0.04678898 0.04678898 0.51079583 0.04678898 0.04678898 0.04678898 0.0 0.0 0.0 0.0 0.21296549 0.046788953 0.046788953 0.51079583 0.0 0.0 0.0 0.51079583 0.51079583 0.12793854
0.010911086 0.010911086 0.010911086 0.010911086 0.0 0.0 0.0 0.0 0.0 0.0 0.0 0.0 0.0 0.0 0.0 0.0 0.0 0.0 0.0 0.0 0.5107941 0.12793693 0.12793693 0.12793693 0.12793693 0.12793693 0.12793693 0.12793693 0.12793693 0.12793693 0.12793693 0.12793693 0.12793693 0.12793693 0.12793693 0.12793693 0.12793693 0.12793693 0.12793684 0.12793684 0.12793684 0.12793684 0.12793684 0.12793684 0.12793684 0.12793674 0.12793674 0.12793663 0.12793663 0.0 0.0 0.0 0.0 0.0 0.51079404 0.51079404 0.51079404 0.51079404 0.51079404 0.04678854 0.0 0.04678854 0.046788514 0.046788514 0.0 0.0 0.0 0.0 0.0 0.21295929 0.21295929 0.5107939 0.0 0.73557854 0.046788514 0.5107939 0.5107939 0.12793645
0.0 0.0 0.010910966 0.010910966 0.0 0.0 0.0 0.0 0.0 0.0 0.0 0.0 0.0 0.0 0.0 0.0 0.0 0.0 0.0 0.0 0.5107921 0.12793492 0.12793492 0.0 0.0 0.0 0.12793492 0.12793492 0.12793492 0.12793492 0.12793492 0.12793492 0.12793492 0.12793492 0.12793492 0.12793492 0.12793492 0.12793492 0.12793492 0.12793492 0.12793492 0.12793492 0.12793492 0.12793483 0.12793483 0.12793483 0.12793483 0.12793483 0.12793483 0.0 0.0 0.12793483 0.0 0.0 0.12793483 0.12793483 0.12793483 0.7355761 0.04678806 0.04678806 0.046788033 0.046788033 0.046788033 0.046788033 0.0 0.0 0.0 0.046788033 0.046788033 0.046788033 0.21295357 0.5107919 0.5107919 0.7355759 0.046788033 0.5107919 0.5107919 0.0
0.0 0.0 0.0 0.0 0.0 0.0 0.0 0.0 0.0 0.0 0.0 0.0 0.0 0.0 0.0 0.0 0.0 0.0 0.0 0.0 0.5107901 0.12793283 0.12793283 0.0 0.0 0.0 0.12793283 0.12793283 0.12793283 0.12793283 0.12793283 0.12793283 0.12793283 0.12793283 0.12793283 0.12793283 0.12793283 0.12793283 0.12793283 0.12793283 0.12793283 0.12793283 0.12793283 0.12793283 0.12793283 0.12793283 0.12793283 0.12793283 0.12793283 0.12793283 0.12793283 0.51079 0.12793283 0.12793283 0.12793283 0.12793283 0.51079 0.51079 0.04678761 0.04678761 0.04678761 0.04678761 0.04678761 0.04678761 0.04678761 0.0 0.0 0.04678761 0.04678761 0.04678761 0.21294737 0.04678761 0.5107901 0.046787597 0.046787597 0.046787597 0.046787597 0.046787582
0.0 0.0 0.0 0.0 0.0 0.0 0.0 0.0 0.0 0.0 0.0 0.0 0.0 0.0 0.0 0.0 0.0 0.0 0.0 0.0 0.12793091 0.12793091 0.12793091 0.12793091 0.12793091 0.12793091 0.12793091 0.12793091 0.12793091 0.12793091 0.12793091 0.12793091 0.12793091 0.12793091 0.12793091 0.12793091 0.12793091 0.12793091 0.12793082 0.12793082 0.12793082 0.12793082 0.12793082 0.51078814 0.51078814 0.51078814 0.12793082 0.12793082 0.12793082 0.12793082 0.12793082 0.51078814 0.51078814 0.12793082 0.51078814 0.51078814 0.51078814 0.51078814 0.046787143 0.09740925 0.046787143 0.0 0.046787143 1.4549358 0.046787143 0.0 0.0 1.1438001 1.1438001 1.1438001 1.1438001 0.046787143 0.5107879 0.5107879 0.046787143 0.046787143 0.046787143 0.046787143
