Export/ASCII/RMeteo_SP_inch/impervious0/net_infiltration_2018_SP4_inch.asc
ncols         660
nrows         338
xllcorner     1476100.0
yllcorner     5017100.0
cellsize      100
NODATA_value  -9.9000000089461e-20
[rows 162 to 188 of 338, columns 244 to 304 of 660]
8.061945 8.061945 8.061945 8.061945 8.061945 8.061945 8.061945 8.061945 8.061945 0.0 4.542477 4.542477 4.542477 8.061945 8.061945 5.4241123 5.4241123 5.4241123 8.742882 8.742882 8.061944 2.0872695 2.0872695 2.0872695 2.0872695 6.1002245 2.378253 2.378253 3.5477152 5.276503 3.1253774 1.9096942 0.0 0.07053162 0.14094688 0.2186119 0.2186119 0.2186119 0.2186119 0.3326326 0.3326326 0.2186119 0.2186119 0.2186119 0.2186119 0.2186119 0.2186119 0.21861187 0.21861187 0.33263248 0.33263248 2.087269 1.5110133 2.087269 8.061944 8.061944 2.087269 2.087269 2.087269 2.087269 4.542476
8.061915 8.061915 8.061915 8.061915 8.061915 8.061915 8.061915 8.061915 8.061915 0.0 5.42408 4.5424466 4.5424466 3.0372834 8.742855 8.742855 5.42408 5.42408 8.061915 8.061915 8.061915 8.061915 8.061915 8.061915 8.061915 5.42408 8.061915 5.027441 0.0 4.588167 1.9096861 2.778113 0.0 0.070528686 0.070528686 0.21860841 0.21860841 0.21860841 0.21860841 0.21860841 0.21860841 0.21860841 0.21860841 0.21860841 0.21860841 0.21860841 0.21860841 0.21860835 0.21860835 0.3326294 0.3326294 2.0872564 2.0872564 2.0872564 2.0872564 2.0872564 1.5109987 1.5109987 2.0872562 0.33262935 3.1858563
8.061886 8.061886 8.061886 8.061886 8.061886 8.061886 8.061886 8.061886 8.061886 8.061886 8.061886 4.542416 3.0372674 3.0372674 3.0372674 8.061886 8.061886 8.061886 8.061886 8.061886 8.061886 8.061886 8.061886 8.061886 5.4240475 5.4240475 2.087244 5.0274086 5.828204 6.0957146 2.909675 2.5834057 0.0 2.6685538 0.07052578 0.21860492 0.21860492 0.21860492 0.21860492 0.21860492 0.21860492 0.21860492 0.3326262 0.3326262 0.21860489 0.21860489 0.21860489 0.3326262 0.21860489 0.3326262 0.3326262 0.3326262 2.0872433 2.0872433 0.33262616 2.0872433 1.5109843 1.5109841 2.0872433 0.33262616 4.5424156
8.061856 8.061856 8.061856 8.061856 8.061856 8.061856 8.061856 8.061856 8.061856 8.261401 8.061856 8.061856 8.061856 8.061856 8.061856 8.061856 8.061856 8.061856 8.061856 8.061856 8.061856 8.061856 8.742801 3.0372517 5.424017 2.0872307 2.0872307 2.0872307 6.0374203 5.027375 6.3956013 6.1674175 5.027375 3.1549194 2.66854 0.07052294 0.21860142 0.21860142 0.21860142 0.21860142 0.21860142 4.8172407 8.061856 8.061856 0.21860142 0.21860142 0.21860142 0.332623 0.332623 0.332623 0.21860136 0.332623 0.33262298 0.33262298 0.33262298 2.0872307 2.0872307 2.0872304 2.0872304 2.0872304 2.0872304
8.061825 8.061825 8.061825 8.061825 8.061825 8.061825 8.061825 8.061825 8.061825 8.061825 8.061825 8.061825 8.061825 8.061825 8.061825 8.061825 8.061825 8.061825 8.061825 8.061825 2.087218 2.087218 3.037235 3.037235 8.061824 2.087218 2.087218 2.087218 1.8532209 6.0646787 6.1339025 5.908781 5.027343 6.8456492 2.6685252 1.909658 0.33261985 3.5475984 3.5475984 5.027342 5.027342 4.0680847 8.061824 8.061824 0.2185979 0.2185979 0.2185979 0.2185979 0.33261982 0.33261982 0.21859789 0.33261982 0.33261982 0.33261982 0.33261982 8.061824 2.0872176 2.0872176 2.0872176 2.0872176 1.510955
8.061796 8.061796 8.061796 8.061796 8.061796 8.061796 8.061796 8.061796 8.061796 8.061796 5.0273085 8.061796 8.061796 8.061796 3.037219 3.037219 8.061796 8.061796 8.061796 8.061796 2.0872052 2.0872052 3.037219 3.037219 8.061796 2.0872052 2.0872052 1.510941 1.510941 1.5109409 6.273898 1.5109409 5.828107 3.2047489 2.5835764 5.4239526 8.061796 8.061796 5.839901 5.0273085 4.5046 4.365771 8.061796 8.061796 0.33261666 0.21859446 0.21859446 0.21859446 0.33261666 0.33261666 0.21859446 0.21859446 2.087205 2.087205 3.0372186 8.061795 2.087205 2.087205 2.087205 1.5109406 1.5109406
8.061767 8.061767 8.061767 8.061767 8.061767 8.061767 8.061767 8.061767 8.061767 0.0 0.0 8.061767 8.061767 8.061767 3.0372033 3.0372033 8.061767 8.061767 8.061767 8.061767 5.423922 5.423922 8.061767 8.061767 8.061767 8.061767 2.0871925 1.510927 1.510927 1.510927 1.8826604 1.5109267 2.9341002 2.3781443 5.027274 8.061767 8.061767 8.061766 5.027274 5.8280725 4.7537866 4.6578336 5.027274 8.061766 8.061766 0.21859103 0.21859103 0.21859103 0.3326134 0.3326134 0.3326134 0.3326134 1.5109265 2.087192 3.0372028 8.061766 3.0372028 3.0372028 2.087192 2.087192 1.5109265
8.061737 8.061737 8.061737 8.061737 8.061737 8.742691 8.742691 8.061737 3.1856647 3.1856647 3.1856647 3.1856647 8.061737 8.061737 3.0371873 8.061737 8.061737 8.061737 8.061737 8.061737 8.061737 5.423891 8.061737 8.061737 8.061737 8.061737 2.0871797 2.0871797 0.74376917 1.5109124 1.5109124 1.5109124 1.5109124 2.3781261 5.42389 8.061737 8.061737 8.061736 9.601521 4.5761366 4.6578064 6.0819035 2.8262424 3.037187 8.061736 0.33261028 0.21858756 0.21858756 0.21858756 0.33261022 0.33261022 0.33261022 0.21858756 0.33261022 8.061735 8.061735 3.0371866 3.0371866 8.061735 2.0871792 8.742691
8.061705 8.061705 8.061705 8.061705 8.742666 8.742666 5.2762947 3.1856318 3.422121 3.1856318 3.422121 3.1856318 3.037171 3.037171 8.061705 8.061705 8.061705 8.061705 8.061705 8.061705 8.061705 5.4238596 5.4238596 8.061705 8.061705 8.061705 8.061705 2.668468 0.74375546 1.5108979 1.5108976 2.0871665 2.0871665 8.061705 5.4238596 5.4238596 8.061705 8.061705 8.061705 5.0272074 3.5474827 3.5474827 2.9080586 2.3781075 8.061705 8.061705 0.21858409 0.21858409 0.21858409 0.3326071 8.061705 0.3326071 0.3326071 0.3326071 1.5108974 1.5108974 3.0371704 3.0371704 8.061705 8.061705 3.0371704
8.061676 8.061676 8.061676 8.061676 8.061676 0.0 0.0 0.0 0.0 0.0 3.6132953 3.1855996 2.3780894 3.037155 8.061676 8.061676 8.061676 8.061676 8.061676 8.061676 8.061676 5.423827 5.423827 8.061676 8.061676 8.061676 8.061676 3.1548402 0.74374133 1.510883 1.510883 5.027174 8.061676 8.061676 8.061676 5.423827 5.423827 8.061676 8.061676 5.8279743 5.8397703 3.5474527 5.032193 3.5474527 2.3780894 2.3780894 5.027174 5.027174 5.027174 5.027174 8.061675 3.0371544 3.0371544 8.061675 8.061675 8.061675 8.061675 8.061675 8.061675 3.0371544 3.0371544
2.6684399 2.6684399 2.6684399 2.6684399 2.6684399 2.6684399 0.0 0.0 8.0616455 8.0616455 4.7890654 4.7890654 8.0616455 3.0371392 8.0616455 8.0616455 8.0616455 8.0616455 8.0616455 8.0616455 3.0371392 3.0371392 3.0371392 8.0616455 8.0616455 8.0616455 8.0616455 10.588273 2.6684394 5.0271425 5.0271425 5.0271406 8.0616455 8.0616455 8.0616455 5.4237957 5.4237957 8.0616455 8.0616455 10.029673 5.0271406 1.7549932 1.7780017 5.839738 2.378071 2.378071 5.827943 5.0271406 5.827943 5.827942 5.0271397 3.0371392 3.0371392 3.0371392 8.061644 8.061644 0.33260074 2.378071 2.3780708 0.3326007 3.037139
3.1548135 2.6684256 2.6684256 3.222834 1.4456825 1.9229941 8.061617 8.061617 8.061617 8.061617 8.061617 8.061617 8.061617 8.061617 8.061617 8.061617 8.061617 8.061617 8.061617 0.3325976 0.3325976 3.0371227 3.0371227 8.061617 8.061617 8.061617 2.087128 8.061617 8.061617 5.8279114 5.8279114 5.8279104 8.061617 8.061617 8.061617 8.061617 5.4237623 5.4237623 5.4237623 2.087128 2.4569204 1.510854 1.510854 6.0295563 2.3780527 2.3780527 5.0271072 5.8279104 6.0371447 6.0371447 5.8279104 1.510854 3.0371227 3.0371227 8.061617 0.33259752 0.21857367 0.21857367 0.21857366 0.21857366 0.33259752
3.290317 3.1548002 3.1548002 2.6684117 1.4456646 1.4457436 8.061586 8.061586 8.061586 8.061586 8.061586 8.061586 8.061586 8.061586 8.061586 8.061586 8.061586 8.061586 8.061586 2.0871153 2.0871153 2.0871153 3.037107 3.037107 2.0871153 2.0871153 2.0871153 2.0871153 8.061586 2.987469 6.0371113 5.0270767 8.061586 8.061586 8.061586 8.061586 5.4237323 8.061586 8.061586 1.5108397 1.5108397 1.5108397 5.0270767 5.0270767 5.027076 5.027076 5.827879 6.0371113 1.8530962 1.5108395 1.9924586 1.5108395 1.5108395 8.061586 6.431092 0.33259434 0.21857023 0.21857023 0.21857017 0.21857017 0.21857017
3.320659 3.2902846 3.2902846 3.1547878 1.4456459 2.3780167 5.0270414 5.0270414 8.061556 8.061556 8.742528 8.061556 8.061556 8.061556 8.061556 8.061556 8.061556 8.061556 8.061556 2.0871024 2.0871024 2.0871024 2.0871024 2.0871024 2.0871024 1.5108252 2.0871024 8.742528 8.061556 3.2228136 6.099819 2.8261268 8.061556 8.061556 8.061556 8.061556 8.061556 8.061556 8.061556 5.0270414 1.510825 1.510825 6.0644455 10.282274 10.282274 6.0644455 1.510825 1.9924426 1.510825 1.510825 1.5108249 1.5108249 1.5108249 4.02347 6.431058 0.33259115 0.33259115 0.2185667 0.2185667 0.21856667 0.21856667
11.24167 11.016625 3.320628 2.6683826 6.8449316 5.027007 5.827812 5.827812 8.061527 8.061527 8.742501 8.061527 8.061527 8.061527 8.061527 8.061527 8.061527 8.061527 8.061527 2.0870895 2.0870895 2.0870895 1.5108106 1.5108106 1.5108106 1.5108106 2.0870895 2.0870895 2.0870895 3.3206265 2.9874365 2.3779984 3.0370746 8.061527 8.061527 8.061527 8.061527 8.061527 8.061527 5.827812 5.027007 5.027007 5.027007 8.7425 8.7425 8.7425 1.5108105 1.5108105 1.5108105 1.5108105 1.5108105 1.5108105 1.5108105 1.7062299 6.4310236 8.061526 0.33258793 0.21856323 0.21856323 0.2185632 0.3325879
8.061499 8.061499 3.3868017 3.154761 3.1215656 5.8277817 6.0370083 6.0370083 8.061499 8.061499 8.742475 8.742475 8.061499 8.742475 8.061499 8.061499 8.061499 2.0870767 2.0870767 2.0870767 2.0870767 1.5107963 1.5107963 1.5107963 1.5107961 1.5107961 1.5107961 2.0870767 2.0870767 2.1878555 2.0744743 0.07048826 3.0370584 3.0370584 8.061497 8.061497 8.061497 8.061497 8.061497 10.02947 5.8277807 5.0269747 5.8811407 5.0269747 8.742474 8.742474 5.2761116 1.5107961 1.5107961 1.5107961 2.0870764 1.510796 1.510796 2.3779802 8.061497 8.061497 0.2185598 0.2185598 0.2185598 0.2185598 0.33258477
8.061467 8.061467 2.6683536 3.2901855 6.673313 6.036973 6.099725 6.099725 2.6683536 2.6683536 8.742447 8.742447 8.061467 8.061467 8.061467 8.061467 8.061467 8.061467 2.087064 2.087064 2.087064 1.5107814 1.5107814 1.5107814 1.5107814 1.5107814 1.5107814 2.087064 2.087064 3.0598726 1.4455905 3.0532236 3.0370426 3.0370426 3.0370426 8.061466 8.061466 8.061466 8.061466 8.061466 6.036971 5.8277473 6.1879196 5.8277473 8.061466 8.742447 6.0703244 1.5107813 1.5107813 1.5107813 1.5107812 1.5107812 1.5107812 1.5107812 4.8168077 5.0269403 5.0269403 0.2185563 0.2185563 0.21855627 0.21855627
5.4235754 5.4235754 3.1547348 3.320535 5.026909 5.026909 6.153057 6.0996923 3.1547348 3.1547348 8.742419 8.742419 3.0370264 3.0370264 3.0370264 8.061438 8.061438 3.0370264 2.0870512 1.510767 1.510767 1.510767 1.510767 1.510767 1.510767 1.5107669 2.0870512 2.0870512 2.0870512 3.0370264 3.0370264 3.0370264 3.0370264 3.0370264 8.061437 8.061437 8.061437 8.061437 8.061437 8.061437 10.15027 5.026908 6.0996914 5.026908 3.1853428 8.742419 5.276059 1.5107666 1.5107666 1.5107666 1.5107665 1.5107665 1.5107665 4.8167753 5.173787 5.827715 2.3779435 2.3779435 0.21855281 0.21855281 0.21855281
2.6683254 1.9095325 1.9095325 3.290122 5.8276825 5.8276825 6.189398 6.101207 6.8446426 3.290122 3.0370102 3.0370102 3.0370102 3.0370102 3.0370102 2.3779259 3.0370102 3.0370102 2.0870383 2.0870383 1.5107523 1.5107523 1.5107523 1.5107523 8.742392 2.0870383 2.0870383 2.0870383 2.0870383 3.0370102 2.0870383 2.123667 3.0370102 3.0370102 8.061407 8.061407 8.061407 8.061407 8.061407 8.061407 8.061406 9.601126 5.0268736 6.1530256 3.421795 8.061406 5.833639 1.5107518 1.5107518 2.087038 2.087038 3.0370097 5.0268736 5.173752 5.0268736 6.038492 2.3779254 2.3779254 5.0268726 0.21854931 0.21854928
1.0213841 2.1771877 2.1771877 2.668311 6.036868 6.036868 6.152998 6.1162434 6.168355 3.3204725 8.061378 8.061378 8.061378 8.061378 3.0369945 3.0369945 3.0369945 8.061378 2.0870254 2.0870254 2.0870254 1.5107383 1.5107383 1.5107383 4.5419054 4.5419054 6.4308543 2.0870254 6.4308543 2.0870254 2.0870254 3.0369945 3.2831292 3.0369945 8.061376 8.061376 8.061376 5.026841 5.026841 8.061376 8.061376 8.061376 5.827649 6.405861 5.6241026 8.061376 10.19797 8.061376 8.061376 8.061376 3.036994 3.036994 5.57397 5.180129 5.827649 6.0996284 5.0268393 5.2760057 6.06429 5.2760057 0.2185459
0.74358976 2.310784 2.310784 3.1546953 2.987343 6.0996 6.2474365 5.0268087 6.1529703 7.0852737 8.061347 8.061347 8.061347 8.061347 8.061347 8.061347 8.061347 3.0369782 3.0369782 2.0870125 2.0870125 1.5107234 1.5107234 1.5107234 2.0870125 2.0870125 4.541874 4.541874 0.33256882 0.33256882 8.061347 3.0369782 3.0369782 8.061347 8.061346 8.061346 8.061346 8.061346 5.88099 8.061346 8.061346 8.061346 6.0368357 6.3564053 0.2583249 0.33256882 8.061346 8.061346 8.061346 8.061346 3.0369782 8.742337 3.3652253 3.1993275 6.036834 6.099598 5.026808 6.070224 3.1852455 6.327174 0.21854238
1.4454997 3.0354552 3.0354552 2.7001505 2.6682825 3.3017745 6.345704 5.827585 6.262336 5.0267744 8.061317 8.061317 8.061317 8.061317 8.061317 8.061317 8.061317 8.061317 3.0369618 2.087 2.087 2.087 2.087 2.087 3.0369618 8.742309 2.087 1.5107089 0.3325657 0.3325657 0.3325657 3.0369618 3.0369618 8.061317 8.0613165 8.260862 8.0613165 8.0613165 5.0267744 5.0267744 5.0267744 5.0267744 6.0995665 5.0267744 0.21853906 0.33256564 8.0613165 8.0613165 8.0613165 8.0613165 8.0613165 3.1252172 3.1252172 5.0267744 6.0995665 2.377871 2.377871 3.9122548 5.624049 5.2759533 5.2759533
1.9094968 2.6682677 3.3463125 3.0620992 3.154668 3.3203819 2.993014 6.036765 6.15291 5.827553 5.026741 5.026741 8.061288 8.061288 8.061288 8.061288 8.061288 8.061288 8.061288 8.061288 2.0869865 2.0869865 8.061288 8.061288 3.0369463 8.742281 0.33256245 0.21853556 0.21853556 0.21853556 2.0869865 2.0869865 0.33256245 8.061288 8.061288 8.061288 8.061288 5.026741 5.827552 5.827552 5.026741 5.880927 6.099535 5.827552 5.026741 3.5470755 8.061288 8.061288 8.061288 2.6682677 2.6682677 3.3102708 3.6058283 5.827552 5.02674 2.9730418 2.3778524 2.5554295 6.070172 6.070172 1.8056443
2.1770918 2.5389903 3.4724107 3.3828554 3.28996 3.3209603 3.2227097 5.0267076 6.2179165 5.0267076 6.075864 5.8275204 5.0267076 2.0869741 2.0869741 2.0869741 8.061257 8.061257 8.061257 8.061257 8.061257 8.061257 8.061257 8.061257 0.33255935 0.33255935 0.21853207 0.21853204 0.21853204 0.21853204 1.5106796 1.5106796 0.33255932 8.061257 8.061257 8.061257 8.061257 5.0267076 6.090108 6.036731 5.8275204 6.187681 6.101041 6.036731 5.8275204 2.7724962 8.061257 8.061257 2.6682534 3.1546552 3.1546552 2.6682534 2.6682534 7.0963783 5.8275194 5.0267067 1.4454625 0.21853195 4.827186 3.1851482 1.8736187
8.64726 5.423353 2.8641117 3.3865376 3.32032 3.3865376 2.668239 2.9872792 3.1611578 5.827488 6.152853 6.0366955 5.827488 8.061227 2.0869613 3.0369139 8.061227 8.061227 8.061227 8.061227 3.0369139 8.061227 8.061227 8.061227 0.33255607 0.21852854 0.21852854 0.21852854 0.21852854 0.21852854 0.21852854 0.21852854 0.33255607 0.33255607 8.061227 8.061227 8.061227 8.061227 6.187647 6.099473 6.0366955 6.099473 5.0266743 6.099473 2.3778162 2.3778162 5.0266743 8.061226 2.668239 2.668239 3.289927 3.4723144 3.1546419 5.0266743 6.420062 5.827488 0.0704621 0.0704621 0.26528236 0.23928967 3.185117
8.061198 8.061198 1.9094701 2.6682243 3.4801369 3.386508 3.154628 2.6682243 3.2226882 1.8368248 1.9379205 6.0994415 6.036662 8.061198 3.0368981 3.0368981 8.061198 8.061198 3.0368981 3.0368981 3.0368981 8.061198 8.061198 8.061198 0.33255297 0.33255297 0.33255297 0.33255297 0.07045919 0.21852507 0.21852507 0.21852507 0.21852507 0.33255297 0.33255297 8.061198 8.061198 8.061198 5.02664 6.0994415 5.02664 6.1528234 5.8274546 5.02664 2.377798 2.377798 2.8258939 8.061197 3.154628 2.6682243 2.6682243 3.5967507 3.9432638 6.8441415 0.218525 0.27386647 0.09767678 0.07045914 0.07045914 5.2758493 1.5106503
2.6682105 8.061168 8.507864 2.5389497 3.5385005 3.386479 3.2898622 3.1546156 3.3202584 1.5106366 1.5106366 5.0266066 6.152794 8.061168 3.0368826 3.0368826 3.0368826 3.0368826 2.0869355 2.0869355 2.0869355 8.061168 8.061168 8.061168 0.33254975 0.33254975 0.33254975 0.070456326 0.07045631 0.2185216 0.2185216 0.2185216 0.2185216 0.2185216 0.3325497 8.061168 8.061168 8.061168 5.0266066 6.152794 5.827422 6.4056005 6.036626 5.827422 5.0266066 4.816477 5.2758226 2.3777802 10.587001 8.061168 3.1546156 3.7282968 3.7606568 8.7392 6.168084 0.2185216 0.2185216 0.07045631 0.07045631 0.07045631 0.9394085
