Export/ASCII/RMeteo_SP_inch/impervious0/net_infiltration_2014_SP1_inch.asc
ncols         660
nrows         338
xllcorner     1476100.0
yllcorner     5017100.0
cellsize      100
NODATA_value  -9.9000000089461e-20
[rows 0 to 26 of 338, columns 366 to 426 of 660]
3.9486008 4.6045513 13.212112 0.9062586 0.9062586 0.7431047 4.6045513 4.6045513 12.680818 12.680818 12.680818 12.680818 9.00494 8.302776 8.302776 9.004939 4.6045504 4.6045504 4.6045504 4.6045504 5.5278006 3.9485993 4.60455 0.90625834 0.74310434 3.9485989 3.9485989 3.9485984 3.9485984 3.7567723 0.726927 0.726927 0.726927 3.7567723 3.7567723 3.7567723 4.2396502 4.2396502 4.23965 4.23965 4.23965 4.23965 3.7567713 0.72692674 0.8463607 0.8463607 0.8463607 4.239649 4.239649 4.2396483 4.2396483 0.84636045 0.72692657 0.72692657 0.7269265 0.7269265 0.7269265 0.7269265 0.7269264 0.7269264 0.7269264
3.9485724 4.604526 12.680752 0.9062523 0.7430974 0.7430974 0.9062523 0.90625215 12.68075 4.6045256 4.6045256 0.90625215 0.906252 0.7430973 0.906252 4.6045256 4.6045256 6.149912 6.149912 6.149912 6.149912 0.800718 4.604525 4.604525 5.5277643 3.948571 3.948571 3.9485707 3.9485707 3.7567465 3.756746 0.7269203 0.7269203 3.756746 3.7567456 4.2396255 4.2396255 4.239625 4.239625 4.239625 4.239625 4.239625 0.7269201 0.72692007 0.84635437 0.84635425 0.84635425 4.2396245 3.756744 3.756744 3.756744 3.7567437 0.7269199 0.7269199 0.72691983 0.7269198 0.7269198 0.7269198 0.7269197 0.7269197 0.7269197
3.9485438 4.604501 11.886635 4.604501 4.604501 0.9062459 0.9062459 0.9062459 12.680684 4.6045003 4.6045003 0.9062457 0.7430903 0.7430903 0.7430903 4.6045003 4.6045 6.1498814 6.1498814 6.1498814 0.90624565 0.90624565 0.90624565 0.90624565 5.527729 4.6044993 4.6044993 4.6044993 3.9485424 3.7567184 3.7567184 3.7567184 3.7567184 4.2395997 4.2395997 4.239599 4.239599 4.239599 0.84634805 0.84634805 0.72691333 0.72691333 0.7269133 0.7269132 0.8463479 0.8463479 0.8463479 4.2395988 3.756717 3.756717 3.7567167 5.2098913 0.726913 0.726913 0.726913 0.726913 0.726913 0.7269129 0.72691286 0.72691286 0.72691286
4.6044755 4.6044755 4.6044755 4.604475 4.604475 0.9062396 0.9062396 9.004807 9.004807 0.9062396 0.9062396 0.9062396 0.7430832 0.7430832 0.7430832 0.9062395 0.9062395 0.9062395 9.004807 6.149847 6.149847 6.149847 6.149847 6.149847 6.149847 6.149847 6.149847 4.604474 4.604474 3.7566903 3.7566903 3.7566903 3.7566903 4.2395744 4.239574 4.239574 11.03554 0.8463417 0.8463417 0.8463417 0.7269065 0.7269065 0.7269065 0.7269065 0.8463417 0.84634155 0.84634155 0.84634155 4.2395725 3.7566893 5.2098584 5.2098584 0.72690624 0.72690624 0.7269061 0.7269061 0.726906 0.726906 0.7269059 0.7269059 0.7269059
12.680549 12.680549 12.680549 4.6044497 4.6044497 0.9062332 0.9062332 12.680547 9.004766 0.9062332 0.9062332 0.9062332 0.9062332 0.906233 0.906233 0.7430759 0.7430758 0.7430758 9.0047655 6.1498165 6.1498156 6.1498156 6.1498156 6.1498156 6.1498156 6.1498156 13.211883 4.604449 4.604449 4.239549 4.239549 3.7566636 3.7566633 4.239549 4.239549 4.239549 11.035473 0.84633553 0.84633553 0.8463354 0.8463354 0.72689956 0.72689956 0.72689956 0.84633535 0.84633535 12.090251 4.239548 4.239548 3.7566621 5.2098246 10.737955 0.7268993 0.7268993 0.7268993 0.7268993 0.7268992 0.7268992 0.7268992 0.7268992 0.7268991
12.680481 12.680481 12.680481 0.9062269 0.9062269 0.9062269 0.9062269 4.604424 4.604424 4.604424 0.9062269 0.9062269 0.9062269 0.9062269 0.9062269 8.302534 9.00472 9.00472 9.00472 0.90622675 0.90622675 6.1497855 6.1497855 6.1497855 4.604424 4.604424 4.604424 4.6044235 4.6044235 4.2395234 4.2395234 0.72689307 3.7566357 4.2395234 0.8463291 8.235266 8.235265 8.235265 11.562704 0.84632903 0.8463289 0.8463289 0.8463289 0.8463289 0.8463289 5.6429806 5.6429806 5.6429806 11.562701 11.562701 0.7268926 0.7423014 5.2097898 3.756634 0.72689253 0.72689253 0.72689253 0.72689253 3.756634 0.7268925 0.7268925
0.9062207 0.9062207 0.9062207 1.0218018 0.9062207 0.9062207 0.9062207 4.604399 4.604399 4.604399 12.68041 12.68041 12.68041 9.004678 9.004678 6.1497526 6.1497526 6.1497526 6.1497526 6.1497526 0.90622044 0.90622044 6.1497526 0.90622044 4.6043987 5.2592115 3.9484286 3.9484286 3.9484286 4.2394977 4.2394977 0.72688633 0.7268863 0.84632266 0.84632266 8.235222 8.235222 8.235222 8.235222 0.84632266 0.84632266 0.84632266 0.84632266 0.84632266 0.84632254 4.239496 5.64295 5.64295 11.562633 11.562633 5.64295 4.2394958 4.2394958 4.2394958 3.7566068 0.72688574 0.7268856 0.7268856 0.7268856 3.7566066 3.7566063
0.9062145 0.9062145 0.7430548 0.9062145 0.9062145 0.90621436 0.90621436 6.1497226 0.9062143 0.74305457 12.680344 13.211712 13.211712 12.680344 12.680344 6.1497216 0.90621406 0.906214 6.1497216 6.3865685 6.1497216 0.9062139 6.1497216 6.1497216 4.604373 4.604373 3.9484003 4.6043725 4.6043725 3.7565818 3.7565818 0.7268795 0.7268795 0.72687936 0.8463165 8.235178 8.235178 8.235178 8.235178 0.8463162 0.8463162 0.8463162 0.84631616 0.84631616 0.84631616 4.239472 11.562566 11.562566 4.239472 11.562566 5.642917 4.239472 4.239472 4.239472 4.2394714 0.7268788 0.7268788 0.7268788 0.7268788 0.7268788 0.72687876
0.906208 0.906208 0.906208 0.906208 0.906208 0.906208 0.906208 11.886237 3.9483726 3.9483724 3.9483724 13.211658 0.9062078 0.9062078 12.680277 6.149691 6.149691 0.9062077 13.128091 13.128091 12.680275 4.6043477 6.149689 6.149689 6.149689 4.6043477 4.604347 4.604347 4.604347 3.7565544 0.7268727 0.7268727 0.7268727 0.72687256 0.8463098 8.235135 8.235135 8.235135 8.235134 0.8463098 0.8463098 0.8463098 0.8463098 5.6428876 5.6428876 0.84630966 11.562497 11.562497 4.239446 4.239446 10.708292 4.2394457 0.8463096 4.2394457 4.2394457 0.7268722 0.7268722 0.7268721 0.7268721 0.7268721 3.7565525
0.90620166 0.90620166 0.90620166 0.90620166 0.90620166 0.90620166 0.90620166 3.948345 12.071404 3.9483447 3.9483447 0.90620154 0.90620154 4.6043234 4.6043234 6.1496587 6.1496587 6.1496587 12.680208 12.680208 12.680208 4.6043224 12.680208 6.1496587 6.6830654 4.6043224 4.604322 4.604322 4.604322 0.72686577 0.72686577 0.7268657 0.7268657 0.72686565 0.72686565 0.8463036 8.23509 8.23509 8.23509 4.2394214 0.8463036 11.5624275 0.8463036 0.8463036 0.8463036 4.239421 11.5624275 11.5624275 4.239421 4.239421 11.562426 4.239421 4.2394204 4.2394204 0.7268653 0.7268653 0.72686523 0.72686523 0.72686523 0.72686523 3.756525
4.604298 4.604298 0.9061954 0.9061954 0.9061954 0.9061953 1.0217769 3.9483154 0.75988907 12.071348 3.9483154 12.071348 4.604297 4.604297 4.604297 6.149628 6.149628 6.149627 12.680139 12.680139 12.680139 12.680137 12.680137 12.680137 12.680137 4.6042967 4.6042967 0.90619516 0.90619504 0.84629744 0.84629744 0.8462974 0.8462974 0.84629726 0.84629726 4.239396 0.84629726 11.562361 11.562359 11.562359 11.562359 11.562359 11.562359 0.84629726 0.84629726 4.2393956 4.2393956 0.84629726 0.84629726 4.2393956 11.562359 4.2393956 0.84629697 0.84629697 0.84629697 0.7268585 0.7268584 0.7268584 0.7268584 0.7268584 3.7564986
3.948288 4.6042733 4.6042733 4.6042733 4.6042733 4.6042733 4.6042733 12.680073 12.071291 12.48925 12.071291 4.06247 12.680073 12.680073 6.1495957 6.149595 12.680073 12.680072 12.680072 12.680072 12.680072 12.680072 12.680072 12.680072 4.6042714 4.6042714 4.6042714 4.6042714 0.7430259 0.846291 0.846291 11.562294 11.562294 11.562294 11.562294 0.846291 0.8462909 11.562294 11.562294 11.562294 11.562294 11.562292 11.562292 11.562292 4.23937 4.23937 0.84629065 0.72685206 0.84629065 0.84629065 11.562292 0.84629065 0.84629065 0.8462905 0.8462905 0.8462905 0.7268518 0.7268518 0.7268518 0.7268517 3.75647
3.9482596 4.604248 4.604248 4.604248 4.6042476 4.6042476 4.6042476 12.680005 4.6042476 4.0727735 13.683329 6.149564 6.149564 13.211428 12.680005 12.680003 12.680003 12.680003 12.680003 12.680003 12.680003 12.680002 12.680002 4.604246 4.604246 3.9482586 3.9482582 4.604246 0.90618235 0.8462847 5.6427603 11.562225 11.562225 11.562223 11.562223 11.562223 11.562223 11.562223 11.5622225 11.5622225 11.5622225 11.5622225 11.5622225 11.5622225 4.2393446 4.2393446 0.7268451 0.7268451 0.7268451 0.84628445 0.84628445 0.84628445 0.8462844 4.2393446 0.8462843 0.8462843 0.84628403 0.84628403 0.84628403 0.72684485 0.72684485
3.5127294 3.5127294 3.7094393 3.9854627 3.9854627 3.9854627 3.9854627 10.9407015 10.9407015 3.512729 5.321809 5.321809 5.321809 0.79049796 5.321809 5.321809 10.9407 10.9407 10.9407 10.940698 10.940698 10.940698 3.985462 3.9854617 3.9854617 3.9854615 3.5127275 3.9854612 3.985461 3.7871234 3.787123 3.787123 10.282285 10.282285 10.282285 10.282283 10.282283 10.282283 9.833159 9.833159 9.833158 10.282281 10.282281 10.282281 3.7871222 3.7871222 0.6550074 0.6550074 0.6550074 0.6550073 0.6550073 0.6550073 0.6550073 3.3766944 3.3766944 3.7871215 3.7871215 0.7584686 3.7871215 0.7584686 0.7584686
3.5127013 3.5127013 3.5127013 3.5127013 3.9854362 10.940637 10.109478 10.940637 10.940635 3.5127008 0.79049134 0.79049134 0.79049134 0.79049134 5.3217754 0.7904913 10.940633 10.940633 10.940633 10.940633 10.948035 3.985435 3.985435 3.985435 3.985435 3.985435 3.5126991 3.5126991 3.985435 3.7870977 3.7870977 3.7870977 10.282219 3.7870972 3.7870972 10.282219 10.282217 10.282217 9.833096 9.833096 9.833096 10.282217 10.282217 10.282217 3.7870963 3.7870963 0.65500027 0.65500027 0.65500027 0.65500027 0.65500027 0.65500027 0.65500027 3.376665 3.376665 3.7870958 3.7870958 3.7870958 3.7870958 3.3766649 0.7584622
3.5126731 3.5126731 3.5126731 3.5126731 3.9869814 0.7904849 0.7904849 10.94057 0.7904848 10.940568 0.79048467 0.79048467 0.79048467 0.79048467 0.79048467 0.79048467 10.940568 10.940568 10.940568 10.940566 10.940566 3.9854088 3.5126712 3.9854085 3.9854085 0.79048455 0.79048455 0.6756867 3.5126703 3.3766398 3.7870724 3.7870724 3.7870724 3.787072 3.787072 3.787072 10.28215 10.28215 9.83303 3.787072 3.7870715 0.75845623 3.7870715 3.7870712 3.787071 3.787071 0.6549932 0.7584562 0.7584562 3.3766375 3.3766375 3.3766372 3.3766372 3.3766372 3.3766372 3.3766372 3.3766372 3.3766372 3.376637 3.376637 3.78707
3.985384 3.985384 3.985384 3.985384 3.985384 0.7904784 0.7904784 10.9405 0.7904784 0.7904784 5.321711 5.321711 0.79047835 0.79047835 0.6756796 0.79047835 10.9405 10.9405 0.7904783 0.7904783 3.9853828 3.9853828 3.512643 3.9853828 3.9853828 0.7904782 0.9379328 0.6756794 0.6756794 3.3766117 3.787046 3.787046 3.7870457 3.7870455 3.7870455 3.7870455 10.282084 10.282084 10.282084 3.787045 3.787045 0.75844973 3.787045 3.7870448 3.7870448 3.7870448 3.37661 3.7870448 3.7870448 3.3766093 3.3766093 0.6549861 0.75844944 3.376609 3.3766086 3.3766086 3.3766086 3.3766086 3.3766086 3.3766081 3.7870438
3.9853575 10.940433 10.940433 10.940433 0.79047173 0.79047173 0.79047173 0.79047173 0.79047173 0.6756727 4.8886585 4.8886585 5.321677 0.79047173 0.7904717 0.7904717 10.940433 10.940433 0.79047155 0.67567253 3.9853566 3.9853566 3.5126143 3.5126143 3.5126143 3.512614 0.67567253 0.6756724 0.6756724 3.3765833 3.376583 3.7870212 3.787021 3.787021 3.787021 3.787021 5.0361314 3.787021 3.787021 3.787021 5.0361314 5.036131 0.75844336 3.7870207 3.7870207 3.7870202 3.7870202 3.7870202 3.78702 3.3765817 0.6549792 0.7584432 0.7584432 0.65497917 3.3765817 3.3765814 3.3765814 3.3765814 3.3765814 3.3765814 3.3765814
3.9853313 10.940367 10.940367 10.940367 10.109208 0.79046524 0.79046524 0.79046524 0.7904652 0.6756656 0.67566556 5.321644 5.321644 0.7904652 10.940367 10.940367 3.9853308 3.9853308 3.9853306 0.67566544 3.5125852 3.512585 3.512585 3.512585 3.512585 3.512585 3.512585 3.512585 3.512585 3.3765552 3.376555 3.376555 3.7869947 3.7869945 3.7869945 3.7869945 4.6748075 3.376555 3.7869942 3.7869942 3.7869942 3.7869942 10.800739 10.800739 3.7869937 3.7869937 3.7869937 3.7869937 0.65497214 0.65497214 0.65497214 0.7584366 0.75843656 0.65497214 0.654972 3.3765535 3.3765535 3.3765535 3.3765535 3.3765535 3.3765533
10.940302 10.940302 10.940302 10.940302 10.109144 0.7904586 0.79045856 0.79045856 0.7904585 0.6756585 3.512558 3.9853046 3.9853046 0.79045844 10.940297 10.940297 3.9853044 3.9853044 3.9853044 0.67565835 0.67565835 3.5125575 3.5125575 3.5125575 3.5125575 3.5125575 3.5125575 3.5125573 3.5125573 3.3765273 3.3765266 3.3765266 3.786969 3.786969 3.3765264 3.3765264 3.3765264 3.376526 3.376526 3.7869682 3.7869682 3.7869682 3.7869682 3.7869682 3.7869682 3.7869682 3.3765259 3.3765259 0.6549652 0.6549651 0.6549651 0.6549651 0.75843024 0.6549651 0.6549651 3.3765252 3.3765252 3.3765247 3.3765247 3.3765247 3.3765244
10.940234 10.940234 0.7904521 0.7904521 0.790452 0.790452 0.67565143 0.67565143 0.67565125 0.67565125 3.9852784 3.9852784 3.9852784 0.7904518 10.940229 10.940229 3.985278 3.985278 3.985278 3.985278 3.5125296 3.5125296 3.5125294 3.5125291 3.5125291 3.5125291 3.5125291 3.512529 3.512529 3.3764987 3.3764987 3.3764987 3.3764982 3.3764982 3.3764982 3.376498 3.376498 3.376498 3.376498 3.7869437 3.7869434 3.7869434 3.7869432 3.786943 3.786943 3.3764975 3.3764975 3.3764975 0.6549582 0.6549582 3.3764968 0.6549582 0.6549581 0.6549581 3.3764968 3.3764968 3.3764968 3.3764966 3.3764963 3.3764963 3.786942
10.940166 10.940166 10.940166 0.7904457 0.7904457 0.79044557 0.79044557 0.7904455 3.9852529 3.9852526 3.9852526 3.9852526 11.469973 10.9401655 10.9401655 10.9401655 10.940164 3.9852517 3.9852517 3.9852517 3.512501 3.512501 3.512501 3.512501 3.512501 3.512501 3.512501 3.512501 3.512501 3.3764708 3.3764708 3.3764708 0.65495133 3.3764706 3.3764706 3.3764706 3.3764706 3.3764703 3.3764703 3.3764703 3.786917 3.786917 3.7869167 3.3764699 3.3764699 3.3764699 3.3764696 3.3764696 3.3764691 3.3764691 3.3764691 0.6549509 0.6549509 3.376469 3.376469 3.7869163 3.7869163 3.7869163 3.3764687 3.786916 0.7584173
5.321514 5.321513 10.940101 10.940101 0.7904389 0.7904389 0.8956863 0.7904389 3.9852257 3.9852257 5.321513 5.321513 0.7904389 10.940099 10.940099 10.940099 10.940099 3.9852257 3.9852254 3.9852254 3.5124729 3.5124729 3.5124729 3.5124729 3.5124726 3.5124726 3.5124726 3.5124724 0.6756369 0.6549443 0.6549443 3.3764422 0.6549443 0.7584113 0.7584113 3.3764415 3.3764415 3.3764415 3.7868917 3.7868917 3.7868917 3.7868917 3.7868917 3.7868915 3.3764412 3.3764412 3.3764412 3.3764412 3.376441 3.376441 3.376441 3.376441 3.376441 3.3764408 3.3764405 3.7868905 3.7868905 3.7868905 3.37644 3.7868905 3.7868903
5.3214808 5.3214808 10.940032 10.940032 0.79043233 0.7904323 0.7904323 10.108873 0.7904322 0.7904322 0.7904322 5.32148 0.7904322 0.7904322 10.94003 10.94003 11.381027 3.9851995 3.985199 3.985199 0.79043216 0.6756298 3.5124443 3.5124443 3.5124435 3.5124435 3.5124435 0.67562973 0.67562973 0.6549375 0.6549375 0.6549374 0.6549374 0.75840485 0.75840485 3.376414 3.376414 3.7868657 3.7868657 3.7868655 3.7868655 0.7584047 0.7584047 0.7584047 3.7868655 3.7868655 3.376413 3.3764129 3.3764129 3.3764129 3.3764129 3.3764129 3.3764129 3.3764126 3.7868652 3.7868652 3.7868652 5.035936 3.7868645 3.7868645 3.7868645
10.939963 10.939963 10.939963 10.939963 10.108807 10.108807 10.108807 10.939963 0.7904256 0.7904256 0.7904256 10.939963 10.939963 10.939963 10.939963 10.939963 11.380964 11.380964 3.9851727 0.7904255 0.7904255 0.6756229 0.6756229 3.5124161 3.512416 3.5124156 0.67562276 0.67562276 0.67562276 0.6549303 0.6549303 0.6549303 0.7583984 0.7583984 3.7868407 3.3763862 3.3763862 3.78684 3.78684 5.035905 5.035905 0.75839835 0.75839835 0.75839835 3.7868397 3.7868397 3.3763855 3.3763855 3.3763852 3.3763852 3.376385 3.3763847 3.7868397 3.7868397 3.7868397 3.7868397 3.7868395 5.035904 3.7868395 3.7868395 7.3469076
3.985148 3.985148 3.985148 10.939898 10.10874 0.7904191 10.398721 10.398721 3.9851477 0.79041904 0.79041904 11.46974 10.939898 10.939898 11.380899 11.380899 11.380899 0.79041904 3.9851468 0.79041904 0.6756158 0.6756158 0.6756158 3.5123873 3.5123873 3.5123873 0.6756158 0.67561567 0.67561567 0.6549233 0.6549233 3.3763576 3.7868145 0.758392 3.7868145 3.7868145 3.7868145 3.7868145 3.7868145 3.7868145 10.710881 5.0358734 5.0358734 0.7583918 3.786814 3.786814 3.376357 3.376357 3.376357 3.376357 3.3763568 3.3763566 3.7868135 3.7868135 3.7868133 0.75839156 0.75839156 0.75839156 5.0358725 5.0358725 10.710878
3.9851213 3.9851208 3.9851208 0.7904125 0.7904125 0.7904125 10.398657 10.398657 10.939828 3.9851203 5.321381 11.469683 10.939828 10.939826 0.7904125 0.79041237 0.79041237 0.79041237 3.9851203 3.98512 3.5123591 3.5123591 3.512359 3.512359 3.512359 3.512359 3.5123587 3.5123584 3.5123584 3.3763301 3.3763301 3.37633 0.6549163 0.7583856 0.7583856 3.7867885 3.7867885 3.3763297 3.7867885 10.28143 10.28143 5.0358415 5.035841 10.28143 10.28143 3.786788 3.786788 3.3763287 3.3763287 3.3763287 3.3763287 3.786788 3.786788 3.7867877 3.7867877 0.65491587 0.75838524 0.75838524 5.0358396 5.0358396 5.0358396
