Export/ASCII/RMeteo_SP_inch/impervious0/net_infiltration_2018_SP2_inch.asc
ncols         660
nrows         338
xllcorner     1476100.0
yllcorner     5017100.0
cellsize      100
NODATA_value  -9.9000000089461e-20
[rows 234 to 259 of 338, columns 590 to 648 of 660]
1.3760753 1.3760753 1.3760753 1.3760753 1.3760753 2.3931246 2.3931246 2.3931246 2.1029015 0.94644105 1.1230747 1.2247945 1.2247945 1.2247945 1.2247945 1.2247945 1.2247945 1.2247945 1.2247945 1.2247945 1.224794 1.2247936 1.2247936 1.2247926 1.2247926 1.05364 1.2247926 1.2247926 1.2247926 1.2247926 1.05364 1.2247926 1.05364 1.2247926 1.2247926 1.2247921 1.2247921 1.2247921 1.2247921 1.2247921 1.2247921 1.1747108 1.0050716 1.0050716 1.0050712 1.0050712 1.0050712 1.0050712 1.0050712 1.0050707 1.0050707 1.0050702 1.0050702 1.0050702 1.0050702 1.0050702 1.0050697 1.0050688 1.0050683
1.3760693 1.3760693 1.3760691 1.3760691 1.3760691 2.3931177 2.3931174 2.3931172 2.3931172 0.9464351 1.1230608 1.2247797 1.2247797 1.2247797 1.2247797 1.2247792 1.2247792 1.2247788 1.2247788 1.2247788 1.2247788 1.2247783 1.0536305 1.2247783 1.2247783 1.2247783 1.2247783 1.2247783 1.2247783 1.2247783 1.2247778 1.2247778 1.2247773 1.2247773 1.2247773 1.2247773 1.2247773 1.2247773 1.2247773 1.2247773 1.2247773 1.1746907 1.0050569 1.0050569 1.0050569 1.0050569 1.0050569 1.0050569 1.0050569 1.0050569 1.0050569 1.0050569 1.0050564 1.0050564 1.0050559 1.0050559 1.0050554 1.0050554 1.0050554
2.393109 1.3760629 1.3760629 1.3760629 1.3760624 1.3760624 2.393109 2.393109 2.393109 0.9464296 1.0536214 1.0536214 1.2247645 1.0536209 1.2247645 1.0536209 1.0536209 1.0536209 1.0536209 1.0536209 1.0536209 1.224764 1.224764 1.0536205 1.0536205 1.224764 1.0536205 1.0536205 1.224764 1.0536205 1.224764 1.224764 1.0536205 1.224764 1.224764 1.0536205 1.224764 1.0536205 1.224764 1.224764 1.05362 1.1746726 1.005043 1.005043 1.005043 1.005043 1.005043 1.005043 1.005043 1.005043 1.0050421 1.0050421 1.0050416 1.0050416 1.0050416 1.0050416 1.0050416 1.0050416 1.0050406
2.3931017 1.3760571 1.3760571 1.3760571 1.3760571 2.3931017 2.3931017 2.3931017 2.3931017 1.0195009 1.1230346 1.2247516 1.2247516 1.2247516 1.2247516 1.2247516 1.0536119 1.2247511 1.2247511 1.2247511 1.2247511 1.2247511 1.2247511 1.2247511 1.2247511 1.2247511 1.2247511 1.2247511 1.2247506 1.2247506 1.0536109 1.2247502 1.2247502 1.2247502 1.2247502 1.2247502 1.2247502 1.2247502 1.2247502 1.2247492 1.2247487 1.1746526 1.0050278 1.0050278 1.0050278 1.0050273 1.0050273 1.0050273 1.0050273 1.0050273 1.0050273 1.0050273 1.0050268 1.0050268 1.0050268 1.0050268 1.0050268 1.0050268 1.0050268
2.3930936 2.3930936 1.3760505 2.3930936 2.3930936 2.3930936 2.3930936 2.3930936 2.3930933 2.3930933 1.3760505 1.0536023 1.2247363 1.2247363 1.2247363 1.0536019 1.2247359 1.2247359 1.2247359 1.2247354 1.2247354 1.2247349 1.2247349 1.2247349 1.2247349 1.2247349 1.2247349 1.2247349 1.2247349 1.2247344 1.2247344 1.2247344 1.2247344 1.2247344 1.2247344 1.2247344 1.2247344 1.2247344 1.2247344 1.2247344 1.224734 1.174634 1.0050135 1.0050135 1.0050135 1.0050135 1.0050135 1.0050135 1.0050135 1.0050135 1.005013 1.005013 1.0050125 1.0050125 1.0050125 1.0050125 1.005012 1.005012 1.005012
2.3930857 2.3930857 1.3760448 2.3930857 2.3930855 2.3930855 2.3930855 2.3930855 2.3930852 2.3930852 2.3930852 1.0535928 1.224723 1.224723 1.224723 1.224723 1.224723 1.224723 1.0535923 1.2247225 1.2247225 1.2247225 1.2247225 1.2247225 1.2247225 1.224722 1.224722 1.224722 1.224722 1.2247216 1.2247216 1.2247211 1.2247211 1.2247211 1.2247211 1.2247206 1.0535904 1.2247206 1.2247206 1.0535904 1.2247196 1.1746154 1.0049996 1.0049996 1.0049996 1.0049996 1.0049996 1.0049992 1.0049992 1.0049992 1.0049992 1.0049992 1.0049992 1.0049992 1.0049987 1.0049987 1.0049987 1.0049987 1.0049987
2.3930783 2.3930783 1.3760388 2.393078 2.393078 2.393078 2.3930779 2.3930779 2.3930779 2.3930779 2.3930779 1.0535828 1.2247072 1.2247068 1.0535823 1.0535823 1.2247068 1.0535823 1.2247068 1.0535823 1.2247068 1.0535823 1.0535823 1.2247063 1.0535818 1.2247063 1.2247063 1.2247058 1.2247058 1.2247058 1.2247058 1.0535814 1.0535814 1.2247058 1.0535814 1.2247058 1.2247053 1.2247053 1.2247053 1.0535809 1.2247049 1.1745968 1.0049849 1.0049849 1.0049849 1.0049849 1.0049844 1.0049844 1.0049844 1.0049844 1.0049844 1.0049844 1.0049844 1.0049844 1.0049844 1.0049844 1.0049844 1.0049844 1.0049834
2.3930707 2.3930707 1.3760331 1.3760331 2.3930707 2.3930707 2.3930707 2.3930705 2.39307 2.39307 2.39307 2.39307 1.0535728 1.224693 1.224693 1.224693 1.224693 1.224693 1.224693 1.224693 1.224693 1.2246925 1.2246925 1.2246925 1.224692 1.224692 1.224692 1.224692 1.2246915 1.2246915 1.224691 1.224691 1.224691 1.224691 1.224691 1.224691 1.224691 1.224691 1.224691 1.224691 1.0535704 1.1745777 1.0049706 1.0049706 1.0049706 1.0049706 1.0049706 1.0049701 1.0049701 1.0049696 1.0049696 1.0049696 1.0049696 1.0049696 1.0049696 1.0049696 1.0049696 1.0049696 1.0049686
2.3930626 2.3930626 1.3760269 1.3760269 1.3760269 2.3930626 2.3930626 2.3930626 2.393062 2.393062 2.393062 2.393062 1.0535609 1.2246772 1.2246772 1.0535609 1.2246772 1.0535609 1.2246767 1.2246767 1.2246767 1.2246767 1.2246767 1.2246767 1.2246767 1.2246767 1.2246763 1.2246763 1.0535604 1.2246763 1.2246763 1.2246763 1.2246763 1.2246763 1.2246763 1.2246758 1.2246748 1.2246748 1.2246748 1.2246748 1.2246748 1.1745572 1.0049553 1.0049553 1.0049548 1.0049548 1.0049548 1.0049548 1.0049548 1.0049548 1.0049548 1.0049548 1.0049548 1.0049543 1.0049543 1.0049543 1.0049539 1.0049539 1.0049539
2.3930554 2.3930554 2.3930552 1.3760204 1.3760204 2.393055 2.393055 2.393055 2.393055 2.3930547 2.3930545 2.3930545 1.0535518 1.2246629 1.2246624 1.2246624 1.2246624 1.2246624 1.2246624 1.2246624 1.2246624 1.2246624 1.2246624 1.2246624 1.2246624 1.2246624 1.2246624 1.2246624 1.2246624 1.2246624 1.224662 1.224662 1.224662 1.224662 1.224662 1.224662 1.224662 1.224662 1.224662 1.2246615 1.224662 1.1745396 1.0049415 1.0049415 1.0049415 1.004941 1.0049405 1.0049405 1.0049405 1.0049405 1.00494 1.00494 1.00494 1.00494 1.00494 1.0049396 1.0049396 1.0049396 1.0049396
2.3930464 1.3760147 1.3760147 1.3760142 1.3760142 2.3930461 2.3930461 2.3930461 2.3930461 2.3930461 2.3930461 2.3930461 1.0535423 1.2246491 1.2246491 1.0535423 1.2246491 1.2246486 1.2246486 1.2246486 1.2246486 1.2246486 1.2246486 1.0535418 1.2246476 1.2246476 1.2246476 1.0535408 1.2246472 1.2246472 1.2246472 1.2246472 1.2246472 1.2246472 1.2246472 1.2246467 1.2246467 1.2246467 1.2246467 1.2246467 1.2246467 1.17452 1.0049267 1.0049267 1.0049262 1.0049262 1.0049262 1.0049262 1.0049262 1.0049262 1.0049262 1.0049262 1.0049262 1.0049262 1.0049262 1.0049257 1.0049257 1.0049253 1.0049253
1.3760087 1.3760087 1.3760087 1.3760085 1.3760085 2.393039 2.393039 2.393039 2.3930387 2.3930385 2.3930385 2.3930385 1.0535322 1.2246343 1.2246343 1.2246343 1.2246343 1.2246343 1.2246343 1.2246343 1.2246343 1.2246343 1.2246343 1.2246338 1.2246338 1.2246338 1.2246338 1.2246338 1.2246333 1.2246333 1.2246333 1.2246333 1.2246333 1.2246324 1.2246324 1.2246324 1.2246324 1.2246324 1.2246324 1.2246319 1.2246319 1.1745014 1.0049129 1.0049129 1.0049129 1.0049129 1.0049129 1.0049124 1.0049124 1.0049124 1.0049124 1.0049119 1.0049119 1.0049119 1.0049119 1.0049119 1.0049114 1.004911 1.004911
1.3760014 1.3760014 1.3760014 1.3760014 1.3760014 1.3760014 2.393031 2.393031 1.03985 1.03985 2.393031 2.393031 1.0535218 1.2246195 1.2246195 1.2246195 1.2246195 1.2246195 1.224619 1.224619 1.224619 1.224619 1.224619 1.224619 1.224619 1.224619 1.224619 1.224619 1.224619 1.224619 1.224619 1.2246181 1.2246181 1.2246176 1.2246176 1.2246176 1.2246176 1.0535208 1.0535208 1.0535208 1.0535208 1.0048985 1.0048985 1.0048981 1.0048981 1.0048981 1.0048981 1.0048976 1.0048976 1.0048971 1.0048971 1.0048966 1.0048966 1.0048966 1.0048966 1.0048966 1.0048966 1.0048966 1.0048966
1.3759956 1.3759956 1.3759956 2.393024 2.393024 1.3759956 1.3759956 0.8193118 1.0398443 1.0398442 2.3930244 0.9463676 1.1229011 1.2246057 1.2246057 1.2246057 1.2246057 1.2246057 1.2246052 1.2246057 1.2246057 1.2246052 1.2246052 1.2246052 1.2246052 1.2246052 1.2246052 1.2246052 1.2246052 1.2246047 1.2246047 1.2246042 1.2246042 1.2246042 1.2246042 1.2246042 1.2246042 1.2246042 1.2246042 1.2246042 1.2246042 1.1744637 1.0048842 1.0048838 1.0048838 1.0048838 1.0048838 1.0048838 1.0048838 1.0048838 1.0048838 1.0048838 1.0048838 1.0048838 1.0048838 1.0048838 1.0048838 1.0048838 1.0048838
1.3759899 1.3759894 2.3930154 2.3930154 2.3930154 2.3930154 1.3759894 2.3930154 2.3930154 2.3930154 2.3930154 1.3759892 1.0535027 1.2245909 1.2245904 1.2245904 1.2245904 1.2245904 1.2245904 1.22459 1.22459 1.22459 1.22459 1.22459 1.22459 1.22459 1.22459 1.22459 1.22459 1.22459 1.22459 1.22459 1.22459 1.22459 1.22459 1.224589 1.224589 1.224589 1.224589 1.224589 1.224589 1.1744437 1.0048695 1.0048695 1.0048695 1.004869 1.004869 1.004869 1.0048685 1.0048685 1.004868 1.004868 1.004868 1.004868 1.004868 1.004868 1.004868 1.0048676 1.0048676
1.375984 1.375984 2.393008 2.393008 2.393008 2.393008 2.393008 2.393008 2.393008 1.0398327 1.0398327 2.393008 1.0534927 1.2245766 1.2245766 1.2245761 1.2245756 1.2245752 1.2245752 1.2245752 1.2245752 1.2245752 1.2245752 1.0534912 1.2245752 1.2245752 1.0534908 1.2245742 1.2245742 1.2245742 1.2245742 1.2245742 1.2245742 1.2245742 1.2245742 1.2245742 1.2245742 1.2245742 1.2245742 1.2245733 1.2245728 1.1744256 1.0048552 1.0048552 1.0048552 1.0048552 1.0048552 1.0048547 1.0048547 1.0048547 1.0048547 1.0048547 1.0048547 1.0048547 1.0048542 1.0048542 1.0048542 1.0048542 1.0048532
1.3759775 1.3759775 2.3930001 2.393 2.393 2.393 2.393 2.393 2.393 2.393 2.393 2.3929994 1.0534822 1.2245609 1.2245609 1.2245609 1.2245609 1.2245609 1.2245609 1.2245609 1.2245604 1.2245604 1.0534817 1.2245604 1.2245604 1.2245599 1.2245599 1.2245599 1.2245599 1.2245599 1.2245599 1.2245599 1.2245599 1.2245594 1.224559 1.224559 1.2245585 1.2245585 1.2245585 1.2245585 1.2245585 1.1744046 1.0048399 1.0048399 1.0048394 1.0048394 1.0048394 1.0048394 1.0048394 1.0048394 1.0048394 1.004839 1.004839 1.004839 1.0048385 1.0048385 1.0048385 1.0048385 1.0048385
1.3759716 1.3759716 2.392992 2.392992 2.392992 2.392992 2.392992 2.392992 1.3759713 1.3759713 2.392992 2.392992 1.3182138 1.112332 1.2245466 1.2245466 1.2245466 1.2245466 1.2245461 1.2245461 1.2245461 1.2245461 1.2245461 1.2245461 1.2245456 1.2245456 1.2245456 1.2245451 1.2245451 1.2245451 1.2245451 1.2245446 1.2245442 1.2245442 1.2245442 1.2245442 1.2245442 1.2245442 1.2245442 1.2245442 1.2245442 1.1743875 1.0048265 1.0048265 1.0048261 1.0048261 1.0048261 1.0048261 1.0048256 1.0048256 1.0048256 1.0048251 1.0048251 1.0048251 1.0048251 1.0048251 1.0048251 1.0048251 1.0048251
1.3759661 1.3759656 2.392984 2.392984 2.392984 2.392984 2.392984 2.392984 1.3759656 1.3759656 1.3759656 1.3759651 1.3759649 1.0534626 1.2245327 1.2245327 1.2245327 1.2245327 1.2245322 1.2245322 1.2245322 1.2245322 1.2245322 1.2245318 1.2245318 1.2245313 1.2245313 1.2245303 1.2245303 1.2245303 1.2245303 1.0534612 1.0534612 1.2245303 1.2245303 1.0534612 1.2245303 1.2245299 1.0534607 1.2245294 1.2245294 1.1743684 1.0048122 1.0048118 1.0048118 1.0048113 1.0048113 1.0048113 1.0048113 1.0048113 1.0048113 1.0048113 1.0048113 1.0048103 1.0048099 1.0048099 1.0048099 1.0048099 1.0048099
1.3759601 1.03981 0.8192843 2.3929768 1.3759596 2.3929768 2.3929768 2.3929768 2.3929768 1.3759596 1.3759596 1.3759596 1.3759596 1.0534521 1.2245175 1.2245175 1.2245175 1.2245175 1.2245175 1.2245175 1.2245175 1.2245175 1.2245175 1.2245175 1.2245175 1.2245175 1.2245175 1.224517 1.224517 1.224517 1.224517 1.2245165 1.2245165 1.2245165 1.2245165 1.0534512 1.0534512 1.224516 1.0534507 1.0534507 1.224516 1.1743498 1.0047965 1.0047965 1.0047965 1.0047965 1.0047965 1.0047965 1.0047965 1.0047965 1.0047965 1.0047965 1.0047965 1.0047965 1.0047965 1.0047965 1.0047965 1.004796 1.004796
1.0398046 1.0398045 0.8192799 2.3929684 2.1026602 1.3759534 2.3929684 2.3929684 2.3929684 1.3759534 1.3759534 1.3759534 1.3759534 1.0534431 1.2245036 1.2245032 1.2245032 1.2245027 1.2245027 1.2245027 1.2245027 1.2245022 1.2245022 1.0534416 1.2245017 1.2245017 1.2245017 1.2245017 1.2245017 1.2245013 1.2245013 1.2245013 1.2245013 1.2245013 1.2245013 1.2245013 1.2245013 1.2245013 1.2245013 1.2245013 1.2245013 1.1743312 1.0047841 1.0047841 1.0047836 1.0047832 1.0047832 1.0047832 1.0047827 1.0047827 1.0047827 1.0047827 1.0047827 1.0047827 1.0047827 1.0047827 1.0047822 1.0047822 1.0047822
1.0397987 1.0397986 0.8192752 2.1026478 2.1026483 2.1026483 1.375947 2.3929608 2.3929608 1.375947 1.375947 1.375947 1.375947 1.0534335 1.0534335 1.0534335 1.2244893 1.2244893 1.0534335 1.2244893 1.0534335 1.0534331 1.2244884 1.2244884 1.0534326 1.2244879 1.2244879 1.0534326 1.2244879 1.2244879 1.0534326 1.2244879 1.2244879 1.0534326 1.2244879 1.2244874 1.0534321 1.2244874 1.2244874 1.2244874 1.2244874 1.1743116 1.0047684 1.0047684 1.0047679 1.0047674 1.0047674 1.0047674 1.0047674 1.0047674 1.0047674 1.0047674 1.0047674 1.0047674 1.004767 1.004767 1.004767 1.004767 1.004767
2.1026363 0.8192707 2.5566268 2.5566266 2.3929527 2.3929524 2.3929524 2.3929524 2.3929524 1.3759413 1.3759408 1.3759403 0.9463173 1.1227804 1.224475 1.224475 1.224475 1.2244745 1.2244745 1.2244745 1.2244745 1.2244745 1.2244745 1.2244745 1.2244741 1.2244741 1.2244741 1.0534226 1.0534221 1.0534221 1.2244736 1.2244736 1.0534221 1.2244731 1.0534216 1.0534216 1.0534216 1.0534216 1.0534216 1.0534211 1.0534211 1.0047541 1.0047541 1.0047541 1.0047541 1.0047541 1.0047541 1.0047541 1.0047541 1.0047536 1.0047536 1.0047536 1.0047531 1.0047531 1.0047526 1.0047526 1.0047526 1.0047526 1.0047522
2.102624 0.81926614 2.3929458 2.3929458 2.3929458 2.392945 2.392945 2.392945 2.392945 1.3759348 1.3759348 1.3759348 1.3759348 1.053413 1.2244602 1.2244602 1.2244602 1.2244598 1.2244598 1.2244598 1.2244598 1.2244598 1.2244598 1.2244588 1.2244588 1.2244588 1.2244588 1.2244588 1.2244588 1.2244588 1.2244588 1.2244588 1.2244588 1.2244583 1.2244583 1.2244583 1.2244583 1.2244579 1.2244579 1.2244574 1.2244574 1.1742721 1.0047388 1.0047388 1.0047388 1.0047388 1.0047388 1.0047388 1.0047388 1.0047388 1.0047388 1.0047388 1.0047388 1.0047388 1.0047383 1.0047379 1.0047379 1.0047379 1.0047379
2.3929374 2.3929374 2.3929374 2.3929374 2.3929374 2.3929374 2.3929374 2.3929374 2.3929372 2.392937 2.392937 2.3929367 2.3929367 1.3759289 1.0534021 1.0534021 1.224444 1.224444 1.2244436 1.2244436 1.0534016 1.2244436 1.2244436 1.2244436 1.2244436 1.2244436 1.2244436 1.2244436 1.2244436 1.2244436 1.2244436 1.2244436 1.2244436 1.2244431 1.2244431 1.2244431 1.2244426 1.2244426 1.0534006 1.2244426 1.2244426 1.0047255 1.0047245 1.0047245 1.0047245 1.0047245 1.0047245 1.0047245 1.0047245 1.0047245 1.0047245 1.0047245 1.0047245 1.0047245 1.0047245 1.0047245 1.0047245 1.0047245 1.0047245
2.39293 2.39293 2.39293 2.39293 2.3929298 2.392929 2.392929 2.392929 2.392929 2.3929286 2.3929286 2.392929 2.392929 1.3759224 1.0533925 1.0533925 1.2244307 1.053392 1.053392 1.053392 1.053392 1.053392 1.053392 1.053392 1.0533916 1.2244297 1.2244297 1.2244297 1.2244297 1.0533911 1.0533911 1.2244288 1.0533911 1.0533911 1.0533911 1.0533911 1.2244288 1.2244288 1.2244283 1.0533906 1.0533906 1.1742349 1.0047102 1.0047102 1.0047102 1.0047102 1.0047102 1.0047102 1.0047102 1.0047102 1.0047102 1.0047102 1.0047097 1.0047097 1.0047097 1.0047097 1.0047097 1.0047097 1.0047092
