Export/ASCII/RMeteo_SP_inch/speranza1/RMeteo_2014_SP2_inch.asc
ncols         660
nrows         338
xllcorner     1476100.0
yllcorner     5017100.0
cellsize      100
NODATA_value  -9.9e-20
[rows 108 to 134 of 338, columns 120 to 179 of 660]
1.369066 1.3711689 0.76667166 1.369066 1.3711689 1.369066 1.369066 1.369066 1.369066 0.7666719 0.7666719 2.1145005 1.8700273 1.8700273 1.8700273 1.8700273 1.8700273 1.8700273 1.8700273 1.8700273 1.8700273 1.8700273 1.3690665 1.3690665 1.3690665 1.3690665 0.7666719 0.7666719 1.3690665 1.3690665 1.8700273 1.8700273 2.468788 2.468788 2.468788 2.468788 2.468788 2.468788 2.468788 2.468788 2.0115209 1.9607482 1.9607482 1.9607482 1.3825926 2.3838603 1.9607482 1.3825926 2.4372613 2.4372613 2.4372613 2.4372613 2.4372613 2.4372613 2.4372613 2.4372613 2.4372613 2.4372613 2.4372613 2.4372613
1.3690593 1.3690593 1.3690593 1.3690596 1.3690596 1.3690596 1.3690596 1.3690596 1.3690596 1.3690596 1.3690596 1.382844 1.3690596 1.3690596 1.6491714 1.8700197 1.8700197 1.8700197 1.8700197 1.8700197 1.8700197 1.8700197 1.3690596 1.3690596 1.3690596 1.3690596 1.3690598 1.8700197 1.757307 1.757307 0.7666652 0.7666652 0.7666652 0.7666652 1.8700197 1.8700197 1.8700197 1.8700197 1.8700197 1.8700197 1.3690598 1.3317704 1.3317704 1.3317704 1.3317704 1.9607412 1.9607412 1.3825856 1.3825856 2.4372518 2.4372518 2.4372518 2.4372518 2.4372518 2.4372518 2.4372518 2.4372518 2.4372518 2.4372518 2.4372518
1.3690524 1.3690524 1.3690524 1.3690524 1.3690524 1.3690524 1.3690524 1.3690524 1.3690524 1.3690524 1.3690524 0.76665854 0.76665854 1.6491644 1.6491644 1.870013 1.870013 1.6491644 1.6491644 1.870013 0.76665854 0.76665854 1.3690526 1.3690526 1.870013 1.870013 1.870013 1.870013 1.870013 0.7666588 0.7666588 0.7666588 0.7666588 0.7666588 1.870013 1.870013 1.870013 1.870013 1.3690526 1.3690526 1.3690526 1.3317637 1.3317637 1.3317637 1.3317637 1.3317637 1.3317637 1.3317637 1.8251777 1.8251777 1.8251777 1.8251777 1.8251777 1.8251777 1.8251777 2.4372427 2.4372427 2.4372427 2.4372427 2.4372427
1.3690455 1.3690455 1.3690455 1.3690455 1.3690455 1.3690455 1.3690455 0.76665115 1.3690455 1.3690455 0.76665115 0.76665115 0.76665115 0.76665115 0.76665115 0.76665115 0.76665115 0.76665115 0.76665115 0.76665115 0.76665115 0.76665115 1.3690455 1.8700054 1.8700054 1.8700054 1.8700054 1.8700054 1.6491575 0.7666514 0.7666514 0.76665163 1.3690457 1.3690457 1.8700061 1.8700061 1.8700061 1.8700061 1.369046 1.369046 1.369046 1.3317566 1.3317566 1.3317566 1.3317566 1.3317566 1.3317566 1.3317566 1.82517 1.82517 1.82517 1.82517 1.8251705 1.8251705 1.8251705 1.8251705 1.8251705 1.8251705 1.8251705 1.8251705
1.3690388 1.3690388 1.3690388 1.3690388 1.3690388 1.3690388 1.3690388 0.7666447 0.7666447 1.369039 1.369039 0.7666447 0.7666447 0.7666447 0.7666447 0.7666447 0.7666447 0.7666447 0.7666447 0.7666447 0.7666447 0.7666447 1.369039 1.8699982 1.8699982 0.76664495 0.76664495 0.76664495 0.76664495 0.76664495 0.76664495 0.7666452 1.3690393 1.3690393 0.7666452 1.8699982 1.8699982 1.3690393 1.3690393 1.3690393 1.3690393 1.3317497 1.3317497 1.3317497 1.3317497 1.3317497 1.3317497 1.3317497 1.3317497 1.8251631 1.8251631 1.9474597 1.8251631 1.8251631 1.8251631 1.8251631 1.8251631 1.8251631 1.8251631 1.8251631
1.3690317 1.3690317 1.3690317 1.3690319 1.3690319 1.3690319 1.8699903 1.8699903 1.6491432 1.3690319 1.3690319 0.76663756 0.76663756 0.76663756 0.76663756 0.7666378 0.7666378 0.7666378 1.7233105 1.7233105 1.7233105 1.3690324 1.3690324 0.7666378 0.7666378 1.3690324 1.3690324 0.7666378 0.76663804 0.76663804 0.76663804 1.3690324 1.3690324 1.3690324 1.3690324 1.3690324 1.8699911 1.8699911 1.3690324 1.3690324 0.76663804 0.74106264 0.74106264 1.3317432 1.3317432 1.3317432 1.825156 1.825156 1.825156 1.825156 1.825156 1.825156 1.825156 1.825156 1.825156 1.825156 1.825156 1.825156 1.825156 1.825156
1.369025 1.369025 1.369025 1.369025 1.369025 1.369025 0.76663065 1.8699832 1.3690252 1.3690252 0.7666309 1.649137 0.7666309 0.7666309 0.7666309 1.9660054 1.8699832 1.8699834 1.8699834 1.8699834 1.8699834 1.7233043 1.7233043 0.7666309 0.7666309 0.7666311 0.7666311 0.7666311 1.649137 1.649137 0.7666311 0.7666311 1.3690255 1.3690255 1.3690257 1.3690257 1.8699839 1.8699839 1.3690257 1.3690257 0.7666311 0.7410557 0.7410557 1.3317361 1.3317361 1.3317361 1.8251481 1.8251481 1.8251481 1.8251481 1.6087842 1.6087842 1.9474432 1.8251481 1.6087842 1.8251481 1.8251481 1.8251481 1.8251481 1.8251481
1.3690181 1.3690181 1.3690181 1.3690181 1.3690181 1.3690181 0.7666242 0.7666242 0.7666242 1.3690183 0.7666242 1.6491301 0.7666242 0.7666242 0.7666242 1.869976 1.9660004 1.9660004 1.869976 1.869976 1.869976 1.7232978 1.7232978 0.76662445 0.76662445 0.76662445 0.76662445 0.76662445 0.76662445 0.76662445 0.76662445 1.869976 1.869976 1.869976 1.3690183 1.3690183 1.869976 1.3690183 1.3690183 1.3690183 1.3690183 0.7410486 0.7410486 0.7410486 1.3317294 1.3317294 1.3317294 1.3317294 1.8251407 1.8251407 1.6087768 1.6087768 1.9474347 1.8251407 1.6087768 0.7410486 0.7410486 0.7410486 1.6087768 1.6087768
1.3690112 1.3690112 1.3690112 1.649123 1.3690112 1.3690112 0.7666168 0.7666168 0.7666168 1.8699679 1.8699679 1.9659954 0.7666168 0.7666168 0.7666168 1.8699679 1.9690055 1.9690055 1.8699679 1.8699679 1.8699679 1.8699679 1.8699679 1.8699679 1.8699679 0.7666173 0.7666173 0.7666173 0.76661754 0.76661754 0.76661754 1.3690116 1.3690116 1.8699679 1.3690116 1.3690116 1.3690116 1.3690116 1.3690116 1.3690116 0.76661754 0.7410414 0.7410414 0.7410414 1.3317218 1.3317218 1.3317218 1.3317218 1.8251336 1.8251336 1.8251336 1.9474258 1.9474258 0.7410414 0.7410414 0.7410414 0.7410414 0.7410414 1.6087697 0.7410414
1.3690042 1.3690042 1.8699598 1.7572405 1.3690045 1.3690045 0.7666104 0.7666104 0.7666104 1.8699601 1.8699601 1.9659902 1.9659902 1.9659902 1.7232838 1.8699605 1.8699605 1.872967 1.8699605 1.8699608 1.8699608 1.8699608 1.8699608 1.8699608 1.8699608 1.8699608 0.7666106 0.7666106 0.76661086 0.76661086 1.3690045 1.3690045 1.3690045 1.8699608 1.3690045 1.3690045 1.3690045 1.369005 1.369005 1.369005 0.7666111 0.7410345 0.7410345 0.7410345 1.9474182 1.8251264 1.8251264 1.3317149 0.74103475 0.74103475 0.74103475 0.74103475 0.74103475 0.74103475 0.74103475 0.74103475 0.74103475 0.74103475 0.74103475 0.74103475
1.368998 1.368998 1.368998 1.368998 1.7572324 1.7572324 0.7666037 0.7666037 1.8699536 1.8699536 1.8699536 1.8699536 1.8729572 1.6516242 1.6491098 1.8699539 1.8699539 1.8699539 1.8699539 1.8699539 1.8699539 1.8699539 1.8699539 1.8699539 1.8699539 0.7666037 0.7666037 0.7666037 0.7666037 0.7666037 0.7666037 1.368998 1.368998 1.368998 1.368998 1.368998 1.368998 1.368998 1.368998 1.368998 0.7666037 0.7410276 0.7410276 1.9474101 1.8251188 1.8251188 1.8251188 1.331708 1.8251188 0.74102783 0.74102783 0.7410281 0.7410281 0.7410281 0.7410281 0.7410281 0.7410281 0.7410281 0.7410281 1.8251188
1.3689907 0.7665968 1.3689907 1.3689907 1.3689907 1.6491024 1.6491024 0.7665968 1.8699458 1.3689909 1.8699458 1.8699458 1.8699458 1.6491027 1.6491027 1.8699458 1.8699458 1.8699458 1.8699458 1.8699458 1.8699458 1.8699458 1.8699458 1.8699458 1.3689909 1.3689909 0.7665968 0.7665968 1.3689909 1.8699462 1.8699462 1.8699462 1.3689909 1.6491027 1.3689909 1.3689909 1.3689909 1.3689909 1.3689909 1.3689909 1.3689909 0.7410207 0.7410207 1.8251112 1.8251112 1.3317013 1.3317013 1.3317013 0.7410209 1.3317013 1.3317013 0.7410209 0.7410209 0.7410209 0.7410209 0.7410209 0.7410209 0.7410209 0.7410209 1.8251114
0.7665899 0.7665899 1.368984 1.368984 0.7665899 0.7665899 0.7665899 1.6490958 1.368984 1.368984 1.8699386 1.8699391 1.8699391 1.9659759 1.8699391 1.8699391 1.8699391 1.8699391 1.8699391 1.8699391 1.6490958 1.368984 1.368984 1.9659759 1.368984 1.368984 1.8699391 1.368984 1.368984 1.368984 1.368984 1.8699391 1.8699391 1.649096 1.649096 1.368984 1.368984 1.368984 1.368984 1.368984 1.368984 1.3316944 1.3316944 0.74101377 0.74101377 1.3316944 1.3316944 1.3316944 0.74101377 1.3316944 1.3316944 1.8251045 1.8251045 0.741014 0.741014 0.741014 0.741014 0.741014 1.3316944 1.3316944
1.3689771 1.9659709 1.3689771 0.76658297 0.76658297 0.76658297 0.76658297 0.76658297 1.3689771 1.3689771 1.3689771 1.3689771 1.3689771 1.9689645 1.869931 1.869931 1.869931 1.869931 1.869931 1.869931 1.6490886 1.3689771 1.3689771 1.3710494 1.3689771 1.869931 1.869931 1.869931 1.869931 1.3689773 1.3689773 1.3689773 1.3689773 1.3689773 1.3689773 1.3689773 1.3689775 0.7665832 0.7665832 0.7665832 1.3689775 1.3316865 1.7288802 0.74100685 0.74100685 1.3316865 1.3316865 1.9473848 0.74100685 1.8250968 1.8250968 1.8250968 1.8250968 1.8250968 1.3316867 0.7410071 0.7410071 1.3316867 1.3316867 1.3316867
1.3689699 1.9689554 1.9659663 0.76657534 0.76657534 0.76657534 0.76657534 0.76657534 0.76657534 1.3689699 1.3689699 1.3689697 1.3689697 1.8729134 1.8699236 1.8699236 1.8699241 1.8699241 1.9659663 1.9659663 1.8699241 1.3689699 1.3689699 1.3689699 1.3689699 1.8699241 1.8699241 1.8699241 1.8699241 1.8699241 1.649082 1.649082 1.3689702 1.3689702 1.3689702 1.3689702 0.76657605 0.76657605 0.76657605 1.8699248 1.8699248 1.3316805 1.3316805 0.7410002 0.7410002 1.3316805 1.3316808 1.8250892 1.8250892 1.8250892 1.8250892 1.8250892 1.8250892 1.8250892 1.8250892 1.3316808 1.3316808 1.3316808 1.3316808 1.3316808
1.3689632 1.3710308 1.8699167 1.3689632 1.3689635 1.3689635 1.3689635 0.76656914 0.76656914 1.3689635 1.3689635 1.3689635 1.3689635 1.649075 1.8699167 1.8699167 1.8699167 1.8699167 1.6515751 1.649075 1.8699167 1.3689635 1.5974724 1.8699167 1.8699167 1.649075 1.649075 1.8699167 1.8699167 1.8699167 1.649075 1.649075 1.8699167 1.8699169 1.3689635 1.3689635 1.6490753 0.76656914 0.76656914 1.3689635 1.3689635 1.3316736 1.3316736 1.3316736 1.3316736 1.8250816 1.8250818 1.8250818 1.8250818 1.8250818 1.8250818 1.8250818 1.8250818 1.8250818 1.8250818 1.3316736 1.3316736 1.3316736 1.3316736 1.3316736
1.1902754 1.6320441 1.6320441 1.1902754 1.6694963 1.6694963 1.6694963 1.1902754 0.6734042 1.1902754 1.6320443 1.6320443 1.6320443 1.4263606 1.4263606 1.6320448 1.6320448 1.1902754 1.4032092 1.6320448 1.6320448 1.6320448 1.6320448 1.6320448 1.6320448 0.67340446 0.67340446 1.6320448 1.6320448 1.6320448 1.4263606 1.4263606 1.6320448 1.6320448 1.6320448 1.6320448 1.4263608 1.6320448 1.6320448 1.6320448 1.1902757 1.1854584 1.1854584 1.5722322 1.5722322 1.5722322 1.5722322 1.5722322 1.5722322 1.5722322 1.1854587 1.1854587 1.1854587 1.1854587 1.1854587 1.1854587 1.1854587 1.1854587 1.1854587 1.1854587
1.6320379 1.6320379 1.1902697 1.1902697 1.6694887 0.6733985 0.6733985 0.6733985 0.6733985 1.19027 1.6320379 1.6320379 1.6320379 1.6320379 1.6320379 1.6320379 1.6320379 1.19027 1.4032025 1.6320381 1.6320381 0.67339873 0.67339873 0.67339873 0.67339873 0.67339873 0.67339873 1.6320381 1.6320381 1.6320381 1.6320381 1.6320381 1.6320381 1.6320381 1.6320381 1.6320381 1.4263544 1.6320381 1.6320381 1.6320381 1.19027 1.1854529 1.1854529 1.5722263 1.1854529 1.1854529 1.1854529 1.1854529 1.1854529 1.1854529 1.1854529 1.1854529 1.401087 1.401087 1.1854529 1.401087 1.401087 1.1854529 1.5722263 1.4492304
1.6320322 1.6320322 1.6320322 1.1902635 1.6320322 0.67339206 0.67339206 0.67339206 0.67339206 0.67339206 1.1902635 1.516664 1.516664 1.5166643 1.6320322 1.6320322 1.6320322 1.6320322 1.6320322 1.1902637 0.6733923 0.6733923 0.6733923 0.6733923 1.1902637 1.6320322 0.6733923 1.6320322 1.6320322 1.6320322 1.6320322 1.6320322 1.6320322 1.6320322 1.6320322 1.6320322 1.4263484 1.6320322 1.6320322 1.1902637 1.1902637 1.1854465 1.1854465 1.1854465 1.1854465 1.1854465 1.4010808 1.4010808 1.1854465 1.1854465 1.1854465 1.1854465 1.4010808 1.4010808 1.1854465 1.5722196 1.5722196 1.5722196 1.5722196 1.4183793
0.6733856 0.67338586 1.6320252 1.6320255 1.426342 1.426342 1.6320255 1.6320255 1.6320255 1.1902571 1.1902571 1.516659 1.516659 1.516659 1.6694732 1.6320255 1.6320255 1.1902573 1.1902573 1.1902573 0.6733861 0.6733861 0.6733861 1.1902573 1.1902573 1.6320255 1.4263422 1.4263422 1.6320255 1.6320257 1.6320257 1.6320257 1.6320262 1.6320262 1.6320262 1.1902575 1.1902575 1.1902575 1.1902575 1.1902575 1.1902575 1.1854405 1.1854405 1.1854405 1.1854405 1.1854405 1.4010751 1.4010751 1.5722136 1.5722136 1.5722136 1.5722136 1.5722136 1.5722136 1.1854405 1.4010754 1.5722136 1.4010754 1.4010754 1.4183741
0.6733794 0.6733794 1.4263356 1.4263356 1.4263356 1.4263356 1.6320188 1.6320188 0.6733794 0.6733794 0.6733794 0.6733794 1.5166533 1.5166533 1.6694658 1.6694658 1.6320193 1.1902511 1.1902511 1.1902511 1.1902511 0.6733794 0.6733794 1.6320193 1.6320193 1.6320193 1.4263356 1.4263356 1.6320193 1.6320193 1.6320193 1.1902511 1.1902511 1.1902511 1.1902511 1.1902511 1.1902511 1.1902511 1.1902511 1.1902511 1.1902511 1.5722077 1.5722077 1.5722077 1.5722077 1.5722077 1.5722077 1.5722077 1.5722077 1.5722077 1.5722077 1.5722077 1.4010689 1.4010689 1.185435 1.4010689 1.5722077 1.4010689 1.4492087 1.4492087
1.6320124 1.6320124 1.6320124 1.6320124 1.6320124 1.6320124 1.6320124 1.6320124 0.6733732 0.6733732 0.67337346 0.67337346 1.1902444 1.6320124 1.6694577 1.6694577 1.6320126 1.6320126 1.6320128 1.6320128 0.6733737 0.6733737 0.6733737 1.6320128 1.6320128 1.6320128 1.4263296 1.4263296 1.1902447 1.1902447 1.1902447 1.1902447 1.1902449 1.1902449 1.1902449 1.1902449 1.6320128 1.1902449 1.1902449 1.1902449 1.6320128 1.5722008 1.5722008 1.5722008 1.5722008 1.5722013 1.5722013 1.5722013 1.5722013 1.5722013 1.5722013 1.5722013 1.401063 1.401063 1.1854286 1.401063 1.5722013 1.5722013 1.4492013 1.4492013
1.1902385 1.1902387 1.6320066 1.6320066 1.6320066 1.6320066 1.6320066 1.6320066 0.673367 0.673367 0.673367 0.673367 0.673367 0.673367 1.6694498 1.6694498 1.1902387 1.1902387 1.1902387 1.1902387 1.1902387 1.1902387 1.1902387 1.1902387 1.1902387 1.1902387 1.1902387 1.1902387 1.1902387 1.1902387 1.1902387 1.1902387 1.6320069 1.6320069 1.6320069 1.190239 1.190239 1.190239 1.190239 1.6320071 1.6320071 1.5721946 1.5721946 1.5721946 1.5721946 1.5721948 1.5721948 1.5721948 1.5721948 1.5721948 1.5721948 1.5721948 1.5721948 1.5721948 1.5721948 1.401057 1.5721948 1.1854229 1.1854229 1.4491935
1.1902325 1.6320004 1.6320004 1.6320004 1.6320004 1.6320004 0.6733613 0.6733613 0.6733613 0.6733613 0.6733613 1.1902328 1.1902328 1.1902328 1.1902328 1.1902328 1.1902328 1.1902328 1.1902328 1.1902328 1.1902328 1.1902328 1.1902328 1.1902328 1.1902328 1.1902328 1.1902328 1.1902328 1.1902328 1.6320007 1.6320007 1.6320007 1.6320007 1.6320007 1.1902328 1.1902328 1.1902328 1.6320007 1.6320007 1.6320007 1.6320007 1.5721884 1.5721884 1.5721884 0.6908498 0.6908498 0.6908498 1.5721884 1.401051 1.5721884 1.5721884 1.5721884 1.5721884 1.5721884 1.5721884 1.5721884 1.1854167 1.1854167 1.1854167 1.5721886
1.6319938 1.6319938 1.6319938 1.6319938 1.6319938 0.6733546 0.6733546 0.6733546 0.6733546 0.6733546 0.6733546 1.1902263 1.1902263 0.6733546 1.1902263 1.6319942 1.1902263 1.1902263 1.1902263 1.1902263 1.1902263 1.1902263 1.1902263 1.1902263 1.6319942 1.5166314 1.5166314 1.5166314 1.5166314 1.6319942 1.6319942 1.6319942 1.6319942 1.1902266 1.1902266 1.1902266 1.6694345 1.6694345 1.6694345 1.6694345 1.6694345 1.5721829 1.5721829 1.5721829 0.6908436 0.6908436 0.6908436 0.6908436 1.4010451 1.5721829 1.5721829 1.5721829 1.5721829 1.5721829 1.1854105 1.1854105 1.1854107 1.1854107 1.1854107 1.1854107
1.6319876 1.6319876 1.6319876 1.6319876 0.67334867 0.67334867 0.67334867 0.67334867 0.67334867 0.67334867 0.67334867 0.67334867 0.67334867 0.67334867 1.1902201 1.1902201 1.1902201 1.1902204 1.1902204 0.67334867 1.1902204 1.1902204 1.4263043 1.6319878 1.6319878 1.6319878 0.0 0.0 1.5166264 1.631988 1.631988 1.631988 1.631988 1.1902206 1.1902206 1.1902206 1.6694264 0.6733489 0.6733489 0.6733489 0.6733489 1.1854043 1.5721757 1.4010384 0.69083786 0.69083786 0.69083786 0.69083786 0.69083786 0.69083786 1.572176 1.572176 1.572176 1.1854045 0.69083786 0.69083786 0.6908381 1.1854048 1.1854048 1.1854048
1.6319821 1.6319821 1.6319821 1.6319821 0.6733422 0.6733422 0.6733422 0.6733422 0.6733422 1.1902139 1.1902139 1.1902139 1.1902139 1.1902139 1.1902139 1.1902139 1.1902139 1.1902139 1.1902139 0.6733427 1.1902139 1.1902139 1.4262986 1.6319821 1.6319821 1.6319821 1.5166206 0.0 1.5166206 1.6319821 1.6319821 1.6319821 1.6319821 1.6319821 1.6694193 1.6694193 0.6733427 0.6733427 0.6733427 0.6733427 0.6733427 1.1853986 1.5721698 1.4010329 1.4010329 1.5721698 1.4010329 0.6908319 0.6908319 0.6908319 1.1853988 1.611917 1.4491656 1.1853988 0.6908319 0.6908319 0.6908319 0.6908319 1.1853988 1.1853988
