Export/ASCII/RMeteo_SP_inch/speranza1/RMeteo_2017_SP3_inch.asc
ncols         660
nrows         338
xllcorner     1476100.0
yllcorner     5017100.0
cellsize      100
NODATA_value  -9.9e-20
[rows 108 to 143 of 338, columns 0 to 81 of 660]
0.8511505 0.8511505 0.851151 0.851151 0.851151 0.86911726 0.86911726 0.86911726 0.86911726 0.86911726 0.86911726 0.86911726 0.86911726 0.86911726 0.86911726 0.86911726 0.86911726 0.86911726 0.86911726 0.86911726 0.86911774 2.005427 2.005427 2.0054274 0.38157988 0.38157988 0.38157988 0.38157988 0.38157988 3.6388793 3.6388793 0.38936472 0.93457556 0.93457556 0.93457556 0.93457556 0.38157988 0.94197965 0.93457556 3.6388793 0.38157988 0.38157988 0.94197965 0.93457556 0.93457556 2.0054283 2.0054286 2.0054288 0.38157988 0.38157988 0.38157988 0.93457556 0.93457556 0.93457556 0.93457556 0.93457556 0.93457556 3.6388798 3.6388798 0.38157988 0.38157988 0.93457556 0.93457556 0.93457556 0.94197965 0.93457556 1.5980623 1.5980623 1.5980623 0.93457556 0.93457556 0.93457556 0.93457556 0.93457556 0.94197965 0.93457556 0.93457556 0.93457556 0.93457556 0.93457556 0.93457556 0.93457556
0.8511419 0.8511419 0.8511419 0.8511419 0.8511419 0.8691077 0.8691077 0.8691077 0.8691077 0.8691082 0.8691082 0.8691082 0.8691082 0.8691082 0.8691082 0.8691082 0.8691082 0.8691082 0.8691082 0.8691082 0.8691082 2.0054088 1.3157588 0.38157988 0.38157988 0.38157988 0.38157988 0.38157988 0.38157988 0.38157988 0.38157988 0.38157988 0.38157988 0.38157988 0.93457556 0.93457556 0.38157988 0.93457556 0.93457556 0.93457556 0.38157988 0.93457556 0.93457556 0.93457556 0.93457556 0.93457556 2.00541 0.38157988 0.38157988 0.38157988 0.38157988 0.38157988 0.93457556 0.93457556 0.93457556 0.93457556 3.638871 3.638871 0.93457556 0.38157988 0.38157988 0.93457556 0.9419794 0.93457556 0.93457556 0.93457556 1.5980433 2.0054107 2.0054107 0.93457556 0.93457556 0.93457556 0.93457556 0.93457556 0.93457556 0.93457556 0.93457556 0.93457556 0.93457556 0.93457556 0.93457556 0.93457556
0.8511338 0.8511338 0.8511338 0.8511338 0.8511343 0.8691001 0.8691001 0.8691001 0.8691001 0.8691001 0.8691001 0.8691001 0.8691001 0.8691006 0.8691006 0.8691006 0.8691006 0.8691006 0.8691006 0.8691006 0.8691006 1.3157386 1.5980211 0.38157916 0.38157916 0.38157916 0.38157916 0.38157916 0.38157916 0.38157916 0.38157916 0.38157916 0.38157916 0.9345751 0.9345751 0.9345751 0.9345751 0.9345751 0.9345751 0.9345751 0.9345751 0.9345751 2.0053906 2.0053906 3.6388628 0.9345753 0.9345753 0.38157916 0.38157916 0.9345753 0.38157916 0.38157916 0.38157916 0.38157916 0.38157916 0.389364 0.38157916 0.38157916 0.63184524 0.63184524 0.63184524 0.9345753 0.9345753 0.9345753 0.9345753 0.9345753 0.9345753 2.0053916 2.0053916 0.9345753 0.9345753 0.9345753 0.9345753 0.9345753 0.9345753 0.9345753 0.9345753 0.9345753 0.9345753 0.9345753 0.9345753 0.9345753
0.85112524 0.85112524 0.85112524 0.85112524 0.85112524 0.86909103 0.86909103 0.86909103 0.8690915 0.8690915 0.8690915 0.8690915 0.8690915 0.8690915 0.8690915 0.8690915 0.8690915 0.8690915 0.869092 0.869092 0.869092 2.0053694 4.522251 0.0 0.38157916 0.38157916 0.38157916 0.38157916 0.38157916 0.38157916 0.38157916 0.38157916 0.389364 0.93457484 0.93457484 0.93457484 0.93457484 0.389364 0.93457484 0.93457484 0.93457484 0.93457484 2.005371 2.005371 2.005371 3.6388543 3.6388543 0.38157916 0.93457484 0.93457484 0.93457484 0.38157916 0.38157916 0.38157916 0.38157916 3.6388547 0.38157916 0.38157916 0.63184476 0.47846127 0.63184476 0.63326335 0.93457484 0.93457484 0.93457484 0.9419787 0.38157916 0.93457484 0.93457484 0.93457484 0.93457484 0.93457484 0.93457484 0.93457484 0.93457484 0.9419787 0.93457484 0.93457484 0.93457484 0.93457484 0.93457484 1.5980057
0.85111666 0.85111666 0.85111666 0.85111666 0.85111666 0.869082 0.869082 0.869082 0.869082 0.869082 0.869082 0.869082 0.869082 0.869082 0.86908245 0.869082 0.86908245 0.86908245 0.86908245 0.86908245 0.86908245 1.8618513 2.0053499 0.38157892 0.38157892 0.38157892 0.38157892 0.38157892 0.38157892 0.38157892 0.38157892 0.38157892 0.38157892 0.93457437 0.93457437 0.93457437 0.93457437 0.38157892 0.93457437 0.93457437 0.93457437 0.93457437 0.93457437 2.0053513 3.638846 3.638846 3.638846 3.638846 0.93457437 0.93457437 0.93457437 0.38157892 0.38157892 0.38157892 0.38157892 3.638846 3.638846 3.0533519 0.63184464 0.93457437 0.93457437 0.93457437 0.93457437 0.93457437 0.93457437 0.93457437 0.93457437 0.23831439 0.93457437 0.93457437 2.0053527 2.0053532 0.93457437 0.93457437 0.93457437 0.93457437 0.93457437 0.93457437 0.93457437 0.93457437 0.93457437 1.5979857
0.8511076 0.8511076 0.8511076 0.8511076 0.8511076 0.8690734 0.8690734 0.8690734 0.86907387 0.86907387 0.86907387 0.86907387 0.86907387 0.86907387 0.86907387 0.86907387 0.86907387 0.86907387 0.86907387 0.86907387 0.87078 1.5979638 1.5979638 1.5979638 0.38157845 0.38157845 0.38157845 0.38157845 0.38157845 0.38157845 0.38157845 0.38157845 0.38157845 0.941978 0.9345741 0.38157845 0.38157845 0.38157845 0.38157845 0.9345741 0.9345741 0.9345741 0.38157845 3.638837 3.6462412 0.9345741 0.9345741 0.38157845 0.9345741 0.9345741 0.9345741 0.9345741 0.9345741 0.9345741 0.9345741 3.6388378 3.6388378 2.0053334 0.9345741 0.9345741 0.9345741 0.9345741 0.9345741 0.9345741 0.9345741 0.9345741 0.9345741 0.0 2.1230235 0.9345741 0.9345741 2.0053337 0.9345741 0.9345741 0.9345741 0.9345741 0.9345741 0.9345741 0.9345741 0.9345741 0.9345741 1.597967
0.851099 0.851099 0.8510995 0.8510995 0.8510995 0.8690648 0.8690648 0.8690648 0.8690648 0.8690648 0.8690653 0.8690653 0.86906576 0.86906576 0.86906576 0.86906576 0.86906576 0.86906576 0.86906576 0.86906624 0.86906624 1.5979449 1.5979449 1.5979449 1.5102094 1.5979451 0.93457365 1.8618134 2.005313 0.38157845 0.38157845 0.38157845 0.38157845 0.38157845 0.38157845 0.38157845 0.38157845 0.38157845 0.38157845 0.38157845 0.38157845 0.38157845 0.93457365 0.93457365 0.93457365 0.93457365 0.93457365 0.38157845 0.93457365 0.94197774 0.9345741 0.9345741 0.9345741 0.9345741 0.9345741 0.9345741 3.6388292 3.6388292 0.38157845 0.9345741 0.9345741 0.9345741 0.9345741 0.9345741 0.9345741 0.9345741 0.9345741 0.9345741 0.67830586 1.5979476 2.0053148 2.0053148 0.9345741 0.9345741 0.9345741 0.9345741 0.9345741 0.9345741 0.9345741 0.9345741 0.9345741 0.9345741
0.8510909 0.8510909 0.8510909 0.8510909 0.8510909 0.8690562 0.8690562 0.8690562 0.8690562 0.8690562 0.8690562 0.8690562 0.8690562 0.8690562 0.8690562 0.8690562 0.8690562 0.8690562 0.8690562 0.8690562 0.8690562 0.8690562 0.09122968 1.5101901 1.5979253 1.5979253 1.5979255 2.0052934 2.0052934 2.0052934 2.0052934 2.0052934 0.9345732 0.3815782 0.3815782 0.3815782 0.3815782 0.3815782 0.3815782 0.3815782 0.3815782 0.38936257 0.9345732 0.9345732 0.9345732 0.9345732 0.9345732 0.3815782 0.9345732 0.9345732 2.0052948 1.5979271 3.6388211 0.9345732 0.9345732 0.94197726 0.9345732 0.94197726 0.9345732 3.6388214 0.3815782 0.9345732 0.9345732 2.0104032 1.5979279 0.9345732 0.9345732 0.94197726 0.9345732 2.07753 0.3815782 1.8617969 0.9345732 0.9345732 0.9345732 0.9345732 0.9345732 0.9345732 0.9345732 0.9345732 0.9345732 0.9345732
0.8510823 0.8510823 0.8510823 0.8510823 0.8510823 0.8690481 0.8690481 0.8690481 0.8690481 0.8690481 0.8690481 0.8690481 0.8690481 0.8690481 0.8690481 0.8690481 0.8690481 0.8690481 0.8690481 0.8690481 0.8690481 0.8690486 0.8690486 2.0052736 1.5979066 1.5979064 1.5979064 1.5979064 2.0052738 2.0052738 2.005274 0.9345732 0.9345732 0.9345732 0.38157725 0.38157725 0.38157725 0.38157725 0.38157725 0.38157725 0.38157725 0.38157725 0.38157725 3.638812 3.638812 3.638812 3.638812 0.38157725 0.9345732 0.9345732 2.0052748 2.0052748 0.9345732 0.9345732 0.9345732 0.9345732 0.9345732 0.9345732 0.9345732 0.9345732 0.9345732 0.38157725 3.6462164 2.005276 1.5979089 0.9345732 0.9345732 0.9345732 0.9345732 1.0085922 2.0775182 0.9345732 1.6980314 1.6980314 0.94197726 0.9345732 0.9345732 0.9345732 0.9345732 0.9345732 0.9345732 0.9345732
0.85107374 0.85107374 0.85107374 0.85107374 0.85107374 0.8690381 0.8690381 0.8690381 0.8690381 0.8690381 0.8690381 0.8690386 0.8690386 0.8690386 0.8690386 0.8690386 0.8690386 0.8690386 0.86903906 0.86903906 0.86903906 0.86903906 0.86903954 0.86903954 1.5978872 1.5978872 1.5978872 2.0052547 2.0052547 0.38157773 0.93457294 0.93457294 0.93457294 0.93457294 0.38157773 0.38157773 0.38157773 0.38157773 0.38157773 0.38157773 0.38157773 0.38157773 0.38157773 0.38157773 3.6388037 3.6388037 0.38157773 0.38157773 0.38157773 0.93457294 0.93457294 0.93457294 0.93457294 0.93457294 2.0052567 2.0052567 0.93457294 0.93457294 0.93457294 0.93457294 0.93457294 0.93457294 0.93457294 0.38157773 0.38157773 0.38157773 0.38157773 0.93457294 1.0140753 2.005257 3.6388052 1.6980307 1.6980307 1.6980307 1.6980307 0.93457294 0.93457294 0.93457294 0.93457294 0.93457294 0.93457294 0.93457294
0.8510642 0.85106516 0.8510661 0.8510661 0.8510661 0.8690305 0.8690305 0.8690305 0.8690305 0.8690305 0.8690305 0.8690305 0.8690305 0.8690305 0.8690305 0.86903095 0.86903095 0.86903095 0.86903095 0.86903095 0.86903095 0.86903095 0.86903095 0.8707361 0.86903095 0.82088375 0.38157701 1.5978686 0.38936186 0.93457246 0.93457246 0.9419763 0.93457246 0.93457246 0.9419763 0.93457246 0.38157701 0.3815775 0.3815775 0.3815775 0.3815775 0.3815775 0.3815775 0.3815775 0.3815775 0.3815775 0.3815775 0.3815775 0.3815775 0.9345727 0.9345727 0.9345727 0.9345727 0.9345727 0.9345727 2.005237 0.9345727 0.9345727 0.9345727 0.9345727 0.9345727 0.9345727 0.9345727 3.6387956 0.3815775 0.3815775 0.3815775 0.3815775 3.6387956 2.005238 1.69803 1.0670447 1.69803 1.69803 1.69803 1.69803 0.9345727 0.9345727 0.9345727 0.9345727 0.9345727 0.9419763
0.8510556 0.8510566 0.8510566 0.8510566 0.8510566 0.8690214 0.8690214 0.8690214 0.8690214 0.8690214 0.8690214 0.8690214 0.8690219 0.8690219 0.8690219 0.8690219 0.8690219 0.8690219 0.8690219 0.8690219 0.8690219 0.8690219 0.8690219 0.8690219 0.8690219 0.8690219 0.38157654 0.38157654 1.755821 0.38157654 0.934572 0.934572 0.934572 0.94197583 0.934572 0.934572 0.38157654 0.38157654 0.38157654 0.38157654 0.38157654 0.38157654 0.38157654 0.38157654 0.38157654 0.38157654 0.38157654 0.38157654 0.38157654 0.9345722 0.9345722 0.94197583 0.9345722 0.9345722 1.6015258 2.0052176 0.9345722 0.94197583 0.9345722 0.9345722 0.9345722 0.9345722 0.94197583 3.6387877 0.38157654 0.38157654 0.38157654 3.6387877 0.38157654 0.38157654 1.0670433 1.0670433 1.69803 1.69803 1.69803 1.69803 1.5978516 0.9345722 0.9345722 0.9345722 0.9345722 3.638788
0.85104895 0.85104895 0.85104895 0.85104895 0.85104895 0.8690119 0.8690119 0.8690119 0.8690119 0.8690119 0.8690119 0.8690119 0.8690119 0.8690119 0.8690119 0.86901283 0.86901283 0.86901283 0.86901283 0.86901283 0.86901283 0.86901283 0.86901283 0.8690133 0.8690133 0.8690133 0.8690133 0.8690133 0.23831153 1.7558017 0.3815763 0.3815763 0.93457174 0.93457174 0.93457174 0.9419756 0.3815763 0.3815763 0.3815763 0.3815763 0.3815763 0.3815763 0.3815763 0.3815763 0.3815763 0.3815763 0.3815763 0.3815763 0.3815763 0.93457174 0.93457174 0.9419756 0.93457174 0.93457174 1.5978314 1.5978318 0.93457174 0.93457174 3.6461833 0.93457174 0.93457174 0.93457174 0.93457174 0.3815763 0.3815763 0.3815763 0.3815763 0.3815763 0.3815763 0.3815763 1.6980293 1.0670424 1.0670424 1.6980293 1.6980293 1.6980293 1.5978326 1.5978326 0.93457174 0.93457174 0.93457174 0.93457174
0.85103893 0.85103893 0.85103893 0.85103893 0.85103893 0.86900425 0.86900425 0.86900425 0.86900425 0.86900425 0.86900425 0.86900425 0.86900425 0.86900425 0.86900425 0.86900425 0.86900425 0.8690047 0.8690047 0.8690047 0.8690047 0.8690047 0.8690047 0.8690047 0.8690047 0.8690047 0.8690047 0.8690047 0.8690047 0.8690047 2.0774581 0.3815763 0.3815763 0.3815763 0.93457174 0.3815763 0.3815763 0.3815763 0.3815763 0.3815763 0.3815763 0.3815763 0.3815763 0.3815763 0.3815763 0.3815763 0.3815763 0.3815763 0.3815763 0.93457174 0.9419756 0.93457174 0.93457174 0.93457174 0.9419756 0.93457174 0.93457174 0.93457174 0.93457174 0.93457174 0.93457174 0.93457174 0.93457174 0.3815763 0.3815763 0.3815763 3.6387708 0.3815763 3.6387708 0.3815763 2.0051804 0.8018973 1.0670419 3.6387708 1.6980288 3.6387708 1.5978136 1.5978136 0.93457174 0.93457174 0.93457174 2.0051813
0.85103035 0.8510308 0.8510308 0.8510308 0.8510308 0.86899567 0.86899567 0.86899567 0.86899567 0.86899567 0.86899567 0.86899567 0.86899567 0.86899567 0.86899567 0.86899567 0.86899567 0.86899567 0.86899567 0.86899567 0.86899567 0.86899567 0.86899567 0.86899614 0.86899614 0.86899614 0.86899614 0.86899614 0.86899614 0.86899614 0.87070084 0.86899614 2.0774455 0.38157582 0.38157582 0.38157582 0.38157582 0.38157582 0.38157582 0.38157582 0.38157582 0.38157582 0.38157582 0.38157582 0.38157582 0.38157582 0.38157582 0.38157582 0.38157582 0.38157582 0.93457127 0.93457127 0.93457127 0.93457127 0.93457127 0.93457127 0.93457127 0.93457127 0.93457127 0.93457127 0.93457127 0.93457127 0.93457127 0.93457127 0.93457127 0.38157582 3.6387622 3.6387622 3.6387625 3.6387625 2.0051608 2.0051608 1.6980281 2.0051608 1.0085918 3.6387627 1.5977947 1.5977947 1.5977947 1.5977947 0.93457127 1.5977947
0.85102224 0.85102224 0.85102224 0.85102224 0.85102224 0.8689861 0.8689866 0.8689866 0.8689866 0.8689866 0.8689866 0.8689866 0.8689866 0.8689866 0.8689866 0.8689866 0.8689866 0.8689866 0.8689866 0.8689866 0.8689866 0.8689866 0.8689866 0.8689866 0.8689871 0.8689871 0.8689871 0.8689871 0.8689871 0.8689871 0.8689871 0.8689871 0.8689871 0.8689871 1.7557445 0.38157558 0.38157558 0.38157558 0.38157558 0.38157558 0.38157558 0.38157558 0.38157558 0.38157558 0.38157558 0.38157558 0.38157558 0.38157558 0.38157558 0.38157558 0.38157558 0.38157558 0.9419749 0.9345708 0.9345708 0.9345708 0.9345708 0.9345708 0.9345708 0.9345708 0.9345708 0.9345708 0.9419749 0.9345708 0.9345708 0.38157558 2.0051415 2.0051417 3.6387548 0.9345708 2.0051417 2.0051417 0.9345708 2.0591116 2.0051417 3.6387548 1.5977755 1.5977755 1.5977757 1.5977757 0.9345708 1.5977757
0.64086294 0.64086294 0.64086294 0.64086294 0.64086294 0.0 0.0 0.0 0.0 0.0 0.0 0.0 0.0 0.0 0.0 0.0 0.0 0.0 0.0 0.0 0.0 0.0 0.0 0.0 0.0 0.0 0.0 0.0 0.0 0.0 0.0 0.0 0.0 0.0 0.0 0.0 0.0 1.142951 1.142951 1.142951 1.142951 1.142951 1.142951 0.0 0.0 0.0 0.0 0.0 0.0 0.0 0.0 0.0 0.0 0.0 0.0 0.33652496 0.3288052 0.3288052 0.3288052 0.3288052 0.3288052 0.3288052 0.3288052 0.3288052 1.8423057 1.8423057 1.2753565 1.2753565 1.8423057 0.3288052 0.3288052 0.3288052 0.3288052 0.3288052 0.0 1.8423057 1.0660732 1.0660732 1.0660732 1.0660732 1.0660732 1.0660732
0.6408534 0.6408534 0.6408534 0.6408534 0.6408534 0.0 0.0 0.0 0.0 0.0 0.0 0.0 0.0 0.0 0.0 0.0 0.0 0.0 0.0 0.0 0.0 0.0 0.0 0.0 0.0 0.0 0.0 0.0 0.0 0.0 0.0 0.0 0.0 0.0 0.0 0.0 0.0 0.0 0.0 0.0 0.0 0.0 0.0 0.0 0.0 0.0 0.0 2.0047626 0.30318403 0.0 0.0 0.0 0.0 0.0 0.77194047 0.5058942 0.0 0.0 0.5145154 1.275356 1.275356 1.275356 1.066073 0.3288052 1.8423009 1.8423011 1.8423011 1.8423011 1.8424883 1.8423011 1.8423011 0.3288052 0.3288052 0.0 0.0 0.0 0.0 1.066073 1.066073 1.066073 1.066073 1.066073
0.64084435 0.64084435 0.64084435 0.64084435 0.64084435 0.0 0.0 0.0 0.0 0.0 0.0 0.0 0.0 0.0 0.0 0.0 0.0 0.0 0.0 0.0 0.0 0.0 0.0 0.0 0.0 0.0 0.0 0.0 0.0 0.0 0.0 0.0 0.0 0.0 0.0 0.0 0.0 0.0 0.0 0.0 0.0 0.0 0.0 0.0 0.0 0.0 0.0 0.0 0.0 0.0 0.0 0.0 0.0 0.0 0.0 0.50589395 0.50589395 0.50589395 0.0 1.2753556 1.2753556 1.572463 1.0660728 0.32880473 1.8422966 1.8422966 1.8424838 1.8422966 1.8422968 1.8422968 1.8422971 1.8426714 1.8422971 0.0 0.0 0.0 0.1408422 1.0660728 1.0660728 1.0660728 0.4031005 1.0660728
0.64083576 0.64083576 0.64083576 0.64083576 0.64083576 0.0 0.0 0.0 0.0 0.0 0.0 0.0 0.0 0.0 0.0 0.0 0.0 0.0 0.0 0.0 0.0 0.0 0.0 0.0 0.0 0.0 0.0 0.0 0.0 0.0 0.0 0.0 0.0 0.0 0.0 0.0 0.0 0.0 0.0 0.0 0.0 0.0 0.0 0.0 0.0 0.0 0.0 0.0 0.0 0.0 0.0 0.0 0.0 0.0 0.0 0.0 0.50589395 0.50589395 0.0 1.2753556 1.4175508 1.2753556 1.2753556 1.8422928 1.2754972 1.2753556 1.8422928 1.8422928 1.8422928 1.8422928 1.8422928 1.8422928 0.32880473 0.32880473 0.0 0.0 0.0 1.8422928 1.8422928 1.0660722 1.0660722 1.0660722
0.6408267 0.6408267 0.6408267 0.6408267 0.6408267 0.0 0.0 0.0 0.0 0.0 0.0 0.0 0.0 0.0 0.0 0.0 0.0 0.0 0.0 0.0 0.0 0.0 0.0 0.0 0.0 0.0 0.0 0.0 0.0 0.0 0.0 0.0 0.0 0.0 0.0 0.0 0.0 0.0 0.0 0.0 0.0 0.0 0.0 0.0 0.0 0.0 0.0 0.0 0.0 0.0 0.0 0.0 0.0 0.0 0.0 0.0 0.0 0.0 0.0 0.0 0.0 1.2753553 1.2753553 1.8422885 1.2753553 1.2753553 1.8422885 0.3289919 0.32880473 0.32880473 0.32880473 0.32880473 0.32880473 0.32880473 0.32880473 0.32880473 0.32880473 1.066072 1.2753553 1.2753553 1.066072 1.066072
0.6408167 0.6408167 0.6408167 0.6408167 0.6408167 0.0 0.0 0.0 0.0 0.0 0.0 0.0 0.0 0.0 0.0 0.0 0.0 0.0 0.0 0.0 0.0 0.0 0.0 0.0 0.0 0.0 0.0 0.0 0.0 0.0 0.0 0.0 0.0 0.0 0.0 0.0 0.0 0.0 0.0 0.0 0.0 0.0 0.0 0.0 0.0 0.0 0.0 0.0 0.0 0.0 0.0 0.0 0.0 0.0 0.0 0.0 0.0 0.0 0.0 0.0 0.0 0.0 0.0 0.0 1.8422842 1.8424714 1.8422842 0.32880402 0.32880402 0.32880402 0.32880402 0.32880402 0.32880402 0.32880402 0.32880402 0.32880402 1.2753546 1.0660719 0.40309954 0.69471216 0.69471216 1.2753546
0.6408086 0.6408086 0.6408086 0.6408086 0.6408086 0.0 0.0 0.0 0.0 0.0 0.0 0.0 0.0 0.0 0.0 0.0 0.0 0.0 0.0 0.0 0.0 0.0 0.0 0.0 0.0 0.0 0.0 0.0 0.0 0.0 0.0 0.0 0.0 0.0 0.0 0.0 0.0 0.0 0.0 0.0 0.0 0.0 0.0 0.0 0.0 0.0 0.0 0.0 0.0 0.0 0.0 0.0 0.0 0.0 0.0 0.0 0.0 0.0 0.0 0.0 0.0 0.0 0.0 0.50589275 0.50589275 1.8422794 1.8422794 1.2753546 1.2754962 0.32880402 0.32880402 0.32880402 0.32880402 0.32880402 0.32899117 0.32880402 1.2753546 1.0660717 0.40309954 0.750478 0.750478 0.0
0.64079857 0.64079857 0.64079857 0.64079905 0.64079905 0.0 0.0 0.0 0.0 0.0 0.0 0.0 0.0 0.0 0.0 0.0 0.0 0.0 0.0 0.0 0.0 0.0 0.0 0.0 0.0 0.0 0.0 0.0 0.0 0.0 0.0 0.0 0.0 0.0 0.0 0.0 0.0 0.0 0.0 0.0 0.0 0.0 0.0 0.0 0.0 0.0 0.0 0.0 0.0 0.0 0.0 0.0 0.0 0.0 0.0 0.0 0.0 0.0 0.0 0.0 0.0 0.0 1.5304925 1.1429487 0.7719388 0.5058923 0.7713411 1.2753544 1.2753544 0.3288033 0.3288033 0.32899046 0.3288033 0.3288033 0.3288033 0.3288033 1.2753544 1.2753544 1.2753544 0.6947117 0.6947117 0.0
0.6407895 0.6407895 0.6407895 0.64079 0.64079 0.0 0.0 0.0 0.0 0.0 0.0 0.0 0.0 0.0 0.0 0.0 0.0 0.0 0.0 0.0 0.0 0.0 0.0 0.0 0.0 0.0 0.0 0.0 0.0 0.0 0.0 0.0 0.0 0.0 0.0 0.0 0.0 0.0 0.0 0.0 0.0 0.0 0.0 0.0 0.0 0.0 0.0 0.0 0.0 0.0 0.0 0.0 0.0 0.0 0.0 0.0 0.0 0.0 0.0 0.0 0.0 0.0 0.0 0.0 0.0 0.0 0.0 0.0 1.2753539 0.3288033 0.3288033 0.3288033 0.32880306 0.32880306 1.8422716 1.8422716 1.2753539 1.2753539 0.0 1.2753539 1.2753539 0.0
0.64078045 0.64078045 0.64078045 0.64078045 0.64078045 0.0 0.0 0.0 0.0 0.0 0.0 0.0 0.0 0.0 0.0 0.0 0.0 0.0 0.0 0.0 0.0 0.0 0.0 0.0 0.0 0.0 0.0 0.0 0.0 0.0 0.0 0.0 0.0 0.0 0.0 0.0 0.0 0.0 0.0 0.0 0.0 0.0 0.0 0.0 0.0 0.0 0.0 0.0 0.0 0.0 0.0 0.0 0.0 0.0 0.0 0.0 0.0 0.0 0.0 0.0 0.0 0.0 0.0 0.0 0.0 0.0 0.0 0.0 0.0 0.32880306 0.32880306 0.32880306 0.32880306 1.8422673 1.8422673 1.8422675 1.8422675 0.0 0.0 0.0 0.0 0.0
0.64076996 0.64076996 0.64077044 0.64077044 0.64077044 0.0 0.0 0.0 0.0 0.0 0.0 0.0 0.0 0.0 0.0 0.0 0.0 0.0 0.0 0.0 0.0 0.0 0.0 0.0 0.0 0.0 0.0 0.0 0.0 0.0 0.0 0.0 0.0 0.0 0.0 0.0 0.0 0.0 0.0 0.0 0.0 0.0 0.0 0.0 0.0 0.0 0.0 0.0 0.0 0.0 0.0 0.0 0.0 0.0 0.0 0.0 0.0 0.0 0.0 0.0 0.0 0.0 0.0 0.0 0.0 0.0 0.0 0.0 0.0 0.0 0.3288026 0.3288026 0.3288026 1.8422625 1.8422627 1.8422627 0.0 0.0 0.0 0.0 0.0 0.0
0.6407623 0.6407623 0.6407623 0.6407623 0.6407623 0.0 0.0 0.0 0.0 0.0 0.0 0.0 0.0 0.0 0.0 0.0 0.0 0.0 0.0 0.0 0.0 0.0 0.0 0.0 0.0 0.0 0.0 0.0 0.0 0.0 0.0 0.0 0.0 0.0 0.0 0.0 0.0 0.0 0.0 0.0 0.0 0.0 0.0 0.0 0.0 0.0 0.0 0.0 0.0 0.0 0.0 0.0 0.0 0.0 0.0 0.0 0.0 0.0 0.0 0.0 0.0 0.0 0.0 0.0 0.0 0.0 0.0 0.0 0.0 0.0 0.0 0.3288026 1.8422587 1.8422587 1.8422587 1.8422587 0.0 0.0 0.0 0.0 0.0 0.0
0.6407528 0.64075327 0.64075327 0.64075327 0.64075327 0.0 0.0 0.0 0.0 0.0 0.0 0.0 0.0 0.0 0.0 0.0 0.0 0.0 0.0 0.0 0.0 0.0 0.0 0.0 0.0 0.0 0.0 0.0 0.0 0.0 0.0 0.0 0.0 0.0 0.0 0.0 0.0 0.0 0.0 0.0 0.0 0.0 0.0 0.0 0.0 0.0 0.0 0.0 0.0 0.0 0.0 0.0 0.0 0.0 0.0 0.0 0.0 0.0 0.0 0.0 0.0 0.0 0.0 0.0 0.0 0.0 0.0 0.0 0.0 0.5058906 0.5058906 0.0 0.0 0.0 0.0 0.32880187 0.32880187 0.0 0.0 0.0 0.0 0.0
0.64074373 0.64074373 0.64074373 0.64074373 0.6407442 0.0 0.0 0.0 0.0 0.0 0.0 0.0 0.0 0.0 0.0 0.0 0.0 0.0 0.0 0.0 0.0 0.0 0.0 0.0 0.0 0.0 0.0 0.0 0.0 0.0 0.0 0.0 0.0 0.0 0.0 0.0 0.0 0.0 0.0 0.0 0.0 0.0 0.0 0.0 0.0 0.0 0.0 0.0 0.0 0.0 0.0 0.0 0.0 0.0 0.0 0.0 0.0 0.0 0.0 0.0 0.0 0.0 0.0 0.0 0.0 0.0 0.0 0.0 0.0 0.50589013 0.50589013 0.0 0.0 0.0 0.32880187 0.32880187 0.32880187 1.8422501 1.8422501 1.8422501 0.0 1.2753522
0.6407342 0.6407342 0.6407342 0.6407342 0.6407342 0.0 0.0 0.0 0.0 0.0 0.0 0.0 0.0 0.0 0.0 0.0 0.0 0.0 0.0 0.0 0.0 0.0 0.0 0.0 0.0 0.0 0.0 0.0 0.0 0.0 0.0 0.0 0.0 0.0 0.0 0.0 0.0 0.0 0.0 0.0 0.0 0.0 0.0 0.0 0.0 0.0 0.0 0.0 0.0 0.0 0.0 0.0 0.0 0.0 0.0 0.0 0.0 0.0 0.0 0.0 0.0 0.0 0.0 0.0 0.0 0.0 0.0 0.0 0.7504165 0.7504165 0.75041676 0.75041676 0.75041676 0.0 0.3289888 0.32880163 0.32880163 1.842246 1.842246 1.842246 0.0 1.2753522
0.64072514 0.64072514 0.64072514 0.64072514 0.64072514 0.0 0.0 0.0 0.0 0.0 0.0 0.0 0.0 0.0 0.0 0.0 0.0 0.0 0.0 0.0 0.0 0.0 0.0 0.0 0.0 0.0 0.0 0.0 0.0 0.0 0.0 0.0 0.0 0.0 0.0 0.0 0.0 0.0 0.0 0.0 0.0 0.0 0.0 0.0 0.0 0.0 0.0 0.0 0.0 0.0 0.0 0.0 0.0 0.0 0.0 0.0 0.0 0.0 0.0 0.0 0.0 0.0 0.0 0.0 0.0 0.0 0.0 0.7504091 0.7504091 0.7504091 0.7504091 0.7504091 0.7504091 0.7504091 0.0 0.0 0.0 1.8424287 1.8422415 1.8422415 0.0 0.0
0.6407161 0.6407161 0.6407161 0.6407161 0.6407161 0.0 0.0 0.0 0.0 0.0 0.0 0.0 0.0 0.0 0.0 0.0 0.0 0.0 0.0 0.0 0.0 0.0 0.0 0.0 0.0 0.0 0.0 0.0 0.0 0.0 0.0 0.0 0.0 0.0 0.0 0.0 0.0 0.0 0.0 0.0 0.0 0.0 0.0 0.0 0.0 0.0 0.0 0.0 0.0 0.0 0.0 0.0 0.0 0.0 0.0 0.0 0.0 0.0 0.0 0.0 0.0 0.0 0.0 0.0 0.0 0.0 0.0 0.0 0.0 0.0 0.0 0.75040126 0.75040126 0.7504015 0.0 0.0 0.0 0.0 0.0 0.0 0.32880092 0.32880092
0.640707 0.640707 0.640707 0.640707 0.640707 0.0 0.0 0.0 0.0 0.0 0.0 0.0 0.0 0.0 0.0 0.0 0.0 0.0 0.0 0.0 0.0 0.0 0.0 0.0 0.0 0.0 0.0 0.0 0.0 0.0 0.0 0.0 0.0 0.0 0.0 0.0 0.0 0.0 0.0 0.0 0.0 0.0 0.0 0.0 0.0 0.0 0.0 0.0 0.0 0.0 0.0 0.0 0.0 0.0 0.0 0.0 0.0 0.0 0.0 0.0 0.0 0.0 0.0 0.0 0.0 0.0 0.0 0.0 0.0 0.0 0.0 0.0 0.75039387 0.75039387 0.0 0.0 0.0 0.0 0.0 0.0 0.32880044 0.32880044
0.6406989 0.6406989 0.6406989 0.6406989 0.6406989 0.0 0.0 0.0 0.0 0.0 0.0 0.0 0.0 0.0 0.0 0.0 0.0 0.0 0.0 0.0 0.0 0.0 0.0 0.0 0.0 0.0 0.0 0.0 0.0 0.0 0.0 0.0 0.0 0.0 0.0 0.0 0.0 0.0 0.0 0.0 0.0 0.0 0.0 0.0 0.0 0.0 0.0 0.0 0.0 0.0 0.0 0.0 0.0 0.0 0.0 0.0 0.0 0.0 0.0 0.0 0.0 0.0 0.0 0.0 0.0 0.0 0.0 0.0 0.0 0.0 0.0 0.0 0.75038624 0.75038624 0.75038624 0.0 0.0 0.0 0.0 0.0 0.32880044 0.32880044
0.64068794 0.64068794 0.64068794 0.64068794 0.64068794 0.0 0.0 0.0 0.0 0.0 0.0 0.0 0.0 0.0 0.0 0.0 0.0 0.0 0.0 0.0 0.0 0.0 0.0 0.0 0.0 0.0 0.0 0.0 0.0 0.0 0.0 0.0 0.0 0.0 0.0 0.0 0.0 0.0 0.0 0.0 0.0 0.0 0.0 0.0 0.0 0.0 0.0 0.0 0.0 0.0 0.0 0.0 0.0 0.0 0.0 0.0 0.0 0.0 0.0 0.0 0.0 0.0 0.0 0.0 0.0 0.0 0.0 0.0 0.0 0.0 0.0 0.0 0.0 0.7505536 0.7503784 0.0 0.0 0.0 0.0 0.0 1.2753503 1.2756336
