Export/ASCII/RMeteo_SP_inch/speranza1/RMeteo_2015_SP2_inch.asc
ncols         660
nrows         338
xllcorner     1476100.0
yllcorner     5017100.0
cellsize      100
NODATA_value  -9.9e-20
[rows 81 to 107 of 338, columns 59 to 117 of 660]
2.1132255 2.1132255 2.1132255 2.113226 2.113226 2.113226 2.113226 2.113226 2.113226 2.113226 2.113226 2.113226 2.1132262 2.1132262 2.1132262 2.1132262 2.1132262 2.1132262 2.1132262 2.1132262 1.6611457 1.6611457 1.6611457 2.1132262 2.1635098 2.1635098 2.1635098 2.1635098 1.2013277 1.2013277 0.5517347 1.2013277 1.2013277 1.2013279 1.2013279 1.2013279 1.2013279 2.1635098 1.7986188 1.2013279 1.2013279 2.1635098 2.16351 2.16351 2.16351 2.16351 2.16351 2.16351 2.1635103 2.1635103 2.1635103 2.1635103 1.527467 1.527467 1.6869426 1.6869426 1.6869426 1.6869426 1.6869426
2.1132193 2.1132193 2.1132193 2.1132193 2.1132193 2.1132193 2.1132195 2.1132195 2.1132195 2.1132195 2.1132195 2.1132195 2.1132195 2.1132195 2.1132195 2.1132195 2.1132195 2.1132195 2.1132195 2.1132195 2.1132195 1.6611409 1.6611409 2.1132195 2.163503 2.1635034 2.1635034 2.1635034 1.2013233 1.2013233 1.2013233 1.2013233 1.2013233 1.2013233 0.55173063 1.2013234 1.5381515 1.2013234 1.2013234 1.2013234 1.2013234 2.1635034 2.1635034 2.1635034 2.1635034 2.1635034 2.1635034 2.1635034 2.1635034 2.1635034 2.1635034 1.2013234 1.686938 1.686938 1.686938 1.686938 1.686938 1.686938 1.686938
1.6611356 1.7719743 1.7719743 2.1132133 2.1132133 2.1132133 2.1132133 2.1132133 2.1132133 2.1132133 2.1132133 2.1132133 2.1132133 2.1132133 2.1132133 2.1132133 2.1132133 2.1132133 2.1132133 2.1132133 2.1132133 1.661136 1.661136 1.661136 2.1634967 2.1634967 2.1634967 2.1634967 2.1634967 2.1634967 2.1634967 1.2013184 1.2013184 1.2013184 1.2013184 1.2013184 1.2013184 1.2013184 1.2013185 2.1718748 1.5274503 1.5274503 1.5274503 2.1634967 2.1634967 2.1634967 2.1634967 2.1634967 2.1634967 2.1634967 2.1634967 2.1634967 1.3148227 0.9446143 0.9446143 1.6869338 0.9446143 1.6869338 2.1634967
1.6611309 1.661131 1.7719704 2.113206 2.113206 2.113206 2.113206 2.1132064 2.1132064 2.1132064 2.1132064 2.1132064 2.1132064 2.1132064 2.1132064 2.1132064 2.1132064 2.1132064 2.1132064 2.1132064 2.1132064 2.1132064 1.661131 1.661131 2.1634898 2.1634898 2.1634898 2.1634898 2.1634898 2.16349 2.16349 1.2013139 0.55172324 1.2013141 2.16349 1.5381423 1.2013141 1.2013141 1.2013141 2.16349 2.16349 2.16349 2.16349 2.16349 2.16349 2.16349 2.16349 2.16349 2.16349 2.16349 1.6869292 1.686929 1.7986052 1.076296 1.0706855 1.6869291 1.9402119 1.2013144 1.2013144
1.6611259 1.6611259 1.6611259 2.1131997 2.1131997 2.1131997 2.1131997 2.1131997 2.1131997 2.1131997 2.1131997 2.1131997 2.1131997 2.1131997 2.1131997 2.1131997 2.1131997 2.1131997 2.1131997 2.1131997 2.1131997 2.1131997 1.6611264 1.6611264 1.686924 2.163483 2.163483 2.163483 2.163483 2.163483 1.2013093 1.2013093 1.2013093 1.2013093 2.1634831 2.1634831 2.1634831 1.2013093 1.5381374 2.1634831 2.1634831 2.1634831 2.1634831 2.1634831 2.1634831 2.1634831 2.1634831 2.1634831 2.1634831 2.163483 1.6869241 1.6869241 1.6869241 1.2927455 1.2013094 1.6869242 2.1634831 1.2013094 1.2013094
0.9996122 1.6611215 1.6611215 2.113193 2.113193 2.113193 2.113193 2.113193 2.113193 2.113193 2.113193 2.113193 2.1131933 2.1131933 2.1131933 2.1131933 2.1131933 2.1131933 2.1131935 2.1131935 2.1131935 2.1131935 2.1131938 1.6611218 1.6869195 1.2013048 1.2013048 1.7985958 1.7985958 2.1634762 1.2013049 1.2013049 2.1634762 1.2555549 2.1634762 2.1634762 2.1634762 1.2013049 1.2013049 2.1634765 2.1634765 2.1634765 2.1634765 2.1634765 2.1634765 2.1634765 2.1634765 2.1634765 2.1634765 1.2013052 1.2013052 1.6869197 1.2013052 1.4689955 1.2013052 2.1634765 2.1634765 2.1634765 1.798596
0.99960816 1.6611168 1.6611168 1.7719549 1.7719549 2.1131876 2.1131876 2.1131876 2.1131876 2.1131876 2.1131876 2.1131876 2.1131876 2.1131876 2.1131876 2.1131876 2.1131876 2.1131876 2.1131878 2.1131878 2.1131878 2.1131878 2.1131878 1.661117 1.6869147 1.6869147 1.2013001 1.798591 1.7985913 2.1634698 2.1634698 2.1634698 2.1634698 2.1634698 2.1634698 2.1634698 2.1634698 2.1634698 1.2013005 2.1634698 2.1634698 2.1634698 2.1634698 2.1634698 2.1634698 2.1634698 2.3095186 1.6869149 1.6869149 1.2013005 1.2013005 1.2013005 1.2013005 1.2013005 2.8235629 2.16347 2.16347 2.16347 1.7985917
1.6611118 1.6611118 1.6611118 1.7719506 1.7719506 2.1131804 2.1131804 2.1131804 2.1131804 2.1131804 2.1131804 2.1131804 2.1131804 2.1131804 2.1131804 2.1131804 2.1131804 2.1131804 2.1131806 2.1131806 2.1131806 2.1131806 2.113181 2.113181 1.6869103 1.6869103 1.6869103 1.6869103 2.163462 2.163462 1.255547 2.163462 2.163462 2.163462 2.1634622 2.1634622 2.1634622 2.1634622 2.1634622 2.1634622 2.1634622 2.1634622 2.1634622 2.1634622 2.1634622 2.1634626 2.1634626 2.1634626 2.1634626 1.201296 1.5381242 1.201296 1.201296 2.163463 2.163463 2.163463 2.163463 2.163463 1.7985872
1.6611072 1.6611072 1.1824522 1.1824522 1.7719461 2.1131742 2.1131742 2.1131742 2.1131742 2.1131742 2.1131742 2.1131742 2.1131742 2.1131744 2.1131744 2.1131744 2.1131744 2.1131744 2.1131744 2.1131744 2.1131744 2.1131744 2.1131744 2.1131744 2.1634555 2.1634555 1.6869059 1.6869059 1.6869059 2.1634555 2.1634555 2.1634555 2.1634555 2.1634555 2.1634555 2.1634555 2.1634555 2.1634555 2.1634555 2.1634557 2.1634557 2.1634557 2.1634557 2.1634557 2.1634557 2.1634557 2.1634557 2.1634557 2.1634557 2.1634557 2.1634557 2.1634557 2.1634557 2.163456 2.163456 2.163456 2.163456 2.163456 1.7985824
1.7230588 0.9995953 1.6611023 1.6611023 1.1824477 1.1824477 2.1131668 2.113167 2.113167 2.113167 2.1131675 2.1131675 2.1131675 2.1131675 2.1131675 2.1131675 2.1131675 2.1131675 2.1131675 2.1131675 2.1131675 2.1131678 2.1131678 2.1131678 2.163449 2.163449 2.163449 1.6869015 1.6869015 1.6869015 2.163449 1.6869015 2.163449 2.163449 2.163449 2.163449 2.163449 2.163449 2.163449 2.1634493 2.1634493 2.1634493 2.1634493 2.1634493 2.1634493 2.1634493 2.1634493 2.1634493 2.1634493 2.1634493 2.1634493 2.1634493 2.1634493 2.1634493 2.1634493 0.87245595 2.1634493 2.1634493 1.6869016
1.6610976 1.6610976 1.6610978 1.6610978 1.6610978 1.1824425 1.1824425 2.113161 2.113161 2.113161 1.6610978 1.6610978 2.113161 2.113161 2.113161 2.113161 2.113161 2.113161 2.113161 2.113161 2.113161 2.113161 2.113161 2.113161 2.163442 2.163442 2.1634421 2.1634421 1.6868966 1.6868966 1.6868966 1.6868966 2.1634421 2.1634421 2.1634421 2.1634421 2.1634421 2.1634421 2.1634421 2.1634421 2.1634421 2.1634421 2.1634421 2.1634421 2.1634421 2.1634421 2.1634421 2.1634421 2.1634421 2.1634421 2.1634421 2.1634421 2.1634421 2.1634421 2.1634421 2.1634421 2.1634421 2.1634421 1.6868969
1.6610929 1.661093 1.661093 1.775501 1.661093 1.1824375 2.1131544 2.1131544 2.1131544 2.1131544 1.6610931 1.6610931 1.6610931 1.1824379 1.1824379 1.1824379 2.1131544 2.1131544 2.1131544 2.1131544 2.1131544 2.1131544 2.1131544 2.1131544 2.163436 2.163436 1.6868919 1.6868919 1.6868919 1.2012771 1.2012771 1.2012771 1.686892 1.686892 2.163436 2.163436 2.163436 2.163436 2.163436 2.163436 2.163436 2.163436 2.163436 2.163436 2.163436 2.163436 2.163436 2.163436 2.163436 2.163436 2.163436 2.163436 2.163436 2.163436 2.163436 2.163436 2.163436 2.163436 2.163436
1.7719268 1.9048656 1.6610882 1.6610882 1.6610882 1.6610883 1.6610883 1.6610883 2.1131475 2.1131475 1.1824331 1.6610883 1.6610883 1.1824334 1.1824334 1.1824334 2.1131475 2.1131475 2.113148 2.113148 2.113148 2.113148 2.113148 2.113148 2.1634283 2.1634283 1.2012726 1.2012726 1.2012726 1.2012726 1.2012726 1.2012726 1.6868874 1.6868874 1.6868874 2.1634285 2.1634285 2.1634285 2.1634285 2.1634285 2.1634285 2.1634293 2.1634293 2.1634293 2.1634293 2.1634293 2.1634293 2.1634293 2.1634293 2.1634293 2.1634293 2.1634293 1.6868876 1.6868876 2.1634293 2.1634293 2.1634293 2.1634293 2.1634293
1.5094293 1.1824282 1.1824282 2.1131413 1.6610835 1.7754916 1.6610835 1.6610835 1.6610835 1.6610835 1.1824285 1.2532045 1.1824285 1.1824286 1.1824286 1.1824286 2.1131413 2.1131413 2.1131415 2.1131415 2.1131415 2.1131415 2.1131415 2.1131415 2.1634216 2.1634216 1.2012682 1.2012682 1.2012682 1.2012682 1.2012682 1.2012682 2.1634216 1.6868832 1.6868832 1.6868832 2.1634219 2.1634219 2.1634219 2.1634219 2.1634219 2.1634219 2.1634219 2.1634219 2.1634219 2.1634219 2.1634219 2.1634219 2.1634219 2.1634219 2.1634219 2.309471 1.6868836 1.6868836 2.1634223 2.1634223 2.1634223 2.1634226 2.1634226
1.1824238 1.1824238 1.1824238 1.6610786 1.6610786 1.6610786 1.6610786 1.6610786 1.6610786 1.6610786 1.6610789 1.6610789 1.1824238 1.1824238 1.509425 2.1131349 2.1131349 2.1131349 2.1131349 2.113135 2.113135 2.1131353 2.1131353 2.1131358 2.1634154 2.1634154 1.2012637 1.2012637 1.2012637 0.5516808 1.2012637 1.2012637 2.1634152 2.1634152 1.6868783 1.6868783 1.6868783 1.6868783 2.1634152 2.1634152 2.1634152 2.1634157 2.1634157 2.1634157 2.1634157 2.1634157 2.1634157 2.1634157 2.1634157 2.1634157 2.1634157 2.1634157 1.6868784 1.6868784 2.1634157 2.1634157 2.1634157 2.1634157 2.1634157
1.2261949 1.7719127 2.113128 1.6610738 1.6610738 0.9995707 1.6610738 1.6610738 1.6610738 1.6610738 0.9995707 1.6610738 2.1131284 1.1824187 1.1824187 2.1131284 2.1131284 1.6610739 2.1131284 2.113129 2.113129 2.113129 2.113129 2.113129 2.1634083 2.1634083 1.2012594 1.2012594 1.2012594 0.5516765 1.2012594 1.2012594 2.1634083 2.1634083 2.1634083 2.1634083 1.6868739 1.6868739 2.1634083 2.1634083 2.1634083 2.1634083 2.1634083 2.1634083 2.1634083 2.1634083 2.1634083 2.1634083 2.1634083 2.1634083 2.1634083 2.1634083 2.1634083 2.1634083 2.1634085 2.1634085 2.1634085 2.1634085 1.2012594
1.2261908 1.7754773 1.6610689 1.6610689 1.6610689 1.2122935 0.9995662 1.1824138 1.182414 2.085793 0.99956644 1.6610693 2.1131215 2.1131215 1.771908 2.1131215 2.1131215 1.6610693 1.6610693 1.6610693 2.1131215 2.1131215 2.1131215 2.113122 2.1634016 2.1634016 1.2012544 1.2012544 1.2012544 0.55167294 1.2012544 1.2012544 2.1634018 2.1634018 2.1634018 2.1634018 1.6868693 1.6868693 1.6868693 2.1634018 2.1634018 2.1634018 2.1634018 2.1634018 2.1634018 2.1634018 2.1634018 2.1634018 2.1634018 2.1634018 2.1634018 2.1634018 2.1634018 2.1634018 2.1634018 2.1634018 2.1634018 1.201255 1.201255
1.226187 1.6610644 1.6610644 1.6610644 1.8497202 0.9995624 0.527997 0.7801204 1.1824095 1.1824095 0.9995624 1.6610645 1.8160634 1.7719035 1.7719035 2.1131153 2.1131153 2.1131153 1.7754726 2.1131153 2.1131153 2.1131153 2.1131153 2.1131153 2.1633945 2.1633945 1.2012498 1.2012498 1.2012498 1.2012498 1.2012498 2.163395 2.163395 2.163395 2.163395 2.163395 2.163395 1.6868645 1.6868645 1.6868645 2.163395 2.163395 2.163395 2.163395 2.163395 2.163395 2.163395 2.163395 2.163395 2.163395 2.163395 2.163395 2.1633952 2.1633952 2.1633952 2.1633952 2.1633952 2.1633952 1.2012502
0.94365036 1.6610596 1.6610596 1.6610596 0.9995583 1.0587991 1.3578211 0.52799225 0.52799225 0.52799225 1.237708 1.1824048 1.8160563 1.7718983 1.7718983 2.1131084 2.1131084 2.1131089 1.6610597 2.113109 2.113109 2.113109 2.113109 2.113109 2.1633873 2.1633873 1.2012453 1.2012453 0.55166507 0.55166507 1.2012455 2.1633873 2.1633873 2.1633875 2.1633875 2.1633875 2.1633875 2.1633875 1.6868604 1.6868604 2.1633875 2.1633875 2.1633875 2.1633875 2.163388 2.163388 2.163388 2.163388 2.163388 2.163388 2.163388 2.163388 2.163388 2.163388 2.163388 1.6868607 1.6868607 1.6868607 1.6868607
1.3666897 1.6610548 1.6610548 1.7230047 1.6610548 1.0587939 1.2323619 0.5279875 0.5279875 1.1824002 1.1824002 1.1824002 1.6610548 1.7718935 1.7718935 2.1131024 2.1131024 1.5163455 1.6610553 2.1131024 2.1131024 2.1131024 2.1131024 2.1131024 2.163381 2.163381 2.163381 1.2012409 0.55166125 0.55166125 1.2012409 1.2012409 2.1633813 2.1633813 2.1633813 2.1633813 2.1633813 2.1633813 2.1633816 1.6868552 1.6868552 2.1633816 2.1633816 2.1633816 2.1633818 2.1633818 2.1633823 2.1633823 2.1633823 2.1633823 2.1633823 2.1633823 2.1633823 1.201241 1.8017839 1.6868554 0.9445423 1.6868554 1.6868552
2.1130955 2.1130955 2.1130955 2.1130955 1.66105 1.7229991 0.99955 1.6610501 1.1823951 1.1823953 1.6610501 1.6610501 1.6610502 1.6610502 1.1823956 2.1130955 2.113096 2.113096 2.113096 2.113096 2.113096 2.1130962 2.1130962 2.1130962 2.1633744 1.2012364 1.7985272 1.7985272 0.55165744 0.55165744 1.7985272 1.7985272 1.2012364 1.2012362 1.2012362 1.2012362 2.1633751 2.1633751 2.1633751 1.6868509 1.6868509 2.1633751 2.1633751 2.1633751 2.1633751 2.1633751 2.1633751 2.1633751 2.1633751 2.1633751 1.2012367 2.1633751 1.2012367 1.2012367 2.1633751 1.6868511 1.0706047 0.9445385 1.6868513
2.113089 2.113089 2.113089 2.113089 1.1823907 1.7229936 1.6610452 1.6610452 1.6610452 1.6610452 1.6610452 1.6610452 1.6610452 1.6610452 1.1823908 2.1130896 2.1130896 2.1130896 2.1130896 2.1130896 2.1130896 2.1130896 2.1130896 2.1130896 2.1633675 1.2012316 1.7985228 2.1633675 1.2012318 0.5516534 1.7985226 1.7985226 1.2012318 1.2012318 1.2012318 1.2012318 2.163368 2.163368 2.163368 1.6868463 1.6868463 2.163368 2.163368 2.163368 2.163368 2.163368 2.1633685 2.1633685 1.2012318 1.2012318 1.2012318 1.2012318 1.2012322 1.2012322 2.1633687 1.940118 1.6868467 1.8251902 1.6868467
1.226167 0.0 1.7718793 1.226167 1.1823857 1.1823859 1.1823859 1.1823859 1.6610407 1.6610407 1.6610407 2.1130824 2.1130824 1.1823859 1.1823859 2.113083 2.113083 2.1130831 1.7718797 1.7718797 2.1130831 2.1130831 2.1130831 2.1130831 1.201227 1.201227 2.163361 2.163361 1.2012271 0.5516496 1.2012272 1.2012272 1.7985182 1.2012272 1.2012272 2.163361 2.163361 2.163361 2.163361 2.163361 1.686842 1.686842 2.163361 2.163361 2.163361 2.163361 2.163361 2.163361 1.2012272 1.2012272 1.2012272 1.2012272 1.2012274 2.163361 2.163361 2.163361 2.1633613 1.8518186 1.8518186
1.5163095 1.2261629 1.7718742 1.5163095 1.2261629 1.1823809 1.1823809 1.5093819 1.1823809 1.6610358 1.6610358 2.1130762 2.1130762 2.1130762 2.1130762 2.1130764 2.1130764 2.1130764 1.7718745 1.7718745 2.1130764 2.1130764 2.1130764 2.1130764 1.2012227 1.2012227 1.2012227 2.1633537 1.2012227 1.2012227 0.55164576 1.2012227 1.7985135 1.2012227 1.2012227 1.2012227 2.163354 2.163354 2.163354 2.163354 1.6868374 1.6868374 2.163354 2.163354 2.163354 2.163354 2.163354 1.2012229 1.2012229 1.2012229 1.2012229 1.2012229 1.2012229 1.2012229 1.2012229 2.163354 2.164278 1.8518107 1.8518107
2.1130693 2.1130693 1.2261586 1.2261591 1.2261591 2.1130693 2.7628675 2.1130693 2.1130693 2.1130693 2.1130693 2.1130693 2.1130693 2.1130693 2.1130693 2.1130693 2.1130693 2.1130698 1.804838 1.7718697 2.1130698 2.1130698 2.1130698 2.1130698 2.1633468 2.163347 2.163347 2.163347 1.7985088 1.2012179 0.5516424 1.2012179 1.2012179 1.2012179 1.2012179 1.2012179 2.163347 2.163347 2.163347 2.163347 1.6868325 1.6868325 2.1633472 2.1633472 2.1633472 2.1633472 2.1633472 1.2012181 1.2012181 1.2012181 1.2012181 1.2012181 0.5516424 1.2012181 1.6868328 1.6868328 1.6868328 2.1633472 1.8518031
2.113063 2.113063 1.226155 1.226155 2.113063 2.113063 2.113063 2.113063 2.113063 2.113063 2.113063 2.113063 2.113063 2.113063 2.113063 2.113063 2.113063 2.113063 2.113063 2.113063 2.113063 2.113063 2.113063 2.113063 2.1633403 2.1633403 2.1633403 2.1633403 1.7985044 1.686828 1.686828 1.2012136 1.2012136 1.2012136 1.686828 1.686828 1.2012136 1.2012136 2.1633408 2.1633408 2.1633408 1.686828 1.686828 2.1633408 1.2012137 1.2012137 1.2012137 1.7985044 1.7985044 1.2012137 1.2012137 0.55163836 1.2012137 1.686828 1.686828 1.686828 1.686828 1.8017563 1.686828
1.2261505 2.1130562 1.2261505 1.2261505 2.1130562 2.1130562 2.1130562 2.1130562 1.6610215 1.6610215 2.1130562 2.1130562 2.1130562 2.1130562 2.1130562 2.1130562 2.1130562 2.1130562 2.1130562 2.1130562 2.1130562 2.1130562 2.1130562 2.1130562 2.1633341 2.1633341 2.1633341 2.1633341 1.686823 1.686823 0.9445125 0.9445125 1.2012088 1.2012088 1.686823 1.686823 1.7984993 1.7984993 1.7984993 2.1633344 2.1633344 1.6868234 1.6868234 2.1633344 1.2012088 1.2012088 1.7984996 1.7984997 1.5272377 1.201209 1.201209 1.6868235 1.6868235 1.6868236 1.6868236 1.6868236 1.6868236 1.6868236 1.6868236
