Export/ASCII/RMeteo_SP_inch/speranza1/RMeteo_2014_SP3_inch.asc
ncols         660
nrows         338
xllcorner     1476100.0
yllcorner     5017100.0
cellsize      100
NODATA_value  -9.9e-20
[rows 0 to 34 of 338, columns 237 to 315 of 660]
1.4299915 1.4299915 1.1067979 1.1067979 1.1067979 2.6987243 2.6987243 1.1067979 1.1067979 1.1067979 1.1067979 2.8581092 2.3599608 2.3599608 2.3599608 2.3599608 2.3599606 2.3599606 2.3599606 2.3599606 2.3599606 5.69982 5.69982 2.3599606 2.6987243 1.1067979 1.1067979 2.6987243 1.1067979 1.1067975 1.1067975 1.1067975 1.1067975 1.1067975 2.6987243 2.6987243 2.6987243 2.6987243 2.6987243 4.3723817 2.6987243 2.6987243 2.3599606 3.0072312 2.3599606 4.847405 4.847405 2.35996 4.847405 4.847405 4.847405 2.35996 2.35996 2.35996 2.35996 2.35996 2.35996 2.35996 2.35996 2.35996 2.35996 2.3599598 4.372381 4.372381 4.372381 4.372381 4.372381 4.372381 4.372381 0.76505923 0.76505923 0.0 1.1067965 1.1067963 1.1067963 1.1067963 1.1067963 1.106796 0.0
1.4299746 1.4299746 1.10678 1.10678 1.10678 2.6987064 2.6987064 4.372363 4.0836816 2.6987064 4.372363 2.4021246 5.699803 5.699803 2.3599405 2.3599405 4.372363 4.372363 5.162159 2.35994 2.698706 5.699803 5.699803 2.35994 2.698706 2.698706 2.698706 2.698706 2.698706 2.698706 1.10678 1.10678 1.10678 1.10678 1.10678 1.10678 1.10678 1.10678 2.6987054 2.6987054 2.35994 2.35994 2.35994 3.0072129 2.35994 4.8473864 4.785674 4.785674 4.8473864 4.8473864 4.8473864 2.3599396 2.3599396 2.3599396 2.3599396 2.3599396 2.3599396 2.3599396 2.3599396 2.3599396 2.3599396 2.3599396 2.3599396 3.0315032 4.372362 2.3599393 2.3599393 3.0072129 4.372362 0.7887275 0.7887275 0.0 1.1067793 1.1067793 1.1067793 1.1067793 1.1067793 0.0 0.0
1.4299562 1.4299562 1.1067612 2.8580728 2.8580728 4.3723454 4.3723454 4.3723454 3.4950857 4.785656 2.3599203 2.3599203 5.6997876 5.6997876 2.3599203 2.3599203 4.3723454 4.3723454 5.1621404 4.785656 4.785656 2.3599203 5.6997876 2.3599203 2.3599203 3.0071943 5.6997876 2.6986885 2.6986885 2.6986885 2.6986885 2.6986885 1.1067612 1.1067612 1.1067612 1.1067612 1.1067612 1.1067612 2.6986885 2.6986885 2.6986885 2.3599203 2.3599203 2.3599203 2.3599203 2.3599203 4.7856555 4.7856555 4.372345 4.372345 4.8473682 2.35992 2.35992 2.35992 2.35992 2.35992 2.3599198 2.3599198 2.3599198 2.3599198 2.3599198 2.3599198 2.3599198 4.372345 4.372345 2.3599195 2.3599195 3.007194 0.26382518 0.2925651 0.0 0.0 1.106761 1.106761 1.106761 1.106761 1.106761 0.0 0.0
3.0496485 3.0496485 2.8580554 2.8879888 2.8580554 4.372327 4.372327 4.372327 4.87057 4.785638 4.785638 4.372327 5.6997743 2.3599002 2.3599002 4.372327 4.372327 4.8473496 5.1621227 4.785638 4.785638 2.6986709 2.3599002 2.3599002 2.3599002 2.3599002 2.3599002 3.0071757 4.6771517 2.6986709 2.6986709 2.6986704 2.6986704 1.106745 1.106745 1.106745 2.6986704 2.6986704 2.6986704 2.6986704 4.372327 4.372327 2.3599002 2.3599002 2.3599002 3.0071752 2.3599002 2.3599002 4.785638 2.3599002 3.0071752 2.3599002 2.3599002 2.3599002 2.3599002 2.3599002 2.3598998 2.3610058 2.3598998 2.3598998 2.3598998 2.3598995 4.8473496 4.3723264 4.3723264 2.3598995 5.6997733 4.785637 1.6283333 0.26380754 0.0 0.0 1.106745 1.1067448 1.1067448 0.0 0.0 0.0 0.0
3.0707276 4.5766597 4.3723083 4.4529595 4.3929615 4.3723083 2.3598802 5.6997576 4.7856183 4.7856183 4.7856183 4.3723083 2.3598802 3.007157 3.007157 4.3723083 4.3723083 4.847332 4.847332 4.3723083 2.6986532 2.6986532 2.35988 2.35988 2.35988 2.35988 2.35988 2.35988 2.35988 2.35988 2.35988 2.6986527 2.6986527 1.1067264 1.1067264 1.1067264 2.6986527 2.6986527 2.6986527 4.3723083 4.3723083 4.3723083 2.35988 2.35988 2.35988 3.0071568 4.7856183 4.7856183 4.7856183 2.35988 3.0071568 3.0071568 3.0071568 3.0071568 2.35988 3.0071568 3.0071568 2.35988 2.35988 2.35988 2.35988 2.6986523 2.6986523 4.847331 3.007157 3.007157 5.6997566 4.7856183 1.7352166 0.76500916 0.0 0.0 1.1067262 1.1067262 2.8580363 0.7650089 0.0 0.0 0.0
4.5172377 4.5826387 4.372289 4.372289 4.372289 4.372289 2.3598607 5.699742 4.7856 4.7856 5.699742 2.3598607 2.3598607 3.0071397 3.0071397 4.372289 4.372289 4.372289 4.847314 1.1067083 1.1067083 1.1067083 2.3598607 2.3598607 2.3598607 2.3598607 2.3598607 2.3598607 2.3598607 2.3598607 2.3598607 6.679124 2.6986346 2.6986346 2.6986346 2.6986346 2.6986346 2.6986346 4.7856 4.3722887 4.3722887 4.3722887 4.3722887 2.3609664 2.3598607 2.3598607 2.3598602 2.3598602 2.3598602 2.3598602 3.0071392 3.0071392 3.0071387 3.0071387 2.3598597 3.0071387 3.0071387 2.3598595 3.0071387 2.3598595 2.3598595 2.6986346 2.6986346 4.847313 3.0071387 5.699741 5.699741 5.699741 0.2637732 0.7886629 0.0 0.0 1.1067073 0.0 0.8226135 0.78866243 0.0 0.0 0.0
4.51722 4.51722 2.35984 2.35984 2.35984 2.35984 2.35984 4.7855835 4.7855835 4.7855835 4.7855835 2.35984 4.372272 4.372272 2.6986175 4.372272 4.372272 4.372272 4.847296 2.6986175 1.1066906 1.1066906 2.35984 2.35984 2.35984 2.360946 2.35984 2.35984 2.35984 2.35984 2.35984 4.7855835 4.7855835 4.372272 4.372272 4.372272 4.372272 2.6986175 4.372272 4.644286 4.3722715 4.3722715 4.3722715 4.3722715 2.3598397 2.3598397 2.3598397 2.3598397 2.3598397 2.3598397 3.00712 4.7855825 4.7855825 2.3598397 2.3598397 3.00712 3.00712 2.3598397 3.00712 2.3598397 4.677088 2.698617 2.698617 2.698617 4.7855825 5.6997256 5.6997247 5.6997247 3.0071197 0.29247546 0.0 0.0 0.0 0.0 0.0 0.0 0.0 0.0 0.0
4.5172033 2.959347 2.6986003 2.6986003 2.6986003 2.3598197 4.785565 4.785565 4.785565 4.785565 4.785565 2.6986003 2.6986003 1.1066728 2.6986003 4.372254 4.372254 4.372254 4.372254 2.6986003 1.1066728 1.1066728 2.3598197 2.3598197 2.3598197 2.3598197 2.3598197 2.3598197 2.3598197 2.3598197 2.3598197 2.3598197 2.3598194 4.372254 4.372254 4.372254 4.644268 4.372254 4.372254 2.8579822 4.372254 4.372254 4.372254 4.372254 2.3598194 2.3598194 2.3598194 2.3598194 2.3598194 2.3598194 4.785565 4.785565 4.7855644 2.3598194 4.7855644 4.7855644 2.3598194 2.3598192 2.3598192 3.0071015 3.0071015 2.3598192 4.3722534 4.3722534 2.3598192 3.0071015 2.3598192 2.3598192 4.1929426 0.26373744 0.0 0.0 0.0 0.0 0.0 0.0 0.0 0.0 0.0
4.5171843 2.959329 2.6985822 2.6985822 2.6985822 2.6985822 4.7855463 4.7855463 4.7855463 4.7855463 2.3598003 2.6985822 1.1066551 1.1066551 1.1066551 1.1066551 2.8579643 4.3722353 4.3722353 4.7855463 2.6985822 1.1066551 2.3598003 2.3598003 2.3598003 2.3598003 2.3598003 2.3598003 2.3598003 4.372235 2.3598003 2.3598003 4.372235 4.372235 4.372235 2.8579643 2.8579643 2.8579643 2.8579643 2.8878977 4.372235 4.372235 2.3597999 4.372235 4.372235 5.6996927 5.6996927 2.6985817 2.6985817 2.6985817 2.3597996 4.7855453 4.7855453 2.3597996 2.6985817 4.7855453 2.3597996 2.3597996 2.3597996 2.3597996 2.3597996 2.3597996 4.3722343 4.3722343 4.3722343 4.7855453 4.7855453 4.7855453 2.3597996 0.0 0.0 0.0 0.0 0.0 0.0 0.0 0.0 0.0 0.0
2.9593117 2.9593117 2.6985645 2.6985645 2.6985645 2.6985645 2.6985645 2.6985645 2.3597798 2.3597798 2.3597798 2.6985645 2.6985645 1.106638 1.106638 1.106638 1.1281209 4.3722177 4.3722177 4.3722177 4.7855277 4.7855277 2.3597798 2.3597798 4.7855277 4.7855277 2.6985645 2.6985645 2.6985645 4.3722177 2.3597798 2.6985645 4.3722177 2.857946 2.857946 2.857946 2.8878794 2.8878794 2.857946 4.667427 4.3722177 4.3722177 4.3722177 2.698564 2.698564 2.698564 2.698564 2.698564 2.698564 2.698564 2.3597791 4.7855277 4.7855277 2.3597791 2.698564 2.698564 2.698564 2.698564 2.698564 5.6996775 2.3597791 5.1620173 4.3722177 4.3722177 4.3722177 3.4949582 4.7855277 4.7855277 2.3597786 0.0 0.0 0.0 0.0 0.0 0.0 0.0 0.0 0.0 0.0
1.4298172 2.9592938 2.6985474 2.6985474 2.6985474 2.6985474 2.6985474 4.78551 2.3597603 2.3597603 2.6985474 2.6985474 2.6985474 1.1066201 1.1066201 1.1066201 1.1066201 4.3722 4.3722 4.78551 4.78551 4.78551 4.78551 2.6985474 4.78551 4.78551 2.6985474 2.6985474 2.6985474 2.6985474 2.6985474 2.6985474 2.6985474 1.1281028 1.143115 1.1066196 2.8878613 1.1281023 1.1281023 4.372199 4.372199 4.372199 4.372199 2.698547 2.698547 2.698547 2.698547 2.698547 2.698547 2.698547 2.35976 2.35976 4.785509 2.35976 2.698547 2.698547 1.1066194 2.698547 4.3721986 4.3721986 2.35976 5.1620007 4.3721986 4.3721976 4.3721976 3.5840242 4.785508 4.785508 0.0 0.0 0.0 0.0 0.0 0.0 0.0 0.0 0.0 0.0 0.0
1.4298003 1.4298003 2.6985295 2.6985295 2.6985295 2.6985295 2.3597407 4.785491 2.6985295 2.6985295 2.6985295 2.6985295 2.6985295 1.1066022 1.1066022 1.1066022 2.85791 4.3721805 4.3721805 4.785491 4.785491 4.785491 2.6985295 2.6985295 2.6985292 2.6650515 2.6985292 2.6985292 2.6985292 1.1066022 1.1066022 2.6985292 2.6985292 1.1066022 1.106602 1.106602 1.1280844 1.106602 1.106602 2.6985292 2.6985292 2.6985292 2.6985292 2.6985292 3.3776672 2.6985292 2.6985292 2.6985292 2.6985292 2.6985292 2.6985292 2.3597405 4.785491 2.3597403 2.6985292 2.6985292 2.6985292 2.6985292 4.37218 4.37218 4.37218 4.37218 4.37218 4.37218 4.37218 4.870419 4.7854905 4.958734 1.6277509 0.0 0.0 0.0 0.0 0.0 0.0 0.0 0.0 0.0 0.0
2.95926 2.95926 2.6985116 2.6985116 2.6985116 2.6985116 2.6985116 2.6985116 2.6985116 1.1065838 1.1065838 2.6985116 1.1065838 1.1065838 1.1065838 1.1065838 1.1280663 4.372163 4.372163 5.69963 4.785474 4.785474 2.6985116 2.6985116 2.6985116 2.6985116 2.6985116 2.6985116 2.6985116 1.1065838 1.1065838 2.6985116 2.6985116 1.1065838 1.1065838 1.1065838 1.1065838 1.1065838 1.1065838 1.1065838 1.1065838 1.1065838 1.1065838 1.1065838 1.1065838 1.1065838 1.1065838 2.6985111 2.6985111 2.6985111 2.6985111 2.35972 4.372163 4.372163 4.372163 2.6985106 4.372163 4.372163 2.8578918 4.372163 4.372163 4.372163 2.6985106 1.1065834 2.6985106 4.3721623 2.3597198 1.6277378 1.6277378 0.0 0.0 0.0 0.0 0.0 0.0 0.0 0.0 0.0 0.76511383
1.0945994 1.0945994 1.0530795 1.0530795 1.0530795 0.109129906 0.109129906 0.109129906 0.109129906 0.109129906 0.109129906 1.0530795 0.109129906 0.109129906 0.109129906 0.109129906 1.1105263 2.4071603 2.4071603 2.4071603 0.0 0.0 1.0530795 1.0530795 1.0530795 1.0530795 1.0530795 1.0530795 0.109129906 0.109129906 0.109129906 1.5601627 0.109129906 0.109129906 0.109129906 0.109129906 0.109129906 0.109129906 0.109129906 0.109129906 0.109129906 0.109129906 0.109129906 0.109129906 0.109129906 0.109129906 0.109129906 0.109129906 0.109129906 0.109129906 1.0530794 1.9588237 1.9588237 1.9588237 1.9588237 0.9515337 1.9588237 1.9588237 1.9675658 2.0401025 1.9588237 1.9588237 1.0530794 0.109129906 1.0530794 1.9588237 0.0 0.0 0.0 0.0 0.0 0.0 0.0 0.0 0.0 0.0 0.0 0.0 0.0
1.0945901 1.0945901 1.0530736 1.0530736 1.0530736 1.0530736 0.10912895 0.10912895 0.10912895 0.10912895 1.0530736 1.0530736 0.10912895 0.10912895 0.10912895 0.10912895 0.10912895 1.0530736 1.0530736 2.407151 0.0 0.0 1.0530736 1.0530736 1.0530736 1.0530736 1.0530736 1.0530736 1.0530736 0.10912895 0.10912895 1.0530736 0.10912895 0.10912895 0.10912895 0.10912895 0.10912895 0.10912895 0.10912895 0.10912895 0.10912895 0.10912895 0.10912895 0.10912895 0.10912895 0.10912895 0.10912895 1.9216222 0.95152867 0.10912895 1.0530736 1.9588175 1.9588175 1.9588175 1.9588175 1.9588175 1.9588175 1.9588175 1.9588175 0.95152867 0.10912895 1.0530736 1.0530736 0.10912895 0.10912895 0.0 0.95152867 0.95152867 0.0 0.0 0.0 0.0 0.0 0.0 0.0 0.0 0.0 0.0 0.0
1.0945799 1.0945799 1.0530674 1.0530674 1.0530674 1.0530674 0.10912752 1.0530674 0.10912752 0.10912752 1.0530674 1.0530674 0.10912752 0.10912752 0.10912752 0.10912752 0.10912752 1.9588115 1.9588115 2.4071424 0.0 0.0 1.0530674 0.10912752 0.10912752 0.10912752 0.10912752 0.10912752 0.10912752 0.10912752 1.0530674 2.1308672 1.1717871 0.10912752 0.10912752 0.10912752 0.10912752 0.10912752 0.10912752 0.10912752 0.10912752 0.10912752 0.10912752 0.10912752 0.10912752 0.10912752 0.10912752 0.10912752 0.9515239 0.10912752 1.0530673 1.0530673 1.0530673 1.9588114 1.9588114 1.9588114 1.9588114 1.9588114 1.9588114 0.9302832 0.10912752 0.10912752 0.10912752 0.10912752 0.10912752 0.24319983 0.9515239 0.0 0.0 0.0 0.0 0.0 0.0 0.0 0.0 0.0 0.0 0.0 0.0
3.6795201 1.0945708 1.0530623 1.0530623 0.109126806 1.0530623 1.0530623 1.0530623 1.0530623 1.0530623 1.0530623 1.0530623 0.109126806 0.109126806 0.109126806 0.109126806 0.109126806 0.109126806 0.109126806 1.9588054 1.9588054 1.0530623 1.0530623 0.109126806 0.109126806 0.109126806 0.109126806 1.0530623 1.0530623 0.109126806 1.0530623 2.1308613 0.9654199 0.109126806 0.109126806 0.109126806 0.109126806 0.109126806 0.109126806 0.109126806 0.109126806 0.109126806 0.109126806 0.109126806 0.109126806 0.109126806 0.109126806 0.109126806 0.109126806 0.9515196 0.109126806 0.109126806 1.0530623 1.0530623 1.9588053 1.9588053 1.9588053 1.9588053 1.9588053 1.2469345 0.109126806 0.109126806 0.109126806 0.109126806 0.109126806 0.9515196 0.0 0.0 0.0 0.0 0.0 0.0 0.0 0.0 0.0 0.0 0.0 0.0 0.0
1.0945609 1.0945609 1.0530567 1.0530567 1.0530567 1.0530567 1.0530567 1.0530567 1.0530567 1.0530567 2.4071248 1.0530567 0.109125614 1.0530567 1.0530567 0.109125614 0.109125614 0.109125614 0.109125614 0.95151484 0.95151484 0.109125614 1.0530567 0.109125614 1.0530567 1.0530567 1.0530567 1.0530567 1.0530567 1.0530567 1.0530567 2.130855 1.9525574 0.95151484 0.95151484 0.95151484 0.109125614 0.109125614 0.109125614 0.109125614 0.109125614 0.109125614 0.109125614 0.109125614 0.109125614 0.109125614 0.109125614 0.109125614 0.109125614 0.109125614 0.109125614 0.109125614 0.109125614 0.109125614 0.95151436 0.95151436 0.95151436 0.95151436 0.95151436 1.0946339 0.95151436 0.95151436 0.109125614 0.109125614 0.109125614 0.9302741 0.0 0.0 0.0 0.0 0.0 0.0 0.0 0.0 0.0 0.0 0.0 0.0 0.0
1.0945514 1.0945514 1.0530514 1.0530514 2.1308494 0.0 1.0530514 1.0530514 0.0 1.0530514 1.0530514 1.0530514 1.9587935 1.9587935 1.0530511 0.1091249 0.1091249 0.1091249 0.1091249 0.9302696 0.1091249 0.1091249 0.1091249 0.1091249 1.0530511 1.0530511 1.0530511 1.0530511 1.0530511 1.0530511 1.0530511 1.0530511 0.9515103 0.9302696 0.1091249 0.9302696 0.9515103 0.9515103 0.9515103 0.1091249 0.1091249 0.1091249 0.1091249 0.1091249 0.9515103 0.9515103 0.1091249 0.1091249 0.1091249 0.1091249 0.1091249 0.1091249 1.0530511 1.9587938 0.9302696 0.9302696 0.9302696 0.9302696 0.9302696 0.9302696 0.9302696 0.9302696 0.1091249 0.1091249 0.1091249 0.0 0.0 0.0 0.0 0.0 0.0 0.0 0.0 0.0 0.0 0.0 0.0 0.0 0.0
1.0945418 0.56780005 0.0 0.0 2.130843 2.130843 1.9587873 1.9587873 1.9587873 1.0530454 1.0530454 1.9587873 1.9587873 1.9587873 1.0530454 0.10912347 0.10912347 0.10912347 0.10912347 0.10912347 0.10912347 0.10912347 0.10912347 0.10912347 1.0530454 1.0530454 1.0530454 1.0530454 1.0530454 1.0530454 0.10912347 1.0530454 1.0412217 1.0412217 1.9587873 0.9302646 0.9515048 0.93026435 0.93026435 0.9515048 0.10912347 0.10912347 0.10912347 0.10912347 0.9515048 0.10912347 0.10912347 0.10912347 0.10912347 0.10912347 0.10912347 0.10912347 1.0530453 1.9587871 0.93026435 0.93026435 0.93026435 0.93026435 0.93026435 0.95150506 0.9366187 0.95150506 0.10912347 0.10912347 0.95150506 0.0 0.0 0.0 0.0 0.0 0.0 0.0 0.0 0.0 0.0 0.0 0.0 0.0 0.0
0.56779003 0.56779003 0.0 0.0 0.0 1.9587811 1.9587811 1.9587811 1.9587811 1.0530401 1.0530401 1.9587811 2.1673987 1.9587811 1.0530401 0.109122515 0.109122515 0.109122515 1.0530401 1.0530401 1.0530401 1.0530401 1.0530401 1.0530401 1.0530401 0.0 0.0 0.0 1.0530401 0.109122515 0.109122515 0.109122515 0.109122515 1.0530401 1.958781 1.9525394 0.9302598 0.9515003 0.9302598 0.109122515 0.109122515 0.109122515 0.109122515 0.109122515 0.109122515 0.109122515 0.109122515 0.109122515 0.109122515 1.0530401 1.0530401 1.958781 1.0530401 1.958781 0.95144284 0.9515003 0.9515003 0.9302596 0.9302596 0.9302596 0.9302596 0.9515003 0.109122515 0.109122515 0.9515003 0.0 0.0 0.0 0.0 0.0 0.0 0.0 0.0 0.0 0.0 0.0 0.0 0.0 0.0
0.56777906 0.56777906 0.0 0.0 1.9587749 1.9587749 1.9587749 1.9587749 1.0530344 1.0530344 1.0530344 1.9587749 1.9587749 1.9587749 0.10912132 0.10912132 0.10912132 0.10912132 1.0530344 1.0530344 2.1673925 0.0 1.9587749 2.1308308 2.1308308 0.0 0.0 0.0 1.0530344 1.0530344 0.10912132 1.0530344 1.0530344 1.0530344 0.0 2.4070892 0.0 0.10912132 0.10912132 1.0530344 1.0530344 1.0530344 0.10912132 0.10912132 0.10912132 0.10912132 0.10912132 0.10912132 0.10912132 1.0530343 1.0530343 1.0530343 1.0530343 1.0530343 0.9514955 0.9514955 0.9302548 0.9514955 0.9514955 0.9302548 0.9302548 0.9302548 0.9514955 0.9514955 0.9302548 0.0 0.0 0.0 0.0 0.0 0.0 0.0 0.0 0.0 0.0 0.0 0.0 0.0 0.0
0.56776977 0.56776977 1.9587697 1.9587697 1.9587697 1.9587697 1.9587697 1.9587697 2.1308248 1.0530292 1.0530292 1.9587697 0.95149124 0.95149124 1.9587697 1.0530292 1.0530292 1.0530292 1.0530292 1.9587697 1.9587697 0.0 1.9587697 1.9587697 2.1308248 0.0 0.0 0.0 0.0 1.0530292 1.0530292 1.0530292 0.62139106 0.62139106 0.0 0.0 0.0 0.0 0.0 0.0 1.9587697 1.0530292 0.10912037 0.10912037 0.10912037 0.10912037 0.10912037 0.10912037 0.10912037 0.10912037 1.0530292 1.0530292 1.0530292 1.0530292 0.9302505 0.95149124 0.951491 0.9302505 0.9302505 0.9302505 0.9302505 0.9302505 0.93660176 0.951491 0.951491 0.0 0.0 0.0 0.0 0.0 0.0 0.0 0.0 0.0 0.0 0.0 0.0 0.0 0.0
0.5677595 0.5677595 1.9587632 1.9587632 1.9587632 1.9587632 1.9587632 1.0530235 2.1308188 2.1308188 1.0530235 1.9587632 1.9525207 1.9525207 1.9587632 1.9587632 0.0 1.0530235 1.9587632 1.9587632 1.9587632 1.9587632 1.9587632 0.0 0.0 0.0 0.0 0.0 0.0 0.0 0.0 0.0 0.0 0.0 0.0 0.0 0.0 0.0 0.0 0.0 0.0 0.0 2.4070714 0.95148623 0.95148623 0.10911918 0.10911918 0.10911918 0.10911918 0.10911918 1.0530233 1.0530233 1.0530233 1.9587631 0.9302455 0.9302455 0.951486 0.9302453 0.9302453 0.9302453 0.9302453 0.9302453 0.9302453 0.951486 0.9302453 0.0 0.0 0.0 0.0 0.0 0.0 0.0 0.0 0.0 0.0 0.0 0.0 0.0 0.0
0.5677495 0.5677495 0.0 1.9587573 0.0 1.9587573 1.053018 1.053018 0.0 0.0 0.0 1.9587573 1.9587573 1.9587573 1.9587573 1.9587573 2.1308126 1.9587573 1.9587573 1.9587572 1.9587572 1.9587572 0.0 0.0 0.0 0.0 0.0 0.0 0.0 0.0 0.0 0.0 0.0 0.0 0.0 0.0 0.0 0.0 0.0 0.0 0.0 0.0 1.053018 0.10911822 0.10911822 0.10911822 0.10911822 0.10911822 1.1717447 2.1308124 1.053018 1.053018 1.9587572 1.9587572 0.95148146 0.95148146 0.9302412 0.9514812 0.9514812 0.9514812 0.9514812 0.930241 0.9514812 0.9514812 1.9525146 0.0 0.0 0.0 0.0 0.0 0.0 0.0 0.0 0.0 0.0 0.0 0.0 0.0 0.0
0.5677402 2.4295096 1.9587506 1.9587506 0.0 0.0 0.0 0.0 0.0 0.0 0.0 1.9587506 1.0530123 1.0530123 1.0530123 1.0530123 2.130806 1.9587506 1.9587506 1.9587506 0.0 0.0 0.0 0.0 0.0 0.0 0.0 0.0 0.0 0.0 0.0 0.0 0.0 0.0 0.0 2.130806 2.130806 0.0 1.9587506 1.9587506 0.0 0.6213703 1.0530121 0.0 0.0 0.10911703 0.10911703 0.10911703 0.10911703 0.0 0.0 0.0 0.0 1.9587505 0.9302362 0.9302362 0.9514767 0.9302362 0.9302362 0.9302362 0.9302362 0.9302362 0.9302362 0.8862494 1.9587505 0.0 0.0 0.0 0.0 0.0 0.0 0.0 0.0 0.0 0.0 0.0 0.0 0.0 0.0
2.4294994 2.4294994 1.9587452 1.9587452 0.0 0.0 1.9587452 1.9587452 1.9587452 0.0 0.0 0.0 1.0530071 1.0530071 1.0530071 1.0530071 2.1308002 1.9587452 1.9587452 0.0 0.0 0.0 0.0 0.0 0.0 0.0 0.0 0.0 0.0 0.0 0.0 0.0 0.0 0.0 0.0 2.1307998 2.1307998 2.1307998 1.958745 1.958745 0.0 0.0 0.0 0.0 0.0 0.0 0.9514717 0.9514717 1.110383 0.0 0.0 0.0 0.0 1.9587449 1.9525021 1.9525021 0.930231 0.930231 0.930231 1.9525021 0.930231 0.930231 0.930231 0.9514717 0.9514717 0.0 0.0 0.0 0.0 0.0 0.0 0.0 0.0 0.0 0.0 0.0 0.0 0.0 0.0
0.5677197 2.429489 1.9587393 1.9587393 0.0 0.0 1.9587393 1.9587393 0.0 0.0 0.0 0.0 1.0530014 1.0530014 1.0530014 0.0 0.0 0.0 1.9587393 1.9587393 1.5740657 1.5740654 0.0 1.0530014 0.0 0.0 0.0 0.0 0.0 2.4070365 0.0 0.0 0.0 0.0 0.0 0.0 2.1307945 2.1307945 0.0 0.0 0.0 0.0 0.0 0.0 0.0 0.0 0.9302267 0.9302267 1.9587393 2.407036 0.0 0.0 0.0 1.9587393 1.9587393 1.9587393 1.9524963 1.9524963 1.9524963 1.9587393 1.9587393 0.9514674 0.9514674 0.9302267 1.9587393 1.9587393 0.0 0.0 0.0 0.0 0.0 0.0 0.0 0.0 0.0 0.0 0.0 0.0 0.0
0.56771016 0.56771016 1.958733 0.0 0.0 0.0 0.0 1.958733 1.958733 0.0 0.0 0.0 1.0529963 1.0529963 1.0529963 0.0 0.0 0.0 0.0 1.5740592 1.5740592 1.5740592 0.0 1.0529963 0.0 0.0 0.0 0.0 0.0 0.0 0.0 0.0 1.0529963 1.0529963 1.0529963 1.0529963 0.0 0.0 0.0 0.0 0.0 0.0 1.0529962 1.0529962 1.0529962 1.9587328 0.9302217 0.9302217 1.9587328 2.407028 0.0 0.0 0.0 0.0 0.0 0.0 0.0 0.0 2.130788 1.9587328 1.9587328 1.9524896 1.9524896 0.9302217 1.052996 2.4070275 0.0 0.0 0.0 0.0 0.0 0.0 0.0 0.0 0.0 0.0 0.0 0.0 0.0
0.5676999 0.5676999 0.0 0.0 0.0 0.0 0.0 0.0 1.0529901 1.0529901 1.0529901 1.9587268 1.0529901 1.9587268 2.1307817 0.0 0.0 0.0 0.0 1.5740509 1.5740509 1.9587268 0.0 0.0 0.0 0.0 0.0 0.0 0.0 0.0 0.0 0.0 1.9587268 1.9587265 0.10911274 1.0529901 0.0 2.407019 0.0 0.0 0.0 0.0 1.0529901 0.10911274 0.9514576 1.9587265 0.9302174 0.9302174 1.9587265 2.407019 0.0 0.0 1.0529901 0.0 0.0 0.0 0.0 0.0 2.1307812 2.286957 1.9587264 1.9587264 1.9587264 1.9524832 1.0529897 1.0529897 0.0 0.0 0.0 0.0 0.10911274 0.10911274 0.0 0.0 0.0 0.0 0.0 0.0 0.0
0.5676899 0.5676899 0.0 0.0 0.0 0.0 0.0 1.0529847 1.0529847 1.0529847 1.0529847 1.9587209 1.9587209 1.9587209 0.0 0.0 0.0 0.0 0.0 1.5740423 1.9587209 1.9587209 0.0 0.0 0.0 0.0 0.0 0.0 0.0 0.0 0.0 2.1307757 2.1307757 1.1717156 0.109112024 1.0529845 0.0 0.0 0.0 0.0 0.0 0.0 1.0529845 1.9587209 1.9524772 1.9587209 1.9524772 0.9514526 1.9587208 1.9587208 0.0 0.0 1.0529845 0.0 0.0 1.0529845 1.0529845 1.0529845 2.1307755 1.0529845 1.9587208 1.9587208 0.9514526 1.9587208 1.9587208 1.9587208 0.109112024 0.109112024 0.109112024 0.109112024 0.109112024 0.109112024 0.0 0.0 0.0 0.0 0.0 1.1717156 0.0
0.5676801 0.5676801 0.0 1.052979 0.0 1.052979 1.052979 1.052979 1.052979 1.052979 2.1307693 2.1307693 1.052979 1.052979 1.052979 1.052979 1.052979 1.052979 1.9587144 1.9587144 1.9587144 1.9587144 1.9587144 0.0 0.0 0.0 2.1307693 2.1307693 0.0 0.0 1.9587144 2.1307693 2.1307693 1.1986388 1.052979 0.0 0.0 2.1307693 2.1307693 1.9587141 1.9587141 1.9587141 1.9587141 1.9587141 1.9587141 1.9587141 1.9587141 0.9302074 0.9514481 1.9587141 0.0 0.0 0.0 1.052979 1.052979 1.052979 1.052979 0.10911083 0.10911083 1.052979 0.0 1.9587141 1.9524707 1.9587141 0.87643206 1.9587141 0.9514481 0.10911083 0.10911083 0.10911083 0.10911083 0.10911083 0.0 0.0 0.0 0.10911083 0.109112024 0.10911083 0.10911083
0.56766963 0.0 1.0529735 1.0529735 1.0529735 1.0529735 1.0529735 0.0 1.0529735 1.0529735 1.0529735 1.0529735 1.0529735 1.0529735 1.0529735 0.10910964 0.10910964 1.0529735 1.9587083 1.9587083 1.9587083 1.9587083 1.9587083 0.0 0.0 0.0 2.130763 2.130763 0.0 0.0 1.9587083 1.9587083 1.9587083 1.0559118 1.0529735 1.0529735 1.0529735 1.0529735 2.130763 1.9587083 1.9587083 1.9587083 1.9587085 0.9514433 1.9587085 1.9587085 1.9587085 1.9524646 0.8999171 0.90374136 0.0 0.0 0.0 1.0529734 1.0529734 1.0529734 1.0529734 0.10910964 0.10910964 1.0529734 0.0 1.9587085 1.9587085 0.9514433 0.9407326 0.9514433 0.9302031 0.10910964 0.10910964 0.10910964 0.0 0.0 0.0 0.0 0.10910964 0.0 0.0 0.10910964 0.10910964
2.771412 0.0 0.0 1.052968 1.052968 1.052968 1.052968 1.052968 2.4069834 2.4069834 1.052968 1.052968 1.052968 1.052968 0.10910869 0.10910869 0.10910869 0.10910869 0.951439 0.951439 0.951439 0.951439 1.9587027 1.9587027 0.0 0.0 2.130757 2.130757 0.0 2.130757 2.130757 0.0 0.0 1.052968 0.10910869 0.109108925 0.109108925 1.052968 2.130757 1.9587027 1.9587027 1.9587027 1.9587024 1.9524585 1.9587024 1.9587024 1.9587024 1.5740201 1.5740201 1.5740201 0.0 0.0 0.0 1.052968 1.052968 1.052968 1.052968 0.109108925 0.951439 1.9587024 1.9587024 1.9587024 0.951439 0.9301983 0.9301983 0.9301983 0.109108925 0.109108925 0.109108925 0.109108925 0.0 0.0 0.0 0.0 0.0 0.0 0.0 0.0 0.0
2.7714021 0.0 0.0 1.0529625 1.0529625 1.0529625 1.0529625 1.0529625 1.0529625 2.4069746 2.4069746 1.0529625 1.0529625 1.0529625 0.10910797 0.10910797 0.10910797 0.10910797 0.95143425 0.93310845 0.95143425 0.93019354 0.93019354 1.9586967 1.0529625 1.9586967 1.9586967 0.0 2.1307511 2.1307511 1.0529625 1.0529625 1.0529625 1.0529625 0.10910797 0.10910797 0.10910797 1.0529625 0.0 0.0 1.9586967 1.9586967 2.4069746 1.9586967 1.9586967 1.5740128 0.0 1.5740128 1.5740128 1.5740128 0.62131166 0.0 0.0 1.0529625 1.0529625 0.10910797 0.9514338 0.9514338 0.9301933 0.9514338 0.9514338 0.9514338 0.9301933 0.9301933 0.10910773 0.10910773 0.9514338 0.10910773 0.0 0.0 0.0 0.0 0.0 0.0 0.0 0.0 0.0 0.0 0.0
