Export/ASCII/RMeteo_SP_inch/speranza1/RMeteo_2017_SP3_inch.asc
ncols         660
nrows         338
xllcorner     1476100.0
yllcorner     5017100.0
cellsize      100
NODATA_value  -9.9e-20
[rows 0 to 35 of 338, columns 246 to 327 of 660]
0.0 0.0 0.7671497 1.7458065 1.7458065 1.7458065 1.7458065 1.7458065 1.7458065 1.7458065 1.7458065 1.7458065 5.1726947 5.1726947 1.7458065 0.82594955 0.0 0.0 0.82594955 0.0 0.0 0.0 0.0 0.0 0.0 0.82594955 0.82594955 0.82594955 0.82594955 0.8259492 2.4158769 0.8259492 0.8259492 1.7458065 2.988967 1.7458065 2.3804703 2.3804703 1.7458065 2.3804703 2.3804703 2.3804703 1.7458065 1.7458065 1.7458065 1.7458065 1.7458065 1.7458065 1.7458065 1.7458065 1.7458065 1.7458065 1.7458065 2.4158769 2.4158769 2.4158769 2.4158769 2.4158769 2.4158769 2.4158769 0.0 0.0 0.0 0.0 0.0 0.0 0.0 0.0 0.0 0.0 0.028923512 0.0 0.0 0.0 0.0 0.0 0.0 0.0 0.0 0.0 0.0 0.0
0.8259338 2.4158573 1.745795 5.1726866 5.1726866 1.745795 1.745795 2.4158573 2.4158573 2.7911422 1.745795 0.8259338 5.1726866 5.1726866 1.745795 0.8259338 0.8259338 0.8259338 0.8259338 0.8259338 0.8259338 0.0 0.0 0.0 0.0 0.0 0.0 0.0 0.0 0.8259338 0.8259338 1.745795 1.745795 1.745795 2.988954 1.745795 2.3804698 3.0305045 3.0305045 2.3804698 2.3804698 2.3804698 1.745795 1.745795 1.745795 1.745795 1.745795 1.745795 1.745795 1.745795 1.745795 1.745795 1.745795 1.745795 2.8214679 2.4158568 1.745795 1.745795 2.9889538 2.4158568 0.0 0.0 0.0 0.0 0.0 0.0 0.0 0.0 0.0 0.0 0.0 0.0 0.0 0.0 0.0 0.0 0.0 0.0 0.0 0.0 0.0 0.0
3.0304837 1.7457833 1.7457833 5.172677 5.172677 1.7457833 1.7457833 2.4158359 2.4158359 2.791121 3.0304837 3.0304837 1.7457833 5.172677 1.7457833 1.7457833 2.9889407 5.172677 0.82591796 0.82591796 0.82591796 0.82591796 0.82591796 0.0 0.0 0.0 0.0 0.0 0.0 0.82591796 0.82591796 0.82591796 1.7457833 1.7457833 1.7457833 1.7457833 1.7457833 3.0304832 3.0304832 2.4158359 2.4158359 2.3804686 1.7457833 1.7457833 1.7457833 1.7457833 1.7457833 1.7457833 1.7457833 1.7457833 1.7457833 1.7457833 1.7457833 1.7457833 2.4158359 2.4158359 1.7457833 1.7457833 2.9889407 0.32330942 0.32330942 0.0 0.0 0.0 0.0 0.0 0.0 0.0 0.0 0.0 0.0 0.0 0.0 0.0 0.0 0.0 0.0 0.0 0.0 0.0 0.0 0.0
3.0304625 3.0304625 2.415815 5.1726694 1.7457712 1.7457712 2.415815 2.415815 2.3804684 2.7911 3.0304625 3.0304625 0.825902 1.7457712 1.7457712 1.7457712 1.7457712 1.7457712 2.9889283 3.9072332 0.825902 0.825902 0.825902 0.825902 0.0 0.0 0.0 0.825902 0.825902 0.825902 0.82590175 2.415815 2.415815 1.7457712 1.7457712 1.7457712 2.9889283 1.7457712 1.7457712 3.0304625 1.7457712 2.9889278 1.7457712 1.7457712 1.7457712 1.7457712 1.7457712 1.7457712 1.8580639 1.7457712 1.7457712 1.7457712 1.7457712 2.3804684 2.4158149 2.4158149 1.7457712 5.1726685 3.0304625 0.028921366 0.32329702 0.0 0.0 0.0 0.0 0.0 0.0 0.0 0.0 0.0 0.028921366 0.0 0.0 0.0 0.0 0.0 0.0 0.0 0.0 0.0 0.0 0.0
3.0304434 3.0304434 2.4157956 1.7457602 2.9889154 2.9889154 2.4157956 2.4157956 2.3804674 2.3804674 2.4157953 0.82588685 0.82588685 1.7457602 1.7457602 1.7457602 1.7457602 1.7457602 1.7457602 1.7457602 1.7457602 1.7457602 0.82588685 0.82588685 0.0 0.0 0.0 0.82588685 0.82588685 0.82588685 2.4157953 2.4157953 2.4157953 1.7457602 1.7457602 1.7457602 2.9889147 3.0304432 3.0304432 3.0304432 1.7457602 2.9889147 2.9889147 2.9889147 2.9889147 1.7457602 2.9889147 2.9889147 1.7457597 1.7457597 1.7457597 1.7457597 0.82588613 0.82588613 2.3804674 2.9889143 2.9889143 5.172661 3.0304422 0.028921127 0.0 0.0 0.0 0.0 0.0 0.76714754 0.0 0.0 0.0 0.0 0.0 0.0 0.0 0.0 0.0 0.0 0.0 0.0 0.0 0.0 0.0 0.0
3.0304213 5.172651 1.7457483 1.7457483 2.988902 2.988902 2.4157743 2.4157743 2.4157743 2.3804672 0.0 0.0 0.0 1.745748 1.745748 1.745748 1.745748 1.745748 1.745748 1.745748 1.745748 1.745748 4.9583197 0.82587063 0.82587063 0.82587063 0.82587063 0.82587063 0.82587063 3.0304213 2.415774 2.415774 2.415774 2.415774 1.8580408 1.745748 1.745748 1.745748 1.745748 1.745748 1.745748 2.988902 2.988902 2.988902 2.988902 1.745748 2.988902 2.988902 1.745748 2.9889019 1.745748 1.745748 0.82587063 0.82587063 2.3804672 2.9889019 5.172651 5.172651 5.172651 0.32327318 0.0 0.0 0.0 0.0 0.0 0.0 0.0 0.0 0.0 0.0 0.0 0.0 0.0 0.0 0.0 0.0 0.0 0.0 0.0 0.0 0.0 0.0
3.0304008 3.0304008 1.7457368 2.4157536 2.4157536 0.82585526 2.4157536 2.4157536 2.4157536 2.380466 0.82585526 0.0 0.0 1.7457368 1.7457368 1.7457368 1.8580296 1.7457368 1.7457368 1.7457368 1.7457368 1.7457368 3.0304008 3.0304008 2.4157534 2.4157534 2.4157534 2.4157534 0.82585526 2.4157534 2.9067426 2.4157534 2.4157534 2.4157534 2.4157534 1.7457368 1.7457368 1.7457366 1.7457366 1.7457366 1.7457366 2.988889 3.0304008 3.0304008 1.7457366 1.7457366 2.988889 2.988889 1.7457366 2.9888887 1.7457366 3.9071994 0.8258549 0.8258549 0.8258549 3.0304003 5.1726427 5.1726427 5.1726427 2.9888887 0.32326078 0.0 0.0 0.0 0.0 0.0 0.0 0.0 0.0 0.0 0.0 0.0 0.0 0.0 0.0 0.0 0.0 0.0 0.0 0.0 0.0 0.0
3.0303807 3.0303807 0.8258395 0.8258395 0.0 0.8258395 2.4157338 2.4157338 2.4157338 2.4157338 0.8258395 0.0 0.0 1.7457242 1.7457242 1.7457242 1.7457242 1.7457242 1.7457242 1.7457242 1.7457242 1.7457242 1.7457242 1.7457242 2.4157338 2.4157338 2.4157338 2.9067225 2.4157338 2.4157338 0.7671459 2.4157333 2.4157333 2.4157333 2.4157333 1.7457242 1.7457242 1.7457242 1.7457242 1.7457242 1.7457242 3.0303802 3.0303802 3.0303798 1.7457242 3.0303798 3.0303798 1.7457242 1.7457242 1.7457242 2.9888756 2.9888756 1.7457242 2.4157326 2.4157326 1.7457242 2.9888756 1.7457242 1.7457242 4.149126 0.3232479 0.0 0.0 0.0 0.0 0.0 0.0 0.0 0.0 0.0 0.0 0.0 0.0 0.0 0.0 0.0 0.0 0.029567242 0.0 0.0 0.0 0.0
3.0303597 1.7457137 0.8258239 0.0 0.0 0.0 0.0 0.7671447 2.4157124 2.4157124 3.0303597 0.8258239 0.0 1.7457137 1.7457137 1.7457137 1.7457137 1.7457137 1.7457137 1.7457137 2.4157124 1.7457137 1.7457137 2.4157124 2.415712 2.415712 0.7671447 0.7671447 0.7671447 0.7671447 0.7671447 2.415712 2.415712 1.7457137 2.415712 2.415712 5.172625 5.172625 0.8258234 0.8258234 0.8258234 1.7457137 3.030359 3.030359 1.7457135 0.8258234 3.030359 1.7457135 1.7457135 1.7457132 1.7457132 1.7457132 1.7457132 2.4157114 2.4157114 2.4157114 3.0303588 3.0303588 3.0303588 1.7457132 0.0 0.0 0.0 0.0 0.0 0.0 0.0 0.0 0.0 0.0 0.0 0.0 0.0 0.0 0.0 0.0 0.029208183 0.031101704 0.0 0.0 0.0 0.0
1.7457016 1.7457016 0.8258083 0.8258083 0.0 0.0 0.0 0.0 2.4156919 2.4156919 2.4156919 3.0303392 3.0303392 1.7457016 1.7457016 3.0303392 3.0303392 0.8258078 0.8258078 0.8258078 2.4156919 1.7457016 0.8258078 2.4156919 0.7671442 0.7671442 0.7671442 0.7671442 0.7671442 0.7671442 2.9066806 2.4156919 2.4156919 2.4156919 0.8258078 0.8258078 0.8258078 0.8258078 0.8258076 0.8258076 0.8258076 1.7457013 3.0303392 3.0303392 1.7457013 0.8258076 0.8258076 0.8258076 0.8258076 0.8258076 5.172616 1.7457011 2.790972 2.4156914 2.4156914 2.4156914 1.2750233 3.0303388 3.0303388 1.7457011 0.0 0.0 0.0 0.0 0.0 0.0 0.0 0.0 0.0 0.0 0.0 0.0 0.0 0.0 0.0 0.0 0.030397415 0.029202461 0.0 0.0 0.0 0.0
1.7456903 0.8257922 0.8257922 0.8257922 0.0 0.0 0.0 0.0 2.4156713 2.4156713 3.0303178 3.0303178 3.0303178 3.0303178 0.8257922 3.0303178 3.0303178 0.8257922 0.8257922 0.8257922 0.8257922 0.8257922 0.8257922 0.8257922 0.0 0.0 0.0 0.7671437 0.0 0.0 2.4156709 2.4156709 2.4156709 2.4156709 0.8257921 0.8257921 0.8257921 0.8257921 0.8257921 0.8257921 0.8257921 1.7456901 1.7456901 3.0303175 1.7456901 0.8257921 0.8257921 0.0 0.8257921 2.4156706 2.4156706 1.7456901 2.79095 2.4156706 2.4156704 2.4156704 1.3426651 3.0303175 3.0303175 0.0 0.0 0.0 0.0 0.0 0.0 0.0 0.0 0.0 0.0 0.0 0.0 0.0 0.0 0.0 0.0 0.0 0.0 0.02919674 0.030391693 0.0 0.0 0.0
0.82577634 0.82577634 0.82577634 0.82577634 0.0 0.0 0.0 0.767143 2.4156504 2.4156504 3.0302973 3.0302973 3.0302973 0.82577634 0.82577634 0.82577634 0.8971485 0.82577634 0.82577634 0.82577634 0.0 0.0 0.82577634 0.82577634 0.0 0.0 0.0 0.0 0.0 0.0 0.82577634 0.82577634 0.82577634 0.82577634 0.82577634 1.5074273 0.82577634 0.82577634 0.82577634 0.82577634 0.82577634 0.82577634 1.7456782 3.0302973 1.7456782 0.8257761 0.8257761 0.8257761 0.8257761 2.41565 2.41565 2.41565 2.41565 2.41565 2.41565 2.41565 3.13125 3.0302973 3.0302973 0.02891612 0.0 0.0 0.0 0.0 0.0 0.0 0.0 0.0 0.0 0.0 0.0 0.0 0.0 0.0 0.0 0.0 0.0 0.03038454 0.02919054 0.031342506 0.02919054 0.0
0.0 0.0 0.82576025 0.0 0.0 0.0 0.0 0.0 2.4156294 2.4156294 5.172591 3.0302768 3.0302768 0.82576025 0.82576025 0.82576025 0.82576025 0.82576025 0.82576025 0.82576025 0.0 0.0 0.82576025 0.82576025 0.0 0.0 0.0 0.0 0.0 0.0 0.0 0.0 0.0 0.0 0.0 0.0 0.0 0.0 0.82576025 0.82576025 0.82576025 0.82576025 1.745667 2.4156294 2.4156294 2.4156294 0.82576025 2.4156294 2.4156294 0.76714253 2.4156294 2.4156294 2.4156294 0.82576025 0.0 0.8257601 2.4156291 1.7456667 0.028915644 0.028915644 0.0 0.0 0.0 0.0 0.0 0.0 0.0 0.0 0.0 0.0 0.32318735 0.0 0.0 0.0 0.0 0.0 0.0 0.031336308 0.029183865 0.032597065 0.030378342 0.0
0.0 0.0 0.60068774 0.0 0.0 0.0 0.0 0.54288316 1.7981515 1.7981515 1.7981515 0.84497476 0.84497476 0.60068774 0.60068774 0.60068774 0.60068774 0.60068774 0.60068774 0.0 0.0 0.0 0.5304723 0.0 0.0 0.0 0.0 0.0 0.0 0.0 0.0 0.0 0.0 0.0 0.0 0.0 0.0 0.0 0.0 0.0 0.0 0.60068774 1.3987715 1.3987715 1.3987715 1.3987715 0.6410048 1.3987715 1.3987715 1.3987715 1.2440739 1.3987715 1.3987715 0.60068774 0.0 0.60068774 1.3987715 0.0 0.0 0.0 0.0 0.0 0.0 0.0 0.0 0.0 0.0 0.0 0.0 0.0 0.0 0.0 0.0 0.0 0.0 0.0 0.0 0.0 0.0 0.0 0.0 0.0
0.0 0.60068774 0.60068774 0.0 0.0 0.0 0.0 0.0 0.60068774 0.60068774 1.7981467 0.8449745 0.8449745 0.60068774 0.60068774 0.60068774 0.60068774 0.60068774 0.60068774 0.60068774 0.0 0.0 0.60068774 0.0 0.0 0.0 0.0 0.0 0.0 0.0 0.0 0.0 0.0 0.0 0.0 0.0 0.0 0.0 1.0371003 0.64100456 0.0 0.60068774 1.3987713 1.3987713 1.3987713 1.3987713 1.3987713 1.3987713 1.3987713 1.3987713 0.64100456 0.0 0.60068774 0.60068774 0.0 0.0 0.0 0.64100456 0.64100456 0.0 0.0 0.0 0.0 0.0 0.0 0.0 0.0 0.0 0.0 0.0 0.0 0.0 0.0 0.0 0.0 0.0 0.0 0.0 0.0 0.0 0.0 0.0
0.0 0.60068715 0.60068715 0.0 0.0 0.0 0.0 0.0 1.3987708 1.3987708 1.7981427 0.84497404 0.84497404 0.60068715 0.0 0.0 0.0 0.0 0.0 0.0 0.0 0.60068715 1.696207 1.0253254 0.0 0.0 0.0 0.0 0.0 0.0 0.0 0.0 0.0 0.0 0.0 0.0 0.0 0.0 0.0 0.6410041 0.0 0.60068715 0.60068715 0.60068715 1.3987708 1.3987706 1.3987706 1.3987706 1.3987706 1.3987706 0.64100385 0.0 0.0 0.0 0.0 0.0 0.0 0.64100385 0.0 0.0 0.0 0.0 0.0 0.0 0.0 0.0 0.0 0.0 0.0 0.0 0.0 0.0 0.0 0.0 0.0 0.0 0.0 0.0 0.0 0.0 0.0 0.0
0.6006868 0.6006868 0.6006868 0.0 0.0 0.0 0.0 0.0 0.0 0.0 1.3987703 1.3987703 0.6006868 0.6006868 0.0 0.0 0.0 0.0 0.6006868 0.6006868 0.0 0.6006868 1.6962068 0.64544487 0.0 0.0 0.0 0.0 0.0 0.0 0.0 0.0 0.0 0.0 0.0 0.0 0.0 0.0 0.0 0.0 0.6410036 0.0 0.0 0.6006868 0.6006868 1.3987703 1.3987703 1.3987703 1.3987703 1.3987703 0.6891451 0.0 0.0 0.0 0.0 0.0 0.6410036 0.0 0.0 0.0 0.0 0.0 0.0 0.0 0.0 0.0 0.0 0.0 0.0 0.0 0.0 0.0 0.0 0.0 0.0 0.0 0.0 0.0 0.0 0.0 0.0 0.0
0.60068643 1.7981339 0.60068643 0.0 0.60068643 0.60068643 0.0 0.0 0.0 0.0 0.6410034 0.6410034 0.0 0.60068643 0.0 0.60068643 0.60068643 0.60068643 0.60068643 0.60068643 0.60068643 0.60068643 1.6962066 1.3987701 0.6410034 0.6410034 0.6410034 0.0 0.0 0.0 0.0 0.0 0.0 0.0 0.0 0.0 0.0 0.0 0.0 0.0 0.0 0.0 0.0 0.0 0.0 0.6410034 0.6410034 0.6410034 0.6410034 0.6410034 0.6410034 0.6410034 0.6410034 0.0 0.0 0.0 0.6410034 0.0 0.0 0.0 0.0 0.0 0.0 0.0 0.0 0.0 0.0 0.0 0.0 0.0 0.0 0.0 0.0 0.0 0.0 0.0 0.0 0.0 0.0 0.0 0.0 0.0
0.6006861 0.6006861 0.6006861 1.3987696 1.3987696 0.6006861 0.0 0.0 0.0 0.0 0.6410029 0.0 0.0 0.0 0.0 0.6006861 0.6006861 0.6006861 0.6006861 0.6006861 0.6006861 0.6006861 0.6006861 0.6410029 0.6410029 0.0 0.6410029 0.6410029 0.6410029 0.6410029 0.0 0.0 0.0 0.0 0.0 0.6410029 0.6410029 0.0 0.0 0.0 0.0 0.0 0.0 0.6006861 1.3987696 0.6410029 0.6410029 0.6410029 0.6410029 0.6410029 0.6410029 0.6410029 0.6410029 0.0 0.0 0.0 0.0 0.0 0.0 0.0 0.0 0.0 0.0 0.0 0.0 0.0 0.0 0.0 0.0 0.0 0.0 0.0 0.0 0.0 0.0 0.0 0.0 0.0 0.0 0.0 0.0 0.0
0.60068583 0.60068583 1.3987696 1.3987696 1.3987696 0.60068583 0.0 0.0 0.0 0.0 0.0 0.0 0.0 0.0 0.0 0.60068583 0.60068583 0.60068583 0.60068583 0.60068583 0.60068583 0.0 0.60068583 0.60068583 0.60068583 1.3987696 0.64100266 0.64100266 0.64100266 0.64100266 0.64100266 0.0 0.0 0.0 0.0 0.64100266 0.0 0.0 0.0 0.0 0.0 0.0 0.0 0.60068583 1.3987694 0.64100266 0.64100266 0.64100266 0.64100266 0.64100266 0.64100266 0.64100266 0.64100266 0.0 0.0 0.64100266 0.0 0.0 0.0 0.0 0.0 0.0 0.0 0.0 0.0 0.0 0.0 0.0 0.0 0.0 0.0 0.0 0.0 0.0 0.0 0.0 0.0 0.0 0.0 0.0 0.0 0.0
0.6006855 0.6006855 1.3987689 1.6270831 1.3987689 0.6006855 0.0 0.0 0.0 0.6006855 0.6006855 0.6006855 0.6006855 0.6006855 0.6006855 0.6006855 0.8449724 0.8449724 0.8449724 0.6006855 0.0 0.0 0.0 0.0 0.6006855 1.3987689 1.3987689 0.6410022 0.6410022 0.6410022 0.0 0.0 0.0 0.0 0.0 0.0 0.0 0.0 0.0 0.0 0.6006855 0.6006855 1.3987689 0.6006855 1.3987689 0.6534648 0.6410022 0.6410022 0.6410022 0.6410022 0.6410022 0.6410022 0.6410022 0.0 0.0 0.6410022 0.0 0.0 0.0 0.0 0.0 0.0 0.0 0.0 0.0 0.0 0.0 0.0 0.0 0.0 0.0 0.0 0.0 0.0 0.0 0.0 0.0 0.0 0.0 0.0 0.0 0.0
0.6006851 0.6006851 1.3987687 1.3987687 1.3987687 0.0 0.0 0.0 0.0 0.6006851 0.6006851 1.6270826 0.8449719 1.3987687 1.6962051 1.6962051 0.8449719 0.8449719 0.8449719 0.6006851 0.6006851 0.0 0.6006851 0.6006851 0.6006851 0.8449719 1.7981164 0.8449719 0.0 0.0 0.6006851 0.6006851 0.6006851 0.0 0.0 0.0 0.0 0.0 0.0 0.0 0.6006851 0.6006851 0.6006851 0.6006851 0.6006851 0.64100194 0.64100194 0.64100194 0.64100194 0.64100194 0.64100194 0.64100194 0.64100194 0.64100194 0.64100194 0.64100194 0.0 0.0 0.0 0.0 0.0 0.0 0.0 0.0 0.0 0.0 0.0 0.0 0.0 0.0 0.0 0.0 0.0 0.0 0.0 0.0 0.0 0.0 0.0 0.0 0.0 0.0
0.60068476 0.60068476 1.3987684 0.64100146 0.64100146 1.3987684 0.60068476 0.60068476 0.60068476 0.60068476 1.3987684 1.3987684 0.84497166 1.3987684 1.3987684 1.6962049 0.84497166 0.84497166 0.84497166 0.84497166 0.60068476 0.60068476 0.60068476 1.1853352 1.1853352 0.84497166 0.84497166 0.84497166 0.84497166 0.84497166 0.84497166 1.3987684 0.60068476 0.0 0.0 0.0 0.0 0.0 0.0 0.0 0.0 0.60068476 0.60068476 0.60068476 0.60068476 0.64100146 0.64100146 0.64100146 0.64100146 0.64100146 0.64100146 0.64100146 0.64100146 0.64100146 0.64100146 0.64100146 0.0 0.0 0.0 0.0 0.0 0.0 0.0 0.0 0.0 0.0 0.0 0.0 0.0 0.0 0.0 0.0 0.0 0.0 0.0 0.0 0.0 0.0 0.0 0.0 0.0 0.0
1.6962044 0.6006844 1.3987677 1.3987677 1.3987677 1.3987677 1.3987677 0.84497166 0.6006844 1.3987677 1.3987677 1.3987677 1.3987677 1.3987677 0.84497166 0.84497166 0.84497166 0.84497166 0.84497166 0.84497166 0.84497166 0.84497166 0.84497166 0.84497166 0.84497166 0.84497166 0.84497166 0.84497166 0.84497166 0.84497166 0.84497166 0.84497166 0.84497166 1.7981076 0.641001 0.641001 0.0 0.0 0.0 0.0 0.0 0.6006844 0.6006844 0.6006844 1.3987677 0.641001 0.641001 0.641001 0.641001 0.641001 0.641001 0.641001 0.641001 0.641001 0.641001 0.641001 0.0 0.0 0.0 0.0 0.0 0.0 0.0 0.0 0.0 0.0 0.0 0.0 0.0 0.0 0.0 0.0 0.0 0.0 0.0 0.0 0.0 0.0 0.0 0.0 0.0 0.0
0.84497094 0.84497094 1.3987677 1.3987677 1.3987677 1.3987677 1.3987677 1.6962044 1.3987677 1.3987677 1.3987677 1.3987677 1.3987677 0.84497094 0.84497094 0.84497094 0.84497094 0.84497094 0.84497094 0.84497094 0.84497094 0.84497094 0.84497094 0.84497094 0.84497094 0.84497094 0.84497094 0.84497094 0.84497094 0.84497094 0.84497094 0.84497094 0.84497094 0.6006839 0.0 0.0 0.0 0.0 0.0 1.0253247 1.6962044 0.6006839 0.6006839 1.3987677 1.3987677 0.64100075 0.64100075 0.64100075 0.64100075 0.64100075 0.64100075 0.64100075 0.64100075 0.64100075 0.64100075 1.3987677 0.0 0.0 0.0 0.0 0.0 0.0 0.0 0.0 0.0 0.0 0.0 0.0 0.0 0.0 0.0 0.0 0.0 0.0 0.0 0.0 0.0 0.0 0.0 0.0 0.0 0.0
0.84497094 0.84497094 1.3987675 0.6006838 0.6006838 0.6006838 0.6006838 1.6962037 1.3987675 1.3987675 1.3987675 0.84497094 0.84497094 0.84497094 0.84497094 0.84497094 0.84497094 0.84497094 0.84497094 0.84497094 0.84497094 0.84497094 0.84497094 0.84497094 0.84497094 0.84497094 1.6962037 1.6962037 0.84497094 1.3987675 1.3987675 0.84497094 1.1853261 0.6006838 0.84497094 0.84497094 0.0 0.0 0.0 0.0 0.84497094 0.84497094 0.84497094 0.84497094 1.3987675 0.6410005 0.6410005 0.6410005 0.6410005 0.6410005 0.6410005 0.6410005 0.6410005 0.6410005 0.36075473 1.3987675 0.0 0.0 0.0 0.0 0.0 0.0 0.0 0.0 0.0 0.0 0.0 0.0 0.0 0.0 0.0 0.0 0.0 0.0 0.0 0.0 0.0 0.0 0.0 0.0 0.0 0.0
0.84497 0.84497 0.84497 0.6006832 0.6006832 0.6006832 0.6006832 1.6962032 1.3987668 1.3987668 0.84497 0.84497 0.84497 0.84497 0.84497 0.84497 0.84497 0.84497 0.84497 0.84497 0.84497 0.84497 0.84497 0.84497 0.84497 0.84497 1.6962032 1.6962032 1.6962032 1.3987668 1.3987668 0.84497 0.84497 0.84497 0.84497 0.84497 0.84497 0.64100003 0.64100003 0.5428252 0.84497 0.84497 0.84497 0.84497 1.3987668 1.3987668 1.3987668 0.64100003 0.64100003 0.64100003 1.3987668 0.64100003 0.64100003 0.64100003 0.64100003 0.64100003 0.0 0.0 0.0 0.0 0.0 0.0 0.0 0.0 0.0 0.0 0.0 0.0 0.0 0.0 0.0 0.0 0.0 0.0 0.0 0.0 0.0 0.0 0.0 0.8390355 0.0 0.0
0.84497 0.84497 0.84497 0.60068285 0.60068285 0.60068285 0.84497 0.84497 0.84497 1.3987668 1.3987668 1.3253949 1.3253949 0.84497 0.60068285 0.84497 0.84497 0.84497 0.84497 0.84497 1.79809 0.84497 0.84497 0.84497 0.84497 0.84497 0.84497 1.696203 1.696203 0.84497 0.84497 0.84497 0.84497 0.84497 0.84497 0.84497 0.84497 0.6409998 0.6409998 1.3987668 1.79809 0.84497 0.84497 0.84497 1.3987668 1.3987668 1.3987668 1.3987668 1.3987668 1.3987668 1.3987668 1.3987668 0.6409998 0.6409998 0.6409998 1.3987665 1.3987665 0.0 0.0 0.0 0.0 0.0 0.0 0.0 0.0 0.0 0.0 0.0 0.0 0.0 0.0 0.0 0.0 0.0 0.0 0.0 0.0 0.0 0.0 0.0 0.0 0.0
0.84496975 0.84496975 0.84496975 0.60068274 0.60068274 0.60068274 0.84496975 0.84496975 0.84496975 0.84496975 1.3253949 1.3253949 1.3253949 0.84496975 0.60068274 0.84496975 0.84496975 0.84496975 0.84496975 0.84496975 0.84496975 0.84496975 0.84496975 0.60068274 0.60068274 0.60068274 0.60068274 0.84496975 0.84496975 0.84496975 0.84496975 0.84496975 0.84496975 0.60068274 0.60068274 0.60068274 1.3987663 0.6409993 0.6409993 1.3987663 1.7980859 0.84496975 0.84496975 0.84496975 0.84496975 0.84496975 0.84496975 0.84496975 0.84496975 1.6962028 1.3987663 1.3987663 1.3987663 1.3987663 0.6409993 0.60068274 1.7980857 0.0 0.0 0.0 0.0 0.0 0.0 0.0 0.0 0.0 0.0 0.0 0.0 0.0 0.0 0.0 0.0 0.0 0.0 0.0 0.0 0.0 0.0 0.0 0.0 0.0
0.60068226 0.60068226 1.3987658 0.60068226 1.3987658 1.6962023 0.8449693 0.8449693 0.8449693 0.8449693 1.3253942 1.3253942 1.3987658 0.8449693 0.8449693 0.8449693 0.8449693 0.8449693 0.8449693 0.8449693 0.8449693 0.8449693 0.8449693 1.3987658 1.3987658 0.0 0.60068226 0.8449693 1.7980816 0.8449693 0.8449693 0.8449693 0.8449693 0.60068226 0.0 0.6409991 1.3987658 0.6409991 0.6409991 1.3987658 1.7980816 0.8449693 0.8449693 0.60068226 0.8449693 0.8449693 0.8449693 0.8449693 0.8449693 1.6962023 1.7268157 1.3987658 1.3987658 1.3987658 1.3987658 0.60068226 0.60068226 0.0 0.0 0.0 0.0 0.0 0.0 0.0 0.0 0.0 0.0 0.0 0.0 0.0 0.0 0.0 0.0 0.0 0.0 0.0 0.0 0.0 0.0 0.0 0.0 0.0
0.6006819 0.6006819 1.3987656 1.3987656 1.3987656 0.8449693 0.8449693 0.8449693 0.8449693 0.8449693 1.3253939 1.3987656 1.3987656 0.8449693 0.8449693 0.8449693 0.8449693 0.8449693 0.8449693 0.8449693 0.8449693 0.8449693 1.6962018 1.6962018 1.025324 0.0 0.6006819 0.8449693 0.8449693 0.8449693 0.8449693 0.8449693 0.8449693 0.6006819 1.3987656 1.3987656 1.3987656 1.3987656 0.6409986 1.3987656 1.3987656 0.8449693 0.8449693 0.6006819 0.8449693 0.8449693 0.6006819 0.6006819 0.6006819 1.6962018 0.6006819 1.3987656 1.3987656 0.6409986 1.3987656 1.3987656 1.3987656 0.0 0.0 0.0 0.0 0.0 0.0 0.0 0.0 0.0 0.0 0.0 1.025324 0.0 0.0 0.0 0.0 0.0 0.0 0.0 0.0 0.0 0.0 0.0 0.0 0.0
0.60068154 1.6962018 1.6962018 0.60068154 0.60068154 0.60068154 0.60068154 0.60068154 0.60068154 1.3987651 1.3987651 1.3987651 1.3987651 1.3987651 0.8449688 0.8449688 0.8449688 1.6962018 1.6962018 0.8449688 0.8449688 1.3987651 1.6962018 1.6962018 1.0324446 0.60068154 0.8449688 0.8449688 1.6962018 1.6962018 1.3987651 1.3987651 1.3987651 1.3987651 1.3987651 1.3987651 1.3987651 1.3987651 0.64099836 0.64099836 1.3987651 0.8449688 0.8449688 0.8449688 0.6006813 0.6006813 0.6006813 0.6006813 0.0 0.0 0.6006813 0.8449688 1.3987651 1.3987651 1.3987651 0.36075234 1.3987651 0.64099836 0.0 0.0 0.0 0.0 0.0 0.0 0.0 0.0 0.0 0.0 0.0 0.0 0.0 0.0 0.0 0.0 0.0 0.0 0.0 0.0 0.0 0.0 0.0 0.0
0.6006812 0.6006812 0.6006812 0.6006812 0.6006812 0.6006812 0.0 0.0 0.6006812 1.3987648 1.3987648 1.3987648 1.3987648 1.3987648 0.84496856 0.84496856 0.84496856 1.6962016 1.6962016 0.84496856 0.84496856 1.3987648 1.3987648 1.3987648 0.6034986 0.6006812 0.6006812 0.6006812 0.6006812 1.6962016 1.3987648 1.3987648 1.3987648 1.3987648 0.6409981 1.3987648 1.3987648 1.3987648 1.3987648 0.5029752 0.5029752 0.84496856 0.84496856 0.84496856 0.6006812 0.6006812 0.6006812 0.6006812 0.0 0.0 0.6006812 0.84496856 1.3987648 1.3987648 0.6409981 0.6409981 0.6409981 0.6409981 0.0 0.0 0.0 0.0 0.0 0.0 0.0 0.0 0.0 0.0 0.0 0.0 0.0 0.0 0.0 0.0 0.0 0.0 0.0 0.0 0.0 0.0 0.0 0.0
1.7980642 0.60068095 0.60068095 0.60068095 0.60068095 0.0 0.0 0.0 0.0 0.64099765 0.64099765 0.64099765 0.64099765 1.3987644 1.3987644 0.8449681 0.8449681 1.6962008 1.6962008 0.8449681 1.6962008 1.6962008 0.8449681 0.8449681 0.60068095 0.0 0.0 0.0 0.60068095 1.6962008 1.3987644 1.3987644 1.3987644 1.3987644 1.3987644 1.3987644 1.3987644 1.3987644 1.325393 1.325393 1.325393 0.8449681 0.8449681 0.8449681 0.60068095 0.60068095 0.60068095 0.60068095 0.0 0.64099765 1.3987644 1.3987644 1.3987644 0.64099765 0.64099765 0.64099765 0.64099765 0.0 0.0 0.0 0.0 0.0 0.0 0.0 0.0 0.0 0.0 0.0 0.0 0.0 0.0 0.0 0.0 0.0 0.0 0.0 0.0 0.0 0.0 0.0 0.0 0.0
1.7980599 1.7980599 0.60068035 0.60068035 0.60068035 0.0 0.0 0.0 0.0 0.6409972 0.6409972 0.6409972 0.6409972 0.6409972 1.3987639 0.60068035 1.3987639 1.3987639 0.8449676 1.6962006 1.6962006 0.60068035 0.60068035 0.60068035 0.60068035 0.0 0.0 0.0 0.60068035 0.8449676 0.8449676 1.3987639 1.3987639 1.7980599 1.3987639 1.3987639 1.3253927 0.8449676 1.3253927 1.3253927 1.3253927 1.1852987 0.8449676 0.8449676 0.60068035 0.60068035 0.0 0.6409972 0.6409972 0.6409972 0.6409972 0.6409972 0.6409972 0.6409972 0.6409972 0.0 0.0 0.6409972 0.0 0.0 0.0 0.0 0.0 0.0 0.0 0.0 0.0 0.0 0.0 0.0 0.0 0.0 0.0 0.0 0.0 0.0 0.0 0.0 0.0 0.0 0.0 0.0
1.7980554 0.60068 0.60068 0.60068 0.60068 0.60068 0.0 0.0 0.64099646 0.64099646 0.64099646 0.64099646 0.64099646 0.64099646 1.3987637 0.84496737 1.3987637 1.3987637 1.3987637 0.60068 0.60068 0.60068 0.0 0.0 0.0 0.0 0.0 0.0 0.60068 0.84496737 0.84496737 0.84496737 0.84496737 1.7980554 0.84496737 0.84496737 0.84496737 0.84496737 1.325392 0.84496737 1.1852956 1.1852956 1.1852956 0.64099646 0.64099646 0.64099646 0.0 0.64099646 0.64099646 0.64099646 0.64099646 0.64099646 0.64099646 0.0 0.0 0.0 0.0 0.0 0.0 0.0 0.0 0.0 0.0 0.0 0.0 0.0 0.0 0.0 0.0 0.0 0.0 0.0 0.0 0.0 0.0 0.0 0.0 0.0 0.0 0.0 0.0 0.0
