Export/ASCII/RMeteo_SP_inch/speranza1/RMeteo_2018_SP1_inch.asc
ncols         660
nrows         338
xllcorner     1476100.0
yllcorner     5017100.0
cellsize      100
NODATA_value  -9.9e-20
[rows 189 to 215 of 338, columns 366 to 426 of 660]
3.3798816 3.3798816 3.3798816 3.3798816 4.088146 3.3798816 3.3798816 2.81472 2.8147197 2.8147197 2.8147197 2.994205 2.8147197 2.8147197 2.8147192 2.8147192 2.814719 3.7783065 3.778306 3.37988 3.3798795 2.8147182 3.3798792 3.379879 2.814718 2.814718 2.814718 2.814717 2.814717 2.814717 2.7027779 2.7027779 3.464347 2.7027779 2.7027779 2.7027779 2.7027779 2.7027776 2.7027776 2.7027776 2.7027771 2.7027771 2.702777 2.7027767 2.7027767 2.7027767 2.7027767 2.7027767 2.7027767 2.7027767 2.7027767 2.7027767 2.7027767 3.933581 2.7027764 3.249743 3.249743 3.249743 3.249743 3.249743 3.62411
3.3798292 3.3798292 3.379829 3.379829 2.8146682 3.379829 3.379828 2.8146672 2.814667 2.814667 2.8146667 2.8146667 2.8146665 2.8146665 2.8146656 2.8146656 2.8146653 3.285775 3.7782502 3.3798258 3.3798256 3.3798256 3.3798256 3.379825 2.8146644 2.8146641 2.8146641 2.8146641 2.8146641 2.8146641 2.7027273 2.7027273 2.702727 2.702727 2.7027268 2.7027268 2.7027268 2.7027264 2.7027264 2.7027261 2.702726 2.702726 2.7027256 2.7027247 2.7027247 2.7027245 2.7027242 2.7027242 2.7027237 2.7027237 2.7027235 2.7027225 2.7027225 2.7027223 2.7027223 2.7027223 3.2496889 3.2496886 3.2496886 3.2496886 3.624068
3.3797753 3.3797753 3.3797743 3.3797743 2.814614 2.814614 4.0880117 4.0880117 2.8146133 3.285719 3.285719 3.285719 3.285719 3.285719 3.285719 3.285719 3.285719 3.285719 3.2857184 3.7781944 2.814612 3.7781944 3.3797727 3.3797727 3.3797727 3.3797724 2.8146117 3.3797717 2.8146112 2.814611 2.702674 2.702674 2.7026737 3.4642425 2.7026734 2.7026732 2.7026732 2.702673 2.702673 2.702673 2.7026727 2.7026727 2.7026722 2.7026722 2.7026722 2.7026722 2.7026722 2.7026722 2.702672 2.702672 2.7026718 2.7026718 2.7026718 2.7026713 2.702671 2.702671 3.2496376 3.2496374 3.249637 3.249637 3.7410636
3.3797216 3.3797216 3.3797216 2.8145607 3.2856646 3.2856646 3.7781405 3.77814 2.8145595 3.2856646 3.2856646 3.285664 3.2856636 3.2856636 3.2856636 3.2856636 3.2856636 3.2856636 3.2856631 4.2347093 2.8145583 3.778139 3.7781386 3.3797185 3.3797185 3.379718 3.379718 3.379718 2.8145576 2.8145573 2.702622 2.702622 2.702622 2.702622 2.7026215 2.7026212 2.7026212 2.702621 2.702621 2.7026203 2.7026203 2.7026203 2.7026198 2.7026198 2.7026198 2.7026196 2.7026196 2.7026196 3.2495863 2.7026196 2.702619 2.702619 3.1506062 3.1506057 2.7026184 2.7026184 2.702618 2.7026174 2.7026174 3.623985 3.1506052
3.3796685 2.814508 3.3796685 4.0878787 3.603564 2.8145077 3.7780843 3.778084 3.3796678 3.2856078 3.2856078 2.8145072 2.8145072 2.8145068 2.8145065 2.8145065 2.8145065 2.8145065 2.8145063 4.087876 4.0878754 3.2856069 3.7780828 3.3796656 3.3796651 3.3796651 3.3796651 3.379665 2.8145044 2.8145041 2.7025685 2.7025685 2.7025685 2.7025685 2.7025683 2.7025683 2.7025683 2.702568 3.150566 2.7025678 2.7025678 2.7025678 2.7025678 2.7025678 2.7025678 2.7025673 2.7025673 2.7025666 3.2495332 3.2495332 3.249533 3.2495327 3.6239438 3.1505637 3.1505637 3.1505637 2.7025654 2.7025654 2.7025654 3.1505637 3.1505637
3.3796144 4.0878115 4.0878115 4.0878115 3.6035097 3.6035092 3.3796134 3.3796132 3.3796132 2.814453 2.814453 2.8144526 2.8144526 2.8144524 2.8144524 2.8144522 2.8144522 2.8144522 2.814452 4.2346067 4.0878086 2.814452 4.234606 3.778027 3.379612 3.3796117 3.3796117 2.8144515 3.3796117 3.3796115 2.7025163 2.7025163 2.7025163 2.7025163 2.702516 3.2494829 3.2494826 3.1505241 3.1505241 3.1505241 3.1505241 3.1505241 3.2494822 2.7025151 2.7025151 2.702515 2.702515 2.7025146 3.2494812 3.2494812 3.249481 3.2494805 2.7025137 4.0720305 4.0720305 3.1505222 3.1505222 2.7025127 2.7025127 3.1505222 3.1505218
3.379562 3.379562 4.0877438 4.087743 3.6034567 2.8144007 3.3795607 3.3795605 3.3795605 2.8144004 2.8144004 2.8144 2.8144 2.8143997 2.8143997 2.8143995 2.8143992 2.8143992 3.2854955 4.2345557 2.8143988 2.8143988 4.2345552 4.2345552 3.7779708 3.3795583 3.3795583 3.3795583 3.3795583 3.379558 3.2494311 3.2494311 3.2494311 2.702464 2.702464 3.2494311 3.6238627 3.6238623 3.1504827 3.5872738 4.071982 4.071982 3.6238623 3.2494295 2.7024622 2.7024617 2.7024617 3.2494285 3.2494283 3.2494283 3.2494278 3.2494278 2.702461 3.1504817 4.0719795 4.0719795 4.0719786 3.1504807 2.7024605 3.6238596 3.1504803
3.3795073 3.3795073 2.814347 4.087676 4.087676 2.8143468 3.379507 3.379507 2.8143468 2.814346 2.814346 2.8143454 2.8143454 2.8143451 2.8143451 2.8143451 2.8143451 2.8143451 2.354049 2.3840008 3.5102978 2.8143446 4.2345037 3.7779155 3.7779155 3.7779155 3.3795052 3.379505 3.379505 3.3795047 3.2493782 3.249378 3.249378 3.249378 3.9331589 3.5872297 3.7408583 3.740858 3.5872293 3.5872288 3.5872288 3.5872278 4.071931 3.6238205 3.249376 3.62382 3.2493758 3.2493753 3.2493753 3.2493753 2.702408 2.702408 2.702408 3.1504393 3.1504393 4.0719295 4.071929 4.071929 3.1504388 3.1504383 3.623818
3.3794544 3.3794544 3.6033502 4.0876083 4.0876083 2.814294 3.3794544 3.3794544 2.8142939 2.8142939 2.8142939 2.8142939 2.8142939 2.8142934 2.8142934 2.8142927 2.8142927 4.0876074 2.9225273 2.5005393 2.3839655 2.3839655 3.2853827 3.777859 3.777859 3.777859 2.8142905 3.3794503 3.3794503 3.3794503 3.249326 3.249326 3.249326 3.249326 3.62378 3.5871847 3.7408173 3.7408173 4.071882 4.0718813 3.5871844 3.1504002 3.1503997 3.1503997 3.623779 3.6237788 3.6237788 3.2493236 3.2493234 3.6237783 3.1503983 2.7023563 2.702356 3.1503978 3.1503978 4.0718784 4.0718784 4.071878 3.1503978 2.702355 2.7023544
3.3794012 3.3794005 4.0875416 3.3794005 3.3794005 3.3794 3.3794 3.3794 3.3794 3.3793995 3.3793995 2.8142393 3.3793993 3.3793988 3.3793988 2.8142388 2.8142388 4.0875387 2.8236768 2.7089288 2.5004878 2.066468 2.0908227 2.0908227 3.2853274 3.2853274 3.285327 3.2853265 2.8142378 3.3793976 3.2492738 3.2492738 3.2492738 3.2492738 3.6237388 3.5871403 3.58714 4.0718307 4.0718307 4.0718303 3.5871394 3.1503582 3.1503577 3.1503577 3.6237373 3.623737 3.623737 3.6237369 3.6237369 3.7407737 3.1503565 3.1503565 2.7023036 3.1503565 3.1503565 4.0718284 4.071828 4.071828 4.071828 3.150356 3.150356
3.3793473 3.379347 3.379347 3.379347 3.379347 3.379347 3.379347 3.3793464 3.3793464 2.8141854 2.8141854 3.3793457 3.3793457 3.3793457 3.3793457 2.814185 3.3793454 2.8141842 3.043667 2.8174636 2.8527586 1.9808602 2.0892181 2.0892181 2.0907698 2.0907698 2.8141837 3.7777483 3.7777479 3.379344 3.2492208 3.2492204 3.2492204 3.2492197 3.6236968 3.6236968 3.587095 3.587095 3.587095 4.0717807 3.587095 3.587095 3.5870945 3.5870945 3.5870945 3.6236959 4.0717797 4.0717797 3.7407331 3.150316 3.150316 3.150316 3.1503155 3.1503155 3.1503155 3.5870934 4.0717783 4.0717783 3.5870926 3.5870926 3.623694
3.3792932 3.379293 3.379293 3.379293 3.379293 3.379293 3.379293 3.3792925 3.3792925 3.3792922 3.3792922 3.7908244 3.6031883 2.814132 2.814132 2.8235538 2.8235538 2.0907176 2.3774796 2.9566245 2.842634 2.5261412 2.0082986 2.0867896 2.4897723 2.0891643 3.7776914 3.7776914 3.777691 3.37929 3.2491677 3.2491677 3.2491677 3.2491677 3.6236553 3.6236553 3.6236553 3.58705 3.58705 3.5870497 3.5870497 3.6236544 3.6236544 3.5870497 3.5870495 3.5870495 4.0717287 4.0717287 4.0717287 3.150274 3.150274 2.7021976 3.150274 3.7406912 3.5870485 3.5870483 3.5870483 3.5870483 3.587048 3.5870478 3.623653
3.379241 3.3792405 3.3792405 3.3792405 3.3792405 3.3792405 3.3792405 3.37924 3.37924 3.3792398 3.3792398 3.2652524 3.6031358 2.8140795 2.8140795 4.9460373 3.0435345 2.9122462 2.8234918 2.908435 2.8039942 2.6042168 2.0095055 2.0886283 2.1101997 2.9122453 2.4366431 3.7776356 3.8970618 3.3792372 3.2491155 3.2491155 3.2491155 3.2491152 3.249115 3.6236138 3.6236134 3.5870063 3.5870051 3.5870051 2.3877616 2.4215224 2.4215224 2.3877616 2.7782507 2.7782507 2.421522 4.071679 4.071679 3.5870044 3.1502326 3.1502326 3.1502326 3.1502326 3.5870037 3.5870037 3.2182233 3.7406492 3.7406487 3.5870032 3.623611
3.3791883 3.379188 3.379188 3.3791878 3.3791878 3.3791869 3.3791869 3.3791864 3.3791864 3.3791864 3.3791864 3.3791862 3.603082 2.8140259 2.8140259 2.8234303 2.8234303 3.0538976 2.8234298 3.2888 2.383779 2.156761 2.0906115 2.088574 2.4901664 2.592013 2.0906107 2.0906107 2.8234265 3.3791845 3.2490635 3.249063 3.249063 3.249063 3.249063 3.6235723 4.0716295 3.5869606 3.5869606 3.5869603 2.3877234 2.4164214 2.421477 2.8553607 2.7781973 3.0016406 2.4164207 4.0716276 3.58696 3.58696 3.5869596 3.150192 3.1501915 3.150191 3.150191 3.2181857 3.2181854 3.7406073 3.7406073 3.586959 3.586959
3.3791337 3.3791332 3.3791332 3.3791332 3.3791332 3.3791332 3.379133 3.379133 3.3791327 3.3791327 3.3791327 3.3791327 3.6030288 4.087203 3.6030283 2.6827571 5.0124598 3.4104955 3.0434015 3.3352902 4.169339 2.7167153 2.836879 2.0885196 2.5425317 2.821128 2.0905585 2.8153288 4.9458723 3.3791304 3.2490108 3.2490108 3.2490108 3.2490106 3.2490106 3.2490106 3.6235313 3.6235313 3.5869162 3.5869162 2.4681964 2.5080478 2.4938202 3.14483 3.0015714 3.2200782 2.8809192 4.0715785 4.0715785 4.0715785 4.071578 3.1501496 3.150149 2.702039 3.150149 3.1501486 3.2181478 3.7405658 3.5869133 3.5869129 3.5869129
3.3790803 3.3790803 3.3790798 3.3790798 3.3790796 3.3790796 3.3790793 3.3790793 3.3790793 3.3790793 3.3790793 3.3790793 3.6029756 4.0871353 3.6029756 4.29342 4.1943007 5.690154 5.4805307 4.0871344 3.5823245 3.5098536 2.8139164 2.0884655 2.287573 2.353509 2.088951 2.090506 4.194298 3.3790767 3.2489588 3.2489588 3.2489588 3.2489586 3.2489586 3.248958 3.2489576 3.6234899 3.6234894 3.5868711 4.6969585 2.387649 2.1058214 3.3724139 3.2200062 2.4339185 2.2908394 2.7780876 4.0715275 4.0715275 4.071527 4.071527 3.150108 3.150108 3.150108 3.1501076 3.1501076 3.5868685 3.5868683 3.5868683 3.5868683
3.602923 3.3790271 3.379027 3.379027 3.3790267 3.3790267 3.3790264 3.3790264 3.3790262 3.3790262 3.3790257 3.3790257 4.0870686 4.0870686 4.087068 4.0870676 3.509801 4.0870676 4.271558 3.5098004 3.5098004 3.5098002 3.5098002 2.490031 2.490031 2.383666 2.0865192 2.0904531 4.087066 2.4364324 2.421341 3.2489052 3.2489052 3.248905 3.248905 3.248905 3.2489047 3.2489047 3.6234484 3.586827 3.586827 2.4680958 2.0564404 3.390849 2.7780337 2.088313 2.088313 2.8621156 2.7780323 4.071478 4.071478 3.6234465 3.7404833 3.7404833 3.1500661 3.1500661 3.1500661 3.5868254 3.5868254 3.586825 3.586825
3.5097466 4.0870028 3.3789737 3.3789737 3.3789737 3.3789737 3.3789735 3.6028693 3.3789732 3.3789732 3.3789725 3.3789725 4.087 4.087 4.087 4.087 4.087 3.5097432 3.5097432 3.5097425 3.5097425 3.5097425 2.3836303 2.5423691 2.5467312 2.50008 2.4899871 2.0888445 2.8231852 2.3976498 2.8807194 3.9325504 3.2488523 3.2488523 3.2488523 3.2488518 3.2488518 3.2488518 3.2488515 3.3719096 2.387577 2.610679 2.5249035 3.054685 2.777977 3.029165 2.0606515 2.0882614 3.0013645 4.0714264 4.0714264 3.6234055 3.7404428 3.7404428 3.1500247 3.1500247 3.1500247 3.5867794 3.5867794 3.5867794 3.5867794
3.509691 3.3789206 3.37892 4.086935 4.086935 4.086935 4.0869346 3.6028152 3.3789194 3.3789194 3.3789191 3.3789191 4.086934 4.086934 4.086933 4.086933 3.5096886 3.5096886 3.602814 3.6028137 3.5096886 2.3835921 2.5000281 2.7311666 2.7177308 2.3835917 2.5423138 2.0864127 3.043125 2.9894366 2.777924 4.83432 3.9324903 3.371858 3.371858 3.371858 3.371858 3.371858 3.3718574 3.3718574 3.92403 2.837681 2.5140557 2.9315298 3.0012968 3.3154726 2.0586262 2.0605931 2.0882099 4.071377 4.071377 4.071377 4.0713763 4.0713763 4.071376 3.1499832 3.5867352 3.5867352 3.5867352 3.586735 3.586735
3.5096354 3.3788676 3.3788676 3.6027634 3.3788671 4.0868664 2.353596 3.6027627 3.378867 3.378867 3.3788662 3.3788662 4.0868654 4.0868654 4.086865 3.509634 3.509634 3.509634 3.602761 2.5257554 2.383556 2.4999785 2.383556 3.02244 2.7875645 2.499978 2.7311003 2.489898 3.3197954 3.2073386 3.0012324 2.7778711 3.9324293 3.3718045 3.3718045 3.3718045 3.3718045 3.371804 3.3718035 3.3718035 3.3718035 2.7777681 2.5831666 2.7938223 3.219722 3.3906288 2.8553188 2.0585668 2.8553188 4.071327 4.071327 4.0713263 3.5866914 4.0713263 4.0713263 3.5866907 3.5866907 3.5866907 3.5866907 3.5866907 3.58669
3.509582 3.509582 3.5095816 3.3788133 3.3788133 4.0867996 2.3857517 2.5257087 3.3788128 3.3788128 3.3788128 3.3788128 4.0867968 4.0867968 3.5095787 3.5095787 3.5095785 3.5095785 2.3835182 2.5252361 2.499926 2.7083085 2.499926 3.0487618 2.8114347 2.7083085 2.816847 2.5422056 3.0164793 3.4130595 2.3491635 3.0748012 3.4632967 3.4632964 3.3717492 3.3717492 3.3717492 3.3717492 3.3717492 3.3717492 3.3717492 2.55949 2.5529087 2.387466 2.387466 3.3802073 2.9529364 2.7778153 2.7778153 2.7778153 4.0712757 3.586646 3.5866458 3.5866458 4.071275 4.071275 3.5866456 3.5866456 3.5866456 3.5866456 3.5866454
3.509525 3.509525 3.509525 3.3787599 3.3787596 2.8135996 2.7194738 2.5256603 3.6026554 3.6026554 3.343366 2.8135989 2.8135986 4.0867305 4.0867295 4.0867295 3.5095236 2.383481 2.4998746 2.666988 2.7082508 2.8167841 2.7082508 2.9583395 2.8248954 2.8167832 2.3834796 2.3834796 2.3834796 2.3834796 2.0880585 2.7777615 3.4632437 3.4632437 3.3716974 3.3716974 3.3716974 3.371697 3.371697 3.371697 3.3716955 2.3874278 2.3874278 2.3874278 2.3874278 2.3874278 2.777759 2.777759 2.777759 2.0880554 2.0880554 3.5866015 3.5866015 3.5866015 3.586601 4.071224 4.071224 4.071224 3.5866005 3.5866005 3.5866005
3.5094688 3.5094688 3.5094688 3.3787074 3.3787074 2.0901399 2.763007 4.021386 3.3787057 3.3787057 3.378705 2.813545 2.8135445 4.0866623 4.0866623 4.0866623 3.5094678 2.499825 2.3834443 2.800865 2.816724 2.3834438 2.3834438 3.0539596 2.9903214 2.9558964 2.4998245 2.4998236 2.4998236 2.4998236 2.4681396 2.5824003 3.4631915 3.4631915 3.3716416 3.3716416 3.3716416 3.3716414 3.3716414 3.3716414 3.3716404 3.9237292 2.387392 2.3873916 2.467793 2.3873916 2.6620207 2.5823975 2.1725385 2.060359 2.060359 2.7777042 2.7777042 3.5865567 3.5865567 3.5865567 4.0711746 4.0711746 3.2178516 4.0711746 4.071174
3.509414 3.5323212 3.5094137 2.8134916 2.813491 2.0885274 2.1598701 2.8134909 3.3786511 3.3786511 3.378651 2.8134906 2.8134904 4.0865946 4.0865946 4.0865946 2.8228204 2.7081392 2.4997735 2.8270934 2.8191137 2.499773 2.499773 2.863567 2.863567 2.8415637 2.8519166 2.7081363 2.7081363 2.7081363 2.482014 2.6941893 3.4631383 3.4631383 3.9321842 3.3715887 3.3715887 3.3715882 3.3715882 3.371588 3.3715873 3.4552312 3.9236538 2.387354 2.6502802 2.467741 2.9434252 2.6941879 2.0852892 2.05833 2.05833 2.1724672 2.7776504 2.7776504 2.3873534 2.5138469 3.5865119 3.2178144 3.6231556 3.6231556 3.623155
3.5093594 3.5093594 3.5093584 3.5093584 3.509358 2.0860918 1.9856443 2.8134394 3.3785994 3.3785994 3.3785994 3.3785994 2.813439 2.813439 4.086529 4.086529 4.9450645 2.8166006 2.38337 3.0284998 2.7935138 2.7080834 2.708082 2.6539617 2.815277 2.815277 2.8418186 2.8165982 2.8165982 2.8165977 2.626066 4.4000044 3.3715353 3.9321244 3.9321244 3.932124 3.3715353 3.3715353 3.3715353 3.3715353 3.3715353 3.3715353 3.4551768 3.9235818 5.259725 4.696237 4.8616734 4.7681403 2.468038 2.0582714 2.0582714 2.0879 2.7775955 3.1704166 2.777595 2.5433674 2.5071955 2.3873158 2.4209728 3.2484806 3.6231136
3.5093038 3.9852405 3.5093038 3.5093038 3.5093038 2.4110646 2.084254 2.8133852 3.3785453 3.3785453 2.8133852 3.3785453 2.813385 2.813385 3.602441 3.602441 3.6164503 2.8189988 2.499673 3.0438762 2.842617 2.8165395 2.8165395 2.7328277 2.635243 2.800539 2.525467 2.8189979 2.8189979 2.8189979 2.7066457 3.3927963 3.371483 2.7014656 3.9320633 3.9320624 3.9320624 3.3714821 3.3714821 3.3714821 3.3714821 3.3714821 3.3714814 3.45512 3.5864244 3.586424 3.586424 3.5864239 4.3413 2.4679885 2.3872795 2.4679885 3.0008166 2.7775388 3.4921286 2.5822387 2.3872795 2.5661438 2.4897797 2.4209273 3.2484283
3.5092463 3.5092463 3.5092463 3.5092463 2.4359136 2.435913 2.411003 3.3784924 3.3784924 3.378492 2.8133323 3.3784916 3.3784916 3.3784916 3.6023877 3.6023877 3.6023872 2.525421 2.9152007 3.2185547 2.8425536 2.3832936 2.8189368 2.3832936 2.7148724 2.7919438 2.5254192 2.8010335 2.3832936 4.772501 3.371428 3.371428 2.7014134 2.7014134 3.4629815 3.4629812 3.9320028 3.3714275 3.3714275 3.3714275 3.3714275 3.3714275 3.371427 3.5863795 3.5863795 3.5863793 3.5863793 3.5863793 3.5863793 4.330167 2.4675899 2.3872437 2.4818761 2.7962315 2.5821881 2.959796 2.2180142 2.3676856 2.087796 2.5750859 2.4156542
