Export/ASCII/RMeteo_SP_inch/speranza1/RMeteo_2017_SP4_inch.asc
ncols         660
nrows         338
xllcorner     1476100.0
yllcorner     5017100.0
cellsize      100
NODATA_value  -9.9e-20
[rows 0 to 26 of 338, columns 420 to 479 of 660]
1.562804 1.5628037 1.5628037 1.562803 1.562803 1.562803 1.562803 1.5628028 1.5628026 1.5628026 1.5628021 1.5628021 1.5628021 1.5628018 2.5217779 2.521777 2.521777 2.5217767 2.5217764 2.521776 2.521776 2.775263 4.6632547 4.6632547 3.677924 3.5017085 3.501708 3.501708 3.5017076 2.521774 2.5217736 2.5217736 1.5627987 1.562798 2.7752614 5.0184503 5.0184503 2.9374847 2.9374845 2.9374845 3.6779218 3.6779213 3.6779208 3.6779208 3.6779208 3.6779203 3.6779203 5.0184503 5.0184503 5.0184493 5.0184493 5.0184493 5.0184493 1.4701366 2.2314897 2.2314892 2.2314892 2.2314892 2.231489 3.2923362
1.5627494 1.5627494 1.5627494 1.5627494 1.5627494 1.5627494 1.5627494 1.5627491 1.5627491 1.5627487 1.5627484 1.5627482 1.5627482 1.562748 1.5627477 1.5627475 1.5627475 1.5627472 2.5217001 1.562747 2.775221 2.775221 4.663208 3.501666 3.501666 3.5016656 3.5016654 3.5016654 2.521698 2.521698 2.5216978 2.5216975 1.5627449 1.5627449 1.5627446 5.0184107 5.0184107 4.303075 4.303075 4.303075 5.291339 3.6778784 3.677878 3.677878 3.677878 3.677878 3.677878 5.018409 5.018409 5.018409 5.018409 5.018409 5.018409 1.4700944 1.4700942 1.4700942 2.2314286 2.2314286 2.2314284 3.292285
1.5626967 1.5626965 1.5626965 1.5626962 1.5626957 1.5626957 1.5626955 1.5626953 1.5626953 1.5626953 1.5626948 1.5626948 1.5626948 1.5626945 1.5626936 1.5626931 1.5626931 1.5626926 1.5626926 1.5626926 2.775179 2.775179 4.663161 3.5016234 3.5016234 2.5216215 2.521621 2.5216208 2.5216208 2.5216208 2.521621 2.5216208 2.7751768 2.7751768 2.7751768 5.0183687 5.0183687 4.3030186 4.5758667 4.5425973 5.018368 5.018368 5.018368 5.018368 5.018368 3.6778352 3.6778352 5.018368 5.018368 5.018368 5.018368 5.018367 5.018367 1.4700534 1.4700534 1.470053 1.4700527 2.231368 2.2313673 3.2922335
1.5626419 1.5626419 1.5626419 1.5626419 1.5626416 1.5626416 1.5626411 1.5626411 1.5626411 1.5626409 2.5215495 1.5626404 1.5626404 1.5626402 1.56264 1.56264 1.5626395 1.5626392 1.562639 1.562639 2.7751365 2.7751365 4.6631145 3.5015802 3.5015802 3.5015798 2.521545 2.5215447 2.5215447 2.5215447 3.5015793 3.5015793 3.5015793 5.0183287 5.0183287 5.0183277 5.0183277 4.3029623 4.3029623 4.7333403 5.7358923 5.0183277 5.0183277 5.0183277 5.0183277 3.677792 3.677792 5.0183268 5.0183268 5.0183268 5.0183268 5.0183268 3.501576 1.470012 1.4700115 1.4700112 1.4700108 2.2313077 2.231307 2.2313063
1.562588 1.562588 1.562588 1.5625875 1.5625873 1.5625873 1.562587 1.5625868 1.5625868 1.5625868 2.521473 1.5625865 1.5625863 1.5625861 1.5625858 1.5625858 1.5625858 1.5625856 1.5625856 3.501539 3.501539 3.501539 4.663068 3.5015383 3.5015378 3.5015378 2.521469 2.5214686 3.5015373 3.5015368 3.5015364 5.018288 5.018288 5.018288 5.018288 5.018288 5.018288 4.302906 4.5424848 5.018288 5.018288 3.5015354 3.5015354 5.0182867 5.0182867 5.0182867 3.6777496 5.018286 5.018286 5.0182853 5.0182853 5.0182853 3.501533 1.46997 1.46997 1.6480331 2.231247 2.231247 2.2312465 2.2312465
1.5625336 1.5625336 1.5625336 1.5625331 2.5213976 1.5625331 1.5625329 1.5625324 2.5213966 2.521396 2.5213954 2.5213954 1.562532 1.5625317 1.5625315 2.5213947 2.5213947 2.5213945 3.5014958 3.5014958 3.5014956 3.5014954 2.7750518 3.501495 3.501495 2.5213928 2.521392 2.521392 3.5014944 5.0182476 5.0182467 5.0182467 5.0182467 3.677709 3.677709 5.0182467 5.0182467 4.30285 4.542428 3.8237572 3.501493 3.501493 3.5014925 5.0182457 5.0182457 5.0182457 5.0182447 5.0182447 5.0182447 5.0182447 5.0182447 3.501491 1.5625253 1.9784715 1.4699278 1.4699278 2.2311862 2.2311862 2.2311862 2.2311862
2.521322 1.56248 1.5624797 1.5624793 1.5624793 2.521321 2.5213203 2.5213196 2.5213196 2.5213194 2.521319 2.521319 2.5213187 2.5213187 2.5213187 2.5213187 1.5624774 2.5213184 3.501453 3.501453 3.677668 2.7750096 2.7750092 3.5014517 3.5014513 2.5213165 2.5213156 2.5213156 3.5014513 5.0182085 5.0182076 5.0182066 5.0182066 3.677666 3.677666 5.0182066 5.0182066 4.3027935 4.3027925 3.5014503 3.5014498 3.5014498 5.0182056 5.0182056 5.0182056 5.0182047 5.0182047 5.0182047 5.0182047 5.0182047 5.0182047 3.5014482 1.5624712 1.4698865 1.4698863 2.231126 2.231126 2.2311256 2.2311254 2.2311254
3.5014124 1.5624266 1.5624259 1.5624259 1.5624259 1.5624256 1.5624254 2.5212445 2.5212443 2.5212438 2.521243 2.521243 2.521243 2.521243 2.521243 2.521243 2.5212429 2.5212429 3.501411 3.5014105 3.6776261 2.7749681 2.7749681 3.5014105 3.50141 2.5212386 2.5212386 2.5212386 3.5014095 5.0181665 5.0181665 5.0181665 5.0181665 5.0181656 5.0181656 5.0181646 5.0181646 4.3027368 4.5755906 3.9419217 3.5014071 3.5014067 5.0181637 5.0181637 5.0181637 5.0181637 5.0181637 3.677621 3.677621 3.677621 5.0181627 2.7749636 1.5624175 1.469845 1.4698448 2.2310653 2.231065 2.2310648 3.2919774 3.2919774
3.50137 1.562372 1.562372 1.5623717 1.5623717 1.5623717 2.5211687 2.5211687 2.5211682 2.5211675 2.5211668 2.5211668 2.5211666 2.5211663 2.5211663 2.521166 2.5211658 2.5211656 3.5013678 3.5013676 2.7749262 1.5623693 1.5623693 2.5211642 2.5211642 2.521164 2.5211632 2.5211632 3.5013661 5.0181255 5.0181255 5.0181255 5.0181255 5.0181255 5.0181255 5.0181255 4.30268 4.30268 4.30268 3.5013647 3.5013642 5.0181236 5.0181236 5.0181236 5.0181236 5.018123 5.018123 5.018123 3.6775784 3.6775782 5.018123 2.7749217 2.7749217 1.4698038 1.4698036 2.2310052 2.2310047 2.3677046 3.2919266 3.2919266
1.5623186 1.5623178 1.5623176 1.5623176 1.5623176 1.5623171 2.521091 2.521091 2.5210907 2.5210907 2.52109 2.52109 2.5210898 2.5210896 2.5210896 2.5210893 2.521089 2.5210888 2.5210888 2.5210886 1.562315 1.5623147 1.5623147 1.5623145 2.5210874 2.5210867 2.5210867 2.5210867 3.5013237 5.018084 5.018084 5.018084 5.018084 5.018084 5.018084 5.018084 4.302624 4.575481 4.7329984 3.9418335 3.5013218 5.018082 5.018082 5.018082 5.018081 5.018081 5.018081 5.018081 5.018081 5.018081 5.018081 2.7748795 1.562309 1.4697618 1.4697614 1.4697609 1.978234 1.4697609 1.4697609 1.4697609
2.7748446 1.5622637 1.5622633 1.5622628 1.5622628 1.5622628 2.521014 2.521014 2.5210137 3.5012827 2.5210135 2.5210133 2.521013 2.7748427 3.5012827 3.5012822 2.5210123 2.5210123 2.5210123 2.521012 1.5622609 1.5622609 1.5622609 1.5622609 2.5210109 2.9367218 2.5210106 2.5210104 2.5210102 3.5012808 5.0180435 5.0180435 5.0180435 5.0180435 5.0180426 5.0180426 4.3025684 4.3025684 4.3025675 5.0180426 3.501279 5.0180426 5.0180426 5.0180426 5.0180416 5.0180416 5.0180416 5.0180416 5.0180416 5.0180416 3.5012774 3.5012774 2.5210032 1.4697206 1.9781759 1.4697201 1.4697201 1.9781754 2.4528642 2.4528642
2.774802 2.774802 1.5622101 1.5622101 1.5622096 1.5622096 2.5209386 2.5209386 3.5012407 3.5012407 3.5012407 3.5012407 3.5012407 3.5012403 3.5012403 3.5012403 2.520936 2.5209353 2.5209353 2.5209348 2.5209346 2.5209346 1.5622067 1.5622067 2.9366453 2.9366446 2.5209336 2.5209332 2.5209324 3.5012383 5.0180025 5.0180025 5.0180025 5.0180025 5.0180025 5.018002 4.302512 4.302512 4.575371 5.735547 5.0180016 5.0180016 5.0180016 5.0180016 5.018001 5.018001 5.018001 5.0180006 5.018 5.018 3.5012352 2.5209272 2.5209267 2.230824 2.230824 1.4696784 1.4696782 2.4528122 2.452812 2.4528115
2.7747602 2.77476 2.77476 2.77476 2.77476 1.5621552 1.5621552 2.5208614 3.5011985 3.5011985 2.774759 3.501198 3.501198 3.5011976 3.5011976 3.5011976 3.5011969 2.5208595 2.520859 2.520859 2.520859 2.5208588 2.5208588 2.5208585 2.5208576 2.5208576 2.5208576 2.5208566 2.5208564 3.501195 5.0179615 5.0179615 5.0179615 5.0179615 5.0179615 5.0179615 5.290886 5.0179605 5.0179605 5.0179605 5.0179605 5.0179605 4.6508007 4.6507998 4.6507998 4.6507998 4.6507998 4.6507998 4.6507998 2.9375212 2.937521 2.0619152 2.0619152 1.9978602 1.4636436 1.3131807 1.3131807 4.138727 4.011875 2.2036443
2.0618663 2.937488 2.9374876 2.2764013 2.9374876 2.276401 2.276401 1.4062562 1.4062562 2.2764006 2.9374871 2.9374866 2.9374866 2.9374866 2.9374866 2.9374866 2.9374862 2.0618632 2.0618627 2.0618625 2.0618622 2.0618622 2.061862 2.061862 2.0618618 2.061861 2.061861 2.061861 2.0618608 2.9374845 4.6507626 4.6507616 4.6507607 4.6507607 4.6507607 4.6507607 4.6507607 4.6507607 4.6507607 4.6507607 3.1061463 3.1061463 4.6507607 4.6507597 4.6507597 4.6507597 4.6507597 4.6507597 4.6507597 2.937482 2.3867846 2.0618567 2.061856 1.9978004 1.3131409 2.7409148 2.2036083 4.0118165 1.7519488 1.3131402
2.061808 2.937449 2.9374485 2.9374485 2.937448 2.0618079 2.276364 2.276364 1.9385157 1.406218 2.0618067 2.0618067 2.9374475 2.9374475 2.0618057 2.0618057 2.061805 2.061805 2.061805 2.0618048 2.0618045 2.0618045 2.0618038 2.0618036 2.0618033 2.0618033 2.061803 2.0618026 1.4062152 2.0618024 2.937445 4.650722 4.650722 4.650721 4.650721 3.106107 4.650721 4.650721 4.650721 4.650721 4.650721 4.650721 4.65072 4.65072 4.65072 4.65072 4.650719 4.650719 4.650719 2.9374423 2.9374418 2.9374418 2.9374413 3.0120318 2.2035708 2.2035708 4.6235266 4.9566536 1.3131008 1.3131006
2.06175 2.0617497 2.0617492 2.0617492 2.061749 2.0617487 2.937408 2.276327 2.937408 2.276327 2.2763262 2.937408 2.061747 2.9374075 2.9374075 2.9374075 2.937407 2.0617466 2.0617461 2.061746 2.0617452 2.0617452 2.0617452 2.0617447 2.0617447 2.0617447 2.0617442 1.406177 1.4061766 1.4061761 2.9374056 4.6506815 4.6506805 4.6506796 4.6506796 3.106068 3.1060674 4.6506786 4.6506786 4.6506786 4.6506786 4.6506786 4.6506786 4.6506786 4.6506786 4.6506786 4.6506786 4.6506786 2.9374037 2.9374027 2.9374027 2.9374027 3.1060653 2.2035332 2.2035327 2.2035327 4.623486 4.623486 2.2035322 1.313061
2.0616908 2.0616908 2.0616903 2.0616903 2.06169 2.06169 2.9373693 2.2762897 2.2762897 2.2762897 2.2762897 3.1060317 2.9373689 2.9373689 2.9373684 2.9373682 2.9373682 2.9373682 2.9373677 2.0616875 2.0616865 2.0616865 2.0616865 2.0616863 2.0616853 2.0616853 2.061685 1.4061384 2.0616848 2.0616846 2.9373662 4.6506414 4.6506414 4.6506405 4.6506405 4.6506405 4.6506405 4.6506405 4.6506405 4.6506405 4.6506405 4.6506405 4.6506405 4.6506405 4.6506405 4.6506386 4.6506386 2.937364 2.937364 2.9373636 2.9373631 3.1060257 4.171346 3.2005458 3.2005458 4.1147823 4.1147823 4.6234455 2.203495 2.2034945
2.0616324 2.0616322 2.0616322 2.0616317 2.0616317 2.0616314 2.0616314 2.9373295 2.2762523 1.8574469 4.6506033 3.1059914 3.1059914 2.9373288 2.9373288 2.9373288 2.9373288 2.9373288 2.937328 2.0616286 2.0616286 2.0616279 2.0616279 2.0616274 2.0616274 2.0616274 2.0616267 2.0616262 2.061626 2.061626 2.937327 4.6506004 4.6506004 4.6506004 4.6506004 4.6506004 4.6506 4.6506 4.650599 4.650599 4.650599 4.650599 4.650599 4.650598 4.650598 4.650598 4.650598 2.9373245 2.0616224 2.937324 2.937324 3.1059866 3.1059866 3.2004929 3.2004929 3.2004929 4.114749 4.114749 2.740702 2.2034574
1.4060645 2.061573 2.061573 2.0615726 2.0615723 2.0615723 2.061572 2.0615718 2.2762156 2.2762156 4.6505637 3.105952 2.276215 2.9372895 2.9372895 2.9372892 2.9372892 2.9372888 2.9372883 2.06157 2.06157 2.06157 2.0615695 2.0615695 2.0615695 2.0615692 2.061569 2.0615685 2.0615683 2.0615683 2.9372878 2.276213 4.6505594 4.6505594 4.6505594 4.6505594 4.6505594 4.6505585 4.6505585 4.6505585 4.6505585 4.6505585 4.6505585 4.6505585 4.6505585 4.6505585 2.937286 2.9372854 2.9372854 2.937285 2.9372845 3.1059468 2.2762098 3.0118191 3.20044 3.2004397 3.2004392 3.200439 3.200439 3.2004387
1.4060273 2.0615149 2.0615149 2.0615149 2.0615146 2.0615146 2.0615146 2.0615144 2.061514 2.2761784 4.650523 4.650522 2.2761784 2.276178 4.650522 2.9372501 2.9372501 2.93725 2.0615113 2.0615113 2.0615113 2.0615113 2.0615108 2.0615106 2.0615106 2.0615098 2.0615098 2.0615096 2.0615094 2.0615094 2.9372478 2.9372478 4.6505194 4.6505194 4.6505194 4.6505184 4.6505184 4.6505184 4.6505184 4.6505184 4.6505184 4.6505184 4.6505184 4.6505184 4.6505175 2.9372451 2.9372451 2.0615053 2.0615053 2.937245 3.1059074 3.1059074 2.937245 3.0117657 1.9974418 1.997441 1.997441 3.0117655 3.0117655 3.2003853
2.0614567 2.061456 2.061456 2.0614557 2.0614557 2.0614557 2.9372113 2.9372113 2.0614545 2.2761412 2.2761412 2.2761412 2.2761412 2.2761407 3.9519491 1.4059863 1.4059863 2.061453 2.061453 2.0614524 2.0614524 1.4059861 2.0614524 2.061452 2.061452 1.4059858 2.0614512 2.061451 2.061451 2.061451 2.061451 2.9372087 4.6504793 4.6504784 4.6504784 4.6504784 4.6504784 4.6504784 2.2761378 2.9372072 2.9372072 4.6504784 4.6504784 2.937207 2.937207 2.937207 2.061447 2.061447 3.1156974 2.9372063 3.1645136 2.9372056 2.9372053 3.0117126 1.9973817 1.9973814 2.3335714 1.9973807 1.312861 3.0117116
2.0613961 2.937173 2.937173 2.9371727 2.0613961 2.9371722 2.276105 2.9371717 2.0613956 2.9371717 2.276104 2.2761035 2.2761035 3.1058335 2.444302 1.4059484 1.4059484 1.4059484 2.0613937 2.0613935 2.0613935 2.0613933 2.0613928 2.0613925 2.0613925 2.0613925 2.0613925 2.061392 2.061392 2.0613916 2.0613914 2.937169 4.650439 4.650439 2.9371686 2.9371681 2.9371681 4.650438 2.9371681 2.9371681 2.0613894 2.0613887 2.0613887 2.0613887 2.0613887 2.0613887 2.0613883 2.937167 2.9371667 2.9371667 2.061387 2.0613866 2.0613866 2.1314342 1.9973218 1.9973216 1.9973216 1.9973211 1.9973211 3.0116584
2.0613382 2.9371336 2.9371336 2.9371336 2.0613372 2.937133 2.9371328 2.9371328 2.9371328 2.9371324 2.937132 3.105794 3.105794 3.105794 3.105794 2.9371314 2.9371314 4.650401 2.9371314 2.9371314 1.4059095 2.061334 2.0613337 2.0613337 2.0613337 2.0613337 2.061333 2.0613327 2.0613327 2.0613325 2.0613325 2.9371293 2.9371293 4.6503983 2.9371293 2.0613313 2.9371293 2.9371293 2.9371293 2.0613298 2.0613298 2.0613296 2.0613294 2.061329 2.061329 2.38624 2.0613286 2.9371278 4.6503963 2.937127 2.0613275 2.0613275 2.0613275 1.9972625 1.9972625 1.9972622 1.9972618 3.0116062 3.0116057 3.011605
2.9370942 2.9370942 2.9370942 3.1057563 2.9370942 2.9370942 2.9370933 2.9370928 2.9370928 2.9370928 4.0891438 1.8573284 2.27603 2.2760298 2.2760296 2.9370923 2.9370923 4.650361 2.9370918 2.9370918 2.2760289 2.0612752 2.061275 2.061275 2.0612748 2.0612748 2.061274 1.4058707 1.4058707 2.0612736 2.0612736 2.061273 2.9370897 2.9370897 2.9370894 2.0612721 2.9370894 2.9370894 2.0612717 2.0612707 2.0612707 2.06127 2.06127 2.0612695 2.0612695 2.0612693 2.0612688 2.9370878 2.9370878 2.9370878 2.061268 2.061268 2.0612679 1.9972022 1.9972017 1.9972017 1.9972017 3.3989758 3.0115528 3.0115523
2.9370546 2.9370546 2.9370546 3.1057162 2.9370542 2.9370542 2.625126 2.625126 3.1057158 4.650321 4.650321 1.8573091 2.2759929 2.2759929 2.9370527 2.9370527 2.9370527 3.1057148 2.9370527 2.9370527 2.9370527 2.9370527 2.061215 2.061215 2.061215 2.0612144 1.405832 1.4058318 1.4058318 1.4058316 1.4058316 1.4058311 1.4058311 2.27599 2.27599 1.4058309 2.93705 2.9370499 2.0612123 2.061212 2.0612118 2.0612118 2.0612116 2.061211 2.061211 2.0612109 2.0612102 1.4058297 2.0612097 2.0612094 2.0612092 2.0612092 2.0612092 1.9971428 1.9971426 2.333328 1.9971421 3.0115 3.0114994 3.2095237
2.937015 2.2759569 2.2759566 2.2759566 3.1056767 3.1056767 2.2913861 3.1056767 3.1056767 2.2759562 2.2759557 4.65028 3.1056757 2.9370136 2.9370131 2.9370131 3.1056752 3.1056752 3.1056752 2.9370131 2.9370131 2.9370127 2.0611563 2.0611563 2.0611558 2.0611556 1.4057937 1.4057937 1.4057934 1.4057932 1.4057932 1.4057927 1.4057927 1.4057927 1.4057925 1.405792 2.0611537 2.0611534 2.0611534 2.0611534 1.405792 1.405792 2.061153 2.0611522 2.0611522 2.061152 2.0611515 2.0611508 2.0611506 2.3860574 2.06115 2.06115 2.0611498 1.9970837 1.9970837 1.997083 3.011447 3.2094712 3.0114465 4.114484
2.936976 1.4057581 2.2759197 2.2759197 3.1056376 3.1056376 3.105637 3.105637 3.105637 2.2759192 2.2759192 4.0890274 2.9369748 2.9369748 2.9369748 2.9369748 2.2759185 2.936974 2.9369738 2.2913473 2.9369738 2.9369736 2.9369736 2.0610976 2.0610971 2.0610964 2.0610962 2.0610962 1.4057546 1.4057546 1.4057546 1.4057543 1.4057543 1.4057541 1.4057541 2.061094 1.4057539 1.4057539 2.061094 1.4057536 1.4057536 1.4057536 1.4057534 2.061093 2.0610929 2.0610924 2.0610921 2.9369698 2.9369698 2.358609 2.0610914 2.0610912 2.0610907 1.9970231 1.9970231 2.1311305 3.0113935 3.0113935 3.0113935 3.200014
