Export/ASCII/RMeteo_SP_inch/speranza1/RMeteo_2018_SP2_inch.asc
ncols         660
nrows         338
xllcorner     1476100.0
yllcorner     5017100.0
cellsize      100
NODATA_value  -9.9e-20
[rows 135 to 161 of 338, columns 600 to 659 of 660]
1.0342699 1.2737492 1.273749 1.3723389 1.3723389 1.4948293 1.1804723 1.1804723 1.1804723 1.1854655 1.1854655 1.3723387 1.3723387 1.2737488 1.3723387 1.2737483 1.3723382 1.3723382 1.0342692 0.92955315 2.467622 2.5774086 2.467622 2.467622 2.467622 2.467622 2.4676218 2.4676218 2.4676213 1.4011495 1.1768632 1.1633248 1.1633248 1.1633248 1.1633248 1.1633248 1.1633248 1.1633244 1.1633244 1.1633244 1.1633244 1.1633244 1.1633239 1.1633239 1.1633239 1.1633239 1.1633239 1.1633239 1.1633239 1.1633234 1.1633234 1.1633229 1.1633229 1.1633229 1.1633229 1.1633224 1.1633224 1.1633224 1.1633224 1.1633224
1.3805791 1.3723284 1.1854526 1.130371 1.3723284 1.1854526 1.1804591 1.1804589 1.1804589 1.1804589 1.1303705 1.2737428 1.3723282 1.2737423 1.3723279 1.3723279 1.2688526 1.3582953 0.9295472 0.9295472 2.4676135 2.4676132 2.4676132 2.4676132 2.4676132 2.4676132 2.4676127 2.4676127 2.4676123 1.4011431 1.0576339 1.1633096 1.1633096 1.1633091 1.1633086 1.1633086 1.1633086 1.1633086 1.1633086 1.1633086 1.1633086 1.1633081 1.1633081 1.1633081 1.1633081 1.1633081 1.1633081 1.1633081 1.1633081 1.1633081 1.1633077 1.1633072 1.1633072 1.1633072 1.1633072 1.1633072 1.1633072 1.1633072 1.1633072 1.1633072
1.3723174 1.1854404 1.180447 1.180447 1.1854404 1.1804467 1.1303612 1.2239181 1.1804465 1.1804465 1.1804463 1.3723167 1.3723165 1.3723165 1.3723165 1.3723165 1.401415 1.401415 0.0 1.0430664 2.4676046 2.4676046 2.4676046 2.4676046 2.4676046 2.4676044 2.4676044 2.4676044 2.4676044 0.929541 1.1632948 1.1632948 1.1632948 1.1632948 1.1632948 1.1632948 1.1632948 1.1632948 1.1632948 1.1632948 1.1632948 1.1632948 1.1632943 1.1632943 1.1632943 1.1632943 1.1632943 1.1632943 1.1632943 1.1632943 1.1632943 1.1632938 1.1632934 1.1632924 1.1632924 1.1632924 1.1632924 1.1632919 1.1632919 1.1632915
1.3723065 1.1303505 0.83075 0.83075 0.83075 1.1804336 1.1804334 1.1804334 1.1804334 1.1804332 1.1804332 1.3723058 1.3723058 1.3723058 1.3723058 1.2688287 1.2688283 1.4013995 0.929536 2.5868096 2.4675965 2.467596 2.467596 2.467596 2.467596 2.4675958 2.4675958 2.4675958 2.4675956 1.0430571 1.2710581 1.1632795 1.163279 1.163279 1.163279 1.163279 1.163279 1.163279 1.1632786 1.1632781 1.1632781 1.1632781 1.1632781 1.1632781 1.1632781 1.1632781 1.1632781 1.1632781 1.1632776 1.1632776 1.1632776 1.1632776 1.1632776 1.1632776 1.1632776 1.1632776 1.1632776 1.1632776 1.1632776 1.1632771
1.1854147 0.8307371 0.8054359 0.8054359 0.80543566 0.8307369 1.1804203 1.1804203 1.1804203 1.1303393 1.223888 1.3722943 1.3722943 1.3722943 1.3582486 1.401384 1.4013838 1.4013838 2.5867977 2.467588 2.467588 2.467588 2.467588 2.4675877 2.4675875 2.4675875 2.4675875 2.4675875 2.4675875 0.9295291 1.1632648 1.1632648 1.1632648 1.1632643 1.1632643 1.1632643 1.1632638 1.1632638 1.1632638 1.1632638 1.1632638 1.1632638 1.1632633 1.1632633 1.1632633 1.1632633 1.1632633 1.1632633 1.1632633 1.1632633 1.1632633 1.1632633 1.1632633 1.1632624 1.1632624 1.1632624 1.1632624 1.1632624 1.1632624 1.1632624
1.1804086 0.80542374 0.8054235 0.8054235 0.80542326 0.80542326 1.1303293 1.1804074 1.1804074 1.1804074 1.1804072 1.3722833 1.3722833 1.3582319 1.2688042 1.4013671 0.0 1.0859395 2.4675796 2.4675796 2.4675796 2.4675796 2.4675796 2.4675796 2.4675794 2.4675794 2.4675794 2.4675794 2.4675794 1.4011135 1.1632476 1.1632476 1.1632476 1.1632476 1.1632471 1.1632471 1.1632471 1.1632471 1.1632471 1.1632471 1.1632471 1.1632471 1.1632471 1.1632471 1.1632471 1.1632471 1.1632466 1.1632466 1.1632466 1.1632466 1.1632466 1.1632462 1.1632462 1.1632462 1.1632462 1.1632462 1.1632462 1.1632452 1.1632452 1.1632452
1.130319 0.83070993 0.8054111 0.8054111 1.1303188 1.1303188 1.1803943 1.1303185 1.5744642 1.1803943 1.1803943 1.5838708 1.2687923 1.3582159 1.4013513 0.0 0.0 1.0430325 2.4675713 2.4675713 2.467571 2.4675705 2.4675705 2.4675703 2.4675703 2.4675703 2.1748836 2.1748836 2.4675703 2.4675703 1.1632352 1.1632347 1.1632347 1.1632347 1.1632347 1.1632347 1.1632342 1.1632338 1.1632333 1.1632333 1.1632333 1.1632333 1.1632333 1.1632333 1.1632333 1.1632333 1.1632328 1.1632328 1.1632328 1.1632328 1.1632328 1.1632328 1.1632328 1.1632328 1.1632323 1.1632323 1.1632318 1.1632318 1.1632318 1.1632318
1.1303087 1.1303087 0.80539894 1.1303087 1.1303087 1.1803821 1.1803821 1.4852935 1.5744463 1.4852935 1.5744463 1.245953 1.1303085 1.4013363 0.0 0.0 0.0 2.467563 2.467563 2.467563 2.467563 2.467563 2.4675627 2.4675627 2.4675627 2.4675627 2.1748705 2.1748705 2.4675627 2.4675627 1.1632175 1.1632175 1.1632175 1.1632175 1.1632175 1.1632171 1.1632171 1.1632171 1.1632171 1.1632171 1.1632171 1.1632171 1.1632171 1.1632171 1.1632171 1.1632171 1.1632171 1.1632171 1.1632166 1.1632161 1.1632161 1.1632161 1.1632161 1.1632161 1.1632161 1.1632161 1.1632156 1.1632156 1.1632156 1.1632156
1.3628441 1.3628439 1.2736953 1.2736953 1.4481515 1.3628439 1.5744282 1.7063328 1.7063328 1.7063328 1.7063328 1.1803693 1.1803688 1.2102059 0.9295069 0.9295069 0.9295069 2.174858 2.4675543 2.4675539 2.4675539 2.4675539 2.4675534 2.4675536 2.4675536 2.4675536 2.4675536 2.4675536 2.4675536 1.401092 1.1632028 1.1632028 1.1632028 1.1632028 1.1632028 1.1632028 1.1632028 1.1632028 1.1632028 1.1632028 1.1632028 1.1632023 1.1632023 1.1632023 1.1632023 1.1632023 1.1632023 1.1632023 1.1632023 1.1632018 1.1632018 1.1632018 1.1632018 1.1632018 1.1632018 1.1632013 1.1632009 1.1632009 1.1632009 1.1632009
1.2736887 1.4661092 1.2736887 1.3722397 1.2736884 1.3722397 1.4947377 1.4947377 1.7063159 1.7063152 1.2736884 1.5745107 1.1803559 1.1803559 1.3805043 1.3805043 1.3013672 2.1748452 2.4675455 2.4675457 2.1264763 2.1264758 2.4675455 2.4675455 2.4675453 2.1748443 2.1748443 2.4675453 2.4675453 1.4010854 1.163188 1.163188 1.163188 1.163188 1.1631875 1.1631875 1.1631875 1.1631875 1.1631875 1.1631875 1.163187 1.163187 1.163187 1.1631866 1.1631866 1.1631866 1.1631866 1.163187 1.1631866 1.1631861 1.1631856 1.1631856 1.1631856 1.1631856 1.1631851 1.1631851 1.1631851 1.1631851 1.1631851 1.1631846
1.372229 1.372229 1.372229 1.3722287 1.3722287 2.577275 1.2736818 1.4660932 1.4947277 1.7062994 1.3722283 1.3722283 1.3628203 1.3628203 1.3722283 1.273681 1.3781515 2.1748314 2.4675374 2.1264627 2.1264625 2.1264625 2.467537 2.467537 2.4675367 2.1748304 2.174831 2.174831 1.4010782 1.2390124 1.3682427 1.1631727 1.1631718 1.1631718 1.1631718 1.1631718 1.1631718 1.1631718 1.1631718 1.1631718 1.1631718 1.1631718 1.1631713 1.1631713 1.1631713 1.1631713 1.1631713 1.1631713 1.1631708 1.1631708 1.1631708 1.1631708 1.1631708 1.1631708 1.1631703 1.1631703 1.1631699 1.1631694 1.1631694 1.1631694
1.2736751 1.3722178 1.3722178 1.2736751 2.5772617 2.2931027 2.2931027 1.3722178 1.3722178 1.2736751 1.3722178 1.3722173 1.2736746 1.3871819 1.3722173 1.2953478 1.3135799 2.4675288 2.4675288 2.1264496 2.174818 2.2330403 2.467528 2.467528 2.467528 2.467528 2.174817 2.174817 0.92948973 1.2390019 1.3682232 1.1631579 1.1631579 1.1631575 1.1631575 1.1631575 1.163157 1.163157 1.163157 1.163157 1.163157 1.163157 1.1631565 1.1631565 1.1631565 1.1631565 1.1631565 1.1631565 1.1631565 1.1631565 1.1631565 1.1631565 1.1631565 1.163156 1.1631556 1.1631556 1.1631556 1.1631556 1.1631556 1.1631556
1.3722066 1.2736686 1.4660634 1.2736686 2.4675212 2.29309 1.2215508 1.3722066 1.3722066 1.2736686 1.4660634 1.3722066 1.2736682 1.4660677 1.2736682 1.2215503 2.431856 2.4675202 2.4675202 2.4675202 2.174805 2.174805 2.46752 2.46752 2.46752 2.46752 2.4675198 2.4675195 1.5202508 1.2389914 1.3682027 1.1631422 1.1631422 1.1631422 1.1631422 1.1631422 1.1631422 1.1631417 1.1631417 1.1631417 1.1631417 1.1631417 1.1631417 1.1631413 1.1631408 1.1631408 1.1631408 1.1631408 1.1631408 1.1631408 1.1631403 1.1631403 1.1631403 1.1631403 1.1631403 1.1631403 1.1631398 1.1631398 1.1631389 1.1631389
1.3721958 1.2736617 1.3721958 1.2736617 2.4675128 2.1747932 1.2215399 1.2953199 0.8330202 0.8053255 1.2736617 1.3721958 1.2736615 1.3721956 0.92947876 0.0 2.4675124 2.4675124 2.4675124 2.467512 2.467512 2.4675117 2.4675114 2.1747918 2.1747913 2.4675114 1.4010558 1.4010558 1.238979 1.4422499 1.3681836 1.1631279 1.1631279 1.163127 1.163127 1.163127 1.163127 1.163127 1.1631265 1.1631265 1.1631265 1.1631265 1.1631265 1.163126 1.163126 1.163126 1.163126 1.163126 1.163126 1.163126 1.163126 1.1631255 1.1631255 1.1631255 1.1631255 1.1631255 1.1631255 1.1631255 1.1631255 1.1631255
1.3721846 1.2736548 1.2736548 1.2736548 2.577222 2.4675043 1.3135389 1.3135387 0.8053138 0.8053138 1.3721839 1.2736546 1.4660326 1.3721839 1.3804585 1.2736546 2.1747787 2.4675033 2.467503 2.467503 2.4675028 2.4675028 2.4675028 2.4675028 2.4675028 1.8017284 1.8017284 2.2930634 1.2389685 1.4422351 1.3681645 1.1631126 1.1631126 1.1631126 1.1631126 1.1631126 1.1631126 1.1631126 1.1631126 1.1631117 1.1631117 1.1631117 1.1631117 1.1631117 1.1631117 1.1631117 1.1631112 1.1631112 1.1631112 1.1631112 1.1631107 1.1631107 1.1631107 1.1631107 1.1631103 1.1631103 1.1631103 1.1631103 1.1631098 1.1631098
1.3721734 1.2736484 1.4660183 2.577209 2.4674964 2.4674964 1.3974539 0.8392334 0.8053012 0.8053012 0.83299375 1.2736479 1.372173 1.372173 1.372173 2.1747658 2.2667642 2.4674952 2.4674947 2.4674947 2.4674947 2.4674947 2.4674947 2.4674947 2.4674947 2.4674947 1.8017169 2.2930503 1.2389566 1.4422184 1.3681421 1.163096 1.163096 1.163096 1.163096 1.163096 1.163096 1.163096 1.163096 1.1630955 1.1630955 1.1630955 1.1630955 1.1630955 1.1630955 1.1630955 1.1630955 1.1630955 1.1630955 1.1630955 1.1630955 1.163095 1.163095 1.163095 1.163095 1.163095 1.163095 1.163095 1.1630945 1.1630945
2.6868734 2.577195 2.5771952 2.4674873 2.4674873 2.4674873 1.273641 0.8329811 0.8052895 0.8052895 0.8052895 1.3721617 1.273641 1.4660023 2.5771942 2.4674869 2.4674869 2.4674869 2.4674869 2.4674869 2.4674864 2.4674861 2.4674861 2.4674861 2.4674861 2.467486 2.2930374 1.2389456 1.4422027 1.2389456 1.1630807 1.1630807 1.1630807 1.1630807 1.1630807 1.1630807 1.1630807 1.1630807 1.1630807 1.1630807 1.1630807 1.1630807 1.1630807 1.1630802 1.1630797 1.1630797 1.1630797 1.1630797 1.1630797 1.1630797 1.1630797 1.1630797 1.1630797 1.1630793 1.1630793 1.1630793 1.1630788 1.1630788 1.1630788 1.1630788
2.4674788 2.4674788 2.4674788 1.2736343 1.2736343 1.2736343 1.3721513 1.2736343 1.2736343 1.2736343 1.2736343 1.3721505 1.3721505 1.3721503 2.4674783 2.4674783 2.467478 2.467478 2.467478 2.467478 2.467478 2.467478 1.4010274 1.4010274 1.4010274 1.4010274 2.2930257 1.2389342 1.442186 1.442186 1.368103 1.1630664 1.1630664 1.1630664 1.1630664 1.1630664 1.1630664 1.1630659 1.1630654 1.1630654 1.163065 1.163065 1.163065 1.1630645 1.1630645 1.163064 1.163064 1.1630635 1.1630635 1.1630635 1.1630635 1.1630635 1.1630635 1.1630635 1.1630635 1.1630635 1.1630635 1.1630635 1.163063 1.163063
2.4674706 2.4674706 1.2736284 1.2736284 1.2736284 1.3784896 1.2736284 1.2736284 1.2736284 1.3721403 1.2736281 1.2736281 1.2736281 1.2736281 2.5771677 1.401021 1.401021 1.401021 2.4674695 2.4674695 2.4674695 2.4674695 1.401021 1.401021 1.401021 1.401021 1.2389232 1.2389232 1.4421698 1.4421698 1.368083 1.1630511 1.1630511 1.1630507 1.1630507 1.1630507 1.1630507 1.1630507 1.1630507 1.1630507 1.1630507 1.1630507 1.1630507 1.1630507 1.1630507 1.1630507 1.1630507 1.1630507 1.1630507 1.1630497 1.1630497 1.1630497 1.1630497 1.1630492 1.1630492 1.1630487 1.1630487 1.1630487 1.1630483 1.1630483
1.2736212 1.2736212 1.3721291 1.3721291 1.2736212 1.3721288 1.2802905 1.3721288 1.3721288 1.3721288 1.1301831 1.1852237 1.4659585 2.5771546 2.4674616 2.4674616 2.4674613 2.4674606 2.4674606 2.4674606 2.4674604 2.4674604 1.4010131 1.4010131 1.4010131 1.4010131 1.2389117 1.2389117 1.442154 1.2389117 1.368062 1.1630349 1.1630349 1.1630344 1.1630344 1.1630344 1.1630344 1.1630344 1.1630344 1.1630344 1.1630344 1.1630344 1.1630344 1.1630344 1.1630344 1.1630344 1.1630344 1.1630344 1.1630344 1.1630344 1.1630344 1.1630344 1.1630344 1.1630344 1.1630344 1.163034 1.1630335 1.1630335 1.1630335 1.1630335
1.583623 1.3721188 1.3721188 1.2736148 1.2736148 1.3721188 1.2736148 1.3721188 1.3721186 1.3721186 1.2214626 1.2883633 2.5771413 2.467453 1.4010067 2.4674528 2.4674528 2.4674528 2.4674528 2.4674528 2.4674528 2.4674528 1.4010062 1.4010057 1.4010057 1.2389003 1.2389003 1.2389003 1.4421388 1.4421378 1.3680434 1.1630206 1.1630206 1.1630206 1.1630206 1.1630206 1.1630206 1.1630206 1.1630206 1.1630206 1.1630206 1.1630206 1.1630201 1.1630201 1.1630201 1.1630197 1.1630197 1.1630197 1.1630192 1.1630192 1.1630192 1.1630182 1.1630182 1.1630182 1.1630182 1.1630182 1.1630182 1.1630177 1.1630177 1.1630177
1.5827755 1.3721074 1.2736081 1.2802776 1.3721074 1.1851984 1.2736081 1.2736079 1.2736079 1.4659287 1.313439 2.290045 2.4674451 2.467445 2.4674447 2.4674444 2.4674444 2.4674444 2.4674442 2.4674442 2.4674442 2.4674437 1.4009991 1.4009991 1.4009991 1.2388898 1.442123 1.442123 1.2388889 1.4421221 1.1630054 1.1630054 1.1630049 1.1630049 1.1630049 1.1630044 1.1630044 1.1630044 1.1630044 1.1630044 1.1630044 1.1630044 1.1630034 1.1630034 1.1630034 1.1630034 1.1630034 1.1630034 1.1630034 1.1630034 1.1630034 1.1630034 1.163003 1.163003 1.163003 1.163003 1.163003 1.1630025 1.1630025 1.163002
1.3720962 1.4659139 1.3720962 1.2736012 1.3720962 1.3626853 1.2736012 1.2322863 1.1851863 1.1301526 1.1983534 2.2929637 1.4009922 2.4674366 2.4674363 2.467436 2.467436 2.467436 2.467436 2.467436 2.467436 1.4009914 1.4009914 1.4009914 1.2388784 1.4421078 1.4421073 1.4421073 1.4421064 1.4421064 1.3680048 1.1629915 1.1629915 1.1629915 1.1629915 1.1629915 1.1629915 1.1629915 1.162991 1.162991 1.1629906 1.1629906 1.1629906 1.1629906 1.1629901 1.1629896 1.1629896 1.1629896 1.1629891 1.1629891 1.1629887 1.1629887 1.1629887 1.1629887 1.1629887 1.1629887 1.1629882 1.1629882 1.1629882 1.1629877
1.4658986 1.372085 1.372085 1.2735943 1.372085 1.372085 1.372085 1.3626736 1.1801764 1.1301421 2.19509 2.3919082 1.400985 2.4674277 2.4674273 2.4674273 2.4674273 2.4674273 2.4674273 2.4674273 2.4674273 1.400985 1.4009848 1.4009843 1.238865 1.4420887 1.4420887 1.238865 1.4420887 1.4420887 1.1629758 1.1629758 1.1629758 1.1629758 1.1629753 1.1629753 1.1629753 1.1629753 1.1629753 1.1629753 1.1629748 1.1629748 1.1629744 1.1629744 1.1629739 1.1629739 1.1629739 1.1629739 1.1629739 1.1629739 1.1629739 1.1629734 1.1629734 1.1629729 1.1629725 1.1629725 1.1629725 1.1629725 1.162972 1.162972
1.3720745 1.3720745 1.2735876 1.2735876 1.3720745 1.3720745 1.2735876 1.3720745 1.180163 1.1301314 2.195074 2.1262794 1.4009771 2.4674184 2.4674184 2.4674184 2.4674184 2.4674184 2.4674184 1.4009767 1.4009767 1.4009767 1.4009767 1.238855 1.4420735 1.4420735 1.4420735 1.4420735 1.4420735 1.442073 1.3679633 1.1629605 1.16296 1.1629596 1.1629596 1.1629596 1.1629596 1.1629596 1.1629596 1.1629596 1.1629596 1.1629596 1.1629596 1.1629596 1.1629596 1.1629596 1.1629596 1.1629591 1.1629591 1.1629586 1.1629586 1.1629586 1.1629586 1.1629586 1.1629581 1.1629577 1.1629577 1.1629577 1.1629577 1.1629577
1.3720635 1.2735814 1.3784126 1.3720633 1.372063 1.2735809 1.3720628 1.2735807 1.1801506 1.1801502 1.1301209 2.1262655 2.4674108 2.4674108 2.4674108 2.4674108 2.4674108 2.4674108 2.4674108 1.4009702 2.1491585 1.4009697 1.2388426 1.4420563 1.4420563 1.4420563 1.4420563 1.2388426 1.4420563 1.4420563 1.3679433 1.1629453 1.1629453 1.1629448 1.1629443 1.1629443 1.1629443 1.1629443 1.1629443 1.1629443 1.1629443 1.1629438 1.1629434 1.1629434 1.1629429 1.1629429 1.1629429 1.1629429 1.1629429 1.1629424 1.1629419 1.1629419 1.1629419 1.1629419 1.1629419 1.1629419 1.1629419 1.1629415 1.1629415 1.1629415
1.4658543 1.3720518 1.273574 1.5553097 1.3720516 1.2735738 1.3720516 1.3720516 1.2735738 1.223565 1.180137 2.1262527 2.1262527 2.467402 2.467402 2.467402 2.467402 2.467402 2.467402 1.4009631 1.2388316 1.4420415 1.4420415 1.4420415 1.4420415 1.4420415 1.4420406 1.4420406 1.4420406 1.4420406 1.3679228 1.162929 1.162929 1.162929 1.1629286 1.1629286 1.1629286 1.1629286 1.1629286 1.1629286 1.1629286 1.1629286 1.1629286 1.1629286 1.1629276 1.1629272 1.1629272 1.1629267 1.1629267 1.1629267 1.1629267 1.1629267 1.1629267 1.1629262 1.1629262 1.1629262 1.1629262 1.1629262 1.1629262 1.1629262
