Export/ASCII/RMeteo_SP_inch/speranza1/RMeteo_2018_SP4_inch.asc
ncols         660
nrows         338
xllcorner     1476100.0
yllcorner     5017100.0
cellsize      100
NODATA_value  -9.9e-20
[rows 243 to 269 of 338, columns 427 to 487 of 660]
6.6242485 6.6242485 6.6242485 5.1872177 5.1872177 4.356713 4.4057093 3.1793528 3.1793528 3.1303566 3.22588 1.9273355 1.9273355 1.927335 1.927335 1.927335 1.927335 5.3408155 3.724094 3.724094 4.5692577 4.5692577 4.52026 5.7438364 2.8365052 2.7060578 2.2089322 3.2312973 2.9429708 2.2089322 7.950468 6.6242466 6.6242466 4.35671 4.991977 2.125269 3.1303527 1.9273319 1.9273317 1.9273317 3.4081566 3.4081566 3.1303525 3.225876 3.1793466 3.1793466 3.1793466 3.1044567 3.0880263 1.911948 1.8796744 1.8796744 1.8796742 1.879674 1.879674 6.3760915 6.3760915 6.376091 6.376091 6.376091 6.376091
6.624217 6.624217 6.624217 6.624217 6.624217 4.356679 4.356679 4.356679 4.4056754 4.405675 3.1793141 1.9272985 3.5922241 3.5922241 3.5922241 1.9272985 1.9272983 1.9272981 4.520223 5.351416 5.34078 4.520223 5.340779 4.520223 2.6614432 2.9429417 2.9429417 2.7060416 3.260191 2.7060416 2.9429216 6.6242123 6.6242123 4.356675 4.356675 3.130316 3.130316 3.1793108 4.841715 4.841715 4.841715 5.1065135 3.5611086 3.179309 3.1303144 3.179309 3.1303144 3.104418 3.0554235 3.0879877 3.0554235 3.0554235 3.0879872 1.8796372 1.8796375 6.3760586 6.3760586 6.3760586 6.3760586 3.6572871 4.2216344
6.6241837 6.6241827 6.6241827 6.6241827 6.6241827 6.6241827 6.6241817 6.6241817 6.6241817 6.6241817 4.5201883 4.5201883 3.592187 3.88726 1.9272616 1.9272616 1.9272614 1.9272611 4.5201883 4.5201883 4.5201874 4.5201874 4.5201874 4.5201874 4.5201874 2.2089026 2.2089026 2.2089021 2.2089021 2.7060244 2.9428754 3.029425 2.2089016 6.624179 4.356641 4.356641 3.1302788 3.1302786 3.1302786 5.6498213 2.9713035 3.8050652 3.130278 3.1792712 3.179271 3.179271 3.1792705 3.1043806 3.0879498 3.0879488 3.1202137 3.0879486 3.0879486 3.0879486 1.9118724 6.376025 6.376025 6.376025 6.376025 6.376025 3.6572528
6.6241493 6.6241493 6.6241493 6.6241493 6.6241493 6.6241493 6.6241493 6.6241493 6.6241484 6.6241484 7.650635 5.3407125 4.845105 2.1251614 1.9272263 1.9272256 1.9272256 1.9272254 2.2608156 5.3407125 5.3407116 5.3407106 5.34071 5.34071 4.5201507 5.340709 2.808732 2.208886 2.706011 2.208886 2.7060082 2.9428463 3.2045977 2.208886 4.356607 4.356607 3.1302416 3.1792345 4.8906527 4.8906527 5.4270854 2.971272 3.6430647 3.1302407 3.179233 3.1792328 3.1792328 3.1043417 3.087911 3.055349 3.055349 3.087911 3.087911 3.0879104 1.9118347 4.4778385 6.375992 6.375992 6.375992 6.375992 6.375992
6.624115 6.624115 6.624115 6.624115 6.624115 6.624115 6.624115 6.624115 6.624115 6.624115 6.624115 7.740554 2.2607794 1.9271896 1.9271896 1.9271896 1.9271894 1.9271889 1.9271889 2.2871566 5.391781 5.391781 5.391781 4.520116 4.520116 5.402423 4.520116 3.0826156 2.7059963 2.942854 2.2088716 2.2088716 2.2088716 3.2571723 2.7059963 1.3489847 1.3489845 2.899507 4.890623 5.64977 5.755451 5.2566795 3.1302035 3.1791961 3.1302035 3.1791952 3.1791952 3.1043036 3.0878723 4.9741793 5.691951 3.711372 3.1079743 3.0878713 1.9117968 2.20665 6.3759584 6.3759584 6.3759584 6.3759584 6.3759575
6.6240835 6.6240826 6.6240826 6.6240826 6.6240826 6.6240826 6.6240826 6.6240826 6.6240826 6.6240826 6.6240826 2.891997 1.9271536 1.9271533 1.9271533 1.9271531 1.9271531 1.9271526 1.9271526 1.9271524 2.2977393 5.7273397 4.5200796 5.429785 5.34064 5.8927135 5.340639 1.8320105 3.039881 2.9428244 3.02938 2.70598 2.9428039 2.2088559 3.355337 1.3489504 1.4019186 2.8886786 3.3489854 2.2088554 4.5200768 5.517019 4.890595 3.1301665 3.1791582 3.1301665 3.1791573 3.0552747 3.0552747 1.8794913 4.8764668 5.691926 3.7113292 3.107936 1.8794904 3.4836576 3.4836576 6.68491 6.375924 6.375924 6.375924
6.624048 6.624048 6.624048 6.624048 6.624048 6.624048 6.624048 6.624048 6.624048 2.8919635 2.8919635 2.8919635 2.8919635 1.9271166 1.9271166 1.9271166 1.9271164 1.9271159 1.9271159 1.9271154 1.9271152 4.841576 5.648811 4.5200434 5.8926764 5.3917055 4.339858 3.970104 3.1301317 3.7082958 2.2088401 2.2088401 2.2088397 2.7059615 2.9427571 2.164914 1.4018872 2.2088397 2.2088397 2.2088397 2.7059643 2.4999247 5.9093075 1.974411 3.1301298 3.1791203 3.1301296 3.1042268 3.1200569 4.5102844 5.3171644 5.708476 3.6996093 3.0879033 3.5487394 3.7615097 3.7615094 4.477725 6.37589 6.37589 6.37589
6.624017 6.624017 6.624017 6.624016 6.624016 6.624016 4.9917417 4.9917417 6.624015 2.8919287 2.8919287 2.8919287 2.8919282 1.9270804 1.9270804 1.9270799 1.9270799 1.9270797 1.9270797 1.9270797 1.9270794 2.2893836 5.7136273 5.3405695 4.520007 5.445944 5.244035 5.166491 4.8415475 3.6741388 2.2088253 2.7059495 2.7059495 2.2088253 2.2088249 1.797431 1.6577902 1.3488846 2.7059486 2.7059486 2.7059486 2.9427638 2.836872 2.5330248 1.9743745 3.1300933 3.179083 3.0551999 3.0551999 3.0877573 4.510247 3.591288 3.0877573 3.0551994 3.4835844 4.7823257 5.317127 5.3336973 7.336791 6.3758574 6.3758574
6.6239815 6.6239815 6.6239815 6.6239815 6.6239815 6.6239805 4.9917073 4.9917073 6.6239805 2.8918953 2.8918953 1.9270432 1.927043 2.8918953 1.927043 1.927043 1.927043 1.927043 1.927043 1.927043 1.9270427 1.9270427 4.8415203 5.391631 5.3405333 4.519972 5.431528 5.7210054 5.6496687 3.7479088 2.8504236 3.3290236 2.9427361 2.9427361 2.20881 2.20881 1.6047642 1.3488507 2.2521963 2.9427361 2.9427361 2.9427361 3.0292962 2.7487369 1.9270403 3.179045 3.1300561 1.953454 3.0551617 3.0877178 3.0877178 3.0877178 3.0877178 3.1503928 3.0877173 4.510207 5.317089 5.3336544 5.3336535 6.375825 7.1470895
6.623949 6.623949 6.623949 4.3564043 4.3564043 6.623949 6.623949 6.623949 3.8986635 2.8918614 2.8918614 2.8918614 2.8918614 2.8918614 2.891861 2.891861 1.9270065 1.9270065 1.9270062 1.927006 1.927006 4.8414917 5.649642 5.418988 5.391593 4.5199347 5.4804754 5.648345 5.4227476 7.1242523 2.2087944 2.2087944 2.9568906 3.0292685 2.2087939 2.8086467 2.3379936 1.3488181 1.4017897 2.8363402 3.0292675 3.0292675 3.0292675 3.0597847 1.9270041 1.9742997 1.9742987 1.8793452 1.8793452 3.0551245 3.08768 3.0876794 1.8793442 3.0551238 1.9116087 4.4776125 5.317052 5.3336124 5.3336124 8.238634 7.1470594
6.623915 6.623915 4.356371 4.356371 4.356371 6.6239147 6.623914 6.623914 6.623914 2.208779 2.208779 6.623914 6.623914 6.623914 2.8918269 2.8918264 2.8918264 2.8918264 4.841464 4.841463 4.841463 5.6496162 5.4227095 4.5198994 5.5061035 5.3404636 5.8925304 5.429059 3.8891127 5.761154 2.7059028 2.7059028 2.2087786 3.0781462 3.0838406 3.082535 2.8363216 1.4017563 1.348784 2.331911 2.9426756 3.0597527 3.0597522 3.0597522 4.5198975 2.2605515 1.9269669 1.8793077 1.8793077 1.8793077 1.8793077 1.8793073 1.9115717 1.8793073 1.879307 4.4775753 5.3170156 5.3335705 4.4775753 6.375758 6.375757
6.6238832 6.6238823 6.6238823 6.6238823 6.6238823 6.6238823 6.6238823 6.6238813 2.2087638 2.2087638 2.2087638 6.6238804 6.6238804 6.6238804 6.6238804 2.8917933 2.8917928 2.8917928 4.519864 4.519864 4.519864 4.519864 4.519864 4.519864 4.519864 4.519864 5.4457855 4.519864 4.519863 4.519863 4.519862 2.208763 2.208763 3.0648038 3.160739 2.2087624 2.2087624 1.4785483 1.3487506 2.2087624 2.8363035 3.0292127 2.2087624 3.0597217 4.519861 5.6486707 2.320526 1.8792713 1.879271 1.879271 1.879271 1.879271 1.879271 1.879271 1.8792708 1.8792706 4.477537 4.477537 4.477537 4.477537 7.1470013
6.6238484 2.20875 2.20875 6.6238475 6.6238475 6.6238475 6.6238475 6.6238465 2.20875 2.8086061 7.9497557 6.6238465 6.623846 6.623846 6.623846 2.891759 2.8917584 2.8917584 7.650276 3.129911 5.3510523 5.340394 5.340394 5.340393 5.340393 5.340393 5.4313774 5.340392 5.340392 5.340392 4.519826 2.7058713 2.7058709 3.0619137 3.1353586 2.7058709 2.7058709 2.3318787 1.4016917 1.7972524 2.2087471 2.6421924 2.8115273 2.2087471 6.3356113 4.519825 5.6486416 2.2792022 3.4834 3.7612796 2.0684686 1.8792341 1.8792341 1.8792341 1.8792341 1.8792338 1.8792338 4.4775004 5.31694 5.333486 8.107849
6.6238146 2.2087343 2.705857 2.705857 6.6238136 6.6238136 6.6238136 6.6238136 2.705857 3.0824964 6.6238136 6.6238136 6.6238136 6.6238136 6.6238136 2.891725 2.8917246 2.8917246 6.6238136 4.4052525 4.08531 5.3914433 5.3914433 5.3914433 5.3914433 5.3914433 5.4696503 5.3914423 4.5197906 5.4519587 5.340356 6.4408393 2.9425879 3.0596597 3.1301546 2.9425874 2.9425874 2.8362668 1.4784791 1.535742 2.208732 2.5913548 2.4168031 2.7058542 4.5197887 5.5601435 4.841379 5.6917195 4.3692503 3.7966692 1.8791981 1.8791974 1.8791974 1.8791974 1.8791971 1.8791971 1.8791969 4.477462 4.477462 5.316901 5.3334436
6.6237817 2.2087185 2.7058423 8.527283 8.527283 6.6237817 6.6237817 6.6237817 2.9425616 3.0393121 6.6237817 6.6237817 6.6237817 6.62378 6.62378 3.8984916 3.8984916 7.353611 7.353611 4.356233 3.187706 5.418798 4.5197554 5.4187975 5.727065 5.727065 4.8413525 5.804474 5.64859 5.8923817 5.391403 5.5095406 3.0291321 3.0756867 3.0744917 3.0291317 3.0291307 2.9425588 2.208718 1.5113497 1.7971783 2.3182251 2.1622596 2.0889635 3.6744347 4.5197525 5.444811 4.477426 5.3168654 2.2179644 2.0683956 1.8791614 1.8791614 1.8791614 1.8791611 1.8791609 1.8791604 5.3168664 5.333402 5.3333993 4.477423
6.6237464 2.2087023 2.705826 8.527197 6.6237464 6.6237464 6.623746 6.623746 2.2087023 3.24934 6.623746 6.623746 6.623746 6.623746 6.623745 6.623745 6.623745 6.623745 4.991467 4.9914665 3.591705 4.3631296 5.340288 5.4196806 4.519719 5.5311165 5.346821 6.2009907 5.7134056 5.754775 3.8783448 5.402032 4.519718 3.085408 3.0937345 2.2087023 3.0595973 3.0291026 2.705825 1.5719693 1.53565 1.8317533 2.138561 3.432447 3.18711 4.519717 5.3402853 5.380273 4.4773874 1.8791244 1.8791244 1.8791244 1.8791244 1.8791244 4.4773865 5.316827 5.333358 5.333358 5.333358 5.333358 5.333357
6.6237144 2.2086875 2.7058108 8.527116 6.6237144 6.6237144 6.6237144 6.6237135 2.2086875 2.7058103 10.125602 6.623713 6.623713 6.623712 6.623712 6.623712 6.623712 6.623712 6.623712 4.991433 5.310237 6.969957 4.5196834 5.479486 5.3402524 5.9042506 5.3975387 5.4769263 5.449529 5.7424283 5.415609 5.4722404 5.340251 4.519682 3.2492962 2.7058094 3.0595653 3.0595653 2.9424992 2.3318124 1.4783752 1.9377799 1.6809864 1.3902042 3.1787415 4.519681 5.34025 5.352589 5.395616 5.316794 2.217885 1.8790877 1.8790877 4.4773498 4.4773498 4.4773498 4.477349 5.316789 5.3333144 5.3333144 4.1733303
6.62368 2.2086718 2.7057946 8.527034 6.62368 6.62368 6.62368 6.62368 2.2086713 2.705794 8.527033 6.62368 6.62368 6.62368 6.623679 6.6236787 6.6236787 6.6236787 6.6236787 4.3561306 4.3561306 6.623678 7.650076 5.892272 5.3912907 4.5196466 4.5196466 5.4412727 5.429699 4.841268 5.662701 4.5196457 5.4196014 5.3402166 7.226783 2.94247 3.0595343 3.0595343 3.617213 2.8361938 1.4783406 1.6809471 1.4881837 1.4015274 4.5196447 5.3402157 4.5196447 5.3525496 5.394644 5.364173 5.333275 5.333275 4.477312 5.3167534 5.3167553 5.3273754 5.9189177 4.477311 3.7854958 3.2466056 3.4832127
6.6236467 6.6236467 2.7057798 8.526949 6.623646 6.623646 6.623646 6.623646 2.2086565 2.7057798 8.526948 6.623646 6.623646 6.623646 6.623646 6.623646 6.623646 6.623646 6.623646 6.623646 6.623646 6.623646 6.6236444 7.914227 5.418646 4.278638 4.278637 5.5623736 5.4925866 4.51961 5.42654 5.340181 5.419562 5.391253 5.6182914 6.257098 3.074362 3.0595024 3.0855587 2.9424396 1.4783058 1.4881492 2.3317795 2.3317795 5.3401794 5.3912516 4.5196085 5.3009634 4.477276 5.316717 5.333233 1.8790147 1.8790143 1.8790143 5.36037 5.918878 3.8019977 3.7313826 4.7818894 3.5908523 3.8109822
6.623613 6.623613 2.2086413 7.949317 6.623613 6.623613 6.623613 6.623613 2.2086413 2.966495 6.623613 6.623613 6.623613 6.623613 6.623613 6.6236124 6.6236124 6.6236124 6.623612 6.623612 6.623612 6.623612 6.623612 6.623611 5.9504466 4.9913287 5.3248706 6.623611 4.5195756 5.3401475 4.5195756 5.3912177 5.4195247 4.519575 5.5288506 4.519574 6.351428 1.3484836 2.2345314 3.0289915 2.3317628 1.478272 1.9187489 2.2086394 2.8816154 2.94239 3.0289547 3.0549035 2.5233796 2.1855488 2.1855488 0.7511933 0.53441024 0.45264316 1.8789771 1.8789771 1.8789768 3.48314 3.4831398 4.7818503 3.5908124
6.6235805 2.2086256 2.2086256 2.2086256 7.9492536 6.62358 6.62358 6.62358 2.7057488 2.2086256 3.130157 6.62358 6.62358 6.62358 6.62358 6.62358 6.62358 6.62358 6.62358 6.62358 6.62358 6.6235795 6.6235795 6.623579 4.991296 4.991296 4.991295 6.623578 5.3401127 5.39118 5.3401127 5.4185686 5.419485 5.3401117 5.4384537 5.3401117 5.55989 3.283661 1.3484502 2.7950897 2.8361394 1.4782372 1.5354209 2.705747 2.2086246 2.7057445 2.9423442 2.976706 3.0305839 2.1855316 2.1855316 2.6598597 0.9094262 0.5344033 1.8789401 1.8789401 1.8789401 3.483103 4.7818117 4.4771986 4.4771986
6.6235476 2.7057326 2.2086108 2.7057326 6.623547 6.623547 6.623547 6.623547 6.623547 2.9423552 2.7057326 9.267093 6.623546 6.623546 6.623546 6.623546 6.623546 6.623546 6.6235456 6.6235447 6.6235447 6.623544 6.623544 6.623544 6.623544 4.991261 4.991261 6.6235433 5.3911414 5.418531 5.3911414 5.4194465 5.4194465 5.3911414 5.4194465 4.5195026 5.505034 3.640458 1.8753774 2.3527162 2.9423518 1.4782028 1.4782026 2.088604 2.2086089 2.2086089 2.7057288 2.9441943 2.9574885 3.154085 2.6598444 2.185514 2.1855135 0.45263934 0.5294504 1.8789032 1.8789027 4.47716 5.316602 5.343743 6.0623374
4.51947 2.2085955 2.9664068 2.2085955 6.6235123 6.6235123 6.6235123 6.6235123 6.6235123 2.2085955 2.2085955 8.526617 4.3559604 6.6235123 6.6235123 6.6235123 6.6235123 6.6235123 6.623512 6.623512 6.6235113 6.6235113 6.6235113 6.6235113 6.6235113 6.6235113 6.6235113 6.6235113 7.7694807 5.419407 5.4184923 5.419407 5.419407 4.519466 5.5056295 5.340041 5.892089 4.844385 5.0717087 2.545298 3.0289085 2.3317132 1.478168 1.5358539 2.208594 2.7057164 2.9423022 2.9766493 2.1854968 2.6598277 3.195278 2.9499145 2.740568 3.0492685 0.99859905 0.57270575 1.8788667 4.477124 4.4771237 4.4771237 5.3165655
5.3400106 2.2085798 2.2085798 3.1301322 6.62348 6.62348 6.62348 6.62348 6.62348 2.2085798 2.2085798 7.9491005 4.3559246 4.3559246 6.6234784 6.6234784 6.6234784 6.6234784 6.623478 6.623478 6.736132 6.6234775 6.6234775 6.6234775 6.6234775 6.6234775 6.623477 6.623477 6.623477 7.7703934 4.5194306 4.51943 5.5064692 5.3400064 5.892052 5.391066 4.5194297 5.648341 5.3400054 5.86222 3.059345 2.8360841 2.331696 1.4781339 2.7057002 2.2085779 2.2085779 2.6774788 2.9249487 2.9823418 2.18548 3.318404 2.18548 1.7947829 1.7947829 0.45263505 2.1066434 4.477086 5.327175 4.477086 5.3165283
5.3910313 2.7056863 2.2085645 2.7056859 9.266693 6.6234455 6.6234455 6.6234455 6.6234455 2.2085645 2.7056859 7.9490433 4.9911594 4.9911594 6.6234446 6.6234446 6.6234446 6.6234446 6.6234446 6.6234446 6.6234446 6.6234436 6.6234436 6.6234436 6.6234436 6.6234436 6.6234436 6.623443 6.623443 6.623443 5.3399715 5.3399706 5.8920145 5.3910284 5.4461374 5.418416 5.6483135 5.7131557 5.3910275 5.5091686 6.315195 2.942264 2.836066 3.363134 4.3351965 1.3483155 1.348315 1.3176885 1.3832097 2.324815 2.1854634 2.1854634 2.6597967 2.1933105 1.7947707 2.2969697 2.185463 5.6457434 5.978738 5.3329773 5.3329773
5.4183817 2.9422374 2.2085493 2.9663172 2.2085493 6.623414 6.623414 6.623414 6.623413 2.2085493 2.9663172 6.623412 4.991125 4.9911246 6.623412 6.623412 6.623412 6.623412 6.623411 6.623411 6.62341 6.62341 6.6234097 6.6234097 6.6234097 6.6234097 6.6234097 6.6234097 6.6234097 6.6234097 6.6234097 5.3909907 5.5053067 5.4183774 5.430886 8.500174 5.713129 5.75194 5.4183774 5.39099 5.559706 6.256508 6.120962 3.1783996 3.1783996 3.2834666 3.1294255 1.2740824 2.2205517 2.8207135 2.9497995 3.0492432 3.1288776 2.9156582 1.7947581 2.1854453 2.1854453 2.1854453 4.4342413 3.7693036 5.11494
2.2085345 3.0288022 2.7056558 2.2085345 3.1559772 2.2085345 6.6233788 4.9910917 4.9910917 2.3771157 2.2085345 9.523084 6.623378 4.991091 6.623378 3.89808 3.89808 3.89808 6.623377 6.623377 6.623377 6.623377 6.623377 6.623377 6.623377 6.623377 6.6233764 6.6233764 6.6233764 6.623376 6.623376 6.623376 7.769293 9.61932 7.8290462 7.353258 6.6233754 8.345568 7.770248 4.5193214 5.4443035 5.519784 5.5090933 4.5682945 3.178362 3.1783617 3.129389 3.1034617 1.2740626 2.1854281 2.1854277 2.1854277 2.6597643 2.949771 3.0779116 2.2969348 2.7405155 3.049235 3.0315785 5.128516 4.815672
