Export/ASCII/RMeteo_SP_inch/speranza1/RMeteo_2017_SP1_inch.asc
ncols         660
nrows         338
xllcorner     1476100.0
yllcorner     5017100.0
cellsize      100
NODATA_value  -9.9e-20
[rows 162 to 188 of 338, columns 120 to 179 of 660]
0.78843355 0.78843355 0.788434 0.788434 0.788434 0.788434 0.788434 1.5126265 1.0320827 1.1814665 0.78843427 0.89456797 1.1814665 0.78843427 0.78843427 1.0695342 1.1341151 1.0695342 1.0695342 0.78843427 0.78843427 0.78843427 0.7884345 0.7884345 0.7884345 0.78843474 0.78843474 0.78843474 0.78843474 0.78843474 0.788435 1.0695349 1.1341156 1.0695351 0.8413427 1.0695351 1.2756139 1.0695351 1.3488382 1.1251436 1.0320829 0.87220514 0.87220514 0.845801 0.9260737 0.845801 0.7507155 0.879619 0.9289316 0.8355342 0.8355342 0.8355342 0.879619 0.8355342 0.7007303 0.7007303 0.7007303 0.83553445 0.7007303 0.7007303
0.78841376 0.78841376 0.78841424 0.78841424 1.0323261 0.78841424 0.78841424 1.2617553 1.0320648 1.2612187 0.7884145 1.0320648 1.2641586 1.0695137 1.0695139 1.0695139 1.0695139 1.1340915 1.1340915 0.7884145 0.7884145 0.7884145 0.7884145 0.7884145 0.7884145 0.7884145 0.7884145 0.7884147 0.7884147 0.7884147 1.0695144 1.0695144 1.1340922 1.0695149 1.0695149 1.0695149 1.0695151 1.1340929 1.2075552 1.2075552 1.26416 1.5735402 0.8721944 0.92605865 0.92605865 0.79121816 0.70071507 0.7007153 0.94025886 0.83552325 0.8796042 0.8796042 0.9944092 0.8796042 0.83552325 0.70071554 0.94310296 0.8796042 0.83552325 0.8355235
1.0323058 0.78839445 0.7883947 1.0340363 0.7883947 0.7883947 1.5125841 1.2611989 1.0694948 1.0694948 1.0694948 1.0694948 1.1340688 1.1340688 1.0694948 1.1340688 1.1340691 1.1340691 1.0694948 0.84129834 1.0694951 1.0694951 1.0694951 1.0694951 1.0694951 1.361092 0.7883959 0.7883959 0.7883959 0.7883959 0.7883959 0.7883959 0.7883959 1.1340696 1.1340696 1.0694956 1.0694956 1.0694956 1.1340696 1.1340696 1.0320483 1.5735266 1.0350193 0.79121125 0.79121125 0.8721837 0.7006998 0.7006998 0.8795899 0.8355125 0.8795899 0.8795899 0.94258535 0.8795899 0.8795899 0.8355125 0.8355125 0.9771229 0.8795899 0.8795899
0.78837466 1.0694741 1.071252 0.78837466 1.1340438 1.0694741 1.265016 1.1971179 1.0694743 1.134045 1.134045 1.0694746 1.0694746 1.134045 1.091642 1.1340452 1.1340452 0.8412757 1.1340452 1.0694746 1.0694746 1.1340452 1.2378553 1.4381233 1.4381236 1.6144453 0.7883756 0.7883756 0.7883756 0.7883756 0.7883756 0.7883756 0.7883756 1.134046 1.134046 1.134046 1.134046 1.134046 1.134046 1.134046 1.2611784 0.7912036 0.8721727 0.7912036 0.750664 0.8721727 0.7006843 0.7617483 0.8355011 0.8795749 0.9943725 0.9943725 0.8795749 0.8795749 0.8355011 0.91958797 0.8795749 0.8355011 0.87957513 0.87957513
1.069455 1.2894534 1.069455 1.069455 1.069455 1.069455 1.1340214 1.069455 1.069455 1.1340221 1.069455 0.84125376 1.0916218 1.0916218 1.0320119 1.1340224 0.84125423 0.78835607 1.1340226 1.0694555 1.1340228 1.237832 1.1692997 1.4085149 1.0694555 1.2686421 1.0694555 1.0694557 0.78835654 0.78835654 0.78835654 0.78835654 0.78835654 1.1340231 1.1340231 1.1340231 1.1340231 1.1340231 1.1340231 1.1340231 1.2611576 0.872162 1.573499 0.75064707 0.8457569 0.9214786 0.7911967 0.7911967 0.7911967 0.8945581 1.0773038 0.8354901 0.8354901 0.87956035 0.87956035 0.87956035 1.70934 1.70934 0.87956035 0.8354901
1.1970714 1.0694345 1.0694348 1.2820741 1.0694348 1.2190012 1.0694348 1.0694348 1.0694348 1.091601 1.1250437 1.1250437 1.3431312 1.0319937 0.7883363 0.7883363 0.78833675 0.78833675 0.78833675 1.091602 1.169278 1.3819216 1.169278 1.0694362 1.1340004 1.0694362 1.1340004 1.1340002 0.788337 0.788337 0.788337 0.788337 1.0694362 1.1340002 1.1340002 1.1340002 1.1340004 1.1340004 1.2894307 1.0694362 1.2611374 0.87215173 0.7911893 0.7006538 0.9259988 0.9259988 0.87215173 0.7911893 0.87215173 0.8772501 1.0772837 0.87954605 0.8945435 0.87954605 0.87954605 0.87954605 1.5734851 1.5734851 0.87954605 0.8424784
1.2189769 1.069415 1.3192326 1.069415 1.0694152 1.3405453 1.125024 1.49447 1.0319756 1.2611159 1.2754732 0.89443684 1.2754737 1.2611159 1.0319759 0.7883165 0.7883165 0.7883165 1.0319763 1.2611164 1.249381 1.249381 1.249381 1.1339759 1.1339761 1.1339761 1.1339761 1.1339763 1.0694164 0.78831697 0.78831697 0.78831697 1.1339763 1.1339766 1.1339766 1.1339766 1.1339766 1.1339766 1.1339766 1.0694166 1.2611169 0.8721403 0.8721403 0.79118216 0.87723863 0.87723863 0.95252955 0.79118216 0.8721403 0.8721403 0.92541087 0.79118216 0.8354682 0.79118216 0.8354682 0.8424665 1.5734715 1.5734715 0.79118216 0.8721403
1.0693954 1.0693957 1.2893811 1.0693957 1.1970254 1.0693957 1.2754508 1.1250046 1.0319575 1.2610949 1.1813225 0.7882979 0.89441633 1.0319577 1.0319577 0.7882979 0.7882979 0.7882979 1.3430854 1.0693966 1.0693966 1.1339532 1.1339532 1.0693966 1.2639645 1.0693966 1.0693966 1.1339532 1.1339532 1.0693966 1.0693966 1.0693966 1.1339535 1.0693969 1.0693969 1.1339537 1.0693969 1.1339537 1.1339537 1.0693971 1.2610959 0.8721298 0.8721298 0.8721298 0.79117453 0.79117453 0.95251715 0.84572375 1.747473 1.654413 1.747473 1.747473 1.6247377 0.8721303 0.842455 0.8721303 1.5734577 1.5734577 0.8721303 0.8721303
1.0693756 1.1970023 1.1249841 1.0693756 1.3272053 1.0319394 0.9868685 0.7882774 1.2610732 1.0319396 1.2610732 1.0319396 1.4935032 1.1692148 1.402054 0.7882774 0.7882774 0.7882774 1.0693761 1.1339294 1.1339294 1.3609358 1.1339296 1.0693763 1.3344792 1.0693763 1.0693766 1.1339301 1.1339301 1.0693768 1.1339301 1.0693768 1.1339301 1.1339301 1.0693768 1.2843565 1.0693771 1.0693771 1.1339306 1.1339306 1.0319403 0.87211907 0.87211907 0.87211907 0.7911676 0.87211907 0.87211907 0.8457128 1.6666701 1.6666701 1.6666701 1.6666701 1.3587656 0.87211907 0.8718077 0.8718077 0.7911676 1.5734437 0.87211907 0.87211907
2.1447744 2.625507 1.1249644 1.2889124 1.0693561 1.0320185 0.7882581 0.7882581 1.2639738 1.0693563 1.2610527 1.031922 1.2641279 1.0693566 1.0693566 1.1249653 1.1249655 1.0693566 1.1339062 1.1339062 1.4551376 1.0319225 1.4379529 1.1339062 1.1339062 1.1339062 1.1339067 1.1339067 1.1339067 1.1339067 1.1339067 1.1339067 1.1339067 1.1339067 1.1339067 1.2544612 1.0693568 1.133907 1.091519 1.0319225 1.2610537 0.7911602 1.0301052 0.79116046 0.8721086 0.8721086 1.6543777 1.5943536 1.5314816 1.5734296 1.5734296 1.5734296 1.5743389 0.8721086 0.7960912 0.7960912 0.8721086 1.5734301 0.8721088 0.7911607
2.144755 1.8761759 2.144755 2.9411318 1.0319039 1.5124112 1.0319039 0.9019954 1.069337 1.1338836 1.2639517 1.2610317 1.1338836 1.1338836 1.3427509 1.069337 1.2753817 1.069337 1.1338836 1.1338836 1.091498 0.78823924 1.3486074 1.0693375 1.1338838 1.0693375 1.1338838 1.1338838 1.2843088 1.0693377 1.0693377 1.1338838 0.8411236 1.1338836 1.0693375 1.1925241 0.8411238 0.8411238 1.2610329 1.2610329 1.2610329 0.87209785 0.8720983 0.7911531 0.7505448 0.7505448 1.6666393 1.6666393 1.5314666 1.573416 1.573416 0.7911533 0.7960838 0.87209857 0.86419547 0.8456911 0.9213952 1.3587401 0.87209857 0.87209857
2.1447353 1.8761575 2.1447353 2.2304947 2.4606957 1.1249253 1.0318869 1.069317 1.069317 0.84110093 0.84110093 1.3808264 1.069317 1.069317 1.2544132 1.069317 1.1812402 1.0914775 1.4401487 1.1249257 1.263928 1.1249257 1.2753581 1.0693172 1.13386 1.1925005 1.1925007 0.78822017 0.92445517 1.0693175 1.0693175 1.1338602 0.78822017 0.78822017 0.9394951 0.78822017 0.78822017 0.78822017 1.2610127 1.2610127 1.2610127 0.8720881 0.8720881 0.8720881 0.7005627 0.7005627 1.6666234 1.6666234 1.3587284 1.6666236 1.5734022 0.8720881 0.86469686 0.8720881 0.8720881 0.9259094 0.9259094 1.3587284 0.8720883 0.8720883
2.144716 1.8761401 2.151833 2.2304776 2.3838463 2.1518333 1.3808028 1.0692972 1.1338369 0.7881999 0.78819966 0.8410795 1.0692974 1.1338373 1.1338373 1.452454 1.0318686 1.2609907 1.3608316 1.1249064 1.1249064 1.2753354 1.2753354 1.1338376 1.0692981 0.96851563 0.7882004 0.7882004 0.7882004 1.1338378 1.1338378 1.1338378 1.1249069 0.7882004 0.7882004 0.7882004 1.031869 1.031869 1.2609912 1.5123698 1.031869 0.87207687 0.8456687 0.92136633 0.8456687 0.8456687 1.7727957 1.7727957 1.5733886 1.7727959 1.7727959 0.87207687 0.86417377 0.79113877 0.9524473 0.877169 0.877169 1.358716 1.6543269 0.7505107
1.8761232 1.8761232 2.1446962 2.1446962 2.1518164 2.1518164 1.0692779 1.133814 1.0692779 0.7881799 0.7881799 0.7881799 1.2892379 1.0692779 1.0692779 1.1338142 1.0318507 1.26097 1.5391983 1.0692779 1.2753125 1.2753125 1.1811987 1.091436 0.841058 0.78818035 0.78818035 0.78818035 0.78818035 1.1338142 1.3403801 1.1248869 1.2753125 0.78818035 0.78818035 1.1248871 1.1248871 1.3429462 1.2609702 1.0318509 1.0318509 0.8720664 0.8456577 0.8456577 0.7960619 0.87628376 0.94293797 1.7727807 1.573375 1.573375 1.7727807 1.573375 0.8720664 0.7911316 0.8720664 0.8720664 0.8720664 1.3587029 1.573375 0.7005322
1.8761053 1.8761053 2.2304435 2.2304435 2.1517992 1.1968626 1.0692576 1.2609557 1.0692576 0.78816056 1.03207 0.78816056 1.1337901 1.0692581 1.1337901 1.3807558 1.0692583 0.9301448 1.26095 1.0318328 0.8942647 0.8942647 1.0257967 1.0692586 0.7881608 0.7881608 0.78816104 0.78816104 0.78816104 0.8410363 0.8410363 0.7881613 0.8942652 0.7881613 1.1389269 0.7881613 0.8942652 1.1811787 1.2609502 1.2609502 2.3729913 1.8536992 1.858789 0.87714565 0.8641523 0.8641523 0.9179169 1.574271 1.5733607 1.5733607 1.3586903 1.3586903 0.87205637 0.87205637 0.87205637 0.87205637 0.87205637 1.3586903 1.5733607 0.7005167
1.8760891 1.906178 2.2304263 2.3283687 2.356412 2.151782 2.459539 1.0692383 1.0692383 1.1528655 1.0692383 1.0692383 1.1337675 1.2818383 1.0692383 1.1337675 1.0318142 0.788141 1.049403 1.0318142 1.0318142 0.788141 0.788141 1.0692383 1.0692383 0.788141 0.788141 1.6534663 0.788141 0.788141 0.788141 0.788141 0.788141 0.788141 0.78951 0.788141 0.788141 1.9676113 0.9607841 1.3428992 1.8760898 1.7727542 1.7727542 0.8720449 0.8720449 0.8720449 0.8641418 1.5742574 1.3586776 1.5733469 1.3586776 1.3586776 0.8720449 0.7911173 0.9524051 0.8720449 0.87204516 1.5733471 1.6599078 0.835369
2.144637 2.1517644 2.144637 2.2304091 2.2304091 2.1517649 2.215666 1.0692185 1.2187418 1.0692185 1.0692185 1.0692185 1.3738552 1.0692188 1.0692188 1.1337446 1.7930032 1.0317968 1.0317968 1.0317968 1.2609082 1.0317968 0.7881222 1.0913748 1.1337446 0.7881222 0.7881222 1.0194294 0.7881222 1.3607291 1.2609078 1.0317968 1.3607291 1.3607291 0.7881222 0.7881222 0.7881222 1.2705506 1.0317968 1.1811374 2.3759904 1.7727406 1.7727406 1.5733328 0.7911099 0.8720342 0.8720342 1.5733328 1.358664 1.358664 1.5733328 1.358664 0.8720342 0.8720342 0.8720342 0.8720342 0.7911099 1.5733328 1.6598923 0.8793851
2.144618 2.1517477 2.230392 2.230392 2.3546824 2.1517477 2.4357462 2.1517477 2.2156467 2.1517477 2.2156467 2.3131351 1.0317792 1.0317792 1.0691987 1.6341238 1.0317792 1.0317794 1.6335888 1.0317794 1.2608875 1.2608875 1.0317794 1.2608875 0.840971 0.7881026 0.7881026 0.7881026 0.7881026 1.6140505 1.260888 1.0317796 1.2676781 1.2676781 0.7881026 0.7881026 1.1248077 1.3290564 0.96073735 1.2637907 2.1517487 1.7727275 1.7727275 1.573319 0.8720232 0.8720232 0.8720232 0.79110277 1.5733194 1.3586519 1.5733194 1.3586519 1.4395723 0.84561384 0.92129576 0.8720232 0.8720232 1.5733194 1.6598765 0.8793708
1.0317603 1.0317603 2.2303748 2.2303748 2.3759587 2.2303748 2.1517303 2.1517303 2.1517303 2.1517303 2.1517303 2.4311073 2.144599 1.3428291 1.727506 1.0317618 1.0317618 1.6296341 1.0317618 1.0317618 1.260867 1.6335709 1.0317618 1.260867 0.7880826 0.78808284 0.78808284 0.78808284 0.78808284 1.2676569 1.2608677 1.2608677 1.2608677 1.607232 0.960713 0.7880831 1.5549463 1.1247882 1.183535 1.1336986 2.1517315 1.772713 1.772713 1.5733054 1.654223 0.872013 0.872013 0.872013 1.5733054 1.358639 1.5733054 1.358639 1.358639 0.84560263 0.92580473 0.8720132 0.8720132 1.5733054 1.5733054 0.879356
2.3759437 2.1445782 1.1247677 2.230358 2.230358 2.230358 2.230358 2.1517134 2.1517134 2.1517134 2.1445785 2.1445785 2.2303581 1.5557986 1.1247681 1.1247681 1.7214863 1.0317434 1.4975492 0.9606892 1.2608465 1.6797487 1.3606507 1.2608465 1.0317436 0.7880633 1.0317436 1.0691596 1.0691596 1.4100074 0.9606892 1.2005743 1.2608474 1.6139942 1.1835064 0.9606899 0.89415646 0.7880635 1.5429605 1.0317441 1.0317441 1.7726991 1.7726991 1.7726991 1.5732918 0.87200224 0.87200224 0.79108846 0.87200224 1.3586266 1.3586266 1.3586266 1.3586266 0.8770875 0.8770875 0.8720025 1.6542056 1.5732918 1.7726994 0.879341
2.1445591 2.292107 2.2303407 1.1247483 2.2303407 2.2303407 2.2303407 2.1516962 2.1516962 2.1445594 2.1445594 2.1445594 2.4871793 1.1247483 1.1247486 1.5982584 1.0691398 1.4108852 1.0317255 1.0317255 1.3427836 1.9674792 1.3606247 1.2637213 1.260825 1.0317255 1.4555577 1.0691398 1.0691398 1.1336521 1.0691398 1.0691398 1.6335342 1.3606249 0.96066606 1.1834775 0.96066606 0.96066606 1.2533091 1.0691398 1.2637216 0.8455807 1.6664836 1.5732782 1.6664836 0.77261126 0.8535217 0.8719915 0.8719915 1.5732782 1.5732782 1.5732782 0.7910811 0.7910811 0.8719915 0.8719915 1.5732782 1.5732782 1.7726865 1.570465
2.144539 2.144539 2.144539 1.0317069 1.0317069 1.0317069 2.144539 2.3759139 2.144539 2.144539 2.144539 2.144539 1.0317069 1.0317069 1.809805 1.0691198 1.263697 1.0317072 1.0317072 1.6076721 1.1247286 1.1247286 1.3605992 1.3805903 1.0691205 1.3427607 1.0317074 1.0691208 1.1995641 1.133629 1.0317074 1.091271 1.3232943 1.069121 1.499242 1.0317074 1.0317074 1.252385 1.1336294 1.1336294 1.069121 0.9068476 0.84556925 1.5732641 1.5732641 1.418921 0.7726046 0.87198126 0.87198126 1.5732644 1.5732644 1.5732644 0.87198126 0.87198126 1.5732644 1.7350786 1.5732646 1.3586009 1.3586009 1.5312958
2.1445193 2.1445193 2.3728123 1.0316893 1.5121552 1.0316893 2.1445198 2.14452 2.14452 2.14452 2.14452 2.6593163 1.0316895 1.5181507 1.0316895 1.1966783 1.0691005 1.3427371 1.3427371 1.0316895 1.124709 1.6334984 1.3605729 1.1336056 1.0691005 1.4029623 1.124709 1.1336056 1.2541581 1.3268784 1.0691005 1.2636756 1.2636756 1.4375855 1.0299782 1.0316895 1.260784 1.2186011 0.7880049 0.8408618 0.7880049 0.8352915 0.8770529 1.5732503 1.6597989 1.6597989 1.5732503 0.87197006 0.79106677 1.6541536 1.5732503 1.5732505 1.6541538 1.6541538 1.5732505 1.5732508 1.5732508 1.5732508 1.5732508 1.573251
2.1445 2.1445 2.6486084 1.0316707 1.5126668 1.0316712 1.0316712 1.0316712 2.1445 2.1445 2.1445 2.1516447 1.4051896 1.0690802 1.2467562 1.0316712 1.0690802 1.4289106 1.1246895 1.2078863 1.1246895 1.3529173 1.1246895 1.281649 1.2541348 1.069081 1.069081 1.288998 1.133582 1.069081 1.069081 1.288998 1.069081 1.6138822 1.1833938 1.0316721 1.2607638 1.1335825 0.7879858 1.1867186 0.7879858 0.7336879 0.87196076 0.79105985 1.6597835 1.6597835 1.573236 1.573236 1.4394774 1.3585765 1.3585765 1.573236 1.573236 1.573236 1.573236 1.6664374 1.6664374 1.5732362 1.5732362 0.79105985
2.1444802 2.1444802 2.1444805 1.5015224 1.031654 2.1444805 2.9197426 1.0316545 1.0316545 2.1444807 2.2302728 2.151628 1.2889737 1.0690604 1.6334629 1.0316545 1.5330278 1.0316545 1.6334629 1.1246694 1.1246694 1.5548028 1.3310758 1.0316545 1.3604413 1.0316545 1.1335593 1.1335593 1.2185527 1.1335593 1.1335593 1.0690609 1.0690609 1.5067004 1.0316545 1.2004336 1.2607433 1.09121 0.78796625 0.83383346 0.78796625 0.70036435 0.9028908 0.8719498 0.7910527 1.6597681 1.6597681 1.5732224 1.6664219 1.6664219 1.3585634 1.5732224 1.666422 1.666422 1.5732229 1.666422 1.666422 1.666422 1.5732229 0.79105294
2.1444607 2.1444607 2.144461 1.5120889 1.0316356 2.144461 2.144461 1.2607213 1.0316361 1.1246494 2.1516104 2.312973 1.0690407 1.4687687 1.0316361 1.5120898 1.0316361 1.6816455 1.0316361 1.4288629 1.2750338 1.1246496 1.5120896 1.0316361 1.263606 1.0690414 1.2889501 1.133536 1.0690414 1.2185286 1.133536 1.0690414 1.133536 1.1335362 1.0690416 1.2441002 1.6334443 1.0316361 1.0316361 0.7879462 0.78794646 0.8352586 0.8792535 0.8719386 0.8719386 1.7726178 1.7726178 1.5732088 1.3585508 1.6664064 1.3585508 1.3585508 1.6664064 1.6664064 1.573209 1.3585508 1.6664066 1.6664066 1.573209 0.8719388
2.144441 2.144441 2.6485386 1.0316173 1.031618 2.1444411 2.1444414 2.9196935 1.1809291 1.2750102 2.2302382 2.1515937 1.2185043 1.0690211 1.8598095 1.0316185 2.6485393 1.2674927 1.787985 1.2607003 1.441681 1.2612351 1.0316185 1.0316185 1.288926 1.1335126 1.0690216 1.2185048 1.1335126 1.0690216 1.218505 1.0690218 1.1335129 1.1335129 1.1335129 1.2635828 1.312513 1.0316185 0.96559453 1.069022 1.069022 0.8792385 0.84223425 0.8719281 0.8719281 0.9427606 1.7726035 1.7726035 1.3585379 1.3585379 1.573195 1.573195 1.3585379 1.3585379 1.5731952 1.3585379 1.5731952 1.5731952 1.5731952 1.6540852
