Export/ASCII/RMeteo_SP_inch/speranza1/RMeteo_2016_SP4_inch.asc
ncols         660
nrows         338
xllcorner     1476100.0
yllcorner     5017100.0
cellsize      100
NODATA_value  -9.9e-20
[rows 297 to 323 of 338, columns 300 to 359 of 660]
2.2796774 0.69359255 0.69359255 0.69359255 0.7650945 1.0164111 3.937034 2.8319106 2.8319106 4.4484606 3.15663 0.6935921 3.15663 3.15663 3.1566293 3.1566293 3.1566293 3.1566293 2.867078 0.56164575 0.56164575 0.56164575 0.87855816 0.56164575 0.87855816 0.87855816 0.87855816 0.8785577 0.3571186 0.3571186 0.5616443 1.6750053 1.6750053 1.7674967 1.7674967 1.7674967 1.7674967 1.7674967 1.7674967 1.7674967 1.7674967 1.2179866 1.2179866 1.2179866 1.6750039 1.8560537 0.56164384 0.8890872 0.5616429 0.5616429 0.5616429 1.0641716 0.8785553 0.8785553 1.7674955 0.63223314 3.6070228 2.8670762 2.867076 2.867076
3.156589 0.76507115 0.76507115 0.6935692 0.7466077 0.80358124 3.5027668 2.7344744 2.7344744 2.7344744 3.156589 3.156589 2.476193 2.2738545 2.2738545 2.2738545 3.1565888 3.1565888 2.8670409 0.56161094 0.63220215 0.63220215 0.63220215 0.8785219 0.63220215 0.87852144 0.91366696 0.5287368 0.8146248 0.3886757 0.6322017 0.56161 0.6322012 0.63220024 1.7674395 1.7674395 1.767439 1.8559967 1.6749481 1.7674388 1.8559965 1.6749479 1.6749479 1.6749479 1.6749474 1.7674373 2.1014855 0.5616081 0.91366506 0.5616081 0.63219976 0.5616081 1.0641363 0.87851954 2.3572655 0.6701851 2.2045674 2.8670385 2.8670385 2.8670385
3.1565475 1.0163472 0.9401137 2.734431 0.64702964 2.973274 4.448371 2.7344308 2.003839 2.003839 2.7344308 2.2738113 0.42263484 2.3441663 2.2738113 2.2738113 3.1565466 3.1565466 0.56157327 0.6321659 0.8784828 0.9136336 0.8784852 0.8784852 0.8784852 0.9136336 0.52870345 1.0387719 1.8841746 0.48709297 0.8784852 0.6321659 0.56157327 0.64430475 0.6443043 1.7673825 1.8559388 1.767382 1.767382 1.6748914 1.7914512 1.8559383 1.7673815 1.6748914 1.7673808 1.6748906 1.6748906 0.6701498 0.63216496 1.064101 0.56157184 0.8784838 0.56157184 1.0641005 1.6748897 0.56157184 0.43158746 2.0809805 2.025189 2.8670003
3.1565058 1.0338318 0.8100467 0.6470244 0.6470244 2.9731975 2.0037825 2.0037825 2.0037825 2.7343879 2.7343879 1.4387293 0.42260933 1.4917722 2.2737684 3.156505 1.9680532 3.2585428 0.56153846 0.63213253 0.87844753 0.87844753 1.1829267 0.8784499 0.8784499 0.5286684 0.7413509 1.2982433 1.9456191 1.2178252 0.87844944 0.87844944 0.56153846 0.56153846 0.87844944 0.87844944 0.56153846 0.63213253 0.56153846 1.7267904 1.7267904 1.7267904 1.8558792 1.7673239 1.6748341 1.8558792 1.6748341 1.7673239 0.64426804 0.8784485 1.0640662 0.8784485 0.561537 0.561537 1.1829257 0.6321311 0.35710263 0.35710263 2.0809278 2.8669634
0.6935034 1.0853095 3.4546845 2.7343445 2.7343445 2.0037253 2.0037253 2.003725 2.003725 2.7343445 2.273725 2.7343445 2.7343445 2.273725 2.273725 2.2737248 2.2737248 3.1564643 0.5615046 0.6321001 0.8784132 0.8784132 0.81452227 1.1413529 0.8665762 0.6426866 0.41095805 1.2603528 1.217771 1.217771 1.6747805 2.6473215 2.0628228 0.56150365 0.6072705 0.56150365 0.91357064 0.6320987 0.5615032 0.5286336 1.7267344 1.6747788 1.6747788 1.7672673 1.7672673 1.6747781 1.6747781 1.6747781 1.7672666 0.5615027 0.8784137 0.8784137 0.5615027 0.5615027 0.6320982 0.5615027 0.6442318 0.3570974 2.0251036 2.025103
1.0882044 3.1564238 3.1564238 2.7343016 2.734301 2.734301 2.734301 2.734301 2.734301 2.734301 3.1564233 2.734301 2.734301 2.734301 3.156423 2.2736816 2.2736816 2.2736816 2.8668911 0.35709238 0.38863015 0.6320658 0.6412034 0.6773877 0.6353545 0.4186306 0.61294866 0.5803821 0.35709214 1.2177162 1.6747233 1.2580123 1.4614215 1.3300602 1.2602904 0.35709214 0.6320653 0.8930521 0.8783779 0.6320648 1.6747221 1.6747221 1.855764 1.7672101 1.7672101 1.7672094 1.6747214 1.7672094 1.7672094 0.63206387 0.87837744 0.5614674 0.87837696 0.63206387 2.0627632 2.318536 0.63206387 0.57609224 0.38863444 0.38862967
0.69346 3.1563826 3.1563826 3.1563826 2.7342582 2.7342582 2.7342582 2.2736387 3.156382 3.156382 0.69346 3.078299 2.7342577 2.7342577 2.2736382 2.2736382 2.7342572 2.7342572 4.172305 2.0250206 2.0250206 2.0250206 2.0250201 1.9860749 4.1723046 0.64130425 0.7223356 0.72629094 0.6320305 1.7730924 1.2176626 1.2579584 1.2176623 1.2176623 1.2176623 1.2602301 0.5614326 0.8783431 0.8783431 0.8783431 2.5045886 1.7671531 1.6746663 1.7671531 1.8557061 1.7671527 1.7671527 1.8631538 1.940924 0.73446417 0.56143117 0.56143117 0.56143117 0.56143117 2.3184776 1.7671517 1.7671517 0.8783417 0.3570869 0.38861942
0.6934366 3.1563404 3.1563404 3.1563404 0.64700365 0.64700365 3.4544225 3.1563401 0.6934366 0.76481843 1.0161178 5.228409 4.4481435 4.4481435 2.273595 2.0035553 2.0035553 2.7342143 2.4498591 2.4498587 2.0249777 2.0249777 2.0249774 2.0249774 4.172261 4.172261 0.5285325 0.72229815 2.3814735 2.32202 1.2176087 1.2176077 1.2176077 1.2176077 1.2176075 1.2176075 0.4315815 0.56139684 0.57608056 1.6306386 1.8050672 1.767095 3.048454 1.6746091 1.767095 1.767095 1.767095 1.6746091 1.942618 2.177809 0.5613959 0.6319952 0.6319952 0.6319952 2.062649 1.7670943 1.8556467 1.6746083 0.91347337 0.5613954
0.6934147 0.6934147 0.6934147 0.7658045 0.6934147 0.6934147 0.6934147 0.7647803 2.0110934 2.084188 0.42248106 1.4914951 4.4480977 2.273552 2.273552 2.0034983 2.0034983 2.0034983 2.4498162 2.4498158 2.4498158 2.0249355 2.4498158 2.4498158 1.985982 1.9859817 0.56136346 0.7222583 2.8525481 2.0249352 1.2175536 1.2175536 1.2175536 1.2175536 1.2175534 1.2175534 1.2601073 1.2175531 1.3454914 1.2175531 1.2578485 1.7670392 3.5123067 3.0484028 1.6745538 1.767039 1.8555905 1.767038 1.7223917 1.767038 2.0625923 0.561362 0.8782706 0.8782706 1.6745526 1.8555881 1.6745518 1.6745514 0.5613611 0.5613606
0.8119788 0.8119788 0.94900346 0.7647579 0.8022902 0.6933923 0.6933923 0.6933923 0.7647402 3.8579724 1.9677097 3.2582817 3.1562579 2.8315198 2.8315198 3.1680932 2.3650312 2.003441 1.7264547 1.7264538 2.4497728 2.4497728 2.4497728 2.4497728 2.8667417 2.8667417 2.8667417 0.5284641 0.5284641 2.024892 2.024892 1.2174997 1.2174997 1.2174997 1.2174997 1.2174997 1.2174997 1.2174993 1.2174993 1.2174993 1.217499 1.2577939 3.551234 3.5122583 1.6744965 1.8555309 1.7669803 1.6744963 1.9407545 2.0107899 1.7669803 0.6319289 0.5613272 0.8782363 0.8782363 1.674496 1.76698 1.76698 1.76698 0.631927
3.3950067 0.7264576 0.7264576 2.1082 3.1562169 3.1562169 1.1130483 2.2734656 4.4480076 2.7340844 2.7340844 2.7340844 4.4480076 2.8314774 2.7340844 2.0033853 2.0033853 1.438345 1.2174466 1.2174459 0.52843 0.52843 0.63189554 2.8667035 2.8667035 2.8667035 2.8667035 0.5284295 0.62370825 3.1450193 2.0248492 2.3301778 2.0248492 1.2174449 1.2174447 1.2174447 1.2174447 1.2174447 1.2174447 1.2174447 1.2174447 1.2174447 2.955819 3.6810343 1.674441 1.7669238 1.7669238 1.7669238 1.8629309 1.8629309 1.8127266 2.3182428 0.5612905 0.8781996 0.5612905 0.9133775 1.7669228 1.7669226 1.6744395 0.63189363
3.5928826 3.5928826 3.1561751 3.1561751 2.2734222 2.7340412 2.7340412 2.7340412 2.7340407 2.7340407 2.7340407 2.7340407 2.7340407 2.7340407 2.7340407 1.4382894 1.4382894 1.4382894 1.2173924 1.2173924 0.52839565 0.6318631 0.7786746 0.56125855 0.63186264 0.8781643 0.8781643 0.5612581 0.5612581 0.5612581 3.2917259 2.8666658 2.024807 2.024807 1.2173917 1.2173915 1.2173915 1.217391 1.217391 1.217391 1.217391 2.9557686 3.5121586 2.9557683 2.6889148 2.9607809 3.0548956 2.9607809 1.9036893 1.8628758 1.7222203 1.8554152 0.63186073 0.5612562 0.91334605 0.63186073 2.3328319 1.7668649 1.7668649 2.9607797
3.156134 3.156134 3.156134 3.156134 2.273379 2.273379 2.0032718 2.0032718 2.0032718 2.0032718 2.0032718 2.7339978 2.7339978 2.7339978 2.0032716 1.438235 1.438235 1.438235 1.2173381 1.726285 0.5283618 0.5612223 0.5612223 0.87812996 0.5612223 0.63182783 0.87812805 0.8781295 0.5612223 0.63182783 2.024764 2.024764 2.8666296 2.0247636 2.0247636 2.0247636 2.8666294 2.539703 2.539703 2.539703 2.0247636 4.172035 4.825737 3.5510707 1.3547738 2.0774446 2.8666284 2.8666284 1.7221638 1.6743282 3.0089142 1.6743277 0.6318269 0.8781285 0.6318269 1.0285625 2.318124 1.7668084 1.7668084 2.9607418
3.156093 3.1560926 3.1560926 3.1560926 3.1560926 2.273336 2.0032156 2.0032156 2.0032156 2.0032156 2.733955 2.733955 2.2733355 2.7339544 2.7339544 1.4381809 1.4381809 1.4381809 1.2172842 1.726229 0.5283277 0.631794 0.9132836 1.061698 0.561187 0.561187 0.561187 0.561187 0.9132836 0.0 0.5760448 2.0247214 2.0247211 2.0247211 2.0247211 2.8665915 2.8665915 2.5396605 1.8627652 2.5396602 2.024721 2.8665912 4.1719904 2.0247207 1.3901737 2.0247207 2.0247207 2.8665912 2.9631498 2.960704 2.8665907 2.8665907 2.9607038 0.643908 0.87809324 0.87809324 2.3180656 1.7667512 1.7667512 2.9607034
2.0031593 4.4478264 3.156051 3.156051 3.156051 2.273292 2.273292 2.7339115 2.0031583 2.733911 2.733911 4.4478264 2.733911 2.733911 2.733911 1.4381258 1.4381258 1.4381258 1.2172294 1.7261724 2.4495592 2.8665552 0.56115127 3.2916124 3.7840319 3.2916133 3.6995924 2.8665547 0.63175964 1.0284858 0.35704494 0.38854313 1.2172284 1.2172284 2.0246787 2.0246782 2.0246782 1.0179782 2.5857477 2.5396175 2.8665543 2.024678 2.024678 2.024678 1.2172277 1.2172277 2.0246775 2.866553 2.866553 2.866553 2.866553 2.866553 2.866553 0.56114984 0.878057 0.878057 2.3180056 1.7666935 1.8552402 2.8665528
2.003102 3.1678023 3.1560104 3.1560104 3.1560104 3.1560102 2.2732491 2.2732491 2.2732491 2.273249 4.4477806 2.733868 2.733868 2.0031016 2.0031016 2.0031016 2.0031016 2.0031016 1.7261162 1.7261162 2.449517 2.866517 2.866517 2.8665168 2.8665168 2.8665168 2.8665164 2.8665164 2.8665164 3.5478065 0.87802315 0.39942193 0.3570397 1.5102313 1.4152095 2.0246358 2.0246358 4.1719007 2.8665159 2.8665159 2.0246358 2.0246358 2.0246358 2.0246353 2.0246353 2.0246353 2.0246353 2.8665156 2.8665156 2.8665156 2.8665156 2.8665154 2.8665154 0.561115 0.63172436 0.87802124 0.87802124 0.63172436 0.56111455 2.9606264
2.0030453 2.3646207 2.003045 3.1559687 3.1559687 3.1559687 3.1559687 3.1559687 2.2732058 2.2732058 2.2732058 2.7338245 2.7338245 2.0030446 2.0030446 2.0030446 2.0030446 2.0030446 1.7260604 1.7260604 2.4494743 2.8664796 2.8664796 2.8664794 2.8664794 2.8664794 2.8664794 2.8664794 2.8664794 2.8664792 2.8664792 0.56108165 0.6316924 0.56108165 0.35703468 2.0802536 2.0245929 4.1718574 2.866479 2.866479 2.0245926 2.0245924 2.0245924 2.0245924 2.0245924 2.0245924 2.0245924 2.0245924 2.024592 2.866478 2.866478 2.866478 2.866478 0.5610802 0.63169193 0.8779874 0.8779874 0.5610802 0.7200408 0.63169146
2.0029888 2.0029888 2.7337818 2.7337818 3.1559272 3.1559272 2.7337818 2.7337818 2.7337818 2.2731624 4.447692 3.155927 2.7337816 2.7337813 2.0029879 2.0029879 2.0029879 2.0029876 1.7260036 1.7260036 2.4494314 2.8664422 2.8664422 2.8664424 2.8664424 2.8664424 2.8664422 2.8664422 2.8664422 2.8664422 2.8664422 3.291498 2.866442 0.64881516 0.35702896 2.0245502 2.0245502 2.8664417 2.5394893 2.5394893 2.5394893 2.8664412 2.0245502 2.0245497 2.0245497 2.8664412 2.866441 2.0245497 2.0245497 2.0245497 2.0245497 2.8664408 2.8664408 0.35702872 0.35702872 0.9131539 0.5610435 0.5610435 0.6316557 0.8779502
2.0029323 2.002932 2.733739 2.733739 3.1558852 2.733739 2.7337384 2.7337384 2.7337384 2.273119 4.447646 2.7337384 2.7337384 2.7337384 2.002931 2.7337384 2.002931 2.0029309 0.5281565 1.7259471 2.449389 2.8664055 2.8664055 2.8664052 2.8664052 2.8664052 2.8664052 2.8664048 2.8664048 2.8664048 2.5394468 2.5394468 2.8664045 0.5610101 0.87791634 2.9664824 2.866404 2.5394464 2.5394464 2.5394464 2.866404 2.8664038 2.0245075 2.0245068 2.0245068 2.0245068 2.449387 2.449387 2.0245068 2.449387 2.449387 2.8664036 2.5394454 2.5394454 3.066559 0.5610087 1.0770867 0.6316223 0.6316223 3.5476847
0.6469412 0.6469412 0.6469412 2.733695 3.1558442 2.733695 2.0028753 2.733695 2.733695 2.2730758 3.155844 2.733695 2.733695 2.733695 2.733695 2.733695 2.733695 0.64694095 0.52812266 2.0639381 2.5394046 1.6739362 1.6739362 2.8663676 2.866367 2.866367 2.866367 2.8663669 2.8663669 2.8663669 2.539404 2.539404 2.539404 2.8663666 0.87788105 0.5609753 2.8663666 2.539404 2.539404 2.8663666 2.449345 2.449345 2.449345 2.449345 2.449345 2.449345 2.449345 2.449345 1.8624293 1.7258878 2.4493446 2.4493446 2.4493446 2.4493442 2.8663657 0.5609734 0.631588 1.0282888 0.8778782 3.5476437
1.7572353 0.76514745 0.7470243 2.7336516 2.2730327 2.7336516 2.0028188 2.2730322 2.2730322 3.155803 3.1558027 3.1558027 3.1558027 2.7336512 2.7336512 2.7336512 0.64693594 0.6469357 1.9177601 2.063882 1.903184 1.7663537 1.6738793 1.7663537 1.673879 2.8663297 2.8663297 2.8663297 2.8663297 2.8663297 2.8663297 2.8663297 2.8663297 2.8663297 2.8663297 0.91305995 3.2913823 2.8663294 2.5393615 2.4493027 2.4493027 2.4493027 2.4493027 1.7258322 1.7258322 1.7258322 1.7258322 1.7258322 1.7258322 1.2389736 1.725832 2.4493017 2.4493017 2.4493012 2.4493012 0.5609386 0.6315546 0.87784433 3.547604 3.547604
1.6836672 0.9096215 0.7763231 0.69312716 2.2729893 2.2729893 2.272989 2.272989 4.4475102 3.1557608 2.272989 2.272989 3.1557603 3.1557603 3.1557603 0.69312716 0.7469859 0.4771862 1.2168498 1.8623205 1.9418226 1.6738235 1.7662967 1.7662967 2.960398 2.960398 2.866292 2.8662918 2.8662918 2.8662918 2.8662918 2.8662918 2.8662918 2.8662915 2.8662915 0.56090474 1.0282135 1.0179417 2.5393183 2.4492598 2.4492598 2.4492595 2.4492595 1.7257762 1.7257752 1.2168479 1.2168477 1.2168477 1.725775 1.7257748 1.7257748 1.7257748 1.7257748 2.4492588 2.4492588 2.8662908 0.6315212 0.8778095 3.5475638 2.8662908
0.69310427 1.033056 0.96459436 0.81123257 2.2729464 2.2729464 2.272946 2.272946 3.15572 2.272946 2.272946 2.272946 3.15572 3.15572 0.6931038 0.7461547 0.75817704 1.4857535 1.2167959 1.2388673 1.2167959 1.721594 1.7662393 1.7662393 1.7662393 2.8662548 2.8662548 0.5608709 2.8662546 2.8662546 0.56086993 0.56086993 2.8662546 2.8662543 2.8662543 2.8662543 0.6314883 0.87777376 2.5392761 2.4492168 2.4492168 2.4492168 2.4492168 1.725719 1.2167928 1.2167928 1.2167928 1.2167928 1.2167928 1.7257187 1.7257187 1.7257185 1.7257185 2.449216 2.449216 2.449216 0.5280194 0.94085264 3.547523 2.8662534
0.7642062 1.0330155 0.97515416 0.6930828 3.1556785 2.272903 2.272903 2.272903 3.1556785 2.272903 2.272903 3.1556783 3.1556783 3.1556783 0.76420474 0.8027487 2.0026479 2.2093918 1.7256656 1.7256656 1.2167416 1.6737119 1.6737119 1.7661835 1.6737119 0.5608351 0.5608351 0.5608351 0.5608351 0.5608351 0.5608351 0.5608351 3.2912676 2.8662176 2.8662176 2.8662176 0.56083417 0.877738 2.5392334 2.5392334 2.449175 2.449175 2.449175 1.7256634 1.2167397 1.2167397 1.2167392 1.2167392 1.2167392 1.7256622 1.7256622 2.4491737 2.4491737 1.725662 2.4491732 2.4491732 2.449173 2.5392318 2.258125 2.5392313
1.0154302 1.032975 0.6930604 0.6930604 3.1556373 3.1556373 4.4473743 3.155637 3.155637 3.155637 1.9668483 1.9668483 3.155637 0.6930604 0.64691496 2.6250083 2.0025914 2.0025914 1.7373359 1.7256091 1.7256091 1.7256086 1.8546628 1.6736537 1.7661239 1.7661239 0.6314225 0.6314225 0.6314225 0.56080127 0.6314225 0.6314225 0.6314225 2.8661795 2.8661795 2.8661795 0.5608008 0.87770414 0.64059186 0.64059186 2.449132 2.449132 2.449132 1.7256072 1.2166855 1.2166855 1.2166855 1.2166855 1.2166855 1.7256067 2.449131 2.4491305 2.4491305 2.4491305 2.4491305 2.8661788 2.5391889 1.8621505 1.8621503 1.9029549
1.032933 1.032933 0.764127 0.764127 3.1555958 3.1555958 3.1555958 3.1555958 3.1555958 1.9667915 1.9667915 2.0666597 1.966791 0.764127 0.7468338 2.0025353 2.0141797 2.0025353 1.7255523 1.7255523 1.7255523 1.7255523 1.6735982 1.7660681 1.7660681 1.9398535 0.63138676 0.9129002 0.9129002 0.56076455 0.63138676 0.8776674 0.8776674 0.8776674 2.8661425 2.8661425 3.2911906 0.5607636 0.91289973 0.721606 2.7085223 2.449089 2.024209 2.024209 1.2166307 1.2166307 1.2166307 1.2166305 2.0242083 2.0242078 2.9550688 4.1714525 1.9851916 2.8661416 2.8661413 2.8661413 2.539146 1.6735948 1.7214192 1.6735946
1.032893 1.032893 1.0153463 1.0153463 0.69301605 3.1555548 3.1555548 3.1555543 3.1555543 3.257541 1.9667336 2.1618674 2.0666006 1.0153463 0.75801986 2.0024784 2.0024784 2.0024784 1.7254965 1.7254965 1.7254965 1.7254963 1.7254963 1.2568676 1.7900856 1.7900856 1.9819028 1.0767987 1.0280199 0.6313534 0.56072927 0.8776331 0.56072927 0.56072927 3.547365 2.8661053 2.866105 0.5607288 0.5607288 1.0819983 0.7449961 1.4463062 2.4490457 2.024166 1.2165773 1.2165773 1.2165773 1.2165768 1.2165768 2.0241656 4.171409 1.9851458 1.9851456 2.8661041 2.866104 2.539104 2.539104 1.7660078 1.673539 1.7660075
