Export/ASCII/RMeteo_SP_inch/speranza1/RMeteo_2016_SP2_inch.asc
ncols         660
nrows         338
xllcorner     1476100.0
yllcorner     5017100.0
cellsize      100
NODATA_value  -9.9e-20
[rows 54 to 80 of 338, columns 413 to 471 of 660]
1.1620895 0.58670926 0.58670926 1.1620895 1.1620895 1.1620895 0.586709 0.586709 0.586709 0.586709 1.1071181 1.1071181 1.66347 1.66347 1.1071181 1.1071181 1.1071181 1.1071181 0.586709 1.1620895 2.29861 2.29861 2.29861 2.29861 2.29861 2.29861 1.66347 1.1071179 1.1071179 1.1071179 1.1071179 0.586709 0.586709 1.1071179 1.1071179 1.1071179 1.66347 1.66347 1.1620892 1.1620892 1.1620892 1.8122671 1.8122671 1.8122671 1.8122671 2.2986095 2.2986095 1.5880466 1.5880466 1.5880466 1.5880466 1.5880466 1.5880466 1.1620892 1.6634698 1.6634698 1.2705952 0.5867088 0.5867088
1.1620876 1.6634679 1.6634679 1.1620876 1.1620876 1.1620876 0.58670616 1.2866793 0.58670616 1.2866788 1.1071148 0.58670616 0.58670616 0.58670616 1.1071148 1.1071148 1.1071148 1.1071148 0.5867059 1.1620876 2.2986062 2.2986062 2.2986062 2.2986062 1.6634674 2.4270005 1.6634674 1.1071148 0.5867059 0.5867059 1.1071146 1.1071146 1.1071146 1.1071146 1.1071146 1.1071146 1.6634672 0.5867059 0.5867059 1.1620873 1.1620873 1.8122647 1.8122647 1.8122647 1.2705933 0.5867057 2.2986062 2.2986062 1.5880375 1.8122647 1.5880375 1.5880375 1.5880375 1.1620871 1.6634672 1.6634672 1.2705933 1.1620868 1.6634672
1.1071117 1.1071117 1.6634653 1.1620849 1.1620849 0.58670306 0.58670306 1.2866719 1.2866719 1.2866719 0.58670306 0.58670306 0.58670306 0.54761124 0.58670306 1.1018035 1.1018035 1.1018035 1.9837363 1.9837363 1.9837363 2.2986028 1.1620847 1.1620847 2.2986028 2.4269977 1.663465 1.6634648 0.5867028 0.5867026 1.1071115 1.1071115 1.1071115 1.1071115 1.1071115 1.1071115 0.5867026 0.5867026 0.5867026 0.5867026 1.1620846 1.812262 1.8122623 2.2986028 0.62081456 0.5867026 2.2986028 2.2986028 2.4269972 2.4269972 1.1620846 1.1620843 1.1620843 1.1620843 1.6634645 1.1620842 1.2062957 1.1620842 1.6634645
0.5866997 0.5866997 0.5866997 0.5866997 0.5866997 1.2705897 1.2705897 1.2705897 0.5866995 0.5866995 0.5866995 0.5866995 0.5866995 0.5866995 1.1620823 1.1620823 1.1620823 1.1620823 1.1620823 1.9837332 1.1620823 1.1620823 1.1620821 1.1620821 1.1620821 2.298599 1.6634622 1.6634622 1.1071081 1.1071081 1.1071081 1.1071081 1.1071081 1.1071081 1.6634622 1.1071081 1.1071081 0.5866995 0.5866995 1.8122597 1.8122597 1.588022 2.298599 2.298599 2.298599 2.298599 2.298599 2.298599 1.8122597 1.6634622 1.2679297 0.5866995 0.5866995 0.5866995 0.5866995 1.1071079 0.5866995 0.5866995 1.1620821
0.5866966 0.5866966 0.5866966 0.5866966 0.5866966 1.270588 1.270588 1.3348116 1.270588 0.5866966 0.5866966 0.5866966 0.5866966 0.6083038 1.1620797 0.5866966 0.5866966 0.5866966 1.1620797 1.8122573 1.1620797 0.5866964 0.5866964 0.5866964 1.1620797 1.1620797 1.66346 1.1071053 1.1071053 1.1071053 1.1071053 1.1071053 1.1071053 1.1071053 1.66346 1.107105 1.107105 0.58669615 0.58669615 1.8122573 1.8122573 1.6634598 2.298596 2.298596 2.298596 1.1620797 1.6634595 1.107105 1.107105 1.107105 1.2705876 1.812257 1.1620797 1.1620797 1.1620797 1.1620797 0.5866959 0.5866959 0.5866959
0.5866933 0.5866933 0.5866933 0.5866933 0.5866933 1.3348085 1.3348085 1.3348085 1.1608884 1.1071022 0.5866933 0.5866933 0.5866933 0.5866933 0.5866933 0.5866933 0.5866933 1.1620778 1.1620778 1.8122549 1.8122549 1.1620778 0.5866933 0.5866933 0.58669305 1.1620778 1.6634576 1.1071022 1.1071022 0.58669305 1.1620773 1.2866485 1.1071022 1.1071019 1.1071019 1.1071019 1.1071019 0.58669305 1.1620773 1.8122547 1.8122547 1.7358341 1.6634576 0.58669305 1.1071019 1.1071019 1.1071019 1.1071019 1.6634576 1.1802963 1.2705859 1.8122547 1.6634574 1.1620772 1.1620772 0.5866928 0.5866928 0.5866928 1.1071019
0.58668995 0.58668995 0.58668995 0.58668995 0.58668995 0.62079954 0.62079954 0.62079954 1.1070986 1.1070986 1.1070986 0.58668995 0.58668995 1.1620753 1.1620753 1.1620753 1.1620753 1.1620753 1.8122525 1.8122525 1.1620753 1.1620753 1.1620753 1.1070986 1.6634552 1.6634552 1.1070986 1.1070986 1.1070986 0.5866897 1.1620752 1.6634552 1.1070986 1.1070986 1.1070986 1.1070986 1.1070986 1.8720803 1.8720803 1.8122525 1.663455 1.663455 1.663455 1.8720803 1.663455 1.663455 1.663455 1.663455 1.663455 1.8176396 0.5866897 0.5866897 1.663455 1.1620752 0.5866897 0.5866897 0.5866897 0.5866897 0.5866897
0.5866873 0.5866873 0.5866871 0.5866871 0.5866871 0.5866871 0.5866871 0.5866871 1.1070957 1.1070957 1.1070957 1.2705823 1.2705823 1.6634529 1.162073 1.162073 1.5879889 1.5879889 1.8122504 1.162073 1.162073 1.162073 1.6634529 1.6634529 1.6634529 1.1070955 1.1070955 1.1070955 1.1070955 1.1070955 1.1070955 1.6634529 1.1070955 0.5866866 1.1070955 1.1070955 1.5879889 1.5879889 2.298584 1.8122501 1.6634526 1.6634526 1.6634526 1.8720767 1.6634526 1.6634526 1.6634526 1.6634526 1.6634526 1.6634526 0.5866864 0.5866864 0.5866864 1.107095 1.107095 0.5866864 0.5866864 0.5866864 0.5866864
1.1070926 1.1070926 1.1070926 0.586684 0.586684 0.586684 1.2705804 1.2705804 1.2705804 1.2866256 1.2705804 1.3347992 0.6207924 0.586684 0.586684 1.1620702 1.1620702 1.587981 1.1620702 0.5866835 0.5866835 0.5866835 1.1620702 1.1620702 1.66345 1.66345 1.66345 1.66345 1.1070921 1.1070924 1.1070924 1.1070921 1.1070924 0.5866835 1.2866249 1.5879807 1.5879807 1.8720732 2.29858 1.5879807 1.66345 1.66345 1.66345 2.29858 1.66345 1.7358267 1.66345 1.66345 1.66345 1.66345 0.5866833 0.5866833 0.5866833 0.5866833 1.1070921 0.5866833 0.5866833 0.5866833 0.5866833
1.1070893 1.1070893 1.1070893 1.1070893 1.1070893 0.58668065 1.3347965 1.3347965 1.160872 1.107089 1.3347965 1.1608717 0.58668065 0.5866804 0.5866804 0.5866804 0.5866804 1.1620677 1.1620677 0.5866804 1.1620677 1.1620677 1.1620677 1.6634476 1.8122451 1.6634476 1.6634476 1.1620677 1.6634476 1.6634476 1.1070888 1.1070888 1.1070888 1.1070888 1.5879729 1.5879729 1.8122451 1.8122451 2.2985768 1.5879729 1.6634476 1.8358645 2.2985768 2.2985768 1.6634476 1.6634476 1.6634476 1.1070888 0.68744206 0.5866802 1.1070888 0.5866802 0.5866802 0.58667994 1.1070888 0.58667994 1.1070888 0.58667994 0.58667994
0.58667755 0.58667755 1.1070864 1.1070864 1.1070864 0.58667755 1.3347937 1.3347937 1.1070864 1.1070864 1.1608682 1.1070864 1.1070864 0.58667755 0.58667755 0.58667755 0.58667755 0.58667755 1.1620653 0.58667755 1.1620651 1.1620651 1.6634455 1.587965 1.587965 1.8122427 1.8122427 1.1620654 1.6634455 1.6634455 1.6634455 1.6634455 1.1070862 1.6634455 1.1620651 1.1017683 2.298573 2.4269695 2.4269695 2.4269695 2.2985728 1.587965 1.1620649 1.6634455 1.8827815 1.6634455 1.107086 1.107086 0.5866771 0.58667684 1.107086 1.107086 1.107086 1.107086 1.107086 1.107086 1.107086 1.107086 1.107086
0.5866742 0.5866742 1.1070828 1.1070828 1.1070828 0.5866742 0.5187609 0.5866742 0.5866742 1.2705749 0.586674 0.586674 0.586674 0.586674 0.586674 0.586674 0.586674 0.586674 1.1070828 1.6634429 1.1620628 1.6634429 1.5879564 1.5879564 1.5879564 1.983707 1.8122404 1.8122404 1.6634429 1.6634429 1.6634429 1.1620628 1.1017647 1.1017647 1.1620626 1.1620626 1.8122401 1.1620626 1.8122401 2.2985692 2.2985692 2.2985692 1.8122401 1.6634429 1.6634429 1.6634429 1.6634429 1.6634429 1.1070826 1.1070826 1.1070826 1.1070826 1.1070826 1.1070826 1.1070826 1.1070826 1.1070826 1.1070826 1.6634429
0.58667135 0.58667135 1.10708 1.10708 0.58667135 0.58667135 0.5866711 0.5866711 0.5866711 0.62077785 0.5866711 0.5866711 0.5866711 0.5866709 0.5866709 0.5866709 0.5866709 0.5866709 1.1070795 1.6634405 1.6634405 1.6634405 1.5879488 1.5879488 1.9837036 1.9837036 1.9837036 1.1620605 1.1620605 1.6634405 1.6634405 1.1017594 1.1017594 1.1017594 1.1017594 1.1620605 1.1620605 1.1620605 1.8122377 2.2985659 2.2985659 2.2985659 1.5879478 1.7358172 1.6634405 1.6634405 1.6634405 1.6634405 1.1070795 1.1070795 1.1070795 1.1070795 1.1070795 1.1070795 1.1070793 1.1070793 1.1070793 1.1070793 1.6634405
0.5866678 0.5866678 0.5866678 0.5866678 0.5866678 0.5866678 0.5866678 0.5866678 0.5866678 0.5866678 0.5866678 0.5866678 0.5866678 0.5866678 1.1070766 1.1070766 0.5866678 1.1070766 1.1070766 1.6634381 1.1620581 1.1620581 1.58794 1.6634381 1.6634381 1.9837005 1.9837005 1.9837005 1.6634381 1.6634381 1.5879397 1.5879397 1.5879397 1.5879397 1.1017556 1.162058 1.162058 1.162058 1.162058 2.2985613 1.6634381 1.6634381 1.8720534 1.6634381 1.6634381 1.6634381 1.7358146 1.1070762 1.1070762 1.1070762 1.1070762 1.1070762 1.1070762 1.1070762 1.1070762 1.1070762 1.1070762 1.1070762 1.1620578
0.5866647 0.5866647 0.5866647 0.5866647 0.5866647 0.5866647 0.5866647 0.5866647 0.5866647 0.5866647 0.5866647 0.5866647 0.5866647 0.5866647 1.1070733 1.1070733 1.1070733 1.1070733 1.1070733 1.6634357 1.1620559 1.1620559 1.1620556 1.6634357 1.6634357 1.6634357 1.6634357 1.6634357 1.6634357 1.6634357 1.5879321 1.5879316 1.1620556 1.1620556 1.1620556 0.58666444 1.1620555 1.5879312 2.2985575 2.2985575 1.6634355 1.6634355 1.6634355 1.6634355 1.6634355 1.6634355 1.1070728 1.1070728 1.1070728 1.1070728 1.1363066 1.1070728 1.1070728 1.1070728 1.1070728 1.1070728 1.1070728 0.5866642 0.5866642
0.5866618 0.5866618 0.5866618 0.5866618 0.5866618 0.5866618 0.5866618 0.68742347 0.5866618 0.5866618 0.5866618 0.5866618 0.5866618 1.1070697 1.1070697 1.1070697 1.1070697 1.1070697 1.1070697 0.5866618 1.1620533 1.1620533 1.8122308 1.6634333 1.6634333 1.6634333 1.6634333 1.6634333 1.6634333 1.6634333 1.5879235 1.5879235 1.1620533 1.1620533 0.5866616 1.1070697 1.1070697 1.1070697 1.1070697 1.1070697 1.6634331 1.6634331 1.6634331 1.6634331 1.6634331 1.1503845 1.1070697 1.1070697 1.1070697 1.1070697 1.1607907 1.1070697 1.1070697 1.1070697 1.1070697 1.1070697 1.1070697 1.1070697 1.1070697
0.58665824 0.58665824 0.58665824 0.58665824 0.58665824 0.58665824 0.58665824 0.58665824 0.58665824 0.58665824 0.58665824 0.58665824 0.58665824 1.2705654 1.1070666 1.1070666 1.1070666 1.1070666 0.58665824 0.58665824 1.1620507 1.1620507 1.8122282 1.812228 1.6634307 1.6634307 1.6634307 1.6634307 1.6634307 1.5879154 1.5879154 1.5879154 1.5879154 1.1620505 0.58665824 1.1070666 1.1070666 1.2705654 1.2705654 1.190895 1.1620505 1.1620505 2.2985501 1.6634307 1.6634307 1.7925112 1.1070666 1.1070666 1.1363031 1.1070666 1.1070666 1.1070666 1.1070666 1.1070666 1.1070666 0.58665776 0.58665776 0.58665776 0.58665776
0.5866554 0.5866554 0.5866554 0.5866554 0.5866554 0.5866554 0.5866554 0.68741727 0.5866554 0.5866554 0.5866554 0.5866554 0.5866554 0.620759 1.1070635 1.1070635 1.1070635 0.5866554 0.5866554 1.1620485 1.1620485 1.8122256 1.1620485 1.1620485 1.6634283 1.5879073 1.6634283 1.6634283 1.5879073 1.5879073 1.5879073 1.5879073 1.5879073 1.1620483 0.5866549 1.2705632 0.5866549 0.5866549 1.3347725 1.1985915 1.6634283 1.5879073 2.2985466 2.2985466 1.6634283 1.6634283 1.6634283 1.1070633 1.1607823 1.1070633 1.1070633 1.1070633 1.1070633 1.1070633 1.1070633 0.5866549 0.5866549 0.5866549 0.5866549
0.5866523 0.5866523 0.5866523 0.5866523 0.5866523 0.5866523 0.5866523 0.5866523 0.5866523 0.5866523 0.5866523 0.5866523 0.58665204 0.58665204 0.58665204 1.1070604 1.1070604 1.2705616 1.2705616 1.2705616 0.58665204 0.58665204 0.58665204 0.58665204 1.6634262 1.6634262 1.6634262 1.6634262 1.5878987 1.5878987 1.2865493 1.5878983 1.5878983 1.5878983 1.2705616 1.3347696 0.58665156 0.58665156 1.1608348 1.1070604 1.1070604 2.2985432 1.8122232 1.8122232 1.162046 1.162046 2.04255 1.6634259 1.6634259 1.6634259 1.6634259 0.5866513 0.5866513 0.58665156 1.3275524 1.3275524 0.58665156 0.58665156 0.58665156
0.58664894 0.58664894 0.58664894 1.2705597 0.58664894 0.58664894 0.58664894 0.58664894 0.58664894 0.58664894 0.58664894 0.58664894 0.58664894 0.58664894 0.5866487 1.1070571 1.1070571 1.2705597 1.2705597 0.62075114 0.5866487 0.5866487 0.5866487 1.1070571 1.1070571 1.1070571 1.6634235 1.6634235 1.5878906 1.5878906 1.2865405 1.2865405 1.5878906 1.5878906 1.1608305 1.3347665 1.1070566 1.2705594 1.2705594 1.2705594 1.2705594 1.0285473 1.8122206 1.2705594 0.58664846 1.1620436 1.1620436 1.1620436 1.1620436 1.1620436 1.1620436 0.5866482 0.5866482 0.5866482 0.74085283 1.1070566 0.5866482 0.5866482 0.5866482
1.107054 1.107054 1.107054 1.2865338 1.3347636 0.58664584 0.58664584 0.58664584 0.58664584 0.58664584 0.58664584 0.58664584 0.58664584 0.58664584 1.107054 1.107054 1.2705578 0.62074757 0.62074757 0.58664584 0.58664584 0.58664584 0.58664584 1.1070538 1.6634212 1.6634212 1.6634212 1.5878823 1.5878823 1.2865334 1.2865334 1.5878823 1.5878823 1.162041 2.2985353 1.6634209 1.6634209 1.2705575 1.1608262 1.2705575 0.6207473 0.5866456 0.5866456 0.6207473 0.6082523 1.162041 1.162041 1.162041 1.162041 1.162041 1.162041 0.5866456 0.5866456 0.5866456 1.1070535 1.1070535 1.1070535 1.1070535 1.1070535
0.5866425 0.5866425 0.5866425 1.1070511 0.62074375 0.5866425 0.5866425 0.5866425 0.5866425 0.5866425 0.5866425 0.5866425 0.5866425 1.1070509 1.1070509 1.2705561 1.3347608 0.5866425 0.5866425 0.5866425 0.5866425 0.5866425 0.5866425 0.5866425 1.663419 1.663419 1.663419 1.1620386 1.5878737 1.5878737 1.5878737 1.1620386 1.1620386 1.663419 1.663419 1.663419 1.663419 1.1620386 1.5878737 1.206236 0.5866425 0.58664227 0.58664227 0.58664227 0.58664227 0.58664227 1.1620386 1.1620386 0.58664227 0.6874037 0.58664227 0.58664227 0.58664227 0.58664227 1.1070502 1.1070502 1.1070502 1.1070502 1.1070502
0.5866394 0.5866394 0.5866394 0.5866394 0.5866394 0.5866394 0.5866394 0.5866394 0.5866394 1.1070476 0.5866394 0.5866394 0.5866394 1.1070476 1.1070476 1.2705542 1.3347579 0.5866394 0.5866394 0.5866394 0.5866394 1.2705542 0.5866394 0.5866394 1.1620364 1.1620364 1.1620364 1.1620362 1.1017168 1.1017168 1.1620364 1.1620364 1.1620364 0.5866394 1.1620364 1.6634164 1.6634164 1.6634164 1.5878654 1.1620362 0.5866394 0.5866394 0.68740034 0.58663917 0.58663917 0.58663917 1.162036 1.162036 1.162036 1.162036 0.58663917 0.58663917 0.5866389 0.5866389 0.5866389 0.5866389 1.2705537 1.1070468 1.6634159
0.5866363 0.5866363 0.5866363 0.5866363 0.5866363 0.5866363 0.5866363 0.5866363 0.6873975 0.5866363 0.5866363 0.5866363 0.5866363 1.1070442 1.270552 1.270552 1.3347546 0.58663607 0.58663607 0.58663607 0.58663607 1.270552 0.58663607 0.58663607 1.1620336 1.1620336 1.1620336 1.1620336 1.1620336 1.1017132 1.1620334 1.1620334 0.58663607 0.58663607 0.58663607 1.107044 1.6634138 1.6634138 1.1620339 1.1620338 1.107044 1.107044 1.107044 0.5866358 0.5866358 0.5866358 1.1620338 1.6634138 1.6634138 1.6634138 0.5866358 0.5866358 0.5866358 0.5866358 0.5866358 0.5866358 1.7286925 1.6634135 1.6634135
1.2705506 0.5866332 0.5866332 0.5866332 0.5866332 0.5866332 0.5866332 0.5866332 1.1070414 0.5866332 0.5866332 0.5866332 1.1070414 1.1070414 1.1070414 1.3347517 0.5866332 0.5866332 0.5866332 0.5866332 0.5866332 0.6207328 0.5866332 0.5866332 1.1620314 1.1620314 1.1620314 1.1620314 1.1620314 2.2985206 2.2985206 1.1620314 1.1620314 0.58663297 0.58663297 0.58663297 1.1620314 1.8720121 1.1620314 1.1070411 1.1070411 1.1070411 0.58663297 0.58663297 0.58663297 0.58663297 1.1620307 1.6634114 1.6634114 1.6634114 1.1070409 1.1070409 1.6634114 1.1620312 1.1620307 1.1620307 1.6634114 1.6634114 1.6634114
0.62072873 0.58662987 0.58662987 0.58662987 0.58662987 0.58662987 0.58662987 0.58662987 0.58662987 0.58662987 0.58662987 0.58662987 1.107038 0.58662987 1.107038 1.107038 0.58662987 0.58662987 0.58662987 1.107038 0.58662987 0.58662987 1.2705485 0.58662987 1.162029 1.162029 1.162029 1.162029 1.9836609 1.9836609 1.162029 1.162029 1.162029 0.58662987 0.58662987 0.5866296 1.162029 2.426918 1.6634088 1.1070378 1.1070378 1.1070378 1.1070378 1.1070378 0.5866296 0.5866296 0.5866296 0.5866296 1.6634088 1.6634088 1.1070378 1.1070378 1.6634088 2.2985165 2.2985165 2.2985165 1.6634088 1.6634088 2.2985165
0.586627 0.586627 0.586627 0.586627 0.586627 0.586627 1.1070349 0.586627 0.58662677 0.58662677 0.58662677 0.58662677 0.58662677 0.58662677 0.58662677 1.1070349 0.58662677 0.58662677 1.1070349 1.1070349 1.1070349 1.2705466 1.3347458 1.1620265 1.1620265 1.1620265 1.1620265 1.3517777 1.3517777 1.9836576 1.1620265 1.1620265 1.1620265 1.1620265 0.5866265 0.5866265 0.5866265 1.1070344 1.1070344 1.1070344 1.1070344 1.1070344 1.1070344 1.1070344 0.5866263 0.5866263 0.5866263 1.1070344 1.6634061 1.6634061 1.1070342 1.6634061 1.6634061 2.298513 2.298513 2.298513 2.298513 2.298513 1.3275429
