Export/ASCII/RMeteo_SP_inch/speranza1/RMeteo_2016_SP1_inch.asc
ncols         660
nrows         338
xllcorner     1476100.0
yllcorner     5017100.0
cellsize      100
NODATA_value  -9.9e-20
[rows 297 to 323 of 338, columns 183 to 243 of 660]
5.7138386 5.7138386 5.7138386 5.7138386 5.7138386 5.7138386 5.7138386 5.7138386 5.7138386 5.7138386 5.7138386 5.7138386 5.7138386 5.7138386 5.7138386 5.7138386 5.7138386 7.0063305 4.7312117 4.3819246 5.656829 3.8281977 3.8281977 5.525586 4.695198 3.8281977 4.3819246 4.104235 5.1268635 3.8281982 3.8281982 5.657214 4.3819256 3.8281982 5.7138395 5.7138395 5.7138395 5.7138395 5.7138395 5.7138395 5.7138395 5.7138405 5.7138405 6.127305 5.7138405 5.7138405 11.917276 0.49381253 1.1260839 3.8281987 4.3819256 5.7138405 5.7138405 5.7138405 5.7138405 5.7138405 5.6190753 5.6190753 5.6190753 5.6190753 5.6190753
5.713792 5.713792 5.713792 5.713792 5.713792 5.713792 5.713792 5.713792 5.713793 5.713793 5.713793 5.713793 5.713793 5.713793 5.713793 5.713793 5.713793 5.713793 5.713793 4.69514 4.3818665 6.6899557 7.4329233 3.8281522 4.705715 3.8281522 4.69514 4.973159 4.3818665 4.3818665 3.8281522 3.8281522 4.705715 3.8281522 3.8281522 5.7137938 5.7137938 5.7137938 5.7137938 5.7137938 5.7137938 5.7137938 6.127268 6.127268 6.127268 5.7137938 7.4322195 0.49380872 1.4131557 1.1260514 4.69514 5.7137938 5.7137938 5.7137938 5.7137938 5.7137938 5.61903 5.61903 5.61903 5.61903 5.61903
5.713746 5.713746 5.713746 5.713746 5.713746 5.713746 5.713746 5.713746 5.713746 5.713746 5.713746 5.713746 5.713746 5.713747 5.713747 5.713747 5.713747 5.713747 7.0062103 7.0062103 5.713747 5.713747 5.713747 7.4328594 3.828105 3.828105 5.7901382 4.298369 4.6950808 4.3818083 4.3818083 5.093053 4.6950665 5.0930376 4.7056475 3.828105 5.713747 5.713747 5.713747 5.459422 6.1272306 6.1272306 5.713747 6.1272306 6.1272306 5.713747 5.713747 1.3277539 1.8876013 2.1914766 1.351216 3.828105 5.713747 5.713747 5.713747 3.828105 5.618987 5.618987 5.618987 5.618987 5.618987
5.7137 5.7137 5.7137 5.7137 5.7137 5.7137 4.9920387 5.459379 5.459379 5.7137 5.7137 5.7137 5.7137 5.7137 5.7137 5.7137 5.7137 5.7137 5.7137 5.713701 5.713701 5.713701 5.713701 6.6898365 3.8280563 5.9111786 3.8280563 4.9630766 4.2983284 3.8280563 4.6950197 5.2965345 4.6950073 4.3817368 3.8280563 4.3817368 3.8280563 3.5386205 5.459379 5.459379 5.459379 6.1271925 6.1271925 5.713701 5.713701 5.713701 9.163323 11.92524 2.0935464 1.7338389 1.1259856 4.502775 4.2998238 4.2998238 4.381748 3.8280563 3.724357 5.6189423 5.6189423 5.6189423 5.6189423
5.7136536 5.7136536 5.7136536 5.7136536 5.7136536 5.7136536 5.203997 5.4593363 5.4593363 5.7136536 5.7136536 5.7136536 5.7136536 5.7136536 5.7136536 5.7136536 5.7136536 5.7136536 5.7136536 5.7136536 5.7136536 5.7136536 5.7136536 6.689777 4.750393 4.38169 5.316479 3.82801 4.6088643 4.6949615 5.551342 4.694949 4.3816795 3.82801 4.6949606 3.82801 4.693823 4.342388 3.5385747 5.459337 6.1271544 6.1271544 6.1271544 5.7136545 4.9462748 4.9462748 5.7136545 8.783018 1.733796 1.1259513 1.1259513 1.1259513 5.122696 4.6949615 1.3511387 4.2861605 3.7243268 5.6188993 5.6188993 5.6188993 5.6188993
5.7136073 5.7136073 5.713608 5.713608 5.713608 5.713608 5.713608 5.713608 6.174197 6.127118 6.127118 4.9461927 5.713608 5.713608 5.713608 5.713608 5.713608 5.713608 5.713608 5.713608 5.713608 5.713608 5.713608 7.0060315 4.6949015 4.6911745 4.381631 5.274377 3.4227066 5.6524696 4.694889 4.3816185 3.8279629 4.6949015 4.381631 4.816951 4.5026617 4.2997427 5.2944603 4.9744415 4.2997427 6.127118 6.127118 5.713608 5.713608 5.713608 5.713608 7.875834 1.1259203 1.7337636 1.7337636 1.635216 1.1259203 2.0773683 1.4710982 1.3744823 1.2333239 5.6188555 5.6188555 5.6188555 6.0178237
5.7135596 5.7135596 5.7135596 5.7135596 5.7135596 5.7135596 5.7135606 5.7135606 5.7135606 4.9461107 4.9461107 4.9461107 5.7135606 5.7135606 5.7135606 5.7135606 5.7135606 5.7135606 5.7135606 5.7135606 5.7135606 5.7135606 5.7135606 4.6948404 4.6948404 4.6948404 4.6911135 4.0654516 4.8159466 4.3815594 3.827915 3.827915 4.6948404 4.6948404 4.6948404 5.3029594 5.1096864 5.4054556 4.691102 4.462014 3.4226847 3.8279154 3.8279154 5.7135615 5.7135615 5.7135615 5.7135615 5.7135615 1.1258864 2.0934482 2.0355225 1.7337221 2.4464993 1.1258864 2.240833 1.7168721 1.2332896 1.2332896 1.2332896 5.6188116 6.017787
5.7135143 5.7135143 5.7135143 5.7135143 5.7135143 5.7135143 5.7135143 5.7135143 5.7135143 5.7135143 4.94603 4.94603 5.7135143 5.7135143 5.7135143 5.7135143 5.7135143 5.7135143 5.7135143 5.7135143 4.9460306 7.0058966 4.6947813 4.6947813 4.6947813 4.6947823 4.8037148 4.415489 4.298171 5.092723 5.018058 4.6947823 4.6947823 4.6947823 5.5511465 4.694768 4.691042 4.461959 3.4226618 3.8278687 4.3815136 5.018057 4.694769 4.381501 3.8278687 5.7135153 5.7135153 5.7135153 2.2236137 2.2264497 2.0934157 1.1258545 1.7336816 1.1258545 1.1258545 2.1365833 1.8362011 1.2332562 1.1076912 1.2332562 6.0177517
5.7134666 4.9459496 5.7134666 5.7134666 5.7134666 5.7134666 5.713467 5.713467 5.713467 5.713467 5.713467 5.713467 5.7134676 5.7134676 5.7134676 5.7134676 5.7134676 5.7134676 5.713468 5.713468 5.713468 3.8278203 5.2961946 4.6947217 4.6947217 3.8278203 4.4111366 4.41545 4.902426 4.6947083 5.09266 5.2961946 4.6947217 5.759019 4.7468033 3.8445039 3.8278203 3.8278203 5.017989 4.6947217 5.5510817 4.6947083 4.6947083 4.6947083 4.6947083 4.3814406 3.8278203 6.616291 2.2947419 2.2235732 1.7336396 2.0933814 1.7336396 1.7336396 2.3781295 1.1258211 1.8589185 1.2332219 1.8614428 1.8361672 1.2332219
4.945868 4.9458685 4.9458685 5.713421 5.713421 5.713421 5.7134213 5.7134213 5.7134213 5.7134213 5.7134213 5.4591255 5.4591255 4.945869 5.7134213 4.945869 5.7134213 5.7134213 5.7134213 5.7134213 3.827773 5.0926123 3.827773 5.2961254 4.3813934 4.8010874 4.8010874 5.210988 4.6946487 4.381382 3.827773 3.827773 5.8252573 4.2980776 4.381382 3.827773 4.3813944 5.551017 4.6946497 5.1937838 4.6946487 4.6946487 4.6946487 4.6946487 4.381382 3.8277733 5.3916535 6.6181965 2.2965024 2.0933466 1.1257877 2.0933466 2.0933466 2.4236834 1.7335986 2.164215 1.2331885 1.2331885 2.1025996 2.146956 1.2571572
5.713375 5.713375 4.945787 5.713375 5.713375 5.713375 5.713375 5.713375 5.713375 5.713375 5.713375 4.9457874 4.9457874 4.9530916 4.9457874 4.9457874 5.713376 5.713376 5.713376 6.6894207 4.694601 4.3813343 5.0925493 3.8277264 4.45895 4.2641053 4.903262 4.713396 4.381323 3.8277264 4.3813343 5.718981 4.381323 3.8277264 3.8277264 4.694602 5.6521177 4.6945887 4.6945887 4.381324 3.8277268 4.713396 4.6945887 4.381324 3.8277268 5.2834673 5.30404 7.879613 2.2445953 1.7335576 2.2234907 2.2234907 2.4212973 2.0933127 9.724496 1.7167257 1.842515 2.3076394 1.9855531 1.662367 3.7078052
5.7133274 5.7133274 5.7133274 5.7133274 5.7133274 5.7133284 5.7133284 5.7133284 5.7133284 5.7133284 5.7133284 4.945708 4.945708 4.945708 4.945708 4.945708 5.7133284 5.7133284 5.7133284 4.694542 4.694542 4.694542 4.381275 4.8117924 3.8276782 4.3622284 3.5382547 4.101448 3.8276782 4.694542 5.649879 4.3812637 3.8276782 5.017783 4.694542 5.6520467 4.6945295 4.529993 3.8702135 4.01435 4.492201 3.8219576 4.428406 3.8276792 4.694543 5.279089 4.2122774 5.33769 2.1347 2.3327868 2.2964208 2.3432333 2.2234502 1.1257229 2.153718 7.4959884 7.222004 4.8545294 4.718951 3.9116952 3.707761
5.7132816 5.7132816 5.7132816 5.7132816 5.754775 5.7132816 5.458998 5.458998 5.458998 5.7132816 5.7132816 5.7132816 4.9456253 4.9456253 4.9456253 5.7132816 5.7132816 5.7132816 7.005608 4.6944833 4.6944833 4.6944833 4.6944833 4.3812165 4.7417197 4.381205 3.8276312 3.8276312 4.6944833 5.6519766 4.69447 4.69447 4.69447 5.09241 5.515793 3.8276312 4.69447 4.69447 4.5299335 3.8701556 3.8744793 3.8219132 3.8219132 4.6944833 5.4146376 3.8276312 4.122545 4.3844814 5.8191233 1.894109 1.0452942 2.296378 1.1256905 2.1778574 1.1256905 5.7132816 5.9738674 4.108385 4.007447 3.707716 3.9116423
5.713236 5.713236 5.713236 5.713236 5.713236 5.713236 5.458956 5.458956 5.458956 5.458956 5.713236 5.713236 5.713236 4.945544 5.713236 5.713236 5.713236 5.713236 5.713236 4.6944227 4.6944227 4.6944227 4.6944227 4.6944227 4.6944227 3.8275845 5.0176477 4.6944237 5.5157166 3.8275845 4.6944094 4.6944094 4.6944094 4.6944103 4.3811464 3.8275845 4.6944103 4.6944103 4.6944103 4.6944103 4.87457 4.933058 4.6944237 5.0923624 4.6944103 4.6944103 4.6944103 4.880521 5.2658234 1.1256566 2.4287765 1.7334341 1.8585186 1.7334341 1.1256566 5.713237 5.821975 5.814941 3.9115899 3.7076719 4.0073924
5.713188 5.713188 5.713188 5.713188 5.713188 5.713189 5.713189 5.713189 5.4589143 5.4589143 5.713189 5.713189 5.713189 5.713189 5.713189 5.713189 5.713189 5.713189 7.005489 4.6943636 4.6943636 4.6943636 4.6943636 4.6943636 4.3810987 5.0922995 3.827537 5.5506916 4.6943502 4.6943502 4.6943502 4.6943502 4.6943502 4.694351 5.092284 5.2957835 4.694351 4.694351 4.694351 4.694351 4.694351 5.092284 5.295784 4.694351 4.694351 4.694351 4.694351 4.3810883 3.827537 2.5287688 2.4132135 2.3945744 2.0931764 1.7333926 1.1256242 6.1267786 6.017502 5.814888 3.9115372 3.7076273 4.007338
5.7131424 5.7131424 5.7131424 5.7131424 5.7131424 5.7131424 5.7131424 5.7131424 5.7131424 5.7131424 5.7131424 5.7131424 5.7131424 5.7131424 5.7131424 5.7131424 5.7131424 5.7131424 7.0054283 5.7131424 4.6943035 4.6943035 3.1886249 3.1886249 4.6943035 4.3810396 5.1933756 4.381027 3.8274891 4.381027 3.8274891 4.69429 4.69429 4.69429 4.69429 4.381027 3.8274896 3.8274896 4.69429 4.69429 4.69429 4.69429 4.381027 3.8274896 4.69429 4.381027 3.8274896 3.8274896 7.312026 2.614845 2.4195435 2.46656 2.2756648 1.7333516 1.1255913 5.7131424 6.017465 5.8148365 3.707584 3.9114861 4.007285
5.7130947 5.7130947 5.7130947 5.7130947 5.7130957 5.7130957 5.7130957 5.7130957 5.7130957 5.7130957 5.713096 5.713096 5.713096 5.713096 5.713096 5.713096 5.713097 5.713097 5.713097 7.3609467 7.005369 3.8274426 2.6170778 3.1885602 3.4224606 4.694244 4.694243 3.8274426 5.295646 4.6942306 4.6942306 4.6942306 4.6942315 4.6942315 4.6942315 5.0921583 5.017443 4.6942315 4.6942315 4.3809695 3.8274426 4.7191358 5.486988 5.436028 3.8567245 4.3809695 3.8274426 4.9168887 9.500358 2.0931044 1.7333025 1.1255584 1.1255584 1.7562445 1.1255584 5.713098 5.618374 5.3337927 3.707539 4.0072308 3.707539
5.71305 5.71305 5.71305 5.71305 5.7545433 5.71305 5.71305 5.71305 5.71305 5.71305 5.71305 5.71305 5.71305 5.71305 5.71305 5.71305 5.71305 4.945221 5.71305 5.71305 7.629448 3.827395 2.6170213 3.0336733 4.2977743 4.6941843 4.3809214 5.0921106 4.38091 3.827395 4.694171 4.694171 4.694171 4.694171 4.694171 4.694171 4.694171 4.38091 3.827395 4.694171 4.694171 4.694171 4.694171 4.38091 3.827395 3.827395 4.6941843 6.5083637 6.1307487 1.7332629 1.125526 1.7332705 1.125526 2.1569805 1.125526 5.71305 5.618328 5.718826 5.333753 4.007178 3.5103414
5.713003 5.713003 5.713003 5.713003 5.713003 5.713003 5.713003 5.713003 5.713003 5.713003 5.713003 5.713003 5.713003 5.713003 5.713003 5.713003 5.713003 5.713003 5.713003 5.713003 5.713003 6.6889324 3.8273475 4.8072166 4.694125 5.165985 4.694125 5.259417 5.2339306 5.29551 4.694112 4.694112 4.694112 4.694112 4.694112 4.694112 4.694112 4.694112 4.694112 4.694112 4.380851 3.827348 4.694112 5.0920324 5.0173073 4.694125 5.965025 6.1306477 1.73322 1.1254921 2.0930405 1.1254921 1.7332276 2.3562183 1.7332276 5.713004 5.618285 6.017358 5.3337135 5.249431 5.024261
4.945059 5.7129564 5.7129564 5.7129564 5.7129564 5.7129564 5.7129564 5.7129564 5.7129564 5.7129564 5.7129564 5.7129564 5.7129564 5.7129564 5.7129564 5.7129564 5.7129564 5.7129564 5.7129564 5.7129564 5.7129564 5.7129564 8.371134 4.2976947 3.8273003 5.16593 5.8978863 4.542221 4.5537925 3.8273003 2.6169078 2.6169086 4.6940527 4.6940527 4.6940527 4.6940527 4.3807926 3.8273008 4.6940527 4.6940527 4.6940527 4.6940527 4.3807926 3.8273008 5.3169694 5.8440337 6.13055 1.7331799 1.1254611 1.1254611 1.1254611 1.7331876 1.1254611 2.432349 1.1254611 5.7129574 5.618241 5.618241 5.618241 5.618241 5.618241
4.944976 4.944976 4.944976 5.7129097 5.7129097 5.7129097 5.7129097 5.7129097 5.7129097 5.7129097 5.7129097 5.7129097 5.7129097 5.7129097 5.7129097 5.7129097 5.7129097 5.7129097 5.7129097 5.7129097 5.7129097 5.7129097 5.7129107 5.024802 4.81422 5.748922 4.82182 5.122403 4.3415694 3.6402264 3.537842 2.6168518 3.1882966 4.693992 4.693992 4.693992 5.091908 5.2953734 4.693992 4.380733 3.827253 4.693992 4.701657 4.8142095 5.3519783 5.2652583 1.1254282 1.1254282 1.7331461 1.1254282 1.7331461 2.0929728 2.5884416 1.7331461 1.1254282 5.712911 5.6181974 5.6181974 5.6181974 5.6181974 3.5566916
4.9448967 4.9448967 4.9448967 5.712862 5.712862 5.712862 5.712862 5.712862 5.712862 5.712863 5.712863 5.712863 5.712863 5.712863 5.712863 5.712863 5.712863 5.712863 5.712863 5.712863 5.712863 5.712863 7.431653 5.712863 5.677574 4.701598 4.821763 5.122351 4.341518 3.64017 3.64017 3.64017 3.5377963 4.6939335 4.6939335 4.6939335 4.6939335 4.3806744 3.827206 4.701598 4.501752 4.2990837 5.2936416 5.470855 6.9615927 2.0929356 1.7331046 2.0929394 1.1253948 1.7331046 1.1253948 2.5866778 2.0929394 1.7331046 1.1253948 1.1253948 5.6181536 5.6181536 5.6181536 5.6181536 3.5566506
4.9448147 4.9448147 4.9448147 5.712816 5.712816 5.712816 5.712816 5.712816 5.712816 5.712816 5.712816 5.712816 5.712816 5.712816 5.712816 5.7128177 5.7128177 5.7128177 5.7128177 5.7128177 5.7128177 5.7128177 5.7128177 7.5482755 4.380615 3.8271594 4.6504145 4.341467 3.6401138 3.53775 3.6401138 3.53775 4.3547916 4.6938734 4.6938734 4.6938734 4.6938734 5.1086917 5.4044085 5.2935905 5.2935905 4.9735794 4.2990437 5.476943 6.9326506 2.002996 1.1253614 1.774395 1.1253614 1.9500291 4.948041 2.223 1.1253614 1.733064 1.774395 1.1253614 5.6181087 5.6181087 5.6181087 5.6181087 3.556611
4.9447336 4.9447336 4.9447336 5.7127705 5.7127705 5.7127705 5.7127705 5.7127705 5.7127705 5.7127705 5.7127705 5.7127705 5.4585342 5.4585342 5.7127705 5.7127705 5.7127705 5.7127705 5.7127705 5.7127705 5.7127705 5.712771 5.712771 7.004946 5.712771 4.7231884 4.6938114 4.529275 3.8695245 3.6400588 3.6400592 3.7295413 4.354737 4.6938114 4.6938114 4.6938114 4.380555 3.8271108 3.8437939 4.299002 5.29354 5.29354 5.349614 5.4922485 7.524637 2.508899 2.2850792 2.0500884 1.8630829 2.824098 1.9499795 1.7330221 2.0928702 2.2839653 1.125329 1.125329 5.618066 5.618066 5.618066 5.618066 3.723748
3.4222813 3.4222813 3.4222813 4.944654 5.7127237 5.754217 4.944654 5.7127237 5.7127237 5.7127237 5.7127237 5.4584913 5.4584913 5.4584913 5.7127237 5.7127237 5.754218 5.7127237 5.7127237 5.7127237 5.7127237 5.712724 5.712724 5.712724 8.152794 4.6937523 4.6937523 4.6937523 4.529214 3.8694673 3.6400023 4.35468 4.6937523 4.6937523 4.6937523 4.6937523 4.6937523 4.6937523 5.1085634 5.41084 4.810279 5.2746196 4.4105234 4.667206 5.7560987 1.9438993 2.406451 2.2426474 2.017803 3.5524294 3.0795343 1.9499285 2.5205615 2.134474 1.7329754 1.1252975 5.6180215 5.6180215 5.6180215 3.7237177 3.7237177
4.0647483 4.0647483 3.4222593 4.9445715 4.9445715 4.9445715 5.7126775 5.7126775 5.7126775 5.7126775 5.7126775 5.4584494 5.4584494 5.4584494 5.7126784 5.7126784 5.7126784 5.7126784 5.7126784 5.7126784 5.7126784 5.7126784 5.7126784 5.7126784 7.0048265 4.380437 3.8270168 4.813922 5.0010576 3.869411 3.6399453 4.354623 4.693693 4.693693 4.693693 4.693693 4.693693 4.693693 4.693693 4.380437 3.8270168 4.297443 4.693693 4.883604 6.6652327 2.3280838 2.285021 2.1564136 2.0693073 3.76255 4.016974 4.6584697 2.7990499 1.1879042 0.67062426 1.1252627 1.2326459 5.617978 5.617978 6.587244 3.7236867
4.4104586 4.0647116 3.422237 3.422237 3.422237 4.9444914 5.712631 5.712631 5.712631 5.712631 5.712631 5.712631 5.712631 5.712631 5.712632 5.4584074 5.4584074 5.712632 5.712632 5.712632 5.712632 5.712632 5.712632 5.712632 7.0047646 3.8269699 5.3015957 4.693634 4.693634 4.693634 4.693634 4.3803787 3.8269699 4.693634 4.693634 4.693634 4.693634 4.693634 4.693634 5.1300955 5.352757 4.693635 4.693635 4.883542 6.665101 2.3280332 2.2849915 2.1472626 2.002159 3.1802585 3.167527 2.8239408 1.9498279 1.1630696 1.1900424 1.7161387 5.6179338 5.6179338 5.6179338 5.6179338 4.181447
