Export/ASCII/RMeteo_SP_inch/speranza1/RMeteo_2016_SP4_inch.asc
ncols         660
nrows         338
xllcorner     1476100.0
yllcorner     5017100.0
cellsize      100
NODATA_value  -9.9e-20
[rows 81 to 107 of 338, columns 0 to 59 of 660]
4.571045 5.072354 5.072354 5.0723543 5.0723543 4.948755 4.9281435 4.9281435 4.9281435 4.9281435 4.4467654 4.4467654 4.9281445 4.9281445 4.446766 4.9281445 4.9281445 2.661079 4.8218536 4.8218536 3.7155077 3.4264708 5.8715057 5.8715057 2.2539852 2.552835 2.552835 2.552835 2.5528355 1.7532275 2.4161088 2.4161088 2.416109 2.4161093 3.4264717 3.4264717 3.4264717 3.4264722 3.4264722 3.4264722 3.4264727 2.416111 2.416111 3.4264727 2.552837 2.552837 4.484576 3.4264731 3.4264731 2.5528374 2.5528374 3.4264736 3.4264736 3.4264736 3.4264736 2.5528378 2.5528378 3.426474 2.5528378 4.8218565
4.5709963 5.0723 4.5709968 4.5709968 4.5709968 4.948702 4.92809 4.4467163 4.92809 4.4467163 4.92809 4.446717 4.446717 4.9280906 4.9280906 4.9280906 4.9280906 2.661045 4.8218327 4.8218327 4.8218327 4.8218327 5.871475 5.871475 2.2539785 2.5528026 2.5528026 2.5528026 2.5528026 1.7532 3.4264383 3.4264383 3.4264383 2.416062 2.4160626 3.4264383 3.4264383 3.4264383 3.4264388 3.4264388 3.4264388 2.416063 2.4160635 3.4264393 2.5528045 2.7592611 2.552805 4.8218336 6.2260346 2.5528054 3.4264402 3.4264402 2.416065 2.4160652 3.4264405 3.4264405 3.4264405 3.4264405 3.4264405 4.8218346
4.570945 4.5709457 5.072245 5.072245 5.072245 4.9486465 4.446666 4.928034 4.446666 4.928034 4.446666 4.446666 4.928035 4.4466667 4.9280353 4.9280353 4.4466677 4.928036 2.8481631 4.8218107 4.8218107 4.8218107 5.883439 5.8714447 2.2539706 4.8218117 3.4264045 3.4264045 3.4264045 3.426405 2.5527713 2.5527713 2.4160147 2.4160147 2.4160147 3.426406 3.426406 5.8714457 3.458649 4.8218117 3.4264064 3.4264064 2.4160163 1.7531736 2.5527725 2.5527725 2.5527725 4.8218126 3.4264066 3.4264066 3.4264066 3.4264066 2.4160178 2.4160178 2.4160178 2.416018 3.4264076 3.4264076 3.7282236 3.4264078
4.5708976 5.0721903 4.5708976 5.072191 5.072191 4.4466143 4.9279795 4.92798 4.4466157 4.92798 4.446616 4.9279804 4.9279814 4.9279823 4.9279823 4.4466176 4.927983 4.9279833 2.6609764 4.8217893 4.8217893 5.8714137 5.8714137 5.8714137 5.8714137 4.8217893 3.426371 3.426371 3.426371 3.4263716 2.4159675 2.4159675 2.4159675 2.4159677 2.415968 2.415968 3.4263725 5.8714156 3.4586096 4.82179 3.4263725 3.7281885 1.7531466 2.5527406 3.4263735 3.4263735 2.552741 3.4263735 3.4263735 3.426374 3.426374 3.426374 2.4159706 2.4159706 1.7531469 1.7885609 3.4263744 3.4263744 3.4263744 3.4263744
4.570848 5.0721364 5.0721364 5.0721364 5.072137 4.948539 4.9279265 4.9279265 4.9279265 4.9279265 4.9279265 4.9279265 4.9279265 4.927927 4.927928 4.446569 4.446569 4.927928 2.6609423 2.253956 4.8277683 5.8713837 5.8713837 5.8713837 5.8713846 4.8217688 4.8217688 2.5527065 3.4263382 3.4263382 2.4159198 2.4159198 2.4159198 2.4159198 2.4159207 2.415921 2.415921 1.7531183 2.5527077 4.821769 3.4263396 2.4159222 2.4159222 3.4263396 3.4263396 3.4263396 2.5527084 3.42634 3.42634 3.4263406 3.4263406 3.4263406 2.415923 2.4159238 1.75312 1.75312 1.75312 3.4263415 2.4159238 3.4263415
4.5707965 4.5707965 5.07208 5.07208 5.07208 4.9484825 4.927871 4.927871 4.9278717 4.4465175 4.4465175 4.9278717 4.9278717 4.9278717 4.446518 4.446518 4.927872 4.4465184 2.7989328 2.2539487 2.2602353 5.871354 5.871354 5.871354 5.871354 2.2539487 4.821747 3.4263053 3.4263053 2.4158728 2.4158728 2.415873 2.415873 2.4158733 2.4158735 2.4158735 2.4158735 3.4263067 2.552676 3.4263067 3.4263067 2.4158745 2.4158745 2.415875 2.415875 2.415875 1.7530916 3.4263072 3.4263072 3.4263072 3.4263072 3.4263072 3.4263072 1.7530923 1.7530925 1.7530925 1.7530925 1.7530928 2.4158773 2.4158773
4.570748 5.0720267 4.5707483 5.0720267 5.0720267 4.948427 4.927816 4.927816 4.4464664 4.927816 4.927816 4.9278164 4.4464674 4.4464674 4.927817 4.4464674 4.927817 4.927817 2.8480227 2.2539418 2.2539418 5.8713217 5.8713217 2.2539418 2.2539418 2.2539418 2.2539418 3.4262717 3.426272 2.4158258 2.4158263 2.4158266 2.4158266 2.4158268 2.4158268 2.4158268 2.4158268 3.4262729 3.4262729 3.4262729 3.4262729 2.4158273 2.4158273 2.8080916 2.4158275 2.415828 3.4262733 2.5526445 2.5526445 2.5526445 3.4262738 3.4262738 3.4262743 3.4262748 1.7530651 1.7530651 1.7530651 1.7530651 1.7530651 2.4158297
4.570699 5.0719724 4.570699 5.0719724 4.5706997 4.948373 4.9277616 4.4464173 4.9277616 4.4464173 4.9277625 4.446419 4.927763 4.4464197 4.927764 4.927765 4.927765 4.9277654 2.6608393 2.2539341 3.884078 3.7152748 2.2539344 2.2539344 2.2539344 2.2539344 3.7152758 3.4262378 4.0267296 2.8080413 2.8379734 2.9986808 2.9798424 2.415779 2.415779 2.4157796 2.4157796 2.4157796 2.4157798 3.4262404 3.4262404 3.4262404 3.4262404 3.426241 3.426241 3.426241 3.426241 3.426241 2.5526125 3.426241 3.4262414 3.4262414 3.4262414 3.4262414 3.4262414 1.7530377 1.7530377 1.7530379 1.7530379 3.4262414
4.5706487 5.071919 5.0719194 5.0719194 5.0719194 4.94832 4.927709 4.927709 4.927709 4.927709 4.446368 4.927709 4.927709 4.4463687 4.9277096 4.9277105 4.927711 4.44637 2.660806 2.2539265 3.715242 3.715242 3.715242 2.2539265 2.2539265 4.821684 3.7152429 4.821684 3.4262054 2.415731 2.4157312 2.4157312 2.4157312 2.415732 2.4157321 2.8079948 2.4157324 2.4157324 2.4157326 2.4157329 2.552579 2.552579 2.5525796 3.4262066 3.426207 3.7152445 3.715245 2.55258 3.426207 3.426207 3.426207 3.4262075 3.4262075 3.426208 3.426208 3.426208 2.5525815 2.5525815 1.7530107 3.4262085
4.570599 5.071863 4.570599 5.0718637 4.5705996 4.4463186 4.4463186 4.9276543 4.9276543 4.9276543 4.9276543 4.9276543 4.9276547 4.9276557 4.4463205 4.9276557 4.9276557 2.6607707 2.2539194 3.426171 3.4261713 5.871229 5.871229 2.2539194 2.2539194 2.2539194 4.821662 4.821662 4.821662 2.4156835 2.415684 2.4156847 2.4156847 2.4156847 2.415685 2.415685 2.4156854 2.4156854 1.7529817 1.7529819 4.8216624 4.8216624 2.5525475 3.4261737 3.4261737 3.4261737 3.7152114 3.426174 3.426174 3.4261742 3.4261742 3.4261742 3.4261742 3.4261746 3.4261746 3.7279906 3.4261746 3.4261746 3.4261746 3.426175
4.570548 4.570548 5.071807 5.071807 4.570548 4.4462686 4.446269 4.4462695 4.44627 4.446271 4.4462714 4.4462714 4.4462714 4.4462714 4.4462714 4.4462714 4.9276013 2.2539122 3.4261374 3.4261377 3.426138 2.6847563 3.4261382 3.4261382 2.2539122 2.2539122 4.82164 4.82164 4.82164 2.8411956 2.4156368 2.415637 2.415637 2.415637 2.4156375 1.7529538 2.4156377 3.0862644 1.7529542 1.7529542 1.7536566 4.821641 4.821641 4.821641 2.552516 3.7151785 3.7151785 2.552516 3.426141 4.8216414 3.426141 3.727957 3.4261415 3.4261415 3.4261415 3.4261415 3.4261415 3.4261415 3.4261422 3.4261422
4.5704994 4.5705 5.0717545 4.5705 5.0717554 4.948155 4.9275427 4.9275427 4.9275427 4.9275427 4.9275427 4.9275427 4.9275436 4.927544 4.927544 4.927544 4.9275446 2.6607032 2.2539053 3.4261045 2.2539053 3.4261045 3.7279205 3.4261045 3.7151425 4.821619 4.8276196 4.821619 4.821619 3.4261057 1.7529263 2.80785 2.41559 3.4261057 2.41559 2.4155903 2.4155905 2.4155905 3.1379507 1.7975044 3.4223692 4.821619 4.82162 2.253906 2.253906 3.7151446 3.7151446 2.552483 3.4261072 5.3297954 4.82162 3.4261076 3.4261076 3.4261076 4.0035486 3.4261084 3.4261084 3.4261086 3.7279243 3.4261086
4.57045 4.57045 5.0717 5.0717 5.0717 4.9480996 4.9274893 4.9274898 4.9274898 4.92749 4.92749 4.9274907 4.9274917 4.9274917 4.9274917 4.927492 4.4461703 2.6606696 2.2538981 2.2538981 2.2538981 2.5524492 3.4260716 3.4260716 3.7151098 4.821598 4.821598 5.3355436 3.4260721 3.4260721 2.5524502 3.426073 3.426073 3.426073 2.4155428 3.4260736 3.4260736 3.4260736 2.4155433 2.4155436 2.4155438 3.4260738 3.4260738 2.5524516 2.2538984 2.2538984 2.2538984 2.5524516 3.7151117 3.7151117 3.4260745 3.4260745 3.4260745 3.4260747 3.4260747 2.552452 2.552452 3.727891 2.5524526 3.7151127
4.5704007 5.0716467 5.0716467 5.071647 5.071647 4.9480457 4.927435 4.9274354 4.927436 4.927436 4.927436 4.927436 4.927436 4.927436 4.9274364 4.927437 4.4461217 4.9274373 0.0 2.2538908 2.2538908 2.5524168 3.4260387 3.7150764 3.7192457 4.821576 3.715077 3.715077 2.552418 4.821576 3.4260392 3.4260392 3.4260397 3.4260397 3.7278557 3.4260397 2.5524185 3.4260402 4.821577 3.4260404 3.4260404 3.4260406 3.4260406 3.4260406 4.821577 3.426041 3.426041 3.426041 3.7150788 3.7150788 3.7278574 3.4260414 3.4260418 3.7278578 3.4260418 3.4260418 2.5524206 5.87111 2.5524206 2.8337803
4.570349 4.570349 5.071589 4.570349 4.570349 4.947991 4.4460697 4.9273796 4.44607 4.4460707 4.9273806 4.4460716 4.9273815 4.4460716 4.446072 4.927382 4.446072 4.4460726 3.93882 0.0 2.2538836 2.2538838 3.426005 3.7150428 3.7150428 2.552385 3.4260054 3.4260058 3.7150438 2.5523858 3.7278218 3.4260063 1.7528441 2.5523858 2.5523858 2.5523858 2.2538843 2.2538843 2.2538843 3.4260068 3.4260068 3.4260073 3.4260073 3.4260073 3.7150452 3.4260073 3.4260073 3.426008 3.426008 4.821557 4.821557 4.821557 5.329732 2.2538843 3.7150464 2.5523882 3.1976273 5.8710804 3.543831 2.5523882
4.5703 5.0715356 4.5703006 5.0715365 4.570301 4.9479375 4.4460196 4.927327 4.4460206 4.927327 4.927327 4.4460206 4.927327 4.4460206 4.927327 4.446021 4.9273276 4.927328 4.446022 4.278784 2.2538762 2.2538762 2.2538762 4.827534 4.8215337 2.804716 3.4259725 3.5549355 2.5523534 2.5523534 3.7150104 3.7150104 1.7528167 1.7528167 1.7528167 2.552354 2.5523543 2.2538762 2.2538762 4.821534 2.5523546 3.4259744 3.715012 2.253877 2.253877 2.253877 3.4259748 3.4259748 3.7150126 3.7150126 4.8215346 4.8215346 2.253877 2.253877 3.1976144 3.1976144 3.1976144 3.1976144 2.2538774 2.2538774
4.570252 5.071483 5.071483 4.570252 5.071483 4.44597 4.927272 4.4459705 4.927273 4.445971 4.445971 4.927273 4.445971 4.927273 4.445971 4.927273 4.927273 4.927273 4.927273 2.5580332 0.0 2.253869 0.0 4.821512 4.821512 4.821513 3.727755 3.4259396 3.7149773 3.8837802 3.7149773 3.7149773 1.752789 1.7527893 1.7527893 1.7527893 3.1876416 2.5523224 2.2538693 2.2538693 2.5523229 2.5523229 2.2538693 2.2538693 2.2538693 3.425941 3.425941 3.4259415 3.7149792 3.7149792 2.2538693 2.2538698 2.2853642 3.4580832 3.4580832 4.821514 3.1976013 2.25387 2.25387 2.25387
4.5701995 4.5701995 5.071426 5.071426 4.570201 4.9478273 4.927217 4.927217 4.927217 4.4459205 4.9272175 4.9272175 4.9272175 4.9272175 4.9272175 4.9272175 4.9272175 4.927218 4.9272184 4.9272184 3.9387097 0.0 2.2538626 2.2538626 4.821491 2.6845264 3.4259055 3.7149434 3.7149434 3.714944 3.554869 3.4259067 1.7527621 1.9308596 1.9308596 1.7527621 1.7527621 2.55229 2.55229 2.55229 2.5522904 2.2538626 2.2538626 2.2538626 3.4259076 3.425908 2.4153087 2.4153092 3.714946 3.7149463 4.821492 4.821492 2.2538626 3.4580429 3.4635587 3.7149467 3.7149467 2.2538626 2.2538626 2.2538626
4.5701504 5.0713716 5.071372 5.0713725 5.071373 4.9477735 4.927162 4.927162 4.927162 4.927162 4.927162 4.9271626 4.9271626 4.9271626 4.927163 4.927163 4.927163 4.9271636 4.9271636 4.9271636 4.927164 2.253855 2.253855 4.82147 4.82147 2.5522566 2.5522566 2.5522566 3.4258733 3.714911 3.714911 4.8214703 2.5522575 1.7527344 1.7527344 1.7527347 1.7527347 1.7527349 1.7527349 2.552258 2.5522585 2.5522585 4.8214707 4.8214707 2.2538552 3.4258742 2.4152615 2.4152617 3.714913 3.714913 4.821471 4.821471 4.821471 3.4580023 3.6669035 2.2538552 4.821471 2.2538552 2.2538552 1.9192201
4.5701013 5.0713167 5.0713167 5.0713167 5.0713167 4.9477186 4.927108 4.9271083 4.927109 4.927109 4.927109 4.9271092 4.9271097 4.92711 4.92711 4.92711 4.92711 4.92711 4.927111 4.927111 4.927111 2.6604297 2.5522242 4.8214483 4.8214483 3.4258394 2.5522246 3.7276554 3.4258397 3.714878 3.42584 2.552225 2.552225 1.752707 1.752707 1.752707 1.7527075 1.9307954 1.7527075 1.7527075 2.552226 2.552226 4.8214493 4.8214493 3.4258413 3.4258413 3.4258418 3.4258418 3.4258418 4.82145 4.82145 4.82145 4.82145 2.2538483 2.2538483 2.2538483 2.2538483 2.2538483 4.82145 2.4194484
4.5700517 4.5700517 4.5700517 5.071263 4.570052 4.445771 4.445771 4.9270535 4.445771 4.445771 4.9270535 4.4457717 4.927054 4.4457717 4.4457717 4.927055 4.927055 4.4457736 4.9270563 4.445774 4.448535 2.2538404 2.5521922 2.5533671 4.821428 3.4258058 2.5521927 3.4258058 3.4258063 4.821428 6.225625 2.5521927 3.0172727 1.7526803 1.7526803 1.9307642 1.7526805 1.7526805 1.7526805 1.7526805 1.7526805 2.552194 2.552194 4.821428 3.425808 3.7148461 3.7148461 3.4258084 3.4258084 3.4258084 4.8214283 4.8214283 2.2538407 2.2538407 2.2538407 2.2538407 2.2538407 2.2538407 4.8214293 4.8214293
4.570001 5.071207 5.0712075 5.0712075 5.0712085 4.947611 4.927 4.927 4.927 4.927 4.927 4.445723 4.927001 4.927001 4.927001 4.445724 4.9270015 4.445724 4.9270015 4.927002 4.495936 2.2538333 2.5521603 2.5521603 6.225602 2.5521607 2.5521607 3.425773 4.821406 4.827406 4.821406 4.821406 2.5521612 1.7526522 1.7526524 1.7526524 1.930732 1.7526524 1.7526526 1.7526526 2.1049674 1.7526529 3.4257746 3.4257746 3.425775 3.7148128 3.7148128 3.425775 3.425775 3.425775 4.821407 2.253834 2.253834 2.253834 2.253834 2.253834 2.253834 4.821407 4.8214073 4.8214073
4.5699515 5.071152 5.071152 5.0711527 4.569952 4.4456725 4.926945 4.926945 4.9269457 4.9269457 4.9269457 4.926946 4.9269466 4.9269466 4.926947 4.926947 4.4456744 4.926947 4.9269476 4.9269485 4.9269485 2.2538257 3.5435994 2.2538257 5.87083 2.552128 2.552128 4.8213844 4.8213844 4.8213844 4.8213844 4.8213844 2.8334787 2.5521293 1.7526245 1.9306996 1.7526248 1.9307003 1.7526255 1.7526255 2.5521302 3.4257414 3.4257417 3.4257417 3.425742 3.7147799 3.425742 3.7147799 3.7147799 2.2538266 2.2538266 4.8213863 2.2538266 2.2538266 2.2538266 2.2538266 2.2538266 4.8213863 4.8213863 2.2538266
4.569902 5.071098 5.0710983 4.5699024 5.071099 4.9474993 4.9268894 4.4456224 4.9268894 4.9268904 4.4456234 4.9268913 4.445625 4.445625 4.926893 4.445626 4.9268937 4.9268937 4.4456263 4.9268937 4.9268937 2.2538185 2.2538185 2.2538185 4.8213625 2.5520957 3.4257064 4.8213625 4.8213625 4.827363 4.8213625 6.2255588 2.5520966 3.0171733 2.5520973 2.5520973 2.5520973 2.5520973 2.5520973 2.5520978 2.5520978 4.821363 3.4257083 3.7275243 3.714746 3.7147465 3.4257088 4.8213634 3.7147465 4.8213634 4.821364 4.821364 2.2538192 2.2538195 4.8213644 4.8213644 4.8213644 4.8213644 4.8213644 5.870802
4.569852 5.071042 5.071043 5.0710435 5.0710435 4.445572 4.926835 4.4455724 4.926835 4.9268355 4.9268365 4.445574 4.926837 4.9268374 4.4455743 4.4455743 4.9268374 4.4455743 4.9268374 4.926838 4.926838 2.2538118 2.2538118 2.2538118 3.425673 3.425673 4.8213415 4.8213425 4.827342 4.8213425 4.8213425 4.8213425 4.8213425 4.8213425 6.2255387 4.8213425 4.8213425 4.8213425 2.2538118 2.2538118 2.2538118 2.2538118 4.821343 4.821343 5.048202 4.8213434 4.8213434 4.8213434 4.8213434 4.8213434 4.827344 4.8213434 2.2538118 2.2538118 4.827344 4.8213434 4.827344 2.2538118 4.827344 4.821344
4.5698028 5.070989 5.070989 5.070989 5.0709896 4.9473915 4.9267807 4.926781 4.926781 4.445524 4.445524 4.9267826 4.9267826 4.9267826 4.445526 4.9267836 4.9267836 4.9267845 4.9267845 4.445527 4.926785 4.165695 3.7146773 3.4256396 3.42564 2.2538044 2.2538044 2.2538044 2.2538044 5.870737 5.870738 4.8213205 4.8213205 4.8213215 4.8213215 4.8213215 4.8213215 4.8213215 4.8213215 4.8213215 2.2538047 4.8213215 4.8213215 4.8213215 4.8213215 4.8213215 4.8213215 4.8213215 4.8213215 4.8213215 4.8213215 4.8213215 2.2538047 2.2538047 4.8213215 4.8213215 4.8213215 5.870741 4.8213215 4.8213215
4.569755 4.569755 5.0709367 5.070937 5.070937 4.9473367 4.9267273 4.9267273 4.9267273 4.9267273 4.926728 4.9267282 4.9267287 4.9267287 4.9267287 4.9267287 4.9267287 4.926729 4.9267297 4.9267297 4.9267297 3.7146444 3.7146444 3.7146444 3.4256072 2.2537973 2.2537973 2.2537973 2.2537973 5.870707 5.870708 4.8212996 4.8212996 4.8212996 4.8212996 4.8212996 4.8212996 4.8212996 4.8212996 4.8212996 2.2537978 4.8213 4.8213 4.8213 4.8213 4.8213 3.714647 4.8213 4.8213 4.8213 4.8213 4.8213 2.2537978 4.8213 4.8213 4.8213 4.8273005 5.87071 2.2537978 2.2537978
