Export/ASCII/RMeteo_SP_inch/speranza1/RMeteo_2017_SP2_inch.asc
ncols         660
nrows         338
xllcorner     1476100.0
yllcorner     5017100.0
cellsize      100
NODATA_value  -9.9e-20
[rows 260 to 285 of 338, columns 354 to 412 of 660]
0.1523273 0.43467355 0.15232706 0.15232706 0.15232706 0.15232706 0.15232706 0.15232706 0.43467355 1.2686188 0.7287185 0.7287185 1.2686183 0.7287185 0.7287185 0.7287185 0.28193235 0.28193235 0.28193235 0.28193235 0.28193235 0.28193235 0.7096765 0.7096765 0.7096765 0.7096765 0.7096765 0.7096765 0.28193235 0.28193235 0.28193235 0.28193235 0.7096765 0.7096765 0.15232706 0.15232706 0.15232706 0.39592242 0.9153409 0.9153409 0.9153409 0.9153409 1.4104984 1.4104984 1.0001981 0.5602541 1.0633767 0.5602541 0.5602541 0.5602541 0.5602541 0.5602541 0.5602541 0.5602541 0.5602541 0.5602541 0.5602541 1.0633764 0.9129331
0.15232134 0.15232134 0.15232134 0.1523211 0.1523211 0.0 0.0 0.915334 1.0684583 0.915334 0.7287123 0.7287123 0.7287123 0.7287123 0.7287123 1.1045109 0.7096698 0.7096698 0.2819252 0.2819252 0.2819252 0.2819252 0.7096696 0.7096696 0.7096696 0.7096696 0.7096696 0.2819252 0.28192472 0.28192472 0.28192472 0.28192472 0.70966935 0.70966935 0.70966935 0.70966935 0.0 0.48 0.91533375 0.91533375 0.91533375 0.91533375 0.91292644 0.5602472 0.56024694 0.56024694 1.0633702 1.0633702 1.0633702 0.56024694 0.56024694 0.56024694 0.56024694 0.56024694 0.56024694 0.56024694 0.56024694 1.0633702 0.9129257
0.15231562 0.15231562 0.15231562 0.15231562 0.15231562 0.15231562 0.15231562 0.9153261 0.9153261 0.9153261 1.0476263 0.2819183 0.2819178 0.7287059 0.2819178 0.7287059 0.70966244 0.70966244 0.2819178 0.2819178 0.2819178 0.2819178 0.2819178 0.2819178 0.2819178 0.2819178 0.2819178 0.2819178 0.2819178 0.2819178 0.2819178 0.7096617 0.7096617 0.7096617 0.7096617 0.7096617 0.0 0.46564603 0.9153259 0.9153259 0.9153259 0.9153259 0.91292 0.5602398 0.5602398 0.5602398 0.5602398 1.0633638 1.0633638 1.0633638 1.0633638 0.56023955 0.56023955 0.7791581 0.56023955 0.56023955 0.56023955 0.9129193 0.9129193
0.2819109 0.70965505 0.70965505 0.15230918 0.15230918 0.15230918 0.15230918 0.70965505 0.9153187 0.9153187 0.9153187 1.0476193 1.0476193 0.28191066 0.7286993 0.28191066 0.7096548 1.1044981 0.28191066 0.28191066 0.28191066 0.28191066 0.28191066 0.28191066 0.28191066 0.28191066 0.70965433 0.70965433 0.28191018 0.28191018 0.28191018 0.70965433 0.70965433 0.70965433 0.70965433 0.70965433 0.0 0.48051068 0.915318 0.915318 0.915318 0.915318 0.91291213 0.56023264 0.56023264 0.56023264 0.56023264 0.101592064 0.101592064 1.0633571 1.0633571 0.56023264 0.56023264 0.56023264 0.5602324 0.5602324 0.101591825 0.9129119 0.9129119
0.7096474 1.0476131 1.0476131 0.7096474 0.7096474 0.7096474 0.7096474 1.0476131 0.91531134 0.91531134 0.91531134 0.91531134 0.2819035 0.2819035 0.2819035 0.7286931 0.2819035 0.7286931 0.7286931 0.2819035 0.2819035 0.2819035 0.2819035 0.2819035 0.2819035 0.2819035 0.7096474 0.7096474 0.2819035 0.2819035 0.2819035 0.7096474 0.7096474 0.7096474 0.7096474 0.7096474 0.0 0.47359943 0.2819035 0.2819035 0.9153111 0.9153111 0.912905 0.9831345 0.912905 0.560225 1.0633509 0.101584435 0.101584435 0.101584435 1.0633504 0.101584435 0.560225 0.560225 0.101584435 0.101584435 0.101584435 0.9129045 0.9129045
0.7096405 0.7096405 1.0476065 1.0476065 0.91530395 0.7096405 0.7096405 0.91530395 0.91530395 0.91530395 0.91530395 0.91530395 0.91530395 0.2818973 0.2818973 0.2818973 1.1044856 1.1044856 0.7096405 0.28189683 0.28189683 0.28189683 0.28189683 0.28189683 0.28189683 0.28189683 0.70964 0.70964 0.7096398 0.28189635 0.28189635 0.91530395 0.7096398 0.7096398 0.70963955 0.70963955 0.0 0.0 0.2818961 0.2818961 0.2818961 1.0476055 0.101578 0.101578 0.10157776 0.91289735 0.91289735 0.10157776 0.10157776 0.10157776 0.10157776 1.063345 0.10157776 0.10157776 0.10157776 0.10157776 0.10157776 0.10157728 0.9128964
0.7096331 0.7096331 1.0475993 0.9152961 0.9152961 0.9152961 0.9152961 0.9152961 0.9152961 0.9152961 0.9152961 0.9152961 0.9152961 0.9152961 0.28188944 0.28188944 1.1044787 1.1044786 0.7096331 1.0475993 0.28188944 0.28188944 0.28188944 0.28188944 0.28188944 0.28188944 0.28188944 0.7096329 0.28188944 0.28188944 0.28188944 0.28188944 0.70963264 0.70963264 0.15229106 0.15229106 0.0 0.0 0.28188944 0.28188944 0.28188944 0.28188944 0.101570845 0.101570845 0.101570845 0.101570845 0.101570845 0.34736156 0.101570606 0.101570606 0.101570606 0.101570606 0.101570606 0.101570606 0.101570606 0.101570606 0.101570606 0.101570606 0.91288924
0.8784478 0.8147645 0.9152887 0.9152887 0.9152887 0.9152887 0.91528845 0.91528845 0.91528845 0.91528845 0.91528845 0.91528845 0.91528845 0.91528845 0.91528845 0.70962596 1.1044723 1.1044723 0.28188252 0.28188252 0.28188252 0.28188205 0.28188205 0.28188205 0.28188205 0.28188205 0.28188205 0.28188205 0.28188205 0.28188157 0.28188157 0.28188157 0.28188157 0.70962524 0.15228486 0.0 0.0 0.0 0.28188157 0.28188157 0.28188157 0.28188157 0.10156369 0.10156369 0.10156369 0.10156369 0.10156369 0.10156369 0.10156345 0.10156345 0.10156345 0.101563215 0.101563215 0.101563215 0.101563215 0.101563215 0.101563215 0.9128821 0.9128821
1.0475862 0.70961833 0.70961833 0.9152813 0.70961833 0.70961833 0.9152813 0.9152813 0.9152813 0.9152813 0.9152813 0.9152813 0.9152813 0.9152813 0.9152813 0.7096181 1.1044662 0.7286669 0.28187537 0.28187537 0.28187537 1.047586 0.28187537 0.2818749 0.2818749 0.87844014 0.87844014 0.2818749 0.87844014 0.2818749 0.2818749 0.2818749 0.2818749 0.7096181 0.15227962 0.0 0.0 0.0 0.2818749 0.2818749 0.2818749 0.2818749 0.10155678 0.10155654 0.10155654 0.10155654 0.10155654 0.10155654 0.10155654 0.10155654 0.9128752 0.91287494 0.10155654 0.10155654 0.10155654 0.10155654 0.10155654 0.91287494 0.91287494
0.7096114 0.87843275 0.87843275 0.7096114 0.7096114 0.7096114 0.9152732 0.9152732 0.7096114 0.7096112 0.7096112 0.9152732 0.9152732 0.9152732 0.9152732 0.70961094 0.70961094 0.7286608 1.047579 0.8784325 0.8784325 0.8784325 0.8784325 1.047579 0.8784323 0.8784323 0.8784323 0.8784323 0.8784323 0.8784323 0.8784323 0.8784323 0.28186774 0.7096107 0.15227342 0.15227342 0.3731463 0.0 0.0 0.2818675 0.2818675 0.2818675 0.101549625 0.101549625 0.101549625 0.101549625 0.101549625 0.101549625 0.101549625 0.101549625 0.912868 0.912868 0.912868 0.101549625 0.10154915 0.10154915 0.9128678 0.9128678 0.9128678
0.7096038 1.1871885 0.8784261 0.7096038 0.7096038 0.91526604 0.91526604 0.7096038 0.7096038 0.7096038 0.7096038 0.91526604 0.91526604 0.91526604 0.91526604 0.91526604 0.7096038 1.3598893 1.2685547 1.1871881 1.1871881 0.87842584 0.87842584 0.87842584 0.87842584 0.87842584 0.87842584 0.87842584 0.87842584 0.87842584 0.87842584 0.8784256 0.8784256 0.7096038 0.15226793 0.15226793 0.3958633 0.3958633 0.0 0.28186083 0.12641859 1.0475721 0.9054179 0.101542234 0.101542234 0.101542234 0.101542234 0.101542234 0.101542234 0.9128609 0.91286063 0.91286063 0.91286063 0.91286063 0.101542234 0.101542234 0.91286063 0.91286063 0.9128604
1.3598838 1.3598838 0.9152584 0.7095964 0.70959616 0.70959616 0.70959616 0.70959616 0.70959616 0.70959616 0.70959616 0.70959616 0.91525817 0.91525793 0.91525793 0.91525793 0.70959616 1.1044469 1.3598835 1.1871818 1.1871818 0.8784182 0.8784182 0.8784182 0.8784182 0.8784182 0.8784182 0.8784182 0.8784182 0.87841797 0.87841797 0.87841797 1.1871816 1.1044465 1.3598835 0.39585757 0.39585757 0.48046824 0.48 0.39638638 0.39638638 0.39638638 0.4432366 0.10153556 0.10153556 0.10153556 0.10153556 0.10153556 0.10153556 0.10153556 0.912853 0.912853 0.912853 0.91285276 0.91285276 0.10153532 0.91285276 0.91285276 0.91285276
1.3598776 1.3598776 0.9152515 0.9152515 0.9152515 0.15225601 0.15225601 0.7095895 0.7095895 0.7095895 0.7095895 0.7095895 0.7095895 0.9152508 0.9152508 0.9152508 0.7095895 0.15225601 1.3598776 1.3598776 1.1871754 0.8784106 0.8784106 0.8784106 0.8784106 0.87841034 0.87841034 0.87841034 0.87841034 0.87841034 0.87841034 0.87841034 1.1871754 1.1044403 1.3598771 1.3598771 0.48046252 0.48046252 0.39585137 0.4722674 0.4722674 0.4722674 0.3422506 0.2427392 0.10152793 0.10152745 0.10152745 0.10152745 0.10152745 0.10152745 0.9128456 0.9128456 0.9128456 0.9128456 0.9128456 0.10152745 0.10152745 0.9128456 0.9128454
1.3598714 1.3598714 1.3598714 1.3598714 1.3598714 0.15225053 0.15225053 0.7095823 0.7095823 0.7095821 0.7095821 0.7095821 0.7095821 1.0475533 1.0475533 0.7095821 0.7095821 0.39584565 0.39584565 1.3598714 0.8784034 0.8784034 0.8784034 0.8784032 0.8784032 0.8784032 0.8784032 0.8784032 0.8784032 0.8784032 0.85729 0.8784032 1.1871688 1.1044339 1.1044339 1.3598714 1.3598714 0.48045728 0.48045728 0.48045728 0.46552253 0.48045728 0.0 0.0 0.10152078 0.10152078 0.10152078 0.10152078 0.10152078 0.10152078 0.10152078 0.10152078 0.912838 0.912838 0.912838 0.10152078 0.10152078 0.912838 0.912838
1.3598657 1.3598657 1.3598652 1.1871626 0.37314367 0.15224409 0.15224409 0.70957446 0.70957446 0.70957446 0.70957446 0.70957446 0.70957446 0.70957446 0.70957446 0.70957446 0.915236 0.39583993 0.4804525 0.4804525 0.47358704 0.38468122 0.8930366 0.8783958 0.8783958 0.8783958 0.8783958 0.8783958 0.8783958 0.8783958 0.8783958 0.8783958 0.8783958 1.1871624 1.1044273 1.1044273 1.3598652 0.39583993 0.48045155 0.48045155 0.48045155 0.39583898 0.44188952 0.0 0.1015141 0.1015141 0.1015141 0.10151386 0.91283107 0.10151386 0.10151386 0.10151386 0.10151386 0.10151386 0.10151386 0.10151386 0.10151386 0.9128308 0.9128308
1.3598597 1.3598597 0.39583325 0.37314296 0.15223837 0.16039658 0.7095678 0.7095678 0.7095678 0.7095678 0.7095678 0.7095678 0.7095678 0.7095678 0.7095678 0.7095678 0.39583325 0.4804463 0.39583325 0.4804463 0.47358537 0.3846767 0.8930249 0.8783884 0.8783884 0.8783884 0.8783884 0.8783884 0.8783884 0.8783884 0.8783884 0.8783884 0.8783884 0.8783884 1.1871557 1.1044207 1.1044207 1.3598595 0.4804463 0.4804463 0.4804463 0.4804463 0.48520467 0.0 0.10150671 0.10150671 0.5601461 0.9128239 0.9128239 0.10150671 0.10150671 0.10150671 0.10150671 0.10150671 0.10150671 0.10150671 0.5601461 0.5601461 0.5601461
1.3598533 1.3598533 0.4346664 0.21976161 0.16038823 0.70955944 0.70955944 0.70955944 0.70955944 0.70955944 0.70955944 0.70955944 0.70955944 0.70955944 0.70955944 0.70955944 0.48044154 0.395828 0.48044154 0.395828 0.395828 0.37314248 0.8783815 0.8783815 0.8783815 0.8783815 0.8783815 0.8783815 1.0475333 1.0475333 0.8783815 0.87838125 0.87838125 0.87838125 0.87838125 1.1044145 1.1044145 1.1044142 1.5531251 1.3598533 0.39582753 0.48044106 0.48519942 0.0 0.10149956 0.5601394 0.5601394 0.5601394 1.2460885 1.2460885 0.77905774 0.10149956 0.10149956 0.10149956 0.10149956 0.7790575 0.5601394 0.5601394 0.5601394
0.39638305 0.43466592 0.43466592 0.21230197 0.70955276 0.70955276 0.70955276 0.70955276 0.70955276 0.70955276 0.70955276 0.70955276 0.70955276 0.70955276 0.70955276 0.70955276 0.39582133 0.91521335 0.91521335 0.91521335 0.91521335 0.8783746 0.8783746 0.8783746 0.87837434 0.87837434 0.8783741 0.43466592 0.43466592 1.0475271 1.0475271 0.8783741 0.8783741 0.8783741 0.8783741 0.8783741 1.104408 1.104408 1.104408 1.3598471 1.3598471 0.48043582 0.4851937 0.0 0.56013227 0.56013227 0.56013227 0.56013227 0.9128094 0.7790501 0.7790501 0.7790501 0.7790501 0.7790501 0.7790501 0.7790501 0.560132 0.560132 0.560132
0.48 0.48 0.43466544 0.21229458 0.7095454 0.7095454 0.7095454 0.28180432 0.28180432 1.0475204 0.7095454 0.7095454 0.7095454 0.7095454 0.7095454 0.7095454 0.91520596 0.91520596 0.9152055 0.9152055 0.9152055 0.8783667 0.37314153 0.8783665 0.8783665 1.1871367 1.1871367 0.37314153 0.45051455 1.0475202 1.0475202 0.87836623 0.87836623 0.87836623 0.87836623 1.1871365 1.1871365 1.1044016 1.1044016 1.3598411 0.3958156 0.48043057 0.48518893 0.0 0.0 0.0 0.0 0.0 0.44186568 0.9128022 0.7790432 0.7790432 0.7790432 0.7790432 0.7790432 0.77904296 0.77904296 0.56012464 0.56012464
0.43466496 0.48 0.48 0.15221477 0.15221477 0.709538 0.28179717 0.28179717 0.28179717 0.709538 0.709538 0.709538 0.709538 0.709538 0.709538 0.709538 0.9151976 0.9151976 0.9151976 0.9151976 0.9151976 0.9151976 0.3846631 0.3731408 0.3731408 1.1871303 1.3598354 1.3598354 0.43466496 0.48 1.0475142 0.87835956 0.87835956 1.1871302 1.1871302 1.1871302 1.3598354 1.3598354 1.1043952 1.1043952 0.21974277 0.3958094 0.4851832 0.0 0.0 0.0 0.441859 0.2540686 0.29812312 0.2540686 0.2540686 0.2540686 0.77903605 0.9127939 0.9127939 0.7790358 0.7790358 0.10147786 0.10147786
0.48 0.5156269 0.48 0.4346645 0.15220904 0.7095306 0.7095306 0.28178978 0.28178978 0.7095306 0.7095306 0.7095306 0.7095306 0.7095306 0.91519094 0.91519094 0.91519094 0.91519094 0.91519094 0.91519094 0.91519094 1.3598294 0.37314034 0.38465905 0.41164804 1.3793049 1.3598292 1.3598292 0.3958037 0.48 1.2005248 1.1871237 1.1871237 1.1871237 1.3598292 1.3598292 1.3598292 1.3598292 1.3598292 1.1043885 1.1043885 0.21973681 0.014086008 0.0 0.44185328 0.44185328 0.48517796 0.25406194 0.25406194 0.25406194 0.25406194 0.44185328 0.91278696 0.91278696 0.91278696 0.91278696 0.7790284 0.10147095 0.10147095
0.48 0.48 0.48 0.434664 1.0475006 0.87834525 1.0475004 1.0475004 0.2817831 0.7095237 0.7095237 0.7095237 0.7095237 0.7095237 0.3957975 0.91518354 0.91518354 0.91518354 0.87834525 0.91518354 0.91518354 1.3598232 0.3957975 0.39638114 0.4116361 1.553088 1.3598232 1.3598232 1.3598232 0.0 0.37313986 1.1871172 1.3598232 1.3598232 1.3598232 1.3598232 1.3598232 1.3598232 1.3598232 1.3598232 1.1307325 1.0243251 1.0000604 0.0 0.014079094 0.014079094 0.0 0.44184756 0.2540555 0.2540555 0.4418471 0.29810834 0.2540555 0.91277957 0.91277957 0.9127791 0.5601039 0.5601039 0.5601039
0.48 0.7982812 1.2005024 0.48 0.8783376 0.8783376 0.8783376 0.8783376 0.8783376 0.7095158 0.7095158 0.7095158 0.7095158 0.7095158 0.48040912 0.7095158 0.9151759 0.8783376 0.8783376 0.8783376 0.9151759 1.3598173 0.39579177 1.0904536 0.99695396 1.5530803 1.3598173 1.3598173 1.3598173 1.3598173 1.3598173 1.3792794 1.359817 1.359817 1.359817 1.359817 1.359817 1.359817 1.359817 1.1307254 1.1307251 1.104376 1.0000539 0.560096 0.560096 0.560096 1.0000539 0.485167 0.4418409 0.4418409 0.485167 0.4418409 0.25404835 0.7790141 0.7790141 0.10145664 0.10145664 0.5600958 0.5600958
1.1697651 0.70950866 0.70950866 0.8146453 0.99516773 0.87833047 0.87833047 1.0474877 1.0474877 0.70950866 0.70950866 0.70950866 0.70950866 0.91516876 0.91516876 0.80994654 0.91516876 0.87833047 1.1871047 1.1871047 1.3598115 1.3598115 0.9151685 1.0904446 0.9151685 1.3598113 1.3598113 1.3598113 1.3598113 1.3598113 1.3598113 1.3598113 1.3598113 1.3598113 1.3598113 1.3598113 1.3598113 1.3598113 1.3598113 1.1307194 1.1307194 1.1043695 0.56008935 0.56008935 0.56008935 1.0000472 1.0000472 1.4366014 1.4966972 0.44183517 0.48516175 0.44183517 0.25404167 0.7790072 0.7790072 0.7790072 0.10144973 0.5600891 0.5600891
0.70950174 1.2684665 1.2684665 1.0474818 0.8146384 0.8783238 0.8783238 0.9151609 0.9151609 1.0474815 1.2684662 0.70950174 0.39577985 0.9151609 0.9151609 0.9151609 0.9151609 0.9151609 0.87832284 1.1043634 0.91516066 0.91516066 0.91516066 0.91516066 0.91516066 0.81463766 1.3598053 1.3598053 1.3598053 1.3598053 1.3598053 1.3598053 1.3598053 1.3598053 1.3598053 1.3598053 1.3598053 1.3598051 1.3598051 1.3598051 1.1307125 1.1043633 1.0000408 1.0000408 0.56008244 1.0000408 1.0000407 1.0000407 1.3502545 1.4966896 0.48515698 0.48515698 0.254035 0.254035 0.7790003 0.56008196 0.56008196 0.5600817 0.5600817
0.48039338 1.2684598 1.2684598 1.2684598 1.3597994 1.3597994 1.3597994 1.3597994 1.3597994 1.3597994 0.7285582 0.7285582 0.21970463 0.7094946 0.915153 0.915153 0.915153 0.7094946 0.915153 1.3597994 0.915153 0.915153 0.915153 0.915153 0.915153 0.915153 1.3597991 1.3597991 1.3597991 1.3597991 1.3597991 1.3597991 1.3597991 1.3597991 1.3597991 1.3597991 1.3597991 1.3597991 1.3597991 1.3597991 1.1043566 1.1043565 1.0000342 1.0000342 0.56007457 1.0000341 1.0000341 1.0000341 1.0000341 1.4103439 1.4103439 0.48515078 0.44182277 0.25402856 0.77899265 0.56007457 0.56007457 0.56007457 0.56007457
