Export/ASCII/RMeteo_SP_inch/speranza1/RMeteo_2017_SP4_inch.asc
ncols         660
nrows         338
xllcorner     1476100.0
yllcorner     5017100.0
cellsize      100
NODATA_value  -9.9e-20
[rows 189 to 215 of 338, columns 420 to 479 of 660]
1.4449979 1.6172563 1.617256 1.7704145 1.5153731 1.5153731 2.875184 3.0573225 3.0573225 4.581073 4.581073 1.6982601 1.6982601 1.6982601 1.6982601 4.581072 4.581072 4.581072 4.581072 3.2170515 2.4098537 2.4098537 2.4098537 1.083649 1.083649 1.1479789 1.1479787 1.1479787 2.5540435 1.9801548 1.7704109 1.7704107 2.8641152 2.9671018 2.1117055 2.111705 2.111705 2.1117046 3.0573187 2.1625466 1.2431158 1.8935622 1.7704085 1.7704083 1.6172487 1.1479849 2.40985 2.8641133 1.7704073 1.7704071 1.1479841 1.1479841 1.1479839 1.1479837 3.9156783 3.9156783 3.915678 3.915678 3.915678 3.915678
1.259955 1.1500877 1.7703651 1.7703646 1.7703646 1.9079839 3.2122457 3.0572894 2.162518 2.162518 4.5810347 4.581034 1.6982472 1.6982472 4.581034 4.581034 4.581033 4.581033 4.581033 4.581033 2.4098115 2.864076 2.967025 1.3582841 1.14795 1.14795 1.1479498 1.0836283 2.40981 1.7169477 2.1057327 2.409809 2.409809 2.409809 2.1116529 1.7169467 1.7169465 2.1116514 3.0572863 3.0572863 0.58023787 0.6890712 1.5153238 1.7703582 1.5153238 1.3207675 1.2494401 2.4098067 1.7703573 1.5153228 1.1479553 1.1479553 1.0836264 1.0836262 3.9156442 3.9156442 3.9156435 3.9156432 3.9156425 3.9156425
1.1479315 1.1500591 1.5152858 1.7703155 1.7703155 1.5152858 3.0572562 2.162486 2.162486 2.1624856 2.1624856 4.5809956 4.5809956 4.5809956 2.1624856 2.1624856 4.5809946 4.5809946 4.5809946 4.5809946 2.4097688 2.4097688 2.4097688 1.0836078 1.1479212 1.1479212 1.1479207 1.1479207 2.864034 3.1769333 2.864034 2.8640335 2.8640335 2.8640332 2.1116004 2.1116004 2.1116 2.1116 1.7169014 3.0572524 0.532114 0.8823566 1.7703091 1.7703091 1.2244035 1.7548474 1.1479269 2.8640313 1.7703074 1.7703074 1.6171302 1.1479264 1.1479264 1.0836056 2.2033916 3.9156091 3.915609 3.9156086 3.9156086 3.9156086
1.1479028 1.0835887 1.1479026 1.2243835 1.0835885 3.2121706 2.1624541 2.1624541 2.1624541 2.162454 4.5809565 2.1624537 4.5809565 4.5809565 2.1624537 2.1624537 4.5809565 4.580956 4.580956 2.8750823 2.4097266 2.8639936 2.9669151 3.4871883 1.4681171 1.1478921 1.1478919 1.0835868 2.409726 2.863992 2.9913826 2.928839 3.4397633 2.2423525 2.111549 1.7168583 2.2988 2.111549 2.111549 3.057219 2.1852825 1.2792598 1.2243806 1.2243806 1.1478986 1.7702585 1.0835859 1.3419858 1.5152346 1.7702576 1.7702576 1.0835849 1.1904486 1.1478974 2.18302 3.9155746 3.9155746 3.9155746 3.9155746 3.9155746
2.1624227 2.2459064 1.1478738 1.083568 1.1478735 2.2459054 2.1624217 2.1624217 2.1624217 2.1624217 2.1624217 2.1624217 2.1624217 4.5809197 4.580919 4.580919 2.8750496 4.580919 4.580919 3.2168815 3.2168815 2.4096842 2.4096842 2.8639524 1.3419389 1.147863 1.0835661 1.2206506 2.5537844 2.4096828 2.863951 2.966858 2.4096828 2.611514 2.1114972 2.1114962 2.202122 2.1114962 1.716813 3.0571856 3.0571856 1.838821 1.1478692 1.0835646 1.515191 1.2243568 1.147869 1.147869 1.7702075 1.5151902 1.5151902 1.1478688 1.1478688 1.0835644 2.1829834 3.9155405 3.9155405 3.9155405 3.9155402 3.9155397
4.580881 2.1623902 2.16239 1.1478444 1.1478442 2.245862 2.1623898 2.1623898 2.1623898 2.1623898 2.1623895 2.1623895 2.1623895 2.1623895 4.58088 4.58088 4.58088 4.58088 4.58088 3.2168388 3.731212 3.9129434 3.491379 2.4096415 2.8639112 2.9668047 2.409641 2.409641 2.8639104 2.966804 2.409641 2.8639104 2.3940513 2.295111 2.1114452 2.1114452 2.2668793 2.1114447 2.1114442 3.0571518 3.0571518 2.1114438 1.8387588 1.6169568 1.7701591 1.1478406 1.1478406 1.0835444 2.863906 2.4096365 2.8331213 1.6169542 1.1478397 1.1478397 1.3163676 3.915506 3.915506 3.915506 3.915506 4.5463514
4.580843 4.580843 4.580843 2.1623585 1.1478163 2.999055 2.1623583 2.1623583 2.162358 2.1623576 2.1623573 2.1623573 2.1623573 2.1623573 1.083526 2.1623573 4.580842 4.580842 4.580842 3.2167962 4.580841 2.4095998 2.8638704 2.4095998 2.4095998 2.8638704 2.9667623 2.4095988 1.4858971 2.4095986 2.8638692 2.4095986 1.716725 2.3690379 2.1722808 2.1113932 2.1113932 1.7167248 2.1113932 3.057119 3.057119 0.7048838 2.1113918 1.7701095 1.7701093 1.5151032 1.1478113 1.1478113 2.9466841 2.8638663 2.8638659 2.8330686 2.5536711 2.5536711 1.316329 3.9154716 3.9154716 3.9154713 3.9154713 4.546313
2.1623263 4.5808053 4.580805 4.580805 2.1623263 2.2457762 2.8749511 2.1623263 2.1623259 2.1623259 2.1623259 2.1623259 1.0835053 1.1477777 2.1623254 2.1623254 4.5808043 4.5808034 4.5808034 4.5808034 3.4027066 1.5150627 1.7700576 1.7700573 1.2242872 1.0046805 1.0835046 1.1477765 1.1477765 0.0 2.409556 2.9667068 2.8638275 1.7166804 2.2568517 2.3421006 2.1113415 1.7166804 2.111341 1.7166802 3.0570855 0.70488095 2.1113405 3.2167506 1.770059 1.770059 1.1477827 1.0835029 1.933699 2.2420945 2.2420945 2.8638256 2.8638256 2.863825 3.0057344 3.9154377 3.9154377 3.9154372 3.9154372 3.9154372
2.1622946 4.5807657 4.5807657 4.5807657 2.1622944 1.0834852 1.0834852 2.1622941 1.0834852 2.1622941 2.1622941 1.0834852 1.1477491 1.1477488 2.3062656 4.580765 4.580765 4.580764 2.8749166 2.8749166 2.874916 1.5150186 1.5150186 1.7700075 1.7700073 1.9565097 3.216711 3.7310867 1.3975822 1.1498755 2.4095132 3.3740406 2.9285643 2.11129 1.7166365 2.1112895 2.3420484 2.111289 2.111289 0.8096711 3.0570521 0.70487857 0.8770029 1.8931714 1.7700092 1.7700084 1.1477536 1.1477536 1.7700084 2.1112866 2.1112866 3.7717113 2.4095097 3.0735345 3.005684 3.9154022 3.9154022 4.546234 3.9154017 2.8058805
2.162263 4.5807285 4.5807276 4.5807276 4.5807276 2.1622624 2.3062258 2.1622624 2.245689 1.0834647 1.0834647 1.0834645 1.083464 2.1622615 2.1622615 4.5807276 4.5807276 2.8748827 2.8748827 1.5149742 1.514974 1.514974 1.7699631 1.514974 1.5149735 1.5149733 1.7699622 3.216668 1.2597731 1.1498462 0.0 2.409471 3.0734725 2.1112375 2.111237 1.7165915 2.111237 2.3419948 0.70487595 0.70487595 1.0284743 0.70487595 1.1169839 1.2242416 1.7699596 1.2242411 1.147725 1.147725 1.5149709 2.1112354 1.7165896 3.844055 3.664791 4.179038 3.801349 3.9153686 3.9153686 3.9153678 3.9153678 2.8058424
2.162231 3.9873354 4.58069 4.58069 3.9873354 3.9873352 2.874851 2.874851 2.8748505 2.2456455 2.2456455 1.0834433 2.2456455 2.1622295 4.5806894 4.580689 2.8748493 2.8748493 1.5149311 1.5149308 1.5149304 3.211875 3.211875 1.7699138 1.5149301 1.5149301 1.7699133 1.5149299 1.0834423 1.7165481 1.7165481 2.4094286 2.863704 3.3739293 2.1111863 1.7165481 1.7165476 2.1111858 1.0132842 0.70929337 1.0611537 0.8740279 1.4712604 1.1476969 1.2242187 1.1476966 1.1476961 1.0834411 1.5149261 1.716545 1.0834409 4.2718897 3.8439999 3.8439996 3.8861566 4.5461564 4.546156 4.546156 4.546156 2.8058038
3.9873064 3.9873059 3.9873056 3.9873056 3.9873056 3.9873056 2.8748178 2.8748178 2.8748178 2.8748174 2.1621983 2.1621983 2.2456024 2.1621978 4.5806503 2.874817 2.874817 1.514887 1.7698647 1.514887 3.2118335 3.2118335 2.8748164 1.7698635 1.514886 1.7698632 1.7698632 1.7698628 1.7698625 1.8589195 1.716504 0.0 2.409386 2.9664967 3.3481052 2.8636627 1.7165025 2.1111333 1.7165021 2.409385 1.1907 1.5670047 1.1476678 1.1476675 1.1476673 1.1476673 1.0834206 1.1476673 1.7698594 1.2428666 1.147667 3.2165797 3.9126377 3.9126377 0.0 3.8012338 3.8012338 3.8012338 3.8012338 3.8012328
3.9872763 3.9872758 1.6981065 3.0569239 3.0569239 3.9872758 2.8747852 2.8747852 2.8747847 2.8747847 4.580612 4.580612 4.580611 4.580611 2.8747838 2.8747838 1.5148426 1.7698146 1.5148424 3.2117913 2.8747833 2.8747833 1.5148422 1.5148422 1.7698139 1.7698139 1.5148419 1.7698132 1.7698132 1.5148414 2.045227 1.2428454 2.4093432 2.863621 2.9664412 3.4071405 2.1110818 2.1110818 2.8636205 3.664668 3.2165384 1.4005954 1.6939772 1.1476389 1.0834001 1.1901616 1.1476387 1.6165463 1.7698101 1.6165458 1.1476382 0.0 0.0 0.0 0.0 1.9932182 3.886042 3.8860416 3.8860412 3.801176
2.1621351 1.6980941 1.6980941 3.0568898 3.0568893 3.9872475 3.9872475 2.874751 2.874751 2.8747509 4.5805726 4.5805726 3.2165 2.8747506 2.1621342 2.162134 1.7697655 1.7697655 3.2117496 2.8747501 2.8747497 1.5147983 1.7164167 1.7697638 1.7697636 1.7697634 1.7697631 1.9073695 1.5147969 1.7697626 1.7697626 1.4857621 2.5532236 2.8635805 3.0732012 2.4093008 2.5742972 2.11103 2.8635793 3.038783 3.7308753 1.0833796 1.6456543 1.6965142 1.0833794 1.0833794 1.1901294 1.76976 1.76976 1.7697598 1.6164869 0.0 0.0 1.5147935 1.950377 3.8011181 3.8859828 3.8859825 3.8859825 1.9931586
2.1621032 2.162103 1.6980815 3.0568566 3.9872172 3.9872172 3.9872172 2.8747177 2.8747172 2.8747172 3.216458 1.5147556 4.580535 5.369701 2.1621017 2.1621017 2.1621015 3.4361854 2.8747163 2.8747163 1.5147542 1.5147542 1.7697142 2.110981 1.7697138 1.7697138 1.9073187 1.5147532 1.769713 1.769713 3.2117052 3.2117047 2.3104692 1.3932906 2.4092586 3.3736942 2.1352038 2.1109772 2.8635385 3.1034667 3.912476 1.5147508 1.1900982 0.63123727 1.1475812 1.0833589 1.1475812 1.8215297 1.7697095 1.5147496 1.9073147 1.5147492 1.7163671 2.0451164 3.801062 3.8859262 3.8010616 3.8859255 3.8010612 1.9503186
2.24543 2.1620705 2.1620705 3.9871886 3.9871886 3.9871886 3.9871886 2.874685 2.8746848 2.8746848 3.216416 3.7307963 2.8746843 4.238617 2.1620703 2.1620698 2.1620698 2.1620698 3.216414 3.2164137 1.7696642 1.5147096 1.7696642 1.7163268 1.813999 1.7696639 1.5147094 1.7696637 1.7696637 1.5147094 3.2116632 4.580494 2.1620677 1.0833393 2.5530925 2.4092164 2.2415872 2.1109262 1.7163252 2.9281754 3.5529418 1.2241031 1.0833384 0.599288 1.1475521 1.1475519 1.0833381 1.6163708 1.9072646 3.639772 1.2241024 1.7696596 1.8139948 1.8139948 1.9930446 3.885869 1.3203299 1.3203299 1.3203294 1.3159881
2.1620393 2.1620388 2.1620388 3.9871585 3.9871585 3.987158 3.987158 2.8746517 2.8746512 2.8746512 4.580458 3.2163727 3.2163723 4.2385845 2.162038 2.1620376 2.1620376 2.1620376 1.0833198 2.2707343 1.2240821 1.7696158 1.5146669 1.7696153 1.769615 1.5146664 1.7696146 1.7696143 1.7696141 3.2116218 2.8746486 4.580455 4.580455 2.1620362 1.1475245 2.8634572 2.1351025 1.7162818 2.110875 1.4857037 1.0044955 1.0044953 1.0833176 1.1475235 1.3409334 0.58004856 1.0833174 3.3602219 1.0833172 1.0833172 3.7307496 1.7696089 3.2163675 1.5146607 2.2614224 1.320291 1.3159511 1.3159511 1.3159511 1.9502025
2.162007 2.162007 2.162007 3.9871297 3.9871297 3.9871297 3.9871297 3.9871294 2.874618 2.874618 2.874618 3.7307124 3.7307124 4.238551 4.5804186 2.1620061 2.1620061 2.1620057 1.0832988 1.1474968 1.4331995 1.769565 1.5146214 1.9071661 1.5146209 1.7695638 1.7695636 3.2115805 3.21158 3.2115798 4.580417 4.580417 4.580417 4.580417 4.2385488 2.7664804 3.286803 1.4856844 1.4856842 1.0044748 1.5565448 1.4856842 1.4856842 1.1474949 0.5800359 0.6460688 0.5800359 0.66068864 0.5800359 0.5800359 1.1905451 1.3973345 3.730707 1.7695593 1.9588828 1.3159134 1.3159132 1.9501457 1.950145 1.950145
4.5803833 2.1619751 3.9871008 3.9871006 3.9871006 3.9871004 3.9871004 3.9871004 3.9870996 2.874585 2.8745844 3.5664923 4.5803814 4.939725 4.5803814 4.5803814 2.8745835 2.161974 1.1474687 1.0832783 1.1474684 1.821309 1.7695147 1.514577 1.7695142 1.7695142 1.7695142 1.7695142 2.8745828 4.5803795 4.580379 4.580379 2.8745823 2.8745823 4.580379 4.238515 3.159792 3.3095384 1.0044547 2.0038478 1.0044545 1.5290267 1.5290267 2.902936 0.8291833 0.70926905 0.5511904 0.5320058 0.56938195 0.5511899 0.5320058 0.64531255 1.9715304 1.2240328 1.3158755 1.3158755 1.3158753 1.9500878 1.9500878 1.9500875
4.5803447 3.9870706 3.9870706 3.9870706 3.9870703 3.9870703 3.9870703 3.9870703 3.9870703 2.874551 2.874551 2.8745508 2.8745508 3.9870703 2.161942 1.7161514 1.7161514 1.5145344 1.1474389 1.0832573 1.1899401 2.044859 1.7694649 1.5145332 1.5145332 1.7694644 1.7694641 1.7694641 1.7694641 1.0832568 2.1619406 2.8745494 2.8745494 2.8745494 2.874549 2.1996672 2.7661138 2.7663984 1.6339576 1.8030249 1.5290017 1.2382687 1.2807335 3.7514355 3.2162426 1.3125169 1.2994373 0.5511694 0.5511694 0.7074256 0.5511689 0.70926666 0.93105793 3.047882 3.0051203 3.00512 3.0051196 1.9500306 1.9500299 1.9500296
4.580306 4.580306 3.9870415 3.9870415 3.9870415 3.9870415 3.9870412 3.9870412 3.9870412 3.9870412 2.874518 2.8745174 2.8745174 2.8745174 2.1619103 2.1106715 2.1106715 1.5144907 1.7694165 1.6160842 1.8378278 2.11067 1.5144898 1.7694155 1.5144898 1.5144898 1.769415 1.7694148 1.223986 1.1474012 1.1474007 2.2451992 2.8745162 2.8745162 2.8745158 1.5144874 2.874515 2.8745148 3.2783685 2.8745148 5.041379 1.280707 1.1474081 3.2162013 4.2071304 1.334954 1.6604514 0.89948815 1.2379837 0.6477113 0.5511477 0.67043376 0.7092633 0.8515517 3.5727818 3.005069 3.0050688 1.9499722 1.9499722 1.9499714
3.9870126 4.580268 4.580268 4.580267 3.9870126 3.9870126 3.9870126 3.9870126 3.9870126 3.9870126 2.8744845 2.8744845 4.580266 2.8744845 2.8744845 2.874484 1.2951058 1.7693664 1.5144461 1.7693659 1.9337014 1.2426423 1.7693654 1.7693654 1.7693654 1.514445 1.9069625 1.5144445 1.5144445 1.2239629 1.1473726 1.0832158 2.2451558 2.8744822 2.8744822 1.514444 1.7693633 2.8744822 2.8744822 2.8744817 2.8744817 2.2451656 2.1618755 2.245165 3.7305424 3.2161572 1.6402321 1.1690111 0.53198504 0.53198504 1.1041566 1.1041566 0.53198504 1.0832477 1.0264766 1.0264766 3.0050178 1.9499147 1.9499147 1.9499147
3.986983 3.9869828 4.580229 4.580229 1.697979 4.580229 4.580229 3.9869823 3.9869823 3.9869823 2.8744516 2.8744516 4.580228 4.580228 2.8744516 2.8744516 2.9982247 1.769317 1.5144023 2.161846 2.3575714 1.2456201 1.2239424 1.0831953 1.277912 1.7693151 1.7693151 1.5144006 1.7693146 1.5144006 1.2239398 1.0831951 1.1473433 2.8744488 2.8744485 1.5144001 1.7693137 1.5143994 1.5143994 1.5143992 2.8744483 2.1618433 2.1618433 2.1618433 2.408918 2.4089174 1.0187547 0.0065956116 1.1904149 0.55110645 1.1041201 1.1898404 0.55110645 0.7092576 1.0736637 1.0736632 1.0264733 3.0049658 3.0049658 1.9498577
0.7092552 0.70483994 3.9869537 1.6979661 2.8744192 2.8744192 2.8744192 3.9869535 3.9869535 3.9869535 2.8744187 2.8744183 4.5801888 3.9869535 3.986953 2.8744178 2.8744173 3.2113297 3.2113295 2.1618137 2.1618133 2.1618133 1.1898121 1.1473235 1.1473233 1.2239193 1.5143567 1.769265 1.5143567 1.769265 1.0831741 1.1473142 1.0831741 1.1898049 1.6158904 1.769257 3.6393268 1.996296 1.5143543 3.4357746 2.8744147 1.0831734 1.0831734 2.1618109 2.1618109 1.3005947 1.004352 1.8264214 1.1903911 1.4001524 1.495763 1.0831729 0.5990734 0.8242695 1.1436099 1.1778854 1.0736451 1.0264709 3.0049145 1.949801
1.1903687 0.8284871 0.8737542 0.7092519 0.6890118 1.5143155 2.8743856 2.874385 2.874385 3.986923 2.8743846 2.8743846 3.986923 3.986923 3.9869227 3.9869227 2.8743842 2.1617818 2.1617818 2.1617818 2.1617818 2.1617813 2.2450385 1.1472946 1.1472944 1.1472944 1.7692155 1.7692155 1.5143124 1.769215 1.2238957 1.0831534 1.0831534 1.1472851 2.9980984 1.5143114 1.7692081 1.7692081 1.9068047 2.8743815 2.8743815 1.0831527 1.1472927 1.1472925 2.161779 2.161779 1.8441458 2.8631263 3.664172 4.3266706 3.2160313 1.217482 0.5799475 1.0879335 1.3404833 1.026468 1.3646957 1.0736265 1.026468 1.9497435
1.717277 0.92513674 0.70924854 1.0642285 0.8774981 0.6890092 1.7691687 1.5142714 2.874352 4.5801125 2.874351 2.874351 3.986894 3.986894 3.9868934 3.9868934 3.9868927 2.874351 2.1617498 2.1617498 2.1617498 2.1617498 2.1617494 1.1472658 1.1472658 1.1472653 1.7691652 1.7691652 1.5142676 1.7691647 1.8209113 1.1472644 2.161749 2.161749 2.8743494 2.8743494 2.8743489 4.5801096 1.5142666 3.4356782 1.0831321 1.0831321 1.1472639 1.1472636 2.1617475 3.98689 2.4087915 2.408791 3.8043048 1.1903386 1.5748296 0.6606238 0.5799351 0.70924854 1.8017601 1.0736084 1.3873155 1.0264657 1.0736084 0.9799416
0.9251196 1.4252416 0.85491586 0.91356087 0.53195214 0.9695618 0.8611204 1.7691187 3.2112055 3.986864 2.8743186 2.8743186 3.9868639 3.9868636 3.9868636 3.9868636 3.9868636 3.9868636 2.8743176 2.1617184 2.161718 2.161718 2.161718 2.2449522 1.1472367 1.1472367 1.2238497 1.7691156 1.7691156 1.5142244 1.7691151 3.2914877 2.1617165 4.5800714 4.5800714 2.8743153 2.8743153 4.5800714 4.5800714 3.215948 1.2593943 1.1472353 1.1897138 1.0831116 2.244949 3.9868617 3.9868615 2.863044 2.4087474 3.1779983 0.9248435 1.2587949 0.73289585 0.84785193 1.4499145 1.1778201 1.474736 1.0735893 1.1778196 1.1068921
