Export/ASCII/RMeteo_SP_inch/speranza1/RMeteo_2016_SP2_inch.asc
ncols         660
nrows         338
xllcorner     1476100.0
yllcorner     5017100.0
cellsize      100
NODATA_value  -9.9e-20
[rows 243 to 269 of 338, columns 0 to 58 of 660]
0.92534065 0.92534065 0.92534065 0.92534065 0.66878223 0.66878223 0.66878223 0.66878223 0.66878223 0.66878223 0.66878223 0.66878223 0.66878223 0.66878223 0.66878223 0.66878223 0.6687827 0.6687827 0.6687827 0.6687827 0.6687827 0.6687827 0.6687827 0.6687827 0.6687827 0.6687827 0.6687827 0.6687827 0.6687827 0.6687827 0.6687827 0.6687827 0.66878223 0.6687827 0.66878223 0.6687827 0.6687827 0.66878223 0.6687827 0.6687827 0.66878366 0.66878366 0.66878366 0.6687827 0.66878366 0.66878366 0.6687827 0.66878366 0.66878366 0.66878366 0.66878366 0.66878366 0.66878366 0.6687827 0.66878366 0.6687827 0.66878366 0.66878366 0.6687827
0.92532873 0.92532873 0.92532873 0.92532873 0.6687732 0.6687732 0.6687732 0.6687732 0.6687732 0.6687732 0.6687732 0.6687732 0.6687732 0.6687732 0.6687732 0.6687732 0.6687732 0.6687732 0.6687732 0.6687732 0.66877365 0.66877365 0.66877365 0.66877365 0.66877365 0.66877365 0.66877365 0.66877365 0.66877365 0.66877365 0.66877365 0.66877365 0.66877365 0.66877365 0.66877365 0.66877365 0.66877365 0.66877365 0.66877365 0.66877365 0.66877365 0.66877365 0.66877365 0.66877365 0.66877365 0.66877365 0.66877365 0.66877365 0.6687741 0.6687741 0.6687741 0.6687741 0.6687741 0.6687741 0.6687741 0.6687741 0.6687741 0.6687741 0.6687741
0.9253173 0.9253173 0.9253173 0.9253173 0.6687646 0.6687646 0.6687646 0.6687646 0.6687646 0.6687646 0.6687646 0.6687646 0.6687646 0.6687646 0.66876507 0.66876507 0.66876507 0.66876507 0.66876507 0.66876507 0.66876554 0.66876554 0.66876554 0.66876554 0.66876554 0.66876554 0.66876554 0.66876554 0.66876554 0.66876554 0.66876554 0.66876554 0.668766 0.668766 0.668766 0.668766 0.668766 0.668766 0.668766 0.66876554 0.668766 0.66876554 0.668766 0.668766 0.668766 0.668766 0.668766 0.6687665 0.6687665 0.6687665 0.668767 0.668767 0.668767 0.668767 0.668767 0.668767 0.668767 0.668767 0.6687665
0.9253063 0.9253068 0.9253068 0.9253073 0.66875553 0.66875553 0.66875553 0.66875553 0.66875553 0.66875553 0.66875553 0.66875553 0.66875553 0.66875553 0.66875553 0.6687565 0.6687565 0.6687565 0.6687565 0.6687565 0.6687565 0.6687565 0.6687565 0.6687565 0.6687565 0.6687565 0.66875696 0.66875696 0.66875696 0.66875696 0.66875696 0.66875696 0.66875696 0.66875696 0.66875696 0.66875696 0.66875744 0.66875744 0.66875744 0.66875744 0.66875744 0.66875744 0.66875744 0.66875744 0.66875744 0.66875744 0.66875744 0.66875744 0.66875744 0.66875744 0.66875744 0.66875744 0.66875744 0.66875744 0.66875744 0.66875744 0.66875744 0.66875744 0.66875744
0.9252963 0.9252963 0.9252963 0.9252963 0.668746 0.668746 0.668746 0.668746 0.668746 0.668746 0.668746 0.668746 0.668746 0.668746 0.668746 0.668746 0.668746 0.668746 0.668746 0.668746 0.668746 0.6687465 0.6687474 0.6687465 0.6687474 0.6687465 0.6687474 0.6687474 0.6687474 0.6687474 0.6687474 0.6687474 0.6687474 0.6687474 0.6687474 0.6687474 0.6687474 0.6687474 0.6687474 0.6687474 0.6687479 0.6687479 0.6687479 0.6687479 0.6687479 0.6687479 0.6687474 0.6687479 0.6687479 0.6687479 0.6687479 0.6687479 0.6687479 0.6687484 0.6687484 0.6687484 0.6687484 0.6687484 0.6687484
0.92528534 0.9252858 0.9252858 0.9252863 0.66873693 0.66873693 0.66873693 0.66873693 0.66873693 0.6687374 0.6687374 0.6687374 0.6687374 0.6687374 0.6687379 0.6687379 0.6687379 0.6687379 0.6687379 0.6687379 0.66873837 0.6687379 0.6687379 0.6687379 0.6687379 0.6687379 0.6687379 0.66873837 0.66873837 0.66873837 0.66873837 0.66873837 0.66873837 0.66873837 0.66873837 0.66873837 0.66873837 0.66873837 0.66873837 0.66873837 0.66873837 0.66873837 0.66873837 0.66873837 0.66873837 0.66873837 0.66873837 0.66873837 0.66873837 0.66873837 0.66873837 0.66873884 0.66873884 0.66873884 0.66873884 0.66873884 0.66873884 0.66873884 0.66873884
0.9252739 0.9252739 0.9252744 0.9252744 0.6687288 0.6687288 0.6687288 0.6687288 0.6687288 0.6687288 0.6687288 0.6687288 0.6687288 0.6687288 0.6687288 0.6687288 0.6687298 0.6687298 0.6687298 0.6687298 0.6687298 0.6687298 0.6687298 0.6687298 0.6687298 0.6687298 0.6687298 0.6687298 0.6687298 0.6687298 0.6687298 0.6687298 0.6687298 0.6687298 0.6687298 0.6687298 0.6687298 0.6687298 0.6687298 0.6687298 0.6687298 0.6687298 0.6687298 0.6687298 0.6687298 0.6687298 0.6687298 0.6687298 0.6687298 0.6687298 0.6687298 0.6687298 0.6687298 0.6687298 0.6687298 0.66873026 0.66873026 0.66873026 0.66873026
0.9252634 0.9252639 0.9252639 0.9252639 0.66871834 0.6687188 0.6687188 0.6687188 0.6687188 0.6687188 0.6687188 0.6687188 0.6687193 0.6687193 0.6687193 0.6687193 0.6687193 0.6687193 0.6687193 0.6687193 0.6687193 0.66871977 0.66871977 0.66871977 0.66871977 0.66871977 0.66871977 0.66871977 0.66871977 0.66871977 0.66871977 0.66871977 0.66871977 0.66872025 0.66872025 0.6687207 0.6687207 0.6687207 0.6687207 0.6687207 0.6687212 0.6687212 0.6687212 0.6687212 0.6687212 0.6687212 0.6687212 0.6687212 0.6687212 0.6687212 0.6687212 0.6687212 0.6687212 0.6687212 0.6687212 0.6687212 0.6687212 0.6687212 0.6687212
0.9252529 0.9252529 0.9252529 0.9252534 0.6687107 0.6687112 0.6687112 0.6687112 0.6687112 0.6687112 0.6687107 0.66871166 0.66871166 0.66871166 0.6687107 0.66871166 0.66871166 0.66871166 0.66871166 0.6687112 0.66871166 0.66871166 0.6687112 0.66871166 0.66871166 0.66871166 0.66871166 0.66871166 0.66871166 0.66871166 0.66871166 0.66871166 0.66871166 0.66871166 0.66871166 0.66871166 0.66871166 0.66871166 0.66871166 0.66871166 0.66871166 0.66871166 0.66871166 0.66871166 0.66871166 0.66871166 0.66871166 0.66871166 0.66871166 0.66871166 0.66871166 0.66871166 0.66871166 0.66871166 0.66871214 0.66871214 0.66871214 0.66871214 0.66871214
0.925241 0.925241 0.9252415 0.9252415 0.6687021 0.6687021 0.6687021 0.6687021 0.6687021 0.6687021 0.6687021 0.6687021 0.6687021 0.6687021 0.6687021 0.6687021 0.6687021 0.6687021 0.6687021 0.6687026 0.6687026 0.6687026 0.6687021 0.6687026 0.6687026 0.6687026 0.6687026 0.6687026 0.6687026 0.6687026 0.6687026 0.6687026 0.6687026 0.6687026 0.6687031 0.6687026 0.6687031 0.6687026 0.6687031 0.6687031 0.6687031 0.6687026 0.6687031 0.6687031 0.6687031 0.6687031 0.6687026 0.6687031 0.6687026 0.6687031 0.6687026 0.6687031 0.6687026 0.6687026 0.6687026 0.6687031 0.6687031 0.6687031 0.6687031
0.92522955 0.92522955 0.92522955 0.92523 0.66869164 0.66869164 0.66869164 0.66869164 0.66869164 0.66869164 0.66869164 0.66869164 0.66869164 0.66869164 0.66869164 0.66869164 0.66869164 0.6686926 0.6686926 0.6686926 0.6686926 0.6686926 0.6686926 0.6686926 0.6686926 0.6686926 0.6686926 0.6686926 0.6686926 0.6686926 0.6686926 0.6686926 0.6686926 0.6686926 0.66869307 0.66869307 0.66869307 0.66869307 0.66869307 0.66869307 0.66869307 0.66869307 0.66869307 0.66869307 0.66869307 0.66869307 0.66869307 0.66869307 0.66869307 0.66869307 0.66869307 0.66869307 0.66869307 0.66869307 0.66869307 0.66869307 0.66869307 0.66869307 0.66869307
0.92522 0.92522 0.92522 0.92522 0.6686821 0.6686821 0.6686821 0.6686821 0.6686821 0.6686821 0.6686821 0.66868305 0.66868305 0.66868305 0.66868305 0.66868305 0.66868305 0.6686835 0.6686835 0.6686835 0.6686835 0.6686835 0.6686835 0.6686835 0.668684 0.668684 0.6686835 0.668684 0.668684 0.6686835 0.668684 0.668684 0.668684 0.668684 0.668684 0.668684 0.6686845 0.6686845 0.6686845 0.6686845 0.6686835 0.6686845 0.66868496 0.66868496 0.66868496 0.6686845 0.66868496 0.6686845 0.66868496 0.66868496 0.66868496 0.66868496 0.66868544 0.66868544 0.66868544 0.66868544 0.66868544 0.66868544 0.66868496
0.9252081 0.9252081 0.92520857 0.92520857 0.668674 0.668674 0.668674 0.668674 0.668674 0.668674 0.668674 0.668674 0.668674 0.668674 0.668674 0.66867447 0.66867447 0.66867447 0.66867447 0.66867447 0.66867447 0.66867447 0.66867447 0.66867447 0.66867447 0.6686754 0.6686754 0.6686754 0.6686754 0.6686754 0.6686754 0.6686754 0.6686754 0.6686754 0.6686754 0.6686754 0.6686754 0.6686759 0.6686759 0.6686759 0.6686759 0.6686759 0.6686759 0.6686759 0.6686759 0.6686759 0.6686759 0.6686759 0.6686759 0.6686759 0.6686759 0.6686759 0.6686759 0.6686759 0.6686759 0.6686759 0.6686759 0.6686759 0.6686759
0.9251976 0.9251981 0.9251981 0.9251981 0.66866636 0.66866636 0.66866636 0.66866636 0.66866636 0.66866636 0.66866636 0.66866636 0.66866636 0.66866684 0.66866684 0.66866636 0.66866684 0.66866684 0.66866684 0.66866684 0.66866684 0.66866684 0.66866684 0.66866684 0.66866684 0.66866684 0.66866684 0.66866684 0.66866684 0.66866684 0.66866684 0.66866684 0.66866684 0.66866684 0.66866684 0.66866684 0.66866684 0.66866684 0.6686673 0.6686673 0.6686673 0.6686673 0.6686673 0.66866684 0.6686673 0.6686673 0.6686673 0.6686673 0.66866684 0.6686673 0.6686673 0.6686673 0.66866684 0.6686673 0.6686673 0.6686673 0.6686673 0.6686673 0.6686673
0.9251876 0.9251876 0.9251876 0.9251876 0.6686554 0.6686554 0.6686554 0.6686554 0.6686554 0.6686554 0.6686554 0.6686554 0.6686559 0.6686559 0.66865635 0.66865635 0.66865635 0.66865635 0.66865635 0.66865635 0.66865635 0.66865635 0.66865635 0.66865635 0.66865635 0.66865635 0.66865635 0.66865635 0.66865635 0.66865635 0.66865635 0.66865635 0.66865635 0.66865635 0.66865635 0.66865635 0.66865635 0.66865635 0.66865635 0.66865635 0.66865635 0.66865635 0.66865635 0.66865635 0.66865635 0.66865635 0.66865635 0.66865635 0.66865635 0.66865635 0.66865635 0.66865635 0.6686568 0.6686568 0.6686568 0.6686568 0.6686568 0.6686568 0.6686568
0.92517567 0.92517614 0.92517614 0.9251766 0.66864586 0.66864586 0.66864586 0.66864586 0.66864586 0.66864586 0.66864586 0.6686468 0.6686468 0.6686468 0.6686468 0.6686468 0.6686468 0.6686473 0.6686473 0.6686473 0.6686473 0.6686473 0.6686473 0.6686473 0.6686473 0.6686473 0.6686473 0.6686473 0.6686473 0.6686473 0.66864777 0.66864777 0.66864777 0.66864777 0.66864777 0.66864777 0.66864777 0.66864777 0.66864777 0.66864777 0.66864777 0.66864777 0.66864777 0.66864777 0.66864777 0.66864777 0.66864777 0.66864777 0.66864777 0.66864777 0.66864777 0.66864777 0.66864777 0.66864777 0.66864777 0.66864777 0.66864777 0.66864777 0.66864777
0.92516565 0.92516565 0.92516565 0.92516565 0.66863585 0.6686363 0.6686363 0.6686363 0.6686363 0.6686363 0.6686368 0.6686368 0.6686368 0.6686368 0.6686368 0.6686368 0.6686368 0.6686368 0.6686368 0.6686368 0.6686368 0.6686368 0.6686368 0.6686368 0.6686368 0.6686373 0.6686373 0.6686373 0.6686373 0.6686373 0.6686373 0.6686373 0.6686373 0.6686373 0.6686373 0.66863775 0.66863775 0.66863775 0.66863775 0.66863775 0.66863775 0.6686387 0.6686387 0.6686387 0.6686387 0.6686387 0.6686387 0.6686387 0.6686387 0.6686387 0.6686387 0.6686387 0.6686387 0.6686392 0.6686392 0.6686392 0.6686392 0.6686392 0.6686392
0.92515373 0.92515373 0.92515373 0.92515373 0.66862774 0.66862774 0.66862774 0.6686282 0.6686282 0.6686282 0.6686282 0.6686282 0.6686282 0.66862917 0.66862917 0.66862917 0.66862917 0.66862965 0.66862965 0.66862965 0.66862965 0.66862965 0.66862965 0.66862965 0.66862965 0.66862965 0.66862965 0.66862965 0.66862965 0.6686301 0.6686301 0.6686301 0.6686301 0.6686301 0.6686301 0.66862965 0.6686301 0.6686301 0.6686301 0.66862965 0.6686301 0.6686301 0.6686301 0.6686301 0.6686301 0.66862965 0.6686301 0.66862965 0.6686301 0.66862965 0.6686301 0.6686301 0.6686301 0.6686301 0.6686301 0.6686301 0.6686301 0.6686301 0.6686306
0.9251447 0.9251447 0.9251447 0.92514515 0.66861916 0.66861916 0.66861916 0.66861916 0.66861916 0.66861916 0.66861916 0.66861916 0.66861963 0.66861963 0.66861963 0.66861963 0.66861963 0.66861963 0.66861963 0.6686201 0.6686201 0.6686201 0.6686201 0.6686201 0.6686201 0.6686201 0.6686201 0.6686201 0.6686201 0.6686201 0.6686201 0.6686201 0.6686201 0.6686201 0.6686201 0.6686201 0.6686201 0.6686201 0.6686201 0.6686206 0.6686206 0.6686206 0.6686206 0.6686206 0.6686206 0.66862106 0.66862106 0.66862154 0.66862154 0.66862154 0.66862154 0.66862154 0.66862154 0.66862154 0.66862154 0.66862154 0.66862154 0.66862154 0.66862106
0.92513275 0.92513275 0.92513275 0.92513275 0.6686096 0.6686096 0.6686101 0.6686101 0.6686101 0.6686101 0.6686101 0.6686101 0.6686101 0.6686101 0.6686101 0.6686101 0.6686101 0.6686101 0.6686101 0.6686101 0.6686101 0.6686101 0.6686101 0.6686106 0.66861105 0.66861105 0.66861105 0.66861105 0.66861105 0.66861105 0.66861105 0.66861105 0.66861105 0.6686115 0.6686115 0.6686115 0.6686115 0.6686115 0.6686115 0.6686115 0.6686115 0.6686115 0.6686115 0.6686115 0.6686115 0.6686115 0.6686115 0.6686115 0.6686115 0.6686115 0.6686115 0.6686115 0.6686115 0.6686115 0.6686115 0.6686115 0.6686115 0.6686115 0.6686115
0.92512274 0.92512274 0.92512274 0.92512274 0.66860104 0.66860104 0.66860104 0.66860104 0.66860104 0.66860104 0.66860104 0.66860104 0.66860104 0.6686015 0.6686015 0.6686015 0.6686015 0.6686015 0.6686015 0.6686015 0.668602 0.668602 0.668602 0.668602 0.668602 0.668602 0.668602 0.668602 0.66860247 0.66860247 0.66860247 0.66860247 0.66860247 0.66860247 0.66860247 0.66860247 0.66860247 0.66860247 0.66860294 0.66860294 0.66860294 0.66860294 0.66860294 0.6686034 0.6686034 0.6686034 0.6686034 0.6686034 0.6686034 0.6686034 0.6686034 0.6686034 0.6686034 0.6686034 0.6686034 0.6686034 0.6686034 0.6686034 0.6686034
0.92511034 0.92511034 0.92511034 0.92511034 0.668592 0.668592 0.668592 0.66859245 0.66859245 0.66859245 0.66859245 0.66859245 0.66859245 0.66859245 0.66859245 0.66859245 0.66859245 0.668592 0.66859245 0.66859245 0.66859245 0.66859245 0.66859245 0.66859245 0.66859245 0.66859245 0.66859245 0.66859245 0.66859245 0.66859245 0.66859245 0.66859245 0.66859245 0.66859245 0.66859245 0.66859245 0.66859245 0.66859245 0.66859245 0.66859245 0.66859245 0.66859245 0.66859245 0.66859245 0.66859245 0.66859245 0.66859245 0.66859245 0.66859245 0.66859245 0.66859245 0.66859245 0.66859245 0.66859245 0.66859245 0.66859245 0.6685934 0.6685934 0.6685934
0.9251003 0.9251003 0.9251003 0.9251003 0.6685834 0.6685834 0.66858387 0.66858387 0.66858387 0.66858387 0.66858387 0.66858387 0.66858387 0.66858387 0.66858387 0.66858387 0.66858387 0.66858387 0.66858387 0.66858387 0.66858387 0.66858387 0.66858435 0.66858435 0.66858435 0.66858435 0.66858435 0.66858435 0.66858435 0.66858435 0.6685848 0.6685848 0.6685848 0.6685848 0.6685848 0.6685848 0.6685848 0.6685848 0.6685848 0.6685848 0.6685848 0.6685848 0.6685848 0.6685848 0.6685848 0.6685848 0.6685848 0.6685848 0.6685848 0.6685848 0.6685848 0.6685848 0.6685848 0.6685848 0.6685848 0.6685848 0.6685848 0.6685848 0.6685848
0.9250903 0.9250903 0.9250903 0.9250903 0.6685734 0.6685734 0.6685734 0.6685734 0.6685734 0.66857386 0.66857386 0.66857386 0.66857386 0.66857386 0.66857386 0.66857386 0.66857386 0.66857386 0.66857386 0.66857386 0.66857386 0.66857386 0.66857386 0.66857386 0.66857386 0.66857386 0.66857386 0.66857386 0.66857386 0.66857386 0.66857386 0.66857386 0.66857386 0.66857386 0.66857386 0.66857386 0.66857386 0.66857386 0.66857386 0.66857386 0.66857386 0.66857386 0.66857386 0.66857386 0.66857386 0.66857386 0.66857386 0.66857386 0.66857386 0.66857386 0.66857386 0.66857386 0.66857386 0.6685748 0.6685748 0.6685748 0.6685748 0.66857576 0.6685748
0.9250779 0.9250779 0.9250779 0.9250779 0.6685643 0.6685643 0.6685648 0.6685653 0.66856575 0.66856575 0.66856575 0.66856575 0.66856575 0.66856575 0.66856575 0.66856575 0.66856575 0.66856575 0.66856575 0.66856575 0.66856575 0.66856575 0.6685662 0.6685662 0.6685662 0.6685662 0.6685662 0.6685662 0.6685662 0.6685662 0.6685662 0.6685662 0.6685662 0.6685662 0.6685662 0.6685662 0.6685662 0.6685662 0.6685662 0.6685662 0.6685662 0.6685662 0.6685662 0.6685662 0.6685662 0.6685662 0.6685662 0.6685662 0.6685662 0.6685662 0.6685662 0.6685662 0.6685662 0.6685662 0.6685662 0.6685662 0.6685662 0.6685662 0.6685662
0.9250674 0.9250674 0.9250674 0.9250674 0.6685567 0.6685567 0.66855717 0.6685567 0.66855717 0.66855717 0.66855717 0.66855717 0.66855717 0.66855717 0.6685567 0.6685567 0.66855764 0.6685567 0.66855764 0.66855764 0.66855764 0.66855764 0.66855764 0.6685567 0.66855764 0.66855764 0.66855764 0.66855764 0.66855764 0.66855764 0.66855764 0.66855764 0.66855764 0.66855764 0.6685567 0.66855764 0.66855764 0.66855764 0.6685567 0.66855764 0.66855764 0.66855764 0.66855764 0.6685567 0.66855764 0.66855764 0.66855764 0.66855764 0.66855764 0.66855764 0.66855764 0.66855764 0.66855764 0.66855764 0.66855764 0.66855764 0.66855764 0.66855764 0.66855764
0.92505693 0.92505693 0.92505693 0.92505693 0.6685457 0.6685462 0.6685462 0.6685462 0.6685462 0.6685462 0.6685462 0.6685462 0.6685462 0.6685462 0.6685462 0.6685462 0.6685467 0.6685467 0.6685467 0.6685467 0.6685467 0.6685467 0.6685467 0.6685467 0.6685467 0.6685467 0.6685467 0.66854715 0.66854715 0.66854715 0.66854715 0.66854715 0.66854715 0.66854715 0.66854715 0.66854715 0.6685467 0.66854715 0.66854715 0.6685467 0.6685467 0.66854715 0.6685467 0.6685467 0.66854715 0.66854715 0.66854715 0.66854715 0.66854715 0.66854715 0.66854715 0.66854763 0.66854715 0.66854715 0.66854763 0.66854763 0.66854715 0.66854763 0.66854715
