Export/ASCII/RMeteo_SP_inch/speranza1/RMeteo_2017_SP1_inch.asc
ncols         660
nrows         338
xllcorner     1476100.0
yllcorner     5017100.0
cellsize      100
NODATA_value  -9.9e-20
[rows 108 to 134 of 338, columns 300 to 359 of 660]
1.4768841 1.7829307 1.7829307 1.6944056 1.4768841 0.5935955 0.57234526 1.757675 1.4768841 1.4768841 1.4768841 0.57234454 0.57234454 1.4768835 1.4768835 1.9165542 1.9165542 1.9594069 1.8371143 1.8371143 1.8371143 1.8371143 1.7567614 1.7567614 0.80445194 0.80445194 1.4281442 1.4281442 0.49051547 0.49051547 0.69311666 0.49051523 0.49051523 0.49051523 0.49051523 0.49051523 0.49051523 0.49051523 0.804451 0.804451 0.804451 0.804451 1.7567611 1.7567611 0.804451 0.804451 0.804451 0.804451 0.804451 0.804451 0.804451 0.804451 0.490515 0.490515 0.804451 1.756761 1.7567608 1.7567608 1.7567608 1.7567608
1.476868 1.476868 1.6943877 1.476868 1.476868 0.57233024 0.57233024 0.8298652 1.4768678 1.4768678 0.57233024 0.57233 0.57233 0.57233 1.4768676 1.4768676 1.7286376 1.7567484 1.9593952 1.8371013 1.8371013 1.8371007 1.7567481 1.7567481 1.7567481 1.7567481 1.7567481 1.7567481 1.428131 1.428131 0.49050355 0.49050355 0.49050355 0.49050355 0.49050355 0.49050355 0.49050355 0.49050355 0.8044388 0.8044388 0.8044388 0.8044388 0.8044388 0.8044388 0.8044386 0.8044386 0.8044386 0.8044386 0.8044386 0.8044386 0.8044386 0.8044386 0.49050307 0.49050307 0.8044386 1.7567478 1.7567478 1.4281306 1.7567478 1.7567478
0.8298509 1.7286217 1.7286217 1.4768517 0.5723157 0.5723157 0.5723157 0.82985044 0.57231545 0.57231545 0.57231545 0.57231545 0.57231545 0.57231545 0.57231545 0.57231545 1.7286214 1.7567353 1.837088 1.9593837 1.837088 1.8370879 1.9593837 1.4281179 1.4281179 1.4281179 1.4281179 1.8370879 1.7567352 1.7567352 1.7567352 1.4281179 1.4281179 0.4904914 0.4904914 0.4904914 0.4904914 1.7567352 1.7567352 1.4281175 0.4904914 0.8044257 0.8044257 0.4904914 0.49049115 0.8044257 1.7567346 1.9593835 1.7567346 1.7567344 1.7567344 1.7567344 1.4281172 1.4281172 1.7567344 1.7567344 1.7567343 1.428117 1.7567343 1.7567343
1.7286055 1.7286055 1.476836 0.57230115 0.57230115 0.57230115 0.57230115 0.57230115 0.57230115 0.57230115 0.57230115 0.57230115 0.57230115 0.57230115 0.57230115 0.57230115 1.7286052 1.8370752 1.8370752 1.959372 1.959372 1.428105 1.428105 1.428105 1.428105 0.4904797 0.4904797 1.428105 1.4281049 1.7567221 1.7567221 1.7567221 1.7567221 1.7567221 0.80441356 0.4904797 0.80441356 0.80441356 1.87058 1.4281046 0.4904797 0.4904797 0.49047947 0.49047947 0.49047947 0.49047947 1.7567216 1.7567216 1.7567216 1.7567216 1.7567216 1.7567216 1.7567216 1.7567216 1.7567216 1.4281044 1.8370743 1.7567216 0.49047947 0.49047947
1.7285898 1.7285898 1.7285898 0.57228637 0.57228637 0.57228637 0.57228637 0.57228637 0.57228637 0.57228637 0.57228637 0.57228637 0.57228637 1.4768195 1.4768195 1.4768194 1.4768194 1.8370618 1.8370618 1.9593606 1.9593606 1.4280918 1.4280918 0.49046803 0.49046803 0.49046803 0.49046803 0.49046803 1.4280918 1.4280918 1.8370618 1.8370618 1.7567091 1.7567091 1.756709 0.8044007 0.8044007 0.8044007 0.8044007 1.7567089 1.4280916 0.4904678 0.4904678 0.4904678 0.4904678 0.4904678 0.8044007 1.7567087 1.7567087 0.8044002 0.8044002 1.0308176 0.8044002 1.7567085 1.7567085 1.7567085 1.7567085 0.8044002 0.8044002 0.4904673
1.4768038 1.7285738 0.8298063 0.5722718 0.5722718 0.5722718 0.5722718 0.5722718 0.5722716 1.4768038 1.4768038 0.5722716 1.4768037 1.4768037 1.4768037 1.4768037 1.4768037 1.428079 1.9593492 1.9593492 1.9593492 1.8370492 1.4280789 0.4904561 0.4904561 0.49045587 0.49045587 0.49045587 0.49045587 0.49045587 1.4280789 1.4280789 1.4280789 1.7566963 1.7566954 0.49045563 0.49045563 0.49045563 0.8043878 1.7566953 1.4280783 0.49045563 0.49045563 0.49045563 0.49045563 0.49045563 0.80438757 0.80438757 0.80438757 1.0308005 1.0308005 1.1944331 0.80438757 0.80438757 1.7566949 0.4904554 0.80438733 0.8584057 0.8584057 0.49045515
0.5722575 0.5722575 0.5722575 0.5722575 0.5722575 0.5722575 0.5722575 0.5722575 0.5722575 1.4767878 1.4767878 1.4767878 1.4767876 1.4767876 1.4767876 1.4767876 1.4767876 1.4280658 1.837036 1.9593375 1.9593375 1.837036 1.837036 1.4280658 0.49044394 0.49044394 0.49044394 0.49044394 0.49044394 0.49044394 0.49044394 1.4280653 1.4280653 0.49044394 0.4904437 0.4904437 0.4904437 0.4904437 0.4904437 0.8043752 0.4904437 0.4904437 0.4904437 0.4904437 0.4904437 0.4904437 0.4904437 0.80437493 1.0307845 1.0307845 1.3465625 1.1944102 0.80437493 0.80437493 0.80437493 0.80437493 0.8583971 0.9591936 0.9591936 0.8583971
0.5722432 0.5722432 0.5722432 0.5722432 0.5722432 0.5722432 0.5722432 0.5722432 1.476772 1.476772 1.476772 1.476772 1.4767717 1.4767717 1.4767717 1.7285416 1.7285416 1.4280528 1.8370228 1.4280527 1.7566701 1.8370228 1.8370227 1.4280527 0.4904325 0.4904325 0.4904325 0.4904325 0.49043226 0.49043226 0.49043226 0.49043226 0.49043226 0.49043226 0.49043202 0.49043202 0.49043202 0.8043628 0.8043628 0.8043628 1.0307688 0.49043202 0.49043202 0.49043202 0.49043202 0.49043202 0.49043202 0.49043202 0.5641687 1.0307685 1.0307685 1.1943883 0.49043155 0.80436254 0.49043155 0.49043155 0.5394788 0.85838854 0.5394788 0.5394788
0.5722282 0.5722282 0.5722282 0.5722282 0.5722282 0.5722282 0.5722282 1.476756 1.4767557 1.4767557 1.4767557 1.4767557 1.4767557 1.4767557 1.7285255 1.7285255 1.7285255 1.7566568 1.7566568 1.7566566 1.7566566 1.7566566 1.9593139 1.4280394 1.4280394 1.4280394 0.49042034 0.49042034 0.49042034 0.49042034 0.49042034 0.49042034 0.49042034 0.49042034 0.49042034 0.8043499 0.8043499 0.8043499 0.8043499 0.8043499 1.1943644 0.49042034 0.49042034 0.49042034 0.49042034 0.49042034 0.49042034 0.4904201 0.4904201 0.56415415 0.5641539 0.5641539 0.49041986 0.49041986 0.49041986 1.0307518 0.49041963 0.539464 0.4904194 0.4904194
0.57221365 0.57221365 0.57221365 0.57221365 1.47674 0.5722134 0.5722134 0.82974744 0.82974744 1.064134 0.5722134 1.4767398 1.4767396 1.7285097 1.7285097 0.82974744 0.82974744 1.7566437 1.7566437 1.7566435 1.7566435 1.7566435 1.4280263 1.4280263 1.4280263 1.4280263 1.4280261 1.4280261 0.49040818 0.49040818 0.49040818 0.49040818 0.49040818 0.49040818 0.8043375 0.8043375 0.8043375 0.804337 0.804337 0.804337 0.5641401 0.49040818 0.49040794 0.49040794 0.49040794 0.4904077 0.4904077 0.4904077 0.4904077 0.8043368 0.8043368 0.4904077 0.4904077 0.4904077 0.4904077 1.194342 0.4904077 0.49040747 0.49040747 0.49040747
0.5721986 0.5721986 1.4767243 1.4767243 1.4767243 1.4767243 0.5721986 0.5721986 0.8297324 0.8297324 1.0148342 0.5721986 0.5721986 0.5721986 0.8297324 0.5721986 0.8297324 0.8043251 0.8043251 0.80432487 0.80432487 0.80432487 0.80432487 0.80432487 1.7566302 1.4280131 1.959291 1.4280131 1.4280131 0.49039626 0.49039626 0.49039626 0.49039626 0.49039626 0.8043244 0.8043244 0.8043244 0.8043244 0.8043244 0.8043244 0.49039626 0.49039626 0.49039626 0.49039626 0.49039626 0.49039626 0.49039626 0.49039626 0.49039602 0.8043244 0.8043244 0.8043244 0.49039602 0.8043244 0.49039602 0.9204612 0.49039602 0.49039602 0.49039602 0.49039578
0.57218456 1.4767079 1.4767079 1.4767079 1.4767079 1.4767079 0.57218456 0.57218456 0.8297181 0.8297181 0.9228263 0.57218456 0.5721843 0.5721843 1.0640975 1.0640975 0.5721843 0.8043122 0.8043122 0.8043122 0.8043122 0.8043122 0.8043122 0.8043122 0.8043122 1.4280002 1.4280002 1.9592798 1.4280002 1.4280002 1.4280002 0.49038434 0.49038434 0.49038434 0.804312 0.80431175 0.80431175 0.80431175 0.80431175 0.80431175 0.4903841 0.89325535 0.89325535 0.4903841 0.4903841 0.4903841 0.4903841 0.4903841 0.49038386 0.49038386 0.8043115 0.8043115 0.8043115 0.8043115 0.49038363 0.49038363 0.8043115 0.49038363 0.49038363 0.49038363
0.57217 1.4766917 1.4766917 1.4766917 1.4766917 1.4766916 0.93979824 0.57217 0.57217 0.57217 0.57217 0.57217 0.57217 0.5721698 1.0640792 1.2691633 0.5721698 0.8042996 0.8042996 0.8042996 0.80429935 0.80429935 0.80429935 0.80429935 0.80429935 0.49037242 0.49037218 0.80429935 1.7566042 1.7566041 1.7566041 1.4279869 0.49037218 0.49037218 0.49037218 0.49037218 0.80429935 0.8042991 0.8042991 0.8042991 0.49037218 0.5133269 0.5133269 0.49037218 0.49037218 0.49037218 0.49037218 0.49037218 0.49037218 0.49037218 0.8042991 0.8042991 0.8042991 0.49037218 0.49037218 0.49037218 0.49037218 0.49037218 0.49037218 0.49037194
1.4766756 1.4766756 0.5721555 0.5721555 1.4766756 1.0640615 0.599421 0.5721555 0.5721555 0.5721555 0.7480097 0.5721555 0.5721555 0.572155 1.0147741 0.572155 0.572155 0.49036074 1.7565916 0.80428696 0.80428696 0.80428696 0.80428696 0.8042867 0.8042867 1.0306715 1.0306715 0.8042865 0.8042865 0.80428624 0.80428624 0.4903605 0.4903605 0.4903605 0.4903605 0.49036026 0.49036026 0.80428624 0.80428624 0.80428624 0.80428624 0.49036026 0.49036026 0.49036026 0.49036026 0.49036026 0.49036026 0.49036026 0.49036026 0.49036026 0.49036026 0.80428624 0.80428624 0.49036002 0.49036002 0.49036002 0.49036002 0.804286 0.49036002 0.49036002
1.4766601 1.4766601 1.4766601 1.4766601 0.5721407 0.62555003 0.5721407 0.5721407 0.5721407 0.5721407 0.5721407 0.5721407 0.5721407 0.5721402 0.92278194 0.92278194 0.5721402 0.8042743 1.7565784 1.7565784 1.7565784 0.8042743 0.8042743 1.0306543 0.49034882 0.8042743 1.0089519 0.80427384 0.80427384 0.8042736 0.49034882 1.0132517 0.49034882 0.49034882 0.49034882 0.49034882 0.49034882 0.49034882 0.8042736 0.8042736 0.8042736 0.49034858 0.49034858 0.49034858 0.49034858 0.49034858 0.49034858 0.49034858 0.49034858 0.49034858 0.49034858 0.80427337 0.80427337 0.80427337 0.49034834 0.49034834 0.49034834 0.49034834 1.4279602 1.4279602
1.476644 1.4766439 1.4766439 1.4766439 0.5721259 0.5721259 0.5721259 0.5721259 0.5721259 0.5721259 0.5721259 0.8657123 0.5721259 0.5721259 1.0640246 1.0640246 1.0640246 0.8042617 1.7565652 1.7565652 1.7565651 1.7565651 0.8042617 1.0306388 0.92037773 0.8042617 0.8042617 0.8042617 0.49033713 0.49033713 1.0306383 0.8042617 0.8042617 0.4903369 0.4903369 0.4903369 0.4903369 0.4903369 0.4903369 0.4903369 0.80426097 0.4903369 0.4903369 0.49033666 0.49033666 0.49033666 0.49033666 0.49033666 0.49033666 0.49033666 0.49033666 0.8042605 0.8042605 0.8042605 0.49033642 0.49033618 0.49033618 1.427947 1.427947 1.7565644
1.7671311 1.3489766 1.3489766 1.3489766 0.51743174 0.51743174 0.51743174 0.51743174 0.51743174 0.8027009 0.8027009 0.81609786 0.7613548 0.51743174 0.8661221 0.99229014 0.7763715 0.84278226 0.76195025 1.5401698 1.5401698 0.76195025 0.76195025 0.88384914 0.76195025 0.76195025 0.76195025 0.76195025 0.76195025 0.76195025 0.88384914 0.76195025 0.76195025 0.76195025 0.76195025 0.48884964 0.48884964 0.48884964 0.48884964 0.48884964 0.48884964 0.48884964 0.48884964 0.48884964 0.48884964 0.48884964 0.48884964 0.48884964 0.48884964 0.48884964 0.48884964 0.48884964 0.48884964 0.7619498 0.48884964 0.7619498 0.48884964 0.7619498 1.5401689 1.5401689
1.7671182 1.7671182 1.3827863 1.3827863 1.3489648 0.5174196 0.5174196 0.5174196 0.5174196 0.8734876 0.80269325 0.83790505 0.9125413 0.7613474 0.9125413 0.9675149 0.7763586 0.76193833 0.76193833 0.76193833 0.76193833 0.76193833 0.76193833 0.8636342 0.7619381 0.7619381 0.7619381 0.7619381 0.7619381 0.7619381 0.7619381 0.7619381 0.7619381 0.7619376 0.7619376 0.7619376 0.7619376 0.48883724 0.48883724 0.48883724 0.48883724 0.7619376 0.48883724 0.7619374 0.48883724 0.48883724 0.48883724 0.48883724 0.48883724 0.48883724 0.48883724 0.48883724 0.48883724 0.7619374 0.7619374 0.7619374 0.7619374 0.488837 0.48883677 1.5401577
1.7671049 1.3827741 1.3827741 1.3827741 1.3489535 0.51740694 0.5174067 0.5174067 0.5174067 0.83789074 0.7613405 0.83789337 0.912531 0.7613405 0.912531 0.912531 0.76134026 0.7619257 0.7619257 0.7619257 0.7619257 0.7619257 0.7619257 0.7619257 0.7619257 0.7619257 0.48882556 0.76192546 0.76192546 0.76192546 0.76192546 0.76192546 0.76192546 0.76192546 0.76192546 0.76192546 0.76192546 0.76192546 0.863623 0.863623 0.48882532 0.7619252 0.7619252 0.7619252 0.48882484 0.48882484 0.48882484 0.48882484 0.48882484 0.48882484 0.48882484 0.4888246 0.4888246 0.4888246 0.76192546 0.76192546 0.4888246 0.4888246 0.4888246 0.4888246
1.7670913 1.646078 1.599721 1.3827615 1.3489416 0.51739454 0.51739454 0.7613336 0.7613336 0.912521 0.912521 0.912521 0.912521 0.7613336 1.0556308 0.912521 0.77633333 0.8744135 0.76191354 0.76191354 0.76191354 0.76191354 0.76191354 0.76191354 0.76191354 0.76191354 0.76191354 0.48881292 0.48881292 0.48881292 1.540135 0.76191354 0.76191354 0.76191354 0.76191354 0.76191354 0.76191354 0.76191354 0.92321515 1.7364405 1.7365172 1.5401345 0.76191354 0.76191354 0.76191354 0.76191354 0.48881269 0.48881269 0.48881269 0.48881269 0.48881269 0.48881245 0.48881245 0.48881245 0.48881245 0.76191306 0.48881245 0.48881245 0.48881245 0.48881245
1.7670784 1.6460663 1.6460663 1.5997076 0.74301255 0.5173819 0.5173819 0.91251004 0.91251004 0.91251004 0.91251004 0.76132643 1.0556165 0.91251004 0.89284325 0.89284325 0.77632093 0.7619016 0.7619016 0.7777263 0.7619016 0.7619016 0.7619016 0.7619016 0.7619016 0.7619016 0.7619016 0.7619016 0.48880076 0.86360013 1.2904831 1.2904831 1.2904831 0.7619016 0.7619016 0.7619016 0.76190114 0.76190114 0.76190114 1.5401232 1.7365031 1.5401232 1.5401232 0.76190114 0.76190114 0.48880053 0.4888003 0.4888003 0.4888003 0.4888003 0.4888003 0.4888003 0.4888003 0.48880005 0.48880005 0.7619009 0.7619009 0.48880005 0.4887998 0.4887998
0.51736975 0.51736975 1.6460543 0.7613195 0.90567577 0.51736975 0.51736975 0.9124998 0.7613195 0.7613195 0.9124998 0.9124998 0.9124998 0.9124998 0.77630854 0.77630854 0.77630854 0.76188946 1.5401124 0.76188946 0.8349738 0.86358917 0.76188946 0.76188946 0.76188946 0.86358917 0.76188946 0.7618892 0.7618892 0.923182 1.7364888 1.7364888 1.2904718 1.5401119 1.5401119 1.5401119 1.5401119 1.5401119 1.5401119 1.5401118 1.7364888 1.7364888 1.5401118 1.5401118 1.5401118 0.761889 0.4887879 0.4887879 0.4887879 0.4887879 0.4887879 0.4887879 0.4887879 0.4887879 0.4887879 0.4887879 0.4887879 0.4887879 0.48878765 0.48878765
0.77629614 0.51735735 0.51735735 0.7613126 1.0555893 0.7613126 0.74299896 0.7613126 1.0555893 0.9124886 0.9124886 0.7613126 0.9124886 0.9124886 0.77629614 0.77629614 0.77629614 0.7618778 0.76187754 0.76187754 0.76187754 0.9231663 0.76187754 0.76187754 0.76187754 0.9231663 0.76187754 0.76187754 0.76187754 0.76187754 0.76187754 0.76187754 1.5401005 1.5401005 1.5401005 1.7364745 1.7364743 1.5401003 1.7364743 1.7364743 1.7364743 1.7364743 1.7364743 1.7364743 1.5401 1.5401 1.2904596 1.7364743 0.48877573 0.48877573 0.48877573 0.4887755 0.4887755 0.4887755 0.4887755 0.4887755 0.4887755 0.4887755 0.4887755 0.4887755
0.77628374 1.583656 0.5173452 0.9124774 0.9124774 0.9124774 0.7613057 1.0492052 0.9124774 0.9124774 0.7613057 0.7613057 1.0555743 0.7613057 0.9208728 0.7762835 0.7762835 0.7618649 0.7618649 0.7618649 0.7618649 1.540089 1.540089 1.540089 0.7618649 0.7618649 0.7618649 0.7618649 0.7618649 0.7777041 0.7618649 0.7618649 0.7618649 0.7618649 0.7618649 1.5400887 1.7364609 1.2904485 1.2904485 1.2904485 1.7364609 1.7364609 1.7364609 1.7364609 1.7364609 1.7364609 1.7364609 1.7364607 0.8635658 0.77770364 0.77770364 0.77770364 0.77770364 0.48876357 0.48876357 0.48876357 0.48876357 0.48876357 0.48876357 0.48876357
1.5836444 0.7762711 0.7762711 0.761299 0.91246736 0.91306055 0.761299 0.7612988 0.7612988 0.7612988 0.9124671 0.7612988 0.80263937 0.80263937 0.9124671 1.0229415 0.7762711 0.761853 0.761853 0.761853 0.761853 0.761853 1.6062516 1.5400777 0.761853 0.761853 0.761853 0.761853 0.761853 0.8349266 0.761853 0.761853 0.761853 0.761853 0.761853 0.761853 0.761853 0.8635551 0.4887514 0.8635551 1.7364461 1.7364461 1.7364461 1.7364461 1.7364461 1.7364461 1.7364461 1.7364461 1.7364461 1.9061366 1.3529446 0.539397 0.539397 0.48875093 0.48875093 0.48875093 0.48875093 0.48875093 0.48875093 0.48875093
1.5836327 1.5836327 1.5836327 1.6460078 1.0555476 0.7612916 0.91245687 0.7612916 1.0555476 0.91245687 0.91245687 0.91245687 0.8733915 0.802632 0.9858464 0.7612914 0.77625823 0.7618408 0.7618408 0.7618408 1.540066 1.540066 1.6062399 1.7364323 0.8635441 0.8635441 0.8635441 0.8635441 0.7776896 0.7618408 0.7618408 0.7618408 0.7618408 0.7618408 0.7618406 0.7618406 0.48873925 0.5914862 0.86354387 1.0905904 1.7364318 1.7364318 1.7364318 1.7364318 1.7364318 1.7364318 1.7364318 1.6062397 1.2904254 1.2904254 1.2904254 0.488739 0.488739 0.488739 0.488739 0.488739 0.488739 0.488739 0.488739 0.488739
1.5996275 1.5996275 1.5996275 1.6459957 1.6459957 0.76128495 1.0555338 0.7612847 0.7612847 0.7612847 0.7612847 0.7612847 0.9968914 0.8026241 0.93718946 0.91244614 0.77624583 0.76182866 0.76182866 0.8635329 1.7364182 1.6062285 1.6062285 1.7364182 1.0905725 0.9706434 0.9706434 0.7776824 0.92309904 0.8348956 0.76182866 0.76182866 0.76182866 0.76182866 0.76182866 0.4887271 0.4887271 0.48872662 0.5914712 1.0905713 1.7364173 1.7364173 1.736417 1.736417 1.7364168 1.7364168 1.7364168 1.606228 1.2904137 1.2904137 1.2904137 0.48872614 0.48872614 0.48872614 0.48872614 0.48872614 0.48872614 0.48872614 0.48872614 0.48872614
