Export/ASCII/RMeteo_SP_inch/speranza1/RMeteo_2017_SP2_inch.asc
ncols         660
nrows         338
xllcorner     1476100.0
yllcorner     5017100.0
cellsize      100
NODATA_value  -9.9e-20
[rows 286 to 311 of 338, columns 472 to 530 of 660]
0.91274166 0.91274166 1.0198557 1.0198557 0.49396133 0.49396133 0.49396133 0.8473451 0.8473451 0.050813198 0.050813198 0.7139721 0.7139721 0.7139721 1.0198557 1.0198557 1.0198557 0.4939611 0.05081296 0.05081296 0.05081296 0.05081272 0.4939611 0.05081272 0.05081272 0.92783487 0.92783487 1.370724 1.370724 0.92783487 0.92783487 0.92783487 0.92783487 0.92783487 0.92783487 0.92783487 0.92783487 0.49396086 0.49396062 0.84734416 0.84734416 0.84734416 0.84734416 0.8473437 0.8473437 1.019855 1.019855 1.0198548 0.84343624 0.8473437 0.8875973 0.48 0.48 0.48 0.0 0.0 0.0 0.050811768 0.05081153
0.5600591 0.91273475 0.84733796 1.0198503 0.84733796 0.49395442 0.49395442 0.49395442 0.84733796 0.84733796 0.84343004 0.84342957 0.7139647 0.7139647 0.49395394 1.01985 0.050806522 0.49395394 0.49395394 0.050806522 0.050806522 0.050806522 0.4939537 0.4939537 0.4939537 0.4939537 0.46733534 1.0812291 1.0812291 1.3707182 0.46733522 0.46733522 0.92782843 0.92782843 0.9278282 0.9278282 1.370718 0.84733677 1.1704079 0.84733653 0.84733653 1.0198491 1.0198491 0.84733653 1.0198486 1.0198486 1.0198486 0.8434293 0.0 0.84733653 0.84733653 0.8875849 0.48 0.48 0.0 0.0 0.0 0.0 0.4939525
0.0 0.0 0.71395826 0.71395826 0.84733033 0.49394655 0.49394655 0.49394655 0.84733033 0.84733033 0.8434229 0.8434229 0.8434229 0.8434229 0.71395755 0.05079937 0.05079937 0.49394655 0.49394655 0.49394655 0.9278227 0.49394655 0.49394655 0.49394655 0.49394655 0.49394655 1.0812227 1.0812227 1.0812225 1.3707128 0.46732867 0.05079937 0.46732867 0.46732867 0.05079937 0.46732867 1.3707125 0.8473301 0.93637943 0.8473301 1.0198431 1.0198431 1.0198431 0.49394584 1.0198431 1.0198431 0.0 0.0 0.84342146 0.8473294 0.84732914 0.84732914 0.48 0.48 0.0 0.0 0.0 0.0 0.0
0.0 0.4417975 0.25999522 0.7139509 0.8473232 0.8473232 0.7139509 0.7139509 0.8473232 0.8473232 0.84732294 0.84341526 0.84341526 0.84341526 0.05079341 0.050793648 0.050793648 0.49393988 0.49393988 0.49393988 0.92781615 0.92781615 0.92781603 0.92781603 0.49393964 0.9278158 1.0812162 1.3707068 1.3707068 1.3707068 0.46732247 0.689708 0.46732223 0.46732223 0.050792933 0.46732223 1.3707068 1.2963488 1.0198376 1.0198376 1.0198376 0.8473222 0.8473222 1.0933485 0.84341455 0.8473222 0.847322 0.84732175 0.84732175 0.84732175 0.84732175 0.84732175 0.48 0.48 0.0 0.0 0.0 0.0 0.0
0.4417913 0.4417913 0.48 0.48 0.88754416 0.8473158 0.713943 0.8473158 0.84731555 0.49393225 0.84731555 0.84731555 0.84340763 0.050786972 0.050786972 0.050786972 0.050786734 0.493932 0.493932 0.493932 0.493932 0.92780936 0.9278091 0.9278091 0.9278091 0.9278091 1.3707013 1.3707011 1.3707011 1.3707011 1.3707011 1.3707011 1.3707011 0.46731555 0.92780876 0.92780876 1.3707008 1.2963428 1.019831 1.019831 0.84731483 0.84731483 0.84731483 1.019831 1.019831 1.019831 0.48 0.45016122 0.45016122 0.45016122 0.45016122 0.45016122 0.0 0.0 0.0 0.0 0.0 0.0 0.45016122
0.44178557 0.48511788 0.45016074 0.45016074 0.45016074 0.84730864 0.7139363 0.84730864 0.84730864 0.84730864 0.84730864 0.84730864 0.84730864 0.84730864 0.050780535 0.050780535 0.050780535 1.0198255 0.49392557 0.49392557 0.92780316 0.92780316 1.3706956 0.92780316 0.92780316 0.92780316 0.92780316 0.9278029 1.3706954 1.3706951 1.3706951 1.3706951 1.3706951 1.3706951 0.46730947 0.9278028 1.3706951 1.3021722 1.2963364 1.0198252 1.0198247 0.45016026 0.45016026 0.48 0.48 0.48 0.48 0.45016026 0.48 0.48 0.48 0.48 0.0 0.0 0.0 0.0 0.0 0.45016026 0.48
0.44177985 0.44177985 0.4501598 0.48 0.48 0.24053884 0.71392894 0.71392894 0.847301 0.84730077 0.84730077 0.84730077 0.84730077 0.84730077 0.05077362 0.4939177 0.4939177 0.4939177 0.4939177 0.4939177 0.9277966 1.3706899 1.3706899 1.3706899 1.3706899 0.92779636 0.92779636 0.92779636 0.92779636 0.92779636 0.98682857 1.3706894 1.3706894 1.3706894 1.3706894 1.3706894 1.3706892 1.3706892 1.29633 1.29633 1.0731299 0.48 0.4501598 0.46127152 0.48 0.48 0.48 0.48 0.48 0.48 0.48 0.4501598 0.0 0.0 0.0 0.0 0.0 0.48 0.48
0.4851074 0.44177413 0.48 0.4501593 0.4501593 0.24052906 0.21815753 0.713922 0.84729314 0.84729314 1.0198143 1.0198143 0.84729314 0.84729314 0.49391103 0.49391103 0.49391103 0.49391103 0.49391103 0.49391103 0.49391103 0.9277899 0.9277899 1.3706839 1.3706839 1.3706839 1.3706839 1.3706839 0.9277897 0.9277897 0.9277897 0.92778957 1.3706839 1.3706839 1.3706839 1.3706839 1.3706839 1.3706839 1.3706837 1.2963238 1.0198126 0.45015883 0.48 0.48 0.48 0.48 0.48 0.48 0.48 0.0 0.0 0.0 0.0 0.05076623 0.0 0.0 0.0 0.0 0.0
0.48510167 0.48510167 0.45015836 0.48 0.45015836 0.48 0.48 0.06196022 0.8472855 0.8472855 1.0198078 1.0198078 0.8472855 0.8472855 0.8472855 0.4939041 0.4939041 0.4939041 0.4939041 0.49390364 0.49390364 0.49390364 0.49390364 0.8472855 1.3706782 1.3706782 1.3706782 1.3706782 1.3706782 1.3706782 1.1262434 0.92778325 0.92778325 0.92778325 1.0811837 1.0811837 1.3706782 1.3706782 1.3706782 1.0811834 0.7139139 0.8874974 0.45015836 0.48 0.48 0.48 0.0 0.0 0.0 0.0 0.0 0.0 0.050759554 0.050759554 0.0 0.0 0.0 0.0 0.0
0.4850969 0.4850969 0.48 0.48 0.48 0.48 0.48 0.0 0.050753832 0.8472786 1.0198019 1.0198016 0.8472786 0.84727836 0.713907 0.49389672 0.49389672 0.49389672 0.49389672 0.49389648 0.49389648 0.49389648 0.49389648 0.050753832 0.050753832 1.3706725 1.3706725 1.3706725 1.3706722 0.0 1.1262376 0.8036752 1.1262376 0.92777693 1.0811774 1.0811774 0.92777693 1.3706722 1.3706722 1.0811769 0.7139065 0.8472779 0.06195283 0.054577112 0.0 0.48 0.0 0.0 0.0 0.0 0.0 0.050753593 0.050753593 0.050753593 0.0 0.0 0.0 0.0 0.4501574
0.0 0.0 0.45015693 0.48 0.48 0.48 0.48 0.0 0.05074811 0.84727144 0.84727144 0.84727144 0.84727144 0.7139003 0.7139003 0.7139003 0.4938898 0.4938898 0.4938898 0.49388957 0.49388957 0.49388957 0.49388957 0.7139003 0.050747395 0.7139001 1.3706665 1.2963066 1.2963066 1.2963066 1.1262319 0.8036685 0.8036685 0.8036685 1.1262314 0.92777026 0.92777014 0.92777014 0.92777014 0.92777014 0.92777014 0.050746918 0.050746918 0.050746918 0.05074668 0.86060977 0.84727025 0.05074668 0.05074668 0.05074668 0.05074668 0.05074668 0.05074668 0.0 0.0 0.0 0.0 0.40128517 0.43040323
0.2539475 0.2539475 0.45015645 0.48 0.48 0.48 0.48 0.45015645 0.45015645 0.88745546 0.8472638 0.8472638 0.8472638 0.71389294 0.71389294 0.8472636 0.49388242 0.49388218 0.49388218 0.49388218 0.49388218 0.49388194 0.49388194 0.7138927 0.7138927 0.7138927 1.2963002 1.2963002 1.2963002 1.2963002 1.2963002 1.126226 0.803663 0.8036628 0.8036628 0.8036628 1.1262257 0.9277638 0.9277636 0.9277636 0.4672705 0.05074072 0.05074072 0.05074072 0.050740242 0.8472631 0.8472631 0.8472631 0.8472631 0.8472631 0.050740242 0.050740242 0.050740242 0.0 0.0 0.050740004 0.0 0.0 0.4012804
1.148709 0.25394058 0.4501555 0.48 0.48 0.48 0.48 0.48 0.48 0.48 0.88744426 0.8472564 0.8472564 0.8472564 0.8472564 0.8472564 0.8472564 0.4938755 0.4938755 0.49387527 0.49387527 0.49387527 0.7138858 0.7138858 0.7138858 1.019783 1.296294 1.296294 1.3706553 1.3706553 1.296294 1.1262202 1.1262202 1.1262202 1.1262202 1.1262202 1.1262202 1.1262202 1.1262202 0.92775726 1.0811574 1.0811573 0.050734043 0.050734043 0.050733566 0.8472557 0.8472557 0.8472557 0.84725547 0.847255 0.050733566 0.050733566 1.0197828 0.48 0.0 0.050733328 0.0 0.0 0.0
1.4102566 0.4417374 0.45015502 0.48 0.48 0.48 0.45015502 0.45015502 0.48 0.45015502 0.48 0.88743114 0.84725 0.84725 0.84724975 0.84724975 0.84724975 1.0197768 1.0197768 1.0197768 1.0197768 1.0197768 1.0197768 1.0197766 1.0197766 1.0197766 1.296288 1.296288 1.3706493 1.3706493 0.986779 0.986779 1.296288 1.296288 1.2962878 1.126214 1.126214 1.1535592 1.126214 1.126214 1.0811509 1.0811509 0.46725714 0.46725714 0.050727367 0.050727367 0.8472481 0.8472481 0.84724736 0.8472471 0.8472471 0.050727367 1.0197763 0.48 0.0 0.0 0.0 0.05072713 0.0
1.4102502 1.4102502 0.45015407 0.48 0.48 0.48 0.48 0.45015407 0.48 0.48 0.48 0.8874178 0.8472414 0.8472414 0.8472414 0.8472414 0.8472414 1.0197711 0.8472414 0.8472414 1.0197711 1.0197711 1.0197711 1.0197711 1.0197711 1.0197711 1.296282 1.296282 1.3706436 1.3706436 1.3706436 1.3706436 1.296282 1.296282 1.296282 0.98677254 1.3706434 1.3706434 1.3706434 1.3706434 1.3706434 1.0811447 0.46725106 0.92774427 0.46725106 0.05072117 0.49386024 0.8472402 0.8472402 0.8472402 0.8472402 0.8472402 0.05072093 0.05453682 0.0 0.0 0.0 0.0 0.0
1.410244 1.410244 1.3706388 1.3706388 0.4501536 0.4501536 0.4501536 0.48 0.48 0.4501536 0.48 0.8874059 0.8472347 0.8472347 0.8472347 0.8472345 0.8472345 0.8472345 0.8472345 0.8472345 1.0197654 1.0197654 1.0197654 1.0197654 1.0197654 1.0197651 1.0197651 1.2962759 1.3706379 1.3706379 1.3706379 1.3706377 1.3706377 1.3706377 0.9867656 0.9867656 1.3706377 1.3706377 1.3706377 1.3706374 1.3706374 1.3706374 1.3706374 1.3706374 1.3706374 0.49385285 0.49385285 0.49385285 0.49385262 0.49385238 0.49385238 0.49385214 0.49385214 0.49385214 0.0 0.0 0.0 0.0 0.0
1.410238 1.410238 1.3706331 1.3706331 0.45015264 0.48 0.48 0.48 0.48 0.48 0.48 0.48 1.4154258 1.3706329 0.49384642 0.84722686 0.84722686 0.84722686 0.84722686 0.84722686 1.0197592 1.0197592 1.0197592 1.0197592 1.0197592 1.0197592 1.0197592 0.4672383 0.4672383 1.3706322 1.3706322 1.3706319 1.3706319 1.3706319 1.3706319 1.3706319 1.3706319 1.3706319 1.3706319 1.3706319 1.3706319 1.0811318 1.0811318 1.0811318 0.8472259 0.84331894 0.4938457 0.4938457 0.4938457 0.4938457 0.4938457 0.4938457 0.4938457 0.4938457 0.4938457 0.4938457 0.050707817 0.0 0.0
1.4102321 1.4102321 1.3706274 1.3706274 1.3706274 0.45015216 0.48 0.48 0.48 0.48 0.48 0.48 1.4154139 0.92772555 0.92772555 0.9277253 0.8472197 0.8472197 0.8472197 0.8472197 0.8472197 0.84721947 1.019753 0.84721947 0.84721947 1.019753 1.019753 0.467232 0.467232 0.467232 0.467232 0.467232 1.3706264 1.3706264 1.3706264 1.3706264 1.3706264 1.3706264 1.3706264 1.3706264 1.515707 1.0811254 1.0811254 0.7138488 0.4938383 0.8472192 0.8472192 0.8472192 0.4938383 0.4938383 0.4938383 0.6888108 0.4938383 0.4938383 0.4938383 1.0197518 0.050700903 0.050700903 0.4938383
1.4102261 1.4102261 1.3706214 1.3706214 1.3706214 0.2180872 0.4501512 0.48 0.4501512 0.4501512 0.48 0.4501512 0.4501512 0.92771924 1.0811194 1.0811193 1.3706212 0.8472121 0.8472121 0.8472121 0.8472121 0.8472121 0.8472121 0.8472121 0.8472121 0.8472121 1.0197465 0.05069518 0.4672253 0.4672253 0.05069518 0.4672253 0.4672253 1.370621 1.370621 1.3764565 1.3706207 1.3706207 1.3706207 1.3706207 1.3706207 1.3706207 1.0811187 0.71384215 0.8472116 0.991977 0.8472116 0.84721136 0.8472111 0.49383116 0.49383116 0.49383116 0.49383092 0.49383092 0.49383092 0.49383092 0.8472111 0.050694227 1.0197458
1.4102194 1.4102194 1.3706157 1.3706157 1.0811132 1.0811132 0.21808076 0.45015073 0.48 0.48 0.48 0.48 0.48 1.4153912 1.0811129 1.0811129 1.3706155 1.3706155 0.8472049 0.8472049 0.4938252 0.4938252 0.8472049 0.8472049 0.8472049 0.8472049 1.0197406 0.050688744 0.050688744 0.050688744 0.050688744 0.46721888 0.46721864 0.986737 1.370615 1.370615 1.370615 1.370615 1.370615 1.370615 0.46721852 0.46721852 1.3706148 1.3706148 1.3706148 0.84720445 0.84720445 0.84720445 0.84720445 0.84720445 0.49382424 0.49382424 0.49382424 0.49382424 0.49382424 0.49382424 0.49382424 0.493824 0.493824
1.4102135 1.4102132 1.3706105 1.3706105 1.3706102 0.92770636 0.0 0.45014977 0.45014977 0.48 0.48 0.48 0.48 1.4153795 0.92770624 0.92770624 1.23898 1.3706093 1.3706093 0.84719753 0.71382856 0.7138283 0.7138283 0.84719706 0.84719706 0.8471968 0.050682545 0.050682306 0.050682068 0.050682068 0.4672122 0.4672122 0.4672122 0.9867306 1.370609 1.370609 1.370609 0.98673034 1.370609 1.3706088 0.46721196 0.46721196 0.46721196 0.46721184 0.46721184 1.3706088 0.84719634 0.84719634 0.84719634 0.84719634 0.84719634 0.84719634 0.49381685 0.49381685 0.49381685 0.49381685 0.84719586 0.4938166 0.4938166
1.4102073 1.4102073 1.3706043 1.3706043 1.3706043 1.3706043 1.3706043 0.4501493 0.48 0.48 0.4501493 0.4501493 0.48 1.4153674 1.370604 1.2389746 1.3706038 1.3706038 1.3706038 0.8471899 0.7138214 0.7138214 0.7138212 0.8471899 0.8471899 0.8471899 0.050676107 0.05067563 0.05067563 0.05067563 0.92769945 0.92769945 0.92769945 1.3706033 0.98672366 0.98672366 1.3706033 1.0810994 0.92769897 1.3706033 0.9867234 0.9867234 0.46720564 0.46720564 0.46720552 0.46720552 0.46720552 0.8471894 0.8471892 0.84718895 0.84718895 0.84718895 0.84718895 0.84718895 0.49380994 0.49380994 0.49380994 0.49380994 0.84718895
1.4102008 1.4102008 1.3705986 1.3705986 1.3705983 1.3705983 1.3705983 0.45014834 0.48 0.48 0.48 0.48 0.48 0.48 1.4153557 1.3705981 1.3705981 1.3705981 1.3705981 1.3705981 0.8471823 0.8471823 0.8471823 0.8471823 0.8471823 0.8471823 0.050669193 0.050669193 1.0197225 0.4938035 0.4938035 0.4938035 0.92769265 0.92769265 0.92769265 0.92769265 0.92769265 0.92769265 0.92769265 0.92769265 1.3705976 1.3705976 0.4671992 0.4671991 0.4671991 0.46719897 0.46719873 0.05066824 0.8471818 0.84718156 0.84718156 0.84718156 0.84718156 0.84718156 0.84718156 0.84718156 0.49380207 0.49380207 0.49380207
1.4101949 1.4101946 1.3705931 1.3705931 1.3705931 1.3705931 1.3705931 0.45014787 0.48 0.45014787 0.45014787 0.48 0.48 0.48 1.4153445 1.3705926 1.3705926 1.3705926 1.3705926 1.3705926 0.8471751 0.8471749 0.8471749 0.8471749 0.8471749 0.8471749 0.8471749 0.8471749 1.0197163 0.49379587 0.49379587 0.49379587 0.49379587 0.9276862 0.9276862 0.9276862 0.9276862 0.49379587 0.9276861 1.3705916 1.3705916 1.3705916 1.3705916 1.3705916 1.3705916 1.3705916 1.3705916 0.8471749 0.8471749 0.8471749 0.84717464 0.8471744 0.92068505 0.8471744 0.8471744 0.8471744 0.8471744 0.49379563 0.49379563
1.4101887 1.4101887 1.3705869 1.3705869 1.3705869 1.3705869 1.3705869 0.4501469 0.4501469 0.48 0.4501469 0.4501469 0.48 0.48 1.4153321 1.3705864 1.3705864 1.3705864 1.3705864 1.3705864 1.3705864 0.8471675 0.8471675 0.8471675 0.8471675 0.8471675 0.8471675 0.8471675 1.0197105 0.49378872 0.49378872 0.49378872 0.49378872 0.49378872 0.49378872 0.9276793 0.9276793 0.9276793 0.9276793 0.4671861 0.4671861 0.4671861 0.4671861 0.9276793 0.49378824 0.49378824 0.49378824 0.493788 0.84716725 0.9206779 0.84716725 0.84716725 0.84716725 0.84716725 0.84716725 0.84716725 0.71379876 0.71379876 0.493788
1.4101827 1.4101827 1.3705814 1.3705814 1.3705814 1.3705814 1.3705814 1.4153271 0.45014644 0.48 0.45014644 0.48 0.45014644 0.48 0.48 1.3705812 1.3705812 1.3705809 1.3705809 1.3705809 1.3705807 0.84716034 0.84716034 0.84716034 0.8471601 0.49378204 0.49378204 0.49378204 0.49378204 0.49378204 0.49378204 0.49378204 0.49378204 0.49378204 0.49378204 0.49378204 0.92767286 1.3705804 1.3705804 0.46717966 0.46717966 0.46717966 0.46717966 0.92767286 0.49378133 0.49378133 0.49378133 0.49378133 0.49378133 0.84715986 1.0197036 1.0197036 1.0197036 1.0197036 0.71379113 0.71379113 0.71379113 0.7137909 0.84715986
