Export/ASCII/RMeteo_SP_inch/speranza1/RMeteo_2015_SP2_inch.asc
ncols         660
nrows         338
xllcorner     1476100.0
yllcorner     5017100.0
cellsize      100
NODATA_value  -9.9e-20
[rows 54 to 80 of 338, columns 236 to 294 of 660]
1.6391878 1.6391878 1.8680028 0.6103519 0.78581226 1.2401918 0.8847259 0.8847259 1.3198975 1.3198975 1.3198975 0.8847259 0.8847259 0.8847259 0.8847259 0.8847259 1.2028173 0.8847259 0.8847259 0.8847259 0.6269703 0.6103519 0.6103519 0.6269703 0.5783746 0.5783746 0.9874052 0.9874052 0.9874052 0.9874052 0.9874052 2.0337005 2.1264632 1.4546939 1.3731637 2.0337005 2.0337005 2.0337005 1.0669119 0.9874052 0.5783746 0.5783746 0.5783746 0.98740506 0.98740506 0.98740506 0.98740506 0.98740506 0.98740506 2.0337005 2.0337005 2.0337005 2.0337005 2.0337005 2.0337005 2.0337005 2.0337005 2.0337005 2.0337005
2.168106 1.6391823 1.6391823 1.1074239 0.8847228 1.5050796 1.3198937 1.3198937 1.3198937 0.8847228 1.0649298 0.9099213 0.9099213 0.8847228 1.6055143 1.3198937 0.8847228 1.6055143 1.3198937 1.3198937 0.8847228 0.78580916 0.78580916 0.6103493 0.8847228 0.5783739 0.9874027 0.9874027 0.9874027 0.9874027 0.9874027 0.9874027 2.0336943 2.0336943 1.3731586 2.0336943 2.0336943 2.0336943 0.9874027 0.9874027 0.9874027 0.5783739 0.5783739 0.9874027 1.2268281 2.0336943 2.0336943 2.0336943 2.0336943 1.3731585 1.3731585 2.033694 2.033694 1.5362101 1.5362101 2.033694 2.033694 1.2268281 2.033694
2.1681006 1.6391771 1.6391771 0.9099184 1.3198894 1.3198894 0.8847195 1.6055119 1.3198894 1.3198894 0.6103467 0.9061655 0.7858058 0.9099184 1.3912953 0.8847195 1.064927 0.9572967 0.6103467 1.064927 0.9099184 0.6103467 0.9061655 0.7858058 1.3198894 0.6103467 1.3731532 0.9874002 0.9874002 0.9874002 0.9874002 0.9874002 0.9874002 1.0669096 1.3731531 1.3731531 2.0336897 2.0336897 0.9874002 0.9874002 0.5783732 0.5783732 0.5783732 0.9874002 1.226824 1.226824 2.0336897 2.0336897 2.0336897 1.3731533 1.3731533 1.3731533 2.0336897 1.5362029 1.5362029 2.0336897 2.0336897 1.3731533 1.3731533
1.6391714 1.6391714 0.7352265 0.7858032 0.6103443 1.60551 1.3198866 1.391291 0.8847164 1.60551 0.7858032 0.7858032 0.6103443 0.7858032 0.90991604 0.90991604 0.6103443 0.9061626 0.7858032 0.7858032 0.6103443 0.7858032 0.7858032 0.6103443 0.9966608 1.3731481 1.3731481 1.3731481 0.9873973 0.9873973 0.9873973 0.9873973 0.9873973 1.373148 1.373148 1.373148 1.2268198 1.2268198 0.9873973 0.5783725 0.5783725 0.5783725 0.5783725 0.9873973 1.2268198 1.2268198 2.0336852 1.2268198 1.373148 1.373148 1.373148 1.373148 2.0336852 1.5361965 1.373148 1.373148 1.373148 1.373148 1.373148
1.6391658 1.6391658 0.93154204 1.5763043 0.78579986 1.3912848 0.8847128 1.3198823 1.3198823 1.3912848 0.74075234 0.90615904 0.78579986 0.78579986 0.6103414 0.90615904 0.78579986 0.78579986 0.6103414 0.90615904 0.78579986 0.6103414 0.90615904 0.78579986 0.78579986 0.6103414 1.3731428 1.3731428 0.6103414 0.98739517 0.98739517 0.98739517 2.0336788 1.4546732 1.4546732 1.4546732 1.2268155 1.2268155 0.98739517 0.5783713 0.5783713 0.5783713 0.5783713 0.98739517 2.0336788 2.0336788 2.0336788 1.2268155 1.3731428 0.6103414 1.3731428 1.3731428 2.0336788 1.3731428 0.6103414 1.3731428 1.3731428 1.3731428 1.3731428
0.6 0.6 0.66164744 1.3731375 0.785797 0.88470995 1.3198785 1.3198785 0.88470995 1.3198785 1.1643535 0.785797 0.61033905 0.90615594 0.785797 0.785797 0.61033905 0.90615594 0.785797 0.61033905 0.785797 1.576298 0.785797 0.61033905 0.90615594 0.785797 0.61033905 1.3731375 1.3731375 1.1107002 0.98739195 0.98739195 2.0336733 1.4546677 1.4546677 1.4546677 1.4546677 1.2268116 0.98739195 0.98739195 0.98739195 0.98739195 0.98739195 0.98739195 2.0336733 2.0336733 2.0336733 1.2268112 0.7407502 0.9634489 1.2268112 1.2268112 2.0336733 1.3731375 1.576298 0.61033905 1.3731375 1.3731375 1.3731375
1.2384174 0.6 0.6 1.3731323 0.7857934 0.88470685 1.6055038 1.3198751 1.3198751 0.88470685 0.5783701 0.62694836 0.6103362 0.6103362 0.6103362 0.6103362 0.6103362 0.6103362 0.6103362 0.7857934 0.7857934 0.6103362 0.6103362 0.6103362 0.6103362 0.6103362 0.6103362 1.3731323 1.3731323 0.98738956 0.98738956 0.98738956 2.0336685 2.0336685 2.0336685 2.0336685 1.4546624 2.0336685 0.98738956 0.98738956 0.98738956 0.98738956 0.98738956 0.5783701 0.98738956 2.0336685 2.0336685 1.2268071 1.5109434 1.5109434 1.2268071 1.2268071 1.2268071 1.2268071 1.3731321 1.576292 1.3731321 1.3731321 1.3731321
1.2384139 0.6 0.6 1.3731272 0.884704 1.3198718 1.3912686 0.884704 1.3198718 1.3198718 0.5783694 0.5783694 0.5783694 0.9061495 0.6103338 0.7857908 0.6103338 0.6103338 0.7857908 0.6103338 0.6103338 0.7857908 0.6103338 0.6103338 1.5762864 1.5762864 1.5762864 1.3731271 0.98738694 0.98738694 0.9873867 0.9873867 2.0336637 2.0336637 2.0336637 2.0336637 2.0336637 2.0336637 2.0336637 0.9873867 0.9873867 0.9873867 0.9873867 0.5783694 0.9873867 2.0336637 2.0336637 2.0336637 1.2268031 1.2268031 2.0336637 1.3731269 0.6103338 1.3731269 1.3731269 1.3731269 0.6103338 0.6103338 1.3731269
1.2384104 1.2385184 1.2384104 1.3731221 0.909901 0.61033094 0.8847004 0.8847004 1.319868 0.8847004 0.57836866 0.57836866 0.57836866 0.61033094 0.61033094 0.78578746 0.78578746 0.61033094 0.78578746 0.78578746 0.78578746 0.61033094 0.78578746 0.78578746 1.3731221 1.3731221 1.4546522 1.4546522 1.4546522 2.033658 2.033658 2.033658 2.033658 2.033658 2.033658 2.033658 2.033658 2.033658 2.033658 2.033658 0.9873843 0.9873843 0.57836866 0.57836866 1.3731221 1.3731221 1.3731221 1.3731221 1.3731221 1.3731221 1.3731221 1.3731221 0.61033094 1.576281 1.3731221 0.61033094 0.78578746 0.78578746 1.3731221
1.6391385 1.6391385 1.6391385 1.3731166 1.3731166 0.88469756 1.3198642 0.6758126 0.6758126 0.9098984 0.61032856 0.5783677 0.5783677 0.61032856 0.78578436 0.61032856 1.3731166 1.5762746 1.3731166 1.3731166 1.5762746 0.61032856 1.3731166 1.3731166 1.5762746 1.3731166 1.454647 1.454647 1.454647 1.454647 2.0336525 2.0336525 2.0336525 2.0336525 2.0336525 2.0336525 2.0336525 2.0336525 2.0336525 2.0336525 2.0336525 1.2267952 0.9873816 0.9873816 1.3731164 1.3731164 1.3731164 1.3731164 1.3731164 1.3731164 1.3731164 1.3731164 1.5762744 0.61032856 0.61032856 0.61032856 0.61032856 0.78578436 0.61032856
1.6391329 1.6391329 1.6391329 1.3731117 2.033647 2.4903646 1.3198603 1.0147918 0.67580783 0.6103257 0.906139 0.57836676 0.57836676 0.6103257 0.785781 0.785781 1.3731117 1.3731117 2.033647 1.3731117 1.3731117 1.3731117 1.5762691 1.3731117 0.9873792 0.9873792 0.57836676 2.033647 1.454642 1.454642 2.033647 1.454642 2.033647 2.033647 2.033647 2.033647 2.033647 1.3731116 1.3731116 1.3731116 1.2267911 2.033647 2.033647 0.9873792 2.033647 2.033647 2.0336468 1.3731115 1.3731115 1.3731115 1.3731115 1.3731115 1.3731115 0.785781 0.6103257 0.785781 0.785781 0.785781 0.6103257
1.6391274 1.6391274 1.6391274 1.3731066 2.033642 2.033642 1.5361433 1.3414215 1.0147864 0.6103233 1.1073848 0.88469136 0.88469136 0.6103233 1.5762633 0.6103233 1.3731066 1.3731066 1.3731066 1.3731066 1.3731066 1.3731066 1.3731066 1.3731066 0.98737633 0.98737633 0.98737633 1.4546368 1.4546368 2.033642 1.4546368 1.4546368 2.033642 2.033642 2.033642 1.3731066 1.3731066 1.3731066 1.3731066 1.3731066 1.3731066 1.3731066 2.033642 1.5361433 1.4546369 2.033642 2.033642 1.3731066 1.3731066 0.6103233 1.3731066 1.2267864 1.3731064 0.78577816 0.78577816 0.78577816 0.6103233 0.9061359 0.78577816
1.6391219 1.6391219 1.6391219 2.0336373 2.0336373 2.0336373 0.98737395 0.5783653 1.2401417 0.884688 1.5050324 1.086629 1.086629 0.61032045 0.61032045 0.78577507 1.3731011 1.2267826 1.3731011 1.3731011 1.3731011 1.3731011 1.3731011 1.3731011 0.98737395 2.0336373 2.0336373 1.4546316 1.4546316 0.884688 2.0336373 2.0336373 2.0336373 2.0336373 0.98737395 1.3731011 1.3731011 0.61032045 0.61032045 0.61032045 0.61032045 1.3731011 2.0336373 0.98737395 1.4546316 0.98737395 0.98737395 2.0336373 1.3731011 0.78577507 1.3731011 1.2267826 1.3731011 0.78577507 1.5762576 1.5762576 0.78577507 0.78577507 0.78577507
1.639116 1.639116 2.1680365 0.9873712 0.9873712 0.9873712 0.9873712 0.9873712 0.5783644 0.5783644 0.64560616 0.6757945 0.8668717 1.373096 0.7857717 0.61031806 1.373096 1.2267783 1.373096 1.373096 1.373096 1.373096 2.033632 2.033632 0.9873712 2.033632 1.373096 1.373096 2.033632 0.61031806 0.8846849 2.033632 2.033632 0.9873712 1.373096 1.373096 0.61031806 0.61031806 0.5783644 0.62692237 0.62692237 1.373096 1.4546263 0.9873712 0.9873712 0.9873712 0.9873712 0.98737085 1.373096 1.373096 1.373096 1.2267783 1.373096 1.373096 1.373096 1.373096 0.69666636 0.7857717 0.7857717
1.2383903 1.2383903 1.2383903 0.9873686 0.9873686 0.9873686 1.3730906 0.6103152 0.9873686 0.9873686 1.3730906 0.8668684 1.3730906 1.3730906 0.6103152 0.7857686 1.3730906 0.9873686 0.9873686 0.9873686 1.2267742 2.033626 2.033626 2.033626 2.033626 1.3730906 1.3730906 1.3730906 1.3730906 1.4546211 1.0090724 0.88468206 0.9873686 0.9873686 1.3730906 1.3730906 0.6103152 0.8273858 0.57836366 0.57836366 0.57836366 0.9873686 1.3730906 0.9873686 0.9873686 0.9873686 0.9873686 0.9873686 0.9873686 2.033626 2.033626 2.1263893 2.033626 2.033626 2.033626 1.3730906 0.9269124 0.7857686 0.7857686
0.6 1.2383871 1.2383871 0.9873662 2.0336213 1.3730855 1.3730855 0.78576577 0.9873662 1.3730855 1.3730855 0.6103128 1.5762397 0.6103128 0.78576577 0.78576577 1.3730855 0.9873662 0.5783632 1.3730855 1.2267702 1.2267702 1.4546157 2.0336213 2.0336213 1.3730854 1.3730854 1.3730854 1.3730854 0.64560115 0.9220172 0.69218993 0.64560115 1.3730854 1.3730854 1.3730854 0.78576577 0.92690957 0.5783632 0.9873661 0.9873661 0.9873661 1.3730854 1.4546156 0.9873661 0.9873661 0.9873661 0.9873661 0.9873661 0.9873661 0.6103128 2.0336213 2.0336213 2.0336213 2.0336213 1.3730854 1.5762396 0.78576577 0.78576577
1.2383839 0.6 1.2383839 2.033616 1.3730803 1.3730803 0.6103102 0.7857624 1.3730803 1.3730803 0.6103102 0.6103102 0.6103102 0.7857624 0.6103102 0.6904123 0.98736346 0.98736346 0.6103102 1.3730803 1.3730803 1.4546106 1.4546106 1.3730803 1.3730803 0.98736346 0.98736346 1.3730803 1.3730803 0.64559853 1.4814266 0.8846754 0.9220139 0.6103102 0.6103102 0.5783622 0.7857622 0.6103102 0.62691116 1.4546106 1.3730803 1.3730803 1.4546106 1.4546106 0.98736346 0.98736346 0.98736346 0.98736346 0.98736346 0.98736346 1.4509459 1.3730803 2.033616 2.033616 2.0336158 1.3730803 1.3730803 1.5762339 1.3730803
1.2383802 1.6416467 1.2383802 1.3730751 1.3730751 1.3730751 0.78575957 0.78575957 0.6103078 0.6103078 0.78575957 0.78575957 0.6103078 0.78575957 0.6269076 0.5783613 0.5783613 0.5783613 0.6103078 1.3730751 1.3730751 1.3730751 1.3730751 1.3730751 1.3730751 1.3730751 0.5783613 0.98736084 1.3730751 1.2027515 0.8846725 0.6921823 0.5783613 0.6269076 0.5783613 0.7857593 1.576228 1.3730751 0.98736084 1.4546053 1.3730751 1.3730751 1.3730749 1.4546052 0.98736084 0.98736084 0.98736084 0.98736084 0.98736084 1.2267616 0.98736084 0.98736084 0.98736084 2.0336108 2.0336108 1.3730749 1.3730749 0.98736084 1.3730749
1.6390892 1.6390892 1.6390892 1.3730694 0.6103054 1.3730694 0.7857567 0.7857567 0.6103054 0.9061128 0.7857567 0.7857567 0.7857567 0.7857567 0.57836056 0.57836056 0.57836056 0.6103054 1.5762218 1.3730694 1.3730694 1.3730694 1.3730694 1.3730694 1.3730694 1.3730694 0.9873581 0.9873581 0.9873581 1.3198317 1.3198317 0.57836056 0.9873581 0.9873581 0.57836056 0.6269045 0.9873581 2.0336049 1.3730694 1.3730694 2.0336049 1.3730694 1.3730694 2.0336049 0.9873581 0.9873581 0.9873581 0.9873581 0.9873581 0.9873581 0.9873581 0.9873581 0.9873581 2.0336049 1.4545999 1.4545999 1.4545999 1.4545999 1.3730694
0.7351693 0.7351693 1.6390835 1.3730644 1.3730644 0.6269007 0.57835984 0.78575337 0.61030257 0.61030257 0.78575337 0.78575337 0.61030257 0.61030257 0.61030257 0.61030257 0.61030257 0.78575337 1.3730644 1.3730644 1.3730644 1.3730644 1.3730644 1.3730644 1.3730644 2.0335999 2.0335999 2.0335999 2.0335999 1.2039739 0.6921756 0.57835984 0.9873555 0.9873555 0.9873555 0.9873555 1.3730642 1.3730642 1.3730642 1.3730642 1.3730642 2.0335999 2.0335999 2.0335999 2.0335999 2.0335999 2.0335999 0.9873555 0.9873555 2.0335996 1.4545945 1.4545945 1.3730642 1.3730642 1.3730642 1.3730642 1.4545945 1.3730642 1.3730642
0.93147624 0.66160405 0.6 1.3730593 1.3730593 0.6103002 0.5783591 0.5783591 0.5783591 0.7857505 1.5762104 0.7857505 0.6103002 0.7857505 0.6103002 0.7857505 0.6103002 1.7379106 1.3730593 1.3730593 1.3730593 1.3730593 0.9873531 1.4545897 1.4545897 2.0335948 2.0335948 2.0335948 0.9873531 0.9873531 0.5783591 0.5783591 0.88466346 1.4545897 2.0335948 2.0335948 1.3730593 1.3730593 1.3730593 1.3730593 1.3730593 2.0335948 2.0335948 2.0335948 2.0335948 2.0335948 2.0335948 0.9873531 0.9873531 2.0335948 1.4545897 1.4545897 1.3730593 0.61029994 0.61029994 1.3730593 0.9873531 1.0308901 0.9873531
0.73516214 1.6416216 1.2383671 0.64558566 0.6102973 0.78574693 0.5783582 0.5783582 0.6102973 0.78574693 1.3730541 1.5762043 1.3730541 0.5783582 0.78574693 1.3730541 1.5762043 1.3730541 1.4545844 2.03359 2.03359 1.3730541 1.3730541 0.6102973 1.3730541 1.3730541 2.03359 2.03359 0.98735034 0.98735034 0.5783582 0.6 0.64558566 0.64558566 2.03359 2.03359 2.03359 2.1263525 2.03359 1.3730541 2.03359 2.03359 2.03359 2.03359 2.03359 2.03359 2.03359 2.03359 2.03359 1.2267454 0.98735034 2.03359 0.6102973 0.7857467 0.7857467 0.98735034 0.98735034 0.98735034 0.98735034
0.9314686 1.6390669 1.6390669 0.61029494 0.7857443 1.5761983 0.57835746 0.57835746 0.57835746 0.6903906 0.9873477 0.9873477 0.9873477 0.9873477 1.1106055 0.9873477 0.9873477 2.0335844 2.0335844 2.3163505 2.0335844 1.3730484 1.3730484 0.7857443 0.61029494 1.3730484 2.0335844 2.0335844 0.9873477 0.9873477 0.57835746 0.59922385 0.8452929 0.61029494 1.6536729 1.3730484 1.3730484 2.0335844 2.0335844 2.0335844 2.0335844 2.0335844 2.0335844 2.0335844 2.0335844 2.0335844 2.0335844 2.0335844 2.0335844 1.3730484 1.3730484 0.61029494 0.7857443 0.7857443 0.7857443 0.57835746 0.9873477 1.3730484 1.4545789
0.9314643 0.7351552 0.7351552 1.3730439 1.3730439 0.9873452 0.9873452 0.57835674 0.57835674 0.57835674 0.9873452 0.9873452 0.9873452 1.439033 0.9873452 0.9873452 0.9873452 1.226737 2.033579 2.033579 2.033579 2.033579 1.3730439 1.576193 1.576193 1.3730439 2.033579 2.033579 0.9873452 1.4545742 0.57835674 0.57835674 1.1073378 0.78574073 0.6102921 0.6102921 1.3730439 0.9873452 0.9873452 2.033579 1.4545742 1.3730439 1.4545742 1.4545742 2.033579 2.033579 2.033579 0.9873452 0.6102921 1.3730439 1.3730439 1.576193 1.3730439 0.90609586 0.6268859 0.57835674 0.57835674 0.6102921 1.3730439
1.8678555 1.3798084 0.9314605 1.3730384 2.0335736 0.98734236 1.4545687 0.645578 0.5783558 0.98734236 0.98734236 1.2267327 1.2267327 1.4390271 0.98734236 0.98734236 0.98734236 1.2267327 2.0335736 2.0335736 2.0335736 1.3730384 1.3730384 1.3730384 1.3730384 2.0335736 2.0335736 0.98734236 1.4545687 1.8133361 2.0335736 0.8846506 2.0335736 2.0335736 1.3730384 1.576187 1.3730384 0.98734236 0.98734236 2.0335736 1.4545687 1.3730384 1.3730384 2.0335736 2.3163462 2.0335736 0.98734236 0.98734236 1.1105943 1.3730385 1.3730384 1.3730384 1.3730384 0.6102897 0.6102897 0.5783558 0.5783558 0.6102897 1.3730384
2.1679664 0.8158487 1.0417432 1.2267292 1.2267292 0.98734 1.4545636 1.1566339 0.98734 0.98734 0.98734 1.2267292 1.2267292 0.98734 0.98734 0.98734 0.98734 0.98734 2.0335681 2.0335681 2.0335681 1.3730333 1.3730333 0.61028683 1.3730333 1.4545636 2.0335681 1.2267292 1.3730333 1.3730333 1.3730333 1.743273 0.98734 0.98734 1.3730333 1.3730333 1.3730333 1.4545635 0.98734 1.3730332 2.0335681 1.4545635 2.0335681 2.0335681 2.0335681 2.0335681 1.3730332 0.98734 0.98734 1.3730332 1.3730332 2.0335681 1.3730332 1.5761808 0.61028683 0.97046363 0.61028683 1.5761807 1.373033
2.1679616 2.1679616 2.5284567 1.2267246 1.2267246 1.2267246 1.2267246 0.9873371 0.9873371 1.373028 1.2267246 1.2267246 1.2267246 0.9873371 0.57835436 0.57835436 0.9873371 0.9873371 0.9873371 1.373028 1.373028 1.373028 1.373028 0.61028445 1.5761752 1.4545583 1.4545583 1.373028 0.61028445 0.61028445 0.61028445 0.61028445 0.61028445 0.9873371 1.3730278 1.3730278 0.61028445 1.3730278 1.3730278 1.3730278 1.3730278 0.9873371 2.0335631 2.0335631 2.0335631 2.0335631 1.3730278 1.3730278 1.3730278 1.3730278 2.0335631 2.0335631 1.4537411 1.3730278 1.3730278 1.7768201 0.7857317 0.61028445 1.3730278
