Export/ASCII/RMeteo_SP_inch/speranza1/RMeteo_2014_SP1_inch.asc
ncols         660
nrows         338
xllcorner     1476100.0
yllcorner     5017100.0
cellsize      100
NODATA_value  -9.9e-20
[rows 297 to 323 of 338, columns 0 to 60 of 660]
10.6662245 11.267891 10.666225 11.267893 11.181467 10.485096 11.106014 10.485098 11.106016 11.19492 10.485098 11.106016 10.485098 11.106016 11.19492 11.19492 11.1949215 11.1949215 11.1949215 11.1949215 11.1949215 11.1949215 11.1949215 11.1949215 11.1949215 11.1949215 11.1949215 11.1949215 11.194923 11.194923 11.194923 11.194923 11.194925 11.194925 11.194925 11.194925 11.194925 11.194927 11.194927 11.194927 11.194927 11.194927 11.194927 11.194927 11.194927 11.194927 11.194927 11.194927 11.194927 11.194927 11.194927 11.194927 11.194927 11.194927 11.194927 10.4851055 11.106024 11.194929 11.194929 11.194929 11.194929
10.666166 11.267834 11.374155 11.374155 11.181405 11.228957 11.1948595 11.1948595 11.1948595 11.1948595 11.1948595 11.1948595 11.1948595 11.1948595 11.1948595 11.1948595 11.1948595 11.1948595 11.1948595 11.1948595 11.1948595 11.1948595 11.1948595 11.1948595 11.1948595 11.1948595 11.1948595 11.1948595 11.1948595 11.1948595 11.1948595 11.194861 11.194861 11.194863 11.194863 11.194863 11.194863 11.194863 11.194863 11.194865 11.194865 11.194865 11.194865 11.194865 11.194865 10.485044 10.485044 11.105962 11.194865 10.485044 11.105962 11.194865 10.485045 11.105964 10.485045 11.105964 11.194865 10.485045 11.105964 10.485045 11.105964
10.666109 11.26778 11.374096 11.374098 11.181345 11.228895 11.194799 11.194799 11.194799 11.194799 11.194799 11.194799 11.194799 11.194801 11.194801 11.194801 11.194801 11.194801 11.194801 11.194801 11.194801 11.194801 11.194801 11.194801 11.194801 11.194801 11.194801 11.194803 11.194803 11.194803 11.194803 11.194803 11.194805 11.194805 11.194805 11.194805 11.194805 11.194805 11.194805 11.194805 11.194805 11.194805 11.194805 11.194805 11.194805 11.194805 11.194805 11.194805 11.194805 11.194805 11.194805 11.194805 11.194805 11.194805 11.194805 11.194807 11.194807 11.194807 11.194807 11.194807 11.194807
10.666049 11.267724 11.374034 11.374034 11.181284 11.228834 10.4849205 11.105841 11.194738 10.484922 11.105843 11.194738 11.19474 10.484922 11.105843 11.19474 10.484922 11.105843 11.19474 11.19474 11.19474 11.19474 11.19474 11.194742 11.194742 11.194742 11.194742 10.484926 11.1058445 11.194742 11.194742 10.484926 11.105846 11.194742 11.194742 11.194744 10.484928 11.105848 11.194744 11.194744 11.194744 11.194744 11.194744 11.194744 11.194746 11.194746 11.194746 11.194746 11.194746 11.194746 11.194746 11.194746 11.194746 11.194746 11.194746 11.194748 11.194748 11.194748 11.194748 11.194748 11.194748
10.665995 11.26767 11.373976 11.373976 11.181223 11.228773 11.194679 11.194679 11.194679 11.194679 11.194679 11.194679 11.194679 11.194679 11.194679 11.194679 11.194679 11.194681 11.194683 11.194683 10.484865 10.484867 11.105787 11.194685 11.194685 11.194685 11.194685 11.194685 11.194685 11.194685 11.194685 11.194685 11.194685 11.194685 11.194685 11.194685 11.194685 11.194685 11.194685 11.194685 11.194685 11.194685 11.194685 11.194685 11.194685 11.194685 11.194685 11.194685 11.194685 11.194685 11.194685 11.194685 11.194685 11.194685 11.194685 11.194685 11.194685 11.194685 11.194685 11.194685 11.194685
10.665932 11.267611 11.373913 10.665934 11.09512 11.209577 11.194621 11.194621 11.194621 11.194621 11.194621 11.194621 11.194621 11.194621 11.194621 11.194621 11.194621 11.194621 11.194621 11.194623 11.194623 11.194623 11.194623 11.194623 11.194623 11.194623 11.194623 11.194623 11.194623 11.194623 11.194623 11.194623 11.194623 11.194623 11.194623 11.194623 11.194625 11.194625 11.194627 11.194627 11.194627 11.194627 11.194627 11.194627 11.194627 11.194627 11.194627 11.194627 11.194627 11.194627 11.194627 11.194627 11.194627 11.194627 11.194627 11.194627 11.194627 11.194627 11.194627 11.194629 11.194629
10.665871 10.665871 10.665873 11.267553 11.181101 11.228647 11.194557 10.484745 11.105669 11.194557 11.194557 11.194559 11.194559 11.194559 11.194559 11.194559 11.194559 11.194559 11.194559 11.194559 11.194559 11.194559 11.194561 11.194561 11.194561 11.194561 11.194561 11.194561 11.194561 11.194561 11.194561 11.194561 11.194561 11.194561 11.194561 11.194561 11.194563 11.194563 10.484751 11.105673 11.194563 11.194565 11.194565 11.194565 11.194565 11.194565 11.194565 11.194565 11.194565 11.194567 11.194567 11.194567 11.194569 11.194569 11.194569 11.194569 11.194569 11.194569 11.194569 11.194569 11.194569
10.665812 11.267496 11.373789 11.373789 11.181038 11.228582 11.194496 11.194496 11.194496 11.194496 11.194496 11.194496 11.194496 11.194496 11.194498 11.194498 11.194498 11.194498 11.194498 11.194498 11.194498 11.194498 11.194498 11.194498 11.194498 11.194498 11.194498 11.194498 11.1945 11.1945 11.1945 11.1945 11.1945 10.48469 10.484692 11.105616 10.484692 11.105616 10.484692 11.105616 11.194504 10.484694 11.105616 10.484694 11.105616 10.484694 11.105618 11.194504 10.484694 11.105618 10.484694 10.484694 10.484695 11.105619 11.194508 10.484695 11.105621 11.1945095 10.484697 11.105621 10.484697
10.665755 11.267442 11.373729 11.373729 11.180982 11.228526 11.194441 11.194441 11.194441 11.194441 11.194441 11.194441 11.194443 11.194443 11.194443 11.194443 11.194443 11.194443 11.194443 11.194443 11.194443 11.194443 11.194443 11.194443 11.194443 11.194443 11.194443 11.194443 11.194443 11.194443 11.194443 11.194443 11.194443 11.194443 11.194443 11.194443 11.194443 11.194443 11.194443 11.194443 11.194443 11.194443 11.194443 11.194443 11.194443 11.194443 11.194443 11.194443 11.194445 11.194445 11.194445 11.194445 11.194445 11.194445 11.194445 11.194445 11.194445 11.194445 11.194445 11.194445 11.194445
10.665697 11.2673855 11.373669 11.373669 11.180919 11.228459 11.194375 11.194377 11.194377 11.194377 11.194377 11.194377 11.194377 11.194377 11.194377 11.194377 11.194377 11.194377 11.194379 11.194379 11.194379 11.194379 11.194379 11.194379 11.194379 11.194379 11.194379 11.194379 11.194379 11.194381 11.194381 11.194381 11.194381 11.194381 11.194383 11.194383 11.194383 11.194383 11.194383 11.194383 11.194383 11.194383 11.194383 11.194383 11.194383 11.194383 11.194383 11.194383 11.194383 11.194383 11.194383 11.194383 11.194383 11.194383 11.194383 11.194385 11.194385 11.194385 11.194385 11.194385 11.194385
10.66564 11.26733 11.37361 11.37361 11.180855 11.228395 11.194317 11.194317 11.194317 11.194317 11.194319 11.194319 11.194319 11.194319 11.194319 11.194319 11.194319 11.194319 11.194321 11.194321 11.194321 11.194321 11.194321 11.194321 11.194321 11.194323 10.484518 11.105444 10.484518 11.105444 10.484518 11.105444 10.484518 11.105444 10.484518 10.484518 11.105444 11.1943245 10.48452 11.105446 11.1943245 11.1943245 10.48452 10.48452 11.105446 11.1943245 10.48452 11.105446 11.1943245 11.1943245 11.1943245 11.1943245 10.48452 11.105446 11.1943245 10.48452 11.105446 11.1943245 11.1943245 10.48452 11.105446
10.665579 11.267271 11.373545 11.373547 11.180794 11.228334 11.194254 11.194256 11.194256 11.194256 11.194256 11.194256 11.194256 11.194256 11.194256 11.194256 11.194256 11.194256 11.194256 10.484453 11.105381 11.194258 10.484455 10.484455 10.484455 11.105383 11.19426 11.19426 11.19426 11.194262 11.194262 10.484457 11.105385 11.194262 11.194262 11.194262 11.194262 11.194263 11.194263 11.194263 10.484459 11.105387 11.194263 11.194263 11.194263 11.194265 11.194265 11.194265 11.194267 11.194267 11.194267 11.194267 11.194267 11.194267 11.194267 11.194267 11.194267 11.194267 11.194267 11.194267 11.194267
10.665522 11.267216 11.373486 11.373486 11.180733 11.2282715 11.194193 11.194193 11.194195 11.194196 11.194196 11.194196 11.194196 11.194196 11.194198 11.194198 11.194198 11.194198 11.194198 11.194198 11.194198 11.194198 11.194198 11.194198 11.1942 11.1942 11.194201 11.194201 11.194201 11.194201 11.194201 11.194201 11.194201 11.194201 11.194201 11.194201 11.194201 10.484401 11.105329 11.194201 11.194201 11.194201 11.194203 11.194203 11.194203 11.194203 11.194203 11.194203 11.194203 11.194203 11.194205 11.194205 11.194205 11.194205 11.194205 11.194205 11.194205 11.194205 11.194205 11.194205 11.194207
10.665463 11.267159 10.665463 11.267159 11.1806755 10.484335 11.105265 10.484337 10.484337 11.105265 11.194136 11.194136 10.484337 11.105267 11.194138 10.484339 11.1052685 10.484339 11.1052685 11.1941395 11.1941395 11.194141 11.194141 11.194141 11.194141 11.194141 11.194141 11.194141 11.194141 11.194141 11.194141 11.194141 11.194141 11.194141 11.194141 11.194141 11.194141 11.194141 10.484343 11.10527 11.194141 11.194141 11.194141 11.194141 11.194141 11.194143 11.194143 11.194145 11.194145 11.194145 11.194145 11.194145 11.194145 11.194145 11.194145 11.194145 11.194145 11.194145 11.194145 11.194145 11.194145
10.665404 11.267104 11.373364 11.373364 11.1806135 11.228148 11.194074 11.194074 11.194074 11.194074 11.194074 11.194074 11.194076 11.194076 11.194076 11.194077 11.194077 11.194077 11.194077 11.194078 11.194078 11.194078 11.194078 11.194078 11.194078 11.194078 11.19408 11.19408 11.19408 11.19408 11.19408 11.19408 11.19408 11.19408 11.19408 11.194082 11.194082 11.194084 11.194084 11.194084 11.194084 11.194084 11.194084 11.194084 11.194084 11.194084 11.194084 10.484285 11.105215 11.194084 11.194084 10.484285 11.105215 10.484287 11.105217 11.194086 10.484287 11.105217 10.484289 11.105217 10.484289
10.665344 11.26705 11.373306 11.373306 11.180553 11.228088 11.1940155 11.1940155 11.1940155 11.1940155 11.1940155 11.1940155 11.1940155 11.1940155 11.1940155 11.194019 11.194019 11.194019 11.194019 11.194019 11.194019 11.194019 11.194019 11.194019 11.194021 11.194021 11.194021 11.194021 11.194021 11.194023 11.194023 11.194023 11.194023 11.194023 11.194023 11.194023 11.194023 11.194023 11.194023 11.194023 11.194023 11.194025 11.194025 11.194025 11.194025 11.194025 11.194027 11.194027 11.194027 11.194027 11.194027 11.194027 11.194027 11.194027 11.194027 11.194027 11.194029 11.194029 11.194029 11.194029 11.194031
10.665287 11.266991 11.373243 11.373243 11.180492 11.228024 11.193954 10.484161 11.105091 11.193954 11.193954 11.193954 11.193954 11.193954 11.193956 11.193959 11.193959 11.193959 11.193959 11.193959 11.193959 11.193959 11.193959 11.193959 11.193959 11.193961 11.193961 11.193961 11.193961 11.193961 11.193961 11.193961 11.193961 11.193961 11.193961 11.193961 11.193961 11.193961 11.193961 11.193961 11.193961 11.193961 11.193961 11.193961 11.193961 11.193961 11.193961 11.193963 11.193963 11.193963 11.193963 11.193963 11.193963 11.193963 11.193963 11.193963 11.193963 11.193963 11.193963 11.193963 11.193965
10.665226 11.266933 11.37318 11.37318 11.180432 11.227963 11.193896 11.193896 11.193896 11.193896 11.193896 11.193896 11.193896 11.193896 11.193896 11.193896 11.193896 11.193896 11.193896 11.193896 11.193898 11.193898 11.193898 11.193898 11.193898 11.193898 11.193898 11.193898 11.193898 11.193898 11.193898 10.484107 11.105041 11.1939 11.1939 11.1939 11.1939 11.1939 11.193902 11.193902 11.193902 11.193902 11.193902 11.193902 11.193902 11.193902 11.193902 11.193902 11.193902 11.193902 11.193902 11.193902 11.193902 11.193902 11.193902 11.193902 11.193904 11.193904 11.193904 11.193904 11.193904
10.665168 11.266879 11.373122 11.373122 11.180369 11.2279005 11.193835 11.193835 11.193835 11.193835 11.193835 11.193835 11.193835 11.193835 11.193835 11.193835 11.193835 11.193835 11.193835 11.193835 11.193835 11.193836 11.193836 11.193836 11.193838 11.193838 11.193838 11.193838 11.193838 11.193838 11.193838 11.193838 11.193838 11.193838 11.193838 11.193838 11.193838 11.193838 11.193838 11.193838 11.193838 11.193838 11.193838 11.193838 11.193838 11.193838 11.193838 11.193838 11.193838 11.193838 11.193838 11.193838 11.193838 11.193838 11.193838 11.193838 11.19384 11.19384 11.19384 11.19384 11.193842
10.665111 10.665111 11.266822 10.665111 11.0943165 10.483986 11.104919 11.193775 11.193775 11.193775 11.193775 11.193777 11.193777 11.193777 11.193777 11.193777 11.193777 11.193777 11.193777 11.193777 11.193777 11.193777 11.193779 11.193779 11.193779 10.48399 11.104923 11.193779 11.193779 11.193779 11.193779 11.193779 11.193779 11.193779 11.193779 11.193781 11.193781 11.193781 11.193781 11.193783 11.193783 11.193783 11.193783 11.193783 11.193783 11.193783 11.193783 11.193783 11.193783 11.193783 11.193783 11.193783 11.193783 11.193785 11.193785 11.193785 11.193785 10.483995 11.104929 11.193785 11.193785
10.66505 11.266765 11.373 11.373 11.180248 11.227776 11.193714 11.193714 11.193714 11.193714 11.193714 11.193714 11.193714 11.193714 11.193714 11.193714 11.193714 11.193714 11.193714 11.193714 11.193716 11.193716 11.19372 11.193721 11.193721 11.193721 11.193721 11.193721 11.193721 11.193721 11.193721 11.193721 11.193721 11.193721 11.193721 11.193721 11.193721 11.193721 11.193721 11.193721 11.193721 11.193721 11.193721 11.193723 11.193723 11.193723 11.193723 11.193723 11.193723 11.193723 11.193723 11.193723 11.193723 11.193723 11.193723 11.193723 10.483935 10.483935 11.104871 11.193725 11.193725
10.664993 10.664993 10.664993 10.664995 10.48387 10.48387 10.48387 10.48387 10.48387 10.48387 10.48387 10.48387 10.48387 10.48387 10.48387 10.48387 10.48387 10.48387 10.48387 10.48387 10.483871 10.483871 10.483871 10.483871 10.483871 10.483871 10.483871 10.483871 10.483871 10.483871 10.483871 10.483873 10.483873 10.483873 10.483873 10.483873 10.483873 10.483873 10.483873 11.104809 11.193659 11.193659 11.193661 11.193661 11.193661 11.193661 11.193661 11.193661 11.193661 11.193661 11.193661 11.193663 11.193663 11.193663 11.193663 11.193663 11.193663 11.193663 11.193663 11.193663 11.193663
10.664936 10.664936 11.266655 11.372879 11.180125 10.483808 11.104743 11.193591 10.483808 11.104743 11.193591 11.193593 11.193593 11.193593 11.193593 11.193593 11.193593 11.193593 11.193593 10.483809 11.104745 11.193593 11.193593 10.483809 11.104747 11.193595 11.193595 11.193597 11.193598 11.193598 11.193598 11.1936 11.1936 11.1936 11.1936 10.483816 11.104752 11.1936 11.1936 11.1936 11.193602 11.193602 11.193602 11.193602 11.193602 11.193602 11.193602 11.193602 11.193602 11.193602 11.193602 11.193602 11.193602 11.1936035 11.1936035 11.1936035 11.1936035 11.1936035 11.1936035 11.1936035 11.1936035
10.664875 11.266596 11.372818 11.372818 11.180067 11.227591 11.193533 11.193533 11.193535 11.193535 11.193535 11.193535 11.193537 11.193537 10.483755 11.104691 11.193537 11.193539 11.193539 11.193539 11.193539 11.193539 11.193539 11.193539 11.193539 11.193539 11.193539 11.193539 11.193539 11.193539 11.193539 11.193539 11.193539 11.193541 11.193541 11.193541 11.193541 11.193541 11.193541 11.193541 11.193541 11.193541 11.193541 11.193541 11.193541 11.193541 11.193541 11.193544 11.193544 11.193544 11.193544 11.193544 11.193544 11.193544 11.193544 11.193544 11.193544 11.193544 11.193544 11.193544 11.193544
10.664815 11.266538 11.372754 11.372754 11.180008 11.227531 11.193476 11.193476 11.193476 11.193476 11.193476 11.193476 11.193476 11.193476 11.193476 11.193476 11.193476 11.193476 11.19348 11.19348 11.19348 11.19348 11.19348 11.19348 11.19348 11.19348 11.19348 11.19348 11.19348 11.19348 11.19348 11.19348 11.19348 11.19348 11.19348 11.19348 11.193481 11.193481 11.193481 11.193481 11.193481 11.193481 11.193481 11.193481 11.193481 11.193483 11.193483 11.193483 11.193483 11.193483 11.193483 11.193483 11.193483 11.193483 11.193483 11.193483 11.193483 11.193483 11.193483 11.193483 11.193485
10.664758 11.266482 11.372695 11.372695 11.179944 11.227466 11.193412 11.193412 11.193412 11.193412 11.193412 11.193412 11.193412 11.193412 11.193414 11.193414 11.193414 11.193414 11.193414 11.193414 11.193414 11.193414 10.483638 11.104575 11.193418 11.193418 11.193418 10.483638 11.104577 11.193418 11.193418 11.193419 11.193419 11.193419 11.193419 11.193419 11.193419 11.193419 11.193419 11.193419 11.193419 11.193419 11.193419 11.193419 11.193419 11.193419 11.193419 11.193421 11.193421 11.193421 10.483644 11.104581 11.193421 11.193421 11.193421 11.193421 11.193421 11.193421 11.193421 11.193421 11.193421
10.6647 11.266428 11.372635 11.372635 11.179884 11.227404 11.193352 11.193352 11.193352 11.193352 11.193352 11.193352 11.193354 11.193354 11.193354 11.193354 11.193354 11.193354 10.483578 10.483578 11.104517 11.193356 11.1933565 10.483581 11.104518 10.483581 11.104518 10.483581 11.10452 11.1933565 10.483581 10.483581 10.483581 11.104522 10.4835825 10.4835825 11.104522 11.193361 10.483583 10.483583 11.104525 10.483585 10.483585 11.104525 10.483585 11.104525 11.193363 10.483585 11.104525 11.193363 10.483585 11.104525 10.483585 10.483585 11.104525 10.483585 11.1045265 10.483585 10.483587 11.1045265 10.483587
