Export/ASCII/RMeteo_SP_inch/speranza1/RMeteo_2016_SP1_inch.asc
ncols         660
nrows         338
xllcorner     1476100.0
yllcorner     5017100.0
cellsize      100
NODATA_value  -9.9e-20
[rows 0 to 26 of 338, columns 305 to 365 of 660]
4.9112005 1.9027677 1.9027677 1.517729 2.5311868 2.5311866 2.5311866 2.5311866 2.5311866 2.5311863 1.517729 2.0273364 1.9422176 1.9422176 1.9422176 1.9422176 1.9422176 2.038337 2.038337 1.9422176 1.9422176 1.4682162 1.4682162 2.6191514 1.4682162 1.4682162 2.353365 2.353365 1.468216 2.6191509 2.6191509 3.7474213 3.7474213 6.1474733 6.1474733 3.7474213 3.7474213 3.7474213 3.7474213 2.6191506 2.6191506 3.4936385 3.4936385 3.4936385 3.4936385 2.6191506 2.6191504 2.6191504 2.6191502 2.6191502 2.6191497 2.6191497 4.3356066 3.4936378 3.4936378 2.619149 3.4936378 3.4936376 3.6261277 3.4936376 3.4936376
4.911165 2.1584477 2.1584477 1.5333607 2.5311382 2.5311382 2.5311382 2.5311382 2.5311382 1.5176923 1.5333598 2.4708667 2.1832817 2.038301 2.4758415 2.1832817 1.9421818 2.6656902 2.6533916 1.9421813 2.3592894 1.9421813 1.4681838 1.5515873 1.4681838 2.0298443 2.949114 1.9421809 2.8584507 2.7161036 2.6191032 2.6191027 3.747385 5.786767 3.747385 3.747385 3.747385 3.747385 2.6191025 2.6191025 2.6191025 3.6260903 3.6260903 4.956991 3.4936 3.6260903 3.4935997 3.4935997 2.619101 2.619101 2.619101 2.619101 3.4935992 3.493599 3.493599 3.9038458 2.6191008 3.4935982 3.4935982 4.956991 5.1142693
1.8601434 2.2176483 2.2314372 1.5333087 2.5310888 2.5310888 2.5310888 2.5310888 2.5310888 1.533308 1.533308 2.248967 2.2595491 2.5225005 1.9853745 2.9276764 2.1854115 1.9194088 3.0200267 2.1832325 1.9421451 2.5003033 2.0298 1.9853745 2.0298 3.0509553 1.9853745 3.0282876 2.1832323 2.3486989 1.9421449 3.7473483 3.7473483 3.7473483 3.7473483 3.7473483 3.7473483 3.7473483 2.619055 2.6190546 2.6190546 3.4935613 3.7388947 4.956951 4.956951 4.956951 3.7388947 2.720418 2.6190538 2.6190538 2.6190538 2.6190538 2.720418 2.7204175 3.4935608 4.1901555 2.6190531 3.626042 3.626042 4.95695 5.259983
3.0829644 1.8601077 2.2853513 1.5332563 2.5310388 2.5310388 2.5310388 1.5176198 1.5176198 1.5332558 1.9622681 2.4081225 2.259502 2.2691169 1.4681191 3.0765538 2.727114 1.9193826 2.4185307 2.2595017 1.9421089 2.9172816 3.0362358 1.9853473 3.0961883 2.038228 3.1707573 2.965915 5.68792 5.5363193 4.9569125 5.4507422 5.7866864 3.7473116 3.7473116 3.7473116 3.7473116 3.7473116 4.0932446 4.0932446 4.0932446 2.7203643 3.6259973 4.956911 4.956911 4.956911 6.3777237 2.619006 2.619006 2.619006 2.619006 2.6190054 2.6190054 2.6190054 5.114171 5.278123 3.4935224 5.114171 3.8634849 4.95691 4.95691
3.1152842 1.9026394 1.5175834 1.5332048 2.5309894 2.5309894 3.521448 1.9026387 1.8878648 1.9622333 1.9622333 2.7381713 1.9853206 1.4680874 1.5514548 1.9853206 3.0362082 2.5381892 1.9193563 2.2674112 2.183136 1.9420724 3.2342932 3.0083528 2.0381913 2.0381913 1.9853206 3.432696 1.468087 4.956871 4.956871 4.956871 4.956871 3.7472749 3.7472749 3.7472749 3.7472744 3.7472744 3.7472744 4.1406097 2.6189592 2.9331887 2.7203104 4.95687 4.95687 4.95687 3.747274 4.956869 2.6189585 2.6189582 2.6189582 2.618958 2.618958 2.6189578 3.7472737 3.7472737 5.1141205 3.7472737 3.747273 3.747273 5.786644
1.860038 2.1582432 1.5331528 1.5331528 2.530939 1.5175467 1.914804 2.158243 2.7877927 2.913174 2.835081 1.5175464 3.1496236 2.0296674 1.5514107 1.468055 3.2768033 2.9239352 1.9852953 2.85457 2.2594073 1.9420362 2.855316 2.685257 1.9852953 2.720373 3.1161199 1.9852948 2.6717694 5.133069 3.493447 3.493447 3.493447 3.493447 4.95683 3.747238 3.747238 3.747238 3.747238 3.747238 2.6189108 2.6189108 3.4934466 4.95683 3.747238 3.747238 3.7472374 3.4934454 2.6189098 2.6189098 2.6189098 2.6189098 3.4934454 2.618909 3.7472365 3.7472365 3.7472365 3.7472365 5.786604 5.786604 5.786604
6.2638116 2.2174404 1.5331011 1.5331011 1.5175102 1.5331011 1.8235822 1.5175102 2.4555101 2.4251077 1.8878 1.5175102 1.4680231 2.5065703 2.1689003 1.5513663 1.4680228 3.4304307 2.896756 1.9419999 2.5132089 1.9419997 1.9419997 4.4175053 1.9419997 2.7919717 1.9852705 3.1288223 6.434357 5.1185284 3.493409 3.4934087 3.6258585 3.6258585 5.114023 4.95679 4.95679 4.95679 5.8802595 4.95679 3.747202 3.747202 5.1140223 3.747201 3.747201 3.747201 4.956789 3.625857 3.4934077 3.4934077 2.6188626 2.6188624 4.0582657 5.44278 3.7472 3.7472 3.7472 5.44278 5.442779 5.786564 3.7471995
8.31249 1.8599703 1.8877671 1.8877671 1.8877671 1.8877671 1.8877671 1.8877671 1.5330496 1.5335708 2.1829557 1.5330496 1.5513213 1.4679894 2.0981922 1.5513213 1.9106736 3.5189865 3.49347 1.9419632 2.455084 2.1829906 1.9419632 2.2298775 1.9419632 2.4423692 1.4679894 2.1322207 4.276446 2.6188157 2.6188157 3.6258118 3.6258118 3.7386365 3.4933696 4.956749 5.786524 5.8802204 5.8802204 5.8802204 5.786524 4.956749 4.956749 3.747164 3.747164 4.956748 4.956748 5.1139717 5.1139717 5.998081 3.7471638 4.956748 5.2630706 4.956748 4.956748 4.956748 4.9567475 4.9567475 5.786523 3.747163 3.7471626
5.7731004 1.8877361 2.8307006 2.787694 1.8877361 2.787694 1.8877361 2.2097626 1.5329974 1.5329974 1.517437 1.5329969 1.5512781 1.5512781 1.9852171 2.0295353 2.8342783 2.353043 4.084605 2.1829417 1.941926 2.505931 2.1829412 1.941926 2.2685926 1.941926 4.1949763 3.8627176 2.6187687 2.6187682 2.6187682 3.4933324 3.6257653 3.4933321 5.113923 5.113923 4.956708 5.7864847 5.8801794 5.7864847 5.7864847 4.9567075 3.4933317 3.4933317 2.618767 3.4933317 3.4933317 3.4933314 4.9567075 4.9567075 5.786484 4.9567075 4.9567075 4.9567075 4.9567075 3.49333 4.9567075 4.9567075 5.8801775 5.8801775 3.747126
5.773061 2.7876592 3.2126632 3.2126632 2.7876592 3.2126632 2.7876592 1.5329463 1.5174015 1.8877027 1.8877027 1.8877027 1.5512338 2.0294914 1.9851918 3.1421897 3.1728175 3.3499622 2.353001 3.777639 2.1828933 1.9418902 2.5058892 3.8941157 1.9418902 2.2592187 4.090325 3.7470918 2.6187203 2.6187198 2.6187198 3.4932938 3.4932938 3.4932938 3.625719 3.4932938 3.4932938 4.9566674 4.9566674 5.786444 4.9566674 4.9566674 4.9566674 5.113873 3.7470906 4.9566674 3.6257184 3.493293 4.9566674 4.9566665 5.786443 4.9566665 3.4932926 4.9566665 4.9566665 3.6257172 3.493292 4.9566665 5.8801374 4.0930223 7.778332
1.9620211 1.8876712 3.3150177 1.8876712 3.2126307 1.8876712 3.2126307 1.5173645 1.8876708 2.8322294 2.9184835 1.9620211 2.029447 1.9851656 2.9656942 1.9851651 3.4271648 1.9851651 2.35296 3.4746392 2.3914587 2.037973 2.4486773 3.6256733 3.4932559 2.1828449 6.9315186 4.9566274 3.4932559 3.4932556 3.4932556 3.4932556 3.4932554 3.7384813 3.4932551 3.6256723 3.4932551 3.6256719 3.4932547 4.9566264 3.747054 4.9566264 4.9566264 4.9566264 3.747054 3.747054 3.493254 3.625671 3.4932537 4.9566264 4.9566264 4.9566264 3.62567 3.493253 2.6186697 2.719983 3.493253 4.9566264 4.9566255 5.51798 4.9566255
2.026982 1.8876402 3.434597 1.8876402 3.3165276 2.7875943 3.2670856 1.8876398 2.8305662 1.9619853 3.298257 2.8348417 2.9563112 1.9105663 3.1798337 1.9105659 1.9105659 3.3890874 3.349885 2.352921 3.7524924 3.0154414 1.941818 4.007617 3.4932175 2.3060029 3.7470183 3.7470183 3.6256266 3.4932175 3.6256266 3.6256266 3.8342307 3.493217 3.625626 3.7384224 3.625626 3.6256256 3.6256256 3.4932165 3.4932165 3.4932165 4.9565864 4.9565864 3.7470171 3.7470171 2.7199306 3.6256247 3.6256247 3.4932158 3.4932158 3.4932158 3.6256244 3.6256244 2.6186225 2.6186225 2.7199287 2.6186218 4.9565854 4.9565854 3.4932144
2.0269496 2.8569045 3.4345522 2.787559 3.5504336 3.212566 1.8876069 3.4840028 3.212566 2.7644224 3.111574 3.113733 2.692975 2.834051 1.9105387 3.3950047 1.9105387 3.715476 3.5606513 2.352881 3.9328249 3.3758116 1.941781 2.2296245 1.9995487 1.4678283 1.7883716 2.618577 3.493179 3.62558 3.7383778 3.493179 3.4931784 3.7383769 3.4931784 3.493178 3.7383766 3.6255786 3.6255786 3.6255786 3.6255782 3.4931772 5.1137257 4.956546 3.7469814 3.746981 2.6185746 3.6255777 3.6255777 2.719875 2.7198749 3.6255774 3.6255774 3.6255774 2.6185744 2.6185744 2.6185744 2.6185744 3.4931767 3.4931767 3.4931767
2.5087852 3.2906837 1.9878936 3.1234555 3.614476 1.83097 1.83097 3.4406333 1.83097 3.060533 1.9368556 1.9368556 2.5679839 1.7017691 1.7017682 3.5942192 1.7017682 1.7017682 4.2792873 3.398836 2.3917904 3.637208 2.658653 1.9386845 2.2453713 1.938684 1.5375488 2.7674863 2.6705816 3.7106051 3.4651272 3.5976806 3.7106051 3.4651272 3.5976806 5.0229473 5.1802998 5.0229473 3.4651263 3.5976796 3.5976796 3.5976796 5.0229473 5.0229473 3.8070025 3.8070025 2.6705801 2.7719636 2.7719636 2.6705801 2.67058 2.7719631 2.7719631 3.5976784 2.67058 2.67058 3.4651248 2.6705794 2.7719626 2.7719624 5.180299
1.936825 1.936825 2.9106572 1.830888 1.830888 1.830888 2.517041 1.830888 1.830888 1.9368248 2.1977866 1.9368248 2.0681484 2.68207 2.6820698 1.701741 3.8524835 2.6344552 2.3917508 4.4532166 3.3403666 2.3917508 3.8796444 2.1983912 3.4650862 1.755897 1.7434831 2.6705308 2.6705308 2.8030457 3.4650862 3.7936935 3.4650857 3.6480596 3.793693 5.022911 5.9104204 5.9104204 2.8030455 3.6480596 3.4650857 3.793693 3.4650857 3.4650857 3.8069658 2.6705298 2.6705298 2.6705298 2.6705298 2.6705298 2.6705294 2.6705294 2.670529 3.6480587 3.465084 3.465084 2.8030431 3.8069646 3.8069646 3.8069646 5.022909
2.197747 2.152621 2.9661682 2.516958 1.830807 2.6591985 3.0821838 2.7173038 2.516957 1.7051554 1.7772477 2.1526196 2.0681098 2.6933017 3.3436573 2.3263724 2.391707 4.219223 1.7017143 4.253251 3.1877575 2.0137992 3.6390572 2.2644465 1.9385972 2.1060128 1.9385972 2.7838619 2.6704807 2.6704807 3.6480122 3.4650455 3.6480122 3.7936413 3.4650455 5.2471247 5.022874 5.022874 5.9103794 4.1896133 3.648011 3.648011 3.4650443 3.465044 2.6704798 2.6704795 2.6704795 2.6704795 2.6704793 2.6704793 2.6704788 2.6704788 2.6704788 2.8029883 2.670478 2.8029876 2.670478 3.8069272 3.8069272 5.022871 5.022871
2.2805421 1.9367633 2.7867517 2.8290145 1.8307226 1.8307226 2.043358 2.9299657 2.1856568 1.5684144 1.4473133 2.5653043 3.0039067 2.0680707 2.8875008 1.7016866 2.391666 3.3402793 2.6343045 2.013773 3.267777 2.0137725 1.9385538 2.549915 1.9385538 4.249503 3.4650037 3.4650037 3.4650037 3.4650037 3.6479628 3.4650037 3.4650037 3.4650035 3.6479626 3.4650035 5.0228353 5.0228353 5.0228353 5.7377977 4.0541058 5.247077 5.022835 5.247077 2.6704292 2.6704292 2.6704292 2.6704292 2.670429 2.670429 2.6704288 2.6704288 3.4650025 2.6704285 2.6704283 2.6704283 2.6704283 3.80689 6.181943 7.102939 5.022835
2.2805011 2.6394658 2.9956965 2.8187099 2.5167906 2.5167906 2.4500382 2.6095617 2.0433173 1.6402161 2.4665537 2.7621827 3.3739724 3.0038576 2.391625 3.4333563 3.3402379 1.9385104 3.3203204 2.9330604 2.0137458 3.7583742 2.0680308 2.5235834 2.1982358 1.9385097 2.0382686 3.793535 3.4649627 3.793535 3.4649625 3.7935345 3.4649625 3.7935345 3.4649625 3.7935345 3.4649625 5.0227985 5.0227985 5.0227985 5.620179 5.0227976 5.0227976 5.0227976 5.0227976 3.4649618 2.6703787 2.6703787 2.6703784 2.6703784 2.6703784 2.6703784 2.6703782 3.4649615 5.0227966 5.0227966 2.6703777 5.0227966 5.0227966 6.1819057 5.0227966
3.1417613 1.9877629 1.8305609 3.1972272 2.828852 2.828852 2.565147 2.0462017 2.6815968 2.1425612 2.3551836 3.412299 2.01372 2.391583 3.340194 2.391583 3.6778667 1.9384668 1.9384663 3.2597132 2.391582 3.9367669 2.3915815 1.9384661 2.9096925 1.9384658 2.2430274 3.464922 3.6478665 5.0227613 5.0227613 5.0227613 3.6478665 3.647866 3.4649217 3.7934818 3.647866 3.4649217 3.4649217 3.4649217 5.0227613 5.0227604 5.0227604 5.0227604 5.0227604 3.4649212 2.802821 2.670328 2.6703277 2.6703277 2.6703277 2.6703277 2.6703274 2.8028202 3.8068154 5.02276 3.4649203 3.46492 5.0227594 6.1818676 5.4969325
3.7523987 1.8304794 2.5166218 1.8304794 1.8304794 1.8304794 2.8241239 1.5682878 2.019613 2.0432374 2.3551412 3.4937828 2.0136938 3.3030207 3.662706 2.391541 3.8331685 2.198134 1.9384227 3.2922575 2.9701283 2.0136929 2.9701278 2.0136929 2.3303735 1.9384224 2.4103901 3.4648812 3.6478176 5.022724 5.022724 5.022724 5.246941 3.464881 3.7934296 3.464881 3.7934296 3.6478171 3.6478167 5.2469406 5.022724 5.022723 3.4648795 3.4648795 3.4648795 3.6478157 2.6702774 2.6702774 2.6702766 2.6702766 2.6702766 2.6702766 2.6702766 2.6702762 3.8067784 5.022723 3.6478143 3.6478143 5.0227222 5.0227222 5.3308806
3.9178874 1.8303964 1.8303964 2.5165374 1.8303964 2.5165374 1.8303964 2.3551006 2.466374 2.9868693 2.3551006 2.3551006 2.932967 2.0136685 3.4911013 2.3914976 2.1456318 3.6400847 2.4455724 2.1456318 3.1290731 2.0136685 3.300492 2.0136685 1.9383786 2.2641857 1.9383783 5.835332 5.0226865 5.0226865 5.0226865 5.0226865 5.0226865 3.4648392 2.6702275 4.214803 3.4648392 5.2468944 5.022686 5.246894 5.022686 3.464839 3.464839 3.6477675 3.4648385 3.7933755 3.4648385 3.4648385 2.6702259 2.6702259 2.6702259 2.6702259 2.6702259 2.6702259 2.6702259 5.022684 3.4648376 3.6477664 3.4648373 5.022684 5.8104134
1.8303158 2.717028 2.717028 2.8286045 2.5164535 2.8286045 2.5164535 3.3203404 2.3550615 3.4674153 3.3203404 3.3203404 3.1196923 2.932934 2.3914547 3.6626253 2.145596 3.5562758 3.1366959 2.145596 3.273919 2.932934 2.0136414 1.9430785 1.9383361 2.4103005 1.9383359 5.022649 5.022649 5.022649 5.022649 5.022649 5.022649 3.4647992 4.097035 5.496811 4.195725 5.022649 5.022649 3.4647992 3.4647992 3.464799 3.793324 3.6477203 3.4647987 3.4647987 3.6477203 3.6477203 2.6701772 2.6701772 2.6701772 2.6701765 2.6701765 2.670176 2.670176 5.022648 5.022648 3.6477191 3.6477191 5.022647 6.181759
2.516371 2.043117 1.9365761 1.9365761 2.8182526 2.8182516 1.8302329 3.5355344 2.3550196 2.3550196 2.3550196 3.5355344 2.3914127 3.1196609 2.1455584 3.8316433 2.8758304 2.3914127 3.899737 2.1455584 3.655492 2.3914127 1.7015259 3.047528 1.9382918 2.4318116 2.9655209 3.8066676 5.0226116 5.0226116 5.0226116 5.0226116 5.0226116 3.464758 3.8609185 3.8066666 3.8066664 5.910094 5.0226107 3.6476722 3.6476722 3.6476722 3.6476722 3.6476722 3.4647574 3.7932708 3.6476712 3.6476712 2.6701252 3.8066654 3.8066654 3.8066654 3.8066654 3.8066654 2.6701248 5.0226097 5.0226097 5.2468004 5.2468004 5.0226097 6.181723
2.82844 2.4495022 2.1974268 2.1974268 1.9365447 1.9365444 3.582468 3.6159751 3.320255 3.3202546 3.3202546 3.6159751 2.3913708 3.608759 3.2457688 2.013589 3.8493783 2.3913708 2.3913708 3.2457688 2.3913708 2.1425633 1.4539526 2.013589 2.1979287 1.4539526 2.6700768 2.6700768 3.8066301 3.8066301 3.8066301 2.6700766 2.6700766 3.4647174 3.464717 2.8025422 3.8066294 3.8066294 5.0225744 3.4647164 3.4647164 3.6476228 3.4647164 3.4647164 3.6476228 3.4647164 3.4647164 5.022573 3.8066287 3.8066287 5.2675123 5.2675123 5.2675123 3.8066282 6.1816864 6.1816864 5.0225725 5.0225725 5.0225725 6.1816864 5.496728
2.3549352 1.8300688 1.8300679 2.7135725 1.9365141 2.1973877 2.043037 2.3549347 3.9918182 3.535449 3.535449 3.8331907 3.339934 2.3913283 3.9157197 2.3913283 4.248343 3.3399327 2.3913279 3.551508 1.4539199 2.1703606 1.5508928 1.9382045 2.7622623 1.4539199 2.783289 3.8065932 5.0225377 5.0225377 3.8065932 3.8065927 3.8065927 5.246711 5.246711 2.670025 2.6700249 2.6700249 3.4646752 3.6475744 3.6475744 3.647574 3.647574 3.647574 3.464675 3.7931643 5.24671 5.0225363 5.0225363 5.2674446 5.2674446 5.2674446 5.2674446 6.1816497 6.1816497 3.8065906 5.022534 5.022534 5.022534 5.022534 5.496685
3.3201702 1.8299868 2.5161169 2.354895 3.3867953 2.4343731 2.0429966 3.3201702 2.354895 4.2133822 3.6158955 3.8331401 3.5321288 2.3912873 4.011978 3.3398921 2.3912873 4.304353 2.3912873 2.7536142 2.1319225 2.0677235 2.221041 1.453887 2.4270437 2.7832258 3.8065543 3.8065543 5.496647 5.496647 5.496647 5.496647 3.8065543 5.8102093 5.022499 5.022499 3.8065536 3.8065536 3.9628398 3.8065536 5.4441857 3.6475265 3.6475263 3.6475263 3.6475258 3.6475258 5.0224986 5.0224986 5.0224986 5.267375 5.267375 5.267375 5.267375 5.267375 6.1816134 3.806553 5.0224977 5.0224977 5.0224977 5.0224977 6.1131153
3.535369 2.516033 2.8281925 3.3201282 3.555438 2.0429566 3.0913434 3.1013556 3.3201282 4.412044 2.3548536 4.0689015 3.6376104 3.3398488 2.3912463 4.262089 2.3912463 4.420279 2.3912463 1.5518999 4.7958107 2.0676851 2.0676851 1.9381177 2.0129058 1.9381177 5.022462 3.8065176 3.8065174 3.8065174 5.4966054 5.4966054 5.810169 5.9099283 5.022461 5.022461 5.8101683 5.8101683 5.8101683 3.806517 5.022461 5.246618 5.246618 5.246618 5.022461 5.2466173 5.022461 5.022461 5.022461 5.2673054 5.2673054 5.022461 5.022461 5.0224605 5.0224605 5.0224605 5.0224605 5.0224605 3.4645917 3.4645917 5.0224605
