Export/ASCII/RMeteo_SP_inch/speranza1/RMeteo_2018_SP4_inch.asc
ncols         660
nrows         338
xllcorner     1476100.0
yllcorner     5017100.0
cellsize      100
NODATA_value  -9.9e-20
[rows 27 to 53 of 338, columns 61 to 121 of 660]
9.325657 9.325657 9.325657 3.7608938 5.977483 5.9774833 5.9774833 5.9774833 5.9774833 5.9774833 5.9774833 6.0435147 5.9774833 9.325657 3.760895 9.325657 9.325657 7.0252733 7.0252733 7.0252733 7.0252733 5.977484 6.104414 6.104414 4.314456 4.314456 4.43916 6.104414 3.8646994 9.459805 9.459805 8.256187 8.256187 9.459805 7.1577673 7.1577673 9.459805 6.8353157 9.459805 3.864701 3.864701 3.864701 3.864701 3.864701 3.864701 3.8647013 3.8647013 3.8647013 3.8647013 6.104417 9.4598055 3.8647017 9.4598055 9.4598055 9.4598055 9.4598055 9.4598055 9.4598055 9.4598055 5.052735 12.621587
9.325625 9.325625 9.325625 5.9774504 5.9774504 4.1978407 5.9774504 3.7608614 5.9774504 5.9774504 5.9774504 5.9774513 5.9774513 5.9774513 3.760862 9.32563 11.528486 5.9774513 5.9774513 7.0252404 7.0252404 6.7081537 6.104381 6.104381 4.6168394 4.3144217 6.234692 3.8646667 6.104381 6.104381 6.1043816 6.1043816 6.8352823 9.45977 7.1577344 7.157735 9.45977 6.8352833 6.8352833 6.104383 3.8646674 4.6399784 3.8646674 3.8646674 3.8646674 3.8646674 3.8646674 4.175312 6.1043835 6.1043835 6.1043835 7.157735 9.45977 9.45977 9.45977 3.8646684 3.8646684 3.8646688 9.45977 9.662249 9.45977
10.69991 7.025206 5.9774175 5.9774175 4.1978054 6.1080484 6.7660956 5.977418 5.977418 5.977418 4.1978064 4.1978064 5.9774184 6.7660956 5.9774194 5.9774194 5.9774194 5.9774194 9.325596 9.325596 6.708123 5.9774194 6.8996286 6.104347 4.439087 4.3143854 6.104347 3.8646326 6.899629 6.104347 6.104347 6.104347 6.104347 6.104347 6.5434084 9.459736 9.459736 6.835251 6.104349 7.8310113 3.8646345 3.8646345 3.8646345 3.8646345 3.8646345 4.175279 6.10435 6.10435 3.864635 6.10435 6.10435 9.736956 9.459736 6.10435 6.10435 3.8646355 2.5846176 2.584618 5.591884 9.459736 9.459736
9.325566 7.0251737 5.977385 5.9773855 4.8678365 5.9773855 5.9773855 5.9773855 5.9773855 5.9773855 4.5007305 4.197769 4.197769 5.977386 5.977386 5.977386 5.977386 5.977386 5.977387 6.0434184 5.977387 5.977387 6.104315 6.104315 4.31435 4.31435 4.3143506 3.8645997 9.4597025 3.8645997 6.1043158 6.1043158 6.899596 6.1043158 6.1043158 9.4597025 6.1043158 6.1043158 6.1043158 6.1043158 3.8646002 3.8646011 3.8646011 4.6399117 3.8646011 6.8352184 6.8352184 7.157669 6.1043158 11.67349 9.4597025 9.4597025 7.88433 6.1043158 6.1043158 3.864602 2.584582 4.314352 6.4234505 6.1043158 6.1043158
5.977351 5.977351 5.977351 5.977351 6.1985435 5.9773517 4.197734 6.1079803 4.197734 4.197734 4.3227196 4.197734 4.3227196 5.9773526 5.9773526 5.9773526 5.9773526 7.025143 5.9773526 4.197735 4.197735 5.9773526 4.314315 4.5378027 4.314315 4.4390154 2.693281 3.8645668 3.8645668 6.835185 3.8645668 9.459668 3.8645668 6.1042814 6.1042814 6.1042814 6.1042814 6.1042814 7.1576347 7.1576347 9.459668 3.8645673 3.8645673 9.459668 9.459668 9.459668 6.835186 7.157635 6.104283 7.157635 9.459668 9.459668 7.884297 7.884297 7.884297 6.1042843 6.1042843 6.2345924 5.189543 4.3143177 4.3143177
5.9773183 5.9773183 5.9773183 5.9773183 5.9773183 5.9773183 2.5966775 2.487729 2.4877293 2.5966778 4.500657 4.1976986 4.3226833 5.9773207 5.9773207 5.9773207 5.9773207 3.7607327 5.977321 6.1079497 4.4216366 4.1976995 4.43898 4.43898 4.3142796 4.43898 4.3142796 2.5845103 3.8645334 6.1042485 6.1042485 6.1042485 6.1042485 6.234555 4.3142796 4.3142805 6.1042485 6.1042485 6.5433087 7.1576 7.1576 9.459634 9.459634 9.459634 9.575692 6.835152 3.8645346 3.8645346 7.157601 7.157601 12.156357 6.1042495 6.1042495 7.884265 8.256022 7.1576023 6.1042504 6.2715573 6.1042504 6.2345567 6.2345567
9.325474 6.107913 4.1976614 4.1976614 4.1976614 4.1976624 2.4876928 2.4876928 3.1656694 2.487693 2.5966408 4.1976624 4.322647 4.1976633 5.977287 5.977287 3.7606993 3.7606993 5.977287 4.1976633 4.322647 4.1976633 2.6932094 2.6932094 2.8044825 4.3142443 4.438943 6.1042147 6.1042147 6.104216 6.899497 6.104216 6.104216 2.584476 2.584476 2.6932116 6.104216 6.104216 6.104216 3.8645015 7.1575685 7.1575685 7.1575685 3.864502 6.104216 6.104216 3.8645022 4.0164423 7.1575694 7.1575694 9.459601 9.459601 9.459601 9.536825 8.255991 7.15757 9.459601 9.459601 6.104217 6.104217 6.104217
9.325443 5.977254 4.197626 4.197626 5.0916324 4.197626 2.4876568 2.4876568 2.4876568 2.4876573 2.4876573 5.0916343 4.197626 6.107881 9.803763 9.803763 9.803763 3.7606664 2.4876573 4.322611 4.322611 2.8490303 2.5844407 2.5844407 2.5844407 2.5844407 4.4389086 6.899463 6.1041822 6.1041827 6.1041827 6.1041827 5.002838 3.2725 2.5844407 2.5844407 4.314211 6.104183 6.104183 6.543244 6.104183 7.157535 7.157535 3.864468 6.899464 6.104183 3.864468 3.864468 3.8644686 3.8644686 9.459568 11.078758 8.255957 8.255957 8.255958 8.255958 9.45957 11.901988 9.45957 7.157536 7.157536
9.325414 9.457099 5.9772205 4.197589 4.394101 4.197589 4.197589 4.197589 5.430728 2.4876204 2.4876204 4.19759 4.19759 5.9772205 5.9772205 5.9772205 5.977221 7.812603 4.197592 4.197592 2.4876227 2.4876227 2.5844042 2.5844042 2.5844042 2.6931374 4.3141737 4.3141747 4.3141747 4.3141747 4.3141747 4.3141747 2.5844047 2.5844047 2.5844047 2.5844047 4.684681 6.104148 6.1041484 6.1041484 6.1041484 6.1041484 6.5432115 3.8644352 3.8644357 7.1575017 3.8644357 3.8644357 3.8644357 3.8644357 9.459534 9.459534 9.459534 9.459534 9.459534 7.1575027 7.1575027 7.1575027 7.1575027 7.1575027 7.1575027
9.325381 7.0249777 5.9771886 4.3225365 5.093643 4.1975536 4.3225365 4.3225365 4.39843 4.1975546 4.1975546 4.3225365 5.392485 4.1975546 5.9771895 5.9771895 4.1975546 5.9771895 4.1975546 4.3225374 4.1975555 2.4875865 3.2724257 2.5843685 2.584369 2.584369 4.3141384 4.438836 5.216643 4.3141394 4.3141394 2.6931028 4.3141394 4.31414 3.7757761 2.5843697 4.4992247 6.104115 6.104115 6.2344184 4.314141 4.314141 2.5843713 2.5843713 3.8644013 3.8644013 3.8644013 3.8644013 3.8644018 3.8644018 9.4595 7.1568546 9.4595 9.4595 9.4595 6.835024 7.1574697 7.1574697 7.1574697 7.1574697 7.1574697
9.325354 7.0249457 5.977156 5.977156 6.1983414 4.1975174 4.3224993 4.3224993 4.503046 4.1975183 4.3224993 6.1077814 3.9674964 2.4875493 3.7605686 5.9771576 5.0042334 4.8739853 7.411565 5.9771576 4.3225 4.1975193 4.3141036 4.3141036 4.3141036 5.50457 4.3141036 4.4388003 4.5105414 4.3141046 4.4388003 5.1178226 4.3141046 2.6930678 2.584335 2.584335 2.6940374 4.4388003 4.3141055 4.3141055 4.3141055 2.6930687 3.2723923 2.5843358 3.8643687 3.8643687 9.459467 3.864369 4.639679 3.8643692 9.459467 9.459467 9.459467 9.459467 9.459467 9.459467 7.1574354 7.1574354 7.1574354 7.1574364 9.459467
9.325324 9.325324 9.325324 9.325324 6.1077456 5.977123 4.322463 4.322463 4.322463 4.197483 4.322464 5.9771237 3.7605362 3.7605362 3.7605362 7.0249143 7.5116467 5.275505 5.9771247 5.9771247 7.7319584 6.1077476 7.5529094 4.314069 4.438764 6.3861322 6.104048 4.438764 5.631961 4.3140693 4.438764 4.510505 4.3140693 2.5842998 3.775704 2.5842998 2.5842998 2.693032 6.104049 6.2343507 4.438765 6.104049 6.104049 6.104049 6.104049 7.1574025 9.459433 3.864335 3.8643355 3.8643355 9.4594345 9.4594345 9.4594345 9.4594345 9.4594345 9.4594345 9.4594345 7.1574025 7.1574025 7.8547215 8.255823
9.602938 9.325293 9.325293 5.9770904 5.9770904 5.9770904 6.107713 4.322425 4.322425 5.5173607 4.197446 5.9770904 5.9770904 3.7605033 3.7605033 9.325294 5.977091 6.4170346 4.0684524 5.977092 7.600232 5.977092 6.104015 4.314033 4.438728 6.104015 7.029597 6.104015 4.551089 4.314034 4.4387283 4.441457 4.537513 4.314034 2.5842643 2.5842643 2.5842643 2.775422 6.104016 6.104016 6.2343163 7.1573677 6.104016 6.8992963 7.157368 9.459398 9.459398 3.8643022 3.8643024 4.639612 3.8643024 3.8643024 3.8643026 9.459398 9.4594 9.736618 9.4594 9.4594 9.4594 9.4594 8.255791
9.325262 9.325262 9.325262 9.325262 14.671908 3.7604704 5.9770575 4.3223896 4.3223896 4.4231653 4.1974115 5.9770584 5.977059 6.7077856 13.5783615 9.325262 5.977059 5.977059 5.977059 5.977059 5.977059 5.977059 6.1039805 6.350885 6.1039805 6.1039805 6.1039805 3.8642673 2.5842288 8.144296 6.1039805 6.234281 4.313998 4.313998 6.103982 6.2342815 4.3139987 4.3139987 6.103983 6.103983 6.103983 9.459364 7.157336 3.8642688 9.459365 9.459365 9.459365 9.459365 9.459365 3.8642693 3.8642693 2.584231 3.8642693 3.8642693 3.8642693 9.459365 9.459366 9.459366 9.459366 9.459366 8.255756
9.3252325 9.3252325 9.3252325 9.3252325 9.888356 3.7604375 5.9770255 4.3223524 4.3223524 6.1144185 6.1076465 5.9770255 5.9770255 6.707755 9.3252325 9.3252325 9.80356 3.7604384 3.7604384 5.977026 5.977026 5.977026 6.1039467 6.1039476 6.1039476 6.1039476 6.1039476 3.864235 3.864235 6.1039486 6.1039486 6.1039486 4.616363 4.3139634 6.1039486 6.1039486 6.1039486 4.438657 6.1039495 9.459331 9.459331 9.459331 7.157301 7.157301 9.459331 9.459331 7.157302 9.459331 9.459331 3.8642364 3.8642364 3.8642364 3.8642364 3.8642364 3.8642364 6.8348603 9.4593315 9.4593315 9.459332 9.459332 9.459332
9.325199 9.325199 9.325199 9.325199 5.976992 5.976992 5.976992 6.107612 4.197338 5.9769926 3.760405 5.9769926 5.976993 9.3252 9.3252 9.3252 9.3252 3.760406 3.760406 3.760406 5.976994 5.976994 6.103915 6.103915 7.1572676 7.1572676 3.8642006 3.8642006 3.8642006 6.103915 6.103915 6.103915 6.234215 6.103916 6.103916 6.103916 6.103916 6.234215 6.103916 6.103916 9.459296 9.459296 7.1572676 7.1572676 9.459296 9.459297 9.459297 9.459297 9.459297 9.459297 3.8642035 3.8642035 3.8642035 3.8642035 3.8642035 9.459297 9.459297 9.459297 9.459297 9.459297 9.459297
6.707693 9.3251705 9.325171 9.325171 5.976959 5.976959 5.976959 5.9769597 4.32228 7.024749 3.7603726 3.7603726 9.325171 9.325171 9.325171 9.803503 3.7603736 3.7603736 7.02475 3.7603736 3.7603736 3.7603736 6.103881 6.103881 7.157233 7.157233 9.45926 9.45926 3.8641684 9.45926 6.103882 6.103882 7.7501106 7.7501106 7.7501106 7.157235 7.157235 9.459262 6.103882 6.103882 9.459265 9.459265 9.459265 9.459265 6.8347945 6.8347945 6.8347945 6.8347945 6.8347945 6.8347945 4.639479 3.8641694 3.8641694 3.8641694 9.459265 9.459265 9.459265 9.459265 6.8347955 9.459265 9.459265
6.7076635 5.976926 5.976926 6.7076635 6.765604 5.976926 5.976926 5.976926 4.3222427 3.7603397 3.7603402 3.7603402 9.32514 9.32514 9.32514 9.8034725 4.5233994 3.7603402 7.0247188 3.7603407 3.7603407 3.7603412 6.1038475 6.1038485 6.834759 6.834759 3.8641348 3.8641348 3.8641348 9.4592285 9.4592285 6.1038485 3.8641348 7.7500677 7.7500677 7.157201 7.2780123 9.459229 9.459229 9.459229 9.459229 9.459229 9.736447 9.459229 6.83476 6.834761 6.834761 7.156593 9.459229 9.459229 3.8641367 3.8641367 3.8641367 3.8641367 9.459229 9.459229 9.459229 6.834762 9.459229 9.459229 9.45923
6.707632 5.9768934 5.9768934 6.707632 9.325111 9.325111 9.325111 5.9768934 6.1075115 3.7603066 3.7603066 3.7603066 3.7603068 3.7603068 3.7603068 3.7603068 3.7603068 9.325111 9.325111 9.325111 3.7603087 4.5305996 9.459193 6.8347273 6.8347273 6.8347273 3.864101 3.8641012 11.121831 6.8347273 9.459194 3.8641012 3.8641012 9.459194 7.4061036 7.157168 6.1038146 6.1038146 9.459194 9.459194 9.459194 9.459194 6.834728 6.834728 6.834728 6.970263 6.8347287 6.8347287 9.459196 9.459196 3.8641038 4.639413 3.8641038 3.8641038 6.8347287 9.459197 6.8347287 6.8347287 10.00253 9.459197 9.459197
6.7076015 6.7076015 5.97686 5.97686 9.602724 9.325081 9.325081 5.97686 5.976861 3.7602746 3.7602751 6.707603 3.7602751 3.7602751 3.7602751 3.7602754 7.0246515 9.325081 9.325081 9.325081 3.7602754 3.7602758 9.942161 6.8346944 6.8346944 6.9702296 6.8346944 9.459161 7.05316 6.8346944 6.8346944 13.534281 7.157134 9.459161 7.157134 7.157134 6.1037827 6.8990636 9.942162 9.459162 9.459162 9.459162 6.8346953 6.8346953 6.8346953 6.8346953 6.8346953 6.8346953 9.736382 9.459164 3.8640695 6.834696 6.834696 6.834696 6.834696 6.834696 6.834696 9.459164 9.459164 9.459164 9.459164
6.7075706 6.7075706 5.9768286 5.9768286 6.7075706 6.707571 5.9768286 5.9768286 3.7602417 3.7602417 3.7602417 3.7602417 4.5233006 3.7602417 3.7602417 7.024619 7.024619 9.32505 9.32505 9.32505 3.760243 3.760243 3.8640342 7.1571007 7.1571007 6.8346615 6.8346615 9.459127 6.9701967 6.8346615 6.8346615 7.1571007 7.1571007 7.1571007 7.8544207 7.157101 7.157101 9.459128 9.459128 9.459128 9.459128 9.459129 9.459129 9.459129 6.8346653 6.8346653 6.8346653 6.8346653 9.459129 9.459129 6.8346653 6.9701996 6.8346653 6.8346653 6.8346653 6.8346653 9.459129 9.459129 9.459129 9.459129 9.459129
6.7075405 6.7075405 6.7075405 5.976795 5.976796 6.7075405 5.976796 9.32502 3.7602093 3.7602093 3.7602093 3.7602093 3.7602093 3.7602093 9.32502 7.0245867 9.32502 7.0245867 7.144636 3.76021 3.76021 6.7075415 6.83463 7.1570673 7.1570673 6.83463 6.9701653 6.83463 6.83463 6.83463 6.83463 7.1570673 7.1570673 7.1570673 7.1570673 7.1570673 7.1570673 9.459095 9.459095 9.459097 9.459097 9.459097 9.459097 9.736315 9.459097 9.459097 9.459097 9.459097 9.459097 9.459097 6.83463 6.83463 6.83463 6.83463 9.459097 9.575155 9.459097 9.459097 9.459097 9.459097 9.459097
6.70751 6.70751 6.70751 5.976763 5.976763 5.976763 5.976763 9.324988 7.0245523 9.324988 9.324989 9.324989 9.324989 9.324989 9.324989 7.0245533 9.324989 7.0245533 7.0245533 9.32499 9.32499 6.707512 6.8345976 6.8345976 6.8345976 6.8345976 6.8345976 6.8345976 6.8345976 6.8345976 6.8345976 6.8345976 7.157034 3.863969 3.863969 6.8345985 6.8345985 9.459061 9.459061 9.459061 9.73628 9.459061 9.459061 9.459063 9.459063 9.459063 9.459063 9.459063 9.459063 9.459063 6.8346004 6.8346004 6.9701347 6.8346004 9.459063 9.459063 9.459063 9.459063 9.459063 9.459063 9.459063
9.324957 9.557938 6.707479 6.707479 5.9767303 5.9767303 6.707479 6.707479 7.02452 6.707479 6.707479 9.324959 9.324959 6.7074795 6.7074795 6.7074795 6.7074804 6.7074804 6.7074804 9.32496 9.32496 6.7074804 6.834564 6.834565 6.834565 6.834565 6.9700994 6.834565 6.834565 6.834565 6.834565 6.834565 9.459024 4.639245 3.863936 3.863936 6.834565 9.459024 9.736244 9.459024 6.834566 9.459024 9.459024 9.459025 9.459025 9.459025 9.459025 9.459027 9.459027 9.575086 6.834566 6.834566 6.834566 6.834566 6.834566 9.736246 9.459028 9.459028 9.459028 9.459028 9.459028
3.7601109 9.324928 7.0244865 7.0244865 5.976697 5.976697 6.707449 9.324928 9.324928 9.324928 9.324928 9.324928 6.707449 9.324928 9.557909 6.707449 6.707449 6.707449 6.707449 9.324929 9.324929 6.707449 6.834531 6.970066 6.834531 6.834531 6.834531 6.834531 6.834531 6.834531 6.834531 6.834531 7.156967 7.156967 3.863902 9.458992 7.1563625 9.942017 9.942017 6.834532 6.834532 7.469181 9.458992 9.458992 9.458992 9.458993 9.458993 9.458993 9.458993 9.458993 6.8345327 6.8345337 7.103612 6.8345337 6.8345337 9.458993 9.458993 9.458993 9.458993 9.458993 9.736213
3.7600782 5.9766655 5.9766655 7.024454 5.9766655 9.324898 9.324898 9.324898 9.324898 9.324898 9.324898 9.324898 6.7074184 9.324898 9.324898 6.7074184 6.7074184 6.7074194 6.7074194 6.7074194 9.3249 6.7074194 6.8344975 6.8344975 6.8344975 6.8344975 6.8344975 6.9700327 6.8344975 9.458956 9.458956 6.8344975 6.1035824 7.830242 9.458957 9.458957 9.458957 9.458957 9.941988 6.8344984 6.8344984 6.8344984 6.8344984 6.8344984 9.736177 6.1035824 7.1569357 7.1569357 7.1569357 8.255355 6.9700336 6.8344994 6.8344994 6.8345003 9.45896 9.45896 9.45896 9.45896 9.45896 9.45896 3.8638706
5.97663 5.97663 5.976631 5.976631 5.976631 7.0244226 9.324865 9.324865 9.324865 6.707388 9.324865 9.324865 9.324865 9.324865 9.324867 6.8450165 6.707389 6.707389 6.707389 6.707389 6.707389 6.707389 6.834466 6.834466 6.8344665 6.8344665 6.8344665 6.8344665 6.8344665 9.458923 6.8988285 6.103547 6.103547 6.103548 9.458923 7.1569004 3.8807192 3.8638358 6.8344674 6.8344674 6.8344674 6.8344674 6.8344674 9.458924 9.458924 6.103549 7.1569014 7.1569014 6.103549 6.103549 9.458927 9.458927 6.834469 6.834469 6.834469 9.458927 9.458927 9.458927 9.458927 3.8638377 3.8638377
