Export/ASCII/RMeteo_SP_inch/speranza1/RMeteo_2017_SP1_inch.asc
ncols         660
nrows         338
xllcorner     1476100.0
yllcorner     5017100.0
cellsize      100
NODATA_value  -9.9e-20
[rows 216 to 242 of 338, columns 0 to 59 of 660]
1.751217 1.9978544 1.751217 1.9978548 1.422115 1.4008108 1.4008108 1.1731988 1.4008108 1.4008113 1.4008113 1.1731993 1.4008113 1.4008113 1.4008118 1.4008123 1.4008123 1.4008123 1.4008123 1.4008123 1.4008123 1.4008123 1.4008123 1.4008123 1.4008123 1.4008127 1.4008132 1.4008132 1.4008132 1.4008132 1.4008142 1.4008147 1.4008147 1.4008147 1.4008147 1.4008147 1.4008147 1.4008147 1.4008147 1.4008147 1.4008147 1.4008151 1.4008151 1.4008151 1.4008151 1.4008156 1.4008156 1.4008156 1.4008156 1.4008156 1.4008156 1.4008156 1.1732031 1.4008156 1.4008156 1.1732031 1.4008156 1.4008156 1.4008156 1.4008156
1.7511946 1.99783 1.99783 1.99783 1.4220916 1.4007875 1.4007875 1.4007875 1.400788 1.400788 1.400788 1.400788 1.4007884 1.4007884 1.4007884 1.4007884 1.4007884 1.4007884 1.4007889 1.4007889 1.4007889 1.1731802 1.4007894 1.4007894 1.4007894 1.4007894 1.4007894 1.4007894 1.4007899 1.4007899 1.4007899 1.4007899 1.4007899 1.4007899 1.4007899 1.4007899 1.4007899 1.4007899 1.4007899 1.4007903 1.4007903 1.4007903 1.4007903 1.4007903 1.4007903 1.1731812 1.4007903 1.4007908 1.4007908 1.4007908 1.1731817 1.4007908 1.4007908 1.4007908 1.4007908 1.4007908 1.4007908 1.1731817 1.4007908 1.4007908
1.7511727 1.7511727 1.9978052 1.7511731 1.4220706 1.1731597 1.4007665 1.1731597 1.400767 1.1731602 1.4007674 1.1731602 1.4007674 1.1731602 1.4007674 1.4007674 1.4007674 1.1731607 1.4007674 1.1731607 1.4007674 1.1731607 1.4007679 1.4007679 1.1731611 1.4007684 1.1731616 1.4007684 1.1731616 1.4007684 1.4007689 1.4007689 1.4007689 1.1731621 1.4007698 1.1731621 1.4007698 1.4007698 1.4007703 1.4007703 1.4007708 1.173163 1.4007708 1.4007708 1.4007708 1.1731635 1.4007708 1.4007708 1.4007708 1.1731635 1.4007708 1.4007708 1.4007708 1.4007708 1.4007708 1.4007708 1.1731635 1.4007708 1.4007708 1.1731635
1.7511512 1.9977814 1.9977814 1.9977814 1.4220468 1.4007427 1.4007431 1.4007431 1.4007436 1.4007436 1.4007436 1.4007436 1.4007436 1.4007436 1.4007436 1.4007436 1.4007436 1.4007436 1.4007436 1.4007436 1.4007441 1.4007441 1.4007441 1.4007441 1.4007441 1.4007441 1.4007441 1.4007441 1.4007441 1.4007441 1.4007441 1.4007441 1.4007441 1.4007446 1.4007455 1.4007455 1.4007455 1.4007455 1.4007455 1.4007455 1.4007455 1.4007455 1.4007455 1.400746 1.400746 1.400746 1.400746 1.400746 1.400746 1.400746 1.400746 1.400746 1.400746 1.400746 1.400746 1.400746 1.400746 1.4007465 1.4007465 1.4007465
1.7511278 1.9977566 1.9977566 1.9977566 1.4220239 1.4007202 1.4007202 1.4007202 1.4007207 1.4007207 1.4007207 1.1731187 1.4007207 1.4007212 1.4007212 1.4007212 1.1731192 1.4007212 1.4007217 1.4007217 1.4007217 1.1731197 1.4007217 1.4007217 1.4007217 1.4007217 1.1731197 1.4007217 1.4007217 1.1731197 1.4007217 1.4007217 1.4007217 1.4007217 1.4007217 1.4007221 1.4007221 1.4007221 1.4007221 1.4007221 1.4007226 1.4007226 1.4007226 1.4007226 1.4007226 1.4007226 1.4007226 1.4007226 1.4007226 1.4007226 1.4007226 1.4007226 1.4007226 1.4007236 1.4007236 1.4007236 1.4007236 1.4007236 1.4007236 1.400724
1.7511073 1.9977337 1.9977337 1.9977337 1.422002 1.4006978 1.4006983 1.4006983 1.4006983 1.4006983 1.4006988 1.4006988 1.4006988 1.1730996 1.4006988 1.4006993 1.4006993 1.4006993 1.1731001 1.1731001 1.4006993 1.4006997 1.1731006 1.4006997 1.4006997 1.4006997 1.4007002 1.4007007 1.1731011 1.4007007 1.1731011 1.4007012 1.4007012 1.4007012 1.4007012 1.4007012 1.1731015 1.1731015 1.4007012 1.1731015 1.4007016 1.4007016 1.4007016 1.1731015 1.4007021 1.4007021 1.4007021 1.1731025 1.4007026 1.4007026 1.1731025 1.1731025 1.4007026 1.4007026 1.1731025 1.4007026 1.1731025 1.4007026 1.1731025 1.173103
1.7510859 1.9977103 1.9977103 1.9977103 1.4219786 1.4006745 1.4006745 1.4006749 1.4006749 1.4006749 1.4006754 1.4006754 1.4006754 1.4006759 1.4006759 1.4006759 1.4006759 1.4006764 1.4006764 1.4006764 1.4006764 1.4006764 1.4006764 1.4006764 1.4006764 1.4006764 1.4006764 1.4006768 1.4006768 1.4006768 1.4006773 1.4006773 1.4006773 1.4006773 1.4006773 1.4006773 1.4006773 1.4006773 1.4006773 1.4006773 1.4006773 1.4006773 1.1730796 1.4006773 1.4006783 1.4006783 1.4006783 1.4006783 1.4006788 1.4006788 1.4006788 1.4006788 1.1730815 1.4006788 1.4006788 1.1730815 1.4006788 1.4006788 1.1730815 1.4006788
1.7510649 1.7510649 1.9976856 1.9976856 1.1730582 1.4006535 1.1730582 1.4006535 1.4006535 1.4006535 1.1730582 1.4006535 1.4006535 1.4006535 1.1730582 1.1730582 1.4006535 1.4006535 1.1730582 1.4006535 1.4006535 1.400654 1.1730586 1.400654 1.400654 1.400654 1.1730591 1.4006549 1.4006549 1.4006549 1.4006549 1.4006549 1.4006549 1.4006549 1.4006549 1.4006549 1.4006549 1.4006549 1.4006549 1.4006554 1.4006554 1.4006554 1.4006554 1.4006554 1.4006554 1.4006554 1.4006554 1.4006559 1.4006563 1.4006563 1.4006568 1.4006568 1.4006568 1.4006568 1.4006568 1.4006568 1.4006568 1.4006568 1.4006573 1.4006573
1.751042 1.9976598 1.9976598 1.9976598 1.4219342 1.4006306 1.4006306 1.4006311 1.4006311 1.4006315 1.4006315 1.4006315 1.4006315 1.4006315 1.4006315 1.4006315 1.4006315 1.400632 1.400632 1.400632 1.400632 1.400632 1.400632 1.400632 1.400632 1.400632 1.400632 1.400632 1.400632 1.400632 1.400632 1.400632 1.400632 1.400632 1.400632 1.400632 1.400632 1.400632 1.1730381 1.1730381 1.4006325 1.1730391 1.400633 1.1730391 1.400633 1.1730391 1.1730391 1.1730391 1.4006335 1.4006335 1.1730396 1.4006335 1.1730396 1.4006335 1.1730396 1.4006335 1.4006335 1.1730396 1.4006335 1.1730396
1.7510206 1.9976364 1.9976369 1.9976374 1.4219137 1.4006096 1.4006096 1.4006096 1.4006096 1.4006096 1.4006096 1.4006096 1.4006096 1.4006096 1.4006096 1.4006096 1.4006096 1.4006096 1.4006096 1.4006096 1.4006096 1.4006101 1.4006101 1.4006101 1.4006101 1.4006101 1.4006101 1.4006101 1.4006106 1.4006106 1.4006106 1.4006106 1.4006106 1.4006106 1.4006106 1.4006106 1.4006106 1.4006106 1.4006106 1.4006106 1.4006106 1.4006106 1.4006106 1.4006106 1.4006106 1.4006106 1.4006106 1.4006106 1.4006106 1.4006106 1.4006106 1.4006106 1.4006106 1.4006106 1.4006106 1.4006106 1.4006106 1.400611 1.400611 1.400611
1.7509986 1.9976121 1.9976121 1.9976121 1.421889 1.4005848 1.1729966 1.4005848 1.1729966 1.4005848 1.4005848 1.4005848 1.1729971 1.4005858 1.4005862 1.4005862 1.4005862 1.4005862 1.4005862 1.4005862 1.4005867 1.4005872 1.4005877 1.4005877 1.1729985 1.4005877 1.4005877 1.4005877 1.4005877 1.4005877 1.4005877 1.4005877 1.4005877 1.4005882 1.172999 1.4005882 1.4005882 1.4005886 1.4005886 1.4005886 1.4005886 1.4005886 1.4005886 1.4005886 1.4005886 1.4005886 1.4005886 1.4005886 1.4005886 1.4005886 1.4005891 1.4005891 1.1730005 1.4005891 1.4005891 1.1730005 1.4005891 1.4005891 1.4005896 1.4005896
1.7509762 1.9975868 1.9975873 1.9975873 1.421867 1.4005629 1.4005629 1.4005629 1.4005629 1.4005638 1.4005638 1.4005638 1.4005638 1.4005638 1.4005638 1.4005638 1.4005643 1.4005643 1.4005643 1.4005643 1.4005643 1.4005643 1.4005643 1.4005648 1.4005648 1.4005648 1.4005653 1.172979 1.1729795 1.17298 1.4005657 1.4005657 1.17298 1.4005657 1.4005657 1.4005657 1.4005657 1.4005657 1.17298 1.4005657 1.17298 1.4005657 1.4005657 1.4005657 1.4005662 1.4005662 1.17298 1.17298 1.4005662 1.17298 1.4005662 1.4005662 1.4005662 1.17298 1.4005667 1.4005667 1.4005667 1.1729804 1.4005672 1.4005672
1.7509547 1.997563 1.997563 1.997563 1.4218436 1.1729566 1.4005395 1.4005395 1.1729566 1.4005395 1.4005395 1.1729571 1.40054 1.40054 1.40054 1.40054 1.40054 1.40054 1.40054 1.40054 1.400541 1.400541 1.400541 1.172958 1.4005414 1.4005414 1.4005414 1.4005414 1.4005414 1.172958 1.4005419 1.1729585 1.4005424 1.4005424 1.4005424 1.4005429 1.4005429 1.4005429 1.4005429 1.4005429 1.172959 1.4005429 1.4005429 1.4005438 1.4005438 1.4005438 1.4005438 1.4005438 1.4005438 1.4005438 1.4005438 1.4005443 1.4005443 1.4005443 1.4005443 1.4005443 1.4005443 1.4005443 1.4005443 1.4005443
1.7509333 1.9975392 1.9975392 1.7509333 1.4218212 1.4005171 1.4005171 1.4005171 1.4005171 1.4005171 1.4005171 1.4005171 1.1729366 1.4005171 1.4005171 1.1729366 1.4005176 1.4005176 1.4005176 1.4005181 1.4005181 1.4005185 1.4005185 1.4005185 1.4005185 1.4005185 1.4005185 1.4005185 1.400519 1.400519 1.400519 1.4005195 1.4005195 1.4005195 1.4005195 1.4005195 1.4005195 1.1729385 1.4005195 1.4005195 1.40052 1.40052 1.40052 1.172939 1.40052 1.40052 1.172939 1.40052 1.4005209 1.4005209 1.4005209 1.4005209 1.4005209 1.4005209 1.4005214 1.4005214 1.4005214 1.4005219 1.4005219 1.4005219
1.7509109 1.7509109 1.9975148 1.9975148 1.172916 1.4004961 1.1729165 1.4004961 1.4004961 1.172917 1.172917 1.4004961 1.4004961 1.172917 1.4004961 1.172917 1.4004961 1.4004961 1.1729175 1.4004966 1.4004966 1.1729175 1.4004966 1.4004966 1.4004966 1.1729175 1.4004966 1.1729175 1.4004966 1.1729175 1.1729175 1.4004971 1.4004971 1.400498 1.400498 1.1729184 1.400498 1.400498 1.400498 1.1729189 1.400498 1.400498 1.400498 1.400498 1.400498 1.4004985 1.4004985 1.400499 1.400499 1.400499 1.400499 1.400499 1.4004995 1.4004995 1.4004995 1.4004995 1.4004995 1.4004995 1.4004995 1.4004995
1.750889 1.99749 1.99749 1.9974905 1.4217778 1.4004737 1.4004737 1.4004737 1.4004742 1.4004742 1.4004742 1.4004742 1.4004742 1.4004742 1.4004742 1.4004742 1.4004747 1.4004747 1.4004747 1.4004747 1.4004747 1.4004747 1.4004747 1.4004747 1.4004747 1.4004747 1.4004747 1.4004747 1.4004751 1.4004751 1.4004751 1.4004756 1.4004756 1.4004756 1.4004761 1.4004761 1.4004761 1.4004761 1.4004761 1.4004761 1.4004761 1.4004761 1.4004761 1.4004761 1.4004761 1.4004766 1.1728989 1.4004766 1.1728994 1.1728998 1.4004766 1.4004766 1.1728998 1.1728998 1.400477 1.400477 1.1728998 1.400477 1.4004775 1.1729003
1.7508675 1.9974662 1.9974662 1.9974662 1.172876 1.4004508 1.4004508 1.4004508 1.4004508 1.1728765 1.1728765 1.4004513 1.4004513 1.4004513 1.4004513 1.4004518 1.4004518 1.4004518 1.4004527 1.4004527 1.4004527 1.4004532 1.4004532 1.4004532 1.4004532 1.4004532 1.4004532 1.4004532 1.4004532 1.4004532 1.4004532 1.4004532 1.4004532 1.4004532 1.4004532 1.4004532 1.4004532 1.4004532 1.4004532 1.4004532 1.4004532 1.4004532 1.4004532 1.4004537 1.4004537 1.4004537 1.4004537 1.4004537 1.4004537 1.4004542 1.4004542 1.4004542 1.4004542 1.4004542 1.4004542 1.4004542 1.4004542 1.4004542 1.4004546 1.4004546
1.7508456 1.7508456 1.9974419 1.9974419 1.4217316 1.4004275 1.4004275 1.1728555 1.4004279 1.4004284 1.4004284 1.4004284 1.1728565 1.4004294 1.1728574 1.4004294 1.4004294 1.4004294 1.1728574 1.4004294 1.4004298 1.4004298 1.4004298 1.4004303 1.4004303 1.4004308 1.4004308 1.4004303 1.4004308 1.4004308 1.4004308 1.1728584 1.4004308 1.4004308 1.4004308 1.4004308 1.4004308 1.4004308 1.4004308 1.4004308 1.1728584 1.4004308 1.4004308 1.4004308 1.4004308 1.4004308 1.4004313 1.4004313 1.4004313 1.4004313 1.4004313 1.4004313 1.4004313 1.4004313 1.4004313 1.4004313 1.4004313 1.4004313 1.1728588 1.4004318
1.7508241 1.997418 1.9974185 1.9974185 1.4217087 1.4004046 1.4004046 1.4004046 1.4004046 1.4004046 1.4004046 1.4004046 1.4004046 1.4004046 1.4004046 1.4004046 1.4004046 1.4004046 1.400405 1.400405 1.4004055 1.4004055 1.4004055 1.4004055 1.4004055 1.4004055 1.4004055 1.400406 1.400406 1.4004065 1.4004065 1.4004065 1.400407 1.400407 1.1728369 1.400407 1.400407 1.4004074 1.4004074 1.4004074 1.4004074 1.4004074 1.4004084 1.4004084 1.4004084 1.4004089 1.4004089 1.4004089 1.4004089 1.4004089 1.4004093 1.4004093 1.4004093 1.4004093 1.4004093 1.4004093 1.4004098 1.1728383 1.1728383 1.4004103
1.4294754 1.6803366 1.6803366 1.6803366 1.4040734 1.3781701 1.3781701 1.3781701 1.3781701 1.3781701 1.3781701 1.1502401 1.3781706 1.3781706 1.3781706 1.1502405 1.3781711 1.3781711 1.3781711 1.150241 1.3781716 1.3781716 1.1502415 1.378172 1.378172 1.3781725 1.3781725 1.378173 1.378173 1.378173 1.378173 1.378173 1.378173 1.150242 1.378173 1.378173 1.378173 1.378173 1.378173 1.1502424 1.378173 1.1502424 1.378173 1.378173 1.378173 1.378173 1.378173 1.378173 1.378173 1.378173 1.378173 1.1502424 1.378173 1.378173 1.378173 1.378173 1.378173 1.378173 1.378173 1.378173
1.4294521 1.4294521 1.6803113 1.6803118 1.4040552 1.3781525 1.3781525 1.3781525 1.3781525 1.3781525 1.3781525 1.3781525 1.3781525 1.3781525 1.378153 1.378153 1.378153 1.378153 1.378153 1.378153 1.378153 1.378153 1.378153 1.378153 1.1502248 1.378153 1.378153 1.378153 1.378153 1.1502248 1.3781534 1.1502248 1.3781534 1.3781534 1.3781534 1.3781534 1.3781534 1.3781539 1.3781539 1.3781539 1.3781539 1.3781539 1.3781539 1.3781539 1.3781539 1.3781544 1.3781544 1.3781544 1.3781549 1.3781549 1.3781549 1.3781549 1.3781549 1.3781549 1.3781549 1.3781549 1.3781549 1.3781549 1.3781549 1.3781549
1.429433 1.6802889 1.6802894 1.6802899 1.4040357 1.3781325 1.3781325 1.3781325 1.3781325 1.3781325 1.3781325 1.3781325 1.3781325 1.3781325 1.3781325 1.3781325 1.3781325 1.1502067 1.3781325 1.3781325 1.3781325 1.3781325 1.3781325 1.3781329 1.3781334 1.3781334 1.3781334 1.3781334 1.3781334 1.3781334 1.3781334 1.3781334 1.3781334 1.3781334 1.3781334 1.3781334 1.3781334 1.3781334 1.3781334 1.3781334 1.3781334 1.3781334 1.3781334 1.3781334 1.1502072 1.3781339 1.3781344 1.3781344 1.3781348 1.1502086 1.3781348 1.3781348 1.3781348 1.3781348 1.1502086 1.3781348 1.3781348 1.3781348 1.3781348 1.3781353
1.4294115 1.6802646 1.6802646 1.6802646 1.4040133 1.378111 1.3781115 1.378112 1.378112 1.378112 1.378112 1.378112 1.3781124 1.3781134 1.3781134 1.3781134 1.3781134 1.3781134 1.3781134 1.3781134 1.3781134 1.3781134 1.3781134 1.3781134 1.1501895 1.1501895 1.1501895 1.1501895 1.1501895 1.15019 1.15019 1.3781139 1.15019 1.3781139 1.15019 1.3781139 1.15019 1.3781139 1.3781139 1.15019 1.15019 1.3781139 1.3781139 1.3781139 1.15019 1.15019 1.15019 1.1501905 1.3781143 1.1501905 1.1501905 1.3781143 1.3781148 1.1501905 1.1501905 1.1501905 1.3781148 1.150191 1.150191 1.150191
1.4293901 1.6802422 1.6802422 1.6802427 1.4039961 1.3780929 1.3780929 1.3780929 1.3780934 1.3780934 1.3780934 1.3780934 1.3780934 1.3780934 1.3780934 1.3780934 1.3780934 1.3780934 1.3780934 1.3780934 1.3780934 1.3780934 1.3780934 1.3780934 1.3780934 1.3780934 1.3780938 1.3780938 1.3780943 1.3780943 1.3780943 1.3780943 1.3780943 1.3780948 1.3780948 1.3780948 1.3780948 1.3780948 1.3780948 1.3780948 1.3780948 1.3780948 1.3780948 1.3780948 1.3780948 1.3780948 1.3780948 1.3780948 1.3780948 1.3780948 1.3780948 1.3780948 1.3780953 1.3780953 1.3780953 1.3780953 1.3780953 1.3780953 1.3780953 1.3780953
1.42937 1.6802193 1.6802193 1.6802193 1.4039761 1.3780738 1.3780738 1.1501533 1.3780738 1.3780738 1.3780738 1.3780738 1.3780738 1.3780743 1.3780748 1.3780748 1.3780748 1.3780748 1.3780752 1.3780752 1.3780752 1.3780752 1.3780752 1.3780752 1.3780752 1.3780752 1.3780752 1.3780752 1.3780752 1.3780752 1.3780752 1.3780752 1.3780752 1.3780757 1.3780757 1.3780757 1.3780757 1.3780757 1.3780757 1.3780757 1.3780757 1.3780757 1.3780762 1.3780762 1.3780762 1.3780762 1.3780767 1.3780767 1.3780767 1.3780767 1.3780771 1.3780771 1.3780776 1.3780776 1.3780776 1.3780776 1.3780776 1.3780776 1.3780776 1.3780776
1.4293481 1.4293481 1.6801959 1.6801959 1.4039565 1.3780543 1.3780543 1.3780543 1.3780543 1.3780543 1.1501361 1.3780547 1.3780547 1.3780547 1.3780547 1.3780557 1.3780557 1.3780557 1.3780557 1.3780557 1.3780557 1.3780566 1.3780566 1.3780566 1.3780566 1.3780566 1.3780566 1.3780566 1.150138 1.3780566 1.3780566 1.150138 1.3780566 1.3780566 1.3780566 1.3780566 1.3780566 1.3780566 1.3780566 1.3780566 1.3780566 1.3780566 1.3780566 1.3780571 1.1501385 1.3780576 1.3780576 1.3780576 1.3780576 1.3780576 1.3780576 1.3780576 1.3780576 1.3780581 1.3780581 1.3780581 1.3780581 1.3780581 1.3780581 1.3780581
1.4293267 1.4293267 1.6801721 1.6801721 1.403936 1.1501185 1.1501185 1.3780338 1.1501185 1.3780338 1.1501194 1.3780352 1.1501194 1.1501194 1.3780352 1.1501194 1.3780352 1.3780352 1.3780352 1.3780357 1.3780357 1.3780361 1.1501204 1.1501204 1.3780366 1.1501209 1.3780366 1.3780371 1.3780371 1.3780371 1.1501209 1.3780371 1.3780371 1.1501213 1.3780376 1.3780376 1.3780376 1.3780376 1.3780376 1.1501213 1.3780376 1.3780376 1.3780376 1.1501218 1.378038 1.1501218 1.378038 1.378038 1.378038 1.1501223 1.378038 1.3780385 1.3780385 1.3780385 1.3780385 1.3780385 1.3780385 1.3780385 1.3780385 1.3780385
