Export/ASCII/RMeteo_SP_inch/speranza1/RMeteo_2014_SP1_inch.asc
ncols         660
nrows         338
xllcorner     1476100.0
yllcorner     5017100.0
cellsize      100
NODATA_value  -9.9e-20
[rows 297 to 323 of 338, columns 427 to 487 of 660]
9.175328 9.175328 9.175328 9.175328 9.175326 13.176279 13.176279 11.873885 17.299131 13.176279 7.5382524 7.1041255 7.1041255 7.104125 13.176279 13.176279 13.7969265 13.176277 9.175324 9.1753235 9.1753235 8.596292 8.596292 8.596292 8.596292 7.740074 7.740074 10.286826 10.003155 10.261135 8.596292 6.740737 7.3114676 7.478091 7.3114676 6.7757697 6.4784594 6.426709 5.9148245 5.763913 9.175319 9.175319 9.175319 9.175319 8.596289 5.7889643 6.4784517 6.4995475 6.892487 7.016296 7.1812706 7.212449 5.4917107 5.49171 10.733525 8.5978565 8.472479 8.472479 8.085681 8.085681 8.436741
9.175266 9.665897 8.596236 8.596236 9.175266 9.175266 9.175266 9.175265 9.175265 9.175265 13.714002 13.250529 13.250527 13.796788 9.175264 9.175264 9.175264 9.175264 9.175264 9.175264 9.175262 9.175262 7.0152917 6.117837 7.7400107 7.7400103 7.7400093 7.7400093 8.596233 8.596233 8.596233 8.596231 14.093567 14.1968 14.093566 13.104961 11.784454 12.882463 6.8332057 6.740685 9.175261 9.175259 9.175259 9.175259 8.596229 9.085134 5.7889233 6.1666527 6.7948728 6.9943085 7.1515226 7.204094 7.7675576 8.118287 8.200457 13.493294 8.43667 8.43667 8.436669 8.436669 8.436669
9.175204 9.175204 8.59618 8.59618 9.175204 9.175204 9.175204 9.175202 9.175202 9.175202 9.085081 9.085081 9.085081 9.175202 9.1752 9.1752 9.1752 9.1752 9.1752 9.1752 9.1752 9.1752 7.015232 7.015232 8.596173 7.7399435 7.7399435 7.7399435 7.7399435 8.596173 8.596173 8.596171 9.175199 9.175199 9.175199 9.175199 9.175199 9.175199 13.311691 13.176041 9.175197 9.175197 9.175197 9.175197 9.175197 9.175197 5.763823 5.49162 6.4440694 6.805603 7.0535436 5.4916177 5.4916177 6.4440665 5.491617 6.4440665 11.732866 8.749968 8.507702 8.47233 8.47233
9.175143 8.377552 9.175143 8.596118 8.596118 9.175143 9.175143 9.175143 9.175141 9.175141 9.175141 9.085022 9.085022 8.596116 9.175141 9.175141 9.175141 9.175141 9.17514 9.398048 9.398048 8.857479 9.175138 8.596115 9.665791 8.596115 8.596115 8.596115 7.739879 8.596114 8.596114 8.596114 8.596114 9.175137 9.175137 9.175137 9.175137 9.175137 9.175137 9.175137 9.175137 9.175137 9.175137 9.175137 9.175137 9.175137 9.175135 5.4915733 6.4440203 6.8055606 7.0534964 7.7674575 5.4915724 6.444019 6.805559 7.0534954 12.511325 8.76141 8.472257 8.472257 8.472257
9.175082 9.17508 9.17508 9.17508 8.596059 8.596059 9.175078 9.175078 9.175078 9.175078 9.175078 9.175078 9.175078 9.175078 9.175078 9.175078 9.175078 9.175078 9.175078 9.397991 9.397991 8.857418 9.175078 9.1750765 8.596054 9.665737 8.596054 8.596054 8.596054 8.596052 8.596052 8.596052 8.596052 9.665734 9.175075 9.175075 9.175075 9.175075 9.175075 9.175075 9.175075 9.175075 9.175075 9.175073 9.175073 9.175073 9.175073 8.688971 8.688971 5.491529 5.491528 5.491528 6.44397 6.805518 5.4915276 6.44397 11.732644 8.436459 8.436459 8.436457 8.472181
9.175022 9.175022 9.175022 9.175022 8.595999 8.595999 8.595999 9.17502 9.17502 9.17502 9.17502 9.17502 9.17502 9.17502 9.17502 9.17502 9.17502 9.17502 9.17502 9.397933 9.397933 9.175018 9.175018 8.377427 7.739749 8.595996 9.175016 8.595996 8.595996 8.595996 8.595994 8.595994 9.1750145 9.1750145 9.665681 9.665681 9.175013 9.175013 9.175013 9.175013 9.175013 9.175013 9.175013 9.175013 9.175013 9.175011 9.175011 8.688913 8.688911 5.4914846 6.9557204 7.041436 7.3383036 7.3403597 7.276071 7.242925 7.237751 13.794598 8.688908 7.3765707 8.436388
8.37737 9.174959 9.174959 9.0848465 9.084845 9.084845 8.59594 8.59594 9.174958 9.174958 9.174958 9.174958 9.174958 9.174958 9.174958 9.174958 9.174958 9.174958 9.174957 9.174957 9.174957 9.174957 9.174957 8.377366 8.595937 8.595936 9.174955 9.174954 9.174954 9.174953 9.174953 9.174953 9.174953 9.174953 9.174953 9.1749525 9.1749525 9.1749525 9.1749525 9.174952 9.174952 9.174952 9.174952 9.174952 9.174952 9.174952 9.174952 8.688852 8.688852 8.688852 5.4914384 6.4438744 6.805433 7.053354 7.177532 7.208245 7.2226176 13.451429 8.179881 8.179881 8.179881
9.174899 9.174899 9.084786 9.084786 9.084786 9.084786 8.5958805 8.595879 8.595879 9.174896 9.174894 9.174894 9.174894 9.174894 9.174894 9.174894 9.174892 9.174892 9.174892 9.174892 9.174892 9.174892 9.174892 9.174892 8.595877 8.595877 9.174892 7.0149345 7.0149345 9.174892 9.174892 9.174892 9.174892 9.174892 9.1748905 9.1748905 9.1748905 9.1748905 9.1748905 9.1748905 9.1748905 9.1748905 9.174889 9.174889 9.174889 9.174889 9.174889 8.688792 8.688792 8.688792 5.501856 6.1487594 6.7774878 5.4913917 5.4913917 6.4438257 5.491391 5.491391 8.179823 8.633326 8.633326
9.174838 9.084727 9.084727 9.084727 9.084727 8.595822 8.595822 8.595821 8.595821 9.174836 9.174836 9.174836 9.174836 9.174836 9.174836 9.174836 9.174836 9.174836 9.174834 9.174834 9.174834 9.174834 9.174834 9.174831 8.5958185 9.174831 9.174831 7.0148754 7.0148754 9.1748295 9.1748295 9.1748295 9.1748295 9.1748295 9.1748295 9.1748295 9.1748295 9.1748295 9.1748295 9.1748295 9.174828 9.174828 9.174826 9.174826 9.174826 9.174826 9.174826 8.68873 8.68873 8.633268 8.633267 5.5018167 5.491348 6.443779 6.805349 7.053261 7.4849024 7.9675193 15.521076 8.633266 8.633266
9.174776 9.084667 9.084667 9.084667 8.595762 9.174774 9.174774 8.595761 8.595761 8.595761 9.174774 9.174774 9.174774 9.174774 9.174774 9.174772 9.174772 9.174772 9.174772 9.174772 9.174772 9.174772 9.174772 9.174772 9.174772 9.174772 9.174772 9.174772 9.17477 9.17477 9.17477 9.17477 9.17477 9.17477 9.17477 9.17477 9.17477 9.174768 9.174768 9.174768 9.174767 9.174767 9.174767 9.174767 9.174767 9.174767 9.174767 8.688668 8.688667 8.688667 8.179707 5.29517 5.82439 5.4913 6.4437294 6.8053055 7.053211 7.177373 13.376656 8.179705 8.179705
9.174715 9.084607 9.084607 9.174715 9.174714 9.174714 9.174714 8.595703 8.595703 8.595701 9.174713 9.174713 9.174713 9.174713 9.174713 9.174712 9.174712 9.174712 9.174712 9.174712 9.174712 9.17471 9.17471 9.174709 9.174708 9.174708 9.174707 9.174707 9.174707 9.174707 9.174707 9.174706 9.174706 9.174706 9.174706 9.174706 9.174706 9.174706 9.174706 9.174706 9.174705 9.174705 9.174705 9.174705 9.174705 9.174704 9.174704 8.688608 8.688608 8.688608 8.688608 8.688608 5.4912553 6.4436812 6.8052626 5.4912553 5.4912553 6.4436812 12.462558 8.688606 8.405821
9.174652 9.174652 9.17465 9.17465 9.17465 9.17465 9.17465 9.17465 8.595643 8.595643 9.17465 9.17465 9.17465 9.17465 9.17465 9.174648 9.174648 9.174648 9.174648 9.174648 9.174648 9.174648 9.174648 9.174648 9.174648 9.174648 9.174648 9.174648 9.174648 9.174646 9.174646 9.174646 9.174646 9.174646 9.174646 9.174646 9.174646 9.174646 9.174646 9.174646 9.174646 9.174646 9.174646 9.174645 9.1746435 9.1746435 9.1746435 8.688547 8.688547 8.688547 8.688547 8.688547 5.4912114 6.4436345 6.8052216 7.6249228 7.9517016 8.165674 7.662289 13.778052 8.688545
9.174591 9.174591 9.174591 9.174591 9.174591 9.174591 9.174591 9.174589 8.595584 8.595584 9.174589 9.174589 9.174589 9.174589 9.174589 9.174589 9.174589 9.174589 9.174589 9.174587 9.174587 9.174587 9.174587 9.174587 9.174587 9.174587 9.1764145 9.174587 9.174587 9.174585 9.174585 9.174585 9.1745825 9.1745825 9.1745825 9.1745825 9.1745825 9.1745825 9.1745825 9.1745825 9.084482 9.084482 9.084482 9.1745825 9.1745825 9.1745825 9.1745825 8.688488 8.688488 8.688488 8.688488 8.688488 5.4911656 6.4435854 5.4911647 5.4911647 6.443585 6.8051777 7.05307 13.282276 8.688486
9.665265 9.665265 9.174528 9.174528 8.595525 8.595525 9.084429 9.174528 8.595524 8.595524 9.174528 9.174528 9.174528 9.174528 9.174528 9.174526 9.174526 9.174526 9.174526 9.174526 9.174526 9.174524 9.174524 9.174524 9.174524 9.084426 9.084426 9.174524 9.178175 9.174522 9.174522 9.17635 9.174522 9.174522 9.174522 9.174522 9.174522 9.174522 9.174521 9.084422 9.084421 8.49411 9.084421 9.084421 9.1745205 9.1745205 9.1745205 8.688426 8.688426 8.688426 8.688426 8.688426 5.4911213 5.4911213 7.181934 5.491121 5.491121 6.4435368 6.8051353 13.044991 8.688424
5.533882 8.595467 9.084371 8.595467 8.595467 8.595467 9.084371 9.174466 9.174466 8.595465 8.595465 9.174466 9.174466 9.174466 8.376883 9.174466 9.174464 9.174464 9.174463 9.174463 9.174463 9.174463 9.174463 9.174463 9.174463 9.665208 9.665206 9.084367 9.084367 9.084367 9.174463 9.174463 8.805589 8.805589 8.805589 8.805589 8.805589 9.174461 9.174461 9.084365 9.084365 9.084365 9.084365 9.084363 9.665203 9.174459 9.174459 8.688368 8.688368 8.688368 8.688368 8.688366 11.236069 5.4910736 7.65289 5.491073 6.443493 5.4910727 6.4434867 6.8050914 8.688364
5.9766064 8.595406 9.084312 9.084312 8.595406 7.7391005 7.7391005 8.805523 8.805523 8.805523 8.595405 9.174406 9.174406 9.174404 9.174404 8.3768215 9.174404 9.174404 9.174404 9.174404 9.174404 9.174402 9.174402 9.174402 9.665153 9.084307 8.493985 9.084307 9.084307 9.084307 9.174402 9.426963 8.805517 8.927326 8.927325 8.927325 8.927325 9.174401 9.174401 9.174401 9.174401 9.174401 9.174399 9.174399 9.174399 9.174399 9.174399 8.688305 8.688305 8.688305 8.688305 8.688305 8.688305 6.4434457 7.727566 6.443445 5.4910283 6.805056 5.491028 6.4434395 16.789827
6.7358894 5.5338006 5.788328 5.788328 8.493923 7.7390366 8.805451 8.927258 8.805451 8.927256 7.82106 7.7390356 9.174344 9.174344 9.174344 9.174344 8.376764 9.174342 9.174342 9.174342 9.174342 9.174342 9.174342 9.174342 9.665101 9.084248 9.084248 9.084248 9.084248 7.0144014 8.805446 8.805445 8.805445 8.927249 9.163414 8.805444 8.927249 8.805442 8.805442 8.805441 8.805441 8.805441 8.805441 8.805441 8.805441 8.805441 8.805441 8.688244 8.688244 8.688244 8.688244 8.688244 8.688244 6.805016 5.4909844 5.4909844 6.443399 5.490984 7.0528946 5.490984 5.490984
8.872987 6.8142767 6.425848 6.425848 8.493858 8.80538 8.927183 8.80538 8.927183 8.927183 8.927183 7.738972 7.7389703 9.17428 9.17428 9.17428 9.17428 9.17428 9.17428 9.17428 9.17428 9.17428 9.17428 9.17428 9.17428 8.595284 8.595284 8.595284 8.493854 8.805373 8.927177 8.594249 8.493853 8.927177 8.927177 8.805371 8.9271755 8.9271755 8.927175 8.927175 8.927175 8.927175 8.927175 8.927174 8.927174 8.927174 8.927174 8.688184 5.4909406 5.4909406 5.4909396 8.688184 5.4909396 7.052848 6.4433503 6.4433503 6.8049726 6.44335 5.490939 7.4451156 7.597935
8.805307 8.805307 7.4843793 7.0739594 8.805307 8.805307 8.805306 8.805306 8.927108 8.927108 8.927108 7.8209276 7.738904 8.493792 9.084133 9.084133 9.174221 9.174221 9.174221 9.174221 9.174221 9.174221 9.174219 9.174219 9.174219 9.174219 8.595225 8.595224 9.174217 8.805302 7.820923 8.493787 8.493787 7.7389 8.927104 8.927104 8.8053 8.927102 8.927102 8.8053 8.927102 8.927102 8.805299 8.927101 8.927101 8.805299 8.927101 8.435482 5.490894 6.443303 6.443303 5.490894 6.4433026 7.1769238 5.490893 12.461704 5.490893 7.0528 6.443301 5.4908924 6.4432955
8.805237 8.927038 8.927038 8.149984 5.7630634 8.805237 8.927038 8.927038 8.927036 8.927036 8.927036 8.927036 7.73884 8.493728 8.493725 9.084071 9.084071 9.174158 9.174157 9.174157 9.174157 9.174157 9.174157 9.174157 9.174157 9.174157 9.174157 9.174157 9.174157 8.927031 8.805229 7.7388344 8.493721 8.493721 8.805228 8.927029 8.927028 8.927028 8.927028 8.927027 8.927027 8.927027 8.927026 8.927026 8.927025 8.927025 8.927025 8.471094 6.443257 6.804889 6.804889 6.443256 6.8048882 7.2075176 5.4908485 11.235601 10.960934 8.632625 13.281357 6.8048854 8.688061
8.805161 8.92696 8.92696 15.743818 11.295731 8.92696 8.805161 8.92696 8.926959 8.926959 8.926959 8.926959 7.8207946 7.738775 8.493662 8.493662 8.80516 9.174096 9.174096 9.174096 9.174096 9.174096 9.174096 9.174096 9.174096 9.174095 9.174095 9.174095 8.805159 8.926956 8.926956 7.738771 8.493656 7.738768 7.820788 8.926955 8.594047 8.594047 8.926954 8.926954 8.926954 8.926954 8.926954 8.926952 8.926951 8.926951 8.926951 8.471022 11.730918 7.0527062 7.0527062 6.8048463 5.4908032 7.684668 6.4432063 8.688 8.632566 8.632566 8.687998 8.687998 13.044135
8.805094 9.046179 8.926891 8.805094 10.27783 8.926889 8.926889 8.805092 8.926889 8.926889 8.926889 8.926889 8.926888 7.7387075 7.7387075 7.7387066 8.926887 8.805089 9.174037 9.174035 9.174035 9.174035 9.174035 9.174035 9.174035 9.174035 9.174035 8.805087 8.926884 8.593982 8.593982 8.805086 8.805086 8.805086 8.805086 7.8207226 8.493591 8.493589 8.926882 8.926882 8.926881 8.926881 8.92688 8.92688 8.926879 8.926879 8.926879 8.47095 8.748452 7.1767664 5.4907575 7.6487613 6.4431567 7.72717 6.66566 5.294688 8.632506 8.632506 8.68794 8.68794 8.68794
9.046102 8.926814 8.926814 8.805019 8.926814 9.046102 5.762928 8.926813 8.805018 8.926813 8.926813 8.926813 9.046099 8.8050165 7.738644 7.738644 7.82066 8.926811 8.805016 9.173974 9.173974 9.173974 9.173974 9.173974 9.173974 9.173974 8.805015 8.805015 8.689699 8.493528 8.493526 8.926808 8.926808 8.926808 7.820657 7.738639 7.738639 7.738639 8.926804 8.926804 8.926804 8.926804 8.926804 8.926804 8.926804 8.926803 8.926803 8.470874 8.435199 7.207336 6.443109 7.874429 6.8759913 6.599697 6.084694 5.8237414 5.4907126 8.687878 8.687877 8.687877 8.687877
8.926741 8.926739 8.926739 8.926739 8.804947 8.593855 10.713331 8.926739 8.926739 8.804946 8.593852 8.689633 6.166106 8.926736 8.804943 7.7385783 7.7385783 8.926736 8.926736 8.59493 8.59493 9.173911 9.173911 9.173911 9.17391 9.17391 8.926734 8.804942 8.926734 8.1521 7.7385745 8.926732 8.926732 8.926732 7.7385745 7.7385745 7.7385736 7.7385736 7.8205886 7.8205886 8.92673 8.926729 8.926729 8.926728 8.926728 8.926728 8.926728 8.470803 8.470803 5.490668 7.2216535 6.8047185 8.161781 5.5012236 5.9442205 6.722999 6.4430604 5.4906673 5.490667 11.2352 8.687817
8.804877 8.926668 8.804876 8.926667 8.804876 8.804875 8.804875 8.915132 8.926666 8.493402 8.493402 8.493402 6.116339 8.804873 8.926664 8.804873 8.804873 8.926664 8.804873 8.594871 9.083775 9.173851 9.173851 9.173851 9.173851 8.804871 8.9266615 8.804871 8.804871 7.8205233 7.738508 8.92666 8.804869 8.92666 7.7385073 7.7385073 7.7385073 7.7385073 7.7385073 7.7385073 8.926659 8.926659 8.804868 8.926658 8.926658 8.804867 8.804867 8.558144 8.470729 8.435059 8.435058 7.243205 5.4906225 7.4932513 6.834267 5.5011854 5.4906225 6.954911 7.0403776 7.3374214 7.3393517
8.926595 8.926595 8.926595 8.926595 8.926594 8.926593 8.804805 8.926593 9.045874 8.493337 8.493337 8.493335 8.804805 8.926592 8.926592 8.926592 8.926591 8.311407 7.820459 8.493333 9.083717 9.173787 8.856146 9.173787 8.804799 8.926588 8.926588 8.926588 8.926588 8.804799 8.804798 8.804798 8.926587 7.820457 7.738444 7.738443 7.7384424 7.7384415 7.7384415 7.7384415 8.926584 8.926584 8.926584 8.926584 8.926584 8.926584 8.221413 8.55807 8.470654 8.470654 8.470654 8.470654 12.681506 10.73116 13.211346 6.387727 6.5579267 6.885995 6.9664693 7.154075 7.2302604
9.045797 8.926519 8.926519 8.926518 8.926518 8.926518 8.186026 8.435614 8.926518 8.493271 8.493271 7.7383833 8.926516 8.926516 8.926516 8.926516 8.926516 8.917683 7.7383823 8.493269 8.493269 8.221344 8.221344 8.8047285 8.926515 8.926515 8.926514 8.926514 8.926513 8.804727 9.045792 8.926513 8.926513 8.804726 7.738378 7.738378 7.738378 7.738378 7.738378 6.1162033 6.165903 8.926511 8.92651 8.926509 8.926509 8.32172 8.221337 8.434919 8.470585 7.3985786 7.3985786 7.3985777 7.3985767 7.8053603 8.434917 8.113007 8.434917 8.4349165 5.491821 5.4905286 6.4429073
