Export/ASCII/RMeteo_SP_inch/speranza1/RMeteo_2015_SP1_inch.asc
ncols         660
nrows         338
xllcorner     1476100.0
yllcorner     5017100.0
cellsize      100
NODATA_value  -9.9e-20
[rows 297 to 323 of 338, columns 61 to 121 of 660]
2.6720896 2.6720896 2.67209 2.6720905 2.6720905 2.6720905 2.6720905 2.6720905 2.672091 2.672091 2.672091 2.672092 2.672092 2.672092 2.672092 2.672092 2.672092 2.672092 2.672092 2.672092 2.672092 3.159544 3.1234736 3.161388 3.1613884 3.1613884 3.1613884 3.1613884 3.1613898 3.1613898 3.1613898 3.1234756 3.1613898 3.1613898 3.1613898 3.123476 3.1613903 3.1613908 3.1234765 3.1613908 3.1613908 3.1613908 3.1613908 3.1613917 3.1613917 3.1613917 3.1613917 3.1613917 3.1613917 3.1613922 3.1613922 3.1613922 3.1613922 3.1613932 3.1613932 3.1613932 3.1613932 3.1613932 3.1613932 3.1613932 3.1613941
2.6720257 2.635963 2.6720266 2.635964 2.635964 2.672027 2.672028 2.6359644 2.672028 2.6359644 2.672028 2.6359653 2.672029 2.672029 2.6359663 2.67203 2.6359663 2.6720304 2.6720304 2.6359668 2.6720304 3.1234136 3.1613216 3.1613216 3.161322 3.123414 3.1613226 3.1234145 3.1613226 3.1613226 3.1234145 3.1613226 3.1234145 3.1613235 3.1613235 3.123415 3.1613235 3.1613235 3.1613235 3.1613245 3.1613245 3.123416 3.1613245 3.1613245 3.1613245 3.1613255 3.1613255 3.1613255 3.1613255 3.1613255 3.1613255 3.1613255 3.1613255 3.1613255 3.1613255 3.1613255 3.1613255 3.1613264 3.1613264 3.1613264 3.1613264
2.6719623 2.6719623 2.6719637 2.6719637 2.6719637 2.6719637 2.6719637 2.6719637 2.6719642 2.6719642 2.6719642 2.6719642 2.6719642 2.6719642 2.6719642 2.6719642 2.6719642 2.6719646 2.6719646 2.6719646 2.6719646 3.15941 3.1612563 3.1612563 3.1612563 3.1612563 3.1612563 3.1612563 3.1612568 3.1612568 3.1612568 3.1612568 3.1612568 3.1612573 3.1612573 3.1612577 3.1612582 3.1612587 3.1612587 3.1612587 3.1612587 3.1612587 3.1612587 3.1612587 3.1612587 3.1612592 3.1612592 3.1612592 3.1612592 3.1612592 3.1612592 3.1612592 3.1612592 3.1612592 3.1612592 3.1612592 3.1612592 3.1612597 3.1612597 3.1612597 3.1612597
2.6718984 2.6718984 2.6718984 2.6718998 2.6719003 2.6719003 2.6358519 2.6358519 2.6358523 2.6719007 2.6719007 2.6719012 2.6719012 2.6719012 2.6719012 2.6719012 2.6719017 2.6719017 2.6719017 2.6719017 2.6719017 3.1593428 3.1611905 3.1611905 3.1611905 3.1611905 3.1611905 3.1611905 3.1611915 3.161192 3.161192 3.161192 3.161192 3.161192 3.161192 3.161192 3.161192 3.161192 3.161192 3.161192 3.161192 3.161192 3.161192 3.161193 3.161193 3.161193 3.161193 3.1611938 3.1611938 3.1611938 3.1611938 3.1611943 3.1611943 3.1611943 3.1611943 3.1611943 3.1611943 3.1611943 3.1611943 3.1611943 3.1611943
2.671836 2.671836 2.671836 2.671836 2.671836 2.671836 2.6718364 2.6357956 2.6718369 2.6718373 2.6357965 2.6718373 2.6357965 2.6718373 2.6357965 2.6718378 2.6718388 2.6718388 2.6357975 2.6718388 2.6357975 3.123232 3.1611214 3.1611214 3.1232324 3.1611223 3.1611228 3.1611228 3.1232328 3.1232333 3.1611233 3.1611233 3.1232333 3.1611233 3.1611233 3.1611238 3.1611238 3.1611238 3.1232338 3.1611247 3.1611247 3.1232347 3.1611247 3.1611247 3.1611247 3.1232347 3.1611247 3.1611247 3.1232347 3.1611252 3.1611252 3.1611257 3.1611257 3.1611257 3.1611257 3.1611257 3.1611257 3.1611266 3.1611266 3.1232371 3.161127
2.6717715 2.671772 2.671772 2.671773 2.671773 2.671773 2.671773 2.671773 2.6717734 2.6717734 2.6717734 2.6717734 2.671774 2.671774 2.671774 2.671774 2.671774 2.6717744 2.6357412 2.6717749 2.6357417 3.159206 3.1231728 3.161056 3.1231728 3.161056 3.1231732 3.1610565 3.161057 3.161057 3.161057 3.161057 3.161057 3.1231732 3.161057 3.1610575 3.1610575 3.161058 3.161058 3.161058 3.1610584 3.1610584 3.161059 3.161059 3.161059 3.161059 3.1610603 3.1610603 3.1610608 3.1610608 3.1610613 3.1610618 3.1610618 3.1610618 3.1610622 3.1610632 3.1610632 3.1610632 3.1610632 3.1610637 3.1610637
2.671708 2.671708 2.671708 2.671708 2.671709 2.635683 2.67171 2.67171 2.67171 2.67171 2.6717105 2.671711 2.671711 2.671711 2.635685 2.6717114 2.6717114 2.6717114 2.6717114 2.6717114 2.6717114 3.15914 3.1609912 3.123114 3.1609912 3.1609912 3.1609917 3.1609917 3.1609917 3.160993 3.160993 3.160993 3.160993 3.160993 3.1609936 3.160994 3.1609945 3.1609945 3.160995 3.160995 3.160995 3.160995 3.160996 3.1609964 3.1609964 3.1609964 3.1609964 3.1609964 3.1609964 3.1609964 3.160997 3.160997 3.160997 3.1609974 3.1609974 3.1609979 3.1609979 3.1609979 3.1609979 3.1609979 3.1609979
2.6716447 2.6356263 2.6716452 2.6716452 2.6356273 2.6716456 2.671646 2.6356273 2.671646 2.6356273 2.671646 2.671646 2.6356273 2.671646 2.6716475 2.6356287 2.6716475 2.6716475 2.6356287 2.671648 2.6356287 3.1590738 3.1609263 3.1230545 3.1609263 3.1609263 3.1609263 3.1609263 3.1230545 3.1609268 3.1609268 3.1609273 3.1609273 3.1609273 3.1230555 3.1609273 3.1609273 3.1609278 3.1609278 3.1609278 3.1609278 3.1609278 3.1609278 3.1230555 3.1609282 3.1609282 3.1609282 3.1609282 3.1609282 3.1609282 3.1609287 3.1609287 3.1609287 3.1609287 3.1609287 3.1609287 3.1609287 3.1609287 3.1609287 3.1609287 3.1609287
2.6715817 2.6715817 2.6715817 2.6715817 2.6715817 2.6715817 2.6715817 2.6715827 2.6715832 2.6715837 2.6715837 2.6715837 2.6715841 2.6715841 2.6715841 2.6715846 2.6715846 2.6715846 2.6715846 2.6715856 2.6715856 3.1590056 3.1608596 3.1608596 3.1608596 3.1608596 3.1608596 3.1608605 3.1608605 3.1608605 3.1608605 3.1608605 3.1608605 3.1608605 3.1608605 3.160861 3.1608615 3.1608615 3.1608615 3.1608615 3.1608615 3.1608615 3.1608615 3.1608615 3.160862 3.1608624 3.1608624 3.1608624 3.1608624 3.1608624 3.1608624 3.1608624 3.1608624 3.1608624 3.1608624 3.1608624 3.1608624 3.160863 3.160863 3.1608634 3.1608634
2.6715193 2.6715198 2.6715198 2.6715198 2.6715207 2.6715207 2.6715207 2.6715207 2.6715207 2.6715212 2.6715212 2.6715212 2.6715217 2.6715217 2.6715221 2.6715221 2.6715221 2.6715221 2.6715221 2.6715221 2.6715221 3.158938 3.1607933 3.1607933 3.1607933 3.1607933 3.1607933 3.1607933 3.1607933 3.1607933 3.1607933 3.1607938 3.1607938 3.1607938 3.1607943 3.1607943 3.1607943 3.1607943 3.1607947 3.1607947 3.1607947 3.1607947 3.1607947 3.1607947 3.1607947 3.1607947 3.1607952 3.1607957 3.1607957 3.1607957 3.1607957 3.1607957 3.1607957 3.1607957 3.1607957 3.1607957 3.1607957 3.1607962 3.1607962 3.1607966 3.160797
2.671455 2.6354585 2.6714554 2.6714563 2.6714573 2.6714573 2.6714573 2.6714573 2.6714573 2.6714573 2.6714578 2.6714578 2.6354618 2.6714587 2.6714587 2.6714587 2.6354618 2.6714587 2.6714587 2.6714597 2.6714602 3.1228704 3.1607242 3.1607242 3.1607246 3.1607256 3.1607256 3.1607256 3.1607256 3.1607256 3.1607256 3.1607256 3.1607256 3.1607256 3.160726 3.160726 3.160726 3.160726 3.1607265 3.1607265 3.1607275 3.1607275 3.1607275 3.1607275 3.160728 3.160728 3.1607285 3.1607285 3.1607285 3.1607285 3.1607285 3.1607285 3.1607285 3.1607285 3.160729 3.1607294 3.1607294 3.1607294 3.1607294 3.1607294 3.1607294
2.6713934 2.6713934 2.6713934 2.6713934 2.6713939 2.6713939 2.6713943 2.6713948 2.6713948 2.6713948 2.6713958 2.6713958 2.6713958 2.6713963 2.6713963 2.6713963 2.6713963 2.6713967 2.6713967 2.6713967 2.6713967 3.1588025 3.1228127 3.1606598 3.1606603 3.1606607 3.1606607 3.1606607 3.1606607 3.1606607 3.1606607 3.1606607 3.1606612 3.1606612 3.1606612 3.1606612 3.1606622 3.1606622 3.1606622 3.1606622 3.1606622 3.1606622 3.1606622 3.1606622 3.1606622 3.1606622 3.1606622 3.1606622 3.1606631 3.1606631 3.1606631 3.1606631 3.1606636 3.1606636 3.1606636 3.160664 3.160664 3.160665 3.160665 3.1606655 3.1606655
2.6713305 2.6713305 2.6713305 2.6713314 2.6713314 2.6713314 2.6713314 2.6713314 2.6713314 2.6713314 2.671332 2.671332 2.671332 2.6713324 2.6713324 2.6713324 2.6713324 2.6713324 2.6713333 2.6713333 2.6713333 3.1587353 3.160593 3.160593 3.1605935 3.1605935 3.160594 3.160594 3.160594 3.160594 3.160594 3.1605945 3.160595 3.1605954 3.1605954 3.1605954 3.1605964 3.1605964 3.1605964 3.1605964 3.1605968 3.1605968 3.1605968 3.1605968 3.1605973 3.1605973 3.1605978 3.1605978 3.1605983 3.1605983 3.1605988 3.1605988 3.122757 3.1605988 3.1605988 3.122757 3.122757 3.1605988 3.1605988 3.1605988 3.1605988
2.671267 2.6712675 2.6712675 2.6712675 2.671268 2.671268 2.635293 2.671268 2.671268 2.671268 2.671268 2.671268 2.671268 2.671268 2.635293 2.6712685 2.6712685 2.6712685 2.6712685 2.6712685 2.6712685 3.1586676 3.1605277 3.1605282 3.1605282 3.1605282 3.1605282 3.1605282 3.1605282 3.1226935 3.1605287 3.1605287 3.1605296 3.1605296 3.16053 3.16053 3.16053 3.16053 3.1605306 3.1605306 3.160531 3.160531 3.160531 3.160531 3.1605315 3.1605315 3.1605315 3.1605315 3.1605315 3.1605315 3.1605315 3.1605315 3.160532 3.160532 3.160532 3.160532 3.160532 3.160532 3.160532 3.160532 3.160532
2.6352367 2.6712046 2.6352377 2.6712055 2.671206 2.6352386 2.6712065 2.6352386 2.6712065 2.6712065 2.6352386 2.6712065 2.6712065 2.6352386 2.6712065 2.671207 2.6352391 2.671207 2.6712074 2.6352396 2.6712074 3.1585975 3.1226301 3.1604595 3.1604595 3.1226315 3.1604605 3.1604614 3.1226325 3.1604614 3.160462 3.122633 3.160462 3.160462 3.122633 3.160462 3.1226335 3.1604624 3.1604624 3.1604624 3.122634 3.1604629 3.122634 3.1604629 3.1604629 3.122634 3.122635 3.1604638 3.122635 3.1604643 3.122635 3.1604643 3.1226354 3.1604648 3.1604652 3.1226358 3.1226358 3.1604652 3.1604657 3.1604657 3.1604657
2.6711388 2.6711388 2.6711402 2.6711402 2.6711402 2.6711402 2.6711402 2.6711402 2.6711402 2.6711402 2.6711407 2.6711407 2.6711407 2.6711407 2.6711407 2.6711407 2.6711407 2.6711416 2.6711416 2.6711416 2.6711416 3.1585298 3.1603923 3.1603923 3.1603923 3.1603923 3.1603923 3.1603928 3.1603928 3.1603932 3.1603937 3.1603937 3.1603937 3.1603937 3.1603937 3.1603937 3.1603947 3.1603947 3.160396 3.160396 3.1603966 3.1603966 3.1603966 3.1603966 3.160397 3.160397 3.160397 3.160397 3.160397 3.160397 3.160397 3.160397 3.160397 3.1603975 3.1603985 3.1603985 3.1603994 3.1603994 3.1604 3.1604 3.1604
2.6710749 2.6710749 2.6710753 2.6710753 2.6710753 2.6710758 2.6710763 2.6710773 2.6710787 2.6710787 2.6710787 2.6710787 2.6710796 2.6710796 2.6710796 2.6710796 2.6710796 2.67108 2.67108 2.67108 2.67108 3.1584625 3.1603265 3.1603274 3.1603274 3.160328 3.160328 3.160328 3.160328 3.160328 3.160328 3.160328 3.160328 3.160328 3.160328 3.160328 3.160328 3.160328 3.1603284 3.1603284 3.1603298 3.1603298 3.1603298 3.1603298 3.1603308 3.1603308 3.1603308 3.1603308 3.1603312 3.1603312 3.1603312 3.1603312 3.1603317 3.1603317 3.1603322 3.1603322 3.1603327 3.1603327 3.1603327 3.1603327 3.1603336
2.6710134 2.6710134 2.6710134 2.6710134 2.6710138 2.6710138 2.6710138 2.6710138 2.6710138 2.6710138 2.6710153 2.6710153 2.6710153 2.6710157 2.6710157 2.6710157 2.6710162 2.6710162 2.6710162 2.6710162 2.6710162 3.1583977 3.1602626 3.1224527 3.1224527 3.1602635 3.1224527 3.1602635 3.1602635 3.1224527 3.1224527 3.1602635 3.1602635 3.1224527 3.1602645 3.1602645 3.160265 3.1224542 3.1224542 3.1602654 3.1602654 3.1224542 3.1602654 3.1602654 3.1602654 3.160266 3.160266 3.1224546 3.160266 3.160266 3.1224551 3.1602664 3.1602664 3.1602664 3.1224566 3.1602678 3.1602678 3.1224566 3.1602683 3.1602683 3.1602688
2.670949 2.670949 2.670949 2.670949 2.6350117 2.67095 2.67095 2.67095 2.67095 2.67095 2.670951 2.6350136 2.6709514 2.6709514 2.6709514 2.6350145 2.6709538 2.6709538 2.635016 2.6709542 2.635016 3.1223903 3.1223903 3.1601954 3.1601954 3.1601954 3.1601954 3.1601954 3.1601954 3.1601954 3.1601958 3.1601958 3.1601963 3.1601963 3.1601963 3.1601963 3.1601963 3.1601963 3.1601963 3.1601963 3.1601963 3.1601963 3.1601963 3.1601963 3.1601963 3.1601968 3.1601968 3.1601973 3.1601973 3.1601973 3.1601973 3.1601973 3.1601973 3.1601973 3.1601973 3.1601973 3.1601977 3.1601977 3.1601982 3.1601982 3.1601982
2.6708884 2.670889 2.6349583 2.670889 2.6708899 2.6708903 2.6708908 2.6708908 2.6708908 2.6708908 2.6708908 2.6708908 2.6708908 2.6708908 2.6708908 2.6708908 2.6708913 2.6708913 2.6708913 2.6708913 2.6349602 3.1582608 3.1601286 3.160129 3.160129 3.160129 3.160129 3.160129 3.1601295 3.1601295 3.1601295 3.1601295 3.1601295 3.1601295 3.16013 3.16013 3.16013 3.16013 3.16013 3.1601305 3.1601305 3.1601305 3.1601305 3.1601305 3.1601305 3.160132 3.160132 3.160132 3.160132 3.1601324 3.1601324 3.1601324 3.1601324 3.1601324 3.1601324 3.1601324 3.1223335 3.1601324 3.1601334 3.1601334 3.1601334
2.6708236 2.6708236 2.634901 2.6708245 2.634901 2.634902 2.6708255 2.634902 2.634903 2.6708264 2.634903 2.6708274 2.6708274 2.634904 2.6708274 2.6349044 2.6708279 2.6349044 2.6349049 2.6708288 2.6708293 3.1222687 3.1600614 3.1222692 3.1600623 3.12227 3.1600628 3.12227 3.1600633 3.1222706 3.1600633 3.1222706 3.1600633 3.1222706 3.1600647 3.122272 3.1600652 3.1600652 3.1222725 3.1600652 3.1600652 3.122273 3.1600657 3.1600657 3.122273 3.1600661 3.1600661 3.1600661 3.1222734 3.1600666 3.1600666 3.1222754 3.160068 3.160068 3.1222754 3.160068 3.1222754 3.160068 3.1222754 3.160068 3.1222754
2.6707602 2.6707602 2.6707602 2.6707602 2.6707602 2.670762 2.670762 2.670762 2.670762 2.6707625 2.6707635 2.670764 2.6707644 2.670765 2.670765 2.670765 2.670765 2.670765 2.670765 2.6707654 2.6707654 3.1581259 3.159995 3.1599956 3.1599956 3.1599956 3.1599956 3.1599956 3.1599956 3.1599956 3.1599965 3.1599965 3.1599965 3.1599965 3.1599965 3.1599965 3.1599965 3.1599965 3.1599965 3.1599965 3.1599965 3.159997 3.159997 3.159997 3.159997 3.159998 3.159998 3.159998 3.159998 3.159998 3.159998 3.1599984 3.1599984 3.1599984 3.1599984 3.1599984 3.159999 3.159999 3.1599994 3.1599994 3.1599998
2.6706977 2.6706982 2.6706982 2.6706982 2.6706982 2.6706986 2.6706986 2.6706986 2.6706991 2.6706991 2.6706996 2.6706996 2.6706996 2.6707006 2.6707006 2.6707006 2.6707006 2.6707006 2.6707006 2.6707006 2.6707006 3.1580596 3.1599298 3.1599298 3.1599298 3.1599298 3.1599298 3.1599298 3.1599298 3.1599298 3.1599298 3.1599298 3.1599298 3.1599298 3.1599298 3.1599307 3.1599307 3.1599317 3.1599317 3.1599321 3.1599321 3.1599321 3.1599321 3.1599321 3.1599321 3.1599326 3.159933 3.159933 3.159933 3.1599336 3.1599336 3.1599336 3.1599336 3.159934 3.159934 3.1599345 3.1599345 3.1599345 3.159935 3.1599355 3.1599355
2.6706347 2.6706347 2.6706352 2.6706357 2.6706357 2.6347342 2.6347342 2.6706362 2.6347342 2.6706362 2.6347342 2.6706371 2.634735 2.6706371 2.634736 2.670638 2.670638 2.670638 2.634736 2.6706386 2.6347365 3.157992 3.1598644 3.1220899 3.159865 3.159865 3.159865 3.159865 3.159865 3.1220903 3.1598659 3.1598659 3.1220918 3.1598663 3.1598663 3.1598668 3.1220922 3.1598678 3.1598678 3.1220932 3.1598678 3.1598678 3.1598678 3.1598682 3.1598682 3.1598682 3.1598687 3.1598687 3.1598687 3.1598687 3.1220937 3.1598692 3.1598692 3.1598697 3.1220946 3.1598701 3.1598701 3.1598701 3.1598701 3.1598701 3.1598701
2.6705709 2.6705709 2.6705713 2.6705713 2.6705713 2.6705718 2.6705718 2.6705718 2.6705728 2.6705728 2.6705728 2.6705728 2.634678 2.6705728 2.6705737 2.6705737 2.6705737 2.6705737 2.6346788 2.6705742 2.6705742 3.1579223 3.1220274 3.1220279 3.1220284 3.1597967 3.1220288 3.1597977 3.1220293 3.1220293 3.1597981 3.1220293 3.1597986 3.1597986 3.1597986 3.1597986 3.1597986 3.1597986 3.1597986 3.1597986 3.1597986 3.1597986 3.1597986 3.1597996 3.1597996 3.1597996 3.1597996 3.1597996 3.1597996 3.159801 3.159801 3.159801 3.159801 3.1598015 3.1598015 3.1598015 3.1598015 3.159802 3.159802 3.159802 3.159803
2.6705084 2.6705084 2.6705084 2.6705084 2.6705084 2.6705084 2.6705084 2.6705084 2.6705084 2.6705084 2.6705084 2.6705084 2.6705084 2.6705084 2.6705084 2.6705084 2.6705089 2.6705089 2.6705089 2.6705089 2.6705089 3.157854 3.1219668 3.159729 3.159729 3.159729 3.159729 3.159729 3.159729 3.159729 3.159729 3.1597295 3.15973 3.1597304 3.1597304 3.1597304 3.1597304 3.1597304 3.1597304 3.1597304 3.1597304 3.159731 3.159731 3.159731 3.159731 3.159731 3.159731 3.1597314 3.1597319 3.1597323 3.1597323 3.1597323 3.1597323 3.1597323 3.1597323 3.1597338 3.1597338 3.1597338 3.1597338 3.1597338 3.1597342
2.6704445 2.6345649 2.6704445 2.6704445 2.6704445 2.6345654 2.670445 2.670445 2.670445 2.6345654 2.6704454 2.6704464 2.6704464 2.6345673 2.6704473 2.6704473 2.6345673 2.6704473 2.6704473 2.6345673 2.6345673 3.1577892 3.1219091 3.1219091 3.1596656 3.1219091 3.1596656 3.1219091 3.159666 3.1219096 3.159666 3.1219096 3.159666 3.1219096 3.159666 3.1219096 3.159666 3.1219096 3.159666 3.159666 3.159666 3.159667 3.159667 3.1596675 3.121911 3.159668 3.159668 3.1596684 3.1596684 3.159669 3.159669 3.159669 3.159669 3.159669 3.159669 3.159669 3.1219125 3.159669 3.159669 3.159669 3.159669
