Export/ASCII/RMeteo_SP_inch/speranza1/RMeteo_2016_SP3_inch.asc
ncols         660
nrows         338
xllcorner     1476100.0
yllcorner     5017100.0
cellsize      100
NODATA_value  -9.9e-20
[rows 140 to 174 of 338, columns 80 to 159 of 660]
0.0 0.0 0.0 0.0 0.0 0.0 0.645628 0.645628 0.0 0.0 0.0 0.0 0.86169934 0.86169934 0.6 0.6 0.86169934 0.59209514 0.59209514 0.59209514 0.348691 0.0 0.348691 0.348691 0.0 0.5242357 0.0 0.0 0.37957573 0.37957573 0.37957573 0.0 0.0 0.0 0.0 0.0 0.0 0.0 0.0 0.0 0.0 0.27117538 0.27117538 0.27117538 0.0 0.0 0.0 0.0 0.37957573 0.37957573 0.27117538 0.27117538 0.2306199 0.27117538 0.0 0.0 0.0 0.0 0.0 0.0 0.27117538 0.27117538 0.27117538 0.27117538 0.27117538 0.0 0.0 0.0 0.0 0.0 0.0 0.0 0.37957573 0.0 0.37957573 0.37957573 0.37957573 0.37957573 0.0 0.0
0.0 0.0 0.0 0.0 0.0 0.0 0.0 0.0 0.0 0.59209394 0.59209394 0.0 0.8616984 0.8616984 0.34869003 0.34869003 0.59209394 0.59209394 0.59209394 0.34869003 0.0 0.34869003 0.34869003 0.34869003 0.34869003 0.34869003 0.34869003 0.0 0.0 0.0 0.0 0.0 0.0 0.0 0.0 0.0 0.0 0.0 0.0 0.0 0.27117467 0.27117467 0.27117467 0.0 0.0 0.0 0.0 0.0 0.3795743 0.3795743 0.27117467 0.0 0.230613 0.230613 0.27117467 0.0 0.27117467 0.0 0.0 0.27117467 0.27117467 0.27117467 0.27117467 0.27117467 0.27117467 0.0 0.0 0.0 0.0 0.0 0.0 0.0 0.3795743 0.3795743 0.0 0.0 0.0 0.0 0.0 0.0
0.0 0.0 0.0 0.5242207 0.0 0.0 0.0 0.0 0.0 0.5920932 0.64562607 0.64562607 0.8616977 0.5920932 0.34868932 0.34868932 0.64542174 0.5920932 0.9821886 0.34868932 0.34868932 0.34868932 0.0 0.52761865 0.34868932 0.64562607 0.37957335 0.0 0.27117348 0.2712996 0.0 0.0 0.0 0.0 0.0 0.0 0.0 0.0 0.27117348 0.27117348 0.0 0.0 0.27117348 0.27117348 0.0 0.0 0.0 0.0 0.37957335 0.37957335 0.27117348 0.0 0.23060632 0.27117348 0.27117372 0.27117372 0.27117372 0.0 0.0 0.27117372 0.27117372 0.27117372 0.27117372 0.0 0.27117372 0.0 0.0 0.0 0.0 0.0 0.0 0.0 0.0 0.0 0.0 0.0 0.0 0.0 0.0 0.0
0.55271554 0.55271554 0.0 0.5242138 0.5242138 0.0 0.0 0.0 0.0 0.64542055 0.59209204 0.64542055 0.59209204 0.49144697 0.59209204 0.9821867 0.59209204 0.59209204 0.8616967 0.34868824 0.34868824 0.0 0.0 0.34868824 0.34868824 0.34868824 0.34868824 0.34868824 0.0 0.0 0.27117252 0.27117252 0.0 0.27117252 0.27117252 0.27117252 0.27117252 0.27117252 0.0 0.0 0.3795724 0.3795724 0.27117252 0.27117252 0.0 0.0 0.0 0.0 0.3795724 0.27117252 0.27117252 0.27117252 0.27117252 0.27117252 0.27117252 0.27117252 0.27117252 0.27117252 0.27117252 0.27117252 0.27117252 0.0 0.27117252 0.0 0.0 0.0 0.0 0.0 0.0 0.27117252 0.27117252 0.0 0.0 0.0 0.0 0.0 0.0 0.0 0.0 0.0
0.55271506 0.55271506 0.62543106 0.5242069 0.5242069 0.0 0.0 0.0 0.0 0.0 0.5920911 0.5920911 0.5920911 0.5920911 0.5920911 0.34868753 0.34868753 0.86169577 0.5920911 0.5920911 0.5920911 0.5920911 0.0 0.34868753 0.5920913 0.9821842 0.34868753 0.34868753 0.195086 0.0 0.27117133 0.27117133 0.27117133 0.27117133 0.27117133 0.27117133 0.27117133 0.0 0.0 0.0 0.27117133 0.3795712 0.0 0.27117133 0.27117133 0.0 0.0 0.0 0.2305932 0.27117133 0.27117133 0.3795712 0.27117133 0.27117133 0.27117133 0.27117133 0.27117133 0.27117133 0.27117133 0.27117133 0.27117133 0.27117133 0.27117133 0.27117133 0.0 0.0 0.0 0.3795712 0.3795712 0.27117133 0.27117133 0.0 0.0 0.0 0.0 0.0 0.0 0.0 0.0 0.0
0.0 0.6254239 0.6254239 0.0 0.0 0.0 0.0 0.0 0.0 0.0 0.0 0.0 0.59209037 0.59209037 0.34868646 0.34868646 0.34868646 0.34868646 0.3852961 0.59209037 0.59209037 0.59209037 0.59209037 0.59209037 0.59209037 0.59209037 0.59209037 0.27117014 0.34868646 0.0 0.27117014 0.27117014 0.59209037 0.27117014 0.0 0.27117014 0.27117014 0.0 0.0 0.0 0.27117014 0.0 0.0 0.0 0.27117014 0.27117014 0.0 0.0 0.27117014 0.27117038 0.0 0.0 0.27117038 0.0 0.0 0.0 0.27117038 0.27117038 0.27117038 0.27117038 0.27117038 0.27117038 0.27117038 0.27117038 0.27117038 0.27117038 0.0 0.37957 0.37957 0.27117038 0.27117038 0.0 0.0 0.0 0.0 0.0 0.0 0.0 0.0 0.0
0.0 0.0 0.0 0.0 0.0 0.0 0.0 0.0 0.0 0.5920894 0.0 0.0 0.3486855 0.5920894 0.3486855 0.5276146 0.3486855 0.3486855 0.0 0.3486855 0.3486855 0.5920894 0.5920894 0.5920894 0.5920894 0.5920894 0.5920894 0.9821799 0.3486855 0.3486855 0.3486855 0.3486855 0.0 0.27116895 0.0 0.0 0.0 0.0 0.0 0.0 0.0 0.0 0.0 0.0 0.27116895 0.27116895 0.0 0.37956882 0.37956882 0.0 0.0 0.0 0.0 0.0 0.0 0.0 0.27116895 0.27116895 0.27116895 0.27116895 0.27116895 0.27116895 0.27116895 0.27116895 0.27116895 0.27116895 0.37956882 0.37956882 0.37956882 0.0 0.27116895 0.0 0.0 0.27116895 0.37956882 0.27116895 0.0 0.0 0.0 0.0
0.6254101 0.0 0.0 0.0 0.0 0.0 0.0 0.0 0.0 0.59208846 0.59208846 0.59208846 0.0 0.34868467 0.3852942 0.59208846 0.59208846 0.34868467 0.34868467 0.34868467 0.3852942 0.59208846 0.59208846 0.34868467 0.59208846 0.59208846 0.34868467 0.34868467 0.34868467 0.34868467 0.0 0.0 0.0 0.271168 0.0 0.0 0.0 0.0 0.0 0.0 0.0 0.0 0.37956786 0.0 0.271168 0.271168 0.271168 0.271168 0.271168 0.0 0.0 0.271168 0.271168 0.271168 0.0 0.0 0.0 0.0 0.0 0.0 0.23057437 0.271168 0.271168 0.271168 0.0 0.37956786 0.271168 0.271168 0.271168 0.271168 0.37956786 0.37956786 0.0 0.271168 0.271168 0.271168 0.0 0.0 0.37956786 0.37956786
0.0 0.62540436 0.62540436 0.524178 0.0 0.0 0.0 0.0 0.0 0.59208727 0.59208727 0.59208727 0.59208727 0.34868348 0.34868348 0.5276127 0.34868348 0.59926605 0.64562035 0.6284342 0.0 0.27116632 0.98217523 0.34868348 0.6454158 0.59208727 0.59208727 0.59208727 0.59208727 0.34868348 0.0 0.0 0.27116632 0.27116632 0.27116632 0.0 0.32218456 0.3795662 0.3795662 0.27116632 0.0 0.0 0.3795662 0.0 0.0 0.0 0.0 0.0 0.0 0.0 0.23056912 0.27116632 0.0 0.0 0.0 0.0 0.27116632 0.27116632 0.2711668 0.0 0.2711668 0.2711668 0.37956667 0.2711668 0.2711668 0.2711668 0.2711668 0.2711668 0.2711668 0.0 0.2711668 0.2711668 0.37956667 0.0 0.2711668 0.2711668 0.0 0.0 0.37956667 0.37956667
0.62539625 0.6253965 0.6253965 0.5241711 0.5241711 0.0 0.0 0.0 0.0 0.52761173 0.34868276 0.6454148 0.5920863 0.1107173 0.0 0.34868276 0.0 0.5920863 0.5920863 0.34868276 0.34868276 0.0 0.27116537 0.3154111 0.5920863 0.64541507 0.5920863 0.5920863 0.0 0.0 0.0 0.053805828 0.2711656 0.2711656 0.27122855 0.2711656 0.2711656 0.37956548 0.37956548 0.37956548 0.0 0.0 0.0 0.0 0.0 0.0 0.0 0.2711656 0.0 0.0 0.0 0.0 0.0 0.0 0.0 0.0 0.2711656 0.2711656 0.0 0.0 0.27116585 0.27116585 0.27116585 0.27116585 0.27116585 0.27116585 0.27116585 0.27116585 0.27116585 0.27116585 0.27116585 0.27116585 0.27116585 0.27116585 0.0 0.0 0.0 0.0 0.27116585 0.27116585
0.62539077 0.62539077 0.0 0.0 0.0 0.5241642 0.0 0.0 0.0 0.34868193 0.34868193 0.0 0.59208536 0.59208536 0.0 0.34868193 0.5920856 0.5920856 0.5920856 0.5920856 0.34868193 0.0 0.27116442 0.0 0.0 0.5920856 0.5920856 0.5920856 0.5920856 0.27116442 0.0 0.0 0.0 0.27116442 0.27116442 0.27116442 0.27122736 0.0 0.0 0.0 0.0 0.0 0.0 0.0 0.0 0.0 0.0 0.27116442 0.0 0.0 0.0 0.0 0.0 0.0 0.0 0.27116442 0.27116442 0.27116442 0.0 0.27116442 0.27116442 0.27116442 0.6 0.27116442 0.27116442 0.27116442 0.27116442 0.27116442 0.27116442 0.27116442 0.27116442 0.27116442 0.27116442 0.27116442 0.23055577 0.23055577 0.0 0.0 0.0 0.0
0.5527129 0.6253834 0.0 0.0 0.0 0.0 0.0 0.0 0.0 0.0 0.0 0.0 0.5920844 0.5920844 0.5920844 0.5920844 0.5920844 0.5920844 0.64541316 0.5920844 0.78018916 0.27116346 0.27116346 0.0 0.23054838 0.27116346 0.5920844 0.78018916 0.27116346 0.27116346 0.27116346 0.27116346 0.27116346 0.27116346 0.27116346 0.27116346 0.27116346 0.27116346 0.0 0.0 0.0 0.0 0.0 0.0 0.0 0.0 0.0 0.27116346 0.27116346 0.0 0.0 0.0 0.0 0.0 0.0 0.27116346 0.27116346 0.0 0.27116346 0.27116346 0.27116346 0.0 0.0 0.0 0.27116346 0.27116346 0.27116346 0.27116346 0.27116346 0.27116346 0.27116346 0.27116346 0.27116346 0.27116346 0.27116346 0.0 0.0 0.0 0.27116346 0.27116346
0.55271244 0.0 0.55271244 0.64561653 0.0 0.0 0.0 0.0 0.0 0.0 0.0 0.0 0.0 0.59208345 0.59208345 0.59208345 0.59208345 0.59208345 0.59208345 0.59208345 0.59208345 0.7801869 0.27116227 0.2305417 0.2305417 0.1950767 0.0 0.59208345 0.27116227 0.27116227 0.27116227 0.39877844 0.27116227 0.27116227 0.27116227 0.27116227 0.27116227 0.27116227 0.0 0.0 0.3795619 0.3795619 0.0 0.0 0.0 0.0 0.0 0.0 0.2711625 0.2711625 0.0 0.0 0.3795619 0.3795619 0.0 0.0 0.2711625 0.2711625 0.3795619 0.0 0.0 0.0 0.0 0.0 0.2711625 0.2711625 0.2711625 0.2711625 0.2711625 0.2711625 0.2711625 0.2711625 0.2711625 0.2711625 0.2711625 0.0 0.2711625 0.2711625 0.2711625 0.2711625
0.55271244 0.55271244 0.0 0.0 0.0 0.0 0.0 0.0 0.0 0.0 0.0 0.0 0.0 0.0 0.0 0.59208274 0.6456156 0.6456156 0.59208274 0.59208274 0.59208274 0.0 0.23053503 0.23053503 0.2305355 0.0 0.0 0.59208274 0.27116084 0.0 0.27116084 0.27116084 0.27116084 0.27116084 0.27116084 0.37956095 0.0 0.0 0.0 0.0 0.37956095 0.37956095 0.0 0.0 0.0 0.0 0.0 0.0 0.27116084 0.27116084 0.0 0.0 0.0 0.0 0.0 0.0 0.27116084 0.0 0.27116084 0.27116084 0.0 0.0 0.0 0.0 0.0 0.27116084 0.27116084 0.27116084 0.27116084 0.27116108 0.27116108 0.27116108 0.27116108 0.27116108 0.27116108 0.0 0.0 0.0 0.0 0.0
0.0 0.0 0.0 0.0 0.0 0.0 0.0 0.0 0.0 0.0 0.0 0.0 0.5920818 0.5920818 0.5920818 0.5920818 0.5920818 0.5920818 0.0 0.0 0.0 0.0 0.23052883 0.23052883 0.23052883 0.2711599 0.2711599 0.5920818 0.2711599 0.0 0.2711599 0.2711599 0.2711599 0.2711599 0.37955976 0.37963414 0.23052883 0.0 0.0 0.23052883 0.0 0.37955976 0.0 0.0 0.0 0.0 0.0 0.0 0.0 0.2711599 0.2711599 0.0 0.0 0.0 0.0 0.0 0.2711599 0.0 0.2711599 0.2711599 0.0 0.2711599 0.0 0.0 0.0 0.2711599 0.2711599 0.2711599 0.2711599 0.2711599 0.2711599 0.2711599 0.2711599 0.2711599 0.2711599 0.0 0.0 0.0 0.0 0.0
0.0 0.0 0.0 0.0 0.0 0.64540935 0.5920806 0.5920806 0.5920806 0.5920806 0.5920806 0.5920806 0.5920806 0.5920806 0.5920806 0.5920806 0.0 0.0 0.0 0.0 0.0 0.0 0.0 0.23052287 0.23052287 0.27115893 0.0 0.0 0.0 0.27115893 0.27115893 0.27115893 0.27115893 0.27115893 0.3795588 0.3795588 0.23052311 0.0 0.3795588 0.23052311 0.0 0.3795588 0.0 0.0 0.0 0.0 0.0 0.0 0.0 0.27115893 0.27115893 0.48825908 0.0 0.0 0.0 0.0 0.0 0.27115893 0.27115893 0.0 0.0 0.27115893 0.27115893 0.27115893 0.0 0.0 0.0 0.23052311 0.27115893 0.27115893 0.27115893 0.27115893 0.27115893 0.27115893 0.27115893 0.0 0.0 0.27115893 0.27115893 0.27115893
0.49843097 0.49843097 0.49843097 0.5920799 0.5920799 0.5920799 0.5920799 0.5920799 0.5920799 0.5920799 0.5920799 0.5920799 0.5920799 0.0 0.0 0.0 0.5241215 0.5920799 0.0 0.0 0.6456127 0.6456127 0.0 0.2711575 0.0 0.2711575 0.0 0.19507194 0.0 0.2711575 0.2711575 0.2711575 0.2711575 0.2711575 0.44750357 0.2711575 0.0 0.0 0.37955737 0.0 0.0 0.37955737 0.37955737 0.37955737 0.0 0.0 0.0 0.0 0.0 0.0 0.27115774 0.27115774 0.0 0.27115774 0.0 0.0 0.0 0.27115774 0.27115774 0.0 0.0 0.27115774 0.27115774 0.27115774 0.27115774 0.0 0.0 0.23051667 0.0 0.27115774 0.27115774 0.27115774 0.27115774 0.27115774 0.27115774 0.27115774 0.27115774 0.27115774 0.27115774 0.27115774
0.49843073 0.55259824 0.49843073 0.645612 0.7048843 0.645612 0.645612 0.0 0.0 0.0 0.0 0.0 0.0 0.0 0.0 0.5241146 0.645612 0.59207916 0.0 0.0 0.645612 0.645612 0.0 0.27115655 0.27115655 0.6 0.0 0.0 0.27115655 0.39877272 0.27115655 0.39877272 0.27115655 0.27115655 0.27115655 0.27115655 0.1950705 0.0 0.0 0.0 0.0 0.0 0.27115655 0.37955642 0.0 0.0 0.0 0.0 0.0 0.0 0.0 0.2711568 0.0 0.2711568 0.0 0.0 0.0 0.0 0.0 0.0 0.0 0.0 0.2711568 0.2711568 0.2711568 0.0 0.0 0.0 0.0 0.2711568 0.2711568 0.2711568 0.2711568 0.2711568 0.2711568 0.2711568 0.2711568 0.2711568 0.2711568 0.2711568
0.0 0.0 0.0 0.6456108 0.6456108 0.6456108 0.0 0.0 0.0 0.0 0.0 0.0 0.0 0.5241077 0.5241077 0.59207773 0.6456108 0.6456108 0.0 0.0 0.0 0.59207773 0.27115536 0.27115536 0.27115536 0.0 0.0 0.0 0.0 0.27115536 0.27115536 0.27115536 0.27115536 0.3987713 0.27115536 0.27115536 0.0 0.0 0.0 0.0 0.0 0.0 0.0 0.0 0.0 0.0 0.23050237 0.0 0.0 0.0 0.0 0.27115536 0.37955523 0.37955523 0.27115536 0.27115536 0.0 0.0 0.0 0.0 0.0 0.0 0.27115536 0.27115536 0.27115536 0.0 0.0 0.0 0.0 0.27115536 0.27115536 0.27115536 0.0 0.0 0.27115536 0.0 0.0 0.0 0.27115536 0.27115536
0.0 0.0 0.0 0.0 0.0 0.0 0.0 0.0 0.0 0.0 0.0 0.0 0.0 0.0 0.5241003 0.64560986 0.5920768 0.5241003 0.0 0.0 0.5920768 0.2711544 0.2711544 0.2711544 0.2711544 0.0 0.0 0.0 0.0 0.2711544 0.2711544 0.2711544 0.2711544 0.2711544 0.2711544 0.6 0.37955403 0.37955403 0.0 0.0 0.0 0.0 0.0 0.0 0.0 0.0 0.0 0.37955427 0.37955427 0.0 0.0 0.2711544 0.37955427 0.0 0.2711544 0.2711544 0.2711544 0.0 0.0 0.0 0.0 0.0 0.2711544 0.2711544 0.2711544 0.2711544 0.0 0.0 0.0 0.0 0.2711544 0.0 0.0 0.0 0.0 0.0 0.0 0.2711544 0.2711544 0.2711544
0.0 0.0 0.0 0.0 0.0 0.0 0.0 0.0 0.0 0.0 0.0 0.0 0.0 0.0 0.0 0.6456089 0.6456089 0.6456089 0.6456089 0.6456089 0.59207606 0.27115297 0.27115297 0.27115297 0.27115297 0.27115297 0.0 0.0 0.0 0.27115297 0.27115297 0.27115297 0.39876938 0.27115297 0.27115297 0.27115297 0.0 0.0 0.0 0.0 0.0 0.0 0.0 0.0 0.37955308 0.37955308 0.0 0.37955308 0.37955308 0.37955308 0.37955308 0.27115345 0.37955308 0.0 0.27115345 0.27115345 0.27115345 0.0 0.0 0.0 0.0 0.0 0.0 0.0 0.27115345 0.0 0.0 0.0 0.0 0.0 0.0 0.0 0.0 0.0 0.0 0.0 0.0 0.27115345 0.23049092 0.23049092
0.0 0.0 0.0 0.0 0.0 0.0 0.5920751 0.5920751 0.0 0.0 0.0 0.0 0.0 0.0 0.64560795 0.64560795 0.0 0.64560795 0.65357375 0.5920751 0.64560795 0.27115202 0.27115202 0.27115202 0.27115202 0.27115202 0.3987682 0.27115202 0.0 0.27115202 0.33602595 0.6 0.6 0.6 0.0 0.27115202 0.19506621 0.0 0.0 0.0 0.0 0.0 0.0 0.0 0.0 0.19506621 0.0 0.0 0.0 0.37955213 0.37955213 0.0 0.37955213 0.0 0.0 0.27115202 0.27115202 0.27115202 0.0 0.0 0.0 0.0 0.0 0.0 0.0 0.0 0.0 0.0 0.0 0.0 0.0 0.0 0.27115202 0.0 0.27115202 0.27115202 0.37955213 0.23048449 0.23048449 0.23048449
0.0 0.0 0.0 0.0 0.0 0.0 0.64560723 0.0 0.0 0.0 0.0 0.0 0.0 0.5240791 0.64560723 0.64560723 0.34867132 0.34867132 0.0 0.5920744 0.5920744 0.27115107 0.27115107 0.27115107 0.27115107 0.27115107 0.27115107 0.27115107 0.27115107 0.37955093 0.37955093 0.6 0.6 0.6 0.27115107 0.0 0.0 0.0 0.0 0.0 0.0 0.0 0.0 0.0 0.0 0.0 0.0 0.0 0.0 0.0 0.0 0.0 0.0 0.0 0.0 0.27115107 0.27115107 0.27115107 0.27115107 0.0 0.0 0.0 0.0 0.0 0.0 0.0 0.0 0.0 0.0 0.0 0.0 0.27115107 0.27115107 0.27115107 0.0 0.27115107 0.37955093 0.27115107 0.37955093 0.37955093
0.0 0.0 0.0 0.0 0.0 0.0 0.64560604 0.0 0.0 0.0 0.0 0.0 0.0 0.0 0.64560604 0.34867013 0.34867013 0.34867013 0.5240712 0.6454017 0.59207296 0.27114987 0.27114987 0.27114987 0.27114987 0.27114987 0.27114987 0.27114987 0.59207296 0.0 0.0 0.0 0.0 0.0 0.3795495 0.3795495 0.0 0.38285637 0.0 0.0 0.0 0.0 0.0 0.0 0.19506335 0.0 0.0 0.0 0.0 0.0 0.0 0.0 0.27114987 0.27114987 0.27114987 0.27114987 0.27114987 0.27114987 0.27114987 0.0 0.0 0.0 0.0 0.0 0.0 0.0 0.0 0.0 0.0 0.0 0.27114987 0.27114987 0.27114987 0.27114987 0.27114987 0.27114987 0.27114987 0.27114987 0.27114987 0.27114987
0.0 0.0 0.0 0.0 0.0 0.0 0.0 0.0 0.0 0.0 0.0 0.0 0.0 0.0 0.0 0.0 0.3486693 0.9574771 0.3486693 0.3486693 0.59207225 0.27114868 0.27114868 0.27114868 0.27114868 0.27114868 0.0 0.0 0.0 0.0 0.0 0.0 0.0 0.0 0.3795488 0.27114868 0.27114868 0.0 0.0 0.0 0.1950624 0.0 0.0 0.1950624 0.0 0.0 0.0 0.0 0.27114868 0.27114868 0.27114868 0.27114868 0.27114868 0.27114868 0.27114868 0.27114868 0.27114868 0.27114868 0.27114868 0.0 0.27114868 0.27114868 0.27114868 0.27114868 0.27114868 0.23046589 0.0 0.0 0.0 0.0 0.0 0.0 0.0 0.27114868 0.27114868 0.27114868 0.27114868 0.27114868 0.27114868 0.27114868
0.0 0.0 0.0 0.0 0.0 0.0 0.59207106 0.59207106 0.0 0.0 0.0 0.0 0.0 0.0 0.0 0.0 0.0 0.64560413 0.64560413 0.64560413 0.64560413 0.34866834 0.0 0.0 0.0 0.0 0.0 0.0 0.0 0.0 0.0 0.0 0.5240586 0.5240586 0.5240586 0.5920713 0.5920713 0.5920713 0.2711475 0.0 0.0 0.2711475 0.2711475 0.0 0.2711475 0.2711475 0.2711475 0.39876366 0.2711475 0.2711475 0.2711475 0.2711475 0.2711475 0.2711475 0.0 0.2711475 0.2711475 0.0 0.2711475 0.2711475 0.2711475 0.2711475 0.6 0.23045826 0.23045826 0.23045826 0.0 0.0 0.0 0.0 0.0 0.0 0.0 0.2711475 0.2711475 0.2711475 0.2711475 0.2711475 0.2711475 0.2711475
0.20743895 0.0 0.0 0.653569 0.6456034 0.6456034 0.59207034 0.59207034 0.59207034 0.5240507 0.0 0.0 0.0 0.0 0.0 0.6456034 0.6456034 0.6456034 0.6456034 0.6456034 0.5240512 0.0 0.0 0.0 0.0 0.0 0.0 0.0 0.0 0.0 0.0 0.0 0.0 0.0 0.5240512 0.5240512 0.7801565 0.27114654 0.27114654 0.27114654 0.27114654 0.27114654 0.27114654 0.27114654 0.27114654 0.27114654 0.27114654 0.27114654 0.27114654 0.27114654 0.27114654 0.0 0.0 0.0 0.0 0.27114654 0.0 0.0 0.27114654 0.27114654 0.27114654 0.6 0.6 0.6 0.27114654 0.27114654 0.27114654 0.27114654 0.0 0.0 0.0 0.0 0.0 0.27114654 0.27114654 0.27114654 0.27114654 0.27114654 0.27114654 0.27114654
0.2074387 0.0 0.0 0.6456022 0.6456022 0.6456022 0.59206915 0.59206915 0.6453979 0.52404356 0.0 0.52404356 0.52404356 0.52404356 0.52404356 0.6456022 0.6456022 0.34866655 0.6456022 0.59206915 0.59206915 0.0 0.0 0.0 0.0 0.0 0.0 0.0 0.0 0.0 0.0 0.6456022 0.0 0.59206915 0.59206915 0.59206915 0.59206915 0.59206915 0.2711451 0.2711451 0.39876127 0.2711451 0.2711451 0.39876127 0.2711451 0.2711451 0.2711451 0.2711451 0.2711451 0.0 0.3795452 0.3795452 0.3795452 0.0 0.0 0.0 0.0 0.0 0.0 0.0 0.6 0.6 0.6 0.27114534 0.27114534 0.27114534 0.27114534 0.27114534 0.0 0.0 0.0 0.0 0.27114534 0.27114534 0.27114534 0.27114534 0.27114534 0.27114534 0.27114534 0.27114534
0.0 0.0 0.0 0.0 0.0 0.52403617 0.5920682 0.5920682 0.0 0.0 0.0 0.52403617 0.52403617 0.52403617 0.6456013 0.6535671 0.6456013 0.34866583 0.5920682 0.5920682 0.0 0.0 0.0 0.0 0.0 0.0 0.0 0.0 0.0 0.0 0.0 0.6456013 0.6456013 0.6456013 0.6456013 0.5920682 0.5920682 0.5920682 0.5920682 0.2711439 0.2711439 0.2711439 0.2711439 0.2711439 0.2711439 0.2711439 0.37954378 0.37954378 0.0 0.0 0.37954378 0.0 0.37954378 0.0 0.0 0.0 0.0 0.0 0.0 0.0 0.2711439 0.2711439 0.2711439 0.2711439 0.27114415 0.27114415 0.27114415 0.27114415 0.27114415 0.0 0.0 0.0 0.27114415 0.27114415 0.27114415 0.27114415 0.27114415 0.27114415 0.27114415 0.27114415
0.19693851 0.19693851 0.62526107 0.52402925 0.52402925 0.52402925 0.52402925 0.52402925 0.0 0.0 0.0 0.0 0.52402925 0.0 0.6535661 0.6456003 0.6456003 0.34866476 0.645396 0.5920675 0.0 0.52402925 0.0 0.0 0.0 0.0 0.0 0.0 0.6456003 0.5920675 0.6456003 0.6456003 0.0 0.6456003 0.6456003 0.34866476 0.34866476 0.0 0.5920675 0.27114296 0.27114296 0.27114296 0.27114296 0.27114296 0.3987589 0.27114296 0.37954283 0.37954283 0.0 0.0 0.0 0.0 0.0 0.0 0.0 0.0 0.0 0.0 0.37954283 0.27114296 0.27114296 0.27114296 0.27114296 0.27114296 0.5209739 0.27114296 0.27114296 0.27114296 0.27114296 0.27114296 0.27114296 0.27114296 0.27114296 0.27114296 0.27114296 0.27114296 0.27114296 0.27114296 0.27114296 0.27114296
0.1969347 0.1969347 0.0 0.52402186 0.52402186 0.52402186 0.52402186 0.52402186 0.52402186 0.0 0.64559937 0.64559937 0.52402186 0.0 0.0 0.0 0.0 0.0 0.5920665 0.5920665 0.0 0.0 0.0 0.0 0.0 0.0 0.0 0.6535654 0.64559937 0.6535654 0.64559937 0.64559937 0.0 0.0 0.34866405 0.52759194 0.5240226 0.0 0.6455996 0.59206676 0.271142 0.39875817 0.37954187 0.271142 0.271142 0.0 0.0055861473 0.0 0.0 0.0 0.0 0.0 0.0 0.6 0.6 0.0 0.0 0.0 0.271142 0.271142 0.271142 0.23042703 0.271142 0.271142 0.271142 0.271142 0.271142 0.271142 0.271142 0.271142 0.271142 0.271142 0.271142 0.271142 0.271142 0.39875817 0.271142 0.271142 0.271142 0.271142
0.19693041 0.19693041 0.19693041 0.0 0.52401567 0.52401567 0.0 0.52401567 0.52401567 0.52401567 0.64559865 0.64559865 0.52401567 0.0 0.64559865 0.0 0.0 0.0 0.5920656 0.5920656 0.5920656 0.5920656 0.5920656 0.34866285 0.0 0.0 0.0 0.64559865 0.64559865 0.64559865 0.64559865 0.0 0.0 0.5920656 0.5920656 0.5920656 0.5920656 0.5920656 0.5920656 0.5920656 0.0 0.5920656 0.37954068 0.37954068 0.27114105 0.0 0.0 0.0 0.27114105 0.27114105 0.0 0.0 0.27114105 0.27114105 0.27114105 0.37954068 0.37954068 0.27114105 0.27114105 0.27114105 0.27114105 0.0 0.23042011 0.27114105 0.27114105 0.27114105 0.27114105 0.27114105 0.27114105 0.27114105 0.27114105 0.27114105 0.27114105 0.27114105 0.27114105 0.27114105 0.27114105 0.27114105 0.0 0.0
0.19692564 0.19692564 0.19692564 0.31254244 0.0 0.5240085 0.5920644 0.5920644 0.5920644 0.5240085 0.0 0.0 0.0 0.0 0.64559746 0.64559793 0.0 0.0 0.59206486 0.59206486 0.59206486 0.59206486 0.59206486 0.34866226 0.64559793 0.64559793 0.64559793 0.64559793 0.64559793 0.64559793 0.59206486 0.59206486 0.59206486 0.59206486 0.59206486 0.0 0.0 0.64559793 0.64559793 0.0 0.0 0.0 0.0 0.0 0.0 0.0 0.0 0.0 0.2711401 0.2711401 0.2711401 0.0 0.2711401 0.2711401 0.39875603 0.2711401 0.37953997 0.2711401 0.2711401 0.2711401 0.0 0.0 0.37953997 0.2711401 0.2711401 0.2711401 0.2711401 0.2711401 0.39875603 0.2711401 0.2711401 0.2711401 0.0 0.2711401 0.2711401 0.37953997 0.0 0.0 0.0 0.0
0.1969204 0.19692087 0.19692087 0.054171085 0.312541 0.58582234 0.5920634 0.5920634 0.5920634 0.0 0.0 0.0 0.0 0.0 0.0 0.64559627 0.0 0.0 0.0 0.5920634 0.6453922 0.5920634 0.52400136 0.52400136 0.64559627 0.64559627 0.5920634 0.5920634 0.5920634 0.5920634 0.5240016 0.0 0.0 0.0 0.0 0.0 0.64559627 0.64559627 0.64559627 0.64559627 0.0 0.0 0.0 0.64559627 0.64559627 0.3795383 0.0 0.27113843 0.27113843 0.0 0.0 0.27113843 0.27113843 0.27113843 0.27113843 0.27113843 0.0 0.0 0.3795383 0.3795383 0.27113843 0.3795383 0.3795383 0.27113843 0.27113843 0.3795383 0.3795383 0.0 0.0 0.27113843 0.27113843 0.27113843 0.0 0.0 0.0 0.0 0.0 0.0 0.0 0.0
0.19691563 0.19691563 0.19691563 0.054164886 0.23040009 0.0 0.52399445 0.5920627 0.5920627 0.0 0.0 0.0 0.0 0.0 0.0 0.64559555 0.0 0.0 0.0 0.5920627 0.5920627 0.64559555 0.34866023 0.5920627 0.5920627 0.5920627 0.0 0.0 0.0 0.0 0.0 0.0 0.0 0.0 0.0 0.0 0.64559555 0.64559555 0.0 0.0 0.0 0.0 0.5920627 0.64559555 0.64559555 0.5920627 0.27113748 0.27113748 0.27113748 0.0 0.0 0.0 0.27113748 0.27113748 0.27113748 0.27113748 0.0 0.0 0.23040056 0.37953734 0.37953734 0.37953734 0.37953734 0.27113748 0.27113748 0.0 0.0 0.0 0.0 0.27113748 0.27113748 0.27113748 0.37953734 0.0 0.0 0.0 0.0 0.0 0.0 0.0
