Export/ASCII/RMeteo_SP_inch/speranza1/RMeteo_2014_SP2_inch.asc
ncols         660
nrows         338
xllcorner     1476100.0
yllcorner     5017100.0
cellsize      100
NODATA_value  -9.9e-20
[rows 216 to 242 of 338, columns 60 to 119 of 660]
1.7072973 1.7072973 1.7072973 1.7072973 1.7072973 1.7072973 1.7072973 1.7072973 1.7072978 1.7072978 1.7072978 1.7072983 1.7072983 1.7072983 1.7072983 1.7072983 1.7072983 1.7072983 1.7072983 1.7072983 1.7072983 1.7072983 1.7072983 1.595079 1.5950794 1.5950794 1.5950794 1.5950794 1.5950794 1.5950794 1.5950794 1.5950794 1.5950794 1.5950794 1.5950794 1.5950794 1.5950794 1.5950794 1.5950794 1.5950794 1.5950794 1.5950794 1.5161741 1.8608944 1.8608944 1.8608944 1.8608944 1.8608944 1.8608944 1.8608944 1.8608944 1.8608944 1.8608944 1.8608944 1.8608944 1.8608944 2.1230116 1.8608944 1.8608944 2.1230116
1.7072864 1.7072864 1.7072864 1.7072864 1.7072864 1.7072864 1.7072864 1.7072864 1.7072864 1.7072864 1.7072864 1.7072864 1.7072864 1.7072864 1.7072864 1.7072864 1.7072868 1.7072868 1.7072868 1.7072868 1.7072868 1.7072868 1.7072868 1.5950694 1.5950694 1.5950694 1.5950694 1.5950694 1.5950694 1.5950694 1.5950694 1.5950694 1.5950694 1.5950694 1.5950694 1.5950694 1.5950694 1.5950694 1.5950694 1.5950694 1.5950694 1.5950694 1.5161686 1.8608885 1.8608885 1.8608885 1.8608885 1.8608885 1.8608885 1.8608885 1.8608885 1.8608885 1.8608885 1.8608885 1.8608885 1.8608887 1.8608887 2.2497196 1.8608887 2.1230052
1.7072783 1.7072783 1.7072783 1.7072783 1.7072783 1.7072783 1.7072783 1.7072783 1.7072783 1.7072787 1.7072787 1.7072787 1.7072787 1.7072787 1.7072787 1.7072787 1.7072787 1.7072787 1.7072787 1.7072787 1.7072787 1.7072787 1.7072792 1.5950613 1.5950613 1.5950613 1.5950618 1.5950618 1.5950618 1.5950618 1.5950618 1.5950618 1.5950618 1.5950618 1.5950618 1.5950618 1.5950618 1.5950618 1.5950618 1.5950618 1.5950618 1.5950618 1.5950618 1.5161636 1.8608835 1.8608835 1.8608835 1.8608835 1.8608835 1.8608835 1.8608835 1.8608835 1.8608835 1.8608835 1.8608835 1.8608835 2.385722 1.928332 2.249711 2.2497113
1.7072692 1.7072692 1.7072692 1.7072692 1.7072692 1.7072692 1.7072692 1.7072692 1.7072692 1.7072692 1.7072692 1.7072692 1.7072692 1.7072692 1.7072692 1.7072692 1.7072692 1.7072692 1.7072692 1.7072692 1.7072692 1.7072692 1.7072692 1.5950518 1.5950518 1.5950518 1.5950518 1.5950518 1.5950518 1.5950518 1.5950518 1.5950518 1.5950518 1.5950518 1.5950518 1.5950518 1.5950518 1.5950518 1.5950518 1.5950518 1.5950518 1.5950518 1.5950518 1.5161576 1.5161576 1.8608773 1.8608773 1.8608773 1.8608773 1.8608773 1.8608773 1.8608773 1.8608775 1.8608775 1.860878 1.860878 1.9283264 1.9283264 2.2497025 2.2497025
1.7072592 1.7072592 1.7072592 1.7072592 1.7072592 1.7072592 1.7072592 1.7072592 1.7072592 1.7072597 1.7072597 1.7072597 1.7072597 1.7072597 1.7072597 1.7072597 1.7072597 1.7072597 1.7072597 1.7072597 1.7072597 1.7072597 1.7072597 1.5950432 1.5950432 1.5950432 1.5950432 1.5950437 1.5950437 1.5950441 1.5950441 1.5950441 1.5950441 1.5950441 1.5950441 1.5950441 1.5950441 1.5950441 1.5950441 1.5950441 1.5950441 1.5950441 1.5950446 1.5161521 1.5161521 1.8608723 1.8608723 1.8608723 1.8608723 1.8608723 1.8608723 1.8608723 1.8608723 1.8608723 1.8608723 1.8608723 1.8608723 2.2496936 2.2496936 2.2496936
1.7072496 1.7072496 1.7072496 1.7072496 1.7072496 1.7072496 1.7072496 1.7072496 1.7072496 1.7072496 1.7072496 1.7072496 1.7072496 1.7072496 1.7072496 1.7072496 1.7072496 1.7072496 1.7072496 1.7072496 1.7072496 1.7072496 1.7072496 1.595036 1.595036 1.595036 1.595036 1.595036 1.595036 1.595036 1.595036 1.595036 1.595036 1.595036 1.595036 1.595036 1.595036 1.595036 1.595036 1.595036 1.595036 1.595036 1.595036 1.5161469 1.5161469 1.8608673 1.8608673 1.8608673 1.8608673 1.8608673 1.8608673 1.8608673 1.8608673 1.8608673 1.8608673 1.8608673 1.8608673 1.8608673 1.8608673 1.8608673
1.7072396 1.7072396 1.7072396 1.7072396 1.7072396 1.7072396 1.7072396 1.7072396 1.7072396 1.7072396 1.7072396 1.7072396 1.7072396 1.7072396 1.7072396 1.7072396 1.7072396 1.7072396 1.7072396 1.7072396 1.7072396 1.7072396 1.7072396 1.595026 1.595026 1.595026 1.595026 1.595026 1.595026 1.595026 1.595026 1.595026 1.595026 1.595026 1.5950265 1.5950265 1.5950265 1.5950265 1.5950265 1.5950265 1.5950265 1.5950265 1.5950265 1.5161412 1.8608613 1.8608613 1.8608613 1.8608613 1.8608613 1.8608613 1.8608613 1.8608613 1.8608615 1.8608615 1.8608615 1.8608615 1.8608615 1.8608615 1.8608615 1.8608615
1.7072301 1.7072301 1.7072301 1.7072301 1.7072301 1.7072301 1.7072301 1.7072301 1.7072301 1.7072301 1.7072301 1.7072301 1.7072301 1.7072301 1.7072306 1.7072306 1.7072306 1.7072306 1.7072306 1.7072306 1.7072306 1.7072306 1.7072306 1.5950165 1.5950165 1.595017 1.595017 1.595017 1.595017 1.595017 1.595017 1.5950174 1.5950174 1.5950179 1.5950179 1.5950179 1.5950179 1.5950179 1.5950179 1.5950179 1.5950179 1.5950179 1.2746074 1.8608565 1.8608565 1.8608565 1.8608565 1.8608565 1.8608565 1.8608565 1.8608565 1.8608565 1.8608565 1.8608565 1.8608565 1.8608565 1.8608565 1.8608565 1.8608565 1.8608565
1.7072206 1.7072206 1.7072206 1.7072206 1.7072206 1.7072206 1.7072206 1.7072206 1.7072206 1.7072206 1.7072206 1.7072206 1.7072206 1.7072206 1.7072206 1.7072206 1.7072206 1.7072206 1.7072206 1.7072206 1.7072206 1.7072206 1.7072206 1.5950074 1.5950074 1.5950074 1.5950074 1.5950074 1.5950074 1.5950079 1.5950079 1.5950079 1.5950079 1.5950079 1.5950084 1.5950084 1.5950084 1.5950084 1.5950084 1.5950084 1.5950084 1.5950084 1.6687217 1.8316749 1.8316749 1.8608506 1.8608506 1.8608506 1.8608506 1.8608506 1.8608506 1.8608506 1.8608506 1.8608506 1.8608506 1.8608506 1.8608506 1.8608506 1.8608506 1.8608506
1.7072105 1.7072105 1.7072105 1.7072105 1.7072105 1.7072105 1.7072105 1.7072105 1.7072105 1.7072105 1.7072105 1.7072105 1.7072105 1.7072105 1.7072105 1.7072105 1.7072105 1.7072105 1.7072105 1.7072105 1.7072105 1.7072105 1.7072105 1.5949988 1.5949988 1.5949988 1.5949988 1.5949993 1.5949993 1.5949993 1.5949993 1.5949993 1.5949998 1.5949998 1.5949998 1.5949998 1.5949998 1.5949998 1.5949998 1.5949998 1.5949998 1.5949998 1.6687145 1.6687145 1.6687145 1.8316693 1.8608449 1.8608449 1.8608451 1.8608451 1.8608451 1.8608451 1.8608451 1.8608451 1.8608451 1.8608451 1.8608451 1.8608451 1.8608451 1.8608451
1.707201 1.707201 1.707201 1.707201 1.707201 1.707201 1.707201 1.707201 1.707201 1.7072015 1.7072015 1.7072015 1.7072015 1.7072015 1.7072015 1.7072015 1.7072015 1.7072015 1.7072015 1.7072015 1.7072015 1.7072015 1.7072015 1.5949898 1.5949898 1.5949898 1.5949898 1.5949898 1.5949898 1.5949907 1.5949907 1.5949907 1.5949907 1.5949907 1.5949907 1.5949907 1.5949912 1.5949912 1.5949912 1.5949912 1.5949912 1.5949912 1.5949912 1.6687062 1.6687062 1.6687062 1.6687062 1.6687062 1.6687062 1.6687062 1.8608398 1.8608398 1.8608398 1.8608398 1.8608398 1.8608398 1.8608398 1.8608398 1.8608398 1.8608398
1.7071915 1.7071915 1.7071915 1.7071915 1.7071915 1.7071915 1.7071915 1.7071915 1.7071915 1.7071915 1.7071915 1.7071915 1.7071915 1.7071915 1.7071915 1.7071915 1.7071915 1.7071915 1.7071915 1.7071915 1.7071915 1.7071915 1.7071915 1.5949817 1.5949817 1.5949817 1.5949817 1.5949817 1.5949817 1.5949817 1.5949817 1.5949817 1.5949817 1.5949817 1.5949817 1.5949817 1.5949817 1.5949817 1.5949817 1.5949817 1.5949817 1.5949817 1.5949817 1.6427666 1.6870086 1.668699 1.668699 1.668699 1.668699 1.668699 1.668699 1.8608348 1.8608348 1.8608348 1.8608348 1.8608348 1.8608348 1.8608348 1.9282814 1.9282814
1.7071815 1.7071815 1.7071815 1.7071815 1.7071815 1.7071815 1.7071815 1.7071815 1.7071815 1.7071815 1.7071815 1.7071815 1.7071815 1.7071815 1.7071815 1.7071815 1.7071815 1.7071815 1.7071815 1.7071815 1.7071815 1.7071815 1.7071815 1.5949731 1.5949731 1.5949736 1.5949736 1.5949736 1.5949736 1.5949736 1.5949736 1.5949736 1.5949736 1.5949736 1.5949736 1.5949736 1.5949736 1.5949736 1.5949736 1.5949736 1.5949736 1.5949736 1.5949736 1.5949736 1.5949736 1.6686912 1.6686912 1.6686912 1.6686912 1.6686912 1.6686912 1.6686912 1.8608294 1.8608294 1.8608294 1.8608294 1.8608294 2.2496247 2.2496247 2.2496247
1.7071714 1.7071719 1.7071719 1.7071719 1.7071719 1.7071719 1.7071719 1.7071719 1.7071719 1.7071719 1.7071719 1.7071719 1.7071719 1.7071719 1.7071719 1.7071719 1.7071719 1.7071719 1.7071719 1.7071719 1.7071719 1.7071719 1.7071719 1.5949636 1.5949636 1.5949636 1.5949636 1.5949636 1.5949636 1.5949636 1.5949636 1.5949636 1.5949636 1.5949636 1.5949636 1.5949636 1.5949636 1.5949636 1.5949636 1.5949636 1.5949636 1.5949636 1.5949636 1.5949636 1.5949636 1.5949636 1.6686835 1.6686835 1.6686835 1.6686835 1.6686835 1.6686835 1.8608239 1.8608239 1.8608239 1.8608239 1.8608239 1.8608239 1.8608239 1.8608239
1.7071624 1.7071624 1.7071624 1.7071624 1.7071624 1.7071624 1.7071624 1.7071629 1.7071629 1.7071629 1.7071629 1.7071629 1.7071629 1.7071629 1.7071629 1.7071633 1.7071633 1.7071633 1.7071633 1.7071633 1.7071633 1.7071633 1.7071633 1.5949545 1.5949545 1.594955 1.594955 1.594955 1.594955 1.594955 1.594955 1.594955 1.594955 1.594955 1.5949554 1.5949554 1.5949554 1.5949554 1.5949554 1.5949554 1.5949554 1.5949554 1.5949554 1.5949554 1.5949554 1.5949554 1.5949554 1.5949559 1.6686757 1.6686757 1.6686757 1.6686757 1.6686757 1.2745645 1.2745645 1.2745645 1.2745645 1.2745645 1.8608184 1.8608184
1.7071528 1.7071528 1.7071533 1.7071533 1.7071533 1.7071533 1.7071533 1.7071538 1.7071538 1.7071538 1.7071538 1.7071538 1.7071538 1.7071538 1.7071538 1.7071538 1.7071538 1.7071538 1.7071538 1.7071538 1.7071538 1.7071538 1.7071538 1.5949469 1.5949469 1.5949469 1.5949469 1.5949469 1.5949469 1.5949469 1.5949469 1.5949469 1.5949469 1.5949469 1.5949469 1.5949469 1.5949473 1.5949473 1.5949473 1.5949473 1.5949473 1.5949473 1.5949473 1.5949473 1.5949473 1.5949473 1.5949473 1.5949473 1.5949473 1.5949473 1.5949473 1.5949473 1.6427342 1.6132555 1.5949473 1.8608127 1.8608127 1.9786679 1.8316352 1.8608127
1.7071428 1.7071428 1.7071428 1.7071428 1.7071428 1.7071428 1.7071428 1.7071428 1.7071428 1.7071428 1.7071428 1.7071428 1.7071428 1.7071428 1.7071428 1.7071433 1.7071433 1.7071433 1.7071433 1.7071433 1.7071433 1.7071433 1.7071433 1.5949378 1.5949378 1.5949378 1.5949378 1.5949383 1.5949383 1.5949383 1.5949383 1.5949383 1.5949383 1.5949383 1.5949383 1.5949383 1.5949383 1.5949383 1.5949383 1.5949383 1.5949383 1.5949383 1.5949383 1.5949383 1.5949383 1.5949383 1.5949383 1.5949383 1.5949383 1.5949383 1.5949383 1.5949383 1.5949383 1.5949383 1.5949383 1.5949388 1.5949388 1.5949388 1.5949388 1.5949388
1.7071328 1.7071328 1.7071333 1.7071333 1.7071333 1.7071333 1.7071333 1.7071333 1.7071333 1.7071333 1.7071333 1.7071338 1.7071338 1.7071338 1.7071338 1.7071338 1.7071338 1.7071338 1.7071338 1.7071338 1.7071338 1.7071338 1.7071338 1.5949297 1.5949297 1.5949297 1.5949302 1.5949302 1.5949302 1.5949302 1.5949302 1.5949302 1.5949302 1.5949302 1.5949302 1.5949302 1.5949302 1.5949302 1.5949302 1.5949302 1.5949302 1.5949302 1.5949302 1.5949302 1.5949302 1.5949302 1.5949302 1.5949302 1.5949302 1.5949302 1.5949302 1.5949302 1.5949302 1.5949302 1.5949302 1.5949302 1.5949302 1.5949302 1.5949302 1.6427175
1.7071233 1.7071238 1.7071238 1.7071238 1.7071238 1.7071238 1.7071238 1.7071238 1.7071238 1.7071238 1.7071238 1.7071238 1.7071238 1.7071238 1.7071238 1.7071238 1.7071238 1.7071238 1.7071238 1.7071238 1.7071238 1.7071238 1.7071238 1.5949206 1.5949206 1.5949206 1.5949206 1.5949206 1.5949206 1.5949206 1.5949206 1.5949206 1.5949206 1.5949206 1.5949206 1.5949206 1.5949206 1.5949206 1.5949206 1.5949206 1.5949206 1.5949206 1.5949206 1.5949206 1.5949206 1.5949206 1.5949206 1.5949206 1.5949206 1.5949206 1.5949206 1.5949206 1.5949206 1.5949206 1.5949206 1.5949206 1.5949206 1.5949206 1.5949206 1.5949206
1.4273028 1.4273028 1.4273028 1.4273028 1.4273028 1.4273028 1.4273028 1.4273028 1.4273028 1.4273028 1.4273028 1.4273033 1.4273033 1.4273033 1.4273033 1.4273033 1.4273033 1.4273033 1.4273033 1.4273033 1.4273033 1.4273033 1.4273033 1.5067034 1.5067034 1.5067034 1.5067034 1.5067034 1.5067034 1.5067034 1.5067034 1.5067034 1.5067034 1.5067034 1.5067034 1.5067034 1.5067034 1.5067034 1.5067034 1.5067039 1.5067039 1.5067039 1.5067039 1.5067039 1.5067039 1.5067039 1.5067039 1.5067039 1.5067039 1.5067039 1.5067039 1.5067039 1.5067039 1.5067039 1.5067039 1.5067039 1.5067039 1.5067039 1.5067039 1.5067039
1.4272928 1.4272928 1.4272928 1.4272928 1.4272933 1.4272933 1.4272933 1.4272933 1.4272933 1.4272933 1.4272933 1.4272933 1.4272933 1.4272933 1.4272933 1.4272933 1.4272933 1.4272933 1.4272933 1.4272933 1.4272933 1.4272933 1.4272933 1.5066948 1.5066948 1.5066948 1.5066948 1.5066948 1.5066948 1.5066948 1.5066948 1.5066948 1.5066948 1.5066948 1.5066948 1.5066948 1.5066948 1.5066948 1.5066948 1.5066948 1.5066948 1.5066953 1.5066953 1.5066953 1.5066953 1.5066953 1.5066953 1.5066953 1.5066953 1.5066957 1.5066957 1.5066957 1.5066957 1.5066957 1.5066957 1.5066957 1.5066957 1.5066957 1.5066957 1.5066957
1.4272847 1.4272847 1.4272857 1.4272857 1.4272857 1.4272857 1.4272857 1.4272857 1.4272857 1.4272857 1.4272857 1.4272857 1.4272857 1.4272857 1.4272857 1.4272857 1.4272861 1.4272861 1.4272861 1.4272861 1.4272861 1.4272861 1.4272861 1.5066857 1.5066857 1.5066857 1.5066857 1.5066857 1.5066857 1.5066857 1.5066857 1.5066857 1.5066857 1.5066862 1.5066862 1.5066862 1.5066862 1.5066862 1.5066862 1.5066862 1.5066862 1.5066862 1.5066862 1.5066862 1.5066862 1.5066862 1.5066862 1.5066862 1.5066862 1.5066862 1.5066862 1.5066862 1.5066862 1.5066862 1.5066862 1.5066867 1.5066867 1.5066867 1.5066867 1.5066867
1.4272761 1.4272761 1.4272761 1.4272761 1.4272761 1.4272766 1.4272771 1.4272771 1.4272771 1.4272771 1.4272771 1.4272771 1.4272771 1.4272771 1.4272771 1.4272771 1.4272771 1.4272771 1.4272771 1.4272771 1.4272771 1.4272771 1.4272771 1.5066767 1.5066767 1.5066767 1.5066767 1.5066767 1.5066772 1.5066772 1.5066772 1.5066772 1.5066772 1.5066772 1.5066772 1.5066772 1.5066772 1.5066776 1.5066776 1.5066776 1.5066776 1.5066776 1.5066776 1.5066776 1.5066776 1.5066776 1.5066776 1.5066776 1.5066776 1.5066776 1.5066776 1.5066776 1.5066776 1.5066786 1.5066786 1.5066786 1.5066786 1.506679 1.506679 1.506679
1.4272676 1.4272676 1.4272676 1.4272676 1.4272676 1.4272676 1.4272676 1.4272676 1.4272676 1.4272676 1.4272676 1.4272676 1.4272676 1.4272676 1.4272676 1.4272676 1.4272685 1.4272685 1.4272685 1.4272685 1.4272685 1.4272685 1.4272685 1.5066686 1.5066686 1.5066686 1.5066686 1.5066686 1.5066686 1.5066686 1.506669 1.506669 1.506669 1.5066695 1.5066695 1.5066695 1.5066695 1.5066695 1.5066695 1.5066695 1.5066695 1.5066695 1.5066695 1.5066695 1.5066695 1.5066695 1.5066695 1.5066695 1.5066695 1.5066695 1.5066695 1.5066695 1.5066695 1.5066695 1.5066695 1.5066695 1.5066695 1.5066695 1.5066695 1.561214
1.427259 1.427259 1.427259 1.427259 1.427259 1.427259 1.427259 1.427259 1.427259 1.427259 1.427259 1.427259 1.427259 1.427259 1.427259 1.427259 1.427259 1.427259 1.427259 1.427259 1.427259 1.427259 1.427259 1.5066605 1.5066605 1.5066605 1.5066605 1.5066605 1.5066605 1.5066605 1.5066605 1.5066605 1.5066605 1.5066609 1.5066609 1.5066609 1.5066609 1.5066609 1.5066609 1.5066609 1.5066609 1.5066609 1.5066614 1.5066614 1.5066614 1.5066614 1.5066614 1.5066614 1.5066614 1.5066614 1.5066614 1.5066614 1.5066614 1.5066614 1.5066614 1.5066614 1.5066614 1.5066614 1.5066614 1.5066614
1.4272499 1.4272499 1.4272499 1.4272499 1.4272499 1.4272499 1.4272499 1.4272499 1.4272499 1.4272499 1.4272499 1.4272499 1.4272499 1.4272499 1.4272499 1.4272499 1.4272504 1.4272504 1.4272504 1.4272504 1.4272504 1.4272509 1.4272509 1.5066528 1.5066528 1.5066528 1.5066528 1.5066528 1.5066528 1.5066528 1.5066528 1.5066528 1.5066528 1.5066528 1.5066528 1.5066528 1.5066528 1.5066528 1.5066528 1.5066528 1.5066528 1.5066528 1.5066528 1.5066528 1.5066528 1.5066528 1.5066528 1.5066528 1.5066528 1.5066528 1.5066528 1.5066528 1.5066533 1.5066533 1.5066533 1.5066533 1.5066533 1.5066533 1.5066533 1.5066533
1.4272418 1.4272418 1.4272418 1.4272418 1.4272418 1.4272418 1.4272418 1.4272418 1.4272418 1.4272418 1.4272418 1.4272418 1.4272418 1.4272418 1.4272418 1.4272418 1.4272418 1.4272418 1.4272418 1.4272418 1.4272418 1.4272418 1.4272418 1.5066428 1.5066428 1.5066428 1.5066428 1.5066428 1.5066428 1.5066428 1.5066428 1.5066433 1.5066433 1.5066433 1.5066433 1.5066433 1.5066433 1.5066433 1.5066433 1.5066433 1.5066433 1.5066433 1.5066433 1.5066433 1.5066433 1.5066433 1.5066433 1.5066433 1.5066433 1.5066433 1.5066433 1.5066433 1.5066433 1.5066433 1.5066433 1.5066433 1.5066433 1.5066433 1.5066433 1.5066433
