Export/ASCII/RMeteo_SP_inch/speranza1/RMeteo_2015_SP4_inch.asc
ncols         660
nrows         338
xllcorner     1476100.0
yllcorner     5017100.0
cellsize      100
NODATA_value  -9.9e-20
[rows 78 to 103 of 338, columns 0 to 58 of 660]
2.5043602 2.5669565 2.566957 2.5669575 2.5669575 2.6149101 2.619254 2.6192546 2.6192546 2.619255 2.6192555 2.6192555 2.619256 2.619256 2.6192565 0.21092129 3.1639943 3.1639943 2.7620134 2.7620134 2.762014 2.762014 3.1639953 0.14723396 0.14723396 1.9053074 1.9053081 1.9053081 1.5576842 1.9053087 1.9053087 1.905309 1.9053096 1.9053102 1.9053102 1.9053102 2.762015 1.9053109 1.905311 2.001935 2.7620156 1.4273565 1.4273565 1.4273565 1.9053123 2.0095863 1.9053125 1.4273574 1.905313 1.4273577 1.9053133 1.9053135 2.7620158 2.7620158 2.7620158 2.7620158 2.7620158 2.7620158 2.762016
2.504315 2.5669065 2.566907 2.5043154 2.566907 2.5520377 2.6192026 2.6192026 2.5520382 2.5520391 2.5520391 2.5520396 2.5520396 2.5520396 2.5520396 0.22441101 3.1639647 3.1639647 2.761989 2.761989 2.761989 2.761989 3.163965 0.14716196 0.14716196 1.9052325 1.9052328 1.9052331 1.5576048 1.9052339 1.9052339 1.905234 1.9052342 1.9052349 1.9052354 1.9052354 2.7619905 2.7619905 1.9052365 1.9052365 1.9052366 1.9052368 1.905237 2.0095105 1.9052373 1.4272826 1.9052382 1.9052382 1.9052389 1.490838 1.427284 1.9052397 1.90524 1.9052402 2.7619917 2.7619917 2.761992 2.761992 2.761992
2.5042672 2.566854 2.5042672 2.566855 2.566855 2.5519848 2.5519848 2.6191483 2.5519862 2.6191497 2.6191502 2.6191502 2.5519867 2.6191506 2.6191506 2.619151 0.2287519 0.14708972 2.761964 2.761964 2.1226702 1.9051573 3.1639357 0.14709067 0.14709115 1.9051583 1.9051589 1.9051591 1.9051594 1.4272043 1.5575266 1.5575271 1.9051603 1.9051603 1.9051603 1.9051603 1.9051609 1.9051611 1.9051613 2.0094347 1.9051616 1.5575299 1.9051628 1.9051628 1.9051633 3.163938 1.4907627 1.9051641 1.9051642 1.4272095 0.57802534 1.5575318 1.9051648 1.905165 2.7619662 1.4272101 1.4272101 1.4272101 2.7619677
2.5042205 2.5668035 2.5668035 2.5668035 2.5668035 2.6147423 2.6190963 2.6190963 2.6190972 2.6190972 2.5519357 2.5519361 2.6190987 2.6190987 2.5519361 2.6190987 2.6190991 0.21070075 2.7619395 2.7619395 2.0017066 1.9050828 3.1639054 3.1639056 0.1470201 1.4271286 1.4271286 1.4271287 1.427129 0.5779438 1.5574481 1.5574481 1.5574484 1.5574486 1.905086 1.905086 1.9050863 1.9050866 1.9050872 1.9050872 1.9050875 1.55745 1.5574508 1.905088 1.4271328 1.4271332 2.6832209 1.9050889 1.9050891 1.427134 1.427134 1.9050896 1.9050906 1.9050908 1.9050908 1.4271357 1.4271357 1.9050912 1.4271363
2.5041752 2.566753 2.5041752 2.5041752 2.5041757 2.6146865 2.6190457 2.5518842 2.6190462 2.5518847 2.6190467 2.5518856 2.5518856 2.6190476 2.6190476 2.619048 2.619048 0.2106278 2.7619147 2.7619147 2.7619147 2.761915 3.1638756 3.1638758 0.14694858 1.4270533 1.4270533 1.4270543 1.4270543 0.57786775 1.9050102 1.9050102 1.9050105 1.557369 1.5573692 1.9050115 1.9050118 1.9050122 1.9050126 1.9050126 1.905013 1.5573709 1.5573711 1.9050133 1.4270582 1.4585451 1.427059 2.7619174 3.3413467 1.427059 1.9050152 1.9050152 1.5573738 1.5573738 1.9050156 1.9050162 1.9050163 1.9050163 1.9050164
2.50413 2.50413 2.5667028 2.5667033 2.5667038 2.6146293 2.5518312 2.6189919 2.5518317 2.6189923 2.5518322 2.5518322 2.6189923 2.5518327 2.6189928 2.6189928 2.5518327 2.6189933 0.2285204 2.7618902 2.7618906 2.7618906 3.1638465 3.1638467 0.14687729 2.761891 1.9049345 1.904935 1.9049352 1.9049356 1.4269809 1.4269809 1.5572889 1.5572896 1.5572898 1.9049367 1.9049368 3.163848 2.052916 2.7618923 1.9049376 1.904938 1.5572927 0.5777941 1.4269838 1.4269843 1.4269844 2.7618926 1.9049401 1.9049401 1.9049404 1.9049404 1.5572946 1.5572948 1.5572948 1.5572948 1.9049418 1.9049418 2.0092154
2.5040822 2.56665 2.5040822 2.56665 2.5666509 2.5517802 2.6189394 2.6189404 2.5517812 2.6189404 2.5517812 2.6189404 2.6189404 2.6189404 2.6189408 2.5517817 2.6189408 2.6189408 0.21047974 2.7618659 2.761866 3.1638167 3.1638172 3.163817 3.1638172 2.7618663 1.9048599 1.9048601 1.9048605 1.9048609 1.55721 1.55721 1.5572102 1.5572107 1.5572109 1.5572116 1.9048622 3.1638181 2.0528443 2.7618678 1.9048631 2.0091372 0.57771635 1.426909 1.9048643 1.9048644 1.4269098 1.9048651 1.9048653 1.9048656 1.9048662 1.9048662 1.5572155 1.5572157 0.5777199 0.9252064 1.9048667 1.9048668 1.9048668
2.504036 2.566599 2.5665994 2.5666003 2.5666003 2.6145167 2.618887 2.618887 2.618887 2.618887 2.6188874 2.6188874 2.6188874 2.6188874 2.6188889 2.551731 2.551731 2.6188889 0.21040511 0.1467328 2.7618418 3.163787 3.1637871 3.1637871 3.1637871 2.7618425 2.7618425 1.4268299 1.9047854 1.9047854 1.5571308 1.5571308 1.557131 1.5571318 1.557132 1.557132 1.557132 0.57763886 1.4268333 2.761843 1.9047887 1.5571327 1.557133 1.9047894 1.9047894 1.9047897 1.4268347 1.9047898 1.9047898 1.9047906 1.9047906 1.9047906 1.5571358 1.557136 0.57764244 0.57764363 0.5776439 1.904793 1.557137
2.5039907 2.5039907 2.5665493 2.5665493 2.5665493 2.61446 2.618834 2.6188345 2.6188345 2.5516772 2.5516772 2.618835 2.618836 2.618836 2.5516791 2.5516791 2.6188364 2.5516796 0.22386813 0.14666152 0.14666152 3.163757 3.163757 3.163757 3.163757 0.14666295 2.7618177 1.904711 1.9047115 1.5570507 1.557051 1.5570512 1.5570512 1.5570517 1.5570517 1.5570521 1.5570521 1.9047134 1.4267583 1.9047137 1.9047137 1.5570538 1.5570545 1.5570552 1.5570552 1.5570555 0.5775647 1.9047158 1.9047158 1.9047161 1.904717 1.904717 1.9047172 0.57756615 0.57756615 0.57756615 0.5775666 0.57756686 1.5570581
2.5039444 2.5664978 2.5039444 2.5664978 2.5664978 2.6144047 2.6187816 2.6187816 2.5516257 2.6187816 2.6187816 2.6187816 2.5516262 2.5516267 2.6187835 2.5516276 2.6187835 2.6187835 0.22820926 0.14659095 0.14659142 3.163728 3.163728 0.14659142 0.1465919 0.1465919 0.14659286 1.9046359 1.9046364 1.556972 1.556972 1.5569723 1.5569723 1.5569723 1.5569725 1.5569732 1.5569732 1.9046384 1.9046388 1.9046394 1.9046394 1.5569754 1.5569754 1.8206797 1.5569756 1.5569758 1.9046407 1.426686 1.426686 1.4266862 1.904642 1.904642 1.9046421 1.9046422 0.5774903 0.5774903 0.57749057 0.5774908 0.5774908
2.5038972 2.5664463 2.5038972 2.5664463 2.5038981 2.6143484 2.6187296 2.5515747 2.61873 2.5515752 2.6187305 2.5515757 2.618731 2.5515761 2.618732 2.6187325 2.6187325 2.618733 0.21018457 0.1465187 2.0351703 2.001184 0.14651966 0.1465199 0.14652038 0.14652085 2.001185 1.9045612 2.193315 1.8206012 1.8206012 1.9694278 2.0367272 1.5568933 1.5568936 1.5568936 1.5568936 1.5568941 1.5568953 1.9045647 1.904565 1.904565 1.9045653 1.9045656 1.9045656 1.904566 1.9045664 1.9045664 1.4266113 1.9045665 1.9045665 1.9045671 1.9045671 1.9045678 1.9045682 0.5774138 0.5774143 0.5774143 0.5774143
2.503851 2.5663953 2.5663953 2.5663953 2.5663958 2.6142912 2.6186752 2.6186757 2.6186757 2.6186757 2.5515223 2.6186762 2.6186762 2.5515227 2.6186767 2.6186767 2.6186776 2.5515242 0.21011066 0.14644766 2.0011086 2.0011091 2.0011091 0.14644861 0.14644909 2.761744 2.001111 2.761744 1.9044873 1.5568125 1.5568135 1.5568137 1.5568137 1.5568137 1.5568142 1.820528 1.5568151 1.5568151 1.5568159 1.5568166 1.4265349 1.4265349 1.4265351 1.9044908 1.9044908 2.0011148 2.0011156 1.4265368 1.9044918 1.904492 1.9044923 1.9044924 1.9044924 1.9044926 1.904493 1.904493 1.4265382 1.4265386 0.57733655
2.5038052 2.5663443 2.5038052 2.5663447 2.503806 2.5514708 2.5514708 2.6186233 2.6186237 2.6186242 2.6186242 2.6186247 2.6186247 2.6186247 2.5514722 2.6186247 2.6186247 0.21003723 0.14637613 1.9044104 1.9044112 3.1636388 3.163639 0.14637756 0.14637756 0.14637804 2.761719 2.7617195 2.7617195 1.5567341 1.5567346 1.5567348 1.5567348 1.5567348 1.556735 1.5567353 1.5567355 1.5567355 0.57725596 0.57725644 2.7617204 2.7617204 1.4264611 1.9044162 1.9044167 1.9044167 2.0010407 1.9044174 1.9044174 1.9044174 1.9044178 1.9044187 1.9044187 1.9044188 1.9044191 2.0086925 1.9044193 1.9044194 1.9044194
2.5037575 2.5037575 2.5662923 2.5662923 2.5037575 2.5514207 2.5514207 2.5514212 2.5514212 2.5514212 2.5514212 2.5514212 2.5514212 2.5514212 2.5514212 2.551422 2.6185737 0.14630437 1.9043355 1.9043362 1.9043362 1.489935 1.9043368 1.9043368 0.14630628 0.14630651 2.7616944 2.7616944 2.7616944 1.6129344 1.5566549 1.5566552 1.5566556 1.5566556 1.5566556 0.5771785 1.5566564 2.2356129 0.57717896 0.5771797 0.5771799 2.7616959 2.7616959 2.7616959 1.4263862 2.0009656 2.000966 1.4263867 1.9043424 2.7616966 1.9043424 2.0086162 1.9043427 1.9043438 1.9043444 1.9043444 1.9043446 1.9043448 1.904345
2.5037136 2.5037136 2.5662436 2.5037136 2.5662436 2.6141224 2.6185179 2.6185179 2.6185179 2.6185179 2.6185184 2.6185184 2.6185188 2.6185188 2.6185188 2.6185188 2.6185188 0.2098887 0.14623332 1.9042604 0.1462338 1.9042611 2.0085351 1.9042615 2.000886 2.76167 2.76167 2.76167 2.76167 1.9042635 0.57710075 1.8203025 1.5565763 1.9042642 1.5565765 1.5565767 1.5565772 1.5565772 2.2520647 0.5922797 1.9353715 2.761671 2.761671 0.14623976 0.14624023 2.0008912 2.0008917 1.4263128 1.9042679 2.893252 2.7616725 1.9042687 1.9042687 1.9042689 2.1099982 1.9042697 1.9042697 1.9042698 2.008544
2.503665 2.503665 2.5661907 2.5661907 2.5661907 2.6140661 2.618465 2.618466 2.618466 2.6184664 2.6184669 2.6184669 2.6184669 2.6184669 2.6184673 2.6184673 2.5513182 0.20981622 0.14616227 0.14616323 0.14616323 1.4262316 1.9041872 1.9041872 2.0008116 2.7616453 2.7616453 2.8932254 1.9041885 1.9041885 1.4262338 1.9041891 1.9041895 1.9041895 1.5564973 1.9041901 1.9041907 1.9041907 1.5564988 1.5564995 1.5564997 1.9041916 1.9041916 1.4262372 0.14616752 0.14616752 0.146168 1.426238 2.0008173 2.0008173 1.9041938 1.904194 1.904194 1.9041945 1.9041947 1.4262398 1.4262398 2.008469 1.4262402
2.5036192 2.5661402 2.5661407 2.5661407 2.5661407 2.6140103 2.6184125 2.6184144 2.6184144 2.6184144 2.6184144 2.6184144 2.6184144 2.6184144 2.6184144 2.6184144 2.5512662 2.6184144 0.0 0.14609146 0.14609194 1.4261572 1.9041125 2.0007367 2.0007367 2.7616203 2.000737 2.0007374 1.4261588 2.7616208 1.904114 1.9041145 1.904115 1.904115 2.0083888 1.9041156 1.4261608 1.904116 2.7616217 1.9041166 1.9041167 1.9041167 1.9041167 1.9041172 2.7616222 1.9041178 1.9041178 1.904118 2.000742 2.000742 2.0083926 1.9041194 1.9041197 2.0083933 1.9041198 1.9041204 1.4261655 3.1635232 1.4261662
2.5035734 2.5035744 2.5660896 2.5035744 2.5035744 2.613954 2.5512133 2.61836 2.5512133 2.5512142 2.6183615 2.5512156 2.6183624 2.5512156 2.5512156 2.618363 2.5512166 2.5512166 2.0019765 0.0 0.14601994 0.14601994 1.9040377 2.0006618 2.0006618 1.4260832 1.9040384 1.9040391 2.0006628 1.426084 2.0083132 1.9040402 0.5768719 1.4260857 1.4260857 1.4260858 0.14602423 0.14602423 0.14602423 1.904042 1.9040421 1.9040424 1.9040424 1.9040427 2.0006666 1.9040434 1.9040434 1.904044 1.9040446 2.7615988 2.7615988 2.7615988 2.8931785 0.14602733 2.00067 1.4260906 2.0935981 3.163493 1.1921561
2.5035267 2.5660377 2.5035272 2.5660381 2.5035276 2.6138983 2.5511627 2.6183085 2.5511632 2.618309 2.618309 2.5511632 2.618309 2.5511632 2.618309 2.5511637 2.6183095 2.6183095 2.5511637 2.1039286 0.14594889 0.14594936 0.14594936 2.7615716 2.7615716 1.5497875 1.9039639 1.9330028 1.4260098 1.4260098 2.000589 2.0005894 0.5767946 0.5767951 0.5767951 1.4260112 1.4260113 0.14595318 0.14595318 2.7615726 1.4260119 1.9039674 2.0005913 0.14595413 0.14595413 0.14595461 1.9039688 1.9039692 2.0005934 2.0005934 2.7615738 2.7615738 0.14595604 0.14595604 2.0935225 2.0935225 2.0935225 2.093523 0.14595747
2.503481 2.5659862 2.5659862 2.5034814 2.565987 2.5511098 2.6182551 2.5511103 2.6182551 2.5511103 2.5511103 2.6182556 2.5511112 2.618256 2.5511117 2.618258 2.618258 2.6182585 2.6182585 1.669318 0.0 0.14587665 0.0 2.761547 2.761547 2.7615476 2.008163 1.9038897 2.0005138 2.0345006 2.0005143 2.0005145 0.57671833 0.57671833 0.57671833 0.5767188 2.0598178 1.4259372 0.14588165 0.14588213 1.4259379 1.4259384 0.14588308 0.14588356 0.14588404 1.903894 1.903894 1.9038941 2.0005183 2.000519 0.14588451 0.14588499 0.14603186 2.0519083 2.0519083 2.7615492 2.0934489 0.14588594 0.14588594
2.5034337 2.5034347 2.5659356 2.5659356 2.5034347 2.6137857 2.6182027 2.6182027 2.6182032 2.5510602 2.6182036 2.6182036 2.618204 2.618204 2.618204 2.618204 2.6182046 2.6182046 2.618205 2.618205 2.00175 0.0 0.14580655 0.14580703 2.761522 1.4894133 1.9038148 2.0004392 2.0004396 2.0004396 1.9328538 1.9038156 0.5766418 1.2763093 1.2763093 0.5766423 0.5766423 1.4258623 1.4258623 1.425863 1.4258633 0.14581132 0.14581132 0.1458118 1.9038192 1.9038193 1.5561035 1.5561037 2.000444 2.0004444 2.7615247 2.7615247 0.14581347 2.0518358 2.0518358 2.0004458 2.0004458 0.14581394 0.14581442
2.5033884 2.5658846 2.5658846 2.565885 2.565885 2.613728 2.6181488 2.6181488 2.6181493 2.6181493 2.6181498 2.6181502 2.6181507 2.6181507 2.6181507 2.6181507 2.6181517 2.6181517 2.6181517 2.6181517 2.6181521 0.14573455 0.1457355 2.7614975 2.7614975 1.4257847 1.4257851 1.4257854 1.903741 2.0003653 2.0003653 2.7614977 1.425787 0.576565 0.576565 0.576565 0.576565 0.576566 0.57656646 1.4257877 1.4257879 1.4257882 2.7614987 2.7614987 0.14574027 1.9037448 1.556025 1.5560255 2.000369 2.0003695 2.7615 2.7615 2.7615001 2.0517633 2.0899224 0.14574265 2.7615006 0.14574265 0.14574313
2.5033417 2.565833 2.565833 2.565833 2.5658336 2.6136732 2.6180973 2.6180978 2.6180978 2.6180983 2.6180983 2.6180983 2.6180983 2.6180983 2.6180983 2.6180983 2.6180987 2.6180987 2.6180992 2.6180992 2.6180992 0.20930052 1.4257095 2.7614734 2.761474 1.9036653 1.4257104 2.0079393 1.9036663 2.0002909 1.9036669 1.4257118 1.4257119 0.576488 0.57648826 0.57648826 0.57648873 1.2761519 0.57648945 0.57648945 1.4257132 1.4257134 2.7614746 2.7614746 1.9036697 1.90367 1.9036702 1.9036702 1.903671 2.7614753 2.7614753 2.7614756 2.7614756 0.14567113 0.14567113 0.14567113 0.14567208 0.14567208 2.7614758
2.5032945 2.5032945 2.5032945 2.5657816 2.5032945 2.5509057 2.5509057 2.6180463 2.5509062 2.5509062 2.6180468 2.5509062 2.6180468 2.5509067 2.5509067 2.6180472 2.6180477 2.5509071 2.6180477 2.5509071 2.561452 0.14559317 1.425635 1.4256351 2.7614489 1.9035906 1.4256358 1.9035908 1.9035913 2.761449 3.340877 1.4256368 1.962442 0.57641196 0.5764127 1.276073 0.5764129 0.5764129 0.57641315 0.57641315 0.57641315 1.4256396 1.4256397 2.7614503 1.9035951 2.000219 2.0002196 1.9035959 1.903596 1.9035962 2.761451 2.761451 0.14559984 0.14560008 0.14560008 0.14560008 0.14560103 0.14560103 2.7614512
2.5032473 2.56573 2.5657315 2.5657315 2.565732 2.6135602 2.6179924 2.6179924 2.6179929 2.6179929 2.6179929 2.5508537 2.6179938 2.6179938 2.6179938 2.5508547 2.6179938 2.5508547 2.6179938 2.6179943 2.5659223 0.14552045 1.4255602 1.4255602 3.3408523 1.4255611 1.4255611 1.9035163 2.7614245 2.7614248 2.7614248 2.7614248 1.4255627 0.57633543 0.57633567 0.57633567 1.2759953 0.5763366 0.5763366 0.5763366 1.3645616 0.5763371 1.9035201 1.9035201 1.9035202 2.0001442 2.000145 1.9035207 1.9035217 1.903522 2.761426 0.14552784 0.14552784 0.14552832 0.14552832 0.1455288 0.14552927 2.761427 2.7614272
2.5032024 2.5656796 2.5656796 2.56568 2.5032034 2.5508008 2.617939 2.617939 2.6179395 2.6179395 2.61794 2.61794 2.61794 2.61794 2.6179404 2.6179404 2.5508027 2.617941 2.617941 2.617941 2.6179414 0.1454494 1.1915 0.14545035 3.1632516 1.4254862 1.4254862 2.7613997 2.7614 2.7614 2.7614 2.7614 1.7586933 1.4254881 0.5762589 1.2759149 0.5762594 1.2759161 0.5762601 0.5762601 1.4254899 1.9034451 1.9034454 1.9034454 1.9034456 2.0000703 1.9034464 2.0000706 2.0000706 0.14545631 0.14545631 2.7614017 0.14545679 0.14545727 0.14545727 0.14545774 0.14545822 2.7614017 2.7614017
