Export/ASCII/RMeteo_SP_inch/speranza1/RMeteo_2017_SP4_inch.asc
ncols         660
nrows         338
xllcorner     1476100.0
yllcorner     5017100.0
cellsize      100
NODATA_value  -9.9e-20
[rows 270 to 296 of 338, columns 480 to 539 of 660]
1.0576322 1.1030688 1.3718997 1.5366428 1.5331557 1.2424434 1.2307686 1.2099937 1.2099937 0.3373189 2.6686358 2.6686356 2.0546644 2.6686356 1.513098 1.513098 4.165613 2.8434072 4.165613 4.165612 2.0546632 2.0546632 2.6686344 2.6686344 2.668634 1.831362 1.8313615 2.6686335 2.668633 3.44312 3.44312 2.5226514 2.5226514 2.5226512 2.5687172 3.678338 3.678338 1.8313587 1.8313584 1.831358 1.8313577 1.8313575 1.8313572 1.8313568 2.5226486 3.6783361 3.6783357 3.6783354 3.7244012 3.4431176 3.4431174 3.4431174 3.4431171 3.4431171 1.25124 3.4431171 3.443117 3.4431164 1.8313537 0.94477725
0.9516001 0.9516001 0.9516001 1.0576146 1.1030636 1.209968 1.209968 1.2099675 1.1917847 1.0882027 0.6834762 2.0551438 2.0546293 2.054629 2.0546288 2.0546288 2.812958 2.8129575 2.8129573 3.4430883 3.4430883 2.0546284 2.6685982 2.6685982 2.6685982 1.8313103 1.8313103 2.6685977 3.4430878 3.4430876 3.4430876 2.5226038 2.5226033 2.522603 2.5686688 2.5686688 2.5226026 1.8313079 1.8313079 1.8313074 1.8313074 1.8313072 1.8313069 1.8313062 3.6782851 3.724351 3.724351 3.724351 2.5686662 0.95159626 0.9515958 3.4430833 3.4430833 3.4430833 3.443083 2.522599 2.522599 2.5225987 0.94477487 1.0335197
1.2099823 1.0575964 0.9515805 0.95158005 1.057596 0.95158005 0.95158005 0.95158005 0.9447727 0.6094072 1.2511761 1.2511761 2.0545948 1.2511761 1.2511756 2.054594 2.054594 2.812922 3.4430559 3.4430556 2.0545933 2.0545933 2.0545933 2.668563 2.668563 1.8312595 2.1984975 2.0545926 3.443054 3.4430537 3.4430537 2.5225542 2.5225542 2.5225542 2.5225537 2.5225534 2.522553 1.8312566 1.8312564 1.8312562 1.8312562 1.8312557 1.8312557 1.8312557 1.8541567 2.5686173 2.568617 2.5686164 0.9515767 1.0575926 1.0575926 0.9515767 0.95157623 0.95157623 3.4430506 2.5225484 2.5225484 2.5225482 1.0804355 1.0804355
0.9601457 1.0571957 1.2408336 0.6093986 0.60980725 0.60980725 1.0580986 1.1062 1.0881681 2.0520053 1.8312111 1.2511404 1.2511401 1.2511401 1.2511401 2.05456 2.05456 3.443023 3.4430227 2.2657993 2.0545588 2.0545588 2.0545583 3.4430225 2.6685274 2.6685266 2.6685264 2.8128848 3.4430218 3.4430218 2.5225067 2.5225067 2.5225067 2.5225065 2.5225058 2.5225058 2.5225048 2.5225048 1.8312054 1.2511365 1.8312051 1.2511363 1.8312042 1.8312042 1.8312042 2.5225036 2.5225031 0.94476986 1.0440242 1.1062012 0.9515586 1.057575 1.057575 1.057575 0.9515581 2.5225005 2.5225 2.5225 1.0601718 1.0606844
1.8311627 1.8311627 1.3537505 0.87364054 0.6093898 0.6093898 0.94476795 1.0334628 1.8311615 1.831161 1.831161 1.2511053 1.2511053 1.2511048 1.2511046 2.054525 2.054525 2.26576 2.2657595 2.265759 2.0545247 2.0545244 2.0545242 3.442989 3.442989 3.4429889 3.442989 3.442989 3.4429889 3.4429886 2.5224583 2.5224583 2.5224578 2.5224578 2.5224576 2.5224571 2.5224566 2.5224566 2.5224564 1.2511008 1.2511008 1.2511008 1.2511005 1.8311529 1.8311529 1.8311527 1.8311527 1.0334735 1.0677023 1.0881655 1.0575554 1.4468994 1.1030498 1.1030498 1.0575554 0.95153713 2.522452 2.5224514 1.1037593 1.1037588
2.1072743 1.8311112 1.8311112 1.2510707 1.2712817 1.2519455 1.83111 3.6780918 1.9647365 1.83111 1.8311098 1.2510703 1.25107 1.25107 1.25107 2.0544906 2.6684575 3.072353 1.600615 2.2657206 2.0544899 2.0544896 2.0544896 3.442956 3.4429557 3.4429555 3.4429555 3.4429555 3.4429553 3.4429553 2.522409 1.831106 1.8311057 2.5224082 2.5224082 3.678085 2.5224075 2.5224075 2.5224073 1.251065 1.251065 1.251065 1.251065 1.2510648 3.678083 1.8311019 0.95192456 1.9418261 1.0337381 1.2857709 1.4121976 1.4791517 1.2098893 1.2098893 1.1030445 1.0575383 2.5224037 2.5224037 3.118071 1.2098888
2.5223675 1.8310606 1.2510359 1.2510357 1.2510355 1.2510352 1.8310592 1.8310585 1.8310585 1.8310585 1.251034 1.251034 1.251034 1.2510338 1.2510338 1.2510338 2.6684217 2.6684213 2.2656817 2.2656817 2.6684213 2.6684213 3.4429233 3.4429233 3.4429233 3.4429228 3.4429228 3.4429226 2.8127775 2.0544536 1.8310542 1.8310542 1.8310537 2.5223603 2.5223603 3.7240996 2.5223603 2.5223603 2.5223598 2.5223598 2.5223598 2.5223591 2.5223591 2.522359 2.568424 0.95149994 0.94476247 0.98023105 1.3957095 1.0575197 1.0575197 1.1084619 1.5441742 1.2098616 1.2098616 1.1030393 2.522355 2.522355 2.5223544 3.1179724
2.522319 2.5223186 2.5223186 3.677991 1.2510004 1.2510004 1.8310087 1.8310084 1.8310084 1.8310077 1.2509995 1.2509995 1.2509995 1.2509995 1.2509992 1.2509987 1.2509987 1.2509987 1.8310058 1.8310056 1.8310053 2.668386 3.4428904 3.4428902 3.44289 3.44289 3.44289 2.8127418 2.8127418 2.668385 1.8310037 1.8310032 1.8310027 2.5223117 2.1071646 2.1410832 2.1071644 2.5223105 2.52231 2.5223093 2.522309 2.522309 2.522309 2.522309 2.522309 0.95148087 1.0802758 1.0802758 1.057502 1.076118 1.0767088 1.1872696 1.4790268 1.5441089 1.209833 1.209833 0.9514799 2.5223062 2.5223062 2.522306
2.522269 2.5222688 1.2509649 1.2530534 1.2509644 1.2509644 1.2509642 1.8309569 1.8309569 1.2509639 1.2509637 1.2509634 1.2509634 1.2509632 1.2509632 1.2509632 1.250963 1.2509627 1.830955 1.830955 1.8309546 2.6683507 3.4428575 3.4428575 3.442857 3.442857 3.4428568 2.8127058 2.8127058 2.6683488 1.8309529 1.8309526 1.8309522 2.5222635 2.1071134 2.1071131 2.5222628 2.5222626 2.5222626 2.5222626 2.5222623 2.5222614 2.5222604 0.9514618 0.9514618 1.0574844 1.1942166 1.0769687 1.0766964 1.2302164 1.2302164 0.9514613 1.1084123 1.1363095 1.2098049 1.2098049 1.0574825 0.9514599 2.5222569 2.5222569
2.5222208 1.2509303 1.2509301 1.2509294 1.2509294 1.2509291 1.2509291 1.8309064 1.8309062 1.2509286 1.2509282 1.2509282 1.2509282 1.2509282 1.2509282 1.2509282 1.2509279 1.2509279 1.2509277 1.2509277 2.6683142 2.6683142 2.6683142 3.4428236 3.4428236 2.0543497 3.4428234 2.81267 2.107063 2.107063 1.8309014 1.8309011 1.8309009 1.8309007 1.8309007 2.5222142 2.5222137 2.5222137 2.5222137 2.5222132 2.522213 0.9514432 0.9514427 1.0574658 0.95144224 0.6093435 0.84204125 0.95144176 0.95144176 1.2097768 1.5439801 1.285542 1.1872276 1.1695641 0.95144176 1.2097749 0.95144176 1.0574653 2.5222092 2.5222092
1.2508945 1.2508945 1.2508945 1.2508945 1.2508945 1.2508945 1.2508943 1.2508941 1.8308547 1.2508936 1.2508934 1.2508934 1.2508934 1.2508934 1.2508929 1.2508924 1.2508922 1.2508922 1.2508924 2.0543156 2.6682796 2.6682792 2.6682787 3.4427915 3.442791 3.4427907 2.812634 3.4427905 2.5221672 2.1070106 1.8308496 1.8308496 1.8308494 1.8308494 1.8308494 1.8308494 2.5221658 2.5221655 2.5221655 0.9514241 0.95142365 1.0574481 1.0574481 1.1030183 1.0574477 0.60967374 0.6275008 0.7210717 1.0574472 1.2097486 1.4788413 1.3963156 1.2301749 1.2301749 0.9514227 1.2097481 1.0574467 1.1030178 2.5221608 2.5221603
1.25086 1.2508597 1.250859 1.2508588 1.2508588 1.2508588 1.2508588 1.2508585 1.2508583 1.2508581 1.2508581 1.2508581 1.2508581 1.2508581 1.2508581 1.2508578 1.2508576 1.8308022 2.668244 2.668244 1.5128906 2.8125987 4.3865733 2.6682434 2.668243 2.668243 1.5128901 3.4427574 1.2508557 4.3778515 1.2508552 1.8307991 1.8307991 1.8307989 1.8307984 1.8307984 2.5221167 2.5221167 0.9514046 1.0574305 1.05743 1.103013 1.103013 1.2097205 0.9514041 0.6096535 1.2512138 0.6096535 1.103013 1.2097195 1.1083374 1.0574296 1.2097195 0.95140314 0.72105837 1.2097195 0.9447501 1.1915773 2.5221126 2.5221124
1.250824 1.250824 1.250824 1.250824 1.2508237 1.2508237 1.2508237 1.2508235 1.8307526 1.2508228 1.2508223 1.2508223 1.2508223 3.6777353 1.8536522 1.8307517 2.6682096 2.6682088 2.6682088 2.6682088 1.512872 2.8125634 2.6682081 2.6682076 1.8307495 2.6682076 3.4427247 3.4427245 2.1255863 1.8307483 1.8307478 1.8307478 1.8307476 1.8307471 1.8307469 2.5220687 2.5220685 2.5220678 1.0574129 1.1030073 0.951386 1.2096924 0.951386 1.2096919 1.0574124 0.6093166 0.6093166 0.6096332 1.2096914 0.9447477 0.9447477 0.9447477 0.9447477 1.1915542 0.60963273 1.20969 0.9447477 1.0880282 1.8307424 2.5220637
2.5220275 1.8307035 1.8307035 1.2507885 1.2507882 1.2507875 1.2507875 3.6776853 1.8536022 1.2507873 1.2507873 1.250787 1.250787 1.250787 1.250787 1.8307011 1.8307004 2.6681733 2.6681733 3.442693 1.5128534 1.5128534 2.8125272 2.6681728 1.8306987 1.8306983 2.668172 2.668172 2.668172 1.8306975 1.8306968 1.8306968 1.8306966 1.8306961 2.52202 2.52202 2.52202 2.5220199 2.5220194 1.2096652 1.0573938 1.2096652 1.0573938 1.2096652 1.3585441 1.2172087 0.6096139 0.9447453 1.191532 1.0333323 0.9447453 1.9408641 1.9408624 1.0880117 0.945102 1.2096637 1.0333314 1.048537 1.8306913 2.5220146
1.3820906 2.5219784 1.8306525 1.8306525 2.1068108 1.830652 1.8306518 1.8306518 1.8306518 1.250752 1.250752 1.250752 1.2507517 1.2507517 1.2507515 1.2507515 1.8306496 2.668138 2.668138 3.4426596 3.4426594 2.6681376 2.8124914 2.6681366 2.6681366 2.0317574 1.830648 1.8306477 1.8306472 1.8306472 1.830647 1.8306468 2.5219722 2.521972 2.1068037 2.1068032 2.5219715 2.5219712 1.3820872 1.9859438 3.00952 0.84160304 0.7751236 1.2096356 1.2878112 1.1258829 0.94508696 0.9447429 1.130729 1.0335717 0.67054605 1.2507458 1.8306415 1.9575067 1.0333154 1.2096337 1.0800478 1.0800478 2.521967 2.521967
2.5219293 2.5219293 1.2507176 2.1067588 2.1067586 1.8306007 1.8306003 3.6775846 1.8535004 1.8306 1.2507164 1.2507164 1.250716 1.250716 1.250716 1.2507157 1.2507157 2.6681025 2.6681025 3.4426274 1.5128157 2.6681018 2.8124557 2.6681013 2.6681013 1.830596 1.830596 1.830596 2.668101 1.8305955 1.830595 2.521924 2.5219235 2.5219233 2.1067524 2.1067524 2.5219228 2.6068506 3.6775782 3.6775782 1.3820629 1.2708132 0.97501516 0.9513273 1.3394238 1.108263 1.0333004 1.0333002 0.9447403 1.3277256 1.2510223 1.2507105 1.8305905 1.8305902 1.8305902 1.5666804 2.8423984 2.8423975 2.5219183 2.5219183
2.5218818 1.2506821 1.2506821 2.1067073 2.1067073 2.1067069 3.6775339 3.7235978 3.7235975 1.8534493 1.2506814 1.2506814 1.2506814 1.2506812 1.830548 1.2506802 1.2506802 2.6680672 2.6680672 3.4425936 3.4425933 2.6680665 2.6680665 2.668066 2.6680655 2.6680655 2.668065 2.668065 2.668065 1.8305457 1.830545 2.521875 2.521875 2.521875 2.5218744 2.5218742 2.521874 3.6775267 3.6775267 3.6775267 1.3820386 2.521873 2.8385832 1.0573394 1.3241822 1.1910971 1.0335348 0.9447379 1.0332849 1.2506752 1.2506752 1.250675 1.8305395 1.8305392 1.8305392 1.6001847 1.6001844 2.5218694 2.5218694 2.5218694
2.5218332 2.521833 1.3820188 1.3820183 2.1066551 2.106655 1.8304985 3.6774836 1.2527323 1.8304982 1.8304982 1.2506461 1.2506456 1.2506454 1.8304968 1.8304965 1.8304963 1.8304963 2.0540724 2.8123846 2.8123846 3.4425604 2.0540724 2.0540721 2.6680312 2.6680307 2.6680307 2.6680305 3.44256 2.5218272 2.9729693 2.521827 2.5218265 3.677477 3.6774764 2.5218258 3.6774764 3.7235396 3.6774757 1.388587 0.0 2.5218248 2.5218241 3.0092905 1.3348359 1.2187275 0.6706207 0.67047477 1.0335159 0.9447355 1.8304892 1.8304889 1.8304889 1.8304889 1.8304882 1.6001458 1.6001458 2.5218217 2.521821 2.521821
2.5217848 2.5217845 1.3819945 1.3819945 1.381994 1.381994 2.1066034 1.2506115 1.2506113 1.8304474 1.8304474 1.830447 2.667997 1.8304465 1.8304462 1.8304455 1.8304455 1.8304453 2.8123488 2.8123488 2.8123484 3.4425273 2.054037 1.2506092 2.0540369 2.0540366 1.2506084 2.0540364 3.4425266 2.5217788 2.5623388 2.5217783 3.7685041 3.6774273 3.6774273 1.8304422 3.7234898 3.7234898 0.0 0.0 1.3819916 2.5217762 2.5217762 2.5217762 1.2420014 1.2095217 0.60951304 0.6095128 1.0334973 1.033253 0.9447329 0.9447329 0.9447329 0.9447329 0.9512687 0.9512687 0.9512687 2.5217729 2.5217729 2.521772
2.521736 2.5217354 2.5217352 1.3819704 1.3819704 1.3819704 1.250576 1.2505758 1.2505758 1.8303964 1.8303964 1.8303962 2.6679611 2.6679611 2.6679606 2.6679606 1.830395 2.6679606 2.812313 3.4424949 3.4424946 3.4424944 2.0540023 2.2971807 2.0540023 2.054002 1.2505732 2.0540018 3.4424937 4.1649437 3.677378 3.677378 3.677378 2.5217292 2.5677927 3.7155871 1.3819675 2.521729 2.5217285 2.5217285 2.521728 2.521728 2.5217278 2.5217278 1.2094935 1.2094935 0.60949373 0.6094928 0.9447305 1.0334792 1.0332372 1.0332372 1.0332372 1.0798848 1.0572832 0.95124865 1.0572832 0.95124865 2.5217242 2.5217237
2.5216868 1.8303471 2.5216866 2.5216866 1.3819461 1.2505405 1.2505405 1.2505403 1.25054 1.8303452 1.8303449 1.8303447 1.8303447 2.6679254 2.6679254 2.6679254 2.6679254 2.6679254 3.4424622 3.4424622 3.4424617 3.4424617 3.4424617 3.4424615 3.4424613 2.0539675 2.6679244 2.6679237 3.4424608 4.1649075 3.7233891 3.6773255 2.5677447 2.5216808 2.5216804 3.7684014 3.677324 3.6773233 1.057267 0.951231 0.951231 0.951231 0.951231 0.951231 0.6092453 0.6092453 0.6094725 0.60924506 0.67040324 1.0334606 0.951231 1.0798542 1.0798533 0.9512305 1.1029644 0.9512305 1.1029644 0.9512305 0.9512305 2.5216756
2.5216396 2.5216396 2.5216396 2.5216396 2.5216396 2.521639 1.250505 1.250505 1.250505 3.6772802 1.8302941 1.8302937 2.66789 2.6678896 3.44243 2.6678896 2.6678896 2.6678896 2.6678896 2.6678894 3.4424293 3.4424293 3.4424293 3.4424293 3.4424293 3.4424288 2.0539324 2.6678882 3.4424284 4.2168703 4.1648717 3.7233384 3.677275 0.9512124 0.9512124 1.2244476 1.2244471 1.2244471 1.3585074 0.9512119 1.0572479 1.0572479 1.0572479 1.0572479 0.6094532 0.6094532 0.6094532 0.60987425 0.6092365 1.0798213 1.0572479 0.95121145 1.0632155 1.0572479 1.2094358 1.0572479 1.2094358 1.0572479 1.0572474 0.9512105
2.5215895 2.5215898 2.5215898 2.5215895 2.5215895 2.5215895 1.2504692 1.8302429 1.8302429 1.8302429 1.8302429 1.8302426 2.6678545 3.442397 3.4423969 3.4423969 3.4423969 2.6678536 2.6678536 2.6678536 2.6678536 2.6678536 1.5126839 3.4423957 3.4423954 3.4423952 3.4423947 3.4423945 3.4423945 3.4423945 4.164837 4.216834 4.3276615 1.2168001 0.9511938 1.1256425 1.3859216 1.3859216 1.5431607 1.0572312 1.1029544 1.1029544 1.1029544 0.95119286 0.6094327 0.6094327 0.94472337 0.944963 0.94472337 1.0602067 1.1029544 0.9447231 1.2416381 1.1029544 0.9511919 1.1029544 1.2094067 1.1029539 1.1029539 1.0572288
2.521542 2.5215418 3.6771808 3.7232432 2.5676038 2.5215409 1.8301919 1.8301919 1.8301916 1.8301916 1.8301916 1.8301916 1.8301914 2.667819 2.667819 3.4423635 3.4423633 3.4423633 3.4423633 3.4423633 2.667818 2.667818 2.667818 2.6678176 3.4423625 3.4423625 3.442362 3.4423618 3.4423616 3.442361 3.4423609 4.1648026 3.8301167 0.95117426 1.0572131 1.2475861 1.2167982 1.4374979 1.547682 1.3584983 1.4649308 0.841305 0.841305 0.7208934 0.60941315 1.2506421 1.0331748 0.944721 1.0331748 1.1066232 1.1912974 1.0331745 1.2835387 0.9511719 1.0572107 0.9511714 1.2093781 1.2093781 1.2093781 1.1029482
2.5214927 2.5214927 3.677129 3.7231915 2.5675547 2.5214925 2.521492 1.8301413 1.8301413 1.8301413 1.8301408 1.8301401 1.8301399 1.8301399 1.8301399 2.5214908 3.4423306 3.4423306 3.4423306 3.4423304 3.4423304 3.4423304 2.264975 2.6677825 2.6677823 2.667782 2.8121326 2.8121321 3.4423285 3.4423282 3.4423275 2.812132 2.1402054 2.8380826 0.9511547 1.6409849 1.2167963 1.5295084 0.9168217 0.60921025 0.7569699 0.62724113 0.62724113 0.6093929 1.2505946 1.2503932 1.0333867 1.0331588 1.0333865 1.0878232 1.0878227 1.033386 1.2093505 1.057193 1.1029434 1.057193 1.20935 1.20935 1.2093495 1.2093495
1.2503641 2.521445 3.6770792 3.7231414 2.5675073 2.5214446 2.1062427 1.8300905 1.8300905 1.8300905 1.8300905 1.8300903 1.83009 1.8300898 1.8300896 1.2503619 1.2503619 3.4422975 3.4422975 3.4422975 3.4422972 0.0 2.2649362 1.5998449 2.2649362 2.667747 2.812097 2.812097 2.6677465 3.4422956 3.4422956 2.812096 2.1062374 2.5214376 1.397836 1.6420467 0.6329801 1.5468628 0.6272228 0.6092012 0.62722254 0.6093731 0.6093731 1.2505469 1.2503579 1.2503579 1.0333683 0.6704173 0.6704171 0.944716 1.0965898 1.0796912 1.2093219 1.1029382 1.2093219 1.1029382 1.2093214 1.2093214 1.2093214 0.9511328
1.3100119 2.521396 2.521396 2.5213954 2.5213954 2.1061912 2.106191 2.1061904 1.8300395 1.8300395 1.8300393 1.8300393 1.8300393 1.830039 1.830039 2.1061893 1.2503271 2.106189 3.4422646 4.1646986 4.1646986 4.1646986 2.2648962 1.5998061 1.5998058 1.5998056 2.2648954 2.6677108 2.6677108 2.6677105 2.6677105 2.66771 2.6677098 1.2503242 1.2503242 1.2503242 1.2505019 3.2274754 2.5215933 1.2505002 1.2505002 1.2504992 1.2504992 1.2503228 1.2503228 0.60919213 0.60919213 0.6096616 0.60919213 0.8507867 0.8332302 0.95111465 0.95111465 1.2092928 1.2092928 0.9511137 1.2092923 0.9511137 1.2092918 0.9511137
