Export/ASCII/RMeteo_SP_inch/speranza1/RMeteo_2015_SP2_inch.asc
ncols         660
nrows         338
xllcorner     1476100.0
yllcorner     5017100.0
cellsize      100
NODATA_value  -9.9e-20
[rows 0 to 26 of 338, columns 295 to 353 of 660]
3.4089293 3.4089293 3.4089293 3.408929 2.8359275 2.8359275 2.8359275 2.8359275 2.8359275 2.8359275 2.8359275 0.7166612 0.7166612 0.25976992 1.1279846 1.1279846 1.1279846 1.1279846 1.1279846 1.1279846 0.25976992 1.0239401 0.24 0.24 0.24 0.24 0.24 0.2903409 0.2903409 0.24 0.24 0.24 0.24 0.713941 0.24 0.24 0.6049855 0.6049855 0.24 0.713941 0.713941 1.589748 1.589748 2.2298625 2.2298625 1.589748 1.589748 1.589748 1.589748 0.713941 0.713941 0.9711722 0.9711722 0.9711722 0.9711722 0.713941 0.713941 0.713941 0.713941
3.4089208 3.4089208 3.4089208 3.4089208 3.4089208 3.594594 2.835919 3.4089208 3.4089208 3.601968 2.835919 0.8648577 0.8648577 0.2626338 1.1837062 1.1837062 1.1837062 1.1837062 1.1279784 0.3056922 0.2626338 0.94562936 0.37364912 0.29033494 0.6249418 0.37364912 0.24 0.811847 0.8262398 0.24 0.46036148 0.24 0.24 0.24 0.24 0.5064144 0.58044624 0.24 0.41490078 0.71466076 0.71561563 0.71561563 1.5897431 2.651627 1.5897431 1.5897431 1.5897431 1.5897431 0.7139381 0.7139381 0.7139381 1.2759358 1.2285322 2.0844727 0.97116625 1.2759358 1.0591129 0.97116625 0.7139379
3.4089131 3.4089131 3.4089131 3.4089131 3.4089131 2.8359094 2.8359094 3.4089131 3.4089131 3.6019623 1.0160344 1.2032878 0.87361956 0.26263 1.1836995 1.1836995 1.1836995 1.1836995 1.1836995 0.26263 0.26263 0.86484885 0.37366462 0.42685962 0.48 0.8439214 0.67093706 0.5093751 0.59949803 0.37364626 0.24 0.8262379 0.50640965 0.48 0.50640965 0.8262379 0.48 0.48279953 0.37364626 0.7386241 0.3321669 1.5897388 1.6449299 1.5897388 1.5897388 1.5897388 1.5897386 1.5897386 0.7156123 0.7156123 0.7156123 0.97116077 1.3747426 2.084466 2.0844657 2.0844657 1.3747426 0.80981433 0.7156123
3.4089053 3.4089053 3.4089053 3.4089053 3.147689 2.8359003 2.8359003 3.4089053 2.874106 2.9902945 1.6517618 1.0160306 0.402699 0.26262617 1.1279653 1.2247952 1.1836919 0.30568552 0.30568552 0.26262617 1.0851989 1.2111745 0.37366176 0.37367606 0.24 0.99143547 0.826236 0.50937366 0.6845341 0.37366176 0.24 0.5490234 0.826236 0.48 0.7232704 0.29032373 0.99143547 0.826236 2.3458807 2.345917 2.0844588 2.3458807 2.6516137 1.5897335 1.5897335 1.5897335 1.5897335 1.5897335 1.3281716 1.2260746 1.4246448 0.8098084 1.22852 2.0844586 2.0844584 2.0844584 2.2986405 0.71560895 0.71560895
3.4088967 3.4088967 3.4088967 2.112481 2.112481 3.147679 3.6019497 3.6019497 2.8740933 2.9902852 1.4725709 0.71662617 0.25975847 0.26262236 1.1836859 1.1279594 1.7703143 0.71662617 0.63055134 1.0896544 1.0807347 1.4526961 0.48 0.24 0.24 0.48 0.92417455 0.5804415 0.50937223 0.67095375 0.3736403 0.24 0.8424449 0.72323775 0.290318 0.290318 0.48 1.0867094 0.24 2.0844517 2.0844517 2.0844517 2.0844517 1.5897292 1.5897292 1.5897292 1.5897292 1.5897292 1.5897292 1.8306799 0.7139286 0.8438703 0.8098029 2.0844514 2.0844514 2.0844514 1.5897292 2.1826973 0.7139286
3.601944 3.4088888 3.4088888 2.1124728 2.1124728 3.1476681 3.6019435 2.8740814 2.8740814 2.8740814 1.0160244 0.8648205 0.26261878 0.26261878 1.183679 0.30567908 0.89785814 0.8648205 0.99191356 1.526705 1.526705 0.25975537 1.0016072 0.50639725 0.24 0.24 1.0721233 0.71406174 0.48 0.54534936 0.37365556 0.24 0.52326274 0.45854092 0.48 0.59023046 0.8262322 0.48 0.4126923 2.1234438 0.9711436 0.9711436 0.9711436 0.9711436 2.0844445 1.5897244 1.5897244 1.5897244 1.5897244 1.5897244 0.7139257 0.7139257 0.97114336 2.0844443 1.5897244 1.5897244 1.5897243 0.97114336 0.71560276
3.601937 3.4088805 4.3265257 2.1124644 2.1124644 2.1124644 2.9902673 2.874069 2.874069 2.874069 4.132724 1.2032707 0.2626152 0.2626152 0.25975275 0.2626152 0.35766983 0.25975275 0.436136 0.5550518 0.6305318 0.25975275 0.24 0.3914404 0.30811286 0.24 0.24 0.74859923 0.58043766 0.24 0.46388483 0.24 0.24 1.326044 0.24 0.49327016 0.48 0.63791347 2.6708713 2.1234355 0.97113836 0.97113836 1.2285019 1.2285019 2.3978963 2.0844374 2.0844374 2.0844374 2.3451018 2.0844374 1.6448985 1.6448985 2.3978963 1.5897197 1.5897197 1.5897197 2.0844374 1.2285014 1.0590812
3.4088728 3.6019313 3.6019313 3.4088728 2.8358636 2.8358636 3.4088728 3.6019313 3.4088728 3.4088728 5.3594403 1.0160167 0.6349764 0.6305208 0.63943243 0.6305208 0.6305208 0.6349764 0.26261187 0.26261187 0.40268707 0.26261187 0.24 0.24 0.5447607 0.24 0.24 0.96 1.036731 0.24 0.46036148 0.373631 0.24 0.47519994 0.24 0.46034288 0.24 0.30811095 1.7503664 0.7139193 0.7139193 1.2284952 1.2284952 1.3747107 0.9711319 2.0844297 2.6515868 2.3450937 2.3450937 2.3450937 2.6515868 2.0844297 2.0844297 1.5897152 1.5897152 2.0844297 2.0844297 2.3978877 2.3978877
3.4088643 3.4088643 3.4088643 3.4088643 2.835855 2.835855 2.835855 2.9902492 2.9902492 2.9902492 3.4088643 0.6305132 0.9918859 0.9918859 0.6305132 0.9918859 0.6305132 0.40268373 0.2626071 0.2626071 0.25974655 0.2626071 0.24 0.24 0.48 0.50638485 0.5804348 0.6048987 1.1459916 0.3736279 0.24 0.46036887 0.3736279 0.24 0.37364626 0.24 1.7503946 1.5993148 0.7139164 0.7139164 0.7155937 0.9711262 1.2284888 0.9711262 2.397881 2.397881 2.084423 2.6515803 2.3450851 2.6515803 2.6515803 2.084423 0.9711262 0.9711262 0.7139164 0.9711262 0.9711262 0.9711262 2.0844228
2.1124387 2.8740325 3.4088562 3.107094 2.835846 2.835846 2.835846 1.9164482 2.99024 2.99024 3.408856 0.99187636 1.1091835 1.1091835 0.99187636 1.1091835 0.99187636 0.26260376 0.25974417 0.63940716 0.634954 0.634954 0.24 0.50638103 0.48 0.9078038 0.9457495 0.91347075 0.6048863 0.68548965 0.37362504 0.24 0.46036553 1.1901199 0.24 0.37364292 1.7503512 1.5897056 0.7139133 0.7139133 0.7155901 0.9711207 0.9711207 0.9711207 1.2284828 0.9711207 0.9711207 2.0844154 2.0844154 2.6515741 2.0844154 2.0844154 2.0844154 2.397873 1.6448749 2.0844154 1.2284828 0.9711207 2.0844154
2.835837 2.835837 3.4088478 3.1070845 2.835837 2.835837 2.835837 2.2650523 2.990231 2.990231 1.0807152 0.63049126 1.1091726 0.63049126 1.1091726 0.63049126 1.1091726 0.25974107 0.634943 0.9918668 1.4170935 1.0807152 0.5063772 0.48 0.82622313 0.48 0.9914288 0.48 0.6048763 0.9134612 0.5093086 0.29028368 0.46035218 1.2284771 0.971115 0.37362218 2.2255385 2.0844088 0.971115 1.1318682 0.971115 1.0590554 0.971115 1.3746921 0.971115 1.2284766 0.971115 1.2284766 0.971115 2.0844088 1.5897009 2.0844088 2.0844088 2.0844088 1.5897008 1.5897008 0.971115 1.2284766 0.971115
2.8358278 2.8358278 2.8358278 2.8358278 2.8358278 2.8358278 2.8358278 3.3948584 2.9902225 4.023077 1.0238757 0.6304817 1.1091616 0.6304817 1.1291296 0.9918568 1.1091616 0.63493156 0.9918568 1.0807118 1.6131685 1.5266626 0.84829116 0.24 0.7485954 0.24 0.24 0.9403865 0.9134512 0.6048653 1.0366943 0.9134512 0.24 1.1901542 0.9711088 0.47519684 1.5896962 1.5896962 1.22847 0.9711088 1.22847 1.22847 1.4689687 0.9711088 1.22847 1.3746852 1.22847 1.22847 1.22847 0.9711088 0.9711088 0.9711088 2.084401 2.084401 1.5896958 1.5896958 0.80976117 1.22847 1.22847
1.6960284 2.8358185 2.8358185 2.8358185 2.1124125 1.1279093 2.1124125 2.8358185 3.4088316 1.0238705 1.0238705 1.4170887 1.1091506 0.99184775 1.1652007 1.1091506 0.6304712 1.1291187 1.1091506 1.1739836 1.222794 1.5667286 0.8574395 0.5804286 0.24 0.75820655 0.24 0.75820655 0.96036434 0.6048548 1.1004784 0.9847245 0.24 0.47518468 0.39945054 0.24 0.25441384 0.713904 0.971104 1.228465 1.3746802 0.971104 0.971104 1.3746802 0.971104 0.971104 1.3746802 1.2284645 1.2284645 1.2284645 1.2284645 0.97110355 2.397849 2.084394 1.5896914 1.5896914 0.7155808 1.2284645 1.2284645
1.6657739 1.4540915 1.3733779 1.3733779 0.9875127 0.57840705 0.9875127 1.3733779 0.24 0.41120958 0.41120958 0.7036624 0.26962495 0.7006998 0.88098335 0.24 0.24 0.75276965 0.24 0.5407531 0.24 0.24 0.5499582 0.24 0.24 0.96 0.24 0.24 0.96 0.64584684 0.33887458 0.69488716 0.6103666 0.24 0.35607576 0.24 0.13377571 0.59077716 0.5888829 1.1915308 0.7977663 1.0453156 1.1915308 0.7977663 1.0453156 1.6425587 1.9560132 1.6425586 0.7977661 1.0453151 1.0453151 1.0453151 1.6425586 1.6425586 1.2479289 1.2479289 0.59036326 0.66979456 0.66979456
1.3733728 0.6104561 0.57840633 0.9875102 0.9875102 0.57840633 0.57840633 0.24 0.6104561 0.74281013 0.24 0.24 0.61767006 0.24 0.24 0.24 0.5840516 0.24 0.24 0.24 0.30932713 0.24 0.24 0.49219632 0.49219632 0.24 1.056195 0.66399217 0.33887267 1.0147057 0.5380852 0.33887267 0.69629717 0.27620053 0.7977625 0.13377476 0.13377476 0.58887935 0.58887935 0.6153946 0.7977625 1.0581723 0.7977625 0.9458977 1.0581723 1.6425518 1.8030384 1.8030384 0.6153946 0.9458977 0.7977625 1.0581723 0.7977625 0.7977625 1.2479249 0.58887935 0.58887935 0.58887935 0.58887935
1.3733674 0.7859336 0.5784056 0.5784056 0.5784056 0.5784056 0.5784056 0.72314775 0.6104535 0.34166265 0.30932403 0.37639832 0.68032503 0.5840497 0.24 0.5840497 0.53299165 0.5271759 0.5840497 0.16383243 0.16383243 0.37639832 0.24 0.4384036 0.56249595 0.5436728 0.33887076 0.948806 0.24 0.76086617 0.528651 0.369354 0.43024158 0.2761972 0.24 0.31251788 0.24 0.58887625 0.58887625 0.58887625 0.9458903 0.7977587 0.9458903 1.058165 0.7977587 1.8252786 1.6425458 1.6425458 1.8030305 1.1502649 0.9458903 0.9458903 0.7977587 0.7977587 0.58887625 0.58887625 0.58887625 0.58887625 0.58887625
1.3733627 0.9707216 0.5784049 0.5784049 0.5784049 0.5784049 0.5784049 0.73454154 0.24 0.3093207 0.3093207 0.24 0.70590305 0.5920863 0.24 0.24 0.25045085 0.4761839 0.19819927 0.163831 0.163831 0.5840478 0.5957639 0.24 0.44463778 0.24 0.33886838 0.5380733 0.66397643 0.36935115 0.686203 0.36935115 0.24 0.2763834 0.24 0.9851295 0.7977551 0.7977551 0.7977551 0.7977551 0.9458834 0.7977551 0.7977551 0.7977551 0.9458834 0.7977551 1.6425394 1.6425394 1.6425394 1.9369552 0.9556173 1.8252714 1.6425393 1.8252714 0.5888727 0.5888727 0.5888727 0.5888727 0.5888727
0.61044824 0.933107 0.61044824 0.61044824 0.57840395 0.57840395 0.57840395 0.7859272 0.3093176 0.3093176 0.3093176 0.51994634 0.592083 0.592083 0.58404636 0.58404636 0.51077294 0.51077294 0.25044823 0.16383004 0.36637282 0.592083 0.5380666 0.59576154 0.33886647 0.6458421 0.5380666 0.24 0.47449112 0.68619823 0.3693483 0.7304864 0.24 0.5702312 0.27619076 0.24 0.31251192 1.0581514 0.797752 1.0581514 0.797752 1.0581514 0.797752 1.0581514 0.797752 1.0581514 0.797752 1.6425325 1.6425325 1.6425325 1.9369475 1.6425323 1.6425323 1.6425323 1.6425323 0.797752 0.58886933 0.58886933 0.58886933
0.7859241 0.7859241 0.7859241 0.7859241 0.57840323 0.57840323 0.57840323 0.3416536 0.30931425 0.30931425 0.61766005 0.26962352 0.24 0.60006475 0.59207964 0.59207964 0.58404493 0.19639683 0.47617722 0.2504456 0.36636996 0.6251645 0.369344 0.3388636 0.53805995 0.3388636 0.7087045 0.24 0.24 0.71742487 0.3388636 0.7087045 0.3388636 0.24 0.432333 0.24 0.27618742 0.7977482 0.9458705 1.6425265 1.6425264 1.6425264 0.9458705 0.9458705 0.7977482 1.0581442 0.9458705 0.7977482 0.7977482 0.7977482 1.6425263 1.6425263 1.6425263 1.6425263 1.6425263 0.7977482 0.6153693 0.5888655 0.5888655
0.785921 0.610443 0.99398386 0.610443 0.5784023 0.5784023 0.610443 0.30931115 0.30931115 0.24 0.8012449 0.24 0.584043 0.24 0.24 0.24 0.5920768 0.1638279 0.17880273 0.25044298 0.36636806 0.73989296 0.3693416 0.6458392 0.6458392 0.33886218 0.5465772 0.27618432 0.24 0.7036915 0.528363 0.3693416 0.528363 0.3693416 0.27618432 0.24 0.34085894 0.7977444 0.9458643 1.6425196 1.6425196 1.6425196 1.8252499 0.7977444 1.0581375 0.7977444 1.0581375 0.9458641 0.9458641 1.8252499 1.6425196 1.6425196 0.7977444 0.7977444 0.7977444 0.9458641 0.5888624 0.5888624 0.5888624
0.7859179 0.7859179 0.7859179 0.6104404 0.5784013 0.5784013 0.6104404 0.3093078 0.3093078 0.3093078 0.8172579 0.24 0.24 0.5840411 0.24 0.5840411 0.24 0.36636567 0.36636567 0.64462924 0.36636567 0.36636567 0.686183 0.36933875 0.6640537 0.33885932 0.30728173 0.49558425 0.4291942 0.30728173 0.722049 0.36933875 0.686183 0.36933875 0.24 0.27618074 0.24 1.9262011 1.642513 1.642513 1.642513 1.642513 1.642513 0.7977406 0.5888591 1.2017826 0.7977406 1.8252424 1.6425129 1.8252424 1.6425129 0.7977406 0.7977406 0.9458567 0.7977406 1.0581299 0.7977406 0.7977406 0.5888591
0.610438 0.7859148 0.7859148 0.7859148 0.61043775 0.61043775 0.7859148 0.24 0.51993394 0.36636376 0.24 0.5271573 0.5271573 0.5920701 0.5840397 0.5920701 0.5840397 0.58587575 0.36636376 0.6781573 0.58587575 0.58587575 0.7708163 0.6861787 0.3388574 0.64583635 0.30727553 0.6392746 0.6202209 0.30727553 0.6861787 0.6861787 0.3693354 0.4257791 0.24 0.34085155 0.24 1.6425068 1.6425068 1.6425068 1.6425068 1.6425068 1.6425068 0.79773724 1.0567487 1.7264831 1.4589341 1.6425068 1.6425068 0.79773724 0.79773724 0.79773724 1.0581235 0.9458505 0.79773724 0.79773724 0.9458505 0.9458505 0.58885574
0.78591144 0.78591144 0.78591144 0.78591144 0.9939734 0.6104351 0.6104351 0.3093016 0.58586764 0.4470613 0.58403826 0.2504351 0.24 0.24 0.59206724 0.59206724 0.24 0.5860741 0.3663609 0.3663609 0.3663609 0.5860741 0.33885503 0.7708092 0.30726838 0.68763494 0.66842675 0.33885503 0.80545044 0.30726838 0.90050286 0.33885503 0.24 0.68617296 0.24 0.3408482 0.59064746 1.2478933 1.6425 1.6425 1.6425 1.6424998 1.6424998 0.7977339 1.1043726 1.2478933 1.2478933 1.8029773 1.6424998 0.94584405 0.94584405 0.94584405 0.94584405 0.94584405 0.7977339 1.058117 0.94584405 0.94584405 0.5888519
0.7859088 0.7859088 0.7859088 0.7859088 0.7859088 0.61043274 0.7859088 0.30929852 0.24 0.58403635 0.5920639 0.51075196 0.30929852 0.30929852 0.24 0.24 0.6856518 0.58606935 0.58586335 0.58586335 0.58586335 0.58606935 0.33885312 0.7304683 0.6458335 0.36932778 0.6892905 0.33885312 0.33885312 0.6458335 0.33885312 0.1338687 0.13376522 0.36932778 0.27617145 0.13376522 0.5888488 0.5888488 1.2478895 1.2478895 1.2478895 0.5888488 0.5888488 0.7977303 0.7977303 0.6153388 1.2478895 1.2478895 1.6424935 0.79772985 0.79772985 0.9458374 0.79772985 0.79772985 0.94583714 0.7977296 0.7977296 1.6424932 1.2478889
0.6104299 0.6104299 0.6104299 0.78590524 0.6104299 0.6104299 1.5765035 0.24 0.67815256 0.3663566 0.3663566 0.24 0.24 0.5199239 0.24 0.30929518 0.25042987 0.3663566 0.67815256 0.58606267 0.58606267 0.58606267 0.5380237 0.33885026 0.7089238 0.33885026 0.81648034 0.5380237 0.33885026 0.6750984 0.13376427 0.13386798 0.13376427 0.24 0.4323163 0.13376427 0.5888455 1.2478853 1.6424873 1.6424873 1.2478853 1.2478853 1.2478853 1.8252144 1.8252144 0.5888455 0.5888455 0.5888455 0.7977263 0.9458307 0.9458307 0.9458307 0.9458307 0.9458307 0.7977263 1.0581032 1.8252144 1.6424873 1.6424873
0.7859024 0.7859024 0.7859024 0.7859024 0.7859024 0.8147563 1.3733155 0.51992106 0.3663547 0.58585 0.58585 0.24 0.584033 0.3663547 0.6781516 0.38277292 0.25042748 0.58585 0.3663547 0.7519226 0.586056 0.586056 0.5382693 0.33884835 0.6917386 0.53801847 0.33884835 0.8879582 0.33884835 0.16950989 0.24 0.24 0.24 0.13376307 0.34083772 0.58884215 1.2478815 1.2478815 1.7264566 1.7264566 1.7264566 1.7264566 1.2478815 2.3123221 1.6424809 1.6424809 1.2478815 1.2478815 1.3403622 1.2478815 1.9738469 0.945824 0.9458238 0.9458238 0.9458238 0.9458238 1.6424809 1.6424809 1.6424809
0.7858993 1.5764914 0.7858993 0.7858993 0.7858993 0.6104249 0.6104249 0.34715676 0.34715676 0.5860512 0.5860512 0.5840316 0.5920539 0.58584476 0.61457133 0.25042486 0.58706856 0.44725776 0.58584476 0.6598141 0.36635184 0.6781497 0.53826404 0.53801274 0.33884645 0.69792414 0.33884645 0.83709574 0.33884645 0.13376212 1.1202949 0.24 0.24 0.24 0.24 0.24 1.6424742 1.2478778 1.2478778 1.2478778 1.7264504 1.7264504 2.312319 1.8029475 1.642474 1.642474 2.312319 2.312319 2.312319 1.2478778 1.642474 1.8251998 1.8251997 1.8251997 1.642474 1.8251997 1.642474 1.642474 1.642474
