Export/ASCII/RMeteo_SP_inch/speranza1/RMeteo_2015_SP1_inch.asc
ncols         660
nrows         338
xllcorner     1476100.0
yllcorner     5017100.0
cellsize      100
NODATA_value  -9.9e-20
[rows 297 to 323 of 338, columns 183 to 243 of 660]
3.8154438 3.8154438 3.8154438 3.8154438 3.8154438 3.8154438 3.8154438 3.8154438 3.8154438 3.8154438 3.8154438 3.8154438 3.8154438 3.8154438 3.815444 3.815444 3.815444 3.815444 3.0630598 3.0630598 3.0630598 3.0630598 3.0630598 3.0630598 3.0630598 3.0630598 3.0630598 2.8986654 3.0630598 3.0630598 3.0630598 3.0630598 3.0630598 3.0630598 3.8154447 3.8154447 3.8154447 3.8154447 3.8154447 3.8154447 3.8154447 3.8154447 3.8154447 4.228137 3.8154447 3.8154447 8.557813 0.9897336 1.037773 3.0630603 3.0630603 3.8154447 3.8154447 3.8154447 3.8154447 3.8154447 3.8599129 3.8599129 3.8599129 3.8599129 3.8599129
3.8154054 3.8154054 3.8154058 3.8154058 3.8154058 3.8154058 3.8154058 3.8154058 3.8154058 3.8154058 3.8154058 3.8154058 3.8154058 3.8154058 3.8154058 3.8154058 3.8154058 3.8154058 3.8154058 3.062993 3.0629938 3.8154058 3.8154058 3.0629938 3.0629938 3.0629938 3.0629938 2.898608 3.0629938 3.0629938 3.0629938 3.0629938 3.0629938 3.0629938 3.0629938 3.8154063 3.8154063 3.8154063 3.8154063 3.8154063 3.8154063 3.8154063 4.228097 4.228097 4.228097 3.8154063 5.072831 0.98973167 1.40054 1.0377711 3.0629942 3.8154063 3.8154063 3.8154063 3.8154063 3.8154063 3.859874 3.859874 3.859874 3.859874 3.859874
3.8153682 3.8153682 3.8153682 3.8153682 3.8153682 3.8153682 3.8153682 3.8153684 3.8153684 3.8153684 3.8153684 3.8153684 3.8153684 3.8153684 3.8153684 3.8153684 3.8153684 3.8153684 3.8153684 3.8153684 3.8153684 3.8153684 3.8153684 3.8153684 3.062926 3.062926 3.062926 2.898553 3.0629263 3.0629263 3.0629263 3.0629263 3.0629263 3.0629263 3.0629263 3.0629263 3.8153687 3.8153687 3.8153687 3.983038 4.228057 4.228057 3.8153687 4.228057 4.228057 3.8153687 3.8153687 1.6323323 1.5576472 1.6620393 1.0377687 3.0629265 3.8153687 3.8153687 3.8153687 3.0629265 3.8598344 3.8598344 3.8598344 3.8598344 3.8598344
3.8153298 3.8153298 3.8153298 3.8153298 3.8153298 3.8153298 3.9070885 3.9829981 3.9829981 3.81533 3.81533 3.81533 3.81533 3.81533 3.81533 3.81533 3.81533 3.81533 3.81533 3.8153303 3.8153303 3.8153303 3.8153303 3.8153303 3.0628586 3.0628586 3.0628586 2.898496 2.8984966 3.0628595 3.0628595 3.0628595 3.0628595 3.0628595 3.0628595 3.0628595 3.0628595 3.0798097 3.9829986 3.9829986 3.9829986 4.228017 4.228017 3.8153305 3.8153305 3.8153305 6.76089 8.799896 1.518806 1.3202307 1.0377663 3.0628595 3.7933555 3.7933555 3.0628595 3.0628595 3.1137722 3.8597946 3.8597946 3.8597946 3.8597946
3.815292 3.815292 3.8152924 3.8152924 3.8152924 3.8152924 3.9229116 3.9829593 3.9829593 3.8152924 3.8152924 3.8152924 3.8152924 3.8152924 3.8152924 3.8152924 3.8152924 3.8152924 3.8152924 3.8152926 3.8152926 3.8152926 3.8152926 3.8152926 3.0627918 3.0627918 3.0627918 3.0627923 2.898438 3.0627923 3.0627923 3.0627923 3.0627923 3.0627923 3.0627923 3.0627923 3.0627923 3.793292 3.0797398 3.9829597 4.227976 4.227976 4.227976 3.8152933 3.3867266 3.3867266 3.8152933 5.9236307 1.3202202 1.0377635 1.0377635 1.0377635 3.0627923 3.0627923 1.0377635 3.0627923 3.113704 3.8597553 3.8597553 3.8597553 3.8597553
3.8152537 3.8152537 3.815254 3.815254 3.815254 3.815254 3.815254 3.815254 3.8360417 4.227936 4.227936 3.3866892 3.815254 3.815254 3.815254 3.815254 3.815254 3.815254 3.815254 3.8152544 3.8152544 3.8152544 3.8152544 3.8152544 3.062726 3.062726 3.062726 3.0627263 2.8983822 3.0627263 3.0627263 3.0627263 3.0627263 3.0627263 3.0627263 3.0627263 3.0627263 3.7932305 3.7932305 3.7932305 3.7932305 4.227936 4.227936 3.815255 3.815255 3.815255 3.815255 5.1091413 1.0377611 1.3202102 1.3202102 1.0377611 1.0377611 1.3893054 1.0377611 1.0377611 1.2366276 3.8597145 3.8597145 3.8597145 4.2772636
3.815215 3.815215 3.815215 3.815215 3.815215 3.815215 3.8152153 3.8152153 3.8152153 3.3866522 3.3866522 3.3866522 3.8152158 3.8152158 3.8152158 3.8152158 3.8152158 3.8152158 3.8152158 3.8152165 3.8152165 3.8152165 3.8152165 3.0626585 3.0626585 3.0626585 3.062659 2.898325 2.898325 3.062659 3.062659 3.062659 3.062659 3.062659 3.062659 3.062659 3.062659 3.062659 3.062659 3.062659 2.8983252 3.062659 3.062659 3.8152168 3.8152168 3.8152168 3.8152168 3.8152168 1.0377592 1.5187378 1.3201997 1.3201997 1.6230674 1.0377592 1.5665544 1.33798 1.2365932 1.2365932 1.2365932 3.8596752 4.2772236
3.815177 3.815177 3.815177 3.815177 3.815177 3.815177 3.815177 3.815177 3.815177 3.815177 3.3866143 3.3866143 3.815177 3.815177 3.815177 3.815177 3.815177 3.815177 3.8151774 3.8151774 3.386614 3.8151774 3.0625908 3.0625908 3.0625908 3.0625908 3.0625908 2.8982682 2.8982682 3.0625908 3.0625908 3.0625908 3.0625908 3.0625908 3.0625908 3.0625908 3.0625908 3.062591 2.8982692 3.062591 3.062591 3.062591 3.062591 3.062591 3.062591 3.815178 3.815178 3.815178 1.5487294 1.5186963 1.5186963 1.0377568 1.3201888 1.0377568 1.0377568 1.6620919 1.5662006 1.2365594 1.523158 1.2365594 4.2771835
3.8151398 3.3865767 3.81514 3.81514 3.81514 3.81514 3.8151402 3.8151402 3.8151402 3.8151402 3.8151402 3.8151402 3.8151402 3.8151402 3.8151402 3.8151402 3.8151402 3.8151402 3.8151407 3.8151407 3.8151407 3.062524 3.062524 3.062524 3.062524 3.062524 2.8982115 2.8982115 2.8982115 3.0625248 3.0625248 3.0625248 3.0625248 3.0625248 3.0625248 3.06944 3.062525 3.062525 3.062525 3.062525 3.062525 3.062525 3.062525 3.062525 3.062525 3.062525 3.062525 5.5378923 1.5486598 1.5486598 1.3201783 1.5186567 1.3201783 1.3201783 1.6755433 1.0377544 1.5676116 1.236526 1.7391611 1.5661601 1.236526
3.386539 3.386539 3.386539 3.8151023 3.8151023 3.8151023 3.8151023 3.8151023 3.8151023 3.8151023 3.8151023 3.982764 3.982764 3.3865395 3.8151023 3.3865395 3.8151023 3.8151023 3.8151028 3.8151028 3.0624573 3.0624573 3.0624573 3.0624573 3.0624573 3.2794378 3.2794378 3.2848673 3.0624578 3.0624578 3.0624578 3.0624578 3.0624578 2.8981547 3.0624578 3.0624578 3.0624578 3.0624578 3.0624578 3.0624578 3.0624578 3.0624578 3.0624578 3.0624578 3.0624578 3.0624578 3.2957857 5.5377007 1.6490198 1.5186167 1.037752 1.5186167 1.5186167 1.686524 1.3201673 1.6505677 1.2364931 1.2364931 1.8077084 1.93877 1.3881264
3.815064 3.815064 3.3865016 3.815064 3.815064 3.815064 3.815064 3.815064 3.815064 3.815064 3.815064 3.3865023 3.3865023 3.3865023 3.3865023 3.3865023 3.815065 3.815065 3.815065 3.815065 3.0623906 3.0623906 3.0623906 3.0623906 3.0623906 3.2793694 3.2793694 3.2793694 3.0623906 3.0623906 3.0623906 3.0623906 3.0623906 3.0623906 3.0623906 3.0623906 3.0623906 3.0623906 3.0623906 3.0623906 3.0623906 3.2793696 3.0623906 3.0623906 3.0623906 3.0623906 3.8101318 6.556267 1.7086282 1.3201568 1.548522 1.548522 1.6648856 1.5185785 6.659402 1.3379185 1.7126689 2.0398767 1.89872 1.6601099 3.366232
3.8150258 3.8150258 3.8150258 3.8150258 3.8150258 3.8150258 3.8150258 3.8150258 3.8150258 3.8150258 3.8150258 3.386465 3.386465 3.386465 3.386465 3.386465 3.815026 3.815026 3.815026 3.062324 3.062324 3.062324 3.062324 3.062324 3.062324 3.062324 3.0792575 3.0792575 3.062324 3.062324 3.062324 3.062324 3.062324 3.062324 3.062324 3.0623243 3.0623243 3.0623243 3.0623243 3.0792577 3.2793005 3.2793005 3.2793005 3.0623243 3.0623243 3.0623243 3.078345 4.839918 1.6535987 1.8172222 1.6488653 1.731857 1.5484529 1.0377477 1.5091274 5.4573402 5.8566923 5.0359716 4.874547 3.3661633 3.3661633
3.8149881 3.8149881 3.8149881 3.8149881 3.8149881 3.8149884 3.9826467 3.9826467 3.9826467 3.8149884 3.8149884 3.8149884 3.386428 3.386428 3.386428 3.8149884 3.8149884 3.8149889 3.8149889 3.0622563 3.0622563 3.0622563 3.0622563 3.0622563 3.0622563 3.062257 3.062257 3.062257 3.062257 3.062257 3.062257 3.062257 3.062257 3.062257 3.0622573 3.0622573 3.0622573 3.0622573 3.0622573 3.0622573 3.0791895 3.2792323 3.2792323 3.0622573 3.0622573 3.0622573 3.0622573 3.5402696 5.1650896 1.5074781 1.0421215 1.6487862 1.0377454 1.5486212 1.0377454 3.8149896 4.0355983 3.3862307 3.3660944 3.3660944 3.3660944
3.8149505 3.8149505 3.8149505 3.8149505 3.8149505 3.8149505 3.9826076 3.9826076 3.9826076 3.9826076 3.8149505 3.8149505 3.8149505 3.3863902 3.8149505 3.8149505 3.8149505 3.814951 3.814951 3.0621896 3.0621896 3.0621896 3.0621896 3.0621896 3.0621896 3.0621896 3.0621896 3.0621896 3.0621896 3.0621896 3.0621896 3.0621896 3.0621896 3.0621896 3.0621896 3.0621896 3.0621896 3.0621896 3.0621896 3.0621896 3.0621896 3.0621896 3.0621896 3.0621896 3.0621896 3.0621896 3.0621896 3.186367 4.220582 1.037743 1.705762 1.3201249 1.6157109 1.3201249 1.037743 3.8149514 4.0355587 4.0355587 3.3660252 3.3660252 3.3660252
3.814912 3.814912 3.814912 3.814912 3.814912 3.814912 3.814912 3.814912 3.982569 3.982569 3.814912 3.814912 3.814912 3.814912 3.814912 3.814912 3.814912 3.814912 3.814912 3.062121 3.062121 3.062121 3.062121 3.062121 3.0621216 3.0621216 3.0621216 3.0621216 3.0621216 3.0621216 3.0621216 3.0621216 3.0621216 3.0621216 3.0621216 3.0621216 3.0621216 3.0621216 3.0621216 3.0621216 3.0621216 3.0621216 3.0621216 3.0621216 3.0621216 3.0621216 3.0621216 3.0621216 3.0621216 1.9663599 1.9916775 1.797588 1.5184193 1.3201144 1.0377406 4.2275734 4.2768984 4.0355177 3.3659558 3.3659558 3.3659558
3.8148744 3.8148744 3.8148744 3.8148744 3.8148744 3.8148744 3.8148744 3.8148744 3.8148744 3.8148744 3.8148744 3.8148744 3.8148744 3.8148744 3.8148744 3.8148744 3.8148744 3.8148744 3.8148744 3.8148744 3.062055 3.062055 2.468757 2.468757 3.062055 3.062055 3.062055 3.062055 3.062055 3.062055 3.062055 3.062055 3.062055 3.0620558 3.0620558 3.0620558 3.0620558 3.0620558 3.0620558 3.0620558 3.0620558 3.0620558 3.0620558 3.0620558 3.0620558 3.0620558 3.0620558 3.0620558 5.6771145 2.036227 1.7642105 1.7807565 1.6207725 1.3201034 1.0377382 3.814875 4.276858 4.0354786 3.3658867 3.3658867 3.3658867
3.814836 3.814836 3.814836 3.814836 3.8148365 3.8148365 3.8148365 3.8148365 3.8148365 3.8148365 3.8148365 3.8148365 3.8148365 3.8148365 3.8148365 3.8148365 3.8148367 3.8148367 3.8148367 3.8222494 3.8148367 3.0619884 2.4686885 2.4686885 2.8977578 3.0619884 3.0619884 3.0619884 3.0619884 3.0619884 3.0619884 3.0619884 3.0619884 3.0619884 3.0619884 3.0619884 3.0619884 3.0619884 3.0619884 3.0619884 3.0619884 3.0619884 3.0619884 3.0619884 3.0689034 3.0619884 3.0619884 3.0926464 7.6486893 1.518291 1.3200924 1.0377363 1.0377363 1.320512 1.0377363 3.814837 3.859278 4.0354385 3.3658175 3.3658175 3.3658175
3.8147988 3.8147988 3.8147988 3.8147988 3.814799 3.814799 3.814799 3.814799 3.814799 3.814799 3.8147993 3.8147993 3.8147993 3.8147993 3.8147993 3.8147993 3.8147993 3.3862402 3.8147993 3.8147993 3.8147993 3.0619218 2.46862 2.46862 2.897701 3.0619218 3.0619218 3.0619218 3.0619218 3.0619218 3.0619218 3.0619218 3.061922 3.061922 3.061922 3.061922 3.061922 3.061922 3.061922 3.061922 3.061922 3.061922 3.061922 3.061922 3.061922 3.061922 3.061922 4.260623 5.0016756 1.320082 1.0377339 1.3200824 1.0377339 1.5755197 1.0377339 3.8147998 3.8592381 4.0353975 4.0353975 3.365748 3.2141447
3.8147602 3.8147602 3.8147602 3.8147602 3.8147602 3.8147602 3.8147602 3.8147602 3.8147602 3.8147607 3.8147607 3.8147607 3.8147607 3.8147607 3.8147607 3.8147607 3.8147612 3.8147612 3.8147612 3.8147612 3.8147612 3.8147612 3.061855 3.061855 3.061855 3.7924225 3.061855 3.061855 3.4076197 3.061855 3.061855 3.061855 3.061855 3.061855 3.061855 3.061855 3.061855 3.061855 3.061855 3.061855 3.061855 3.061855 3.061855 3.061855 3.061855 3.061855 3.207569 5.0015116 1.3200715 1.0377315 1.5182614 1.0377315 1.3200719 1.6646132 1.3200719 3.8147614 3.8591986 4.2767353 4.035357 3.9873292 3.9873292
3.3861654 3.8147216 3.8147216 3.8147216 3.8147216 3.8147216 3.8147216 3.8147216 3.8147216 3.8147216 3.8147216 3.8147216 3.8147216 3.8147216 3.8147216 3.8147223 3.8147223 3.8147223 3.8147223 3.8147223 3.8147223 3.8147223 3.814723 2.8975878 3.0617874 3.7923608 3.7923608 3.0617874 3.4075537 3.0617874 2.4684827 2.468483 3.0617874 3.0617874 3.0617874 3.0617874 3.0617874 3.0617874 3.0617874 3.0617874 3.0617874 3.0617874 3.0617874 3.0617874 3.0617874 3.1857083 5.0013504 1.320061 1.0377291 1.0377291 1.0377291 1.3200614 1.0377291 1.7702957 1.0377291 3.8147233 3.8591592 3.8591592 3.8591592 3.8591592 3.8591592
3.3861284 3.3861284 3.3861284 3.8146849 3.8146849 3.8146849 3.8146849 3.8146849 3.8146849 3.814685 3.814685 3.814685 3.814685 3.814685 3.814685 3.814685 3.814685 3.814685 3.814685 3.814685 3.814685 3.814685 3.8146853 3.0617208 3.0617208 3.0617208 3.0617208 3.792298 3.792298 3.0786376 3.0786376 2.468415 2.468415 3.0617208 3.0617208 3.0617208 3.0617208 3.0617208 3.0617208 3.0617208 3.0617208 3.0617208 3.0617208 3.0617208 3.916175 4.219879 1.0377268 1.0377268 1.3200505 1.0377268 1.3200505 1.5181813 1.9515245 1.3200505 1.0377268 3.8146856 3.8591192 3.8591192 3.8591192 3.8591192 3.612078
3.3860905 3.3860905 3.3860905 3.8146465 3.8146465 3.8146465 3.8146465 3.8146465 3.8146465 3.8146465 3.8146465 3.8146465 3.8146465 3.8146465 3.8146465 3.8146467 3.8146467 3.8146467 3.8146467 3.8146467 3.8146467 3.8146467 3.814647 3.814647 3.0616536 3.0616536 3.0616536 3.7922366 3.7922366 3.0785692 3.0785692 3.0785694 3.0785694 3.061654 3.061654 3.061654 3.061654 3.061654 3.061654 3.061654 3.061654 3.7922373 3.7922373 3.9793363 6.045884 1.518117 1.3200395 1.5181422 1.0377249 1.3200395 1.0377249 2.0340612 1.5181422 1.3200395 1.0377249 1.0377249 3.859079 3.859079 3.859079 3.859079 3.6120381
3.3860536 3.3860536 3.3860536 3.814609 3.814609 3.814609 3.814609 3.814609 3.814609 3.814609 3.814609 3.814609 3.814609 3.814609 3.814609 3.814609 3.814609 3.814609 3.814609 3.814609 3.814609 3.8146095 3.8146095 3.8146095 3.0615861 3.0615861 3.0615861 3.7921736 3.0784998 3.0784998 3.0785 3.0785 3.0785 3.0615864 3.0615864 3.0615864 3.0615864 3.0615864 3.0615864 3.792174 3.792174 3.792174 3.792174 4.1493664 6.027957 1.6568999 1.0377225 1.388993 1.0377225 1.8782852 3.9766676 1.5476913 1.0377225 1.3200295 1.388993 1.0377225 3.8590395 3.8590395 3.8590395 3.8590395 3.6119976
3.3860166 3.3860166 3.3860166 3.8145707 3.8145707 3.8145707 3.8145707 3.8145707 3.8145707 3.8145707 3.8145707 3.8145707 3.9822178 3.9822178 3.8145707 3.8145707 3.8145707 3.8145707 3.8145707 3.8145707 3.8145707 3.814571 3.814571 3.814571 3.814571 3.0684347 3.0615196 3.0615196 3.0615196 3.078431 3.0784311 3.0784311 3.0784311 3.06152 3.06152 3.06152 3.06152 3.06152 3.0684352 3.7921119 3.7921119 3.7921119 3.7921119 4.1180983 6.4607573 1.967159 1.5926453 1.4806798 1.3063542 2.2384708 1.8782642 1.3200185 1.5180635 1.6800963 1.0377201 1.0377201 3.8590002 3.8590002 3.8590002 3.8590002 3.1123888
2.8973029 2.8973029 2.8973029 3.3859787 3.814533 3.814533 3.3859787 3.814533 3.8145332 3.8145332 3.8145332 3.9821796 3.9821796 3.9821796 3.8145332 3.8145332 3.8145332 3.8145332 3.8145332 3.8145332 3.8145332 3.8145332 3.8145332 3.8145332 3.8145332 3.0614529 3.0614529 3.0614529 3.0614529 3.0614529 3.0783622 3.0783622 3.0614529 3.0614529 3.0614529 3.0614529 3.0614529 3.0614529 3.0614529 3.0614529 3.0614529 3.7920496 2.8973055 3.0310571 5.5234456 1.6235377 1.6250588 1.6192552 1.4838947 2.8525774 2.3603926 1.8782427 1.8261129 1.6525902 1.3200076 1.0377177 3.8589602 3.8589602 3.8589602 3.11232 3.11232
2.8972466 2.8972466 2.8972466 3.3859417 3.3859417 3.3859417 3.8144948 3.8144948 3.8144948 3.8144948 3.8144948 3.9821396 3.9821396 3.9821396 3.8144948 3.8144948 3.8144948 3.8144948 3.8144948 3.8144948 3.8144948 3.8144948 3.8144948 3.8144948 3.8144948 3.061386 3.061386 3.061386 3.7919881 3.061386 3.0782936 3.0782936 3.061386 3.061386 3.061386 3.061386 3.061386 3.061386 3.061386 3.061386 3.061386 2.897248 3.0613866 3.1966107 5.4177284 1.6162263 1.5461512 1.4805977 1.3402678 2.7764685 3.274145 3.7445488 2.4939 1.2073458 0.8389611 1.0377153 1.2359533 3.85892 3.85892 3.85892 3.1122496
2.8971894 2.8971894 2.8971894 2.8971896 2.8971896 3.385904 3.8144572 3.8144572 3.8144572 3.8144572 3.8144572 3.8144572 3.8144572 3.8144572 3.8144572 3.9821 3.9821 3.8144572 3.8144572 3.8144572 3.8144574 3.8144574 3.8144574 3.8144574 3.8144574 3.0613189 3.0613189 3.0613189 3.0613189 3.0613196 3.0613196 3.0613196 3.0613196 3.0613196 3.0613196 3.0613196 3.0613196 3.0613196 3.0613196 3.0613196 3.0613196 3.0613196 3.0613196 3.196508 5.417454 1.6172734 1.5924555 1.4881661 1.3147303 2.4695535 2.4611745 2.2383335 1.8781998 1.1474516 1.1719204 1.3376715 3.858881 3.858881 3.858881 3.858881 3.112181
