Export/ASCII/RMeteo_SP_inch/speranza1/RMeteo_2014_SP4_inch.asc
ncols         660
nrows         338
xllcorner     1476100.0
yllcorner     5017100.0
cellsize      100
NODATA_value  -9.9e-20
[rows 108 to 134 of 338, columns 183 to 243 of 660]
16.773123 16.773123 16.773123 16.773123 16.773123 16.773123 16.773123 16.773123 16.773123 10.522968 10.522968 10.522968 16.773123 10.522968 10.522968 12.7892065 10.522968 10.522968 10.522968 10.522968 16.773123 16.773123 21.355959 0.0 0.0 13.987591 16.773123 16.773123 16.773127 16.773127 16.773127 16.773127 10.522968 16.773127 16.773127 16.773127 16.773127 16.773127 16.773127 16.773127 16.773127 16.773127 16.773127 16.773127 16.773127 10.522968 10.522968 10.522968 16.773127 16.773127 16.773127 16.773127 16.773127 10.522968 10.522968 6.18643 10.126136 10.126136 7.071987 6.6450844 6.6450844
6.1863537 16.773064 16.773064 10.52289 16.773064 16.773064 16.773064 16.773064 10.522892 10.522892 10.522892 10.522892 10.522892 10.522893 10.522893 10.522893 10.522893 17.846226 10.522893 16.773064 16.773064 16.773064 16.773064 0.0 0.0 13.987516 16.773064 16.773064 16.773064 16.773064 16.773064 10.522893 10.522893 10.522893 10.522893 17.846226 16.773064 16.773064 16.773064 16.773064 16.773064 16.773064 16.773064 13.987516 13.987516 10.522895 10.522895 10.522895 16.773064 16.773064 16.773064 16.773064 10.522895 10.522895 16.773064 10.522895 10.126063 10.126063 10.442784 6.6450276 10.367245
6.1862817 16.773005 10.522819 10.522819 16.773005 10.522819 10.522819 10.522819 10.522819 6.8314757 10.522819 10.522819 10.522819 10.522819 12.1957 10.522819 10.522819 10.522819 10.522819 16.773005 16.773005 16.773005 16.773005 13.987443 6.7780924 14.811249 16.773005 16.773005 16.773005 16.773005 16.773005 10.522819 10.522819 10.522819 10.522819 10.522819 16.773005 16.773005 16.773005 16.773005 16.773005 16.773005 13.987445 13.987445 12.789058 10.52282 10.52282 10.52282 10.52282 16.773005 16.773005 16.773005 10.52282 10.52282 10.52282 10.52282 10.12599 10.12599 10.12599 10.12599 10.12599
6.1862054 6.1862054 10.522743 10.522743 10.522743 10.522743 10.522743 10.522743 10.522743 6.8314157 10.522743 10.522743 10.522743 10.522743 10.522743 10.522743 10.522743 6.8314157 10.522743 10.522743 16.772942 16.772942 16.772942 16.772942 16.772942 16.772942 10.522743 16.772942 16.772942 14.8111725 10.522745 10.522745 10.522745 10.522745 6.831417 10.522745 16.772942 16.772942 16.772942 17.352467 16.772942 13.987372 13.987372 16.772942 12.788984 16.772942 16.772942 10.522745 16.772942 16.772942 16.772942 16.772942 10.522745 10.522745 10.522745 12.195627 10.125915 10.125915 10.125915 5.9632277 6.4946666
6.186132 6.186132 10.522668 10.522668 10.522668 6.831358 6.831358 6.831359 6.831359 10.78617 10.522668 10.522668 10.522668 10.522668 10.522668 10.522668 10.522668 10.78617 10.522668 10.522668 16.772882 10.522668 10.522668 16.772882 16.772882 12.788907 12.788907 16.772882 6.1861334 6.1861334 6.1861334 16.772882 10.52267 10.52267 10.78617 10.52267 10.52267 10.52267 16.772882 10.52267 10.52267 13.987302 14.811092 16.682104 16.772882 16.682104 16.772882 0.0 16.772882 16.772882 16.772882 16.772882 10.52267 10.52267 10.52267 10.52267 10.125839 5.963155 5.963155 4.0166636 5.963155
6.186057 6.186057 10.522595 10.522595 6.186057 4.292927 6.8313 7.1106644 6.9784403 4.168084 4.168084 10.522595 10.522595 10.522595 10.522595 10.522595 10.522595 10.522595 6.186058 6.186058 6.186058 10.522595 10.522595 16.772825 16.772825 12.788833 12.788833 10.522595 6.186058 6.186058 6.186058 6.186058 10.522595 10.522595 10.522595 10.522595 10.522595 10.522597 10.522597 10.522597 10.522597 16.772825 13.98723 14.811016 16.682035 0.0 0.0 0.0 0.0 16.772825 16.772825 16.772825 16.772825 10.522597 6.186058 10.522597 5.9630795 5.9630795 5.9630795 5.9630795 5.9630795
12.788759 6.1859837 10.522522 6.8312407 4.168003 4.168003 6.8312416 4.168003 6.8312416 4.168003 4.168003 6.8312416 6.8312416 6.8312416 12.195403 10.522522 10.522522 10.522522 6.1859837 6.1859837 6.1859837 16.772762 10.522522 10.522522 16.772762 12.788759 12.788759 6.1859856 6.1859856 6.1859856 10.522522 10.522522 16.772762 10.522522 10.522522 10.522522 10.522524 10.522524 10.522524 10.522524 10.522524 16.772762 16.772762 0.0 0.0 0.0 13.987156 16.772762 16.772762 16.772762 16.772762 16.772762 6.185986 6.185986 6.185986 6.185986 10.125691 16.147297 5.963004 16.147297 16.147297
12.788686 12.788686 10.522447 6.9783163 4.1679225 4.1679225 4.167922 4.2927585 4.2927585 4.167922 4.167922 4.2927585 4.2927585 4.1679225 6.8311853 6.1859107 6.1859107 10.522448 10.5224495 10.5224495 10.5224495 16.7727 10.5224495 10.5224495 10.5224495 10.5224495 16.7727 6.185911 6.185911 10.5224495 10.5224495 10.5224495 6.185911 6.185911 6.185911 10.5224495 10.5224495 10.5224495 10.5224495 10.5224495 16.7727 16.7727 16.7727 13.987083 6.7778625 13.987083 16.7727 12.788686 12.788686 17.352228 6.185911 6.185911 6.185911 4.167924 6.185911 6.185911 10.125617 10.125617 10.125617 10.125617 10.125617
12.7886095 12.7886095 10.522372 10.821042 4.16784 4.16784 4.16784 4.16784 4.16784 4.16784 4.16784 4.167841 4.167841 4.167841 4.167841 4.292672 4.167841 6.8311267 10.522373 10.522373 10.522373 10.522373 10.522373 10.522373 10.522373 10.522374 10.522374 6.185837 6.185837 10.522374 10.522374 10.522374 6.185837 6.185837 6.185837 10.522374 6.8311267 10.522374 10.522374 16.772644 10.522374 10.522374 16.772644 12.788613 16.05338 12.788613 12.788613 12.788613 12.788613 10.522374 6.1858377 6.1858377 10.522374 10.522374 6.1858377 7.256584 5.962856 10.125544 10.125544 16.147179 12.29057
6.8310685 10.522297 14.810696 10.522297 6.831069 4.167761 4.167761 4.167761 4.167761 4.167761 4.167761 4.167761 4.167761 4.167761 4.167761 6.831069 6.831069 6.9781923 10.522297 10.522297 10.522297 10.522297 10.522297 10.522297 10.522297 10.522297 12.788534 6.185762 10.522297 10.522297 10.522297 10.522297 10.522297 17.84579 10.522297 10.522297 10.522297 10.522297 10.522297 10.522297 10.522297 10.522297 10.522297 12.788534 12.788534 10.522297 10.522297 10.522297 10.522297 10.522297 10.522297 10.522297 10.522297 10.522297 6.185763 6.185763 5.962782 16.14712 16.14712 5.962782 12.290496
4.292504 6.185687 16.77252 10.522223 6.83101 6.83101 4.16768 4.16768 4.16768 4.16768 4.16768 4.16768 6.185687 6.185687 4.16768 6.83101 7.6732273 7.006136 10.522223 10.522223 10.522223 10.522223 16.772522 12.788462 10.522223 10.522223 12.788462 10.522223 6.1856894 6.1856894 6.1856894 10.522223 10.522223 10.522223 10.522223 10.522223 10.522223 10.522223 10.522223 10.522223 10.522223 10.522223 6.831011 12.788462 12.788462 10.522223 10.522223 16.772524 13.986867 16.772524 6.1856894 16.772524 16.772524 16.772524 6.1856894 6.1856894 16.147058 16.147058 16.147058 12.2904215 12.2904215
4.1675987 10.522149 16.772465 10.522149 6.978066 4.2924194 4.1675997 4.1675997 4.1675997 4.1675997 4.1675997 4.1675997 10.522149 10.522149 6.830952 10.785584 11.159104 10.820787 10.52215 10.52215 10.52215 10.52215 10.52215 6.1856155 10.52215 10.52215 6.1856155 10.52215 10.52215 10.52215 10.52215 10.52215 10.52215 10.52215 12.788389 12.788389 12.788389 10.52215 10.52215 17.845684 0.0 10.52215 10.785585 12.788389 12.788389 16.772465 6.1856155 16.772465 16.772465 16.772465 17.845684 6.1856155 16.772465 16.772465 16.772465 16.772465 16.146997 16.146997 10.12532 12.290348 12.290348
4.1675177 10.522075 10.522075 10.522075 6.830894 4.1675186 4.1675186 6.830894 6.830894 6.830894 10.522075 6.830895 10.522075 10.522075 6.978004 10.522075 10.522075 12.271841 10.522075 10.522075 6.1855407 10.522075 10.522075 10.522075 10.522077 10.522077 10.522077 10.522077 10.522077 16.772398 16.772398 16.772398 16.772398 16.7724 12.788314 12.788314 10.522077 12.788314 12.788314 10.522077 10.522077 17.80452 10.522077 12.788314 12.788314 6.1855416 6.1855416 16.7724 16.7724 10.522077 10.522077 6.830895 16.7724 6.1855426 16.7724 16.7724 16.146938 16.146938 10.125244 6.6443863 6.6443863
6.8308363 10.522 10.522 10.522 6.8308363 6.8308363 17.845572 10.785417 10.785417 10.522 10.522 10.522 10.522 10.522 10.522 6.185466 6.1854663 6.1854663 4.167438 4.167438 6.1854663 6.1854663 6.1854663 6.1854663 17.845573 10.522003 10.522003 10.522003 10.522003 10.522003 10.522003 10.522003 6.1854663 6.1854663 12.788242 12.788242 10.522003 12.788242 12.788242 10.522003 16.772339 16.772339 16.772339 12.788242 12.788242 16.772339 6.1854663 16.772339 16.772339 10.522003 10.522003 10.785418 10.522003 6.1854672 12.788242 12.788242 16.14688 16.14688 10.12517 6.7853775 6.7853775
6.9778786 6.830778 6.830778 6.830778 4.2921658 10.785332 6.1853914 6.1853914 6.1853914 6.1853914 6.1853914 6.1853914 6.1853914 10.521927 10.521927 10.521927 6.1853914 6.1853914 4.1673574 4.1673574 6.1853914 6.1853914 6.1853914 6.1853924 13.986578 16.772282 16.772282 16.772282 6.1853924 6.1853924 6.1853924 6.1853924 6.1853933 6.1853933 6.1853933 10.521927 10.521927 10.521927 16.772282 16.772282 16.772282 16.772282 16.772282 16.772282 16.772282 16.772282 16.772282 16.772282 16.772282 17.84552 10.521929 10.521929 10.521929 10.521929 16.772282 16.772282 16.146818 10.125095 10.125095 6.8110123 6.8110123
6.830722 6.9778185 6.9778185 10.785248 10.5218525 4.1672764 4.1672764 4.1672764 6.1853185 6.1853185 6.1853185 6.1853185 6.1853185 10.5218525 10.5218525 10.5218525 6.1853185 6.1853185 4.1672773 4.1672773 4.1672773 6.1853185 6.1853185 6.1853185 13.9865055 16.77222 6.1853185 6.1853185 6.1853185 6.1853185 6.1853185 6.1853185 4.1672773 6.1853194 10.5218525 10.5218525 16.77222 10.5218525 10.5218525 16.77222 12.788093 12.788093 16.77222 16.77222 16.77222 16.77222 16.77222 16.77222 16.77222 16.77222 10.5218525 10.5218525 10.5218525 10.5218525 16.77222 16.77222 16.146763 16.146763 10.125022 10.397605 6.8109503
6.8792477 6.9093876 4.190016 4.0385323 10.0645895 5.9863257 5.9863257 5.9863257 5.9863257 5.9863257 5.9863257 5.9863257 5.9863257 5.9863257 5.9863257 5.9863257 5.9863257 5.9863257 4.038533 4.038533 4.038533 4.038533 5.9863276 5.9863276 5.9863276 10.0645895 5.9863276 5.9863276 5.9863276 4.038533 5.9863276 5.9863286 5.9863286 5.9863286 15.826241 15.826241 15.826241 13.454752 10.0645895 10.0645895 12.146294 12.146294 15.826241 15.826241 15.826241 15.826241 15.826241 15.826241 15.826241 12.146294 10.0645895 10.0645895 10.0645895 10.0645895 15.826241 15.826241 15.350927 15.350927 15.350927 10.344847 10.63913
4.1679096 4.1679096 4.0384545 7.8580275 4.038455 5.9862537 5.9862537 15.826179 5.9862537 5.9862537 4.038455 4.038455 5.9862537 5.9862537 4.038455 5.9862537 5.9862537 5.9862537 5.9862537 5.9862537 5.9862537 10.064514 10.064516 12.939952 12.939952 10.064516 5.9862537 5.9862537 5.9862537 10.064516 10.064516 5.9862547 10.064516 7.56244 12.14622 10.064516 10.064516 15.826179 10.064516 15.826179 15.826179 15.826179 15.826179 15.826179 15.826179 15.826179 15.826179 15.826179 15.826179 18.712914 12.14622 10.064516 5.9862547 5.9862547 5.9862547 15.826179 15.350862 15.350862 15.350862 15.350862 10.344774
4.038375 4.038375 4.038375 9.879513 4.0383754 5.9861803 5.9861803 15.826122 12.146145 4.038376 4.038376 4.038376 5.9861803 5.9861803 4.038376 5.9861803 5.9861803 5.9861803 5.9861803 5.9861803 5.9861803 5.9861803 15.826123 15.826123 15.826123 10.064442 5.9861803 10.064442 10.064442 10.064442 10.064442 10.064442 10.064442 13.41861 10.064442 10.064442 10.064442 15.826123 15.826123 15.826123 15.826123 15.826123 15.826123 15.826123 15.826123 15.826123 15.826123 15.826123 15.826123 5.9861803 12.146147 12.146147 5.9861803 5.9861803 5.9861803 15.826123 15.350801 15.350801 15.350801 15.350801 10.344698
7.5721555 4.038296 4.038296 4.038296 4.038296 7.857916 15.826063 15.826063 5.986107 4.0382967 4.0382967 4.0382967 5.986107 4.0382967 4.0382967 5.986107 5.986107 5.986107 5.986107 5.986107 5.986107 5.9861073 15.826064 15.826064 10.064368 5.9861073 5.9861073 10.064368 10.064368 10.064368 10.064368 10.064368 10.064368 10.064368 10.064368 10.064368 10.064368 15.826064 15.826064 15.826064 15.826064 15.826064 15.826064 15.826064 15.826064 12.146073 12.146073 15.826064 5.9861083 5.9861083 4.0382977 4.209317 4.0382977 4.0382977 5.9861083 15.826064 15.350738 15.350738 15.350738 15.350738 15.350738
9.026395 7.572092 4.0382175 4.0382175 4.0382175 4.8781567 7.857861 15.826005 5.986035 4.0382175 4.0382175 4.0382175 5.986035 4.0382175 4.038218 5.986035 5.986035 5.986035 5.986035 5.986035 5.986035 5.986035 10.064297 10.064297 10.064297 5.986035 5.986035 10.064297 10.064297 6.72581 6.72581 6.72581 10.064297 10.064297 6.72581 10.064297 10.064297 15.826005 15.826005 15.826005 15.826005 15.826005 15.826005 15.826005 10.064297 12.145999 12.145999 5.986036 5.986036 5.986036 4.038219 4.038219 4.038219 4.038219 5.986036 5.986036 15.350674 15.350674 15.350674 15.350674 15.350674
9.116623 9.026331 6.725752 4.0381384 4.0381384 7.5622144 8.295372 10.064221 6.7257524 6.7257524 4.038139 12.939636 5.985961 5.985961 4.03814 4.03814 5.985961 5.985961 5.985961 10.064223 10.064223 10.064223 10.064223 10.064223 12.939638 12.939638 10.064223 10.064223 10.064223 10.271113 6.8400803 6.725753 6.8400803 6.725753 6.8400803 10.064223 10.064223 15.825947 15.825947 15.825947 15.825947 15.825947 15.825947 10.064223 10.064223 12.145927 12.145927 15.825947 5.985962 4.0381413 4.0381413 4.0381413 4.0381413 4.0381413 4.0381413 5.985962 15.350611 15.350611 15.350611 15.350611 15.350611
9.554752 7.5719676 6.840018 6.725694 6.725694 8.344927 6.924544 10.06415 10.271032 10.271032 5.9858885 12.93956 5.9858885 4.0380616 4.0380616 5.985889 5.985889 5.985889 5.985889 10.06415 10.06415 10.06415 10.06415 12.93956 12.145855 15.82589 10.06415 10.06415 10.06415 6.7256956 6.868617 6.840019 6.868617 6.840019 6.868617 6.7256956 10.06415 15.82589 15.82589 15.82589 15.82589 15.82589 15.82589 10.06415 10.06415 12.145855 10.06415 5.985889 5.985889 4.038062 4.038062 12.145855 12.145855 4.038062 4.038062 5.985889 15.350547 15.350547 15.350547 15.350547 15.350547
10.301465 10.85017 9.47632 6.839957 6.839957 7.49576 6.868554 6.7256374 10.064074 15.825832 15.825832 15.825832 5.9858146 4.0379825 4.0379825 5.9858146 5.9858146 5.9858146 5.9858146 5.9858146 10.064074 10.064074 10.064074 7.5621033 10.064074 10.064074 10.064074 6.7256384 10.064075 10.27095 4.1620855 4.1620855 4.037983 6.9952927 6.868555 6.839959 10.064075 15.825832 15.825832 15.825832 15.825832 15.825832 15.825832 15.825832 10.064075 10.064075 15.825832 15.825832 5.9858155 5.9858155 5.9858155 12.145781 12.145781 4.0379834 4.0379834 5.9858155 6.646234 12.167437 15.350483 15.350483 15.350483
10.742052 9.888653 9.466643 7.7213774 8.004243 8.040286 6.86849 6.839896 10.064 15.825772 15.825772 15.825772 5.9857416 4.037903 4.037903 5.9857426 5.9857426 5.9857426 5.9857426 5.985743 10.064002 10.064002 10.064002 9.331168 10.064002 10.064002 10.064002 6.839897 10.064002 5.985743 4.037904 4.037904 4.037904 4.1755047 6.868491 6.725581 10.064002 10.064002 15.825772 15.825772 15.825772 15.825772 15.825772 15.825772 12.145706 12.145706 15.825772 15.825772 5.985743 5.985743 5.985743 12.145706 12.145706 4.037904 4.037904 4.037904 6.6461616 12.16736 12.16736 15.350421 15.350421
11.500935 10.3487625 8.584406 8.393864 9.879168 9.879168 6.868428 6.868428 6.725523 5.985669 10.063928 12.939326 10.063928 4.0378246 4.0378246 6.725523 4.0378246 4.0378246 4.0378246 4.0378246 6.725523 6.725523 6.725523 11.300367 10.063929 10.063929 10.063929 10.06393 4.0378246 4.0378246 4.0378246 4.0378246 4.0378246 4.0378246 6.868429 10.270785 6.725524 10.06393 15.825712 15.825712 15.825712 15.825712 15.825712 10.06393 10.06393 12.145634 10.06393 15.825712 15.825712 5.98567 5.98567 10.06393 10.06393 4.0378256 4.0378256 4.0378256 7.7391357 12.167288 15.350357 8.291664 8.291664
7.857526 7.857526 9.310851 7.495578 10.109041 9.810645 7.7212553 7.7212553 6.839774 6.725466 10.063854 10.063854 10.063854 6.725466 6.725466 6.839774 9.33107 4.0377464 4.0377464 4.0377464 4.143058 6.839774 6.839774 6.725466 6.725466 6.725466 6.725466 10.063856 6.7254663 6.7254663 4.037747 4.037747 4.037747 5.985597 10.304821 10.063856 10.270702 5.985597 15.825657 15.825657 15.825657 15.825657 10.063856 10.063856 10.063856 10.063856 10.063856 10.063856 10.063856 10.063856 10.063856 10.063856 10.063856 6.725467 4.0377474 4.0377474 8.424617 6.936822 10.344105 12.545502 6.936822
