Export/ASCII/RMeteo_SP_inch/speranza1/RMeteo_2014_SP4_inch.asc
ncols         660
nrows         338
xllcorner     1476100.0
yllcorner     5017100.0
cellsize      100
NODATA_value  -9.9e-20
[rows 54 to 80 of 338, columns 183 to 243 of 660]
10.526989 10.526989 10.526989 10.526989 10.526989 10.526991 10.79105 6.834723 6.834723 7.0304017 7.1402287 7.0304017 7.0102105 4.1728497 7.0102105 6.834723 7.0304017 7.1402287 6.834723 7.0304017 7.0102105 6.834723 7.0102105 10.526991 10.526991 16.776379 12.793229 12.793229 12.793229 6.1904335 6.1904335 15.450016 12.793229 6.1904335 6.1904345 16.776379 14.815687 16.776379 16.776379 10.526991 10.526991 10.526991 6.834724 10.526991 16.776379 10.526991 10.526991 10.526991 16.776379 14.102006 14.102006 16.776379 10.526991 10.526991 10.526991 10.831587 6.6482267 6.7895765 9.35799 7.815749 7.815749
12.793152 12.199795 10.526913 10.526913 10.526913 10.526913 10.526913 6.982062 6.834664 7.704189 6.834664 7.030336 4.4213123 4.1727686 4.1727686 7.0101447 7.70419 6.834665 7.030337 6.982063 6.834665 7.0101457 7.140162 10.526913 10.526915 10.526915 6.1903596 6.1903596 6.1903596 6.1903596 16.776318 17.849173 10.526915 10.526915 16.776318 22.052626 15.855553 14.815609 16.776318 10.526915 10.526915 10.526915 10.790966 10.526915 16.776318 10.526915 10.526915 10.526915 16.776318 14.101948 16.776318 21.798141 10.526915 16.776318 10.526915 10.526915 7.9134355 7.8156924 9.881088 9.803652 9.803652
12.793077 12.793077 16.776255 12.793077 10.526838 10.526838 10.526838 13.211605 6.834606 6.834606 6.834606 4.4084883 4.1726875 4.1726875 4.1726875 4.9774113 6.834606 6.834606 6.9820004 4.172688 4.172688 4.8160963 6.834606 7.0302734 10.52684 10.52684 16.776257 6.190285 16.776257 16.776257 16.776257 17.920568 10.52684 10.52684 10.52684 12.793077 12.793077 14.815529 14.815529 17.849121 12.199721 10.52684 10.52684 6.190285 6.190285 16.776257 16.776257 16.776257 16.776257 16.776257 16.776257 16.776257 16.776257 16.776257 10.52684 10.52684 8.310072 9.803599 10.446393 7.8156376 10.423614
12.793003 16.776194 16.776194 10.526764 10.526764 10.526764 10.526764 10.526764 10.526764 6.9819365 4.8004236 4.1726065 4.1726065 4.1726065 4.1726065 4.1726065 4.173422 7.1143565 6.8345485 4.314307 4.1726074 4.1726074 16.776194 10.826099 10.526766 10.526766 6.1902113 6.1902113 6.1902113 16.776194 16.776194 10.526766 10.526766 6.83455 10.526766 10.526766 10.526766 10.526766 14.815449 10.526766 10.526766 10.526766 10.526766 12.793005 6.1902122 16.776194 16.776194 16.776194 16.776194 14.815449 14.815449 17.355722 16.776194 10.526766 10.526766 6.83455 6.876257 6.6480513 11.187026 9.803547 11.543642
16.776134 16.776134 10.5266905 10.5266905 6.8344917 10.5266905 10.5266905 10.5266905 10.5266905 4.1725264 4.1725264 4.1725264 4.1725264 4.1725264 4.1725264 4.1725264 4.9772835 4.1725273 4.325652 4.2975817 4.1725273 6.190137 16.776134 16.776134 6.190137 6.190137 6.190137 6.190137 6.190137 6.190137 10.526692 10.526692 10.526692 6.8344927 6.9818773 7.740453 6.190138 6.190138 6.190138 10.526692 10.526692 10.526692 12.792931 10.526692 16.776134 16.776134 16.776134 16.776134 6.190138 6.190138 14.815371 10.526692 10.526692 10.526692 10.526692 6.9818773 10.405863 6.7893267 11.693138 7.8155284 11.789684
16.776073 16.776073 10.526616 10.526616 10.790629 6.8344316 10.526616 10.526616 6.8344316 4.1724453 4.1724453 4.1724453 4.1724453 4.1724453 4.1724453 4.1724453 4.1724453 6.8344316 6.8344316 6.8344316 6.8344316 6.1900625 10.526616 16.776077 6.1900625 6.1900625 6.1900625 4.1724453 4.1724453 6.1900625 10.526616 10.526616 10.526616 6.8344326 7.1398945 7.256071 4.172446 4.172446 4.172446 4.172446 6.8344326 10.526616 10.526616 10.526616 10.526616 10.526616 16.776077 12.792855 12.792855 6.1900635 16.776077 10.526616 10.526616 4.1724467 4.1724467 4.3141384 10.129799 6.8150454 7.8154716 9.80344 10.974829
16.776014 10.526541 10.526541 10.526541 6.834375 6.834375 6.98175 6.834375 6.834375 6.981751 4.172364 4.172364 4.172364 4.172364 4.172364 4.172364 4.172364 6.983599 6.834375 6.981751 7.114159 10.526544 10.526544 10.526544 10.526544 6.189989 6.189989 6.189989 4.172364 6.189989 6.189989 17.848904 10.526544 6.3439226 4.32548 4.3229165 4.172365 4.172365 4.172365 4.172365 4.2974124 6.8343754 6.8343754 6.8343754 10.526544 10.526544 16.776016 12.792783 12.792783 16.776016 16.776016 16.776016 6.18999 6.18999 4.1723657 4.1723657 10.1297245 6.8149824 7.8154163 10.145249 10.842087
16.77595 17.848845 10.526466 10.526468 10.790461 6.981688 7.009764 6.981688 6.8343167 7.1397595 6.8343167 4.172284 4.172284 4.172284 4.172284 6.8343167 6.8343167 6.8343167 7.009765 7.1397595 6.8343167 7.0299516 6.8343167 10.526468 10.526468 6.1899137 6.1899137 6.1899137 4.172284 4.172284 6.1899137 6.1899137 6.1899137 6.1899137 4.172285 4.172285 4.172285 4.172285 4.172285 6.1899137 6.1899137 10.7904625 6.981688 6.981688 6.8343167 10.526468 10.526468 10.526468 16.775951 16.775951 16.775951 16.775951 6.1899137 6.1899137 4.172285 4.172285 10.129649 7.815363 9.803336 11.341267 7.815363
16.775894 17.84879 10.526393 10.526393 6.834259 6.834259 7.009701 7.163659 6.9816256 7.029887 6.9816256 6.1898384 6.1898384 4.172203 6.834259 6.9816256 6.834259 6.9816256 7.703746 7.029887 6.834259 7.1396933 6.834259 6.9816265 10.526393 10.526393 6.18984 6.18984 4.1722035 4.1722035 4.172204 6.189841 6.189841 6.189841 4.172204 4.172204 4.172204 4.172204 4.172204 6.189841 10.526394 6.189841 7.0097027 7.0097027 6.9816275 10.526394 10.526394 10.526394 16.775896 16.775896 16.775896 16.775896 10.526394 6.1898413 6.1898413 6.1898413 10.129574 8.228171 6.6477623 7.815306 7.815306
16.775831 10.526318 12.792557 7.6219435 6.9815626 6.8342 7.009636 6.8342 6.834201 7.009637 11.094299 10.526318 10.526318 10.526318 6.834201 6.834201 6.834201 7.703682 6.834201 7.3644457 6.834201 6.834201 7.5368137 6.834201 10.526318 15.449345 16.775831 6.189765 6.189765 6.189766 6.189766 6.189766 4.172123 4.172123 4.172123 4.172123 4.172123 6.834201 6.834201 10.526318 10.526318 10.526318 10.825584 10.825584 10.526318 10.526318 6.189767 6.189767 6.189767 16.775831 16.775831 10.691998 10.526318 10.526318 10.526318 10.526318 10.1295 10.1295 7.8152523 9.80323 7.4544086
10.526244 10.526244 10.526244 10.526244 7.454997 6.9815006 7.009573 6.9815006 6.8341427 7.139559 6.8341427 10.526245 10.526245 10.526245 10.526245 6.9815006 6.9815006 7.009568 7.463375 6.8341427 10.867255 10.79021 10.526245 7.219433 10.526245 6.189691 16.775772 10.526245 6.189691 10.526246 6.1896925 6.1896925 4.172043 4.172043 4.172043 4.172043 6.8341427 6.9815006 6.8341427 7.3888073 6.8341427 10.526246 10.526246 6.1896925 6.1896925 4.172044 6.1896925 6.1896925 6.1896925 6.1896925 16.775772 10.526246 10.526246 10.526246 10.526246 10.526246 10.129425 16.150284 20.829706 10.034809 8.978563
10.52617 10.52617 10.52617 6.8340845 7.23137 7.00951 6.8340845 7.163455 6.9814377 7.0296946 6.9814377 10.52617 6.1896167 14.8148155 10.526172 10.825412 6.8340845 10.526172 10.526172 7.054269 10.790124 10.526172 10.526172 6.8340845 10.526172 16.775713 10.526172 10.526172 10.526172 10.526172 6.1896176 4.1719613 4.1719613 4.1719613 4.976837 4.1719613 6.8340845 7.009511 6.9814386 6.8340845 6.9814396 6.8340855 6.8340855 6.8340855 6.189618 6.189618 6.189618 6.189618 6.189618 6.189618 6.189618 10.526172 10.526172 10.526172 10.526172 10.526172 10.12935 16.150223 16.150223 14.201136 10.249041
6.8340263 6.8340263 6.8340263 6.9813757 6.8340263 7.1768856 6.9813757 7.0296307 7.009446 6.8340263 11.094015 10.526096 6.189543 10.526096 10.526096 10.526096 10.526096 10.790041 10.526096 10.825329 10.526096 10.526096 6.1895437 6.8340273 10.790041 10.526096 10.526096 10.526096 6.8340273 6.8340273 6.8340273 4.171881 4.171881 4.171881 4.172689 4.171881 6.9813757 7.009446 7.009446 6.9813757 6.8340273 7.1394253 10.790041 10.790041 6.1895437 6.1895437 6.1895437 6.1895437 6.1895437 6.1895437 6.1895437 6.1895437 6.1895437 10.526096 10.526096 10.526096 16.150167 16.150167 16.150167 5.9665766 4.0204525
6.981313 6.981313 6.8339677 7.139358 6.981313 6.8339677 10.825242 10.526021 7.163319 6.981313 10.526021 10.526021 14.814657 10.526023 10.526023 10.526023 10.526023 12.792258 6.1894684 10.526023 10.526023 10.526023 6.18947 6.18947 6.343368 10.526023 10.526023 6.8339686 6.8339686 7.1136985 6.8339686 4.2968206 4.1717997 4.1717997 4.1717997 4.1717997 7.0093837 7.0093837 7.0093837 6.8339696 6.981315 10.851243 6.8339696 10.526023 6.7800837 6.18947 6.18947 6.18947 10.526023 10.526023 6.18947 6.18947 6.18947 10.526023 10.526023 16.775593 5.9665027 5.9665027 5.9665027 5.9665027 5.9665027
7.0093164 7.0093164 6.98125 10.851154 10.825155 10.525946 10.789871 10.525946 10.851154 7.0093174 6.83391 10.525946 14.814576 10.525946 10.525946 10.525946 10.525946 12.792187 10.525946 10.525946 6.189394 6.189394 6.189394 6.189394 6.189394 6.189394 10.525946 10.525946 7.113632 6.833911 6.833911 6.9812517 4.1717196 4.1717196 4.1717196 4.1717196 4.3133693 6.833911 7.0093193 10.789871 10.525946 10.825155 6.931323 6.780039 6.1893954 6.1893954 4.1717196 6.1893954 10.525946 10.525946 10.525946 6.1893954 4.1717196 6.1893954 6.1893954 6.1893954 5.966427 5.966427 5.966427 10.129125 6.647412
7.0092535 6.833852 10.825068 10.525868 16.775473 10.525868 12.792108 7.6216526 6.833852 7.0092545 6.833852 10.52587 6.1893215 6.833852 10.525871 10.525871 10.525871 12.792109 10.525871 10.525871 6.1893215 6.1893215 6.1893215 6.1893215 6.1893215 6.1893215 6.1893215 12.198753 6.833852 7.029437 6.833852 6.833852 6.833852 6.833852 6.833852 4.1716385 5.0160666 4.2966514 10.525873 10.525873 6.1893215 6.1893215 7.3867235 7.3530836 6.1893215 4.1716394 6.1893215 6.1893215 6.1893215 12.792112 10.525873 10.525873 4.1716394 4.1716394 6.1893215 6.1893215 5.966352 16.14999 10.12905 10.12905 6.7886367
10.525795 10.525795 10.525795 16.775414 16.775414 16.775414 16.775414 23.650194 16.775414 10.824982 6.9811244 10.525795 10.525795 10.525795 10.525795 10.525795 10.525795 10.525795 10.525795 10.525795 6.1892476 7.2600136 6.1892476 6.1892476 6.1892476 4.1715574 6.1892476 4.1715584 10.525797 13.372644 10.525797 6.981126 6.981126 6.8337946 6.8337946 6.8337946 6.8337946 4.1715584 10.525797 10.525797 6.1892476 6.1892476 6.1892476 6.1892476 6.1892476 10.525797 10.525797 6.1892476 6.1892476 12.792036 12.792036 12.792036 6.1892476 6.1892476 4.1715584 6.1892476 16.149927 10.128974 10.128974 6.647295 6.8143406
10.5257225 14.814341 14.814341 6.1891723 6.1891723 12.791962 10.5257225 16.775352 10.5257225 10.5257225 7.5598106 10.5257225 10.525723 10.525723 10.525723 10.525723 10.525723 10.525723 10.525723 6.189173 6.189173 6.189173 6.189173 6.189173 6.189173 4.171478 4.171478 6.189173 6.189173 10.525723 10.525723 10.824899 10.525723 7.1390905 6.981064 6.8337374 10.525723 14.258336 10.525723 10.525723 6.189173 6.189173 6.189173 4.171478 6.189173 6.189173 6.189173 4.171478 12.791962 12.791962 10.525723 10.525723 10.525723 6.189173 10.525723 6.189173 10.1289 10.1289 10.1289 6.788512 6.8142776
6.1890965 14.8142605 14.8142605 16.775291 16.775291 12.791888 10.52565 10.52565 10.52565 10.52565 6.833679 6.833679 10.52565 10.52565 10.52565 10.52565 10.52565 10.52565 10.52565 10.52565 6.1890984 6.1890984 6.1890984 6.1890984 6.1890984 6.189099 4.171396 10.52565 6.189099 6.189099 10.52565 10.52565 10.52565 10.52565 10.824814 6.981003 6.83368 10.52565 6.189099 6.189099 6.189099 6.189099 6.189099 4.1713967 4.1713967 6.189099 6.189099 4.1713967 12.79189 12.79189 10.52565 6.83368 10.52565 10.52565 10.52565 10.52565 10.128826 6.6471786 10.128826 6.814213 6.814213
6.1890235 14.814178 16.775229 16.775229 16.775229 16.775229 10.525575 12.791815 10.525575 10.525575 6.8336205 11.028008 10.525575 10.525575 16.775229 10.525575 10.525575 10.525575 6.833621 10.525575 10.525575 6.1890235 4.171315 4.171315 6.1890235 6.1890235 6.1890235 10.525575 6.1890235 4.81487 4.171315 6.1890235 10.525575 12.198457 10.525575 10.525575 6.833621 10.525575 10.525575 17.848194 10.525575 10.525575 10.525575 10.525575 4.171315 6.1890244 6.1890244 6.1890244 10.525575 12.791815 10.525575 6.98094 6.833621 6.833621 6.833621 10.525575 10.128753 10.128753 4.1396837 4.0198755 6.8141484
6.1889486 16.775171 16.775171 16.775171 16.775171 16.775171 16.775171 12.7917385 12.7917385 10.525497 10.789366 10.525497 10.525497 10.525497 16.775171 6.1889496 10.525497 10.525497 6.833563 10.789366 10.525497 10.525497 6.18895 4.171234 4.171234 6.18895 10.525499 6.18895 6.18895 4.171234 4.171234 6.18895 6.18895 10.525499 10.525501 10.525501 10.78937 10.525501 10.525501 17.848139 10.525501 10.525501 10.525501 10.525501 6.188951 6.188951 16.775171 10.525501 10.525501 10.525501 6.833564 7.008938 6.833564 6.980878 4.2962284 4.171235 10.128677 10.128677 6.647063 4.0197926 4.0197926
16.775112 10.525424 10.525424 16.775112 16.775112 16.775112 16.775112 12.791662 6.1888757 6.1888757 6.1888757 16.775112 10.525424 10.525424 6.1888757 6.1888757 10.525424 10.525424 6.8335066 6.980815 6.8335066 10.525424 10.525424 10.525424 6.1888766 6.1888766 16.775112 6.1888766 6.1888766 6.1888766 4.171155 6.1888766 6.1888766 16.775112 16.775112 10.525426 10.525426 10.525426 12.198306 16.775112 17.848085 6.1888766 6.1888766 10.525426 17.848085 17.848085 16.775112 10.525426 10.525426 10.525426 6.8335066 7.008875 6.8335066 6.8335066 10.525426 6.1888766 7.4546165 6.647005 6.7882605 4.0197105 4.0197105
16.77505 16.77505 10.525349 16.77505 16.77505 12.791589 12.791589 12.791589 16.77505 16.77505 25.266878 16.77505 10.525351 10.525351 16.77505 10.525351 10.525351 6.833447 4.171074 6.833447 6.833447 7.53606 10.525352 10.525352 6.7379265 16.77505 16.77505 16.77505 6.1888022 6.1888022 6.1888022 4.171074 6.1888022 6.188803 10.525353 10.525353 10.525353 10.525353 16.77505 16.77505 6.188803 6.188803 7.2595663 6.188803 6.188803 16.77505 16.77505 16.77505 10.525353 10.525353 6.833447 7.1387563 6.9807534 6.9807534 10.525353 10.525353 6.646947 6.7881985 10.401639 4.0196285 4.0196285
12.791516 12.791516 16.77499 16.77499 16.77499 12.791516 12.791516 12.791516 12.791516 16.77499 16.77499 16.77499 16.77499 16.77499 10.525277 10.525277 6.8333874 4.295974 4.170992 4.170992 4.295974 6.8333874 11.14671 10.525277 10.525277 10.525277 16.77499 16.77499 16.77499 10.525277 6.1887283 6.1887283 6.1887283 6.1887283 7.2594914 6.1887283 6.1887283 10.525277 16.77499 16.77499 6.1887283 6.1887283 6.1887283 6.1887283 6.1887283 16.77499 16.77499 10.525277 10.525277 10.525277 10.525277 10.850377 10.525277 7.008746 6.8333883 6.8333883 10.128453 10.128453 5.9657564 5.9657564 4.019546
12.791439 12.791439 6.188652 6.188652 16.774931 12.791439 12.791439 12.791439 12.791439 16.774931 17.354456 16.774931 16.774931 16.774931 10.5252 6.833331 6.833331 4.2958894 4.170911 4.170911 6.1886535 6.1886535 6.980627 10.525201 10.525201 10.525201 16.774931 16.774931 16.774931 10.525201 10.525201 10.525201 6.188654 6.188654 6.188654 6.188654 10.525201 16.774931 16.774931 16.774931 6.188654 6.188654 6.188654 6.188654 7.2594166 16.774931 10.525201 10.525201 10.525201 10.525201 10.525201 10.525201 10.525201 10.8243 6.3424973 6.980627 10.128377 16.14945 5.965681 12.2934065 7.454444
16.774868 6.188578 6.188578 6.188578 16.77487 16.77487 16.77487 16.77487 16.77487 16.77487 16.77487 16.77487 16.77487 10.525126 10.525126 10.788947 6.833272 4.295803 4.170829 4.170829 6.188579 6.188579 10.525126 10.824214 10.525128 10.525128 16.77487 16.77487 17.354397 10.525128 10.525128 16.77487 10.525129 10.525129 6.1885805 10.525129 10.525129 17.847866 16.77487 16.77487 16.77487 16.77487 16.77487 10.525129 12.791368 12.791368 12.791368 12.791368 10.525129 6.1885805 6.1885805 10.525129 10.525129 16.77487 7.621167 7.7964706 17.172626 17.172626 5.9656076 12.293331 6.5950775
16.774807 6.188503 6.188503 16.774807 16.774807 16.774807 16.774807 16.774807 16.774807 16.774809 16.774809 16.774809 16.774809 10.525053 10.525053 10.525055 10.788864 6.1885047 4.1707497 4.1707497 4.1707497 6.1885047 10.525055 16.774809 16.774809 16.774809 16.774809 16.774809 16.774809 16.774809 16.774809 16.77481 16.77481 10.525055 12.197935 10.525055 9.43753 17.847809 17.847809 16.77481 17.354338 6.1885047 10.525055 10.525055 10.525055 10.525055 10.525055 10.525055 6.1885056 6.1885056 6.1885056 10.525055 16.77481 16.77481 16.77481 18.74593 17.172579 17.172579 17.172579 17.172579 5.9655323
