Export/ASCII/RMeteo_SP_inch/speranza1/RMeteo_2018_SP2_inch.asc
ncols         660
nrows         338
xllcorner     1476100.0
yllcorner     5017100.0
cellsize      100
NODATA_value  -9.9e-20
[rows 189 to 215 of 338, columns 540 to 599 of 660]
2.4867334 2.4867334 2.9300046 2.3803182 2.3803182 2.4867334 2.7787108 2.7787108 2.7787106 2.7787106 2.7787104 1.4449638 1.3717457 1.3717457 1.3717457 1.3717457 1.3717457 1.2733876 1.465439 1.397019 1.2733876 2.4671676 2.4671676 2.292562 2.292562 2.292562 1.2733871 1.3717448 1.3717448 1.2733871 0.55219984 0.55237913 0.55234575 0.5465777 0.6271596 0.6271596 0.6271596 0.5465777 0.62743855 0.55219984 0.77288294 0.5465777 0.55219984 0.6306138 0.55219984 0.5465772 0.62684155 0.5465772 0.5465772 0.5465772 0.5465772 0.5465772 0.5465772 0.5465772 0.55219936 0.5465772 0.5465772 0.779119 0.55219936 0.62697697
2.3803053 2.3803053 2.9299946 2.3803053 2.380305 2.4867206 2.4867206 2.7787025 2.7787025 2.7787025 2.7787025 2.6060827 1.1847712 1.3717345 1.2733806 1.4654244 1.3717345 1.3717345 1.3717345 1.3717345 1.3717345 1.2733806 2.4671595 2.2925503 2.29255 1.4846529 1.0337044 1.0337044 1.371734 1.3717338 0.5465753 0.62529564 0.62683487 0.5521984 0.62828255 0.54657483 0.7924587 0.55219793 0.62828207 0.6268344 0.62828207 0.55219793 0.5465739 0.6268339 0.79245776 0.55219746 0.6268287 0.8799378 0.55219746 0.55219746 0.7718668 0.55219746 0.55219746 0.5465739 0.55219746 0.6268301 0.77208567 0.5465739 0.6768162 0.3825643
2.3802924 2.3802924 2.9299834 2.3802924 2.3802924 2.9299834 2.7786937 2.7786934 2.7786934 2.7786934 2.4867077 2.4867077 1.2878526 1.3717235 1.3717235 1.3717233 1.3717233 1.3717233 1.3717233 1.3717233 1.3717233 1.3717233 1.2733742 1.484639 1.484639 1.7055286 1.3800744 1.3800744 0.552196 0.552196 0.5465715 0.62682724 0.62714434 0.62682676 0.62827444 0.552196 0.5465715 0.7924945 0.62827444 0.62714386 0.5465715 0.6268263 0.5465715 0.6271434 0.5465715 0.7747302 0.5465715 0.552196 0.7924997 0.79255646 0.6307564 0.7924563 0.5465715 0.5465715 0.5465715 0.5465715 0.552196 0.5465715 0.38256335 0.44738507
2.3802798 2.3802798 2.9299726 2.3802798 2.3802795 2.929973 2.778685 2.778685 2.778685 2.778685 2.4866943 1.4449297 1.2210604 1.2733675 1.3717128 1.3717128 1.3717128 1.3717128 1.3717128 1.2733675 1.3717128 1.2733675 1.5829705 1.4846257 1.7922232 1.494254 0.5521941 0.5521941 0.55234003 0.55234003 0.5521941 0.77285624 0.6282668 0.62713575 0.62872744 0.6268182 0.54656863 0.5521941 0.79282206 0.62826586 0.54656863 0.62713575 0.5521941 0.62826586 0.5521941 0.54656863 0.62872744 0.54656863 0.54656863 0.54656863 0.54656863 0.54656816 0.77471924 0.5521941 0.5521941 0.54656816 0.5521941 0.79245394 0.54656816 0.5521941
2.3802671 2.3802671 2.9299622 2.929962 2.3802667 2.929962 2.7786758 2.7786756 2.7786756 2.7786756 2.7786756 1.5902065 1.2733613 1.3717018 1.3717018 1.2733611 1.3717016 1.1847328 1.1297807 1.3717016 1.2733604 1.4846123 1.4942433 1.2733604 1.4942521 0.5521922 0.5465653 0.5523381 0.5465653 0.626812 0.626812 0.5465653 0.6282587 0.6282587 0.52364516 0.52247715 0.4701972 0.38256145 0.6268115 0.79282254 0.5521922 0.8799092 0.626811 0.5465653 0.626811 0.5521922 0.6266103 0.6305814 0.5465653 0.5521922 0.5521922 0.5465648 0.55219173 0.79245204 0.5465648 0.5465648 0.5465648 0.5465648 0.79248303 1.273359
2.380254 2.380254 2.3802536 2.9299521 2.3802536 2.3802536 2.7786674 2.7786674 2.7786674 2.7786672 2.7786672 1.4625982 1.3716906 1.3716906 1.3716906 1.3716906 1.3716906 1.1797167 1.1297699 1.4563853 1.3716904 1.7054785 1.3716904 1.3716904 0.5521908 0.5523367 0.5521908 0.6268039 0.5521908 0.62712145 0.62712145 0.5521908 0.6287122 0.3825605 0.44912076 0.44862723 0.44764566 0.3825605 0.62712145 0.7761307 0.5465629 0.6268039 0.5465629 0.5521908 0.5465629 0.7924511 0.7730832 0.62824345 0.5465629 0.6268039 0.5465629 0.54656243 0.54656243 0.54656243 0.54656243 0.5521903 0.5521903 0.54656243 1.5456063 1.6365465
2.3802414 2.3802414 2.3802414 2.9299407 2.380241 2.380241 2.9299407 2.7786582 2.7786582 2.7786582 1.4625908 1.6390425 1.3716801 1.3716801 1.2733477 1.2733477 1.46535 1.1797045 1.1797045 2.2015617 1.3716797 1.494224 1.3716797 0.5521889 0.5523343 0.62679625 0.54656005 0.6271138 0.62679625 0.62824345 0.62824345 0.62679625 0.5236316 0.44737577 1.129759 1.129759 1.2339157 0.44737577 0.5231719 0.5465596 1.545595 0.5465596 0.62711287 0.7488303 0.6265917 0.5465591 0.5465591 0.5521884 0.7924487 0.5465591 0.6271124 0.5521884 0.5521884 0.77182245 0.62743664 0.7924487 0.5465591 1.7931074 1.5455946 1.4674815
2.3802285 2.3802285 2.3802285 2.3802285 2.92993 2.380228 2.6151211 2.615121 2.615121 2.7786493 1.6390315 1.6390313 1.3716682 1.2733406 1.4653338 1.3716682 1.371668 1.1796917 2.1944633 1.1297499 1.1846949 1.3716677 0.55218697 0.5523329 0.62678957 0.62710667 0.55218697 0.6282368 0.62710667 0.6282368 0.6282368 0.5465567 0.5317266 0.4473729 0.41570687 0.8299794 0.80474496 0.41570687 0.44737267 0.5521865 0.5521865 1.2733399 0.62823534 0.87988013 0.54655623 0.54655623 0.5521865 0.54655623 0.54655623 0.79277486 0.5521865 0.6861427 0.43540382 0.54655623 0.54655623 0.54655623 3.4868813 2.7825768 1.6196842 1.4845699
2.4100676 2.3802156 2.3802156 2.3802156 1.9020141 1.9020141 0.82158065 1.7386523 1.7386523 1.4625765 1.6390201 1.6390201 1.4845597 1.3716582 1.5828832 1.4845597 1.4845597 1.1846815 2.1257825 2.1944463 1.1297385 0.55218554 0.5465543 0.5465543 0.6270981 0.5465543 0.626781 0.5465543 0.62822866 0.6286874 0.5465543 0.55218554 0.44861817 0.3825574 0.3825574 0.80473256 0.31500888 0.3825574 0.3825574 0.55218506 0.54655385 0.55218506 0.54655385 0.54655385 0.55218506 0.55218506 0.5465534 0.55218506 0.6267762 0.6270895 0.7926809 0.4353981 0.4353981 0.3825574 0.47018766 2.2683463 2.4670992 1.4007044 1.4007044 2.2924585
2.3802028 2.3802028 1.9020026 0.82156706 0.82156706 1.9020026 0.82156706 1.9964689 1.9964689 1.6390091 1.6390089 1.6390084 1.705412 1.5828651 1.705412 1.705412 1.4845458 2.7206593 2.565843 0.5465505 0.55218315 0.5465505 0.55232906 0.55218315 0.62822104 0.55218315 0.62709045 0.55218315 0.7502341 0.6286793 0.55218315 0.62677336 0.4486153 0.44736695 1.2301205 0.31500793 0.31500793 0.55218315 0.55218315 0.56755924 0.55218315 0.48194763 0.4813163 0.5465505 0.55218315 0.792443 0.55218315 0.5465505 0.5465505 0.5465505 0.5465505 0.8090078 0.55218315 0.55218315 0.38255644 2.1257668 2.2924461 1.4006972 1.4006972 2.2924461
0.821553 0.82155275 0.82155275 1.9019908 1.9019908 0.82155275 0.82155275 1.9964505 1.7386173 1.9150518 1.9150518 1.7386166 1.7053958 1.7053958 1.7053958 1.7053958 2.545999 2.4670846 1.2733203 0.55218124 0.54654765 0.55218124 0.7717943 0.6267657 0.6282134 0.6267657 0.6282129 0.74877167 0.626554 0.75067663 0.6267657 0.38255548 0.38255548 0.4473641 0.41569924 0.3994286 0.54654765 0.55218124 0.5961132 0.54654765 0.7314091 0.61758924 0.48210832 1.2733198 0.62676525 0.62655306 0.7722621 0.62676525 0.55218124 0.55218124 0.62676096 0.62707424 0.79244155 0.54654765 0.38255525 2.267601 2.2924337 1.4006903 1.4006903 1.4006903
1.9019791 1.9019791 1.9019791 1.901979 0.82153964 0.82153964 0.82153916 0.8872657 1.9964324 1.9964324 1.9964322 1.7385992 1.7053794 1.7053789 1.4941736 2.7206345 2.4670756 1.2733141 0.5521798 0.62675905 0.54654527 0.54654527 0.6274085 0.62707615 0.628664 0.5465448 0.5465448 0.655509 0.630126 0.5499675 0.6270757 0.38255453 0.38255453 0.38255453 0.44736123 0.5465443 0.5465443 0.55223846 0.5465443 0.54654384 0.55217886 0.6282048 0.6754556 0.55217886 0.54654384 0.54654384 0.5522294 0.54654384 0.79243916 0.54654384 0.54654384 0.54654384 0.54654384 0.55217886 0.3825543 2.12574 1.4006834 1.4006834 1.4006832 1.4006832
2.778605 2.778605 1.9019672 0.8215258 0.8215256 0.8215256 0.8215256 0.8215256 1.9964141 1.4775366 1.4775363 1.9964138 1.7053627 1.4941634 2.467067 2.5765297 1.2733072 0.5465419 0.55232334 0.62706757 0.5521779 0.5521779 0.5465419 0.5465419 0.6286545 0.5521779 0.5465419 0.7403693 0.76321983 0.63079786 0.7501869 0.5521779 0.5521779 0.5521779 0.43537688 0.4813027 0.5521779 0.5465419 0.7717757 0.5521779 0.5521779 0.79243773 0.5465419 0.5465419 0.55232334 0.5521779 0.5521779 0.7377987 0.5465419 0.5465419 0.5521779 0.5521779 0.55512476 0.48210046 0.6142266 0.38255334 2.1740954 1.4006758 1.4006758 1.4006758
2.7785969 1.462541 0.8215122 0.8215122 0.8215122 1.4448158 1.4448158 1.4448155 1.9963974 1.3637544 1.3413848 1.6319062 1.3804716 2.5765169 2.467059 1.2733005 1.3716024 0.552176 0.54653907 0.6281905 0.6267433 0.6267433 0.552176 0.54653907 0.6286464 0.54653907 0.552176 0.6281905 0.73890495 0.72458553 0.62652683 0.77879286 0.566875 0.54653907 0.552176 0.4353714 0.5149064 0.54653907 0.552176 0.62818956 0.7924358 0.7743845 0.6265259 0.6265259 0.5465386 1.6270612 0.6254859 0.3825524 0.7721224 0.552176 0.62674236 0.5465386 0.4353714 0.4353714 0.3825524 0.5684917 2.3490338 1.4006681 1.4006681 1.4006681
1.4625336 1.6389519 0.8214984 0.82149816 0.82149816 1.5409716 1.5409716 1.5409716 0.8872242 1.7385467 1.4738883 1.5409716 2.605528 2.4670503 1.2732939 1.3715914 1.3715914 0.6267357 0.55217314 0.6281824 0.6270523 0.62705183 0.6267352 0.43536687 0.4812946 0.77307415 0.6267352 0.5465348 0.79243344 2.0744596 0.6300998 0.79243344 0.62673473 0.5465348 0.55217314 0.5459411 0.4812946 0.5523391 0.55217314 0.79243344 0.5465348 0.8812949 0.63728046 0.5488591 0.5465348 0.48 0.44859838 0.48 0.55217314 0.79243344 0.5465348 0.7719755 0.43536615 0.4812939 0.49567056 0.44859838 2.4936275 2.1257007 1.400662 1.4006615
1.6389412 1.6389412 1.4625267 1.4625267 0.82148504 0.8582616 0.85826135 0.85826087 0.8214843 0.88721037 0.85826087 2.9198453 2.4670427 1.2732872 1.3715805 1.3715805 1.3715802 0.62704515 0.62672853 0.62863016 0.62817574 0.62817574 0.6270442 0.48128983 0.43536115 0.5523505 0.792432 1.5454892 1.459077 1.7578255 2.0714982 1.6374382 1.6302675 1.5454892 0.31500196 0.3755772 0.35589314 0.3553934 0.44965434 0.54653287 0.77460575 0.62650776 0.54969 0.48 0.4701717 0.38255048 1.1296657 0.4156847 0.5005231 0.38255048 0.6033273 0.55217123 0.62817335 0.54653144 0.54653144 0.54653144 0.38255024 2.2675076 2.1256876 2.2504046
1.4385911 1.3413509 1.6389292 1.6389292 0.8214705 0.8214705 0.8214705 0.8214705 0.8214705 1.9019188 2.6150064 2.7785697 1.2732807 1.3715693 1.371569 1.2732803 1.3715688 1.5085601 1.5065845 0.54652953 0.7501273 0.7501273 0.6264987 0.4820058 1.2209183 1.6824105 1.8031896 1.1845804 1.129656 1.4941217 1.7552549 1.3717622 0.8336649 0.8046365 0.8175702 0.8046365 0.3246143 0.3246143 0.315001 0.5521703 0.54652953 0.75244284 0.5651753 1.2343405 0.44761324 0.3825493 0.3825493 1.1296543 0.3825493 0.4473443 0.4473462 0.626719 0.54652905 0.7649393 0.5521698 0.5521698 0.6015663 2.1256742 2.1256742 2.250392
1.3636974 1.3636974 1.638918 1.638918 0.82145715 0.82145715 0.8214569 0.8214569 1.9019072 2.614993 1.4447693 1.4447693 1.2732741 1.2732741 1.3715588 1.2732741 1.2732738 1.3968285 1.2209073 1.5454663 1.4844385 1.9535897 1.7958822 1.5351406 1.3968283 1.2732733 1.3985826 1.2296034 1.2732731 1.3715578 1.4941121 1.5827225 0.8046241 0.80462384 0.80462384 0.80462384 0.80462337 0.80462337 0.32374954 0.39940476 0.38254833 0.55101347 0.38254833 0.44859123 0.44828272 0.6264882 0.6264882 0.38254833 0.44734144 0.44734144 0.55216837 0.5465267 0.73642635 0.5465267 0.63047504 0.5465267 2.4670234 2.4670234 1.4006395 1.8010732
0.40059447 1.5000211 1.6389066 1.6389066 1.7384778 0.8214433 0.8214433 0.8214431 2.7785528 1.4625045 1.5409116 1.5409116 1.1845556 1.1845556 1.1845554 1.1296352 1.2315732 1.5827054 1.6079754 1.3715476 1.4941028 1.7646261 1.5023552 1.3715476 1.2732671 1.3715476 1.3715476 1.3715476 1.4561871 1.3715471 1.3715466 1.7052599 0.80461144 0.80461144 0.80461144 0.80461144 0.8046112 0.8046112 0.8046112 0.39940143 0.48 0.54652286 0.38254738 0.4473405 0.44858837 0.51227355 0.48 0.38254738 0.54652286 0.54652286 0.54652286 0.6854186 0.552166 0.5323906 0.54652286 0.63046646 2.7824142 2.4670146 1.4006326 1.4006326
0.64929986 1.6388952 1.9148587 1.9148587 1.9962894 1.7384607 1.7384604 1.7384604 1.3413163 1.4385504 1.4135162 1.4135162 1.1795379 1.1795379 1.1795379 1.1795379 1.1795374 1.2451657 1.2451657 1.1845425 1.0335184 1.4940919 1.3715354 1.3715354 1.3715354 1.2732598 1.3715352 1.3715352 1.3715352 1.465154 1.3715352 1.4844114 0.8598473 0.80459976 0.80459976 0.8045995 0.80459905 0.80459905 1.2679788 1.4618644 0.54652 0.55218697 0.5521641 0.5521641 0.5521641 0.54652 0.55227613 0.54652 0.5521641 0.5521641 0.77170753 0.5225842 0.6258271 0.38254642 0.4504087 2.7824 2.8735623 1.4006257 1.4006257 1.4006255
3.1362746 1.8290875 1.9265776 2.5730667 2.5730667 2.0000763 0.82141566 1.9962693 1.3636533 1.3636531 1.3636531 1.3636531 1.179525 1.1795248 1.1795248 1.1795248 1.1795243 1.1795243 1.1795243 1.1795243 1.1889385 1.1845297 1.1845297 1.3715247 1.3715247 1.3715247 1.2732533 1.3715247 1.3715247 1.2732533 1.3715247 1.4940819 0.8045871 0.8045871 0.8045871 0.8045871 0.8045869 0.8045869 1.4198207 1.2732531 0.55216265 0.55216265 0.56681013 0.7524352 0.54651713 0.68490744 0.55216265 0.5700283 0.56681013 0.54651713 0.54651713 0.38254523 0.38254523 0.44910002 0.54651713 2.6870012 2.4669979 2.4669979 1.4006181 1.4006181
2.778526 2.3800488 2.3800488 2.3800488 1.9018601 0.8214028 0.8214028 0.8871281 1.341293 1.363639 1.3412927 0.8332913 0.80457616 0.82979345 0.82979345 0.82979345 1.1296042 1.5732263 1.1296042 1.1795117 1.1795117 1.1795117 1.1795117 1.1296042 1.3715135 1.2732459 1.2732459 1.2732459 1.371513 1.371513 1.371513 1.2732459 0.8322027 0.80457544 0.80457544 0.80457497 0.80457497 0.8045747 1.2732459 1.371513 0.55216074 0.5465143 0.6266813 0.5465138 0.7719145 0.5465138 0.5465138 0.7924201 0.5465138 0.77169514 0.55216026 0.48 0.4814808 0.44733167 1.6147988 1.2732455 2.46699 2.4669898 2.4669898 2.4669898
2.3800364 2.3800364 2.778517 1.9018482 1.341282 1.341282 0.8213887 0.8213887 0.833277 0.833277 0.83327675 0.82138824 0.804564 0.804564 0.804564 0.804564 1.1794993 1.2451302 1.1794993 1.5732096 1.179499 1.179499 1.1794988 1.1794988 1.3715032 1.3715032 1.3715032 1.27324 1.4651102 1.5826341 1.2732397 1.3715025 1.2732397 0.80456305 0.80456305 1.2208515 1.2208515 1.2732395 1.2732395 1.3715023 0.55215836 0.55230427 0.54651093 0.62698936 0.55215836 0.6281204 0.55215836 0.54651093 0.7729397 0.55215836 0.79241866 0.6032784 0.48125884 3.256183 2.4669814 2.5768437 2.576394 2.4669812 2.4669812 2.4669812
2.3800235 1.9018362 2.3800235 1.341271 1.3636109 1.341271 0.82137465 0.82137465 0.82137465 0.82137394 0.82137394 0.82137394 0.8045528 0.8045528 0.8045528 1.129584 1.1794866 1.1794866 1.129584 1.4843582 1.573191 1.1794864 1.1794864 1.1794864 1.371492 1.273233 0.85383415 0.8321767 0.8321767 0.85979605 1.3714911 0.80455136 0.83217645 1.220841 1.220841 1.3126482 1.3126453 1.3126479 1.3714904 0.5521569 0.55230284 0.5465081 0.5465081 0.5465081 0.62811327 0.7924172 0.5465081 0.77167845 0.5521569 0.7924172 0.5465081 2.466973 2.466973 2.466973 2.466973 2.466973 2.466973 2.466973 2.4669728 2.4669728
2.486426 2.3800104 2.3800104 1.3635958 1.3635961 1.3635961 1.3412589 0.8213606 0.8213606 0.8213606 0.82136035 0.82136035 0.8045404 0.8045404 0.8045399 0.8297539 1.1794738 1.1794738 1.1794738 1.3803266 1.3803264 1.1794733 1.129573 0.82975364 0.8321638 1.3714803 0.80453944 1.1295725 1.1295725 0.80453897 0.8321631 0.80453897 0.80453897 1.2208298 1.3126341 1.1976415 0.8297515 0.83840275 1.396748 0.552155 0.5465052 0.68299913 0.552155 0.552155 0.6281047 0.77297497 0.62854624 0.552155 0.62665796 0.5465052 0.97821474 1.899546 2.4669647 2.4669647 2.4669647 2.4669642 2.466964 2.466964 2.4669638 2.4669638
2.486413 2.486413 2.3799977 1.363582 1.363582 1.363582 1.363582 0.8213477 0.8213477 0.8213475 0.821347 0.821347 0.80452824 0.80452824 0.80452824 0.804528 1.1794611 1.1794611 1.1295632 1.3796743 0.5335779 0.33188915 0.33188915 0.31499195 0.31499195 0.33346987 0.38254046 0.38254046 1.1794602 0.82974005 0.31499195 0.31499195 1.129562 1.3126203 1.1295618 1.1295618 1.1794568 0.8045261 1.3714687 0.5465019 0.5465019 0.5521531 0.5465019 0.79241294 0.5465019 1.545364 1.2732188 2.125886 0.6264119 0.6269665 0.5465019 1.8009815 2.4669566 2.4669566 2.4669566 2.4669564 2.4669564 2.4669564 2.4669561 1.2382318
2.778482 2.778482 1.4624478 1.3635675 1.3635675 1.3635672 1.341236 1.341236 1.341236 1.341236 1.3412358 0.8213341 0.8045156 0.8045156 0.80451536 0.80451536 1.1794482 1.179448 0.82972693 0.5335746 0.534987 0.32372975 0.32372975 0.32372975 0.32372975 0.32372975 0.3469727 0.3469727 0.314991 0.33188725 0.314991 0.32372975 0.3825395 0.415658 1.1976188 1.1794468 1.1295513 1.1295513 0.546499 0.546499 0.5521512 0.5521512 0.6266432 0.546499 0.8811576 0.546499 0.546499 0.38253927 0.5679364 0.48 0.62808895 2.466948 2.466948 2.466948 2.466948 2.466948 2.466948 2.466948 2.466948 1.2382194
