Export/ASCII/RMeteo_SP_inch/speranza1/RMeteo_2015_SP1_inch.asc
ncols         660
nrows         338
xllcorner     1476100.0
yllcorner     5017100.0
cellsize      100
NODATA_value  -9.9e-20
[rows 270 to 296 of 338, columns 122 to 182 of 660]
2.515081 2.515081 2.515081 2.515081 3.527863 3.527863 3.527863 2.9484708 2.9484708 2.9484708 3.3665612 3.3665614 3.3665614 3.3665617 3.527863 3.527863 3.4824958 3.3665617 3.3665621 3.3665621 3.3665621 3.527863 3.527863 3.3665624 3.3665624 3.3665624 3.3665624 3.3665624 2.6666062 2.8722782 2.8722785 2.6666062 2.6666062 2.6666062 2.6666062 2.6666062 2.666607 3.366563 3.366563 3.8164673 3.0648668 3.0648668 3.0648668 3.0648668 3.0648668 3.4360945 3.4360945 3.8164675 3.8164675 3.8164675 3.8164675 3.816468 3.816468 3.9131646 3.9082596 3.0818763 3.0818763 3.436095 3.436095 3.9082603 3.9082603
2.5150316 2.5150316 2.5150316 2.515032 2.515032 2.9484363 2.9484363 2.9484363 2.9484365 2.9484365 3.3665276 3.3665276 3.3665276 3.3665276 3.3665276 3.5278273 3.3665273 3.3665273 3.3665276 3.3665276 3.3665276 3.5278277 3.3665278 3.3665278 3.3665278 3.3665278 3.3665278 3.3665287 2.8722174 2.8722174 2.872218 2.666548 3.366529 3.366529 3.366529 2.6665485 2.6665485 2.6665485 3.366529 3.8164296 3.0648007 3.0648007 3.0648007 3.0648007 3.0648007 3.0648007 3.8164296 3.8164299 3.8164299 3.8164299 3.81643 3.81643 3.81643 3.908221 3.908221 3.908221 2.4715645 2.4715645 3.4360557 3.9082212 3.9082212
2.514984 2.514984 2.514984 2.5149844 2.5149844 2.9484012 2.9484012 2.9484012 2.9484017 2.9484017 3.3664937 3.3664937 3.3664937 3.3664937 3.3664937 3.3664937 3.366494 3.366494 3.3664942 3.3664942 3.3664942 3.3664951 3.3664951 3.3664951 3.3664954 3.3664954 3.3664954 3.3664956 3.3664956 2.7292395 3.3664956 3.3664956 3.3664956 3.3664956 3.3664956 3.3664956 2.6664913 2.6664913 3.3664956 3.816391 3.816391 3.0647318 3.0647318 3.064732 3.064732 3.064732 3.0647323 3.0647323 3.8163917 3.8163917 3.816392 3.816392 3.816392 3.816392 3.9081821 3.9081821 3.4360163 2.4714952 2.4714952 3.9081821 3.9081821
2.514937 2.514937 2.514937 2.5149374 2.5149374 2.5149379 3.505165 2.948368 2.948368 2.948368 3.3664591 3.3664591 3.3664591 3.3664594 3.3664594 3.7390773 3.3664596 3.3664596 3.3664596 3.3664596 3.3664596 3.3664598 3.3664598 3.3664598 3.3664598 3.3664598 3.3664598 3.3664598 3.3664598 3.3664598 3.3664598 3.3664598 3.3664598 3.36646 3.36646 3.36646 3.36646 2.6664326 2.6664326 3.8163536 3.0646663 3.0646663 3.0646663 3.0646665 3.0646665 3.0646665 2.4714262 3.0646665 3.0646665 3.8163538 3.8163538 3.8163538 3.8163538 3.8163538 3.8163543 3.8163543 3.9081428 3.4359772 3.4359772 3.9081428 3.9081428
2.5148895 2.5148895 2.5148895 2.5148895 2.5148895 2.5148895 2.9483333 2.9483333 2.9483337 2.9483337 2.9483337 3.366425 3.366425 3.3664255 3.3664255 3.7390404 3.7390404 3.7390404 3.7390413 3.3664255 3.3664255 3.3664255 3.3664255 3.3664255 3.3664255 3.3664255 3.3664255 3.3664255 3.3664255 3.3664255 3.3664255 3.3664255 3.3664258 3.3664258 3.3664258 3.3664258 3.366426 3.366426 2.666374 3.0645995 3.0645995 3.0645995 3.0645995 3.0645995 3.2816424 3.2816424 3.2816427 3.0645995 3.0645995 3.816316 3.8163166 3.8163166 3.8163166 3.8163166 3.8163161 3.8163161 3.8163161 4.38518 3.8163161 3.8163161 3.157236
2.5148404 2.5148404 2.5148404 2.5148404 2.5148404 2.5148404 2.5148404 3.5050933 2.9482977 2.9482977 2.9482982 2.9482982 2.9482982 2.9482987 3.7390032 3.7390032 3.7390032 3.7390032 3.7390032 3.366391 3.366391 3.366391 3.366391 3.366391 3.366391 3.366391 3.3663912 3.3663912 3.3663912 3.3663912 3.3663912 3.3663912 3.3663914 3.3663914 3.3663914 3.3663914 3.3663914 3.3663914 3.3663914 3.816277 3.0645316 3.0645316 3.0645325 3.0645325 3.2815733 3.2815733 3.2815733 2.4712892 2.4712892 3.0645325 3.8162782 3.8162782 3.9839737 3.9839737 3.8162785 3.8162785 3.8162785 3.8162785 3.8162785 3.8162785 3.8162785
2.514793 2.514793 2.514793 2.514793 2.514793 2.514793 2.514793 2.7849312 2.948264 2.948264 2.9482644 2.9482644 2.9482644 2.9482644 2.9482644 3.7389667 3.7389667 3.7389667 2.9482646 3.3663578 3.366358 3.738967 3.366358 3.3663585 3.3663585 3.3663585 3.3663588 3.3663588 3.3663588 3.3663588 3.3663588 3.3663588 3.3663588 3.3663588 3.3663588 3.5276487 3.7389677 3.3663588 3.3663588 3.8162394 3.8162394 3.8162394 3.8162398 3.8162398 3.4358594 3.4358594 2.4712203 2.4712203 2.4712203 2.8998568 3.0644643 3.0644643 3.9839346 3.9839346 3.9839346 3.81624 3.81624 3.81624 3.8162403 3.8162403 3.8162403
2.5147443 2.5147443 2.5147443 2.5147445 2.5147445 2.5147448 2.5147448 2.7848716 2.5147455 2.5147455 2.94823 2.94823 2.94823 2.94823 2.94823 2.94823 2.94823 2.94823 2.9482307 2.9482307 2.9482307 2.9482307 3.5276122 3.5276122 3.5276122 3.3663232 3.3663235 3.3663235 3.3663235 3.3663237 3.3663237 3.3663237 3.366324 3.7389312 3.366324 3.5276132 3.5276132 3.366324 3.366324 3.8162014 3.8162014 3.8162014 3.8162014 3.8162014 3.4358208 3.4358208 3.4358208 2.4711516 2.4711516 2.471152 3.0643985 3.0643985 3.794782 3.9838965 3.9838965 3.816202 3.816202 3.816202 3.816202 3.816202 3.816202
2.5146968 2.5146968 2.5146968 2.514697 2.6653843 2.7848098 2.7848098 2.7848105 2.5146976 2.5146976 2.5146978 2.5146978 2.9481957 2.9481957 2.9481957 2.9481957 2.9481957 2.9481957 2.9481957 2.9481957 2.948196 2.948196 3.527577 3.5275774 3.5275774 3.3662884 3.3662891 3.3662891 3.3662891 3.3662891 3.3662891 3.3662891 3.3662894 3.3662894 3.3662894 3.5275779 3.7388937 3.3662894 3.3662896 3.816164 3.816164 3.816164 3.8161638 3.8161638 3.8161638 3.4357822 2.4710834 2.4710834 2.4710834 2.4710839 3.064331 3.064331 3.7947204 4.228899 3.8161645 3.8161645 3.8161645 3.8161645 3.8161645 3.8161645 3.8161645
2.5146487 2.666082 2.666082 2.666082 2.514649 2.5146492 2.7847502 2.7847505 2.5146494 2.5146494 2.5146499 2.5146499 2.5146499 2.9481614 2.9481614 2.9481614 2.9481614 2.9481618 2.9481618 2.9481618 2.9481618 3.3662546 3.3662546 3.3662548 3.3662548 3.3662548 3.3662548 3.3662548 3.3662548 3.3662548 3.3662548 3.3662548 3.3662548 3.3662548 3.3662548 3.366255 3.366255 3.366255 3.366255 3.816126 3.816126 3.816126 3.816126 3.816126 3.816126 3.4357426 2.4710147 2.4710147 2.4710147 3.4357426 3.8161266 3.8161266 3.7946577 4.228859 3.8161266 3.8161266 3.8161266 3.8161275 3.8161275 3.8161275 3.8161275
2.6660237 2.6660237 2.6660237 2.6660237 2.514601 2.5146012 2.7846906 2.5146017 2.5146017 2.5146017 2.514602 2.514602 2.514602 2.514602 2.9481254 2.9481256 2.9481256 2.9481256 2.9481256 2.9481256 2.9481256 3.3662202 3.3662202 3.3662202 3.3662202 3.3662202 3.3662202 3.3662202 3.3662202 3.3662202 3.3662202 3.3662202 3.3662202 3.3662202 3.3662202 3.3662205 3.3662205 3.3662205 3.366221 3.9837782 3.9837782 3.816088 3.9837782 3.9837782 3.9837782 3.9078686 3.9078686 3.4357033 3.4357033 3.4357033 3.8160884 3.8160884 3.8160884 3.8160884 3.8160884 3.8160884 3.8160884 3.9837787 3.9837787 3.8160884 3.8160884
2.5145524 2.665965 2.665966 2.665966 2.5145524 2.5145528 2.7846289 2.514553 2.514553 2.514553 2.514553 2.514553 2.5145535 2.5145535 2.948091 2.9480913 2.9480913 2.9480917 2.9480917 2.9480917 2.9480917 3.366187 3.366187 3.5274699 3.5274699 3.3661873 3.3661876 3.3661876 3.3661876 3.3661876 3.3661876 3.3661876 3.3661878 3.3661878 3.3661878 3.3661878 3.3661878 3.3661878 3.5274704 3.9837384 3.9837384 3.81605 3.9837384 3.9837384 3.9078293 3.90783 3.90783 3.4356647 3.4356647 3.816051 3.816051 3.816051 3.816051 3.816051 3.816051 3.816051 3.816051 4.002243 3.98374 3.98374 3.98374
2.5145044 2.5145044 2.5145047 2.5145047 2.5145047 2.7845693 2.7845693 2.514505 2.514505 2.5145051 2.5145051 2.5145051 2.514505 2.9480572 2.9480572 2.9480572 2.9480572 2.948058 2.948058 2.948058 2.948058 3.3661523 3.3661523 3.5274339 3.5274339 3.3661523 3.3661523 3.3661523 3.3661523 3.3661523 3.3661523 3.3661525 3.3661525 3.3661525 3.3661525 3.3661525 3.3661525 3.5274343 3.5274348 3.9836998 3.816012 3.816012 3.816012 3.435625 3.435625 3.9077907 3.9077907 3.435625 3.9836998 3.8160126 3.8160126 3.8160126 3.8160126 3.8160129 3.8160129 3.8160129 3.8390849 3.8160129 3.9837 3.9837 3.9837
2.5144572 2.5144572 2.5144572 2.5144572 2.5144575 2.5144575 2.784509 2.5144575 2.5144575 2.5144577 2.5144577 2.5144577 2.5144577 2.9480233 2.9480233 2.9480233 2.9480233 2.9480233 2.9480233 2.9480233 2.9480233 2.9480233 3.366118 3.5273983 3.366118 3.3661182 3.3661182 3.3661182 3.3661184 3.3661184 3.3661184 2.9480243 3.3661184 3.3661184 3.3661187 3.3661187 3.3661187 3.5273983 3.5273983 3.8159735 3.8159735 3.8159733 3.9836614 3.9836614 3.9836614 3.9836614 3.8159735 3.8159735 3.8159735 3.8159738 3.8159738 3.8159738 3.8159742 3.8159742 3.8159742 3.8159742 3.8159742 3.8367622 3.9836621 3.9836621 3.9836621
2.5144086 2.5144086 2.5144093 2.5144093 2.5144095 2.5144095 2.5144095 2.7844486 2.5144095 2.5144095 2.5144095 2.5144095 2.5144098 2.9479887 2.9479887 2.9479887 2.9479887 2.947989 2.947989 2.947989 2.947989 3.5273628 3.3660827 3.3660827 2.9479892 2.9479892 2.9479892 2.9479892 2.9479897 2.9479897 2.9479897 2.9479897 3.3660834 3.3660834 3.3660836 3.3660836 3.3660836 3.3660836 3.3660836 3.8159363 3.8159363 3.8159366 3.9836218 3.9836218 3.9836218 3.9836218 3.9836218 3.9836218 3.8159368 3.8159368 3.8159368 3.8159368 3.8159375 3.8159375 3.8159375 3.8159375 3.8159375 3.8159375 3.983622 3.983622 3.983622
2.552347 2.51436 2.5143602 2.5143602 2.5143607 2.5143607 2.5143607 2.514361 2.7843876 2.7843876 2.514361 2.514361 2.9479537 2.9479537 2.947954 2.947954 2.947954 2.947954 2.947954 2.947954 2.947954 3.5273266 3.7386363 3.7386363 2.947954 2.947954 2.947954 2.947954 2.9479542 2.9479542 2.9479542 2.9479544 2.9479544 3.3660498 3.3660498 3.3660498 3.3660498 3.36605 3.36605 3.8158984 3.8158984 3.815899 3.9076736 3.9076736 3.907674 3.815899 3.9835837 3.9835837 3.8158991 3.8158991 3.8158991 3.8158991 4.2286186 4.2286186 3.8158991 3.8158991 3.8158991 3.8158991 3.8158991 3.8158991 3.8158991
3.1621227 2.552294 2.5143127 2.5143127 2.5143127 2.5143127 2.5143127 2.5143127 2.7843275 2.784328 2.784328 2.784328 3.5046997 2.947919 2.947919 2.947919 2.947919 2.9479194 2.9479194 2.9479194 2.9479194 3.5272908 3.5272908 3.7385993 2.9479196 2.9479196 2.9479196 2.9479196 2.9479196 2.9479196 2.9479196 2.9479196 2.9479196 3.3660157 3.3660157 3.3660157 3.3660157 3.366016 3.366016 3.8158598 3.8158598 3.7489882 3.4354692 3.9076345 3.907635 3.815861 3.815861 3.815861 3.815861 3.815861 3.815861 3.815861 3.815861 3.815861 4.2285767 3.815861 3.8158612 3.8158612 3.8158612 3.8158612 3.8158612
3.1620555 3.1256633 2.5142655 2.5142655 2.5142658 2.5142658 2.5142663 2.5142663 2.784268 2.784268 2.784268 2.7842684 2.7842684 2.9478853 2.9478853 2.9478853 2.9478853 2.947886 2.947886 2.947886 2.947886 3.7385623 3.7385623 3.7385623 3.7385623 2.947886 2.947886 2.947886 2.9478865 2.9478865 2.9478865 2.9478867 2.9478867 3.365981 3.3659818 3.3659818 3.3659818 3.365982 3.365982 3.8158228 3.8158228 3.3872495 3.9075959 3.9075959 3.9075959 3.815823 3.815823 3.815823 3.815823 3.815823 3.815823 3.815823 3.815823 3.815823 3.815823 4.2285376 3.8158233 3.8158233 3.8158233 3.8158233 3.8158233
3.1619906 3.1619906 2.665561 2.5142176 2.5142179 2.5142179 2.5142179 2.5142179 2.5142179 2.7842076 2.7842076 2.7842076 2.7842076 2.9478514 2.9478517 2.9478517 2.9478517 2.9478517 2.9478517 2.9478517 2.9478517 3.7385263 3.7385263 3.7385263 2.9478517 2.9478517 2.9478517 2.9478517 2.9478517 2.9478517 2.9478517 2.9478517 2.9478517 3.365947 3.3659472 3.3659472 3.3659472 3.3659472 3.3659472 3.815783 3.815784 3.9075565 3.9075565 3.9075565 3.9075565 3.8157837 3.8157837 3.8157837 3.815784 3.815784 3.815784 3.815784 3.815784 3.815784 4.2284966 4.2284966 4.2284966 4.2284966 3.3872123 3.8157847 3.815785
3.123961 3.123961 3.123961 2.6655033 2.6655033 2.51417 2.5141702 2.5141702 2.5141702 2.5141704 2.7841465 2.7841475 3.5045934 2.947817 2.947817 2.947817 2.947817 2.947817 2.947817 2.9478173 2.9478173 2.9478173 2.9478173 2.9478173 2.9478173 2.9478173 2.9478173 2.9478173 2.9478173 2.9478173 2.9478173 2.9478178 3.7384896 3.7384896 3.7384899 2.947818 2.947818 3.365913 3.365913 3.8157458 3.8157458 3.8157458 3.8157458 3.8157458 3.8157463 3.8157463 3.8157463 3.8157463 3.8157463 3.8157463 3.8157463 3.8157463 4.228457 4.228457 4.228457 4.228457 3.3871753 3.3871753 3.3871753 3.8157463 3.8157465
3.1618567 3.1618567 3.1618567 3.1618567 3.1618571 3.1618571 2.756593 2.5141213 2.5141213 2.784087 2.784087 3.5045574 3.5045574 2.9477813 2.9477816 2.9477816 2.9477823 2.9477823 2.9477823 2.9477823 0.0 2.9477823 2.9477823 2.9477823 2.9477823 2.9477823 2.9477823 2.9477828 3.7384539 3.7384539 2.9477825 2.9477825 3.7384539 3.7384539 3.3658793 3.3658793 3.3658793 3.3658793 3.3658793 3.8157084 3.8157086 3.8157086 3.8157086 3.8157086 3.8157086 3.8157086 3.8157086 3.8157086 3.8157086 3.8157086 3.8157086 4.228417 4.228417 4.228417 4.228417 4.228417 4.2284174 3.3871377 3.3871377 3.3871377 3.8157089
3.1617918 3.1617918 3.1617918 3.1617918 3.1617928 3.1617928 3.1617932 3.1617932 2.7565267 2.784026 2.784026 2.7840264 3.5045214 2.947747 2.947747 2.947747 2.9477472 2.9477472 2.9477472 2.9477475 2.9477475 2.9477475 2.9477477 2.9477477 2.9477477 2.9477477 2.9477477 3.738416 3.738416 3.738416 2.9477482 2.9477482 3.3658452 3.3658452 3.3658452 3.3658452 3.3658452 3.365846 3.365846 3.81567 3.81567 3.81567 3.81567 3.81567 3.8156703 3.8156703 3.8156703 3.8156703 3.8156703 3.8156703 3.8156703 4.2283764 4.2283764 3.3871007 3.8156707 4.2283764 4.2283764 4.2283764 3.8156707 3.8156707 3.8156707
3.161727 3.1617274 3.1617274 3.1617274 3.161728 3.161728 3.1617289 3.1617289 3.1237836 2.5519707 2.7839653 2.7839656 3.5044851 2.9477127 2.9477127 2.9477127 2.9477127 2.9477127 2.9477127 2.9477127 2.9477127 2.947713 2.947713 2.947713 2.9477134 2.9477134 2.9477134 2.9477134 3.73838 2.9477134 2.9477134 2.9477134 3.3658094 3.3658094 3.3658094 3.3658094 3.3658094 3.3658094 3.3658094 3.8156323 3.8156323 3.8156323 3.8156323 3.8156326 3.8156326 3.8156326 3.8156326 3.815633 3.815633 3.815633 3.815633 4.228337 3.3870628 3.815633 3.815633 3.8156335 3.8156335 3.8156335 3.8156335 3.8156335 3.8156335
3.1616602 3.1616607 3.1616607 3.1616607 3.1616607 3.1616607 3.1616607 3.1616607 3.1616607 3.1616607 2.9036262 2.7839062 2.9476788 2.9476788 3.7383428 3.7383428 2.9476793 2.9476793 2.9476793 2.9476793 2.9476793 2.9476795 2.9476795 2.9476795 2.94768 2.94768 2.94768 2.94768 2.94768 2.94768 2.94768 3.3054876 3.3657768 3.3657768 3.3657768 3.3657768 3.365777 3.365777 3.365777 3.8155937 3.8155942 4.2282953 4.2282953 3.8155947 3.8155947 3.8155947 3.8155947 3.8155947 3.8155947 3.8155947 4.228296 4.228296 3.8155947 3.8155947 3.8155947 3.815595 3.815595 3.815595 3.815595 3.815595 3.815595
3.161593 3.161593 3.161593 3.161593 3.161593 3.161593 3.161593 3.161593 3.1615934 3.1615934 2.783845 2.7838454 2.51393 2.51393 3.738305 3.738305 2.9476442 2.9476442 2.9476442 2.9476442 2.9476442 2.9476447 2.9476447 3.3054523 0.0 0.0 0.0 2.9476447 2.9476447 2.9476447 3.3054533 3.3054533 2.947645 3.3657427 3.3657427 3.3657427 3.3657427 3.3657427 3.3657427 3.8155558 3.815556 4.2282553 4.2282553 3.9832313 3.9832313 3.9832313 4.2282553 3.8155565 3.8155565 3.3869882 3.3869882 3.3869882 3.3869882 4.228256 3.8155565 3.8155568 3.8155568 3.8155568 3.983232 3.9832325 3.9832325
3.1615248 3.1615248 3.1615248 3.1615252 3.1615252 3.1615252 3.1615252 3.1615252 3.1615252 3.1615252 3.1615252 2.783785 2.5138822 2.5138822 2.5138822 2.5138822 2.9476094 2.9476094 2.9476094 2.9476094 2.9476094 2.9476094 3.3054202 3.3054202 3.3054202 3.3054202 3.3054202 0.0 2.9476101 3.3054202 3.3054202 2.9476101 3.3657074 3.3657076 3.3657076 3.3657076 3.3657079 3.3657079 3.3657079 3.8155186 3.8155186 3.8155186 3.8155186 3.8155186 3.9831924 3.9831924 3.9831924 3.8155189 3.8155189 3.8155189 3.3869498 3.3869503 3.3869503 3.3869503 3.3869503 3.8155193 3.8155193 3.8155193 3.983193 3.9831932 3.9831932
3.1614604 3.1614609 3.1614609 3.12354 3.1614609 3.12354 3.1235404 3.1614614 3.1235409 3.1614618 3.125124 2.7837245 2.7837245 2.5138338 2.5138338 2.5138338 2.9475753 2.9475753 2.9475753 2.9475753 2.9475753 2.9475753 3.3053846 3.3053846 3.3053846 2.9475758 2.9475758 3.5269334 3.5269334 3.3053846 2.9475765 2.9475765 3.365673 3.3656733 3.3656733 3.3656733 3.3656733 3.3656733 3.3656733 3.8154795 3.8154795 3.8154795 3.8154795 3.8154795 3.9831533 3.9831533 3.9831533 3.8154795 3.8154795 3.8154795 3.386914 3.386914 3.386914 3.386914 3.386914 3.386914 3.8154805 3.983154 3.983154 3.983154 3.8154805
