Export/ASCII/RMeteo_SP_inch/speranza1/RMeteo_2018_SP1_inch.asc
ncols         660
nrows         338
xllcorner     1476100.0
yllcorner     5017100.0
cellsize      100
NODATA_value  -9.9e-20
[rows 0 to 26 of 338, columns 549 to 609 of 660]
3.3124053 3.312405 3.5108402 3.5108402 3.5108402 3.6473656 3.6473649 3.5108392 3.5108387 3.5108385 3.5108383 3.510838 3.5108378 3.5108376 3.5108373 3.2812495 3.2812495 3.5108368 3.5108368 3.5108368 3.5108364 2.499966 2.499966 2.499966 2.499965 2.499965 2.4999647 2.4999645 2.358029 2.3580284 3.2812457 3.2812452 2.135658 2.8426108 3.2812448 3.9304602 2.358027 2.358027 2.3580265 2.3580265 2.3580265 2.358026 2.381907 2.3819065 2.3819058 2.3819058 2.3819058 2.290575 2.1356533 2.135653 2.1356523 2.3819041 3.6473548 3.5108292 1.442599 1.5954468 1.5954459 1.4425986 1.4425981 3.306713 1.4425976
3.3123639 3.3123636 3.510797 3.5107965 3.7062144 3.6473246 3.647324 3.7068844 3.6473236 3.6473236 3.5107956 3.510795 3.510795 3.5107949 3.5107946 3.2812085 3.4248185 3.510794 3.5107937 3.5107934 2.3579803 2.664349 2.6643486 2.4999125 2.6643484 2.6643481 2.4999123 4.2271185 4.277649 3.510791 2.135605 2.1356046 2.2918787 3.2812047 3.281204 2.814393 2.5456107 2.3579755 2.5456097 2.5456097 2.5456092 2.357974 2.9309297 2.814088 2.8140872 2.6626987 2.3818517 2.7534473 2.396879 2.2918737 2.1355987 2.3709717 1.4425571 1.4425561 1.5995703 1.5539265 1.5539265 1.5995693 1.5995688 1.4425552 1.7299651
3.312322 3.3123217 3.510754 3.5107539 3.647284 3.6472836 3.6472836 3.7068446 3.5107527 3.5107527 3.5107524 3.5107524 3.5107517 3.5107515 3.5107515 3.6472814 3.647281 3.647281 2.3579326 3.5107503 2.564466 2.695556 2.664298 2.4998596 2.8013668 2.801366 2.6642966 3.5107489 3.5107486 3.5107484 2.3579278 2.2918222 2.1355515 3.510747 3.5107467 2.3579273 2.7373815 2.357926 2.7373805 2.3579254 2.7373796 2.545562 2.718687 2.865355 2.865355 2.7186856 2.558842 2.4998527 2.3342967 2.1355462 2.291816 2.3020241 1.4425147 1.599525 1.945053 1.945053 1.9450525 1.4425128 1.9450516 1.5995221 2.0498085
3.3122792 3.3122792 3.5107112 3.5107107 3.5107102 3.647243 3.647243 3.5107093 3.510709 3.510709 3.510709 3.5107086 3.5107086 3.5107086 3.510708 3.5107079 3.6472406 3.2811267 2.3009489 3.2811263 2.3817523 2.592387 2.6602933 2.4998055 2.8564699 2.8564696 4.5510635 3.510705 3.2811239 3.2811234 2.5455186 2.5779054 2.577905 3.5107043 2.3578773 2.5455172 2.8574057 2.5455172 2.8574057 2.5455172 2.8574057 2.7373328 2.9247458 3.1743176 3.1743171 2.5455153 2.5366843 2.4696891 2.3578749 2.641194 2.5779011 2.5778997 1.5994773 1.9450086 2.0663028 2.0612574 2.061257 1.5994768 2.0663023 1.9450067 2.1103115
3.3122373 3.312237 3.5106678 3.5106678 3.5106678 3.5106678 3.5106678 3.510667 3.2810879 3.2810874 3.2810874 3.2810874 3.281087 3.281087 3.4246974 3.2810867 3.2810867 3.2810862 3.0479877 2.135448 2.5932472 2.5477915 2.7791474 2.357829 2.357829 2.6614943 3.5106626 3.510662 3.2810836 3.281083 2.3578277 2.545471 2.304185 5.0440845 2.3578272 2.3578272 2.7986574 2.7372866 2.798657 2.737286 2.7986565 2.8573565 3.217601 2.429809 2.9945714 2.9643183 2.6655362 2.6836016 2.3578248 2.765809 2.545468 2.5454671 5.8729973 2.066255 6.2592325 6.27007 2.1528156 1.9449643 2.1724532 2.0662537 1.9699528
3.312196 3.3121955 3.5106242 3.510624 3.510624 3.510624 3.510624 3.510624 3.424657 3.2810469 3.2810469 2.8423636 2.842363 3.2810464 3.2810464 3.2810454 3.281045 3.281045 3.6471584 2.5809968 2.3577795 2.5971487 2.3816462 2.3577795 2.357779 4.571016 3.510619 3.510619 3.510619 2.357777 2.5454233 2.7518463 2.308487 3.2810414 2.3577757 2.5454223 2.8009396 2.8573089 2.8009396 2.8356519 2.8029773 2.8006465 3.0114167 2.3006954 2.9152162 2.7549376 2.5619757 2.5619757 2.3577724 3.2292829 2.8873699 2.8873692 3.7067127 6.2591076 3.5106127 3.5106127 6.3004694 6.1396914 2.1836927 2.1723907 2.0655625
3.3121536 3.3121536 3.5105817 3.5105813 3.510581 3.510581 3.510581 3.5105808 3.2810066 3.281006 3.2810054 2.842313 2.8423128 3.2810054 3.2810054 3.281005 3.647119 3.647119 3.6471186 2.6675458 2.1353414 2.5782058 2.35773 2.5453784 2.3577294 3.510576 3.5105758 3.5105755 3.5105755 3.5105753 2.7371936 2.357729 2.2866955 2.1353374 4.277378 2.3577275 2.3815885 2.7985601 2.3577251 2.3815863 2.585285 2.3815858 2.3577228 2.5809295 2.3815854 3.3250117 3.7578158 2.5970814 2.3815842 2.3815842 3.2280376 2.1353314 3.2809973 3.2809968 3.2809963 3.5105693 3.510569 3.5105689 3.5105684 6.27409 2.0809155
3.4752698 3.3121111 3.5105388 3.5105386 3.5105379 3.5105376 3.5105371 3.5785582 3.6470797 3.2809653 3.2809649 2.8422613 2.842261 2.8422606 2.8422604 2.8422604 3.3249702 3.3249702 3.6470773 2.2914653 2.291538 2.5550787 2.3576798 2.7371473 2.5453317 3.510534 3.5105336 3.5105329 3.5105326 3.706636 2.9718778 2.6640413 2.5453298 2.357677 3.5105317 2.5453293 2.6623926 2.7882576 2.3815343 2.662392 2.5499036 2.6623917 2.5642061 2.667487 3.1792479 2.8422523 2.8422515 3.109729 3.7788413 2.6623893 2.877305 2.2915273 2.84225 2.8422499 3.2809556 3.5105255 3.5105255 3.280955 3.5105247 3.5105243 6.2507634
3.4752305 3.47523 3.5104952 3.5104945 3.5104942 3.9301617 3.5104938 3.6470394 3.6470394 3.280925 3.2809243 3.647038 3.647038 3.3249204 3.3249202 3.32492 3.32492 3.3249197 3.6470366 2.3016882 2.411857 2.135234 2.3576293 2.8571677 2.3576293 3.51049 3.5104892 3.5104892 3.706596 3.706596 2.8298595 2.499537 2.7820597 2.357626 3.5104873 2.357626 2.5969694 2.3814807 2.6623406 2.38148 2.3814795 2.5969677 2.622703 3.3249114 2.842201 2.842201 2.842201 2.8422003 3.3249102 2.3814774 2.535043 2.1352255 3.2809153 3.2809153 3.2809148 3.2809148 3.2809148 3.2809148 3.2809138 3.7065883 3.706588
3.4751897 3.4751897 3.510452 3.5104518 3.5104516 3.9301236 3.6469984 3.6469984 3.6469982 3.2808838 3.646998 3.6469977 3.6469977 3.3248687 3.3248682 3.3248682 3.3248682 3.6469967 3.6469967 3.921029 2.2956777 2.1351802 2.4994853 4.6866198 3.510446 3.5104458 3.5104456 3.5104456 3.5104456 2.3575788 2.810291 2.5452354 3.2462316 2.3575764 3.5104442 4.277215 3.025363 2.3814273 2.5969112 2.381427 2.5641055 2.3814268 2.547491 2.381426 3.3248603 2.8421507 2.8421504 2.8421502 2.84215 2.6622868 2.596908 2.3814242 3.2808747 3.2808747 3.2808747 3.2808743 3.2808743 2.8421464 3.2808735 3.510438 3.5104377
3.3119853 3.3119848 3.5104084 3.5104082 3.510408 3.9300866 3.9300864 3.6469579 3.6469579 3.510407 3.6469574 3.6469574 3.6469574 3.6469574 3.6469564 3.3248181 3.3248181 3.6469555 3.6469545 3.6469545 4.233957 2.499434 2.6638923 3.5104039 3.2808402 3.2808402 3.5104034 3.510403 4.2771635 2.3575277 2.3421 2.4178927 3.2515705 2.3575258 3.5104015 3.5104012 3.1274686 2.4994273 2.5968528 2.3813732 2.8010392 2.6622365 2.5968513 2.662236 3.32481 3.3248098 3.3248093 2.8420997 2.8420992 3.3248088 2.3813703 2.6622345 3.731442 3.731442 3.280833 3.2808325 3.2808325 2.8420968 3.2808325 3.280832 3.510395
3.3119442 3.3119442 3.5103662 3.5103662 3.3061395 3.510365 3.9300482 3.6469173 3.5103645 3.5103643 3.510364 3.5783856 3.6469157 3.6469157 3.6469152 3.324767 3.324767 3.6469145 3.2808008 2.8420568 4.2376246 3.706475 3.706475 3.51036 3.2808003 3.2808003 3.51036 3.2807994 2.135072 2.381323 2.381323 2.5625157 3.13579 2.3813221 3.5103583 3.510358 5.265778 3.7064714 2.4993749 2.499374 3.2343452 2.3574758 2.3813193 2.596794 2.3813183 2.3813183 3.3247576 3.3247576 2.3813176 2.3813176 2.6621835 4.1660995 3.5103545 3.2807927 3.2807922 3.2807918 3.2807918 3.2807918 3.2807918 3.2807913 3.510352
3.5075054 3.5075054 3.3979006 3.3979003 3.3979 3.3978999 3.3978996 3.3978994 3.3978992 3.1655953 3.1655953 3.1655953 3.1655953 3.532291 3.5322905 3.5322895 2.7260275 2.7260275 2.726027 2.7260268 3.5322895 3.532289 3.6230948 3.3978958 3.3668149 3.5931325 3.532288 3.532288 3.7934613 2.4104023 2.6698983 2.674742 2.6051543 2.4104018 2.3923557 3.8236523 3.3978918 3.3978918 2.7671 2.7671 2.8557377 2.6007211 2.6007211 2.714155 2.669894 2.6698937 2.410397 2.410397 2.6698933 2.6698925 2.7141526 3.3978891 3.397889 3.165585 3.165585 3.165585 3.1655846 3.165584 3.165584 3.1655836 3.1655836
3.560011 3.8633363 3.3978572 3.3978572 3.823609 3.3978562 3.3978562 3.397856 3.3978558 3.1655548 3.165554 3.2915692 3.1655538 3.53225 3.53225 3.5322495 2.725978 2.7259777 2.7259774 2.7259772 3.2640445 3.1655517 3.6230536 3.6230533 3.5930915 3.5930915 3.532247 3.5322466 3.2138548 2.4103477 2.6650572 2.4103467 2.9395585 2.3545692 3.8236008 3.39785 3.39785 3.3978498 4.2388024 2.4103448 2.7855015 2.7587197 2.3923032 2.665053 2.4103425 2.6650522 2.4103415 2.6128728 2.4103413 2.6023436 3.3978474 3.3978472 3.3978465 3.3978462 3.3978462 3.165544 3.165544 3.1655436 3.1655436 3.165543 3.1655426
3.863285 3.8632846 3.3978155 3.3978155 3.397815 3.3978148 3.5322108 3.3978143 3.3978143 3.1655138 3.1655133 2.7259288 2.7259285 3.5322084 3.5322084 3.5322084 3.5322084 2.7259269 2.7259269 2.7259266 3.532208 3.5322075 3.6230133 3.3978105 3.3978105 3.1655104 3.1655102 3.5322065 3.5338495 2.4102917 2.616453 2.5537534 2.3922527 2.3570113 3.0568614 3.3978086 3.3978083 3.3978083 3.3978083 3.9019575 2.5663033 2.8013687 2.55752 2.9408338 2.9408333 2.616449 2.6128137 2.6164486 3.9019547 4.214451 3.3978038 3.3978035 3.3978033 3.3978033 3.3978028 3.3978028 3.1655037 3.1655033 3.165503 3.1655025 3.165502
3.8632324 3.8632324 3.3977726 3.3977726 3.3977723 3.3977718 3.5321703 3.3977716 3.3977716 3.165473 2.7258782 3.3666663 3.3666663 3.5321684 3.2137587 3.213758 3.213758 2.7258766 3.165471 3.1654706 3.5321672 3.5321667 3.3977687 3.3977683 3.397768 3.3977678 3.3977678 3.3977668 2.6127577 2.4102368 2.392204 2.392204 2.392204 2.4957552 3.0568256 3.3977642 3.3977642 3.3977642 3.3977642 3.397764 4.462947 3.742878 4.314619 3.7428775 3.7428765 3.876461 3.8764608 3.8764603 3.397762 3.397762 3.3977618 3.3977618 3.3977613 3.397761 3.397761 3.397761 3.3977606 3.3977604 3.5930028 3.1654618 3.1654615
3.8631809 3.8631809 3.39773 3.3977299 3.3977299 3.592974 3.5321295 3.532129 3.3977292 3.5321286 4.06903 3.5929725 3.5929725 3.532128 3.5321274 3.213708 3.5321274 3.165431 3.165431 3.532127 3.5929713 3.3977258 3.3977258 3.532126 3.5321252 3.5321252 3.5321252 3.3977244 2.431863 2.1683073 2.3921545 3.039983 2.1683073 2.1683068 3.0567884 3.0567884 3.397723 3.397723 3.3977227 3.3977227 3.3977225 3.3977222 3.3977218 3.3977215 3.742838 3.3977208 3.3977208 3.3977203 3.3977203 3.3977199 3.3977194 3.3977191 3.397719 3.397719 3.3977182 3.3977175 3.3977175 3.3977175 3.3977172 3.397717 3.397717
3.5072877 3.5072875 3.3976886 3.3976884 3.3976884 3.397688 3.3976874 3.397687 3.397687 3.3976865 3.5405722 3.5929325 3.592932 3.532087 3.5320864 3.3976848 3.3976848 3.3976848 3.3976846 3.3976843 3.3976839 3.3976839 3.3976834 3.5320852 3.5320852 3.5320847 3.5320847 3.397682 2.808854 2.3921034 2.168281 3.184777 2.9822347 2.1682806 3.056751 3.0567505 3.0567503 3.3976803 3.39768 3.39768 3.39768 3.39768 3.39768 3.3976798 3.3976789 3.3976789 3.3976781 3.397678 3.3976774 3.3976774 3.3976765 3.3976765 3.3976765 3.397676 3.3976758 3.3976748 3.3976748 3.3976748 3.3976743 3.3976743 3.3976743
3.507244 3.5072439 3.397645 3.397645 3.397645 3.397645 3.3976448 3.3976445 3.397644 3.3976438 3.3976438 3.3976433 3.3976429 3.3976429 3.532046 3.3976426 3.7427666 3.397642 3.397642 3.397642 3.397642 3.3976414 3.5320446 3.5320444 3.5320442 3.5320442 3.5320442 3.165347 3.529736 2.3920553 2.3039694 3.342492 3.1743605 2.49963 3.056714 3.056714 3.056714 3.3976376 3.3976376 3.3976376 3.3976376 3.3976371 3.3976371 3.3976371 3.397637 3.3976367 3.3976367 3.3976362 3.3976357 3.3976355 3.397635 3.3976347 3.3976345 3.397634 3.3976338 3.397633 3.3976326 3.3976326 3.397632 3.397632 3.397632
3.507201 3.5072005 3.5928526 3.592852 3.3976026 3.3976026 3.3976026 3.3976023 3.397602 3.397602 3.397602 3.3976016 3.5320063 3.5320058 3.3976011 3.3976007 3.3976002 3.3976 3.3975995 3.3975992 3.3975987 3.3975987 3.5320044 3.5320044 3.5320044 2.7256734 2.7256732 2.7256732 3.5296893 2.3920043 2.6085916 3.347823 3.3424087 2.688982 2.1682286 3.056677 3.0566769 3.3975954 3.3975952 3.3975952 3.3975947 3.3975947 3.3975942 3.397594 3.397594 3.397594 3.3975937 3.3975935 3.3975928 3.3975925 3.397592 3.397592 3.397592 3.397592 3.3975918 3.3975916 3.3975914 3.397591 3.397591 3.397591 3.3975904
3.507157 3.507157 3.592812 3.5928116 3.3975601 3.7426896 3.39756 3.3975596 3.3975596 3.3975594 3.3975594 3.3975592 3.5319657 3.5319657 3.3975582 3.3975582 3.3975575 3.3975568 3.3975568 3.3975563 3.3975563 3.3975558 3.3975556 3.3975556 3.8232458 3.1652665 2.7256234 3.1652663 3.8232439 3.397554 2.3919551 3.3116531 2.888976 2.3919532 2.3919528 2.1682014 3.0566387 3.3975532 3.3975527 3.3975527 3.3975525 3.3975525 3.3975523 3.397552 3.3975513 3.397551 3.397551 3.3975506 3.5928018 3.1652608 3.1652608 3.1652603 3.1652603 3.397549 3.397549 3.3975487 3.3975484 3.3975484 3.397548 3.397548 3.3975477
3.5071142 3.5071142 3.3975182 3.3975182 3.397518 3.397518 3.397518 3.3975174 3.3975172 3.397517 3.3975167 3.3975167 3.3975167 3.5927696 3.5319247 3.6227317 3.3975158 3.3975155 3.397515 3.3975148 3.3975143 3.397514 3.397514 3.397514 3.8231945 3.8231943 3.8231943 3.8231943 3.056604 4.0040445 2.329083 2.4178126 2.8143275 2.5571685 2.600293 2.3919013 3.056602 3.3975103 3.3975103 3.3975103 3.3975103 3.3975103 3.3975089 3.3975086 3.3975086 3.3975081 3.5319176 3.531917 3.1652203 3.16522 2.7255661 2.7255657 3.1652198 3.1652198 3.0565984 3.397506 3.397506 3.397506 3.3975058 3.1652179 3.1652179
3.507071 3.5070708 3.397476 3.3974755 3.397475 3.397475 3.397475 3.397475 3.397475 3.1651888 3.7426105 3.3974745 3.5318842 3.5318842 3.5318842 3.6226919 3.397473 3.397473 3.742608 3.742608 3.397473 3.3974726 3.3974724 3.3974724 3.3974721 3.3974717 3.395765 3.3974714 3.3974712 3.0393126 2.3290334 2.1355243 2.7649112 2.16815 2.3918526 2.557118 3.0565658 3.3974674 3.3974674 3.397467 3.3974667 3.3974667 3.3974664 3.397466 3.397466 3.531877 3.5318766 3.5927205 3.5927205 2.725516 2.725516 2.725516 3.165179 3.165179 3.8231354 3.3974643 3.165178 3.165178 3.1651776 3.1651773 3.1651773
3.5070276 3.5070276 3.3974326 3.3974326 3.3974326 3.3974326 3.397432 3.397432 3.3974316 3.1651478 3.7425723 3.531844 3.531844 3.531844 3.592568 3.5318432 3.5318432 3.397431 3.3974304 3.7425704 3.3974304 3.3974302 3.5926855 3.5926855 3.5926852 3.592685 3.3957222 3.3957222 3.53184 2.675348 2.793518 2.216586 2.7492876 2.9818132 3.0395415 3.1686265 2.891984 3.0565279 3.3957183 3.5926824 2.5435038 3.397424 3.3974233 3.3974233 3.3974233 3.397423 3.531836 3.531836 3.59268 2.7254665 2.7254663 3.1651385 3.1651385 3.1651385 3.1651382 3.1651382 3.1651378 3.1651373 3.1651373 2.7254624 2.7254624
3.1053736 3.5069835 3.3973913 3.397391 3.3973908 3.3973904 3.3973901 3.3973901 3.5318036 3.5318036 3.5925279 3.531803 3.2133074 3.531802 3.531802 3.531802 3.5318015 3.5318012 3.3973868 3.8230436 3.5318012 3.3973866 3.5926452 3.5926447 3.5926442 3.5926442 3.3956792 3.3956792 3.5317993 2.564093 2.8919244 2.8919244 3.2725847 2.891924 3.1843283 2.891924 2.891924 2.8919234 3.3956773 3.5926418 4.1256886 2.5434477 3.3973823 3.397382 3.3973818 3.3973808 3.3973808 3.3973806 3.3973799 3.1650984 3.1650982 3.165098 2.7254148 3.1650977 3.1650972 2.7254136 2.7254133 2.7254133 3.165096 3.1650958 2.7254124
3.5069408 3.9597359 3.3973486 3.3973482 3.397348 3.3973477 3.592608 3.8229945 3.531763 3.531763 3.5317626 3.2132566 3.2132564 3.213256 3.2132556 3.2132552 3.531762 3.5317614 3.5317614 3.5317614 3.531761 3.5317605 3.5317605 3.5926044 3.3973436 3.5926044 3.592604 3.592604 3.5317595 3.2446551 2.8918614 3.0479057 3.2879057 3.0479057 3.3419118 3.0479047 3.04644 2.891859 3.0564535 3.8229868 3.592601 2.560917 2.391701 3.3973389 3.3973389 3.5317552 3.531755 3.531755 3.5317547 3.1650586 3.1650586 2.725365 2.725365 3.1650577 3.1650572 2.7253644 3.1650567 3.1650562 3.1650558 3.1650558 3.1650548
3.5068967 3.9596848 3.3973062 3.3973057 3.3973057 3.5925674 3.531723 3.5317225 3.5317225 3.5317225 3.531722 3.5317216 3.2132058 3.2132058 3.2132056 3.2132053 3.213205 3.531721 3.5317206 3.2132046 3.2132046 3.2132037 3.5317202 3.592564 3.3955958 3.3955958 3.5925634 3.5925632 3.5317187 3.5253825 2.8917985 3.247321 3.3473604 3.2473204 3.34736 3.24732 3.2300503 2.730894 3.0564158 3.8229358 3.3972971 2.6918545 2.5569139 2.39165 2.328827 3.531715 2.4096265 3.5317142 3.5317137 3.5317135 2.7253146 2.7253141 2.7253141 3.1650167 3.1650162 2.7253134 3.1650162 3.1650157 3.1650152 3.1650147 3.1650147
