Export/ASCII/RMeteo_SP_inch/speranza1/RMeteo_2016_SP1_inch.asc
ncols         660
nrows         338
xllcorner     1476100.0
yllcorner     5017100.0
cellsize      100
NODATA_value  -9.9e-20
[rows 108 to 134 of 338, columns 549 to 609 of 660]
5.8617163 3.5573 3.5573 3.865739 3.8657386 3.8657384 4.243673 3.7681684 4.5703025 4.1442256 4.4437137 4.243672 4.243671 4.272622 4.7333655 4.1442237 3.7681658 4.4437103 4.6005383 3.7681646 4.4437094 4.685751 4.1442204 3.7681632 3.5870595 3.859009 4.5752583 4.2726192 2.7374792 3.8657327 3.8657327 3.8657327 3.8657327 5.1561394 5.635126 5.2240887 5.2240887 5.2240887 4.9090548 4.9090548 3.8657308 4.909054 3.4832752 3.5870543 3.402103 3.402103 3.402103 3.5870533 3.4021015 3.8476026 4.209662 3.9252853 2.7374725 2.4768379 5.21902 5.21902 5.6351213 5.21902 5.21902 5.224082 4.9090495
5.4586477 3.5572598 3.8865144 5.2189894 3.865697 5.2240496 3.7681155 4.144167 3.768115 3.7681143 4.2436123 3.768113 4.246664 4.750248 4.4488497 3.7681124 3.768112 4.6004744 3.7681115 4.4436493 4.2436075 4.4436493 3.5870073 3.7681103 3.7656906 3.843689 3.843689 6.7154074 3.865692 3.8656912 3.8656912 5.224043 5.635089 5.6350875 5.224042 5.224041 5.6350875 5.425033 5.224041 3.8656888 3.8656888 2.737417 4.71507 4.7974215 4.71507 3.402045 3.4020445 3.4832113 3.4020438 3.4020433 4.534972 3.7681022 2.7374146 2.7374136 3.84368 5.218977 5.218977 5.218977 5.218977 4.909008 4.9090075
5.458603 5.2113724 5.211372 5.2189474 5.224004 5.2189474 5.616189 3.7680616 3.7680616 4.144106 3.7680602 3.7680602 3.7680597 3.7680597 3.7680597 4.2224674 3.8436377 4.476654 3.768059 3.769501 4.0087013 3.8616984 3.861698 3.5869534 3.586953 3.401993 3.6223736 4.9089737 4.908973 5.223997 5.223997 5.223997 5.635051 5.635051 5.223996 5.223996 5.63505 5.63505 5.223995 3.8656468 3.8656468 3.8656464 3.8656464 3.8656464 5.2239943 5.7438145 3.401986 3.401986 3.401986 3.4019847 3.7680495 3.768049 3.5869453 3.8088284 3.8436267 3.8436267 4.908966 4.908966 5.223989 5.223989 5.223989
5.4585567 5.458556 5.458556 5.2239585 5.223958 5.2189054 5.2189054 4.1440477 4.144047 4.243491 2.7268987 2.726898 2.7373097 4.482476 4.144045 3.7680063 3.940328 4.1491156 3.7680056 4.00865 4.52367 3.738377 3.401936 3.5869007 3.4830947 3.5198843 3.4019346 3.5868995 4.9089313 5.6350145 5.6350145 5.6350136 5.6350136 5.6350136 4.590853 5.218898 5.218898 5.218898 5.218898 3.8656056 3.8656056 5.218898 3.8656049 3.8656044 5.6350117 5.6350117 3.586894 3.4019287 2.463014 2.7704458 3.5868928 3.5868928 3.4830852 3.4019258 3.767995 4.34116 3.7679946 5.223944 5.2239437 5.2239428 5.2267103
5.4585123 5.4585114 5.4585114 5.223912 5.223911 5.223911 5.2239103 2.8066826 4.323164 3.8435338 2.8066812 2.7372518 2.7372515 4.4434676 4.2434278 3.8435311 3.8407483 3.5422697 4.375695 4.0085974 4.486436 2.4629638 3.4018779 2.7372484 3.5198214 3.401877 3.5868466 4.90889 4.90889 5.223905 5.6349773 5.6349773 5.6349764 4.908889 5.2239037 5.218856 5.2188554 5.223902 5.223902 5.223902 5.2188544 5.2188544 5.2188544 5.2239017 4.908886 4.908885 4.908885 3.5868406 2.73724 3.5868397 3.5868392 4.0694904 3.5868387 3.401868 4.1439714 4.391938 3.76794 5.2238965 5.226664 5.2238965 5.2238965
5.4584665 5.4584665 5.861533 5.634945 5.2238636 5.2238636 4.5907974 3.865528 3.9402125 4.084859 3.8434794 2.737193 2.7371924 2.7371922 2.9784906 2.629274 3.4018214 3.5867956 3.7712107 3.7073607 3.5867946 3.9770045 3.4018202 2.73719 3.5867941 3.4018197 3.5197592 4.9088473 5.2238584 5.2238584 5.2238574 5.218815 5.218815 4.9088464 5.2238574 4.5907927 5.2238574 5.2238574 5.2238574 5.223857 4.9088445 4.9088445 4.908844 4.908844 4.908844 4.908843 4.908843 3.482962 3.5867865 3.4829614 3.4829614 3.586786 3.5867856 3.40181 4.263524 3.5867836 3.7654278 3.5867836 4.9088397 4.9088397 4.9088387
5.4584208 5.8614984 5.4584208 5.223818 5.223818 5.223818 4.590768 5.634907 4.272387 3.9024606 3.8434265 3.0009573 2.737135 2.7371347 2.7371345 2.7371337 4.381383 3.4829102 3.5867424 3.401762 3.5867412 3.519698 3.5867412 3.5867412 3.5867407 3.4829078 4.7148623 4.9088054 5.2238126 5.223812 5.223812 5.2187734 5.2187724 4.908804 5.2238107 5.2238097 4.908804 4.908803 4.908803 4.908803 4.908803 4.908803 4.908801 4.908801 4.590762 4.590762 4.590762 4.732398 3.8501644 4.1438465 3.7678354 3.850164 3.850164 3.7678347 3.598905 3.6135526 3.7678337 4.2201424 3.7678332 5.223805 4.9087977
5.458376 4.7656555 4.7656555 5.2237725 5.2237716 5.6348696 5.6348696 5.6348696 4.2723465 4.74994 4.4916124 3.7677937 2.7370765 2.737076 2.7370756 2.737075 3.8433716 3.5866888 3.5866888 3.401705 3.4828463 3.5866878 3.4017036 3.482846 3.4828455 3.5866868 3.5866868 4.9087644 4.9087644 5.2237654 5.2237654 5.2237654 4.9087625 4.908762 4.908762 4.908762 4.908761 4.908761 4.908761 5.634863 5.634863 5.0203695 5.020368 4.5907326 4.5907326 4.5907326 4.5907326 4.5907316 4.103734 4.4138184 3.767782 4.1037335 4.433651 3.767782 3.6244545 3.8073182 4.1037326 4.3326526 3.7677805 3.76778 5.2237587
5.861426 5.211128 5.2111273 5.218695 5.2237253 5.2237253 5.6348324 5.6348314 4.7498875 4.2723064 4.2834053 3.76774 3.058749 3.5866373 3.5866368 3.5866368 3.5866368 3.8585658 3.4827852 3.5866354 3.5866346 3.5866342 3.645359 3.5866337 3.5866332 3.401644 3.4827821 4.908721 4.908721 4.908721 4.90872 4.90872 4.90872 4.90872 4.90872 5.2237177 5.6348257 5.6348257 5.6348257 5.6348257 5.020322 5.020322 5.020321 5.020321 0.0 0.0 0.0 4.590702 4.243173 4.243173 4.1437335 4.243173 4.442472 3.6134443 3.6405344 4.083933 3.6134431 4.2431707 3.7677267 3.970581 5.2237124
5.861389 5.2110863 5.2110863 5.22368 5.22368 5.22368 5.2236795 5.634794 4.858942 4.2722683 4.7024956 4.1436863 3.7676866 3.5865843 3.586584 3.4827251 3.4827242 3.4475274 3.4015899 3.5865831 3.5903864 2.5373328 2.7369566 2.537332 3.5865805 4.8601217 4.714736 4.9086795 4.9086795 4.9086795 4.9086795 5.634789 5.2236733 5.2236724 5.223672 5.223672 5.634788 5.634788 5.6375556 5.634788 5.020276 5.020276 5.020276 4.5906725 0.0 0.0 0.0 4.5906725 4.2431135 3.7676756 4.6043825 3.7676756 3.9325283 3.9570608 3.6404734 3.613388 3.6133878 4.071331 3.970517 4.0261636 3.767672
5.861353 5.861353 5.861353 5.223634 5.223634 5.223634 5.223634 5.218611 4.85889 4.2451906 3.7676337 4.243064 3.7676315 2.7613766 3.4826617 3.4015315 4.90864 4.9086394 4.7777653 3.48266 3.40153 3.8653154 3.865315 4.2188616 4.797005 4.908638 4.908638 3.586527 4.908637 4.908637 5.6347523 5.6347513 5.020233 5.6347504 4.5906453 5.223627 5.6347504 5.6347504 5.6347485 4.590644 4.590643 4.590643 4.590643 4.590643 0.0 0.0 0.0 0.0 3.7676227 4.143613 4.8515625 3.767622 4.1744957 4.1744957 3.9739637 3.6133318 3.807128 3.6801515 3.6801515 3.7621377 3.7676184
5.828533 5.8613167 5.8613157 5.63472 5.223587 5.223587 5.223587 5.218569 4.354231 4.249542 3.7675796 4.6070714 2.7264059 2.7368422 3.4014745 3.5864775 4.7146525 4.908598 4.9085975 4.714652 4.9085975 4.714651 4.9085965 3.5864742 3.5864742 3.5864737 3.5864732 3.4825947 3.5864727 4.9085946 5.634714 5.634714 5.2235804 5.2235794 5.634714 4.272183 4.272183 4.2721825 3.5350235 3.535023 0.0 0.0 4.5906134 4.590613 0.0 0.0 0.0 3.5864673 3.7650554 4.2429914 4.447258 4.1435537 4.2429905 4.0712013 3.8010068 3.6132767 3.6132767 3.6403506 4.0026464 3.7675655 3.7675655
5.210964 5.8612814 5.8612814 5.6346827 5.223541 5.223541 5.6346827 5.6346817 3.7675273 4.242943 4.2218485 4.049428 3.5864246 2.7367837 2.5987556 2.5371487 3.8652325 4.908556 3.8652322 3.7237027 2.7367818 3.5864217 3.5864213 3.5864213 3.614098 2.7367802 2.7367795 3.4825332 3.5864198 4.908552 5.634677 5.2235346 5.2235346 3.7675202 4.2721443 4.2721434 4.749675 4.2721424 3.9761243 0.0 0.0 0.0 4.5905848 4.5905848 0.0 0.0 3.586414 3.5864139 3.5864134 4.242931 4.242931 4.242931 4.5243926 3.6132226 3.6402924 3.8070016 3.9568834 3.783644 3.9783547 3.7675126 4.1434913
5.2109222 5.8612437 5.8612437 5.6346455 5.223495 5.6346445 5.6346445 5.218485 5.218485 3.8610048 2.532588 2.7367263 2.537088 3.586371 2.740577 2.736725 2.7367246 2.7367246 2.736724 2.736724 2.7367234 2.5370846 2.7367225 2.6043856 2.736722 2.7367215 2.7367215 3.5863671 4.796863 4.9085107 5.6346397 5.223488 3.767467 3.767467 4.1434393 4.2449865 4.354088 4.2721047 4.485945 0.0 0.0 0.0 4.590554 4.590554 0.0 0.0 3.482465 3.5863607 3.5863607 3.8609915 4.2428694 3.767461 4.8673124 3.6131682 3.6402314 3.7674599 4.5339947 3.7674599 4.1743126 4.1434317 4.2428665
5.4580593 5.4580593 5.4580593 5.2234483 4.908475 4.908475 4.908473 3.86515 3.86515 2.736668 2.4623816 2.7366674 2.7366674 2.7366667 2.7366662 2.7366662 2.7366657 3.865148 2.7366645 2.7366645 2.736664 2.7366638 2.7366636 2.736663 2.736663 2.7366629 2.7366629 3.4824088 4.908469 5.6346025 5.6346025 5.6346025 3.7674136 4.14338 4.14338 4.6905365 4.2493515 4.244919 4.3459353 3.5349255 0.0 0.0 4.590525 4.590525 0.0 0.0 3.4012907 3.482403 3.586309 3.4012902 4.2428093 4.1433744 4.4323206 3.806877 3.6401713 4.1433725 4.825334 3.7674065 4.2428055 3.7674062 4.6026144
4.505299 4.505299 4.505299 4.4537663 4.4537663 3.432424 3.4324234 3.4324234 2.3866565 2.386656 2.386656 2.386656 2.3866553 2.3866553 3.8353484 2.3866544 2.3866544 3.4324212 3.4324212 2.386654 2.3866537 2.3866537 2.3866534 2.3866532 2.3866532 2.386653 2.386653 4.274806 4.453761 5.1839504 5.1839495 5.1839495 3.3995037 3.775464 4.3168893 3.3995037 4.44846 3.8814347 3.736045 3.5756917 3.1657655 3.1657655 3.1657655 3.1657655 0.0 0.0 0.0 3.4478445 3.2031255 3.0062623 3.4639282 4.628559 3.399501 3.254327 3.2543266 3.8748932 4.0644054 3.3678672 3.4639263 3.3995001 4.4896526
4.5052595 4.5052595 4.5052595 4.4537277 4.4537263 3.432384 2.3866127 2.386612 2.386612 2.3866117 2.3866115 2.3866107 2.3866107 2.3866105 2.3866105 2.38661 2.38661 2.38661 3.4323814 2.386609 2.386609 2.3866086 2.3866086 2.3866084 2.3866084 2.3866084 3.5749738 4.453722 4.4537215 5.1839137 5.1839137 5.1839137 3.3994732 3.3994732 3.4530067 4.03198 3.758397 3.4022603 3.954085 3.3994722 3.7894058 3.3994713 3.3994708 3.9708862 3.1657298 0.0 0.0 3.0388541 3.506091 3.2030852 3.011707 4.2313185 3.3994691 3.2680597 3.429372 3.8636484 3.8636477 3.0117056 3.2030838 4.0914683 3.3994675
4.7512565 4.751256 4.751256 4.572572 4.572572 3.432344 2.3865676 2.3865676 2.386567 2.386567 2.3865669 2.3865669 2.3865669 2.3865666 2.3865666 2.3865664 2.386566 2.386566 2.386566 2.3865654 2.386565 2.386565 2.3865647 2.386564 2.386564 2.3865638 2.3865638 4.3918414 4.4536815 4.7653 5.1838784 5.183878 4.1941833 3.4529662 3.7876291 3.452966 3.4898965 4.14865 3.39944 3.7583573 3.3994398 3.3994398 3.7583563 3.9165187 3.970842 0.0 0.0 3.0116642 3.0456455 3.0678124 3.3994384 3.6911983 3.575913 3.27901 3.8158772 3.8869631 3.474012 3.0116608 3.0678096 4.0955505 3.3994353
4.751214 4.751214 4.751214 4.5725284 4.5725284 3.4323034 2.386523 2.386523 2.386523 2.3865225 2.386522 2.3865216 2.3865216 2.3865213 2.3865213 2.386521 2.3865204 3.2030127 2.3865204 2.3865201 2.478126 2.3865197 2.3865194 2.3865192 2.3865192 2.3865187 2.3865185 3.2030106 4.4536424 4.7652593 4.7652593 5.1838417 3.8352253 3.4529266 3.4529262 3.5401976 3.3994088 4.084295 3.7583199 3.8869247 3.3994076 3.7583194 3.8869238 3.9038215 3.9164739 0.0 0.0 3.2030063 3.0116189 3.0116189 3.3757029 3.320009 3.320009 3.4403005 3.8869212 3.399405 3.0116172 3.0116172 3.0116167 3.8869207 3.3994045
4.751171 4.751171 4.751171 4.5724835 4.5724835 3.4322646 3.4322643 3.4322639 2.3864782 2.3864782 2.386478 2.3864777 2.3864775 2.3864772 2.3864772 2.3864765 3.452891 3.2029736 3.432262 2.386475 2.1118038 2.386475 2.3864744 2.3864741 2.3864741 2.3864737 2.3864732 2.3864725 3.2182446 4.320471 4.784838 4.7848377 3.8322175 3.3993778 3.5831401 3.4510021 3.835185 3.7582824 4.747449 3.8868816 3.7582815 3.8868816 3.3993769 3.9037762 3.9037757 3.5879354 0.0 3.2925549 3.2363455 3.236345 3.236345 3.2789195 3.278919 3.8157992 3.886877 3.7582772 3.3993728 3.0115721 3.0115721 3.886875 3.399372
4.751127 4.751127 4.751127 4.5724406 4.57244 3.4322248 3.4322248 3.4322238 2.3864331 2.3864326 2.3864326 2.3864324 2.3864324 2.3864322 2.3864315 2.3864312 2.2717834 3.50591 3.2029333 3.2029333 2.3864303 2.3864303 2.3864303 2.38643 2.3864298 2.3864298 2.3864295 2.3864288 3.43222 4.784795 4.784795 4.453561 3.6969879 3.758245 3.819603 3.819603 3.8351452 4.299017 3.835145 3.399345 3.8868382 3.8868382 3.5878968 3.9037313 3.5878968 3.5878968 3.5878968 3.2379823 3.2379823 3.262248 3.262248 3.278873 3.4402347 2.4640572 2.464057 2.4640567 3.742415 3.3993428 3.3993418 3.3993409 3.7582395
4.7510843 4.7510843 4.505065 4.4535275 4.7651443 4.765144 3.4321837 3.4321837 3.4321837 3.452813 3.4528127 2.3863878 2.3863878 2.3863876 2.386387 2.3863869 2.3863869 3.202894 3.0676253 3.2028935 3.2181573 3.4321818 3.4321814 3.4321814 3.432181 3.432181 3.432181 3.4321804 3.4321804 4.784751 4.7847505 4.4535217 3.399314 3.4812412 3.8867953 3.8867948 4.26792 4.1012654 3.8321266 3.758205 3.8867939 3.399313 3.8834443 3.903686 3.8834438 3.8834438 3.5878577 3.2788281 3.2788277 3.3890643 3.3890638 3.278827 3.8157218 2.386377 2.386377 2.3863769 4.3225822 3.8351018 4.090703 3.7582004 3.3993099
4.7510414 4.7510414 4.5050263 4.7651052 4.7651052 4.7651052 3.4321446 3.4321442 5.1837044 4.765104 3.4527729 2.386343 2.3863428 2.3863428 2.3863428 2.3863428 2.386342 3.2028542 3.0675762 4.340079 3.4321423 3.4321418 3.4321418 3.4321418 5.1837015 4.572348 4.784708 4.784708 4.784707 4.784707 4.784706 4.784706 3.3992827 3.3992827 3.8156872 3.3992825 3.886752 3.399282 3.8942878 3.399282 3.399282 3.7581668 3.71816 3.8350642 3.1655133 3.8350642 3.8350642 3.2787821 3.2787812 3.2787807 3.2787802 3.2787802 3.3992789 3.3992782 3.3992782 3.3992782 4.3981805 3.835061 3.3992782 3.886746 3.758162
5.165127 5.165127 5.165127 4.765065 4.765065 3.4321055 3.4321048 3.4321048 4.784668 4.7650642 3.4527328 2.386298 2.386298 2.386298 2.3862977 2.3862977 2.3862975 2.1765635 4.2838416 4.453445 4.453444 4.7650614 4.7650614 5.1836653 5.1836653 4.7846637 4.7846637 4.7846637 4.784663 4.784663 4.784663 4.784663 3.399252 4.091176 3.3992507 3.8867087 3.3992507 3.7581294 3.473692 3.3736691 3.7581282 3.4527256 3.8882613 3.8320382 3.5573215 0.0 0.0 3.4401343 3.4401336 3.4401336 3.278735 3.278734 3.758126 3.3992481 4.193902 3.7873318 3.9745147 4.267808 3.7581255 3.8867037 3.3992474
4.7509546 5.1650844 5.1650844 4.5722647 4.5722647 3.4320652 3.4320652 3.432065 3.432065 3.432065 3.3341274 3.432064 3.432064 2.3862536 2.3862534 2.386253 2.3862526 2.3862524 3.4320626 3.4320626 3.4320621 3.1828356 4.7650213 5.18363 5.18363 4.7846203 4.7846193 4.784619 4.784619 4.784619 4.784619 4.784619 3.758091 3.399219 4.095238 3.7580907 4.2301507 3.2027695 3.449528 3.4526873 4.3224325 3.6273885 3.4896433 3.8942094 3.9857168 3.1654406 3.3992174 3.3992171 3.815605 3.815605 3.4400997 3.2786884 3.8866603 3.7872849 3.834983 4.1148114 3.544202 3.9744596 3.9025388 3.8866594 3.3992147
4.7509117 4.7509117 5.554503 4.572221 4.7649856 3.4320254 3.432025 2.3862095 3.432025 3.4320247 3.4320247 3.4320245 3.4320245 3.4320238 2.386208 3.4320238 3.4320228 2.3862073 2.386207 2.3862064 2.3862064 2.386206 3.432022 4.572216 5.1835947 5.1835947 4.7845764 4.7845764 4.7845755 4.7845755 4.784575 4.784575 3.399188 3.8866227 3.7580526 3.8887668 4.095193 3.0674245 3.4563067 3.627342 3.9685516 3.5010986 3.3991861 3.8866198 3.8845465 3.789069 3.7580502 3.7580502 3.8866184 3.3991857 4.270974 3.4400656 3.8866177 3.5398624 4.267707 4.1514053 3.5010946 3.544157 3.5398614 3.8866162 3.7580476
4.7508693 4.7508693 3.3175688 3.4319859 3.4319854 3.4319854 3.4319854 2.3861654 2.3861647 3.2026966 3.4319851 3.4319847 3.4319847 3.4319842 3.4319842 3.4319842 3.431984 3.4319832 3.4319832 3.4319828 2.3861618 3.4319823 3.431982 4.7845325 4.7845325 4.7845325 5.1835585 4.7845325 4.784532 4.784532 4.7845316 4.7845316 3.3991566 3.7580154 3.8865793 3.3991556 4.3591237 3.8865783 3.5010543 3.8865197 3.5441163 3.5010526 3.3991542 3.7629755 3.8865755 3.884507 3.8865755 3.3991537 3.8865755 3.758012 4.0951433 3.8155267 3.886575 3.399153 3.9696975 4.0568676 3.8865147 3.0900068 3.202687 3.553235 3.8865721
