Export/ASCII/RMeteo_SP_inch/speranza1/RMeteo_2015_SP2_inch.asc
ncols         660
nrows         338
xllcorner     1476100.0
yllcorner     5017100.0
cellsize      100
NODATA_value  -9.9e-20
[rows 162 to 188 of 338, columns 118 to 176 of 660]
0.42845774 0.42845774 0.42845774 0.42845774 0.42845774 0.42845774 0.42845774 0.42845774 0.42845774 1.2776259 0.87233675 0.9442724 0.42845774 0.42845774 0.9442724 0.42845774 0.42845774 0.6 0.6077846 0.6 0.6 0.42845774 0.42845774 0.42845774 0.42845774 0.42845774 0.42845774 0.42845774 0.42845774 0.42845774 0.42845774 0.42845774 0.42845774 0.6 0.6077851 0.6 0.42845774 0.6 0.7458507 0.6 0.69839084 0.63115394 0.87233675 0.9496528 0.9496528 0.62247837 0.77060616 0.62247837 0.5218122 0.6583804 0.7537359 0.6 0.6 0.6 0.6583804 0.6 0.46226358 0.46226358 0.46226358
0.42845726 0.42845726 0.42845726 0.42845726 0.42845726 0.42845726 0.5871606 0.42845726 0.42845726 1.0609077 0.87233627 1.0609077 0.42845726 0.87233627 0.7628375 0.6 0.6 0.6 0.6 0.6077813 0.6077813 0.42845726 0.42845726 0.42845726 0.42845726 0.42845726 0.42845726 0.42845726 0.42845726 0.42845726 0.42845726 0.42845726 0.6 0.6 0.6077813 0.6 0.6 0.6 0.6 0.6077813 0.67854965 0.67854965 0.7628375 1.6095362 0.94964945 0.7706028 0.7706028 0.70168674 0.4622624 0.4622624 0.7704884 0.6 0.6583773 0.6583773 0.78634155 0.6583773 0.6 0.4622624 0.71232164
0.42845607 0.42845607 0.58715963 0.42845607 0.42845607 0.58715963 0.42845607 0.42845607 1.2776176 1.0609041 0.6 0.6 0.6 0.6 0.60777795 0.60777795 0.6 0.60777795 0.6077782 0.6077782 0.6 0.42845607 0.6 0.6 0.6 0.6 0.6 0.68864024 0.42845607 0.42845607 0.42845607 0.42845607 0.42845607 0.42845607 0.42845607 0.60777843 0.60777843 0.6 0.6 0.6 0.60777843 0.60777843 0.8723358 1.6095347 1.322286 0.70168674 0.70168674 0.9496459 0.46226168 0.46226168 0.6583735 0.6 0.6583735 0.6583735 0.6872841 0.6583735 0.6583735 0.6 0.6
0.6 0.42845535 0.42845535 0.6 0.6 0.42845535 0.6077744 0.6 0.7628318 0.67290986 0.6 0.60777485 0.60777485 0.6 0.6 0.60777485 0.87233865 0.60777485 0.60777485 0.42845535 0.60777485 0.6 0.6 0.60777485 0.72804797 0.7249733 0.7249733 0.7565099 0.42845535 0.42845535 0.42845535 0.42845535 0.42845535 0.42845535 0.42845535 0.60777485 0.60777485 0.60777485 0.60777485 0.60777485 0.60777485 0.60777485 1.0609001 0.70168626 0.9496423 0.70168626 0.5218015 0.9496423 0.46226096 0.470541 0.6 0.6583706 0.7863356 0.7863356 0.6583706 0.6583706 0.6 0.7167076 0.6583706
0.6077713 0.6 0.6 0.67075 0.6 0.6 0.6 0.6 0.60777056 0.6 0.6 0.6077715 0.6 0.42845464 0.8723382 0.8723382 0.8723353 0.6077715 0.42845464 0.42845464 0.6077715 0.6 0.6077715 0.7280425 0.69170797 0.75957835 0.6 0.6361965 0.6 0.6 0.42845464 0.42845464 0.42845464 0.42845464 0.42845464 0.60777175 0.60777175 0.60777175 0.60777175 0.60777175 0.60777175 0.60777175 1.0608968 0.94963825 1.6095328 0.52179766 0.6224681 0.86481583 0.70168626 0.70168626 0.70168626 0.69497 0.8217479 0.6 0.6 0.65836704 0.65836704 0.65836704 1.0565886
0.6707455 0.6 0.6729015 0.6 0.6 0.7054981 0.6 0.6403655 0.6 0.6 0.6 0.8723377 0.6311358 0.6311358 0.8457805 0.87233436 0.42845368 0.42845368 0.42845368 0.42845368 0.42845368 0.8723377 0.6917039 0.8438784 0.6917039 0.6 0.6077682 0.6 0.6077682 0.6077682 0.42845368 0.42845368 0.42845368 0.42845368 0.6 0.6077682 0.6077682 0.6077682 0.6077682 0.6077682 0.67074573 0.6 1.0608927 0.9496347 0.70168626 0.4622593 0.77058995 0.77058995 0.9496347 0.70168626 0.9496347 0.8355733 0.8217443 0.6583642 0.6949669 0.6583642 0.6583642 0.6583642 1.6095309
1.1420308 0.6 0.64036024 0.6 0.73542273 0.6 0.6 0.732535 0.63113225 0.9012817 0.8723339 1.0608879 0.74582446 0.42845273 0.74582446 1.0608879 0.8723339 0.42845273 0.42845273 0.42845273 0.8723339 1.0608879 0.705196 0.705196 0.705196 0.60776484 0.60776484 0.60776484 0.60776484 0.60776484 0.6 0.42845273 0.42845273 0.42845273 0.60776484 0.60776484 0.60776484 0.60776484 0.60776484 0.60776484 0.60776484 0.6 1.0608882 0.94963086 0.94963086 0.70168626 0.8355695 0.8355695 1.1946553 0.70168626 0.94963086 0.94963086 0.78665054 0.70168626 0.6 0.70168626 0.6 0.7512361 1.60953
1.1420252 0.6403569 0.6 0.6 0.6707362 0.6 0.67289245 0.6 0.74582016 0.63112867 0.8723339 1.0608846 0.9442438 0.42845201 0.42845201 0.8723339 0.8723339 0.42845201 0.42845201 0.42845201 0.8457726 0.6 0.6 0.6077615 0.6077615 0.6 0.7411901 0.6 0.6 0.6077615 0.6077615 0.6 0.6 0.6 0.6077615 0.6 0.6 0.6077615 0.6 0.6077615 0.6077615 0.6 1.0608848 0.94962776 0.94962776 0.94962776 0.70168626 0.70168626 1.1937264 0.6224605 1.3048923 1.8611331 1.3048923 1.3048923 1.6592026 0.94962776 0.75123227 0.94962776 1.6095285
1.1989403 1.214112 0.6 0.6728884 0.63112533 0.6 0.7855464 0.8723334 0.5096686 0.42845106 1.0608803 0.8723334 1.0608803 0.8723334 1.2040306 0.6916901 0.92136204 0.42845106 0.42845106 0.42845106 0.6 0.6077584 0.6077584 0.68862736 0.6077584 0.6 0.7879809 0.6 0.6 0.6077584 0.6077584 0.6 0.6077584 0.6 0.6077584 0.6077584 0.6 0.70657957 0.6 0.6 0.6077584 0.60775816 0.8723334 0.94962394 0.94962394 0.94962394 0.701686 0.94962394 0.94962394 0.62245786 1.0385976 1.0385976 1.0385976 1.0385976 0.87595296 0.94962394 0.9316493 0.9316493 0.701686
1.142014 1.1783439 1.6834402 1.4787977 0.631122 0.7029449 0.6 0.87233245 0.4284501 0.4284501 0.76281416 0.6 1.0608758 0.87233245 0.76281416 0.6 0.6 0.631122 0.631122 0.6 0.6077548 0.6077548 0.8245982 0.87233245 0.72495544 0.6077548 0.6077548 0.6077548 0.6077548 0.6077548 0.6077548 0.6077548 0.6077548 0.6077548 0.6077548 0.6077548 0.6077548 0.70948184 0.6 0.6077548 0.8723358 0.87233245 1.060876 0.70168555 1.3986843 0.70168555 0.9496201 0.9496201 1.861124 0.8467485 0.77257276 1.6095266 1.6095266 1.6095266 1.8805153 0.9496201 0.7352296 0.7352296 0.9496201
1.1989291 0.83301854 1.6834388 0.83301854 1.6834388 2.2509506 0.87233245 1.2775813 0.87233245 0.4284494 0.6 0.6077515 0.7628113 1.060872 0.6077515 0.6077515 0.77152765 0.6 0.7458075 0.6 0.6077515 0.6077515 0.8723358 0.4284494 0.69834197 0.6 0.6077515 0.6 0.6077515 0.6077515 0.70656955 0.6 0.6 0.6077515 0.42844963 0.6077515 0.6 0.667447 0.42844963 0.42844963 1.0608722 1.0608722 1.0608722 0.94961655 0.9626955 0.70168555 0.52177596 0.52177596 1.0385913 1.0385913 0.77257204 1.6095252 1.6095252 0.70168555 0.7352296 0.94961655 0.9026104 0.62245286 0.8647977
1.1989232 1.1989232 1.6834366 0.8330176 1.6834366 1.1989233 1.4305332 0.63111484 0.87233245 0.6 0.6 0.42844868 0.42844868 0.8069626 0.6 0.6 0.70947397 0.6 0.94422686 0.8723353 0.808957 0.63111484 0.7628087 0.63111484 0.745803 0.6 0.6077484 0.6674427 0.6674427 0.42844868 0.43368983 0.6 0.6 0.6077484 0.42844868 0.42844868 0.4316547 0.42844868 0.42844868 0.42844868 1.0608689 1.0608689 1.0608689 0.94961345 0.94961345 0.94961345 0.46225405 0.46225405 1.0385877 1.0385877 0.8759501 1.0385877 1.6095238 0.94961345 0.89363754 0.94961345 0.94961345 0.77057016 0.77057016
1.683435 1.683435 1.683435 0.83301663 1.1419971 1.1989177 1.3176156 1.1419973 0.8069588 0.6 0.60774505 0.42844772 0.42844772 0.42844772 0.6 0.60774505 0.60774505 0.90606177 0.8723315 1.0608648 0.6886188 0.63111126 0.6311115 0.7457992 0.7457992 0.60774505 0.6 0.46736217 0.42844772 0.42844772 0.42844772 0.60774505 0.60774505 0.60774505 0.6311115 0.42844772 0.42844772 0.42844772 0.8723315 0.8723315 1.0608648 1.2775744 0.8723315 0.9496099 0.6224476 0.86479175 0.6224476 0.6224476 1.0170524 1.0170524 1.6095223 1.0170524 1.0170524 0.9496099 0.9026028 0.70168555 1.1944844 0.83554614 0.83554614
1.683433 0.8330152 0.8330152 0.8330152 1.683433 1.683433 1.1419916 1.1419916 0.6 0.6077415 0.6 0.42844653 0.42844677 0.42844677 0.6707088 0.6 0.6 0.6077415 0.872331 1.0608605 1.0475858 0.6 0.7457944 0.7457944 0.9442183 0.87233436 0.42844677 0.42844677 0.42844677 0.42844677 0.42844677 0.6077417 0.7325047 0.6311079 0.7457944 0.42844677 0.42844677 0.6311079 0.6311079 0.84574854 1.0608605 0.872331 0.872331 0.9496063 0.622445 0.622445 0.7352296 0.83740675 0.7122959 1.0170484 1.6095216 1.6095216 1.0170488 1.6095216 0.9496063 0.7016851 0.9496063 0.9496063 0.9496063
1.6834309 0.8330147 0.8330147 0.8330147 1.1989063 1.1989063 1.1419857 0.67286146 0.6 0.73998463 0.6 0.42844605 0.5871494 0.42844605 0.60773814 0.6 0.60773814 0.8069509 0.6 0.46702957 1.0608577 0.872331 0.42844605 0.42844605 0.54178286 0.6 0.42844605 0.42844605 0.42844605 0.42844605 0.42844605 0.42844605 0.42844605 0.42844605 0.42844605 0.42844605 0.62363887 0.42844605 0.42844605 0.94421494 1.0608579 1.0608579 1.8732283 1.2929859 1.1753962 0.83553827 0.9025954 0.9025954 0.7944249 1.8805044 1.6095204 1.6095204 0.87594724 0.87594724 0.9496025 0.9496025 0.9496025 0.9496025 0.9496025
1.6834288 1.6834288 0.8330133 0.83586526 1.1989007 1.2665515 1.2937174 1.1419802 1.3909638 0.6 0.6 0.60773385 0.6 0.6 0.6077348 0.7054478 0.6 0.6077348 0.87233007 0.4284451 0.57428336 0.87233007 0.87233007 0.4284451 0.4284451 0.6 0.6 0.4284451 0.4284451 0.8070773 0.4284451 0.4284451 0.4284451 0.4284451 0.4284451 0.4284451 0.4284451 0.4284451 0.4284451 1.2360576 0.6 0.8457407 0.8330133 1.01704 1.01704 0.9495989 0.9495989 0.9495989 0.9025918 1.8805022 0.8759458 1.609519 0.8759458 0.8759458 0.9495989 0.70168483 1.1944727 0.9495989 0.9495989
0.8723296 1.6834271 1.6834271 1.1419744 1.6834271 1.1988951 1.1988951 1.1419746 1.1782985 0.6 0.64032114 0.6 0.6 0.6 0.7597252 0.6 0.6 0.6077317 1.5340523 0.8723296 0.8723296 0.8723296 1.0608491 0.8723296 0.42844415 0.8723334 0.6077317 0.42844415 0.42844415 0.51864386 0.42844415 0.68861043 1.0608486 0.8723296 0.68861043 0.68861043 0.42844415 0.42844415 0.42844415 0.6 0.8723296 0.9442059 0.9496219 1.0170364 1.0170364 1.609518 0.70168483 0.9495951 0.9495951 1.609518 0.8759453 0.8759453 1.609518 0.8759453 0.9495951 0.9495951 0.9495951 0.9495951 0.70168483
0.9342965 0.6310936 1.6834252 1.1419688 1.1988896 1.1988897 1.2637802 1.1419691 1.3692005 1.1419691 1.1782923 1.1419691 1.1782923 1.2140467 0.8723296 0.8723296 0.6 1.39213 0.8723296 0.8723296 1.4727479 0.8723296 1.0608453 1.0608453 0.8723296 1.0608453 0.42844367 0.42844367 0.42844367 0.42844367 0.42844367 0.7564608 1.0608453 0.87233007 0.8933314 0.8933314 0.42844367 0.42844367 0.63109386 0.7402042 0.6 0.7627908 1.1419694 1.0170329 1.0170329 1.6095164 0.9495915 0.9495915 0.9495915 0.70168483 1.6095164 0.8759444 1.6095164 0.8759444 1.1059268 0.622435 0.86477697 0.94959176 0.94959176
1.1988838 1.6834235 0.8723291 0.8723291 1.1988838 1.1988838 0.9496138 1.1988838 1.1419634 1.1419634 1.1419634 1.1419634 1.1419634 1.9200234 1.6834235 0.84572875 1.162628 0.8723291 0.8723291 1.2077152 0.8723291 0.8723291 1.0608422 1.4727441 0.8723291 1.0608422 0.42844248 0.42844248 0.42844248 0.42844248 0.42844248 0.8933269 1.0608422 1.0608422 1.0608422 0.92397225 0.6 0.42844248 0.9348844 0.6310903 0.6434854 0.60772526 1.1419636 1.0170283 1.0170283 1.6095154 1.8610818 0.94958794 0.94958794 0.94958794 1.6095154 0.8759434 1.6095154 0.8759434 0.8759434 0.62243235 0.7705468 0.94958794 0.94958794
1.1988784 1.186209 0.94960976 1.6834216 0.63108623 1.1988784 1.1988784 1.1988784 1.1988784 1.1419579 1.1419579 1.1419579 1.6834216 1.6834216 1.1988784 0.93487775 0.63108623 0.63108623 1.3729104 0.87232864 1.1668624 0.6 1.0608376 0.9239694 0.688604 1.0608376 0.87232864 0.42844176 0.87232864 0.6 0.6 0.89012134 0.6 0.76749146 1.0608376 0.7564534 0.64348185 0.6 0.42844176 0.42844176 0.91378295 0.87232864 0.87232864 1.0170243 1.0170243 1.0170243 1.6095142 0.9495839 0.9495839 0.70168436 0.9495839 0.87594247 0.87594247 0.87594247 0.87594247 0.8355185 0.8355185 0.9495841 1.8610771
1.6834195 1.6834195 1.6834195 1.7553174 1.1988727 0.6310829 1.1988727 1.1988727 1.1988727 1.141952 1.141952 1.6834195 1.6834195 1.6834195 1.874037 0.6310829 0.6310829 0.9592806 0.6 0.89011776 0.87232864 0.87232864 0.8457202 0.891775 0.68860185 0.7627822 1.0608338 0.87232864 1.1298646 0.6 0.6 0.6077186 0.6 0.6 1.187951 0.68860185 0.6 0.643479 0.6 0.6 0.6735977 0.6 0.7627822 0.62242734 1.0385581 1.6095128 1.0385581 0.6 0.82986414 0.9495803 0.9495803 1.6095128 1.6095128 1.6095128 0.70168436 0.70168436 0.9495803 0.94958055 1.6095128
1.6834178 1.6834178 1.6834178 1.6834178 1.6834178 0.8723277 0.8723277 0.8723277 1.6834178 0.94960165 1.6834178 1.6834178 1.6834178 1.6834178 0.8723277 0.8723277 0.9595672 0.6 0.76277936 0.8723277 0.8723277 1.2782649 0.63107955 0.63107955 0.6885997 0.8069242 0.6 0.84571636 0.8723277 0.6 0.6740097 0.60771525 0.8723277 0.872331 1.0608305 0.6 0.8849417 0.87232816 0.87232816 0.67359436 0.60771525 0.60771525 0.6 0.7241808 0.6224247 1.6095119 1.6095119 0.9863539 0.6 0.9495772 0.9495772 1.6095119 1.6095119 1.6095119 0.9495772 0.9495772 1.6095119 2.1369693 1.6095119
1.6834157 1.6834157 1.6834157 1.6834157 1.8731852 0.8723272 1.2775313 0.8723272 1.6834157 1.6834157 1.6834157 1.6834157 1.6834157 2.1098034 0.8723272 1.1253923 0.8723272 0.6728276 0.6 0.8457128 0.8457128 0.8723272 0.631076 1.0779666 0.6885973 0.6077117 0.6 0.8611487 0.631076 0.6077117 0.7094344 0.7854985 0.6 0.76277673 0.76277673 0.72491634 0.6 0.8723272 1.0608262 0.6402973 0.42843914 0.42843914 0.42843914 0.6 0.8355068 1.6095107 0.98363984 0.98363984 1.6095107 0.9495734 0.70168436 1.8610623 1.6095107 1.6095107 1.8610623 1.8610623 1.6095107 1.6095107 1.6095107
1.6834135 1.6834135 1.6834135 1.6834135 2.1097748 0.87232673 1.277546 0.87232673 0.87232673 0.87232673 1.6834135 1.6834135 1.6834135 1.1419355 0.88992274 0.6 0.9846598 0.87232673 0.6 0.8463732 0.6310724 0.9702617 0.6310724 0.84570825 0.6310724 0.70540774 0.70943105 0.6 0.6 0.6706625 0.6077081 0.6 0.6 0.6706625 0.6 0.75643957 0.643469 0.87232673 1.0608221 0.60770833 0.42843843 0.67376864 0.42843843 0.46224356 0.9495698 0.7016839 0.9836366 0.9836366 1.6095092 1.6095092 1.1059017 0.87593865 0.87593865 1.6095092 1.6095092 1.6095092 1.6095092 1.0385482 1.0385482
1.6834118 1.6834118 1.6834118 1.6834118 1.6834118 1.2771624 0.87232673 1.6834118 2.3440495 0.87232673 0.87232673 1.6834118 1.19885 1.1419294 0.67065847 0.6 1.4727153 0.87232673 1.2054204 0.87232673 1.5082344 0.63106906 0.63106906 0.934852 0.7815753 0.87232673 1.0956205 0.87232673 0.6077055 0.6077055 0.6402887 0.6077055 0.6077055 0.6 0.6 0.8638388 0.87232673 0.7674757 1.0608181 0.87233007 0.4284377 0.4284377 0.4284377 0.46224284 0.8011416 0.949566 0.70168364 0.9836334 0.9836334 1.6095078 1.0385449 1.0385449 0.8759377 1.6095078 1.0385449 1.0385449 1.6095078 1.0385449 1.0385449
1.6834097 1.6834097 1.6834097 1.6834097 1.6834097 1.2775167 0.87232625 1.6834097 1.6834097 1.0608143 0.87232625 0.6310655 1.141924 1.2139876 0.6 0.8901025 0.87232625 1.2775167 0.87232625 1.2775167 0.87232625 0.84636366 0.7457429 0.6310655 1.2775167 0.87232625 0.7627679 0.6 0.67065346 0.6077019 0.6 0.64028466 0.6077019 0.6 0.6077019 0.6077019 0.6 0.9380373 1.4727105 0.87232625 0.87232625 0.42843652 0.42843652 0.6 0.6582984 0.94956267 0.94956267 1.0170004 1.0170004 1.6095066 0.87593675 1.0385418 0.87593675 0.87593675 1.0385418 1.0385418 1.6095066 0.87593675 1.0385418
1.6834078 1.6834078 1.6834078 1.6834078 2.1097574 0.8723258 0.8723258 1.683408 1.683408 2.3440368 0.94416296 0.74573815 1.1988388 1.1419182 0.6402806 0.6 1.1406525 0.8723258 2.1097577 0.89328706 1.0355886 1.0608095 1.172448 1.06081 0.8723258 0.8723258 0.6706492 0.60769856 0.6 0.6402806 0.60769856 0.6 0.6402806 0.6 0.60769856 0.60769856 0.60769856 0.7627648 1.06081 0.8723258 0.48018122 0.6 0.6 0.6582953 0.75115764 0.94955933 0.94955933 0.7122675 1.0169966 1.0169966 0.8759358 0.8759358 1.6095057 1.6095057 0.8759358 0.8759358 1.6095057 0.8759358 1.6095057
