Export/ASCII/RMeteo_SP_inch/speranza1/RMeteo_2014_SP4_inch.asc
ncols         660
nrows         338
xllcorner     1476100.0
yllcorner     5017100.0
cellsize      100
NODATA_value  -9.9e-20
[rows 297 to 323 of 338, columns 0 to 60 of 660]
10.178048 11.511073 10.178048 11.511073 12.277669 10.012598 11.996052 10.012598 11.996052 12.273043 10.012598 11.996052 10.012598 11.996052 12.273043 12.840683 12.993225 12.993498 12.9935 13.01079 13.01079 13.01079 13.01079 13.01079 13.01079 13.01079 13.010792 13.010792 13.010792 13.010792 13.010792 13.010792 13.010792 13.010792 13.010792 13.010792 13.010794 13.010794 13.010794 13.010794 13.010794 13.010794 13.010794 13.010794 13.010794 13.010794 13.010794 13.010794 13.010794 13.010796 13.010796 13.010796 13.0107975 13.0107975 13.0107975 10.012606 11.996059 12.27305 12.840691 12.993233 12.993507
10.178005 11.51103 11.818367 12.669062 13.222012 13.261715 12.994009 13.010637 13.011654 13.010742 13.010742 13.010742 13.010742 13.010742 13.010742 13.010742 13.010742 13.010742 13.010742 13.010742 13.010744 13.010744 13.010746 13.010746 13.010746 13.010746 13.010746 13.010746 13.010746 13.010748 13.010748 13.010748 13.010748 13.010748 13.010748 13.010748 13.010748 13.010748 13.010748 13.010748 13.010748 13.010748 13.010748 13.010748 13.010748 10.01256 10.01256 11.996017 12.273005 10.012562 11.996017 12.273005 10.012562 11.996017 10.012562 11.996017 12.273005 10.012562 11.996017 10.012562 11.996017
10.177958 11.510981 11.818323 12.669018 13.221962 13.261669 12.993961 13.01059 13.011606 13.010693 13.010693 13.010693 13.010693 13.010693 13.010693 13.010693 13.010693 13.0106945 13.0106945 13.0106945 13.0106945 13.0106945 13.0106945 13.0106945 13.010696 13.010696 13.010696 13.010696 13.010698 13.010698 13.010698 13.010698 13.010698 13.010698 13.010698 13.010698 13.010698 13.010698 13.010698 13.010698 13.010698 13.0107 13.0107 13.010702 13.010702 13.010702 13.010702 13.010702 13.010702 13.010702 13.010702 13.010702 13.010702 13.010702 13.010702 13.010702 13.010702 13.010702 13.010702 13.010702 13.010702
10.177914 11.510937 11.818277 12.668974 13.22191 13.26162 10.012461 11.995926 12.272911 10.012463 11.995928 12.272913 12.840553 10.012465 11.99593 12.272915 10.012465 11.995932 12.272915 12.840553 12.993082 12.993357 12.993357 13.010651 13.010651 13.010651 13.010653 10.012466 11.995934 12.272919 12.840559 10.012468 11.995935 12.272921 12.840559 12.993088 10.012468 11.995935 12.272921 12.840559 12.993088 12.993362 12.993362 13.010656 13.010656 13.010656 13.010656 13.010656 13.010656 13.010656 13.010656 13.010656 13.010656 13.010656 13.010656 13.010656 13.010656 13.010656 13.010658 13.010658 13.010658
10.177872 11.510895 11.818237 12.668934 13.221863 13.261574 12.993866 13.010496 13.011513 13.010601 13.010601 13.010601 13.010601 13.010601 13.010601 13.010601 13.010601 13.010601 13.010601 13.010601 10.012423 10.012423 11.995888 12.272871 12.840509 12.993034 12.993307 12.993307 13.010601 13.010601 13.010601 13.010603 13.010603 13.010603 13.010603 13.010603 13.010603 13.010603 13.010603 13.010603 13.010603 13.010603 13.010603 13.010603 13.010605 13.010605 13.010605 13.010605 13.010605 13.010605 13.010605 13.010605 13.010605 13.010605 13.010605 13.010605 13.010605 13.010605 13.010605 13.010605 13.010605
10.177824 11.510847 11.818193 10.177824 12.006315 12.278839 12.849291 12.991945 12.993532 12.993256 13.01055 13.01055 13.01055 13.01055 13.01055 13.01055 13.01055 13.01055 13.01055 13.01055 13.01055 13.01055 13.01055 13.01055 13.01055 13.01055 13.01055 13.01055 13.010551 13.010553 13.010553 13.010553 13.010553 13.010553 13.010553 13.010553 13.010553 13.010555 13.010555 13.010555 13.010557 13.010557 13.010557 13.010557 13.010557 13.010557 13.010557 13.010557 13.010559 13.010559 13.010559 13.010559 13.010559 13.010559 13.010559 13.010559 13.010559 13.010559 13.010559 13.010559 13.010559
10.17778 10.17778 10.17778 11.510803 12.277395 13.1279125 12.993229 10.012331 11.995802 12.272781 12.84042 12.992935 12.993208 12.993208 13.010504 13.010504 13.010504 13.010508 13.010508 13.010508 13.0105095 13.0105095 13.0105095 13.0105095 13.0105095 13.0105095 13.0105095 13.0105095 13.0105095 13.0105095 13.0105095 13.0105095 13.0105095 13.0105095 13.0105095 13.0105095 13.0105095 13.0105095 10.012333 11.995806 12.272787 12.840424 12.992941 12.993216 12.993216 13.010511 13.010511 13.010511 13.010511 13.010511 13.010511 13.010511 13.010511 13.010511 13.010511 13.010511 13.010511 13.010511 13.010511 13.010511 13.010511
10.177734 11.510757 11.8181095 12.668808 13.22171 13.261431 12.993719 13.010353 13.011368 13.010456 13.010456 13.010456 13.010456 13.010456 13.010456 13.010456 13.010456 13.010456 13.010456 13.010458 13.010458 13.010458 13.010458 13.010458 13.010458 13.01046 13.01046 13.01046 13.01046 13.01046 13.01046 13.01046 13.01046 10.012287 10.012287 11.995762 10.012287 11.995762 10.012289 11.995762 12.272741 10.012289 11.995764 10.012289 11.995764 10.012289 11.995764 12.272743 10.012289 11.995768 10.012293 10.012293 10.012293 11.995768 12.272747 10.012295 11.995768 12.272747 10.012295 11.995768 10.012295
10.177689 11.510712 11.818066 12.668764 13.2216625 13.261383 12.993673 13.010307 13.01132 13.01041 13.01041 13.01041 13.01041 13.01041 13.01041 13.01041 13.01041 13.01041 13.01041 13.01041 13.01041 13.01041 13.01041 13.01041 13.01041 13.01041 13.01041 13.01041 13.010412 13.010412 13.010412 13.010412 13.010412 13.010412 13.010414 13.010414 13.010414 13.010414 13.010414 13.010414 13.010414 13.010414 13.010414 13.010414 13.010414 13.010414 13.010414 13.010414 13.010414 13.010414 13.010414 13.010414 13.010414 13.010416 13.010416 13.010416 13.010418 13.010418 13.010418 13.010418 13.010418
10.177649 11.51067 11.818029 12.668726 13.221613 13.261339 12.993624 13.010262 13.011274 13.010363 13.010363 13.010363 13.010363 13.010363 13.010363 13.010363 13.010365 13.010365 13.010365 13.010365 13.010365 13.010365 13.010365 13.010365 13.010365 13.010366 13.010366 13.010366 13.010366 13.010366 13.010366 13.010366 13.010366 13.010366 13.010366 13.010366 13.010368 13.010368 13.010368 13.010368 13.010368 13.010368 13.010368 13.010368 13.01037 13.010372 13.010372 13.010372 13.010372 13.010372 13.010372 13.010372 13.010372 13.010372 13.010372 13.010372 13.010372 13.010372 13.010372 13.010372 13.010372
10.177599 11.510622 11.817982 12.66868 13.221561 13.261286 12.993572 13.010208 13.011221 13.010311 13.010311 13.010313 13.010313 13.010313 13.010313 13.010313 13.010313 13.010313 13.010313 13.010315 13.010315 13.010315 13.010315 13.010315 13.010315 13.010315 10.012156 11.995636 10.012156 11.995636 10.012156 11.995636 10.012156 11.995636 10.012156 10.012156 11.995638 12.272612 10.012157 11.99564 12.272614 12.84025 10.012159 10.012159 11.99564 12.272614 10.012159 11.99564 12.272615 12.84025 12.992748 12.993021 10.012159 11.99564 12.272615 10.012159 11.99564 12.272615 12.840252 10.012159 11.995642
10.177555 11.510578 11.81794 12.66864 13.221508 13.261238 12.993525 13.01016 13.011173 13.010263 13.010263 13.010263 13.010263 13.010263 13.010263 13.010263 13.010263 13.010265 13.010265 10.012106 11.995592 12.272564 10.012108 10.012108 10.012108 11.995592 12.272566 12.8402 12.992697 12.9929695 12.9929695 10.01211 11.995596 12.272568 12.840202 12.992697 12.9929695 12.992971 13.010271 13.010271 10.012112 11.995596 12.27257 12.840204 12.992701 12.992975 12.992975 13.010273 13.010273 13.010273 13.010273 13.010273 13.010273 13.010273 13.010273 13.010273 13.010273 13.010273 13.010275 13.010275 13.010275
10.177511 11.510535 11.817903 12.668601 13.221462 13.261192 12.993477 13.010115 13.011126 13.010218 13.010218 13.010218 13.010218 13.010218 13.010218 13.010218 13.010218 13.010218 13.010218 13.01022 13.0102215 13.0102215 13.0102215 13.0102215 13.0102215 13.0102215 13.0102215 13.0102215 13.0102215 13.0102215 13.0102215 13.0102215 13.0102215 13.0102215 13.010223 13.010223 13.010223 10.012068 11.995554 12.272524 12.840158 12.992649 12.992922 12.992922 13.010223 13.010223 13.010223 13.010223 13.010223 13.010223 13.010223 13.010223 13.010223 13.010223 13.010223 13.010223 13.010223 13.010223 13.010223 13.010223 13.010223
10.177465 11.510487 10.177465 11.510487 12.277071 10.012018 11.995506 10.012018 10.012018 11.995508 12.272478 12.840113 10.01202 11.99551 12.272478 10.01202 11.99551 10.01202 11.99551 12.27248 12.840115 12.9925995 12.992872 12.992872 13.010174 13.010174 13.010174 13.010174 13.010174 13.010174 13.010174 13.010174 13.010174 13.010174 13.010174 13.010174 13.010174 13.010174 10.012022 11.995512 12.272482 12.840115 12.992601 12.992872 12.992874 13.010176 13.010176 13.010176 13.010176 13.010176 13.010176 13.010176 13.010176 13.010176 13.010176 13.010176 13.010176 13.010176 13.010176 13.010176 13.010176
10.177423 11.510444 11.817815 12.668517 13.221361 13.261101 12.993383 13.010023 13.011034 13.010124 13.010124 13.010124 13.010124 13.010124 13.010124 13.010126 13.010126 13.010126 13.010126 13.010126 13.010126 13.010126 13.010126 13.010126 13.010126 13.010126 13.010126 13.010126 13.010126 13.010126 13.010126 13.010126 13.010126 13.010126 13.010126 13.010126 13.010126 13.010126 13.010126 13.010126 13.010126 13.010128 13.010128 13.010128 13.010128 13.010128 13.010128 10.011976 11.995468 12.272438 12.840071 10.011976 11.99547 10.011978 11.99547 12.272438 10.011978 11.99547 10.011978 11.99547 10.011978
10.177377 11.510398 11.817773 12.668475 13.221313 13.261053 12.993336 13.009975 13.010986 13.0100765 13.0100765 13.0100765 13.010078 13.010078 13.010078 13.010078 13.010078 13.010078 13.010078 13.010078 13.01008 13.01008 13.01008 13.01008 13.01008 13.01008 13.010082 13.010082 13.010082 13.010082 13.010082 13.010082 13.010082 13.010082 13.010082 13.010082 13.010082 13.010082 13.010082 13.010082 13.010082 13.010084 13.010084 13.010084 13.010084 13.010084 13.010084 13.010084 13.010084 13.010086 13.010086 13.010086 13.010086 13.010086 13.010086 13.010086 13.010086 13.010086 13.010086 13.010086 13.010086
10.177331 11.510353 11.81773 12.66843 13.22126 13.261002 12.993282 10.011885 11.995382 12.272348 12.839979 12.992453 12.992725 12.992725 13.010029 13.010029 13.010029 13.010029 13.010029 13.010029 13.010029 13.010031 13.010031 13.010031 13.010031 13.010031 13.010031 13.010031 13.010031 13.010031 13.010031 13.010031 13.010031 13.010031 13.010031 13.010031 13.010033 13.010033 13.010033 13.010033 13.010033 13.010033 13.010033 13.010033 13.010033 13.010033 13.010033 13.010033 13.010033 13.010033 13.010033 13.010033 13.010033 13.010033 13.010035 13.010035 13.010036 13.010036 13.010036 13.010036 13.010036
10.177287 11.510308 11.817687 12.668389 13.2212105 13.260956 12.993237 13.009878 13.010889 13.009981 13.009983 13.009983 13.009983 13.009983 13.009983 13.009985 13.009985 13.009985 13.009985 13.009985 13.009985 13.009985 13.009985 13.009985 13.009985 13.009985 13.009985 13.009985 13.009985 13.009985 13.009985 10.011845 11.995342 12.272306 12.839939 12.992409 12.9926815 12.9926815 13.009985 13.009987 13.009989 13.009989 13.009989 13.009989 13.009989 13.009989 13.009989 13.009989 13.009989 13.009989 13.009989 13.009989 13.009989 13.009989 13.009989 13.009989 13.009989 13.009989 13.009989 13.009989 13.009989
10.177244 11.510265 11.817648 12.66835 13.221163 13.26091 12.993189 13.009832 13.010839 13.009933 13.009933 13.009933 13.009933 13.009933 13.009933 13.009933 13.009933 13.009933 13.009933 13.009933 13.009933 13.009935 13.009935 13.009935 13.009935 13.009935 13.009935 13.009935 13.009935 13.009935 13.009935 13.009935 13.009935 13.009935 13.009935 13.009935 13.009937 13.009937 13.009937 13.009937 13.009937 13.009937 13.009937 13.009937 13.009937 13.009937 13.009937 13.009937 13.009937 13.009937 13.009937 13.009937 13.009937 13.009937 13.009937 13.009937 13.009937 13.009937 13.009939 13.009939 13.009939
10.177198 10.177198 11.51022 10.177198 12.005709 10.011749 11.995256 12.272217 12.839849 12.992308 12.992582 12.992582 13.009888 13.009888 13.009888 13.009888 13.009888 13.009888 13.009888 13.009888 13.009888 13.009888 13.009888 13.009888 13.009888 10.011751 11.995258 12.272219 12.839849 12.99231 12.992582 12.992584 13.00989 13.00989 13.00989 13.0098915 13.0098915 13.0098915 13.0098915 13.0098915 13.0098915 13.0098915 13.0098915 13.0098915 13.0098915 13.0098915 13.0098915 13.0098915 13.0098915 13.0098915 13.0098915 13.0098915 13.0098915 13.0098915 13.0098915 13.0098915 13.0098915 10.011757 11.995262 12.2722225 12.839855
10.177155 11.510174 11.817562 12.668266 13.22106 13.260813 12.99309 13.009735 13.010742 13.009836 13.009838 13.009838 13.009838 13.009838 13.009838 13.009838 13.009838 13.009838 13.009838 13.009838 13.009838 13.009838 13.00984 13.00984 13.00984 13.00984 13.00984 13.00984 13.00984 13.00984 13.00984 13.00984 13.00984 13.00984 13.00984 13.00984 13.009842 13.009842 13.009842 13.009842 13.009842 13.009842 13.009842 13.009842 13.009842 13.009842 13.009842 13.009844 13.009844 13.009844 13.009846 13.009846 13.009846 13.009846 13.009846 13.009846 10.011713 10.011713 11.99522 12.272181 12.839811
10.177106 10.177106 10.177106 10.177106 10.011662 10.011662 10.011662 10.011662 10.011662 10.011662 10.011662 10.011663 10.011663 10.011663 10.011663 10.011663 10.011663 10.011663 10.011663 10.011663 10.011663 10.011663 10.011663 10.011665 10.011665 10.011665 10.011665 10.011665 10.011665 10.011665 10.011665 10.011665 10.011665 10.011665 10.011665 10.011665 10.011665 10.011665 10.011665 11.995176 12.272135 12.839764 12.992216 12.992489 12.992489 13.009796 13.009796 13.009796 13.009796 13.009796 13.009796 13.009796 13.009796 13.009796 13.009796 13.009796 13.009796 13.009796 13.009796 13.009796 13.009798
10.177063 10.177063 11.510082 11.817478 13.106667 10.011616 11.995131 12.272087 10.011616 11.995131 12.272087 12.839718 12.992163 12.992435 12.992435 13.009743 13.009743 13.009745 13.009745 10.01162 11.995132 12.272089 12.83972 10.011621 11.995134 12.272091 12.83972 12.9921665 12.992439 12.992439 13.009747 13.009748 13.009748 13.009748 13.009748 10.011621 11.995134 12.272091 12.83972 12.992168 12.992439 12.992439 13.009748 13.009748 13.009748 13.009748 13.009748 13.009748 13.009748 13.009748 13.009748 13.009748 13.009748 13.009748 13.009748 13.009748 13.009748 13.00975 13.00975 13.00975 13.00975
10.177017 11.510036 11.817434 12.6681385 13.220911 13.26067 12.992947 13.009594 13.010601 13.009695 13.009697 13.009697 13.009697 13.009697 10.011574 11.9950905 12.272045 12.839674 12.992117 12.992388 12.99239 13.009697 13.009697 13.009697 13.009697 13.009697 13.009697 13.009697 13.009697 13.009697 13.009697 13.009697 13.009697 13.009699 13.009699 13.009699 13.009699 13.009699 13.009699 13.009699 13.009699 13.009699 13.009699 13.009699 13.009699 13.009699 13.009701 13.009701 13.009701 13.009701 13.009701 13.009701 13.009701 13.009701 13.009703 13.009703 13.009703 13.009703 13.009703 13.009703 13.009703
10.176973 11.509993 11.817392 12.668098 13.220861 13.260624 12.992899 13.009546 13.010555 13.009651 13.009651 13.009651 13.009651 13.009651 13.009651 13.009651 13.009651 13.009651 13.009651 13.009651 13.009651 13.009651 13.009651 13.009651 13.009651 13.009651 13.009651 13.009651 13.009651 13.009651 13.009651 13.009651 13.009651 13.009651 13.009651 13.009651 13.009651 13.009651 13.009651 13.009651 13.009651 13.009651 13.009651 13.009653 13.009653 13.009653 13.009653 13.009653 13.009653 13.009653 13.009653 13.009653 13.009655 13.009655 13.009655 13.009655 13.009655 13.009655 13.009655 13.009655 13.009655
10.176931 11.509951 11.817352 12.668058 13.22081 13.260578 12.992849 13.009499 13.010508 13.009602 13.009602 13.009602 13.009602 13.009602 13.009602 13.009602 13.009602 13.009602 13.009602 13.009602 13.009602 13.009602 10.011484 11.995007 12.271957 12.839586 12.99202 10.011486 11.995008 12.271959 12.839588 12.992022 12.992294 12.992294 13.0096035 13.0096035 13.0096035 13.0096035 13.0096035 13.0096035 13.0096035 13.0096035 13.0096035 13.0096035 13.0096035 13.009605 13.009605 13.009605 13.009605 13.009605 10.011488 11.99501 12.271961 12.839588 12.992023 12.992296 12.992296 13.009605 13.009605 13.009605 13.009605
10.176886 11.509905 11.81731 12.668018 13.220764 13.26053 12.992802 13.009453 13.010458 13.009554 13.009554 13.009554 13.009556 13.009556 13.009556 13.009556 13.009556 13.009556 10.01144 10.01144 11.994965 12.271915 12.839542 10.01144 11.994965 10.01144 11.9949665 10.011442 11.9949665 12.271915 10.011442 10.011442 10.011442 11.9949665 10.011442 10.011442 11.9949665 12.271915 10.011442 10.011442 11.9949665 10.011442 10.011442 11.9949665 10.011442 11.9949665 12.271917 10.011442 11.9949665 12.271917 10.011442 11.9949665 10.011442 10.011442 11.9949665 10.011442 11.9949665 10.011442 10.011442 11.9949665 10.011442
