Export/ASCII/RMeteo_SP_inch/speranza1/RMeteo_2015_SP4_inch.asc
ncols         660
nrows         338
xllcorner     1476100.0
yllcorner     5017100.0
cellsize      100
NODATA_value  -9.9e-20
[rows 312 to 337 of 338, columns 59 to 117 of 660]
1.8703656 1.8703656 1.8703656 1.8703661 1.8703661 1.8703661 1.8703666 1.8703666 1.8703666 1.8703666 1.8703666 1.8703666 1.8703666 1.8703666 1.8703666 1.8703666 1.8703666 1.8703666 1.8703666 1.8703666 1.870367 1.870367 1.8703675 1.8221636 1.8221636 1.8221636 1.8221636 1.8221636 1.8221636 1.8221636 1.8221636 1.8221636 1.822164 1.822164 1.822164 1.822164 1.822164 1.822164 1.822164 1.822164 1.822164 1.822164 1.8221645 1.8221645 1.822165 1.822165 1.822166 1.822166 1.822166 1.822166 1.822166 1.822166 1.822166 1.822166 1.822166 1.822166 1.822166 1.822166 1.822166
1.8703284 1.8703284 1.8703284 1.8703299 1.8703303 1.8703303 1.8703308 1.8703308 1.8703308 1.8703308 1.8703313 1.8703313 1.8703313 1.8703313 1.8703313 1.8703313 1.8703313 1.8703313 1.8703313 1.8703313 1.8703313 1.8703313 1.8703313 1.8221297 1.8221297 1.8221297 1.8221297 1.8221297 1.8221297 1.8221297 1.8221302 1.8221302 1.8221302 1.8221302 1.8221302 1.8221302 1.8221302 1.8221302 1.8221307 1.8221307 1.8221312 1.8221312 1.8221312 1.8221312 1.8221316 1.8221316 1.8221316 1.8221316 1.8221316 1.8221316 1.8221316 1.8221316 1.8221321 1.8221321 1.8221321 1.8221321 1.8221321 1.8221321 1.8221321
1.8702927 1.8702927 1.8702927 1.8702931 1.8702931 1.8702931 1.8702931 1.8702941 1.8702941 1.8702946 1.8702946 1.8702946 1.870295 1.870295 1.870295 1.870295 1.870295 1.8702955 1.870296 1.870296 1.870296 1.870296 1.870296 1.8220954 1.8220954 1.8220954 1.8220954 1.8220954 1.8220954 1.8220954 1.8220959 1.8220959 1.8220959 1.8220959 1.8220959 1.8220959 1.8220963 1.8220963 1.8220963 1.8220963 1.8220963 1.8220963 1.8220968 1.8220968 1.8220968 1.8220973 1.8220973 1.8220973 1.8220973 1.8220973 1.8220973 1.8220973 1.8220973 1.8220973 1.8220978 1.8220978 1.8220983 1.8220983 1.8220983
1.8702574 1.8702579 1.8702579 1.8702583 1.8702593 1.8702593 1.8702598 1.8702602 1.8702602 1.8702602 1.8702602 1.8702602 1.8702602 1.8702602 1.8702602 1.8702612 1.8702612 1.8702612 1.8702612 1.8702612 1.8702612 1.8702612 1.8702612 1.8220601 1.8220601 1.8220601 1.8220601 1.8220601 1.8220601 1.8220606 1.8220606 1.8220606 1.8220606 1.8220606 1.8220611 1.8220611 1.8220611 1.8220611 1.8220611 1.8220611 1.8220611 1.8220615 1.8220615 1.8220615 1.8220615 1.8220615 1.8220615 1.822062 1.822062 1.8220625 1.8220625 1.822063 1.822063 1.822063 1.822063 1.822063 1.822063 1.822063 1.8220634
1.8702226 1.8702226 1.8702226 1.8702226 1.8702226 1.8702226 1.8702226 1.8702226 1.8702226 1.8702226 1.870223 1.870223 1.870223 1.870223 1.870223 1.870223 1.870223 1.8702235 1.8702235 1.8702235 1.8702235 1.8702235 1.8702235 1.8220248 1.8220248 1.8220248 1.8220248 1.8220253 1.8220253 1.8220253 1.8220253 1.8220253 1.8220253 1.8220253 1.8220253 1.8220253 1.8220253 1.8220253 1.8220253 1.8220253 1.8220253 1.8220258 1.8220258 1.8220258 1.8220258 1.8220258 1.8220258 1.8220263 1.8220263 1.8220263 1.8220263 1.8220267 1.8220267 1.8220267 1.8220267 1.8220267 1.8220267 1.8220267 1.8220272
1.8701873 1.8701873 1.8701873 1.8701878 1.8701878 1.8701878 1.8701878 1.8701882 1.8701882 1.8701887 1.8701887 1.8701887 1.8701887 1.8701887 1.8701887 1.8701887 1.8701887 1.8701887 1.8701887 1.8701887 1.8701887 1.8701887 1.8701887 1.8219895 1.8219895 1.82199 1.82199 1.8219905 1.8219905 1.8219905 1.8219905 1.8219905 1.8219905 1.8219905 1.8219905 1.8219905 1.8219905 1.8219905 1.8219905 1.8219905 1.8219905 1.8219905 1.8219905 1.8219905 1.8219905 1.8219905 1.8219905 1.8219905 1.8219905 1.8219905 1.8219905 1.8219905 1.8219905 1.8219905 1.8219905 1.821991 1.821991 1.821991 1.821991
1.8701501 1.8701501 1.8701506 1.8701506 1.8701506 1.8701506 1.8701506 1.870151 1.870151 1.870151 1.870152 1.870152 1.8701525 1.870153 1.870153 1.8701534 1.8701534 1.8701534 1.8701539 1.8701539 1.8701539 1.8701539 1.8701539 1.8219552 1.8219552 1.8219552 1.8219552 1.8219552 1.8219552 1.8219552 1.8219552 1.8219552 1.8219552 1.8219552 1.8219552 1.8219552 1.8219557 1.8219557 1.8219557 1.8219557 1.8219557 1.8219562 1.8219562 1.8219562 1.8219562 1.8219562 1.8219562 1.8219566 1.8219566 1.8219566 1.8219566 1.8219566 1.8219566 1.8219566 1.8219566 1.8219566 1.8219566 1.8219566 1.8219566
1.8701162 1.8701167 1.8701167 1.8701167 1.8701172 1.8701172 1.8701172 1.8701172 1.8701172 1.8701177 1.8701181 1.8701181 1.8701181 1.8701181 1.8701181 1.8701186 1.8701186 1.8701186 1.8701186 1.8701186 1.8701186 1.8701186 1.8701186 1.8219204 1.8219204 1.8219204 1.8219204 1.8219204 1.8219204 1.8219204 1.8219204 1.8219204 1.8219204 1.8219204 1.8219204 1.8219204 1.8219209 1.8219213 1.8219213 1.8219213 1.8219213 1.8219218 1.8219218 1.8219223 1.8219223 1.8219223 1.8219223 1.8219223 1.8219223 1.8219223 1.8219223 1.8219223 1.8219223 1.8219223 1.8219223 1.8219233 1.8219233 1.8219237 1.8219237
1.8700795 1.8700795 1.87008 1.87008 1.87008 1.87008 1.87008 1.8700805 1.8700805 1.8700805 1.870081 1.870081 1.870081 1.8700814 1.8700814 1.8700814 1.8700819 1.8700819 1.8700819 1.8700819 1.8700819 1.8700819 1.8700819 1.8218846 1.8218846 1.8218846 1.8218851 1.8218851 1.8218851 1.8218851 1.8218851 1.8218851 1.8218851 1.8218851 1.8218851 1.8218851 1.8218851 1.8218851 1.8218851 1.8218856 1.8218856 1.8218856 1.8218856 1.8218861 1.8218861 1.8218861 1.8218861 1.8218861 1.8218861 1.8218865 1.8218865 1.8218865 1.8218865 1.8218865 1.8218865 1.8218865 1.8218865 1.8218865 1.8218865
1.8700442 1.8700447 1.8700447 1.8700447 1.8700452 1.8700452 1.8700452 1.8700452 1.8700457 1.8700457 1.8700457 1.8700457 1.8700457 1.8700466 1.8700466 1.8700471 1.8700471 1.8700471 1.8700471 1.8700471 1.8700471 1.8700476 1.8700476 1.8218513 1.8218513 1.8218513 1.8218517 1.8218517 1.8218517 1.8218517 1.8218517 1.8218517 1.8218517 1.8218517 1.8218517 1.8218517 1.8218517 1.8218517 1.8218517 1.8218522 1.8218522 1.8218527 1.8218527 1.8218532 1.8218532 1.8218532 1.8218532 1.8218532 1.8218532 1.8218532 1.8218532 1.8218532 1.8218532 1.8218532 1.8218532 1.8218532 1.8218532 1.8218536 1.8218536
1.8700085 1.8700094 1.8700094 1.8700094 1.8700094 1.8700094 1.8700094 1.8700094 1.8700094 1.8700094 1.8700094 1.8700099 1.8700099 1.8700099 1.8700099 1.8700099 1.8700099 1.8700099 1.8700104 1.8700104 1.8700104 1.8700109 1.8700109 1.821815 1.821815 1.821815 1.821815 1.821815 1.8218155 1.8218155 1.821816 1.821816 1.8218164 1.8218169 1.8218169 1.8218174 1.8218174 1.8218174 1.8218174 1.8218174 1.8218174 1.8218174 1.8218174 1.8218174 1.8218174 1.8218174 1.8218174 1.8218174 1.8218174 1.8218174 1.8218174 1.8218174 1.8218174 1.8218174 1.8218174 1.8218174 1.8218174 1.8218174 1.8218174
1.8699727 1.8699732 1.8699737 1.8699737 1.8699741 1.8699741 1.8699741 1.8699741 1.8699741 1.8699741 1.8699741 1.8699741 1.8699741 1.8699741 1.8699741 1.8699741 1.8699746 1.8699746 1.8699746 1.8699746 1.8699746 1.8699756 1.8699756 1.8217802 1.8217802 1.8217802 1.8217802 1.8217802 1.8217802 1.8217802 1.8217802 1.8217802 1.8217807 1.8217807 1.8217807 1.8217807 1.8217807 1.8217812 1.8217812 1.8217812 1.8217812 1.8217812 1.8217812 1.8217812 1.8217812 1.8217812 1.8217812 1.8217812 1.8217812 1.8217816 1.8217816 1.8217816 1.8217816 1.8217816 1.8217816 1.8217816 1.8217816 1.8217816 1.8217816
1.8699379 1.8699379 1.8699379 1.8699379 1.8699379 1.8699384 1.8699384 1.8699384 1.8699384 1.8699384 1.8699389 1.8699389 1.8699389 1.8699389 1.8699389 1.8699393 1.8699393 1.8699393 1.8699398 1.8699403 1.8699403 1.8699403 1.8699403 1.8217454 1.8217463 1.8217463 1.8217463 1.8217463 1.8217463 1.8217463 1.8217463 1.8217463 1.8217463 1.8217468 1.8217468 1.8217468 1.8217468 1.8217468 1.8217468 1.8217473 1.8217473 1.8217473 1.8217473 1.8217473 1.8217473 1.8217473 1.8217473 1.8217473 1.8217473 1.8217473 1.8217473 1.8217478 1.8217478 1.8217478 1.8217478 1.8217478 1.8217478 1.8217483 1.8217483
1.8699026 1.8699026 1.8699031 1.8699031 1.8699031 1.8699031 1.8699031 1.8699031 1.8699036 1.8699036 1.8699045 1.8699045 1.8699045 1.8699045 1.8699045 1.8699045 1.8699045 1.8699045 1.8699045 1.8699045 1.8699045 1.869905 1.869905 1.8217106 1.8217106 1.8217106 1.8217106 1.8217106 1.8217106 1.8217106 1.8217111 1.8217115 1.8217115 1.8217115 1.8217115 1.8217115 1.8217115 1.8217115 1.8217115 1.8217115 1.8217115 1.8217115 1.8217115 1.8217115 1.8217115 1.8217125 1.8217125 1.821713 1.821713 1.821713 1.821713 1.821713 1.821713 1.8217134 1.8217134 1.8217134 1.8217134 1.8217134 1.8217134
1.8698668 1.8698668 1.8698668 1.8698668 1.8698668 1.8698673 1.8698673 1.8698678 1.8698678 1.8698678 1.8698678 1.8698678 1.8698678 1.8698678 1.8698683 1.8698683 1.8698688 1.8698688 1.8698692 1.8698692 1.8698692 1.8698697 1.8698697 1.8216753 1.8216753 1.8216753 1.8216758 1.8216758 1.8216758 1.8216758 1.8216758 1.8216763 1.8216763 1.8216767 1.8216767 1.8216767 1.8216767 1.8216767 1.8216767 1.8216772 1.8216772 1.8216772 1.8216772 1.8216777 1.8216777 1.8216777 1.8216777 1.8216777 1.8216777 1.8216782 1.8216782 1.8216782 1.8216782 1.8216782 1.8216782 1.8216782 1.8216782 1.8216782 1.8216782
1.8698316 1.8698316 1.8698316 1.8698316 1.8698316 1.869832 1.869832 1.869832 1.869832 1.869832 1.869832 1.8698325 1.8698325 1.8698325 1.8698325 1.8698325 1.8698325 1.8698325 1.8698325 1.8698325 1.8698325 1.869833 1.869833 1.82164 1.82164 1.82164 1.8216405 1.8216405 1.8216405 1.8216405 1.8216405 1.8216405 1.8216405 1.821641 1.821641 1.821641 1.821641 1.821641 1.821641 1.821641 1.821641 1.8216419 1.8216419 1.8216419 1.8216424 1.8216424 1.8216424 1.8216424 1.8216424 1.8216424 1.8216424 1.8216424 1.8216424 1.8216429 1.8216429 1.8216429 1.8216429 1.8216429 1.8216429
1.8697953 1.8697953 1.8697953 1.8697953 1.8697953 1.8697953 1.8697953 1.8697953 1.8697953 1.8697953 1.8697958 1.8697958 1.8697958 1.8697963 1.8697963 1.8697963 1.8697963 1.8697963 1.8697963 1.8697963 1.8697963 1.8697963 1.8697963 1.8216066 1.8216066 1.8216066 1.8216066 1.8216066 1.8216066 1.8216066 1.8216066 1.8216066 1.8216066 1.8216066 1.8216066 1.8216066 1.8216066 1.8216066 1.8216066 1.8216066 1.8216066 1.8216066 1.8216071 1.8216071 1.8216071 1.8216071 1.8216076 1.8216076 1.8216076 1.8216076 1.8216076 1.8216076 1.8216076 1.8216076 1.8216076 1.8216076 1.8216076 1.8216076 1.8216076
1.8697605 1.8697605 1.869761 1.8697615 1.8697615 1.869762 1.869762 1.869762 1.869762 1.869762 1.869762 1.869762 1.869762 1.869762 1.869762 1.869762 1.869762 1.8697624 1.8697624 1.8697624 1.8697624 1.8697624 1.8697624 1.8215714 1.8215714 1.8215714 1.8215714 1.8215714 1.8215714 1.8215714 1.8215714 1.8215714 1.8215714 1.8215714 1.8215714 1.8215714 1.8215714 1.8215714 1.8215714 1.8215714 1.8215714 1.8215714 1.8215714 1.8215714 1.8215718 1.8215718 1.8215718 1.8215718 1.8215718 1.8215718 1.8215718 1.8215718 1.8215718 1.8215718 1.8215723 1.8215723 1.8215723 1.8215723 1.8215723
1.8697238 1.8697238 1.8697238 1.8697238 1.8697238 1.8697243 1.8697243 1.8697243 1.8697243 1.8697248 1.8697248 1.8697257 1.8697257 1.8697257 1.8697262 1.8697262 1.8697267 1.8697267 1.8697267 1.8697267 1.8697267 1.8697271 1.8697271 1.8215356 1.8215356 1.8215356 1.821537 1.821537 1.821537 1.821537 1.821537 1.821537 1.821537 1.821537 1.821537 1.821537 1.821537 1.8215375 1.8215375 1.8215375 1.8215375 1.8215375 1.8215375 1.8215375 1.8215375 1.8215375 1.8215375 1.8215375 1.8215375 1.8215375 1.8215375 1.8215375 1.8215375 1.8215375 1.8215375 1.8215375 1.8215375 1.821538 1.821538
1.8696904 1.8696904 1.8696904 1.8696904 1.8696904 1.8696904 1.8696909 1.8696909 1.8696909 1.8696909 1.8696909 1.8696909 1.8696909 1.8696909 1.8696909 1.8696909 1.8696909 1.8696909 1.8696909 1.8696914 1.8696914 1.8696914 1.8696914 1.8215008 1.8215013 1.8215013 1.8215013 1.8215013 1.8215013 1.8215017 1.8215017 1.8215022 1.8215022 1.8215022 1.8215022 1.8215022 1.8215022 1.8215022 1.8215022 1.8215022 1.8215032 1.8215032 1.8215032 1.8215032 1.8215032 1.8215032 1.8215032 1.8215032 1.8215036 1.8215036 1.8215041 1.8215041 1.8215041 1.8215041 1.8215041 1.8215041 1.8215046 1.8215046 1.8215046
1.8696537 1.8696537 1.8696537 1.8696542 1.8696542 1.8696542 1.8696542 1.8696542 1.8696547 1.8696551 1.8696551 1.8696551 1.8696551 1.8696551 1.8696551 1.8696551 1.8696551 1.8696551 1.8696551 1.8696551 1.8696551 1.8696551 1.8696556 1.821466 1.821466 1.821466 1.8214664 1.8214664 1.8214664 1.8214664 1.8214664 1.8214664 1.8214664 1.8214664 1.8214664 1.8214669 1.8214669 1.8214669 1.8214669 1.8214669 1.8214669 1.8214669 1.8214669 1.8214669 1.8214669 1.8214669 1.8214669 1.8214669 1.8214669 1.8214669 1.8214679 1.8214679 1.8214684 1.8214684 1.8214684 1.8214684 1.8214684 1.8214684 1.8214684
1.8696175 1.8696175 1.8696179 1.8696184 1.8696184 1.8696189 1.8696189 1.8696189 1.8696194 1.8696194 1.8696194 1.8696194 1.8696194 1.8696194 1.8696194 1.8696194 1.8696198 1.8696198 1.8696198 1.8696198 1.8696198 1.8696198 1.8696198 1.8214307 1.8214312 1.8214312 1.8214321 1.8214321 1.8214321 1.8214321 1.8214321 1.8214321 1.8214321 1.8214331 1.8214331 1.8214331 1.8214335 1.8214335 1.8214335 1.8214335 1.821434 1.821434 1.8214345 1.8214345 1.8214345 1.8214345 1.8214345 1.8214345 1.8214345 1.8214345 1.8214345 1.8214345 1.8214345 1.8214345 1.8214345 1.8214345 1.8214345 1.8214345 1.8214345
1.8695822 1.8695822 1.8695822 1.8695822 1.8695822 1.8695827 1.8695831 1.8695831 1.8695831 1.8695831 1.8695831 1.8695831 1.8695836 1.8695836 1.8695836 1.8695836 1.8695836 1.8695846 1.8695846 1.8695846 1.8695846 1.8695846 1.8695846 1.8213954 1.8213954 1.8213954 1.8213954 1.8213954 1.8213954 1.8213959 1.8213959 1.8213964 1.8213964 1.8213964 1.8213964 1.8213964 1.8213964 1.8213964 1.8213968 1.8213968 1.8213968 1.8213968 1.8213973 1.8213973 1.8213978 1.8213978 1.8213978 1.8213978 1.8213978 1.8213978 1.8213978 1.8213978 1.8213978 1.8213978 1.8213978 1.8213978 1.8213983 1.8213983 1.8213983
1.8695474 1.8695474 1.8695474 1.8695474 1.8695474 1.8695474 1.8695474 1.8695474 1.8695478 1.8695483 1.8695483 1.8695488 1.8695488 1.8695488 1.8695488 1.8695498 1.8695498 1.8695498 1.8695498 1.8695502 1.8695502 1.8695502 1.8695502 1.821363 1.821363 1.821363 1.821363 1.821363 1.821363 1.821363 1.821363 1.821363 1.821363 1.8213634 1.8213634 1.8213634 1.8213634 1.8213634 1.8213634 1.8213634 1.8213634 1.8213634 1.8213634 1.8213634 1.8213639 1.8213639 1.8213639 1.8213639 1.8213639 1.8213639 1.8213639 1.8213639 1.8213639 1.8213639 1.8213639 1.8213639 1.8213644 1.8213644 1.8213644
1.8695107 1.8695107 1.8695107 1.8695111 1.8695116 1.8695116 1.8695116 1.8695116 1.8695116 1.8695121 1.8695121 1.8695121 1.8695121 1.8695121 1.8695126 1.8695126 1.8695126 1.8695126 1.8695126 1.8695126 1.869513 1.869513 1.869513 1.8213277 1.8213282 1.8213286 1.8213286 1.8213286 1.8213286 1.8213286 1.8213286 1.8213286 1.8213291 1.8213291 1.8213291 1.8213291 1.8213291 1.8213291 1.8213291 1.8213291 1.8213291 1.8213291 1.8213291 1.8213291 1.8213291 1.8213291 1.8213291 1.8213291 1.8213291 1.8213291 1.8213291 1.8213291 1.8213291 1.8213291 1.8213291 1.8213291 1.8213296 1.8213296 1.8213296
1.8694763 1.8694763 1.8694763 1.8694763 1.8694763 1.8694763 1.8694763 1.8694763 1.8694763 1.8694763 1.8694763 1.8694763 1.8694763 1.8694763 1.8694768 1.8694768 1.8694768 1.8694768 1.8694768 1.8694768 1.8694773 1.8694773 1.8694773 1.821291 1.821291 1.821291 1.821291 1.8212914 1.8212914 1.8212914 1.8212914 1.8212914 1.8212914 1.8212914 1.8212919 1.8212919 1.8212919 1.8212919 1.8212919 1.8212919 1.8212919 1.8212919 1.8212919 1.8212919 1.8212919 1.8212919 1.8212924 1.8212924 1.8212924 1.8212924 1.8212934 1.8212934 1.8212938 1.8212938 1.8212938 1.8212938 1.8212943 1.8212943 1.8212943
