Export/ASCII/RMeteo_SP_inch/speranza1/RMeteo_2018_SP4_inch.asc
ncols         660
nrows         338
xllcorner     1476100.0
yllcorner     5017100.0
cellsize      100
NODATA_value  -9.9e-20
[rows 216 to 242 of 338, columns 488 to 548 of 660]
4.8483524 4.8483524 4.717147 7.2114797 6.8734317 7.2114797 7.2114797 7.2114797 7.2114797 7.2114787 7.2114787 7.2114787 7.211478 7.211478 7.211478 7.2114773 7.2114773 7.2114773 7.2114773 7.2114773 7.2114773 7.2114773 7.2114773 7.2114773 4.764648 4.764647 7.2114773 7.2114773 7.2114773 7.2114773 7.2114773 7.2114773 7.2114773 7.2114754 7.2114744 7.2114744 7.2114744 3.1436749 2.100395 3.1436744 4.764646 4.764646 4.764645 4.764645 3.420417 3.4884517 3.420417 3.4884515 4.8331046 4.764644 3.143673 2.1003935 4.848344 4.848344 5.6813173 4.9168043 3.4884496 5.2716913 3.488449 3.4204144 3.488449
4.848318 5.6812925 5.11549 6.8734 6.8734 6.8734 6.8734 6.8733993 6.873399 7.211446 7.211446 7.211446 7.211445 7.211445 7.2114444 7.2114444 7.2114444 7.2114444 7.2114444 7.2114444 7.2114444 7.2114444 7.2114444 7.2114444 7.2114444 7.2114444 7.211444 7.211444 4.7646146 4.7646146 7.211444 4.7646136 4.764613 4.764613 4.764613 7.211443 7.211443 3.1436415 2.1003597 3.1436415 3.1436415 7.989069 4.7646117 3.4203813 3.4884155 3.488415 3.4884148 3.420381 4.8330703 7.989068 3.9386106 4.8483086 5.681283 5.681283 5.801093 5.681283 4.916767 2.4845703 2.1641085 2.1641085 3.488412
5.5300007 5.8010654 5.2119274 4.7170763 4.7645845 4.7645845 4.7645845 7.344381 6.873367 7.211415 7.211415 7.211415 7.211414 7.211413 7.211413 4.7645836 4.7645836 7.211413 7.211413 7.2114124 7.2114124 7.2114124 7.2114124 7.2114124 7.2114124 7.2114124 7.2114124 4.7645817 5.469302 5.469302 5.469302 4.76458 3.4203463 4.76458 4.76458 7.211412 7.211412 3.143609 3.143609 3.1436086 3.1436086 3.1436086 3.1436086 3.4883785 3.4203458 3.5497332 3.4883785 3.4883785 4.764578 3.4203448 3.7121434 5.6812496 5.801058 5.801058 4.848274 5.801057 5.6812496 4.848274 4.8482733 4.8482733 4.91673
4.8482475 4.8482475 5.681224 5.1154175 4.764551 4.764551 5.469272 5.469272 6.8733354 6.8733344 6.8733344 6.873334 6.873334 6.873334 4.7645497 4.7645497 4.7645497 7.2113814 7.211381 7.2113805 7.2113805 7.2113805 7.2113805 7.2113795 7.2113795 7.2113795 7.2113795 7.2113795 5.4692693 5.4692693 5.469269 5.469268 4.764547 4.764547 7.2113776 7.2113776 7.2113776 3.1435766 3.1435761 3.143576 2.100288 2.100288 2.1002877 2.1640382 2.1640382 4.7645454 4.833003 4.833003 3.4203084 3.4883401 3.48834 5.8010206 5.822217 5.822217 5.6812153 5.822217 5.8010206 5.6812143 4.848237 5.6812143 6.0152864
4.8482122 5.6811895 5.809887 5.211854 7.2113514 4.764517 5.469238 5.4692388 6.8733034 6.8733034 6.8733034 6.8733034 6.8733034 6.8733034 6.8733025 4.764517 4.764517 7.21135 7.21135 7.21135 7.211349 7.211349 7.211349 7.2113485 7.2113485 7.2113485 7.2113485 7.2113485 7.2113485 7.211348 7.211348 7.211348 5.4692354 4.764514 7.211348 7.211348 7.2113476 7.211347 3.1435435 3.1435435 3.1435425 2.100252 2.1002517 2.1002514 3.143542 4.764512 4.764511 4.764511 3.488303 3.4883025 3.4202712 2.1002507 5.8637896 4.8482046 5.8009844 5.8637886 5.82218 5.8009834 5.681181 4.8482037 6.1548223
4.848178 5.800956 5.8739147 4.848178 7.21132 7.21132 4.764484 4.764484 7.211319 6.873272 7.211319 7.211319 6.873271 6.873271 6.873271 6.873271 6.873271 7.211319 5.469204 5.469204 4.764483 7.211316 7.211316 7.211316 7.211316 7.211315 7.211315 7.211315 7.211315 7.211315 7.2113147 5.469202 3.9384685 3.9384685 2.1002176 4.848172 7.2113137 3.9384682 2.1002173 2.1002173 2.100217 2.1002162 5.203097 3.1435094 3.143509 4.7644777 3.4202359 3.4202354 3.4882653 3.488265 4.006921 4.8481703 5.8637524 5.6811485 5.8221445 5.8637514 5.8637514 5.8221436 5.800948 5.6811466 6.1883636
5.681122 5.822115 6.369686 4.8481417 4.8481417 7.2112865 7.2112865 7.2112865 7.2112865 6.8732405 7.2112865 7.2112865 7.2112865 7.2112865 7.2112856 7.2112856 7.2112856 7.2112856 5.4691715 5.4691715 4.7644486 7.2112846 7.2112846 7.2112846 7.2112846 7.2112837 7.2112837 7.2112837 7.2112837 4.84814 4.84814 3.9384336 4.2700634 4.2700634 2.1001825 5.681116 3.9384327 4.270062 2.100182 2.1001818 2.1001813 2.100181 2.48439 4.764446 4.764446 3.4201994 3.4882283 3.4201994 5.2715254 3.4882278 3.7119937 2.4666433 2.542136 4.848134 5.8637133 5.8637133 5.8637133 5.8637133 5.8221054 6.13501 5.2030687
5.8008842 5.8636856 5.9417553 5.6810865 5.6810865 7.211255 7.211255 7.211255 7.211255 6.873207 7.211255 7.211255 7.211255 7.211255 7.211255 7.211255 7.211255 7.211254 5.4691367 7.211254 7.211254 7.211254 7.211254 7.211254 7.211254 7.211253 7.211253 7.211253 7.211253 5.6810856 5.6810846 2.3137927 2.3137927 2.3137925 2.100146 5.8008785 5.219496 4.2700243 3.938396 2.1001456 2.1001453 3.1434438 7.2112494 4.7644124 3.4201639 3.4881918 3.4881918 3.4881918 5.203041 2.1638918 2.1001446 2.1001441 3.9383936 4.762466 5.863677 4.8480997 4.8480997 5.863676 5.863676 5.203041 5.683486
4.906455 4.937807 5.9322157 5.800847 5.800847 4.848073 4.848073 4.848073 4.848073 7.2112226 7.2112226 7.2112226 7.2112226 7.2112226 7.2112226 7.2112217 7.2112217 7.2112217 7.2112217 7.2112217 7.2112217 7.2112217 7.2112217 7.2112217 7.2112217 7.2112217 7.2112207 7.21122 4.8480673 5.8008423 5.8008423 2.1001112 2.100111 4.8480673 4.8480673 5.822036 5.6810484 4.269987 3.9383602 3.93836 3.9383597 0.0 7.211218 4.8480673 4.916519 3.4881551 3.4881551 4.9165173 5.6834564 2.1001086 2.1001084 2.100108 4.2699842 4.2796144 5.863639 5.6810446 5.6810446 5.863639 5.863638 6.0151615 4.8480625
4.3065176 4.3065176 6.102516 5.8220034 5.8220034 5.681019 5.681019 4.848037 5.681019 4.848037 7.21119 7.21119 7.21119 7.21119 7.21119 7.21119 7.2111897 7.2111897 7.2111897 7.2111893 7.2111893 7.2111893 7.2111893 7.2111893 7.2111893 7.2111893 7.2111893 7.2111893 4.848033 5.8219995 3.938325 3.9383247 2.1000752 2.466536 5.681014 4.848032 5.800805 3.9383242 4.26995 3.938324 0.0 5.7332563 4.848032 5.681014 5.681014 4.916484 4.916483 5.681013 5.811077 2.1000721 3.3319845 3.3319843 4.269947 3.9383216 4.84803 5.800802 5.800802 5.8636017 4.848028 5.202986 5.6810093
4.2699175 3.9382925 5.2029657 5.863571 4.8480005 5.8007717 4.8480005 5.6809826 4.8480005 5.6809826 4.8480005 7.2111597 5.469039 5.469039 7.211159 7.211158 7.211158 7.9888153 7.211158 7.211158 7.211158 7.211158 7.211158 7.211158 7.9888153 7.211158 7.211157 4.8479977 5.6809797 5.8635664 4.2699146 4.2699137 2.1000397 2.1000397 3.420056 4.0527544 4.8479977 3.9382882 4.2699127 4.9059153 5.7332115 3.7205133 5.680979 4.8479958 5.800767 5.680978 5.680978 5.800766 5.8253555 4.847995 5.4502373 5.4502373 5.2193813 5.2193804 4.847994 5.8219585 5.8219585 5.8635635 5.202959 5.6833906 5.800765
5.574324 5.574324 6.0150933 5.863535 5.68095 5.82193 5.68095 5.8007374 5.68095 5.8007355 4.847966 7.2111263 5.469006 5.4690056 7.2111254 7.2111254 7.2111254 7.2111254 7.2111254 7.2111254 7.2111254 7.2111254 7.2111254 7.2111254 7.988786 7.2111254 4.8479643 4.7623153 4.8725715 5.863529 4.269876 5.219348 5.2029333 3.4200206 3.4880447 3.494339 7.988784 0.0 5.0999246 4.764281 3.7204845 4.403695 5.8007307 5.6809444 5.8219233 5.8007307 5.8007307 5.8219233 5.8977795 5.6809444 4.0647097 5.693884 5.6809416 5.6809416 5.6809416 5.8635244 6.197669 6.197669 4.175245 5.810996 6.156064
2.9441404 4.847931 4.847931 5.863495 5.800699 5.863495 5.800699 5.821891 5.8006973 5.82189 5.680914 4.84793 7.211094 7.211094 7.211094 7.211094 4.847929 4.847929 4.847929 4.847929 7.211094 7.211094 7.2110934 7.2110934 9.641664 4.847929 5.680913 4.2794695 4.2982435 2.5419128 2.3136125 5.68091 6.015065 3.4880068 4.8326964 4.8326964 7.988757 7.2110906 4.7642474 4.7642474 5.581444 5.581444 5.821886 5.8006935 5.863489 5.821886 5.821886 5.863489 5.863489 5.8006935 4.922982 2.5170205 2.5170202 5.8006926 5.8006926 5.863488 6.217014 6.217014 4.847924 5.825281 5.8852797
3.027462 3.4199526 4.052647 4.191146 4.1850185 3.4199526 5.6803036 4.191145 4.1676283 3.4199522 4.8478956 4.8478956 4.8478956 7.2110615 4.8478956 4.8478956 5.6808805 5.6808805 5.6808805 5.6808796 4.8478947 4.8478947 7.2110615 7.2110605 7.2110605 4.8478937 4.87249 4.269801 3.9381807 2.099933 2.0999327 4.8478928 6.1672144 7.9887295 4.7642145 5.468936 7.2110605 7.2110605 3.4199462 3.4199462 5.680875 4.84789 5.863451 5.821848 4.84789 5.863451 4.847889 5.863451 4.847889 4.906252 3.9381776 2.09993 2.09993 2.5299337 5.821847 5.86345 5.202877 6.229212 5.680874 5.8977013 4.847888
3.1818326 1.5718794 3.4942315 3.5063689 3.5063684 3.419916 3.7946627 3.5063684 3.5063682 3.487937 5.680846 5.680846 5.680846 4.8478594 5.6808453 5.6808453 5.800625 5.800625 5.800625 5.800625 5.6808453 5.6808453 4.8478584 7.211031 7.21103 5.6808443 5.2556667 5.574235 5.574234 2.099898 2.0998974 2.4663522 2.572634 3.1432142 5.468902 5.468902 7.211027 4.8478565 4.9163027 4.9163027 5.800621 5.6808414 5.863415 5.863415 5.6808414 5.863415 5.6808414 5.863415 5.6808414 4.3063087 4.26976 2.0998936 2.0998933 2.099893 5.863414 5.863412 6.015011 5.9004974 5.800618 5.863411 5.6808376
2.4128902 7.4398546 4.8325987 3.4879003 3.4879003 3.4879003 3.4890041 3.4879003 3.4879003 3.4878998 5.8005886 5.8005886 4.8724117 5.680812 5.8005867 5.8005867 5.8217783 5.8217764 5.8217764 5.8217764 5.8005857 4.137943 6.01499 7.2109966 7.2109966 8.769716 5.680809 2.4840612 2.484061 2.0998614 2.0998614 2.0998614 2.0998614 3.1431818 7.2109957 7.2109957 4.847821 5.680807 5.680807 5.680806 5.8217735 5.800583 5.8633757 5.8633757 4.8478203 5.8633757 5.800582 5.8633757 5.800582 5.2191973 2.3135 2.099858 2.099858 2.0998578 4.8478184 5.8633747 5.8353987 5.910097 5.8217726 4.363576 5.800581
8.859525 7.2109675 4.7641196 4.832564 3.4878633 3.4878633 3.4878628 3.4878628 3.4878628 3.4878628 4.8477907 5.821744 4.8477907 5.8005533 2.5298269 2.5298269 6.1975327 6.1975327 5.863344 5.863344 4.1675053 3.5062912 3.4198403 4.847789 7.9886456 7.9886456 9.547353 2.0998263 2.0998263 2.099826 2.0998259 2.0998254 2.099825 3.1431484 7.2109632 4.847786 5.6807737 5.8005486 4.847786 5.8005486 8.8984375 5.821739 4.847786 5.8633385 4.847786 5.8633385 4.847785 5.8633375 4.847784 5.680772 2.099823 2.0998228 2.0998228 2.0998225 2.466275 5.8633366 5.835226 4.4031 5.8633366 5.8948402 5.8217354
7.210935 3.14312 4.7640862 4.7640862 4.8325305 4.8325305 3.4878256 3.7887547 3.7887547 3.4198067 4.052494 4.8477535 5.6807423 5.821705 2.0997937 3.4198062 4.252075 3.419806 4.5662174 4.190982 3.506254 3.487823 3.487823 4.7620835 7.988616 7.988615 7.988615 3.9622984 3.1431167 2.0997906 4.8477526 4.8477526 7.2109327 7.2109327 7.2109327 5.6807404 5.8005123 5.821703 8.508244 8.85232 7.210931 5.863302 5.6807394 5.863302 5.6807394 5.863302 5.6807394 5.8633013 5.6807375 5.8005104 2.0329108 2.03291 0.54339004 2.4128592 2.4128592 2.7845304 5.900424 5.9318523 5.8632984 5.6936646 5.8632984
7.2109036 3.1430871 3.1430871 3.1430871 7.2109027 7.2109027 7.279345 4.403395 3.901356 3.4877877 3.4940815 5.680711 5.800481 5.8632708 3.4197695 3.487787 3.5071115 3.4877868 3.5480697 3.4197688 3.4877863 3.4877863 3.4197688 5.26033 4.8768673 7.147586 7.147586 6.3763866 6.3763866 6.3763866 7.6791325 7.6791325 6.3763866 6.3763866 6.3763866 5.450656 5.4723063 8.074144 6.3763857 4.2219777 4.2219777 3.841602 5.450655 5.514806 5.450655 5.514806 5.450655 5.514806 5.450655 5.4723063 1.7951698 1.9120381 2.2211006 2.7181911 2.7181911 2.8843665 2.5519612 4.478281 5.514805 5.450654 4.478281
6.376359 6.376359 6.376359 2.8191166 2.8191166 4.2219486 6.376357 7.170889 4.2219477 4.2903886 3.0557566 5.4506245 5.4722757 3.0557556 4.546692 3.0557556 3.0557554 4.546692 3.1237724 4.546692 4.546692 3.123772 4.546691 5.3282013 4.8768387 7.147558 7.147558 6.376354 6.376354 6.376354 6.376354 6.376354 6.376354 4.4782467 4.4782467 5.4726152 7.721304 4.4782467 6.3763533 2.819111 4.311146 3.0557523 5.4726143 5.5151405 5.4726143 5.5151405 5.472613 5.515139 5.472613 2.1860085 2.2975214 2.558839 2.7981253 2.9737344 2.9737334 3.0007215 2.8142128 5.317681 4.4782424 5.8471823 5.31768
6.376324 6.376324 2.8190823 2.8190823 1.8799291 2.8190818 4.720351 6.376324 4.221912 4.221912 3.0882928 3.7604654 3.0557187 3.0557187 5.31765 4.510786 4.4782124 5.317649 4.4782124 4.4782114 5.317649 4.4782114 5.317648 4.4782114 4.4782114 4.4782104 6.376322 6.376322 6.376322 6.376321 6.376321 6.376321 6.376321 4.4782095 4.4782095 7.4768467 6.37632 6.37632 6.37632 4.4782085 4.4782085 4.4782085 4.4782085 4.4782085 5.4136963 4.4782066 5.4136953 4.4782066 5.4136953 2.1859918 2.1859918 2.9150987 2.1859913 2.9831476 2.1859913 2.1859908 2.9831471 4.4782057 5.317644 4.876805 5.3342896
6.3762903 6.3762903 2.8190475 2.8190475 2.819047 2.819047 4.221877 4.221877 4.221877 4.221877 3.088254 3.1023078 3.088254 3.0882535 5.3342543 5.3176136 5.3176126 5.3342533 5.3176126 5.3176126 4.186249 4.169903 4.186248 5.3176117 5.3176117 5.3176117 6.3762884 6.3762884 6.3762884 6.3762884 6.3762884 6.3762884 6.3762875 7.320715 7.320715 6.3762865 6.3762865 4.4781713 4.4781713 5.31761 5.31761 5.31761 5.31761 5.31761 5.3806887 5.31761 5.3806877 5.317607 5.380686 5.4534082 2.660263 2.9506898 2.027196 2.0488153 2.660263 2.6602626 2.985365 2.478657 5.334245 5.3281283 5.3342443
6.3762574 6.3762574 6.3762574 6.3762574 6.3762574 4.221843 4.221843 4.221843 4.221843 3.0556448 3.088216 3.088216 3.0882156 3.0882156 5.334212 5.334211 5.334211 5.3342104 5.3342104 5.3342094 3.8512685 3.8512685 3.8512685 5.3342085 5.3342085 5.3342085 6.376253 6.376253 6.376253 6.376253 6.376253 4.478133 4.478133 4.478133 4.478133 6.376253 4.478133 5.3175716 5.3175716 5.3342075 5.3342075 3.606478 3.606478 3.6064777 3.606477 5.3342066 5.3342056 5.3342056 5.3342047 5.5031757 2.9506621 2.9830966 1.6608505 1.4740772 1.9464235 2.9506617 3.0554476 2.814179 0.62693906 2.5083091 2.4947126
6.376226 6.376226 6.3762255 6.3762245 6.3762245 6.3762245 2.818978 4.2218075 4.2218075 4.2543783 4.2543774 3.0556076 3.088178 3.055607 5.3341684 5.3341675 5.3341675 5.3341675 5.3341675 4.478099 4.942835 4.478099 4.942835 4.1742277 4.1742277 4.927792 6.3762217 6.3762207 6.3762207 6.3762207 4.478097 5.3175354 5.3175354 5.3175354 5.3175354 6.3762197 5.3175344 5.3341656 5.3341646 5.3341646 5.3341646 3.088172 3.088172 3.088172 3.5165522 3.4839823 5.3341627 5.3341627 5.3341627 5.3341627 6.11656 3.0554175 1.4077194 1.3975732 2.4102886 0.45268917 0.97703385 0.92968726 0.51328564 0.8424859 0.8369498
6.37619 6.37619 6.37619 6.37619 6.37619 6.3761897 2.818944 2.8189435 4.2217727 4.2217727 2.8189425 3.0881398 3.0881398 3.0881398 3.6063972 5.334128 5.334128 5.334128 4.478061 5.3465533 5.3175006 5.3174996 3.4839482 3.7618513 5.115965 4.22177 6.3761873 6.3761873 6.3761873 6.3761873 5.317499 4.478059 5.3341246 5.3341246 5.3341246 6.3761873 5.3341227 5.3341227 5.3341227 4.478058 3.606392 3.088134 3.088134 3.088134 3.7618492 3.483946 2.2186503 5.33412 5.33412 4.478056 4.478056 3.055388 2.1859226 2.3255422 2.8215594 2.1859226 1.3448489 1.274643 3.203054 0.45268703 0.5345688
6.376158 6.376158 6.376158 6.376158 6.376158 6.376158 2.8189092 2.8189092 4.2217374 4.2217374 4.2217374 3.0881002 3.0881002 3.0555322 3.0880997 5.334083 5.334084 5.334084 5.3174624 4.478024 5.334083 5.334083 3.7618139 3.7618139 4.8166466 4.8166466 4.8166466 4.8166466 6.376154 6.376154 5.3340807 5.31746 5.3340797 4.4780207 7.3371925 6.376153 4.4780197 5.334079 5.334079 5.317458 3.0880954 3.0880954 3.0880954 3.0880954 3.76181 5.1813183 1.8797395 5.334079 5.334079 5.317458 5.317458 6.215017 2.6602 3.4462204 0.45268512 0.75155425 0.5585654 2.0112996 1.3032331 0.5201025 0.5419452
6.3761244 4.221704 4.2217035 4.2217035 6.3761234 6.3761234 6.3761234 6.3761234 6.3761234 6.3761234 3.0554957 3.0880628 3.0880618 3.0880618 3.0880618 5.3340425 5.3340425 4.4779863 4.4779863 4.158331 4.1740932 5.3340425 4.4779863 4.7826395 1.8797057 2.8188722 4.8166122 4.8166122 4.8166122 6.3761206 7.3371487 7.3371487 7.3371487 7.3205204 6.3761196 4.4779835 4.4779835 5.3340387 5.334038 5.334038 4.5105486 4.5105486 4.5105486 4.5105486 4.8766327 5.692073 4.4779816 5.334038 5.334037 4.4779797 5.334037 4.8766317 3.5535598 0.9482708 0.5201013 2.0091026 2.018352 1.8797004 0.5132818 0.53218794 2.2341068
