Export/ASCII/RMeteo_SP_inch/speranza1/RMeteo_2014_SP4_inch.asc
ncols         660
nrows         338
xllcorner     1476100.0
yllcorner     5017100.0
cellsize      100
NODATA_value  -9.9e-20
[rows 27 to 53 of 338, columns 549 to 609 of 660]
13.178344 11.728983 11.234586 11.316996 11.316996 8.473732 8.47373 8.47373 8.473728 8.473728 8.473728 8.473728 6.2585583 6.2585573 6.2585573 6.200844 6.200843 6.200843 6.200842 6.2585554 6.2585554 8.541759 8.473723 12.515322 11.316982 11.234577 9.9449 9.944898 5.4364886 4.649533 4.6495323 4.6495323 5.580574 5.1056786 3.1691508 3.1691504 4.992776 3.4274085 4.649531 13.658672 13.658672 5.3289614 5.2016773 4.638451 4.4393024 3.7760723 4.0646534 3.0245025 6.2008314 8.473711 8.473711 3.9193254 3.9193242 5.4364767 5.4364767 5.436476 3.9193225 5.4364753 5.4364753 5.4364753 5.436474
13.1782875 11.72892 11.3169155 11.3169155 11.3169155 8.473652 5.436419 3.9192696 8.47365 8.47365 8.47365 8.473649 6.2007675 6.2007675 6.258477 6.258477 6.2584763 6.2584763 6.2584753 8.541677 8.5416765 8.473645 12.515267 12.515267 12.515264 12.515264 12.515264 12.515264 2.0399656 4.7017355 3.1691222 4.3633895 5.097432 4.5747967 2.800799 2.800799 2.901412 5.2417006 5.756495 4.64949 4.6494894 5.401756 5.370744 4.3221755 4.2082357 3.768729 3.9502037 3.3426602 3.029375 3.0244677 8.473631 3.9192526 3.9192522 5.4364 5.4363976 5.4363976 5.4363966 5.4363966 5.4363966 5.4363966 5.4363956
13.17823 13.17823 12.515212 5.4363422 5.436342 5.4363403 5.4363403 3.9191978 8.473571 8.473569 8.473568 8.473568 6.258397 6.258397 6.258397 6.258396 6.2006884 8.608655 8.541593 8.473565 8.473565 8.473565 8.473565 12.515205 11.31683 11.31683 12.515203 9.570471 3.534387 5.064048 3.1690922 3.1102521 3.3505323 3.3652847 5.583139 2.153615 2.1594105 3.1492853 5.235568 4.6646795 17.488665 5.504535 5.5045347 3.5749106 3.5369256 3.5110478 3.5250566 4.1643763 4.0992393 3.3426197 3.0244343 2.039907 3.9191806 3.9191806 5.4363213 5.4363203 5.4363203 5.4363203 5.4363194 5.4363184 5.4363184
13.178171 13.178171 5.4362636 9.944672 5.4362626 5.4362626 5.4362626 3.9191263 3.9191258 8.473491 6.200614 6.200614 6.258317 6.200614 6.200613 6.200612 6.258315 6.200612 8.473487 8.473486 8.473485 8.473485 8.473485 12.515148 11.3167515 11.3167515 12.515144 5.4362545 2.6215155 2.0398612 4.902178 2.03986 2.1626797 2.0398598 3.9191155 3.9191153 2.1458862 2.0398586 5.3838325 3.7759426 12.515141 3.7759416 5.507388 3.0244021 3.457342 3.0244017 3.0244012 3.951762 3.7759407 3.8195925 3.727467 3.4272208 3.9191089 3.9191084 3.9191077 5.436242 5.436242 5.4362416 5.4362407 5.4362407 5.4362397
8.868747 5.622416 9.944592 9.944592 5.4361863 5.4361863 3.9190543 3.9190543 3.9190543 8.473412 8.541432 6.258238 6.258237 6.258236 6.200536 6.258234 6.258234 8.473409 5.4361806 5.4361796 12.51509 12.51509 12.51509 5.4361777 5.4361777 5.436177 5.4361763 3.919046 4.0404835 4.0404825 4.040482 3.9190445 2.1458347 2.1458342 2.0398076 2.0398073 2.1458337 2.145833 3.579816 2.8614037 12.515084 4.63826 5.5117817 3.342541 3.4329386 3.3425403 3.3425403 3.5252125 3.7685528 3.7136075 2.7077732 2.6008847 2.0398023 2.0398018 2.0398018 5.436164 5.436163 8.473391 8.473391 12.515076 5.4361615
8.868669 5.6223392 5.4361086 5.4361086 5.4361076 5.4361076 3.9189816 3.9189813 3.9189813 3.9189813 8.473331 6.258156 6.258156 6.258155 6.258154 6.258153 6.258153 8.47333 5.436101 5.436101 5.436101 5.436101 5.436101 3.9189765 3.9189758 3.918975 3.918974 3.9189737 3.9189734 3.9189734 3.9189725 3.9189718 2.2293763 2.039755 2.1457806 2.1457803 2.14578 4.040407 4.0618033 2.1457796 12.515024 5.201467 5.517204 3.4243476 3.429789 3.4243474 3.4243474 3.4573982 3.5109203 3.4726934 2.1592429 2.1457748 2.039748 2.229369 2.1457734 8.473313 8.473313 8.473312 8.473312 8.473312 12.515019
13.178001 5.622262 5.4360304 5.4360304 3.9189112 3.918911 3.918911 3.9189098 3.9189095 3.918909 3.918909 3.9640675 3.964067 3.9640665 3.9640663 6.2580733 6.2580733 5.4360247 5.4360247 3.9189055 3.9189053 3.9189048 3.9189045 3.9189038 3.9189034 5.436022 5.436022 5.436021 5.436021 3.9189007 2.0397038 2.0397036 2.145728 2.145728 2.2293222 2.039702 2.1457262 2.0397012 2.0397007 2.1457253 3.7758114 18.720263 5.5183196 4.169263 3.77581 3.7758095 2.4418612 2.446469 2.4680855 2.4571433 3.427037 3.6344366 3.126702 3.883485 3.8834846 3.7758076 13.658349 8.473233 8.473232 8.473231 8.473231
13.177946 4.007961 3.9188395 3.918839 5.435951 5.435951 5.4359503 3.9188375 5.4359503 5.4359493 3.918837 3.9188364 3.9188359 3.9188359 5.4359474 5.487008 5.487008 3.9188337 5.4359465 5.4359455 3.9188328 5.435944 9.944349 5.435944 5.435944 5.435943 12.514914 5.435942 2.039651 2.0396504 2.1456745 2.1456738 3.7757695 2.1456738 2.1456735 2.1456735 2.1456733 2.145673 2.1456728 2.145672 4.63812 3.7757676 5.519624 4.80848 4.6381183 4.6381183 2.0396473 2.0396461 2.1456697 3.1266685 3.7757661 3.0242658 3.3666017 3.0242653 4.6832247 3.7757647 8.473156 8.473154 8.473154 8.473154 8.473152
10.446427 10.446427 5.435874 5.435874 5.435873 5.435873 5.435873 5.435872 5.435872 5.435872 5.435871 5.43587 5.435869 5.435869 5.435869 5.435869 5.4358683 3.9187617 5.4358683 5.4358673 5.4358673 5.4358673 9.944268 5.4358654 5.4358654 12.514854 12.514854 2.0395997 2.1456227 3.1266375 3.775726 3.775726 4.638074 2.1456223 2.0395985 2.1456213 2.039598 2.039598 2.1456203 2.039596 5.201339 4.6380706 3.7757227 3.7757227 5.2013373 5.201337 3.7757218 2.1456168 2.1456168 2.0395935 4.649207 3.3423772 3.4242299 3.342377 3.0242314 3.7683172 8.473076 6.2002068 6.200206 8.473074 8.473074
10.446351 10.446351 5.435796 5.435796 5.435795 5.435795 5.435794 5.435794 9.569913 5.435794 5.435793 9.569913 5.4357915 5.4357915 5.4357915 5.435791 8.473015 8.473014 8.473014 8.473013 13.658201 9.944189 9.944189 14.475604 12.514794 12.514794 3.7756836 3.7756832 3.8833573 3.0242026 3.7682667 4.6380258 5.2012978 3.7756813 3.7756813 2.145566 4.6491704 4.756845 4.6491704 4.756845 4.6491704 15.321163 3.7756803 4.6380243 3.7756803 5.370394 3.7756798 2.1455643 2.039542 2.1455643 4.6491675 3.024199 3.427627 3.0241985 3.3423371 3.0241978 8.472997 6.200129 6.25781 6.200128 8.472994
10.28108 14.29511 5.435717 5.435717 5.435716 11.316214 9.569834 9.569834 9.569834 9.569834 5.4357147 9.569834 5.435714 5.435714 5.435714 5.435713 8.472935 8.472934 8.472934 8.472934 8.472933 9.94411 9.94411 12.514738 13.658146 3.4268012 4.286545 4.286545 3.7756402 3.726995 3.4268003 5.2012568 5.3703527 4.637978 4.6379776 3.8833115 5.756142 5.789482 5.756142 5.789482 5.7561417 9.56982 4.637976 5.201254 3.7756364 5.504142 4.637975 4.756803 2.14551 2.14551 4.0454125 3.3422976 6.8194337 6.720383 6.814153 6.720383 6.2000527 6.257731 6.257731 8.540913 8.472916
5.621876 5.621875 12.514684 12.514684 11.316137 11.316137 9.569756 9.569754 9.569754 9.569754 9.569754 9.569752 12.51468 5.4356356 5.4356356 8.4728565 8.4728565 6.199992 6.199991 8.472855 8.472855 8.472855 8.472854 8.472853 8.472852 3.5939877 4.469537 3.8520095 3.7681513 5.4085946 5.241252 3.7755969 5.504096 5.201214 5.201214 4.683049 3.7755945 6.478913 4.6490917 6.4789114 6.4476233 3.775592 3.775592 3.775592 4.6379285 5.506991 5.2012105 3.7755916 3.8832638 3.8832638 3.5192358 3.424117 6.269195 6.2620053 6.268007 6.2620053 6.257652 6.257652 8.540833 5.4356174 12.514664
5.6217985 5.6217976 5.435561 12.514624 11.316058 11.316058 9.569674 12.514624 12.514624 12.514624 12.514624 9.569674 13.658044 5.4355574 5.4355574 5.4355574 8.472775 8.540767 6.199914 8.472775 8.472775 5.4355545 5.4355545 8.472774 9.605576 8.472772 3.024103 3.5018091 3.5106301 3.7755525 4.936631 3.7755525 5.506945 3.775552 5.370266 5.221376 4.637884 5.4090157 4.6642613 5.409015 5.4090147 4.6378827 4.6378818 4.6378818 5.2011695 5.5113916 5.370263 4.6378813 4.683001 4.683001 4.211557 3.4275093 6.2575717 6.2575707 3.9636009 3.9636006 3.9635997 8.540749 5.4355383 5.4355383 12.514606
5.6217217 5.62172 9.94388 12.514563 12.514563 12.514563 9.569593 9.569593 12.514563 8.4727 8.472699 9.569593 13.657991 5.435479 5.4354787 5.4354787 8.472696 6.199836 6.257505 8.472696 5.435477 3.9183996 3.918399 8.472695 6.1998343 6.1998334 3.0240693 3.0240688 4.2109838 3.77551 5.343905 3.77551 5.5113482 3.7755096 3.7755096 3.775509 5.2011294 3.7755086 3.7755082 3.7755077 3.7755072 12.514553 3.7755053 3.7755048 3.7755048 3.7755044 3.7755044 3.7755039 3.775503 3.775503 3.775503 3.0240643 6.199821 3.9183877 3.918387 3.918387 3.9183855 3.0240636 2.0393293 12.514547 12.514545
10.445966 10.445966 9.943801 12.514506 12.514506 9.569515 9.943799 9.943799 9.569514 12.514504 12.514504 9.569512 9.569511 12.514503 8.472619 8.472619 8.472619 6.1997585 6.7851653 6.199758 5.4354 3.9183278 3.9183278 3.9183273 6.5892873 8.472613 4.0639105 3.7754657 4.8127856 4.63779 3.7754648 3.7754643 3.7754633 3.7754633 4.6377883 4.6377883 3.7754633 3.7754633 4.637788 3.7754629 4.637788 3.7754629 4.6377873 3.7754624 4.6377873 3.7754624 4.6377873 3.775462 3.4265494 4.286284 4.286284 3.0240312 3.028933 3.9183154 3.9183145 3.9183137 6.1997414 8.472599 12.727328 12.514487 12.514487
10.4458885 10.445888 9.943721 9.569432 9.569432 9.569432 9.943721 9.943721 9.56943 9.56943 12.514446 12.514446 5.4353237 5.4353237 8.472542 8.472541 8.472541 6.1996818 6.5330796 6.199681 3.9182563 3.918256 3.9182558 3.9182556 6.4164143 8.472535 4.8053937 4.6377444 5.300626 5.2010455 4.6377425 3.7754219 4.766454 4.637742 5.2010455 5.2010455 4.637742 4.6377416 5.201045 4.6377416 5.201045 4.6377406 5.201043 4.6377397 5.201042 4.637737 5.2010407 3.7679105 3.5938287 3.8518438 3.8518438 3.3420959 3.3737953 6.199665 6.199664 3.3632824 3.0239964 8.47252 12.51443 12.514428 12.514428
13.177432 14.2948 13.657834 9.569353 12.514388 9.569353 9.569353 11.233552 11.23355 11.23355 9.569351 12.514388 5.4352455 5.4352446 12.514384 10.910425 8.472462 8.472461 6.1996026 6.3134933 6.199602 5.4352427 5.4352417 5.4352403 6.199601 8.472456 4.404421 5.2010036 5.370092 5.370092 6.0483093 4.2861633 3.775378 3.775378 5.440136 5.3700905 5.201002 5.2010016 5.3700895 5.2010007 5.3700886 5.201 5.3700886 4.229016 4.380368 5.2009997 5.3700876 3.5104575 3.447933 6.95759 3.5016415 3.4239259 3.4239259 6.366643 6.199588 3.4239242 3.023963 8.472443 12.51437 12.51437 12.51437
11.995104 11.995104 12.514332 12.514332 12.514332 9.569271 9.569271 11.233486 8.472384 11.233486 9.569267 12.51433 5.4351683 5.435167 8.472382 8.472382 8.47238 8.47238 8.540352 8.47238 6.3134084 8.472378 8.472378 8.472378 6.2571797 8.472378 13.55217 5.008954 4.6101675 5.13171 5.169944 4.469136 4.2861013 4.2861004 3.7753346 5.936089 5.370048 5.370048 5.5038013 5.370048 5.5038 5.3700466 5.5038 4.41328 4.553411 5.370046 5.5037985 3.4568162 6.8441944 6.3041773 3.4466033 3.4273124 3.521141 6.1995115 3.0239298 3.4294262 3.342015 12.514311 12.514311 12.51431 12.51431
11.995026 11.995026 12.514273 12.514273 12.514273 9.56919 11.233421 11.233421 9.943483 9.943483 8.472303 12.514269 9.569186 11.2334175 8.472303 8.472303 8.4723015 8.4723015 8.4723015 8.4723 6.1994486 8.54027 8.4723 8.4723 8.540268 8.4723 8.472297 4.711668 4.0254135 4.062871 4.8226223 4.291547 4.4690685 4.4690676 4.637599 3.7752898 6.3936176 3.4639843 5.506646 5.5037494 5.506645 6.3393173 5.5066447 5.2257624 5.228934 5.5037484 5.5066447 3.4302804 3.0322921 6.2570877 6.823573 7.9125233 6.199435 6.199435 3.3419757 3.4279304 9.195799 5.4350705 12.514255 12.514253 13.65771
8.867589 13.177262 8.472229 8.472229 8.472227 9.943403 11.233357 11.233357 9.943403 9.943403 8.472225 12.514211 12.514211 5.4350104 8.472223 8.472223 8.472221 8.472221 8.472221 8.472221 8.540186 8.47222 8.47222 8.472219 8.472219 8.472219 8.472218 3.4262502 4.8962483 3.5139494 3.0238671 3.023867 4.681906 4.6819057 3.7752469 4.6375527 2.0390213 2.1647546 3.775246 3.775246 5.511051 5.5384808 3.775245 3.775245 5.297623 5.5065966 3.775245 3.4292367 3.380371 3.917956 4.1565413 3.9179552 3.917955 3.963077 6.813326 9.203352 8.472206 5.434992 12.514193 14.771385 9.943379
8.86751 8.86751 8.472147 8.472147 8.472147 9.943325 9.569028 11.233294 9.569028 9.569028 9.569028 12.514153 12.514153 5.434934 5.434932 8.472143 8.472142 8.472142 12.514151 8.472142 8.472141 12.514149 8.472139 9.604941 8.472139 8.472139 8.472139 3.775205 3.775205 4.6815004 3.3418992 3.775204 4.9362106 3.775204 3.775204 3.775204 2.0389693 2.144982 3.775203 4.6375046 3.7752025 3.775202 4.637504 3.7752006 3.7752006 5.5110025 4.6487317 3.0238304 3.423774 4.6864576 3.9178832 3.9178832 3.917883 3.9178827 6.267256 8.472127 12.514136 18.174294 12.514136 12.514136 12.514135
4.0069675 4.0069666 5.4348583 8.472069 8.472068 12.514092 12.514092 9.568947 14.474902 9.568946 9.568946 12.514091 12.514091 12.514091 5.4348545 5.4348536 8.472063 9.943241 8.472063 8.472062 8.472062 8.472062 8.472062 11.31535 14.809505 11.31535 12.514086 3.775162 4.63746 4.6470423 3.775161 4.1634026 5.3401127 4.637458 3.77516 4.6374574 3.8828223 3.8828204 3.7751567 5.2007885 4.637454 3.7751567 5.2007885 4.637454 4.637454 5.5164194 5.75571 3.0237958 3.4271548 2.0389125 3.9178107 2.038912 3.023795 5.4348373 5.485854 8.472049 12.514078 12.514078 12.514076 12.514076 12.514076
5.621026 8.867355 8.471991 8.471991 8.471991 13.657518 12.514034 12.514034 12.514034 9.568866 9.568866 12.514032 11.233162 12.514032 5.434775 5.434775 12.51403 8.471985 11.315275 8.471983 8.471983 12.51403 12.51403 9.943161 9.943159 11.315271 11.315271 12.514029 5.200749 4.8541565 3.7751157 3.7751157 5.425228 18.096409 4.285783 4.8544197 4.336544 4.336543 4.637409 5.3698277 5.200748 4.637409 5.3698277 5.2007475 5.2007475 5.517538 3.7751138 3.341816 3.4278994 6.3550777 6.1991253 3.0237625 10.632582 8.471969 8.471969 8.471968 12.514018 12.514018 5.4347563 12.514018 12.514018
8.867281 8.867279 8.471911 8.471911 13.657467 13.657467 12.513973 12.513973 12.513973 12.513973 9.568784 9.568784 11.233095 11.233095 9.568784 9.568784 12.513973 9.943083 9.943083 8.471906 8.471905 12.513971 12.51397 9.943081 9.943081 12.513968 12.612706 12.513968 5.3697853 5.3004346 3.7750723 3.7750723 5.5814323 3.7750723 4.468735 4.6121354 4.4687343 3.426003 5.2007055 3.775071 5.3697834 5.200705 3.77507 5.3697824 3.7750695 4.6189055 4.637359 3.4259987 3.4259982 3.0286279 6.2566833 3.3417742 8.47189 8.4718895 9.6046915 9.943067 9.943066 5.4346786 5.4346786 12.51396 12.83489
8.867205 13.176974 13.65741 13.65741 13.65741 13.65741 12.513915 12.513915 10.909801 10.909801 10.909799 9.5687065 9.5687065 12.513913 12.513913 12.513913 12.513913 9.943003 9.943003 9.943003 8.471826 12.513911 12.513911 12.513909 12.513909 12.513909 12.513909 12.513909 18.972359 5.3385205 3.949835 3.949834 3.77503 5.733758 4.6816487 4.696251 4.681648 4.367121 5.36974 4.6373134 5.5034556 5.369739 4.6373124 5.503454 4.637312 3.61025 2.0387564 3.4259377 3.4259374 3.3734193 3.0236955 8.471812 8.471811 16.82683 9.942989 9.942987 12.513903 10.909782 10.9097805 12.834831 12.513901
11.994492 10.445118 9.942931 13.657356 9.568625 12.513859 12.513859 11.232969 10.909723 10.909723 10.909723 9.568623 9.568621 9.568621 13.657354 13.657354 9.942924 9.942924 9.942924 9.942924 8.471747 11.315041 12.513853 12.513853 12.513853 12.513853 12.513853 11.315039 11.926979 18.027376 16.389606 16.389606 12.513851 3.774986 6.2332 4.9360065 3.7749836 4.920204 5.5034056 3.7749817 5.5062985 3.7749817 5.200619 5.5062985 3.7749817 2.4744487 2.1447134 2.5997143 2.038704 3.4235828 3.3416939 8.471733 16.82678 12.513845 11.232952 11.232952 12.513845 12.513845 12.834776 12.513844 12.513844
11.994416 10.445043 9.94285 13.657306 9.568545 12.513801 12.513801 10.909645 10.909645 10.909644 10.909644 9.665639 13.657303 13.657303 13.657303 13.657303 9.942845 9.942845 9.942845 9.942845 11.314963 11.314961 12.513794 12.513792 12.513792 12.513792 13.657298 11.31496 11.31496 11.31496 11.31496 11.31496 11.314958 4.6372213 4.6484957 6.137446 3.7749417 3.7749407 5.5062504 3.7749403 5.5107093 3.7749403 3.7749403 5.5107083 3.7749393 2.1446607 4.03887 6.354763 6.1988163 3.4269595 8.471655 5.646451 11.232889 12.513784 12.513784 12.513784 12.513784 13.15056 12.513783 12.513783 12.513783
