Export/ASCII/RMeteo_SP_inch/speranza1/RMeteo_2017_SP2_inch.asc
ncols         660
nrows         338
xllcorner     1476100.0
yllcorner     5017100.0
cellsize      100
NODATA_value  -9.9e-20
[rows 312 to 337 of 338, columns 177 to 235 of 660]
0.9123349 0.9123349 1.2931554 1.2931554 1.0597744 1.0597744 1.2931554 1.2931554 1.2931554 1.2931554 1.2931554 1.2931557 1.2931557 1.2931557 1.2931557 1.2931557 1.2931557 1.2931557 1.2931557 1.2931557 1.2931557 1.2931557 1.2931557 1.2931557 1.2931557 1.2931557 0.80806875 0.80806875 0.06946063 0.06946063 0.808069 0.808069 0.808069 0.808069 0.808069 0.808069 0.808069 0.808069 0.808069 0.808069 0.808069 0.808069 0.808069 0.808069 0.808069 0.808069 0.808069 0.808069 0.808069 0.808069 0.808069 0.808069 0.808069 0.808069 0.808069 0.16890574 0.16890574 0.16890574 0.16890574
0.91232824 0.91232824 1.2931497 1.2931497 1.0597678 1.2931497 1.2931497 1.2931497 1.2931497 1.2931497 1.2931497 1.2931497 1.2931497 1.2931497 1.2931497 1.2931497 1.2931497 1.2931497 1.2931497 1.2931497 1.2931497 1.2931497 1.2931497 1.2931497 1.2931497 1.3513923 1.2931497 0.8080623 0.06945372 0.06945372 0.76478124 0.8080623 0.8080623 0.8080623 0.8080623 0.8080623 0.8080623 0.8080623 0.8080623 0.8080623 0.8080623 0.8080623 0.8080623 0.8080623 0.8080623 0.8080623 0.8080623 0.8080623 0.8080623 0.8080623 0.8552103 0.8080623 0.8080623 0.8080623 0.8080623 0.1688981 0.1688981 0.1688981 0.1688981
0.9123206 0.9123206 1.293143 1.293143 1.293143 1.293143 1.293143 1.293143 1.293143 1.293143 1.2948759 1.293143 1.293143 1.293143 1.293143 1.293143 1.2931433 1.2931433 1.2931433 1.2931433 1.2931433 1.2931433 1.2931435 0.91232085 1.2931435 1.2931435 1.2931435 0.80805445 0.06944609 0.06944609 0.7647729 0.80805445 0.80805445 0.80805445 0.80805445 0.80805445 0.80805445 0.80805445 0.80805445 0.80805445 0.80805445 0.80805445 0.80805445 0.80805445 0.80805445 0.80805445 0.80805445 0.80805445 0.80805445 0.80805445 0.80805445 0.80805445 0.80805445 0.80805445 0.80805445 0.16889 0.16889 0.16889 0.16889
0.9123137 0.9123137 0.9123137 0.9123137 1.2931371 1.2931371 1.2931371 1.2931371 1.2931371 1.2931371 1.2931371 1.2931371 1.2931371 1.2931371 1.2931371 1.2931371 1.2931371 1.2931371 1.2931371 1.2931371 1.2931371 1.2931371 1.2931371 1.2931371 1.2931371 1.2931371 1.2931371 1.2931371 0.80804706 0.80804706 0.80804706 0.9415648 0.80804706 0.80804706 0.71106243 0.80804706 0.80804706 0.80804706 0.80804706 0.80804706 0.80804706 0.80804706 0.80804706 0.80804706 0.80804706 0.80804706 0.80804706 0.80804706 0.80804706 0.80804706 0.80804706 0.80804706 0.80804706 0.80804706 0.16888285 0.16888285 0.16888285 0.16888285 0.16888285
0.9123068 0.9123068 0.9123068 0.9123068 0.9123068 0.9123068 0.9123068 1.2931309 1.2931309 1.2931309 1.2931309 1.2931309 1.2931309 1.2931309 1.2931309 1.2931309 1.2931309 1.2931309 1.2931309 1.2931309 1.2931309 1.2931309 1.2931309 1.2931309 1.2931309 1.2931309 1.2931309 1.2931309 1.2931311 0.7647586 0.8080399 0.94155765 0.94155765 0.8080399 0.7110548 0.8080399 0.06943202 0.06943202 0.8080399 0.8080399 0.8080399 0.8080399 0.8080399 0.8080399 0.8080399 0.8080399 0.8080399 0.8080399 0.8080399 0.8080399 0.8080399 0.8080399 0.8080399 0.16887474 0.16887474 0.16887474 0.16887474 0.16887474 0.16887474
0.9122994 0.9122994 0.9122994 0.9122994 0.9122994 0.9122994 0.9122994 0.9122994 0.9122994 1.2931249 1.2931249 1.2931249 1.2931249 1.2931249 1.2931249 1.2931249 1.2931249 1.2931249 1.2931249 1.2931249 1.2931249 1.2931252 1.2931252 1.2931252 1.2931252 1.2931252 1.2931252 1.2931252 1.2931252 0.8080325 0.8080325 0.8080325 0.8080325 0.9415517 0.9415517 0.5136223 0.5136223 0.06942439 0.06942439 0.8080325 0.8080325 0.8080325 0.8080325 0.8080325 0.8080325 0.8080325 0.8080325 0.8080325 0.8080325 0.8080325 0.9415517 0.8080325 0.16886711 0.16886711 0.16886711 0.16886711 0.16886711 0.16886711 0.16886711
0.9122925 0.9122925 0.9122925 0.9122925 0.9122925 0.9122925 0.9122925 0.9122925 0.9122925 1.2931187 1.2931187 1.2931187 1.2931187 1.2931187 1.2931187 1.2931187 1.2931187 1.2931187 1.2931187 1.2931187 1.2931187 1.2931187 1.2931187 1.2931187 1.2931187 1.2931187 1.2931187 1.2931187 1.2931187 1.2931187 0.80802536 0.80802536 0.80802536 0.941545 0.941545 0.51361513 0.51361513 0.51361513 0.51361513 0.80802536 0.80802536 0.80802536 0.80802536 0.80802536 0.80802536 0.80802536 0.80802536 0.941545 0.941545 0.941545 0.941545 0.16885996 0.16885996 0.16885996 0.16885996 0.16885996 0.16885996 0.16885996 0.16885996
0.91228557 0.91228557 0.91228557 0.91228557 0.91228557 0.91228557 0.91228557 0.91228557 0.91228557 1.293112 1.293112 1.293112 1.293112 1.293112 1.293112 1.293112 1.293112 1.293112 1.293112 1.293112 1.293112 1.293112 1.293112 1.293112 1.293112 1.293112 1.293112 1.293112 1.293112 1.293112 0.8080182 0.8080182 0.8080182 0.94153786 0.51360774 0.51360774 0.51360774 0.51360774 0.51360774 0.8080182 0.8080182 0.8080182 0.8080182 0.8080182 0.8080182 0.94153786 0.94153786 0.94153786 0.94153786 0.94153786 0.94153786 0.14705527 0.16885138 0.16885138 0.16885138 0.41173482 0.41173482 0.16885138 0.16885138
0.9122784 0.9122784 0.9122784 0.9122784 0.9122784 0.9122784 0.9122784 0.9122784 0.9122784 1.2931063 1.2931063 1.2931063 1.2931063 1.2931063 1.2931063 1.2931063 1.2931063 1.2931063 1.0597223 1.0597223 1.2931063 1.2931063 1.2931063 1.2931063 1.2931063 1.2931063 1.2931063 1.2931063 1.2931063 1.2931063 1.2931063 0.85515857 0.8080106 0.8080106 0.8080106 0.5136008 0.5136008 0.5136008 0.5136008 0.8080106 0.8080106 0.8080106 0.8080106 0.8080106 0.85515857 0.9415314 0.9415314 0.9415314 0.9415314 0.9415314 0.9415314 0.14705527 0.16884375 0.16884375 0.17556047 0.41931605 0.41172862 0.16884375 0.16884375
0.9122715 0.9122715 0.9122715 0.9122715 0.9122715 0.76472116 0.76472116 0.76472116 0.76472116 0.9122715 1.2931001 1.294833 0.9122715 1.2931001 1.2931004 1.2931004 1.2931004 1.059716 1.059716 1.059716 1.2931004 1.2931004 1.2948332 1.2931004 1.2931004 1.2931004 1.2931004 1.2931004 1.2931004 1.2931004 1.2931004 0.8080032 0.8080032 0.8080032 0.8080032 0.8080032 0.5135937 0.5135937 0.8080032 0.8080032 0.8080032 0.8080032 0.8080032 0.8080032 0.8080032 0.8080032 0.8080032 0.94152474 0.7647214 0.7647214 0.7647214 0.19511604 0.16883612 0.16883612 0.17555141 0.51152635 0.48189282 0.41172242 0.16883612
0.9122641 0.9122641 0.9122641 0.9122641 0.9122641 0.7647135 0.7647135 0.7647135 0.7647135 0.91226435 0.91226435 0.91226435 1.2930939 1.2930939 1.2930939 1.2930939 1.2930939 1.0597097 1.0597097 1.0597097 1.2930942 1.2930942 1.2930942 1.2930942 1.2930942 1.2930942 1.2930942 1.2930942 1.2930942 1.2930942 1.2930942 0.8079965 0.8079965 0.8079965 0.94151855 0.8079965 0.51358604 0.51358604 0.8079965 0.8079965 0.8079965 0.8079965 0.8079965 0.8079965 0.8079965 0.8079965 0.8079965 0.76471424 0.8079965 0.8079965 0.8079965 0.16882896 0.16882896 0.16882896 0.17554331 0.41930032 0.41930032 0.41930032 0.4117167
0.7647064 0.7647064 0.7647064 0.91225743 0.7647064 0.7647064 0.7647064 0.7647064 0.7647064 0.7647064 0.7647064 0.91225743 1.2930882 1.2930882 1.2930882 1.2930882 1.2930882 1.2930882 1.2930882 1.2930882 1.2930882 1.0597031 1.0597031 1.2930882 1.2930882 1.2930882 1.2930882 1.2930882 1.2930882 1.2930882 1.2930882 0.80798936 0.80798936 0.80798936 0.80798936 0.80798936 0.80798936 0.80798936 0.80798936 0.80798936 0.80798936 0.80798936 0.80798936 0.80798936 0.80798936 0.80798936 0.80798936 0.80798936 0.80798936 0.80798936 0.80798936 0.16882038 0.16882038 0.16882038 0.17553377 0.4192927 0.4192927 0.4192927 0.4117105
0.764699 0.764699 0.764699 0.0 0.0 0.0 0.0 0.764699 0.764699 0.764699 0.764699 0.764699 0.9122503 1.293082 1.2948148 0.9122503 0.9122503 1.0596968 1.0596968 1.0596968 1.0596968 1.0596968 1.293082 1.293082 1.293082 1.293082 1.293082 1.293082 1.293082 1.293082 1.293082 0.80798197 0.80798197 0.80798197 0.80798197 0.80798197 0.80798197 0.80798197 0.80798197 0.80798197 0.80798197 0.80798197 0.80798197 0.80798197 0.80798197 0.80798197 0.80798197 0.80798197 0.80798197 0.80798197 0.87772226 0.24 0.16881323 0.16881323 0.16881323 0.16881323 0.16881323 0.5115049 0.47448993
0.76469135 0.76469135 0.0 0.0 0.0 0.0 0.76469135 0.76469135 0.0 0.76469135 0.76469135 0.76469135 0.76469135 0.76469135 0.9122431 0.9122431 1.0596901 1.0596901 0.9122431 1.0596901 1.2930758 1.2930758 1.2930758 1.2930758 0.9122431 1.2930758 1.2930758 1.2930758 1.2930758 1.2930758 1.2930758 0.8079746 0.8079746 0.9414983 0.8079746 0.8079746 0.8079746 0.8079746 0.8079746 0.8079746 0.8079746 0.8079746 0.8079746 0.8079746 0.8079746 0.8079746 0.8079746 0.8079746 0.8079746 0.8079746 0.8079746 0.8079746 0.16880512 0.16880512 0.16880512 0.0 0.0 0.0 0.4192779
0.7216811 0.0 0.0 0.0 0.0 0.76468444 0.76468444 0.76468444 0.76468444 0.76468444 0.76468444 0.76468444 0.76468444 0.76468444 0.76468444 0.91223645 0.91223645 0.91223645 0.91223645 1.0596839 1.0596839 1.2930696 1.2930696 1.2930696 1.2930696 1.0596839 1.2930696 1.2930696 1.2930696 1.2930696 1.2930696 0.85511494 0.80796695 0.94149137 0.80796695 0.5135567 0.80796695 0.5135567 1.1318815 0.5135567 0.5135567 0.5135567 0.5135567 0.80796695 0.80796695 0.8079672 0.8079672 0.8079672 0.8079672 0.8079672 0.8079672 0.8079672 0.1687975 0.1687975 0.1687975 0.0 0.0 0.0 0.4116919
0.7216749 0.7216749 0.7216749 0.7216749 0.7646766 0.7646766 0.7646766 0.7646766 0.7646766 0.7646766 0.7646766 0.7646766 0.7646766 0.7646766 0.7646766 0.7646766 0.7646766 0.91222906 0.91222906 1.2930634 1.0596774 1.2930634 1.2930634 1.2930634 1.2930634 1.0596774 1.2930634 1.2930634 1.2947962 1.2930634 1.2930634 0.8079598 0.94148445 0.8079598 0.8079598 0.51354957 0.51354957 0.51354957 0.51354957 0.51354957 0.51354957 0.51354957 0.51354957 0.7118466 0.8079598 0.8079598 0.8079598 0.8079598 0.8079598 0.8079598 0.8079598 0.8079598 0.8079598 0.16879082 0.16879082 0.16879082 0.17549944 0.41926312 0.41926312
0.7216687 0.7216687 0.7216687 0.7216687 0.7216687 0.7216687 0.7646694 0.7646694 0.0 0.7646694 0.7646694 0.7646694 0.7646694 0.7646694 0.7646694 0.7646694 0.7646694 0.7646694 0.7646694 0.7646694 1.2930572 1.2930572 1.0596708 1.2930572 0.9122224 1.2930572 1.2930572 1.2930572 1.2930572 1.2930572 1.2930572 0.8079524 0.71183944 0.8079524 0.8079524 0.5135424 0.06934619 0.06934619 0.5135424 0.5135424 0.5135424 0.5135424 0.5135424 0.71183944 0.8079524 0.8079524 0.8079524 0.8079524 0.8079524 0.8079524 0.8551004 0.8079524 0.71183944 0.8079524 0.16878271 0.16878271 0.17549038 0.41925645 0.41925645
0.72166157 0.72166157 0.72166157 0.72166157 0.72166157 0.7688098 0.72166157 0.76466155 0.0 0.76466155 0.76466155 0.76466155 0.76466155 0.76466155 0.76466155 0.76466155 0.76466155 0.76466155 0.76466155 0.76466155 0.76466155 1.0596644 1.0596644 1.0596644 1.293051 1.293051 1.293051 1.293051 1.293051 1.2947838 1.293051 0.80794525 0.71183157 0.80794525 0.80794525 0.5135348 0.06933832 0.06933832 0.06933832 0.5135348 0.5135348 0.5135348 0.5135348 0.80794525 0.80794525 0.80794525 0.80794525 0.80794525 0.80794525 0.80794525 0.80794525 0.80794525 0.71183157 0.80794525 0.80794525 0.16877508 0.1754818 0.41924882 0.41924882
0.72165537 0.72165537 0.72165537 0.72165537 0.72165537 0.72165537 0.72165537 0.76465464 0.0 0.76465464 0.76465464 0.76465464 0.76465464 0.76465464 0.76465464 0.76465464 0.76465464 0.76465464 0.76465464 0.76465464 0.76465464 1.0596577 1.0596577 1.0596577 1.293045 1.293045 1.293045 1.293045 1.0596577 0.9122083 0.9122083 0.9122083 0.76465464 0.51352763 0.51352763 0.51352763 0.06933212 0.06933212 0.06933212 0.06933212 0.51352763 0.51352763 0.51352763 0.8079381 0.8079381 0.8079381 0.8079381 0.8079381 0.8079381 0.8079381 0.8079381 0.8079381 0.8079381 0.8079381 0.16876698 0.16876698 0.17547274 0.4192412 0.4192412
0.7216501 0.7216501 0.7216501 0.7216501 0.7216501 0.7216501 0.7216501 0.7646475 0.7646475 0.7646475 0.7646475 0.7646475 0.7646475 0.7646475 0.7646475 0.7646475 0.7646475 0.7646475 0.7646475 0.7646475 0.7646475 1.0596513 1.0596513 1.2930386 1.2930386 1.2930386 1.2930386 1.2930386 1.0596513 1.2930386 1.2930386 0.9122014 0.7646475 0.51352 0.51352 0.51352 0.06932473 0.06932473 0.06932473 0.06932473 0.51352 0.51352 0.51352 0.8079312 0.8079312 0.8079312 0.8079312 0.8079312 0.8079312 0.8079312 0.8079312 0.8079312 0.8079312 0.8079312 0.1687603 0.1687603 0.17546463 0.41923404 0.41923404
0.721643 0.721643 0.721643 0.721643 0.721643 0.721643 0.721643 0.0 0.7646394 0.7646394 0.7646394 0.7646394 0.7646394 0.7646394 0.7646394 0.7646394 0.7646394 0.7646394 0.7646394 0.7646394 0.9121933 1.0596449 1.0596449 1.2930326 1.2930326 1.2930326 1.2930326 1.2930326 1.2930326 1.2930326 1.2930326 0.9121933 0.9121933 0.5135124 0.5135124 0.5135124 0.0693171 0.0693171 0.0693171 0.0693171 0.5135124 0.5135124 0.5135124 0.80792356 0.80792356 0.80792356 0.80792356 0.80792356 0.80792356 0.80792356 0.80792356 0.80792356 0.80792356 0.80792356 0.16875124 0.16875124 0.16875124 0.17545462 0.41922593
0.7216363 0.7216363 0.7216363 0.7216363 0.7216363 0.7216363 0.7216363 0.0 0.76463294 0.76463294 0.76463294 0.76463294 0.76463294 0.76463294 0.76463294 0.76463294 0.76463294 0.76463294 0.76463294 1.2930267 1.2930267 1.2930267 1.2930267 1.2930267 1.2930267 1.2930267 1.2930267 1.2930267 1.2930267 1.2930267 1.2930267 1.2930269 1.2930269 0.8079169 0.51350546 0.51350546 0.06931043 0.06931043 0.06931043 0.06931043 0.06931043 0.06931043 0.8079169 0.8079169 0.8079169 0.8079169 0.8079169 0.8079169 0.8079169 0.8079169 0.8079169 0.8079169 0.8079169 0.8079169 0.16874361 0.16874361 0.16874361 0.16874361 0.16874361
0.72163105 0.72163105 0.72163105 0.72163105 0.72163105 0.72163105 0.7687793 0.9121797 0.9121797 0.9121797 0.7646253 0.7646253 0.7646253 0.7646253 0.7646253 0.7646253 0.7646253 0.7646253 0.7646253 1.2930207 1.2930207 1.2930207 1.2930207 1.2930207 1.2930207 1.2930207 1.2930207 1.2930207 1.2930207 1.059632 1.059632 1.2947536 1.2930207 1.2930207 0.8079095 0.7117951 0.0693028 0.0693028 0.0693028 0.0693028 0.0693028 0.0693028 0.8079095 0.8079095 0.8079095 0.8079095 0.8079095 0.8079095 0.8079095 0.8079095 0.8079095 0.8079095 0.8079095 0.8079095 0.19034111 0.24 0.16873646 0.16873646 0.16873646
0.7216239 0.7216239 0.7216239 0.7216239 0.7216239 0.7216239 0.7216239 0.91217303 0.91217303 0.91217303 0.91217303 0.91217303 0.91217303 0.76461744 0.76461744 0.76461744 0.76461744 0.76461744 0.76461744 1.2930148 1.2930148 1.2930148 1.2930148 1.2930148 1.2930148 1.2930148 1.2930148 1.2930148 1.2930148 1.2930148 1.2930148 1.2930148 1.2930148 1.2930148 0.80790234 0.7117882 0.06929588 0.06929588 0.06929588 0.5134909 0.06929588 0.06929588 0.80790234 0.80790234 0.80790234 0.80790234 0.80790234 0.80790234 0.80790234 0.80790234 0.80790234 0.06929588 0.06929588 0.80790234 0.1687293 0.1687293 0.1687293 0.1687293 0.1687293
0.7216177 0.7216177 0.7216177 0.7216177 0.7216177 0.7216177 0.0 0.91216636 0.91216636 0.91216636 0.91216636 0.91216636 0.91216636 0.91216636 0.91216636 0.7646103 0.7646103 0.7646103 0.7646103 0.7646103 1.0596188 1.0596188 1.0596188 1.0596188 1.2930081 1.2930081 1.2930081 1.2930081 1.2930081 1.2930081 1.2930081 1.2930081 1.2930081 1.2930081 0.06928849 0.711781 0.711781 0.51348376 0.51348376 0.51348376 0.06928849 0.06928849 0.80789495 0.80789495 0.80789495 0.80789495 0.80789495 0.80789495 0.80789495 0.80789495 0.80789495 0.06928849 0.06928849 0.80789495 0.80789495 0.1687212 0.1687212 0.1687212 0.1687212
0.7216115 0.7216115 0.7216115 0.7216115 0.7216115 0.7216115 0.0 0.91215897 0.91215897 0.91215897 0.91215897 0.91215897 0.91215897 0.91215897 0.91215897 0.91215897 0.76460266 0.76460266 0.76460266 0.91215897 1.1311758 1.0596122 1.0596122 1.0596122 1.2930021 1.2930021 1.2930021 1.294735 1.2930021 1.2930021 1.2930021 1.2930021 1.2930021 2.1484144 0.06928134 0.06928134 0.8078873 0.8078873 0.71089363 0.71089363 0.9414189 0.9414189 0.8078873 0.8078873 0.8078873 0.8078873 0.8078873 0.8078873 1.2930021 0.8078873 0.8078873 0.8078873 0.8078873 0.8078873 0.8078873 0.8078873 0.1687131 0.1687131 0.1687131
