Export/ASCII/RMeteo_SP_inch/speranza1/RMeteo_2016_SP4_inch.asc
ncols         660
nrows         338
xllcorner     1476100.0
yllcorner     5017100.0
cellsize      100
NODATA_value  -9.9e-20
[rows 162 to 188 of 338, columns 120 to 179 of 660]
1.511833 1.511833 1.5118332 1.5118332 1.5118337 1.5118337 1.5118337 3.2401543 2.9252617 2.9548066 1.5118341 1.5224118 2.9548066 1.5118341 1.5118341 2.1539607 2.1539607 2.1539607 2.1539607 1.5118344 1.5118344 1.5118344 1.5118344 1.5118344 1.5118344 1.5118346 1.5118346 1.5118346 1.5118351 1.5118351 1.5118351 2.1539617 2.1539617 2.153962 1.5118353 2.153962 2.527497 2.1539617 3.154511 2.503847 2.9252646 2.499583 2.499583 2.2977266 2.2977266 2.2977266 1.370431 1.9519043 2.2763762 1.9519043 1.9519043 1.9519045 1.9519045 1.9519045 1.3340938 1.3340938 1.3340938 1.951905 1.3340938 1.3340943
1.5117979 1.5117979 1.5117979 1.5117979 1.7911012 1.5117979 1.5117979 3.1391144 2.925215 3.121833 1.5117984 2.925216 2.2672136 2.1539075 2.153908 2.153908 2.1539085 2.1539085 2.1539085 1.5117989 1.5117989 1.5117989 1.5117989 1.5117989 1.5117989 1.5117991 1.5117991 1.5117993 1.5117993 1.5117993 2.1539087 2.1539087 2.1539087 2.153909 2.153909 2.153909 2.1539094 2.1539094 2.1726494 2.1726494 2.267216 3.797721 2.4995325 2.2976727 2.2976727 2.3936641 1.3340566 1.3340566 1.9518523 1.9518523 1.9518523 1.9518528 3.479476 1.9518528 1.9518528 1.3340569 3.4794765 1.9518528 1.9518528 1.951853
1.7910621 1.5117621 1.5117621 1.7910621 1.5117624 1.5117624 3.2400613 3.1217835 2.1538548 2.153855 2.153855 2.1538556 2.1538556 2.1538556 2.1538556 2.1538556 2.153856 2.153856 2.153856 1.5117633 2.1538568 2.1538568 2.153857 2.153857 2.1538577 3.93213 1.5117643 1.5117643 1.5117643 1.5117643 1.5117643 1.5117643 1.5117643 2.153858 2.153858 2.153858 2.1538582 2.1538582 2.1538582 2.1538582 2.9251697 3.7976928 2.6000702 2.3936136 2.3936136 2.499481 1.3340197 1.3340197 1.9518006 1.9518006 1.9518008 1.9518008 2.2858946 1.9518008 1.9518013 1.9518013 1.9518013 2.2858949 1.9518013 1.9518013
1.5117264 2.1538026 2.1538029 1.5117266 2.1538029 2.1538029 2.2898536 2.4914634 2.1538036 2.1538036 2.1538036 2.153804 2.153804 2.153804 2.9251215 2.1538038 2.1538038 1.5117276 2.1538038 2.153804 2.153804 2.153804 2.2239532 3.932085 3.932085 4.5388284 1.5117285 1.5117285 1.5117285 1.5117285 1.5117285 1.5117285 1.5117285 2.1538055 2.1538055 2.1538055 2.153806 2.153806 2.153806 2.153806 3.1217387 2.393563 2.4994295 2.393564 1.3703189 2.4994304 1.3339825 1.3339825 1.9517491 1.9517491 3.479382 3.479382 1.9517493 1.9517493 1.9517493 1.9517493 1.9517493 1.9517493 1.9517496 1.9517496
2.15375 2.15375 2.1537504 2.1537504 2.153751 2.153751 2.153751 2.153751 2.153751 2.153751 2.153751 1.5116918 2.9250734 2.9250734 2.9250739 2.1537514 1.511692 1.511692 2.1537516 2.1537519 2.1537519 2.2239118 2.2239118 2.7533274 2.1537523 2.6383135 2.1537523 2.1537523 1.5116925 1.5116925 1.5116925 1.5116925 1.5116925 2.1537528 2.1537528 2.1537528 2.153753 2.153753 2.153753 2.1537535 3.1216905 2.4993775 3.797637 1.3702812 2.2975097 2.381259 2.3935125 2.3935125 2.3935125 2.2975101 4.019895 1.9516971 1.9516971 1.9516971 1.9516976 1.9516976 2.8483746 2.8483746 1.9516978 1.9516978
2.4913545 2.1536982 2.1536984 2.4913545 2.153699 2.153699 2.153699 2.153699 2.153699 2.9250267 2.5035787 2.5035787 2.6531456 2.9250267 1.5116565 1.5116565 1.5116565 1.5116565 1.5116565 2.9250276 2.2238698 2.349928 2.2238698 2.1537004 2.1537004 2.1537004 2.1537004 2.1537006 1.511657 1.511657 1.5116572 1.5116572 2.1537006 2.153701 2.153701 2.153701 2.1537013 2.1537013 2.1537013 2.1537013 3.1216424 2.4993265 2.393462 1.3339081 2.2974565 2.2974565 2.4993274 2.393463 2.4993274 2.393463 4.1189604 1.9516459 2.2974567 1.9516459 1.9516459 1.9516459 3.7976098 3.7976098 1.9516463 2.393463
2.1536458 2.1536458 2.1536458 2.1536458 2.153646 2.172383 2.5035253 2.653091 2.924978 3.1215913 2.5271719 1.522197 2.5271719 3.1215923 2.924979 1.511621 1.511621 1.511621 2.9249794 3.1215928 2.2354283 2.2354283 2.2354283 2.1536472 2.153648 2.153648 2.153648 2.1536481 2.1536481 1.511622 1.511622 1.511622 2.1536484 2.1536486 2.1536486 2.1536486 2.1536489 2.1536489 2.1536489 2.1536489 3.1215942 2.4992745 2.4992745 2.393411 2.393411 2.393411 2.653639 2.3934119 2.4992754 2.4992754 3.0258553 2.3934124 1.9515946 2.3934124 1.9515946 2.3934124 3.7975824 3.7975824 2.3934128 2.4992764
2.1535938 2.1535938 2.1535938 2.1535938 2.4912467 2.1535943 2.5271187 2.5034728 2.9249327 3.121545 2.9544709 1.5115852 1.522161 2.9249327 2.9249327 1.5115852 1.5115857 1.5115857 2.653039 2.153595 2.153595 2.1535954 2.1535954 2.1535954 2.7396486 2.1535957 2.1535957 2.1535962 2.1535962 2.1535962 2.1535966 2.1535966 2.1535966 2.1535966 2.1535966 2.1535966 2.1535969 2.1535969 2.1535969 2.1535969 3.1215465 2.499224 2.499224 2.499224 2.3933609 2.3933609 2.6215093 2.297349 3.206109 3.9103646 3.282435 3.2061095 3.797554 2.499224 2.3933609 2.499224 3.797554 3.797554 2.4992244 2.4992244
2.1535413 2.491192 2.5034184 2.1535416 2.2668445 2.9248836 1.5796802 1.51155 3.121495 2.9248836 3.121495 2.924885 3.239788 2.2237458 2.4030914 1.51155 1.51155 1.51155 2.1535428 2.1535428 2.1535428 3.9318576 2.1535428 2.1535428 2.1845863 2.1535432 2.1535437 2.1535437 2.1535437 2.153544 2.153544 2.153544 2.1535444 2.1535444 2.1535444 2.491195 2.1535447 2.1535447 2.1535447 2.153545 2.924887 2.499173 2.4991734 2.4991734 2.3933113 2.4991734 2.4991739 2.2972946 3.1058676 3.1058676 3.1058676 3.1058676 1.6408701 2.4991739 3.0044398 3.0044398 2.3933117 3.7975268 2.4991739 2.4991739
4.4418344 3.145019 2.5033655 2.5033655 2.15349 2.9248369 1.511514 1.511514 2.2667933 2.1534905 3.1214473 2.9248369 2.2667933 2.1534908 2.1534908 2.5033665 2.5033665 2.1534908 2.1534908 2.1534908 2.6085663 2.9248378 3.931812 2.153491 2.1534913 2.1534913 2.1534917 2.1534917 2.1534917 2.1534917 2.1534917 2.1534917 2.153492 2.153492 2.153492 2.153492 2.153492 2.153492 2.9248388 2.9248388 3.1214492 2.3932598 2.6954 2.3932598 2.499121 2.4991214 3.9103067 2.0987644 2.0987644 3.797498 3.797498 3.797498 3.9806688 2.4991214 2.9206429 2.9206429 2.4991214 3.7974982 2.4991214 2.3932602
4.441807 1.8861358 4.4418077 5.6646934 2.9247901 3.2396936 2.9247901 1.5114787 2.153438 2.153438 2.2667406 3.1214006 2.1534383 2.1534386 2.5082219 2.1534388 2.5269575 2.1534388 2.1534388 2.1534388 2.924792 1.5114799 3.0369835 2.1534388 2.1534388 2.1534388 2.153439 2.153439 2.4910862 2.1534395 2.1534395 2.1534395 1.5114803 2.1534398 2.1534398 2.503315 1.5114806 1.5114806 3.1214035 3.1214035 3.1214035 2.4990704 2.4990704 2.3932102 1.3700566 1.3700569 3.1057901 3.1057901 2.0987277 3.7974708 3.7974708 2.3932106 2.9205933 2.499071 2.6711729 2.2971866 2.3809319 1.640851 2.499071 2.499071
4.44178 1.8861175 4.44178 3.386084 3.593238 2.5032587 2.924743 2.1533852 2.1533854 1.5114427 1.5114431 2.2666876 2.1533859 2.1533859 2.1533859 2.153386 2.9542787 2.924744 2.526903 2.5032601 2.2666879 2.5032606 2.526904 2.153387 2.153387 2.5032606 2.503261 1.5114441 1.5114441 2.1533873 2.1533873 2.1533873 1.5114441 1.5114441 1.5220189 1.5114441 1.5114441 1.5114441 3.1213539 3.1213539 3.1213539 2.499017 2.499017 2.499017 1.3336852 1.3336852 3.1057515 3.1057515 1.6408408 3.1057515 3.7974422 2.499018 3.14012 2.4990184 2.4990184 2.2971325 2.2971325 1.6408408 2.4990184 2.4990184
4.4417524 1.8861 3.097289 3.386044 3.4140816 3.0972896 2.2666352 2.153334 2.153334 1.5114079 1.5114079 1.5114079 2.1533341 2.1533346 2.1533346 2.350337 2.9246962 3.1213043 3.931675 2.5032072 2.5032072 2.52685 2.52685 2.1533346 2.1533346 1.5317099 1.5114088 1.5114088 1.5114088 2.1533349 2.1533349 2.1533349 2.5032082 1.5114088 1.5114088 1.5114088 2.924698 2.924698 3.1213067 3.239604 2.924698 2.498967 2.2970772 2.3808212 2.2970772 2.297078 4.900225 4.900225 3.7974143 4.900225 4.900225 2.498968 2.6710608 2.393109 2.599551 2.393109 2.393109 1.6408312 3.9102204 1.3699827
1.8860824 1.8860826 4.441725 4.4417257 3.09725 3.0972505 2.1532815 2.1532815 2.1532815 1.5113726 1.5113726 1.5113726 2.1532815 2.1532817 2.1532817 2.1532822 2.9246504 3.1212575 3.5714843 2.1532822 2.5267966 2.5267966 2.9541838 2.9246514 1.511373 1.511373 1.5113733 1.5113733 1.5113733 2.1532836 2.1720173 2.5031552 2.526798 1.511374 1.511374 2.5031557 2.5031557 2.652718 3.1212595 2.9246519 2.9246519 2.498916 2.2970238 2.2970238 2.9204462 2.9204466 3.4789133 4.900185 3.797387 3.7973871 4.900185 3.7973871 2.4989164 2.3930585 2.4989164 2.4989164 2.4989164 1.6408215 3.7973871 1.333611
1.886064 1.8860643 3.3859653 3.3859658 3.097211 2.4908683 2.1532288 2.7392704 2.1532288 1.5113368 1.7905917 1.5113368 2.1532292 2.1532292 2.1532292 2.2665303 2.1532295 1.5701408 3.1898024 2.9246027 1.5219116 1.5219116 1.6067822 2.15323 1.5113375 1.5113375 1.5113375 1.5113375 1.5113375 1.511338 1.511338 1.511338 1.5219123 1.5113382 1.7984426 1.5113382 1.5219123 2.9541361 3.1212103 3.1212103 4.658043 5.012949 4.9001455 2.393007 2.6709478 2.6709478 3.3964758 3.9805028 3.7973597 3.7973597 1.6408117 1.6408117 2.498865 2.498865 2.498865 2.498865 2.498865 1.6408117 3.7973597 1.333574
1.8860462 2.1468663 3.3859262 3.7801843 3.0971718 3.0971723 3.137476 2.1531768 2.153177 2.153177 2.1531773 2.1531773 2.153178 2.4908154 2.153178 2.153178 2.924556 1.511302 1.6317677 2.924556 2.924556 1.5113022 1.5113022 2.1531787 2.1531787 1.5113025 1.5113027 4.439911 1.511303 1.511303 1.511303 1.511303 1.511303 1.511303 1.511303 1.511303 1.511303 4.2402873 1.4936754 2.6526105 1.8860476 4.9001055 4.9001055 2.4988115 2.4988115 2.498812 2.6708925 3.9804695 1.6408014 3.7973316 1.6408014 1.6408014 2.4988139 2.392958 2.5993946 2.4988139 2.4988139 3.797332 2.847948 1.9511282
4.4416437 3.0971322 4.4416437 3.3858871 3.3858871 3.0971327 3.0971327 2.153125 2.153125 2.153125 2.1531253 2.1531253 2.1531253 2.1531253 2.1531253 2.1531255 3.8492765 2.9245079 2.9245079 2.9245079 3.1211126 2.9245074 1.5112662 2.9245074 2.153126 1.511267 1.511267 1.6937101 1.511267 3.931495 3.1211126 2.9245093 3.931495 3.931495 1.5112674 1.5112674 1.5112674 2.3806086 2.9245098 2.9540408 5.524992 4.9000664 4.9000664 3.7973034 2.3929064 2.498761 2.498761 3.7973034 1.6407919 1.6407919 3.7973034 1.6407919 2.498761 2.498761 2.498761 2.498761 2.3929064 3.7973037 2.847909 1.951077
4.441617 3.0970929 3.3858473 3.3858476 3.9539084 3.097093 3.6435404 3.0970936 3.0970936 3.0970936 3.097094 3.097094 2.9244616 2.9244616 2.1530728 3.7847419 2.924462 2.924462 3.2393737 2.924462 3.1210663 3.1210663 2.924462 3.1210663 1.5112312 1.5112314 1.5112314 1.5112314 1.5112314 4.5381985 3.1210668 2.9244626 3.5445673 3.5445673 1.5112314 1.5112314 2.5029418 2.6999006 1.4936391 2.266374 3.0970955 4.9000263 4.9000263 3.7972753 2.498709 2.498709 2.498709 2.3928554 3.7972753 1.6407821 3.7972753 1.6407821 1.7535834 2.2968085 2.3805487 2.4987104 2.4987104 3.7972755 2.8478703 1.951025
2.9244115 2.9244115 3.385808 3.3858085 5.521239 3.385809 3.097054 3.0970542 3.0970542 3.0970542 3.0970545 4.802972 4.4415894 2.652446 3.0005677 2.924414 2.924414 2.0191302 2.9244144 2.9244144 3.1210177 3.2393265 2.9244144 3.1210182 1.511195 1.5111957 1.5111957 1.5111957 1.5111959 3.6264298 3.1210186 3.1210186 3.189572 4.2216363 1.4936215 1.5111964 2.5715618 2.5028899 1.7744421 2.1530235 3.097056 4.899986 4.899986 3.7972474 3.910047 2.4986584 2.4986584 2.4986584 3.7972474 1.6407728 3.7972474 1.6407728 1.6407728 2.2967536 2.2967536 2.4986584 2.4986594 3.797248 3.797248 1.9509735
5.521201 4.4415617 2.5028331 3.385769 3.385769 3.385769 3.385769 3.0970144 3.0970144 3.0970144 4.4415617 4.4415617 3.3857698 2.571505 2.5028346 2.5028346 3.4378612 2.9243672 3.2392807 1.4936029 3.12097 4.319544 3.9313579 3.12097 2.9243672 1.5111601 2.9243677 2.15297 2.1529706 2.4403977 1.4936031 1.7018491 3.120971 4.538109 1.7744228 1.4936031 1.5217333 1.5111609 1.8331232 2.9243681 2.9243681 4.8999467 4.8999467 4.8999467 3.7972198 2.498607 2.498607 2.3927548 2.4986074 1.6407626 1.6407626 1.6407628 1.6407628 2.3927557 2.3927557 2.4986079 3.910019 3.7972202 4.8999476 1.9509215
4.441534 4.4727 3.3857296 2.5027802 3.3857296 3.38573 3.38573 3.0969756 3.0969756 4.441535 4.441535 4.441535 4.503867 2.5027807 2.5027812 2.8925512 2.1529174 2.4290154 2.9243195 2.9243195 2.65234 4.6457314 3.9313128 2.266216 3.1209219 2.92432 3.1209219 2.152918 2.1529183 2.1529183 2.1529183 2.1529186 3.74015 3.9313138 1.493585 1.7744042 1.493585 1.493585 2.3852978 2.152919 2.2662172 2.2985232 3.1054013 3.7971923 3.1054013 1.3823735 1.4936258 2.4985569 2.4985569 3.7971926 3.7971926 3.7971926 2.3927057 2.3927057 2.4985569 2.4985569 3.7971926 3.7971926 4.899908 2.0983577
4.4415073 4.4415073 4.4415073 2.9242713 2.9242713 2.9242718 4.4415083 5.521125 4.4415083 4.4415083 4.4415083 4.4415083 2.9242718 2.9242718 3.989901 2.152865 2.2661622 2.9242718 2.9242718 3.1740854 2.5027287 2.5027287 3.9312665 2.2661633 2.1528656 2.6522868 2.9242728 2.152866 2.490493 2.152866 2.9242733 2.9242733 3.765933 2.1528661 2.4527287 2.9242733 2.9242733 2.2996416 2.152867 2.152867 2.152867 1.9508171 2.2965913 3.7971637 3.7971642 1.7998986 1.3823606 2.4985049 2.4985049 3.7971642 3.7971642 3.7971642 2.4985049 2.4985049 3.7971642 4.022758 3.7971642 1.6407433 1.6407433 2.098321
4.4414806 4.4414806 4.657817 2.9242241 3.239141 2.9242241 4.4414806 4.4414806 4.4414806 4.4414806 4.4414806 5.019195 2.9242246 3.710216 2.9242256 2.4904373 2.1528127 2.6522315 2.6522315 2.924226 2.5026753 3.6581702 3.931222 2.152813 2.152813 2.499727 2.5026758 2.152814 2.1528141 2.2661114 2.1528141 2.2661116 2.2661116 3.931223 1.4935492 2.924226 3.1208265 2.1528144 1.5110545 1.5110545 1.5110545 1.9507654 2.3926032 3.7971358 2.8476748 2.8476748 3.7971358 2.4984524 2.3926032 3.9099321 3.7971363 3.7971365 3.9099324 3.9099324 3.7971365 3.7971368 3.7971368 3.7971368 3.7971368 3.7971368
4.4414525 4.4414525 4.8721604 2.9241774 3.3084278 2.9241774 2.9241774 2.9241774 4.4414525 4.4414525 4.4414525 3.096857 2.4702835 2.15276 2.9241784 2.9241784 2.15276 2.5491335 2.502622 3.2736852 2.5026224 3.1290874 2.5026224 2.490384 2.1527607 2.152761 2.152761 2.1527612 2.1527612 2.1527612 2.1527617 2.1527617 2.1527617 4.537928 1.7743479 2.9241793 3.1207788 2.1527627 1.511019 2.001943 1.5110192 1.3332391 2.4984014 2.392553 2.847637 2.847637 3.7971084 3.7971084 1.753519 1.640724 1.640724 3.7971084 3.7971084 3.7971084 3.7971084 3.1052861 3.1052861 3.7971084 3.7971084 2.392554
4.441426 4.441426 4.441426 3.258046 2.9241302 4.441426 5.0862427 2.9241302 2.9241302 4.441426 3.3855734 3.0968184 2.1527085 2.1527085 3.23905 2.9241307 3.1475146 2.9241307 3.23905 2.502569 2.502569 2.571231 2.5025694 2.9241312 3.1207292 2.9241312 2.1527097 2.15271 2.15271 2.15271 2.1527102 2.1527102 2.1527102 2.8041139 2.9241316 1.7017547 3.120731 2.9241326 1.5109837 1.5109837 1.5109837 1.3332016 2.016318 2.4983494 2.3925016 2.8475978 2.8475978 3.7970808 3.1052465 3.1052465 1.6407137 3.7970812 3.1052465 3.1052465 3.7970812 3.105247 3.105247 3.105247 3.7970812 2.392503
4.4413977 4.4413977 4.4413977 3.2390027 2.924084 4.4413977 4.4413986 3.120682 2.924084 2.5025146 3.0967789 3.0967793 2.1526563 2.5084925 2.9240844 3.2390046 2.9240844 3.431403 2.9240844 2.549025 2.5261505 2.5025156 3.2390046 2.9240844 2.2659535 2.1526575 2.1526575 2.1526577 2.1526577 2.1526577 2.152658 2.152658 2.152658 2.1526585 2.1526585 3.188195 3.239006 2.9240859 2.9240859 1.5109489 1.5109489 1.9506102 1.9506102 2.4982984 2.4982984 4.8997087 4.8997087 3.7970529 1.6407039 3.1052074 1.6407042 1.6407042 3.1052077 3.1052077 3.797053 1.6407042 3.1052082 3.1052082 3.797053 2.4983003
4.4413705 4.4413705 4.8892384 2.9240363 2.9240367 4.4413705 4.4413705 5.079156 2.9535596 2.5260956 3.3854942 3.0967398 2.1526039 2.1526039 4.2682343 2.9240367 4.9205503 3.5441473 4.15442 3.1206334 3.1474183 3.1378 2.9240372 2.9240372 2.1526046 2.1526046 2.1526046 2.1526046 2.1526046 2.1526046 2.1526048 2.1526048 2.1526048 2.1526053 2.1526053 2.2659009 3.3009126 2.9240382 1.5697136 2.1526055 2.1526055 1.950558 2.3924015 2.4982474 2.4982474 3.4783022 4.8996687 4.8996687 1.6406939 1.6406939 3.7970252 3.7970252 1.6406941 1.6406941 3.7970252 1.6406944 3.7970252 3.7970252 3.7970252 3.9098172
