Export/ASCII/RMeteo_SP_inch/speranza1/RMeteo_2014_SP3_inch.asc
ncols         660
nrows         338
xllcorner     1476100.0
yllcorner     5017100.0
cellsize      100
NODATA_value  -9.9e-20
[rows 35 to 69 of 338, columns 395 to 473 of 660]
0.64592767 0.0 0.30820715 0.30820715 0.30820715 0.30820715 0.30820715 0.30820715 0.30820715 0.0 0.0 1.1941321 1.1941321 1.1941321 1.1941321 0.0 0.30820715 1.0008626 0.19325733 0.19325733 0.19325733 0.19325733 0.19325733 0.19325686 0.0 0.3082068 1.0008626 1.0008626 1.0008626 1.0008626 1.0008626 1.0008626 0.19325662 1.0008626 1.0008626 1.0008626 0.30820668 0.0 1.0008625 0.19325662 0.19325662 0.19325662 0.19325662 0.19325662 0.19325662 0.19325662 0.19325662 0.19325638 0.0 0.19325638 0.19325638 0.19325638 0.19325638 0.0 0.0 0.0 0.0 0.0 1.0008621 1.0008621 0.0 0.0 0.0 0.0 0.0 0.0 0.19325638 0.19325638 0.19325638 0.19325638 0.19325638 0.1932559 0.1932559 0.1932559 0.1932559 0.1932559 0.1932559 0.1932559 0.0
0.6459222 0.6459222 0.30820262 0.30820262 0.30820262 0.30820262 0.3082025 0.3082025 0.3082025 0.0 0.0 1.1941261 1.1941261 0.0 0.0 0.0 0.30820227 1.0008581 0.19325256 0.19325256 0.19325256 0.19325256 0.19325256 0.30820215 0.30820215 0.30820215 1.0008581 1.0008581 1.0008578 1.0008578 0.19325256 0.19325256 0.19325256 1.0008578 1.0008578 1.0008578 1.0008578 1.0008578 0.19325256 0.19325256 0.19325233 0.19325233 0.19325233 0.19325233 0.19325233 0.19325233 0.19325233 0.0 0.12469363 0.19325233 0.19325233 0.19325233 0.19325233 0.0 0.0 0.0 0.0 0.19325233 0.3082019 0.0 0.0 0.0 0.0 0.0 0.0 0.0 0.19325209 0.19325209 0.19325209 0.19325209 0.19325209 0.19325209 0.19325209 0.19325209 0.19325209 0.19325209 0.19325209 0.19325209 0.5367726
0.64591694 0.64591646 0.64591646 0.30819798 0.30819798 0.30819798 0.30819786 1.0008534 1.0008534 1.0008534 1.0008534 1.0008534 1.0008534 1.0008534 1.0008534 1.0008534 0.0 1.0008534 1.0008534 0.19324899 0.19324899 0.19324899 0.0 0.0 0.30819786 0.30819786 1.0008531 1.0008531 1.0008531 1.0008531 1.0008531 0.19324851 0.19324851 1.0008531 0.19324851 1.0008531 1.0008531 1.0008531 0.19324803 0.19324803 0.19324803 0.19324803 0.19324803 0.19324803 0.19324803 0.19324803 0.19324803 0.19324803 0.0 0.0 0.1932478 0.1932478 0.1932478 0.1932478 0.1932478 0.0 0.0 0.1932478 0.44351196 0.30819726 0.0 0.0 0.0 0.0 0.1932478 0.1932478 0.0 0.0 0.0 0.0 0.1932478 0.1932478 0.1932478 0.1932478 0.1932478 0.1932478 1.161447 1.1508751 0.6321666
0.30819368 1.161443 1.0008488 1.0008488 1.0008488 1.0008488 1.0008487 1.0008487 0.0 0.0 0.0 0.0 1.1941137 1.0008487 1.0008487 1.0008487 1.0008484 1.0008484 1.0008484 1.0008484 1.0008484 0.0 0.0 1.0008482 1.0008482 0.30819333 1.0008482 1.0008482 0.30819333 0.30819333 1.0008482 1.0008482 0.19324422 0.19324422 0.19324422 0.19324422 1.000848 1.000848 0.19324422 0.19324422 0.19324422 0.19324422 0.19324422 0.19324398 0.19324398 0.19324398 0.19324398 0.19324398 0.19324398 0.19324398 0.19324398 0.19324398 0.19324398 0.19324398 0.19324398 0.19324398 0.19324398 0.19324398 0.19324398 1.000848 0.0 0.0 0.30819297 0.30819297 0.19324374 0.19324374 0.19324374 0.0 0.0 0.0 0.1932435 0.1932435 0.1932435 0.19324327 0.19324327 1.0008478 1.1614411 0.6459091 0.11857295
0.3081894 0.3081894 1.0008442 0.0 0.0 1.0008442 0.0 0.0 0.0 0.0 0.0 0.0 1.1941082 1.1941082 0.0 0.0 1.000844 1.0008439 1.0008439 1.0008439 0.19324017 0.0 0.0 0.0 0.19324017 0.30818915 1.0008439 1.0008439 1.1614366 0.0 1.0008439 1.0008439 0.19324017 0.19324017 0.19324017 0.19323993 1.0008434 1.0008434 0.19323993 0.19323993 0.19323993 0.19323993 0.19323993 0.19323993 0.19323993 0.19323993 0.19323993 0.19323993 0.19323993 0.19323993 0.19323993 0.19323993 0.19323993 0.19323993 0.19323993 1.0008432 1.0008432 0.0 1.0008432 1.0008432 1.0008432 1.0008432 1.1508662 0.30818832 1.0008432 0.19323993 0.19323993 0.19323993 0.19323969 0.19323969 0.19323969 0.19323969 1.0008432 1.0008429 0.19323969 0.3081882 1.1614354 0.6459036 0.11857009
0.30818486 0.30818486 0.0 0.0 0.0 0.0 0.0 0.0 0.0 0.0 1.1941023 1.1941023 1.1941023 1.194102 0.0 0.0 0.0 1.0008391 1.0008391 1.0008391 1.0008391 0.3081845 0.3081845 1.0008391 1.0008391 0.3081844 1.1508619 1.1508619 1.1614306 1.0008389 1.0008389 0.1932354 0.1932354 0.1932354 0.1932354 0.1932354 0.1932354 0.1932354 0.1932354 0.1932354 0.1932354 0.1932354 0.1932354 0.1932354 0.1932354 0.1932354 0.1932354 0.1932354 0.1932354 0.1932354 0.1932354 0.1932354 0.1932354 0.1932354 0.1932354 1.0008389 1.0008389 0.0 0.3081839 0.0 1.0008388 1.0008388 1.0008388 1.0008388 1.0008388 0.1932354 0.1932354 0.1932354 0.1932354 0.1932354 0.1932354 0.1932354 1.0008384 1.0008384 1.0008382 0.3081838 0.3081838 0.6458981 0.11856699
1.000835 1.000835 0.0 0.0 0.0 0.0 1.1940963 1.1940963 1.000835 1.1940963 1.1940963 1.1940961 1.1940961 1.1940961 0.0 0.0 0.0 0.0 1.000835 1.000835 1.1508573 1.000835 1.0008348 1.1508572 0.0 0.0 1.1508572 0.0 0.0 1.0008345 1.0008345 0.19323206 0.19323206 0.0 0.0 0.19323206 0.19323206 0.19323206 0.19323182 0.19323182 0.19323182 0.19323182 0.19323182 0.19323158 0.19323158 0.19323158 0.19323158 0.19323158 0.19323158 0.19323158 0.19323158 0.19323158 0.19323158 0.19323158 1.0008341 1.0008341 1.0008341 1.0008341 1.0008341 1.0008341 0.3081795 1.0008341 1.0008341 0.19323134 0.19323134 0.1932311 0.1932311 0.1932311 0.1932311 0.1932311 0.1932311 0.1932311 0.3081795 1.1614242 1.1614242 0.3081795 0.3081795 0.3081795 0.11856365
1.00083 0.0 0.0 0.0 0.0 1.0008299 1.0008299 1.0008299 1.0008299 1.0008299 1.1508524 1.1508524 1.1508524 1.1614187 1.1614187 1.1614187 1.1614187 0.0 1.0008297 1.1508524 1.1508524 0.30817568 0.30817568 1.1508524 1.1508524 0.0 0.0 1.0008295 1.0008295 1.0008295 1.0008295 0.19322729 0.0 0.0 0.0 0.0 0.19322729 0.19322729 0.19322729 0.19322729 0.19322729 0.19322729 0.19322729 0.19322729 0.19322729 0.19322729 0.19322729 0.19322729 0.19322729 0.19322729 0.19322729 0.19322729 0.19322729 0.19322729 1.0008292 0.30817533 0.30817533 1.0008292 1.0008292 1.0008292 0.0 0.0 1.0008291 0.19322681 0.19322681 0.19322681 0.19322681 0.19322681 0.19322681 1.000829 1.000829 0.3081751 1.000829 1.000829 0.3081751 0.3081751 0.3081751 0.3081751 0.06821203
1.0008253 0.0 0.0 0.0 1.0008253 1.0008253 1.0008253 0.19322348 0.19322348 0.19322348 1.1940835 0.44348526 1.1614134 1.1614134 0.6458819 1.1614134 1.0008253 0.0 0.30817127 1.1940835 1.0008253 0.30817127 0.30817127 0.0 0.0 1.0008253 0.0 1.0008253 1.0008253 1.0008253 1.0008253 0.19322324 0.0 0.0 0.0 0.0 0.0 0.19322324 0.19322324 0.19322324 0.19322324 0.19322324 0.19322324 0.19322324 0.19322324 0.19322324 0.19322324 0.19322324 0.19322324 0.19322324 0.19322324 0.19322276 0.19322276 0.19322276 0.0 0.0 0.0 0.30817056 0.30817056 0.0 0.0 0.0 1.0008243 1.0008243 0.19322276 0.19322276 0.19322276 0.19322276 0.19322276 1.0008243 1.0008242 1.1508467 0.19322276 0.19322276 0.30817008 0.30817008 0.30817008 0.30817008 0.068210006
0.0 0.0 0.0 1.0008205 1.0008205 0.19321942 0.19321942 0.19321942 0.19321942 0.19321942 1.0008208 0.4434805 1.1614077 1.1614077 1.1614077 1.0008204 1.0008204 0.0 0.0 1.1940777 1.0008204 0.30816686 0.30816686 0.30816686 1.0008204 1.0008204 1.0008204 1.0008204 0.19321895 1.0008202 1.0008202 0.0 0.0 0.0 0.0 0.0 0.0 0.19321895 0.19321895 0.19321895 0.19321895 0.19321895 0.19321895 0.19321895 0.19321895 0.19321895 0.19321895 0.19321895 0.19321895 0.19321895 0.19321895 0.19321895 0.0 0.0 0.0 0.0 0.0 0.30816603 0.30816603 0.0 1.1508418 1.1508418 1.0008199 1.0008199 0.193218 0.193218 0.193218 0.193218 1.0008198 0.193218 1.0008198 1.1508418 1.1508418 0.193218 0.3081659 0.3081659 0.3081659 0.3081658 0.0682081
0.0 0.0 0.0 1.0008161 1.0008161 0.1932149 0.1932149 0.1932149 0.1932149 0.1932149 0.1932149 0.1932149 1.1508379 0.30816185 1.1614013 1.0008157 1.0008157 1.1508379 0.0 0.30816185 1.0008157 0.30816185 0.30816185 0.30816185 1.0008155 0.19321465 1.0008155 1.0008155 1.0008155 0.19321465 0.19321465 0.19321465 0.0 0.0 0.0 0.19321465 0.19321465 0.19321465 0.19321465 0.19321465 0.19321465 0.19321465 0.19321465 0.19321465 0.19321465 0.19321465 0.19321465 0.19321465 0.19321465 0.19321465 0.19321465 0.0 0.0 0.0 0.0 0.0 0.0 0.30816174 0.0 0.0 1.1508373 1.1508373 1.1508373 1.000815 0.19321442 0.19321442 0.19321442 0.19321418 1.000815 1.000815 1.000815 0.3081615 1.1508371 0.3081615 0.30816138 0.30816138 0.30816138 1.0008148 0.536754
0.0 0.0 0.0 1.0008112 0.1932106 0.1932106 0.1932106 0.1932106 0.1932106 0.0 0.0 0.1932106 0.124638796 0.30815756 1.0008112 1.0008112 1.1508329 1.1508329 0.0 0.0 0.30815756 1.1508328 0.30815744 0.30815744 0.4434712 0.1932106 0.1932106 0.1932106 0.1932106 0.6458638 0.1932106 0.1932106 0.0 0.0 0.0 0.1932106 0.1932106 0.1932106 0.1932106 0.1932106 0.1932106 0.1932106 0.1932106 0.0 0.0 0.0 0.0 0.0 0.19321012 0.19321012 0.19321012 0.0 0.19321012 0.0 0.19321012 1.0008105 0.30815732 0.0 0.0 0.0 0.0 0.0 0.0 1.0008103 1.0008103 1.0008103 1.0008103 1.0008103 0.3081572 0.3081572 0.3081572 0.3081572 0.3081572 0.3081572 0.3081572 1.1508323 1.00081 1.00081 0.536752
0.0 0.0 0.3081535 1.0008065 1.0008065 1.0008065 0.19320679 0.19320679 0.19320679 0.0 0.0 0.0 0.124632835 0.19320655 1.0008065 1.0008065 1.1508285 1.1940596 0.30815327 0.0 0.0 1.1508284 0.30815315 0.30815315 0.30815303 1.0008062 0.19320631 0.19320631 0.19320631 0.19320631 0.19320631 0.19320631 0.0 0.0 0.0 0.19320631 1.000806 1.000806 1.000806 1.000806 1.000806 1.000806 1.000806 0.30815303 0.0 0.0 0.12463236 0.0 0.44346666 0.44346666 0.19320631 0.19320607 0.19320607 0.19320607 0.19320607 1.000806 0.30815303 0.0 0.0 0.0 0.0 0.0 0.0 1.000806 1.0008057 1.0008057 1.0008057 1.0008056 1.0008056 1.0008056 1.0458733 1.1508279 1.0008056 1.0008056 1.0008056 1.1508279 1.0008056 1.0008056 0.0
0.0 0.0 0.0 0.30814898 1.0008017 1.0008017 0.1932025 0.1932025 0.1932025 0.0 0.0 0.0 0.0 0.0 0.0 0.30814898 1.0008014 1.1940534 1.1940534 0.0 0.0 1.1940534 1.1508235 0.30814898 0.30814898 1.0008014 1.0008014 1.0008014 0.19320226 0.0 0.0 0.44346213 0.0 0.0 0.0 1.0008014 1.0008014 1.1508234 1.0008013 0.0 0.0 0.0 0.30814874 0.30814874 0.30814874 0.0 0.0 0.0 0.0 0.0 0.19320202 0.19320202 0.19320202 0.19320202 0.19320202 1.0008011 0.30814826 0.0 0.0 0.0 0.0 0.0 0.0 1.0008008 1.0008008 1.0008008 1.0008008 1.0008008 1.0008008 1.0008008 1.0008008 0.0 1.0008008 1.0008008 1.0008008 0.30814815 1.0008008 0.19320154 0.0
0.0 0.0 1.000797 1.150819 1.000797 0.19319797 0.19319797 0.19319797 0.19319797 0.0 0.0 0.0 0.0 0.0 0.0 0.0 1.0007968 1.1940475 1.1940475 0.0 0.0 1.150819 1.150819 1.1940472 0.30814433 1.0007968 1.0007968 0.30814433 1.1508187 1.1508187 1.1508186 1.1508186 0.30814433 0.19319773 0.19319773 1.1508186 1.1508186 1.1508186 0.11772275 0.0 0.0 0.0 0.0 1.0007967 1.0007966 1.0007963 0.44345737 0.0 0.0 0.19319749 0.19319749 0.19319749 0.19319749 0.19319749 0.19319749 1.0007962 0.30814397 0.0 0.0 0.0 0.0 0.0 0.0 0.0 1.0007964 0.30814373 0.30814373 0.0 1.0007964 1.0458641 1.1508183 0.0 1.0007962 0.0 0.0 0.30814362 1.0007961 0.19319749 0.0
0.0 0.0 1.0007923 1.1508143 1.0007923 1.0007921 0.19319391 0.19319391 0.35810518 0.0 0.0 0.0 0.0 0.0 0.0 0.19319391 0.19319391 0.0 1.1508139 0.30813968 0.0 0.0 0.0 1.1940413 1.1940413 1.0007921 0.30813968 0.30813968 1.1508139 1.1508139 1.1508137 1.1508137 1.0007921 0.19319367 0.19319391 1.0007921 1.0007921 1.0007921 0.0 0.0 0.0 0.0 0.0 1.000792 1.000792 1.000792 1.000792 0.19319367 0.19319367 0.19319367 0.19319367 0.19319367 0.19319367 0.19319367 0.19319344 1.0007918 0.0 0.0 0.0 0.0 0.0 0.0 0.0 1.0386906 0.0 0.0 0.3081391 1.1508132 1.1508132 1.1508132 1.1508132 0.3081391 0.0 0.0 0.0 0.0 1.0007911 0.19319272 0.0
0.0 1.0007876 1.0007875 1.0007875 0.30813527 0.19318986 0.19318986 0.19318986 0.19318986 0.19318986 0.0 0.0 0.0 0.0 0.0 0.0 0.0 0.0 0.30813527 0.30813527 0.0 0.0 1.194035 1.194035 1.194035 0.30813527 0.30813527 0.30813527 0.30813527 0.0 0.30813527 0.30813527 1.0007873 0.19318938 0.0 0.30813527 1.0007873 1.1508092 0.0 0.0 0.0 0.0 0.0 0.0 1.0007873 1.0007873 0.19318914 0.19318914 0.19318914 0.19318914 0.19318914 0.19318914 0.19318914 0.19318914 0.19318914 0.30813503 0.30813503 0.0 0.0 0.0 0.0 0.0 0.0 0.0 0.0 0.0 0.3081348 1.1508085 0.44344807 1.1508085 1.1508085 0.3081348 0.0 0.0 0.0 0.0 1.0007865 1.0007865 0.5367416
1.0007828 1.0007828 1.0007828 0.19318557 0.19318557 0.19318557 0.19318557 0.19318557 0.19318557 0.19318557 0.19318557 0.0 0.0 0.0 0.0 0.30813098 0.30813098 0.30813098 0.30813098 0.30813098 0.0 0.0 1.1940291 1.1940291 1.1940291 0.30813074 0.30813074 0.30813074 0.30813074 1.0007826 1.0007826 0.19318509 0.19318509 0.19318509 0.0 0.30813074 1.0007825 1.0007825 0.0 0.0 0.0 0.0 0.0 0.0 1.0007825 1.0007825 0.19318509 0.19318509 0.0 0.0 0.0 0.19318509 0.19318509 0.19318509 1.0007825 0.30813074 0.0 0.0 0.0 1.150804 1.150804 0.0 0.0 0.0 0.0 0.0 0.30813074 0.30813074 0.0 0.0 0.30813062 0.30813062 0.0 0.0 0.0 0.0 0.0 0.0 0.0
1.0007781 1.0007781 0.19318128 0.19318128 0.19318128 0.19318128 0.19318128 0.19318128 0.19318128 0.19318128 0.19318128 0.19318128 0.19318128 1.0007781 1.0007781 0.30812657 0.30812657 0.30812657 0.30812657 0.30812657 0.0 0.30812657 1.1940224 1.1940224 1.1940224 0.30812657 0.30812645 0.30812645 1.0007777 1.0007777 1.0007777 1.0007777 0.19318128 0.19318128 0.19318128 0.19318128 0.19318128 1.0007775 0.0 0.0 0.0 0.0 0.0 0.0 1.0007775 0.1931808 0.1931808 0.19318056 0.0 0.0 0.0 0.19318056 0.19318056 0.19318056 1.0007774 1.0007774 0.0 0.0 0.0 1.1507993 1.2042024 1.1507992 0.3081261 0.3081261 0.3081261 0.3081261 0.3081261 0.30812597 0.0 0.0 0.0 0.30812597 0.30812597 0.0 0.0 0.0 0.0 0.0 0.0
1.0007735 0.19317722 0.0 0.0 0.0 0.0 0.19317722 0.19317722 0.19317722 0.19317722 0.19317722 0.19317722 0.19317722 1.0007734 1.0007734 1.1613488 1.1613488 1.1613488 0.30812192 0.0 0.0 0.30812192 0.30812192 0.30812192 0.0 0.0 0.0 0.0 0.19317651 0.19317651 1.0007733 1.0007733 0.19317651 0.19317651 0.19317651 0.19317651 0.0 0.3081218 0.0 0.0 0.0 0.0 0.0 0.0 1.0007732 0.19317651 0.19317651 0.19317651 0.19317651 0.0 0.0 0.19317627 0.19317627 0.19317627 1.0007732 1.0007732 0.30812168 0.30812168 0.30812168 1.1507943 1.1507943 1.1507941 1.1507941 0.0 0.0 1.194016 1.194016 1.194016 1.194016 1.194016 1.1940157 0.30812156 1.0007728 1.0007728 0.44343424 0.0 0.0 0.0 0.0
0.0 0.0 0.19317293 0.19317293 0.19317293 0.19317293 0.19317293 0.19317293 0.19317293 0.19317293 0.0 0.0 0.19317293 1.0007688 1.0007688 1.1613429 0.64581203 1.1613429 0.30811763 1.0007685 1.0007685 0.3081174 0.3081174 0.3081174 0.0 0.124589205 0.0 0.124589205 0.19317245 0.0 0.0 0.0 0.19317245 0.19317245 0.19317245 0.19317245 0.0 0.30811727 0.0 0.0 0.0 0.0 1.0007684 0.11769509 1.0007684 0.19317245 0.0 0.0 0.19317245 0.19317245 0.19317245 0.19317245 0.19317245 0.19317245 1.000768 0.0 0.0 0.3081169 0.3081169 1.1507894 1.1507894 1.1507894 0.4434297 0.0 0.0 0.0 1.1940103 1.1507894 1.1940103 1.1940103 1.1940103 0.3081169 1.0007677 1.0007677 0.44342947 0.3081168 1.0007677 1.0007677 0.0
0.0 0.0 0.0 0.19316864 0.19316864 0.19316864 0.19316864 0.19316864 0.19316864 0.19316864 0.19316864 0.19316864 1.0007643 1.0007643 1.1940043 1.1613369 0.64580655 0.19316864 0.19316864 0.19316864 1.000764 0.30811334 0.30811334 0.0 0.0 0.12458372 0.12458372 0.12458372 0.0 0.0 0.0 0.0 0.0 0.0 0.0 0.0 1.1613367 1.1613367 1.1613367 0.0 0.3081131 0.3081131 0.0 0.117690325 1.0007639 1.0007639 0.0 0.0 0.1931684 0.1931684 0.1931684 0.1931684 0.1931684 0.1931684 0.0 0.0 0.0 0.0 0.3081125 1.1507847 1.1507847 0.0 0.0 0.0 0.0 0.0 0.117690325 0.117690325 0.3081125 0.3081125 0.3081125 0.3081125 1.0007629 0.3081125 0.3081125 0.30811226 1.0007629 1.0007629 0.8291091
0.0 0.0 0.0 0.19316459 0.19316459 0.19316459 0.19316459 0.19316459 0.19316459 0.19316459 0.19316459 1.0007592 1.0007592 1.1939988 1.0007592 1.0007592 0.19316459 0.19316459 0.0 0.0 0.0 0.0 0.0 0.4434216 0.4434216 0.4434216 0.0 0.0 0.0 0.0 0.0 0.0 0.3081087 0.3081087 0.3081087 0.3081087 0.3081087 1.1613307 0.3081087 0.3081087 0.30810857 0.30810857 0.30810857 0.0 1.000759 1.000759 0.19316387 0.19316387 0.19316387 0.19316387 0.19316387 0.19316387 1.000759 0.19316387 0.19316387 0.0 0.0 1.1507802 1.15078 1.1939979 0.0 0.0 0.0 0.0 0.0 0.0 1.1507796 1.0007585 0.63646364 0.0 0.0 0.0 0.0 0.1931634 0.0 0.0 0.3081076 1.0007585 0.0
0.0 0.0 0.0 0.12457299 0.0 0.0 0.0 0.1931603 0.0 0.0 0.0 0.30810452 0.30810452 1.1939924 1.0007545 0.19315982 0.19315982 0.19315982 0.0 0.0 0.0 0.0 0.0 0.44341683 0.44341683 0.4434166 0.4434166 0.0 0.0 0.0 0.0 0.0 0.30810416 0.0 0.0 0.0 0.30810416 1.1507753 0.30810392 0.0 0.0 0.0 0.30810392 0.30810392 1.0007542 0.19315982 0.19315982 0.19315982 0.19315982 0.19315982 0.19315982 0.19315982 1.0007541 0.19315982 0.19315982 0.0 0.0 1.1507753 1.1507753 1.0007541 0.0 0.0 0.0 0.30810368 1.0007541 0.19315982 0.19315982 0.19315982 0.44341612 1.1507747 0.30810332 0.30810332 0.30810332 0.30810332 0.0 0.0 0.0 0.19315958 0.0
0.0 0.0 0.0 0.0 0.0 0.0 0.0 0.0 0.0 0.0 0.0 0.0 0.30809975 0.30809963 1.0007497 0.193156 0.193156 0.193156 0.0 0.0 0.0 0.0 0.0 0.4434123 0.4434123 0.4434123 0.19315577 0.19315577 0.0 0.0 0.0 0.0 0.0 0.0 0.0 0.30809963 0.30809963 1.1507709 1.1507709 0.30809963 0.0 0.0 0.0 0.30809963 1.0007497 0.19315577 0.19315577 0.0 0.3080995 0.12456679 0.19315577 0.19315577 0.19315577 0.19315577 0.19315577 0.0 0.3080995 1.1507704 1.1507704 1.0932716 1.0007493 0.0 0.19315577 0.19315577 0.19315577 0.19315577 1.0007491 0.4678049 0.44341183 1.1507703 1.0007489 0.30809903 0.30809903 0.0 0.0 0.0 0.19315529 0.19315529 0.0
0.0 0.0 0.0 0.0 0.0 0.0 0.0 0.0 0.0 0.0 0.0 0.0 0.0 0.0 0.0 0.19315195 0.19315195 0.19315195 0.0 0.0 0.0 0.0 0.0 0.0 0.0 0.0 0.19315195 0.19315195 0.19315195 0.0 0.0 0.30809534 0.3080951 0.3080951 0.3080951 0.3080951 1.1507658 1.1507658 0.3080951 0.3080951 0.3080951 0.19315171 1.0007447 1.0007447 0.19315171 0.19315171 0.19315171 0.0 0.3080951 1.0007447 0.19315124 0.19315124 0.19315124 0.19315124 0.19315124 0.4415791 0.4415791 1.1507658 1.0007445 1.0007445 1.0007445 0.4415791 1.0007445 1.0007445 1.0007445 1.0007445 1.0007445 1.0007445 0.0 0.0 1.0007443 0.30809486 0.0 0.0 0.0 0.0 0.0 0.193151 0.0
0.0 0.0 0.0 0.0 0.0 0.0 0.0 0.0 0.0 0.0 0.0 0.0 0.0 0.0 0.0 0.19314742 0.19314742 0.19314718 0.0 0.0 0.0 0.0 0.0 0.0 0.0 0.0 0.19314718 0.19314718 0.19314718 0.443403 0.443403 1.0007402 0.30809093 0.30809093 1.1939738 1.1939738 1.150761 0.3080907 0.3080907 0.30809045 1.00074 1.00074 1.0007398 0.19314718 0.19314718 0.19314718 0.19314718 0.19314718 0.19314718 1.0007398 0.19314718 0.0 0.19314718 0.19314718 1.1939735 1.1939735 0.0 1.150761 1.0007398 1.0007398 1.0007398 0.44157362 1.0007398 1.0007398 1.0007397 1.0007397 1.0007397 1.0007397 0.0 0.0 0.0 0.19314718 0.19314718 0.0 0.0 0.0 0.0 0.1931467 0.0
0.19314337 0.0 0.0 0.0 0.0 0.0 0.0 0.0 0.0 0.0 0.0 0.0 0.0 0.0 0.19314337 0.19314337 0.19314337 0.19314337 0.19314337 0.19314313 0.19314313 0.0 0.0 0.0 0.4433987 0.4433987 0.4433987 0.12455058 0.4433987 0.4433987 0.0 0.0 0.0 0.3080865 0.3080865 1.1939678 0.3080865 0.0 0.0 0.0 0.3080865 0.3080865 1.0007354 1.0007354 1.0007354 1.0007354 0.19314313 0.19314313 0.19314313 0.19314265 0.19314265 0.0 0.124549866 1.1939673 1.1939673 0.4415691 0.0 1.1939671 1.0007349 1.0007349 1.0007349 0.0 1.0007349 1.0932574 1.0007348 1.0007348 1.0007348 1.0007348 0.0 0.0 0.0 0.0 0.19314265 0.0 0.0 0.0 0.0 0.19314265 0.0
0.19313931 0.0 0.0 0.0 0.0 0.0 0.0 0.19313931 0.0 0.0 0.0 0.0 0.0 0.0 0.19313931 0.19313931 0.19313931 0.19313931 0.19313908 0.19313908 0.19313908 0.19313908 0.19313908 0.0 0.44339418 0.44339418 0.19313908 0.19313908 0.44339418 0.19313908 0.0 0.0 0.0 0.0 0.0 0.3080815 0.3080815 0.0 0.3080815 0.3080815 0.3080815 1.0007306 1.1507511 1.0007306 1.0007306 0.3080815 1.0007306 1.0007306 0.19313884 0.19313884 0.19313836 0.19313836 1.1939611 1.1939611 1.1507514 1.1507512 0.0 1.1939611 1.0007303 1.4036918 0.0 0.0 1.0007303 1.0007303 1.0007303 0.19313836 0.0 0.0 0.19313836 0.0 0.0 0.0 0.19313836 0.0 0.19313836 0.0 0.0 0.19313836 0.0
0.19313455 0.19313455 0.0 0.19313455 0.19313455 0.19313455 0.19313455 0.19313455 0.0 0.0 0.0 0.0 0.0 0.0 0.19313455 0.19313455 0.12453961 0.0 0.0 0.0 0.19313455 0.19313455 0.19313455 0.0 0.44338942 0.44338942 0.19313455 0.19313455 0.19313455 0.19313455 0.19313455 0.0 0.0 0.0 0.0 0.0 0.30807734 0.0 0.3080771 0.3080771 1.0007261 1.1939554 1.1939554 1.1507468 1.1507468 0.3080771 1.0007257 1.0007257 1.0007257 1.0007257 0.19313455 1.0007257 0.30807686 0.0 0.0 0.11765313 0.11765313 0.11765313 0.0 1.1939552 0.30807674 1.0007256 1.2462769 1.0007256 0.19313431 0.19313407 0.0 0.0 0.19313407 0.19313407 0.19313407 0.19313407 0.19313407 0.19313407 0.19313407 0.19313407 0.19313407 0.0 0.0
0.19313121 0.19313121 0.19313121 0.19313097 0.19313097 0.19313097 0.19313097 0.19313097 0.19313073 0.19313073 0.0 0.0 0.0 0.0 0.1931305 0.1931305 0.1931305 0.0 0.0 0.0 0.1931305 0.1931305 0.1931305 0.0 0.0 0.0 0.0 0.44338465 0.0 0.0 0.0 0.0 0.0 0.0 0.0 0.0 0.19313025 1.0007212 0.30807292 1.0007207 1.1939492 1.1939492 1.1939492 1.161284 1.1507418 1.1507418 1.0007207 1.0007212 1.0007212 0.30807245 0.0 0.0 0.30807245 0.30807245 1.1507418 0.30807245 1.1507418 0.0 0.0 0.0 1.1507418 1.0007211 1.0007211 1.0007211 1.0007211 1.0007211 0.19313002 0.19313002 0.19313002 0.19313002 0.19313002 0.19313002 0.19313002 0.19313002 0.19313002 0.19313002 1.0007209 0.3080722 0.068169355
0.19312692 0.19312692 0.19312692 0.19312692 0.19312692 0.19312692 0.19312692 0.19312692 0.19312668 0.19312668 0.19312668 0.0 0.0 0.19312668 0.19312668 0.19312668 0.19312668 0.0 0.0 0.0 0.19312668 0.1931262 0.0 0.0 0.0 0.0 0.0 0.0 0.0 0.0 0.0 0.0 0.0 0.0 0.0 0.0 0.1931262 1.0007164 1.0007164 1.0007164 1.1939428 1.1939428 1.1612782 1.1612782 1.1612782 0.30806828 0.30806828 1.0007163 1.0007163 0.0 0.0 0.0 0.0 0.30806804 0.30806804 0.30806804 1.150737 0.0 0.0 0.0 1.1939428 1.0932385 1.0007162 1.0007162 1.0007162 1.0007162 0.19312572 0.19312572 0.19312572 0.19312572 0.19312572 0.19312572 0.19312572 0.19312572 0.19312572 0.19312572 1.000716 0.30806792 0.06816733
0.0 0.19312263 0.19312263 0.19312263 0.0 0.19312263 0.19312263 0.19312239 0.0 0.0 0.0 0.0 0.0 0.0 0.0 0.19312239 0.0 0.0 0.0 0.0 0.0 0.0 0.0 0.0 0.0 0.0 0.0 0.0 0.0 0.0 0.0 0.0 0.19312215 0.19312191 0.0 0.19312191 0.19312191 1.000712 0.30806398 0.30806398 1.1939373 1.0007118 1.0007118 1.1612725 1.1612725 1.1612725 1.0007117 1.0007117 1.1939366 1.1939366 1.1939366 1.1939366 0.0 0.3080634 0.3080634 0.3080634 0.3080634 0.0 1.0007117 1.0007118 0.44154406 1.0007118 1.0007118 1.0007118 1.0932329 0.19312143 0.19312143 0.19312143 0.19312143 0.19312143 0.19312143 0.19312143 0.19312143 0.19312143 0.19312143 0.19312143 0.30806327 0.30806327 0.06816554
0.0 0.19311833 0.3580184 0.0 0.0 0.0 0.0 0.0 0.0 0.0 0.0 0.30806005 0.30806005 0.30806005 0.0 0.1931181 0.0 0.0 0.0 0.0 0.0 0.0 0.0 0.0 0.0 0.0 0.0 0.0 0.0 0.0 0.0 0.0 0.19311786 0.19311786 0.19311786 0.19311786 0.19311786 1.0007073 0.30805945 0.30805945 0.30805945 1.0007073 1.0007071 1.0007071 1.0007071 1.0007071 1.0007071 1.0007071 1.1939309 1.1939309 0.30805933 0.30805933 0.30805933 0.0 0.30805933 1.1939309 0.0 0.0 1.0007069 1.0007069 1.0007069 1.0007069 1.0007069 1.0007069 0.19311738 0.19311738 0.19311738 0.19311738 0.35801697 0.19311738 0.19311738 0.19311738 0.19311738 0.19311738 0.19311738 0.0 0.0 0.0 0.0
0.0 0.19311404 0.12451172 0.0 0.30805564 1.0007029 1.0007029 1.1939256 1.1939256 1.1939256 1.1939256 0.30805528 0.30805528 0.30805528 0.30805528 0.30805516 0.30805516 0.30805516 0.0 0.0 0.0 0.0 0.0 0.0 0.0 0.0 0.0 0.0 0.0 0.0 0.0 0.19311404 0.19311404 0.19311404 0.19311404 0.19311404 0.19311404 0.0 0.30805492 0.30805492 1.1507227 1.0007024 1.0007024 1.0007024 1.0007024 1.0007024 1.0007024 1.0007024 1.1939249 1.1939249 0.3080548 0.3080548 0.0 0.19311333 0.19311333 0.19311333 0.19311333 0.19311333 1.000702 1.000702 1.0007019 1.0007019 1.0007019 0.45591688 0.19311309 0.19311309 0.19311285 0.19311285 0.19311285 0.19311285 0.19311285 0.19311285 0.19311285 0.19311285 0.19311285 0.19311285 0.19311285 0.19311285 0.0
