Export/ASCII/RMeteo_SP_inch/speranza1/RMeteo_2016_SP1_inch.asc
ncols         660
nrows         338
xllcorner     1476100.0
yllcorner     5017100.0
cellsize      100
NODATA_value  -9.9e-20
[rows 0 to 26 of 338, columns 488 to 548 of 660]
4.686955 5.333192 5.3331914 5.3331914 5.333191 4.686954 3.6075969 4.6869535 4.6869535 5.0875406 5.0875406 5.33319 5.33319 5.33319 5.33319 5.33319 4.85542 4.85542 5.3331885 5.3331885 5.3331885 6.110367 4.6869516 4.6869516 5.688849 5.688849 5.6888485 3.6075935 3.6075935 3.6075935 5.087537 5.333187 3.9416726 3.607593 4.6869497 4.6869497 4.6869497 3.3780844 3.419557 3.3780837 3.3780837 3.3780837 4.686948 4.686948 4.686948 3.4195566 3.3780832 3.3780828 4.686948 3.6075902 3.6075897 3.6075897 5.087533 5.087533 5.087533 5.3331823 5.333182 5.333182 5.333181 5.372616 5.333181
4.6869183 3.607561 5.3331513 5.3331513 5.3331513 5.3331504 3.6075606 3.6075606 3.6075606 5.3331504 5.3331504 5.3331504 5.33315 5.33315 5.33315 5.33315 5.333149 5.333149 5.333149 5.333149 5.333149 5.333149 5.333149 5.3331485 5.3331485 5.6888103 5.0875015 3.9416363 3.6075568 3.6075563 5.0875006 3.6075563 3.6075563 2.4915884 3.6075559 4.6869125 4.6869125 3.6648715 3.3780358 3.3780358 3.6648705 3.3780353 4.6869116 4.6869116 4.81445 3.3780346 3.378034 4.686911 4.686911 3.6075535 3.6075535 5.333143 4.6869106 5.0874968 5.0874968 5.3331423 5.3331423 5.3331423 5.3331413 5.3331413 5.3331413
3.6075246 3.6075246 3.6075246 5.68878 5.333111 5.333111 5.333111 5.33311 5.33311 5.33311 5.33311 5.33311 5.33311 5.33311 5.33311 5.33311 5.0874662 5.333109 5.3331084 5.3331084 5.3331084 5.3331084 5.333108 5.333108 5.333108 5.688775 5.0874653 3.6075203 3.6075203 3.6075199 3.6075199 3.6075194 3.6075194 3.6075194 3.6075191 4.6868763 3.4953465 3.3779888 3.3779888 3.5215635 3.3779883 4.6868753 4.6868753 4.686875 4.686875 4.686875 3.4194598 4.6868744 5.3331037 5.333103 5.333103 5.333103 5.333103 5.0874605 5.0874605 5.333102 5.3331013 5.3331013 5.333101 5.333101 5.333101
3.6074884 3.6074884 3.607488 4.686845 4.686845 5.6887426 5.33307 5.33307 5.33307 5.33307 5.33307 5.33307 5.333069 5.333069 5.333069 3.6074858 5.08743 5.08743 5.333069 5.333068 5.333068 3.6074848 5.6887417 3.6074843 3.6074843 5.6887417 5.6887407 3.6074839 3.6074839 3.6074834 3.6074834 3.6074834 3.6074834 3.6074834 2.4914904 3.455124 3.3779402 3.3779402 3.4551241 4.686839 4.686839 4.686839 5.087426 4.686839 4.686839 4.6868386 4.753952 4.686838 5.3330626 5.3330626 5.3330626 5.372497 5.3330617 5.3330617 5.0874243 5.0874243 5.333061 5.333061 5.333061 5.333061 5.333061
3.3779001 2.4914486 3.607451 4.6868086 4.6868076 5.3330307 5.3330307 5.3330307 5.3330297 5.3330297 5.3330297 5.3330297 5.3330293 5.3330293 3.6074495 3.6074495 3.6074495 5.333028 4.6868067 4.6868057 4.6868057 4.6868057 3.6074483 3.6074476 3.6074476 5.6887035 5.333026 5.333026 3.6074471 3.6074471 3.6074467 3.6074467 3.6074467 3.6074467 3.4193656 3.3778934 3.377893 4.81434 4.6868024 4.6868024 5.087389 5.6887016 5.087389 5.087389 5.6887016 5.6887007 5.087388 5.087388 3.6074438 3.6074438 5.333021 5.333021 5.333021 5.333021 5.087387 5.087387 5.3330207 5.3330197 5.3330197 5.3330197 5.3330197
3.3778515 3.6074152 3.6074147 4.686772 4.686772 5.332989 5.332989 5.332989 5.298005 4.9253197 4.855143 5.332989 5.332989 5.332989 5.3329883 3.6074128 3.6074128 4.9253197 4.6867695 4.6867695 4.6867695 4.6867695 3.6074123 3.6074114 3.6074114 5.332986 5.332986 5.657388 3.6074104 3.6074104 3.9414892 3.60741 3.60741 3.6344538 3.3778453 3.3778448 5.0575047 4.6867666 4.6867666 3.6074088 5.351389 5.0873523 5.6886654 5.0873523 5.332983 5.332983 3.607408 3.6074076 2.4913898 3.6074076 5.332981 5.0873513 5.33298 5.33298 5.087351 5.688663 5.087351 5.0873494 5.0873494 5.332979 5.332979
4.753849 3.6073787 3.6073785 3.6123838 5.688636 5.688635 5.688635 4.8550878 4.9252796 4.9252796 4.8550873 5.411566 5.332948 5.3329477 5.3329477 4.9252787 6.142164 4.9252787 4.9252787 5.3329477 4.6867323 4.9991207 5.3329477 5.332947 5.332947 5.372381 5.332947 3.6073747 3.941454 3.607374 3.6073737 3.6073737 7.1040664 5.3329453 2.4913442 4.7538433 4.6867304 5.0873175 3.6073728 5.0873165 5.0873165 5.0873165 5.0873156 4.8550787 5.332942 5.332941 3.607371 3.607371 3.6073706 3.6073706 3.6073706 5.0873146 5.33294 5.0873146 5.0873146 5.6886272 3.814202 3.814202 5.087313 5.332938 5.332938
3.6073418 3.6073418 5.3329096 4.855034 5.3329096 5.3329096 4.855033 5.087284 4.9252396 4.925239 5.3329077 5.6885986 5.6885986 5.6885986 5.332907 4.9252386 4.9252386 4.9252377 5.3329062 5.3329062 4.6866965 5.3329062 5.3329053 5.3329053 5.3329053 5.3329053 5.3329053 5.332905 3.607338 3.607338 5.332904 3.607337 3.607337 4.686694 4.686694 5.688595 5.0872808 5.0872803 5.0872803 5.0872803 5.0872793 4.686693 4.686692 4.8550234 5.332902 5.3329015 5.3329015 3.6073346 4.6866913 3.6073346 5.0872784 5.0872784 5.0872784 5.0872784 5.0872774 5.688591 5.242881 5.242881 5.0872765 5.3328986 5.7458506
5.688564 3.6073055 5.688564 4.8549776 5.3328695 5.332869 4.8549767 5.332869 5.332869 5.3328686 5.332868 5.688563 5.688563 5.688563 5.332867 4.9251986 4.9251986 5.087246 5.087246 5.688562 4.854974 5.3328657 5.3328648 5.3328648 4.854973 5.3328648 5.3328648 4.925196 3.607301 3.6073005 3.6073005 3.6073005 3.6073005 3.6343439 3.377701 5.68856 5.087244 5.087244 5.087244 5.332862 5.332862 4.686657 4.686657 4.854967 5.332862 5.332862 4.686655 4.686655 4.6866546 4.6866546 5.087242 5.087242 5.3328605 5.08724 5.08724 5.3328595 5.3328595 5.3328595 5.08724 5.3328586 5.3328586
5.0872135 4.6866255 4.686625 5.3328285 5.3328276 5.3328276 5.372262 5.3328276 5.3328276 5.688526 5.3328276 5.688526 5.3328276 5.3328266 5.3328266 5.688525 5.0872107 5.0872107 5.0872097 5.688525 5.332826 4.8549175 5.332825 5.087209 5.087209 5.087209 5.0872087 5.332825 5.332825 5.3328247 3.6072643 3.6072643 3.6072643 3.607264 3.3776522 5.6885233 3.607263 3.607263 5.332823 5.332823 5.332823 4.6866198 4.6866193 5.6885214 5.3328214 5.087206 4.6866193 4.6866193 4.686619 4.686619 4.686618 4.686618 4.686618 4.6866174 4.6866174 4.6866174 4.686617 5.087204 5.087204 5.087203 5.3328185
5.0871763 4.6865892 4.6865892 5.3327885 5.688493 5.3327875 5.3327875 5.3327875 5.411405 5.688492 5.688491 5.688491 5.688491 5.332787 4.9251184 5.657205 5.332787 4.6865864 5.688489 5.7279234 4.6865864 4.8548613 4.854861 5.3512087 5.0871725 5.0871725 5.0871725 5.0871725 4.85486 3.6072273 3.6072273 3.6072273 3.6072273 3.607227 4.7536955 5.688487 5.0871706 3.6072266 5.372216 5.332782 3.8118596 3.8118596 5.332781 3.6072257 5.0871696 5.0871696 4.6865826 4.6865826 4.6865826 3.4649503 4.686582 4.686582 4.686581 4.686581 4.68658 4.68658 4.68658 4.68658 5.087167 5.087167 5.332778
3.6071954 5.6884565 5.6884565 5.6884565 5.6884556 5.3327484 5.3327475 5.3327475 5.6884556 5.3327475 5.6884546 5.745699 4.9250784 5.6884546 4.854807 5.0871377 6.4874854 4.686551 4.686551 5.3327456 4.686551 4.686551 4.68655 4.68655 4.68655 4.8696637 5.0871363 5.0871363 3.6071916 3.607191 3.607191 3.6071906 3.6071906 3.9412696 3.6071906 5.0871344 2.4910994 3.651442 3.8139663 3.8118157 4.0646496 2.6789103 2.4910982 3.607189 5.0871325 5.0871325 4.6865454 3.498904 3.3775535 3.4344754 3.377553 3.377553 3.377553 4.6865444 5.364791 3.3775518 4.6865444 4.6865444 5.3327374 5.3327374 5.3327374
3.5612428 3.5612428 5.865225 5.865225 5.865225 3.561242 3.5612416 3.5612416 5.215396 5.865225 5.865224 5.021442 5.021442 5.865224 4.8835135 5.215395 4.769882 4.7698812 5.0214405 5.463049 5.0214405 5.8652225 4.7698803 4.7698803 4.7698803 4.7698793 5.215392 5.215392 3.5612378 2.4134352 2.4134352 2.4134347 3.5612373 3.5612366 3.5612364 3.8909957 4.2026954 3.8503053 3.8909953 4.1402993 4.37983 2.4134314 2.4134314 2.4134314 3.5612354 4.769877 4.9143424 3.3983612 3.3983612 3.434532 3.434532 3.434532 4.830849 4.769875 4.769875 4.769874 4.769874 3.5612323 5.4630404 5.46304 5.463039
4.109612 3.5612016 3.5612016 5.215356 4.7698426 4.769842 3.561201 2.413384 3.5612004 3.5612 5.463005 5.021397 4.1096106 3.5611994 4.769841 3.5611992 3.561199 3.8909535 5.215353 4.7698402 3.5611982 4.7698402 5.1884937 4.7698402 4.7698393 5.463003 5.215353 5.215351 5.215351 2.41338 2.4133797 2.4133794 2.413379 3.5611959 3.9359665 3.89095 4.478483 3.8502553 3.8524954 5.178734 3.8502545 3.850254 3.3983076 3.3983066 3.4390917 3.3983066 3.3983066 3.3983061 3.439091 3.4390907 3.4390907 4.8387733 5.215347 5.215346 4.7698336 4.7698336 4.769833 3.561192 3.5611916 5.4629946 4.769833
3.5611615 3.561161 7.846964 5.2153153 4.769802 7.081799 2.4133282 2.4133282 2.4133282 3.5665636 5.8651514 5.8651505 4.7698007 3.3982594 3.3982594 3.3982587 2.4133258 3.9336843 3.8909068 4.883454 3.5611577 4.7697983 4.7697983 4.7697983 5.5022283 5.4629555 5.215311 5.215311 7.0670147 3.5611563 2.4133236 2.4133234 2.4133227 2.8045022 3.8502047 3.890904 4.035557 5.0057755 3.8502038 4.827072 3.8502028 3.801986 3.5039496 3.3982518 2.4285095 2.4133186 2.4285095 2.4133184 3.3982503 3.4390354 3.6776683 3.3982503 3.3982503 3.3982499 4.769792 5.8324766 3.5611506 3.5611506 3.56115 5.8324757 5.8324757
4.1095304 3.5611198 5.462916 5.2152734 4.8386984 3.398207 2.4132733 3.3982055 4.072204 4.76976 5.865115 5.865115 4.769759 3.4738157 3.3982036 3.3982036 2.4132702 3.8908606 5.3779044 5.8651133 5.2152705 5.2152705 5.2152705 5.2152705 5.2152696 5.4629116 5.215269 5.215269 5.215269 3.5611153 3.5611153 2.413267 2.4132667 2.4132664 3.8501549 3.9336262 4.2701635 3.8501534 3.850153 3.3981981 4.2025285 3.4738092 3.3981972 3.3981977 2.413264 2.4132638 2.4132633 2.413263 4.8386908 4.7697525 4.769752 4.7697515 4.7697515 4.83869 4.7697506 5.832439 5.832439 5.832439 5.832439 5.832439 5.832439
5.215233 5.4628696 5.4628696 3.5610785 4.76972 3.3981516 3.813127 3.3981507 3.609863 4.7697186 5.1883726 4.7697186 4.769718 3.3981495 3.3981495 3.4389336 2.4500775 3.3981476 3.3981473 4.2767854 4.2767854 4.925746 5.462867 5.462867 5.462867 5.462867 5.462865 5.215228 5.215228 4.3256 2.4132113 2.4132113 2.4132113 3.850104 4.606701 3.8501031 3.8501027 3.8501022 4.2024717 4.6042643 2.4132094 3.3981433 3.3981428 3.4389274 3.3981419 3.3981414 2.413207 3.5610704 5.8650713 5.8650713 3.56107 3.56107 3.56107 4.7697105 5.215224 5.462859 5.462859 5.462859 5.462858 5.8324013 5.462858
5.239477 5.4628253 5.4628253 3.5610375 3.981751 2.4131618 3.491208 3.3980966 3.4737065 3.3980956 3.3980956 3.3980951 3.3980951 3.4388797 3.8377252 3.398094 3.398094 3.3980935 3.438878 4.1459627 3.398093 3.5610342 3.5610342 5.46282 5.46282 5.46282 5.46282 5.46282 3.640764 3.5610332 2.4131546 2.4131546 2.7074924 2.413154 2.8944693 3.8500526 4.2024145 4.276745 5.005113 4.276744 2.413153 2.428343 2.4283426 2.4131522 2.428342 3.586833 3.56103 3.5610294 5.865035 5.865035 3.5610292 2.4131505 3.5610285 3.5610285 5.2151833 5.4628153 5.4628153 5.4628143 5.4628143 5.5073595 5.4628134
5.46278 5.46278 5.462779 3.5609963 3.5609963 2.4131055 3.4388247 3.5037358 3.3980396 3.3980396 3.438824 3.5037346 3.3980389 3.4388232 2.4530675 2.4131033 3.4388232 3.503734 3.3980384 3.4941375 3.3980377 3.5609937 3.5609937 5.462775 5.462775 5.462775 5.462775 5.462775 5.4627748 3.5609922 2.4131 2.4131 2.4130998 2.4130998 2.4130993 4.2023582 5.0232363 3.8907185 4.2113833 3.8907175 3.8907173 2.4130971 2.9171546 2.4130967 2.4130962 3.560989 5.2151427 4.76963 4.7696295 4.7696295 4.7696295 2.4130948 2.4130943 3.5609872 3.5609872 5.5020404 5.462768 5.462768 5.462768 5.462768 5.462768
5.462735 5.4627347 5.4627347 3.560955 3.560955 4.9000835 3.3979857 3.4387696 3.397985 3.5036802 3.397985 3.3979845 3.397984 3.4387681 2.4130476 2.4130476 2.428238 3.4387677 3.397983 3.4387672 5.645545 5.4627304 5.4627304 5.2151055 5.2151055 5.4627304 5.4627304 5.4627304 3.5609512 3.1503825 2.4130442 2.413043 2.413043 2.413043 2.5401917 2.4130428 5.0478144 3.8906724 3.9997094 3.8906713 3.9334104 2.4130409 2.418303 2.4130404 3.5609481 5.4627256 5.4627256 4.7695894 3.3979754 3.3979754 3.3979754 2.4130385 2.7753172 3.5609465 3.5609462 5.4627237 5.5932207 5.2151 5.462722 5.462722 5.462722
5.4626894 3.560915 3.5609148 5.5019608 5.4626894 4.769556 3.3979306 3.5036247 3.39793 3.4387138 3.39793 3.438713 2.931053 2.4129918 2.4129918 2.4129915 2.4129908 2.4281812 3.8375847 3.3979273 5.4626856 5.4626856 5.4626846 5.5069003 5.2150645 5.2150645 5.2150645 5.4626846 3.5609105 3.5795891 3.5609097 2.4129887 3.4387085 3.3979244 2.41691 2.4129872 4.630126 3.8520784 3.7209868 3.6502845 3.7187607 2.4129853 2.412985 3.8498983 5.462681 5.462681 4.769549 4.769549 3.438704 2.6737227 2.4129825 2.4129825 2.4158187 3.560906 3.560906 5.4626784 5.593178 4.7695465 5.4626784 5.4626784 5.4626775
5.021036 3.560874 3.5608735 3.5608735 3.5608735 4.769515 5.692658 3.3978753 3.3978753 3.4386587 4.3014407 4.2766004 2.4181983 2.4129357 2.4129357 2.412935 2.4281251 3.3978722 3.4909465 3.3978722 5.8648934 5.8648934 5.4626393 5.4626393 5.215023 5.5068583 5.215022 5.4626384 3.5608692 3.5608687 4.124377 3.39787 3.4386537 3.39787 3.8498504 3.84985 5.178353 3.8498497 5.069246 3.8498492 4.504411 2.4129295 2.4129295 2.4129293 3.849848 5.462635 3.5608659 4.769508 2.4129279 2.4169562 2.4129267 2.4129267 2.4129262 3.5608642 3.5608642 5.462633 5.462633 4.7695045 5.462632 5.462632 5.462632
6.436062 3.560833 3.560833 3.560833 3.5608327 4.7694745 4.769473 4.769473 3.7783751 4.769473 3.4908857 3.8905387 2.412881 2.4128807 2.4128807 2.4128804 3.3978186 3.3978179 3.4386015 5.6062884 4.769471 4.769471 4.769471 5.4625955 5.214982 5.214982 5.214982 5.462594 5.1881237 4.7694697 3.5608277 2.4128761 3.4385974 3.4385974 4.8403525 3.8497999 4.8088436 3.8497999 4.620132 4.20213 4.438861 2.4128735 2.4128733 2.412873 4.2021275 5.46259 3.5608253 3.5608244 2.4128723 3.5608244 3.5608234 2.4128714 2.4128714 3.5608234 3.5608232 4.7694645 4.7694645 5.214977 5.214977 5.239262 5.462587
3.5607917 3.5607913 4.1092024 3.560791 2.412826 2.412826 2.531332 2.4128258 3.5607905 3.5607905 2.428015 4.3991976 2.4128246 2.4128244 2.4128242 3.3977637 3.3977637 3.663452 4.76943 5.462549 4.76943 4.76943 4.76943 5.4625487 5.4625487 5.214941 5.214941 5.4625487 4.7694283 3.3977597 2.41282 2.41282 3.8374426 3.3977594 4.779727 3.8497493 4.4684696 4.202072 4.4457827 5.264044 4.22608 2.4128177 2.4128172 2.4128172 3.8497465 4.226079 3.5607839 3.397756 3.397756 4.7694254 3.5607834 3.560783 3.560783 3.5607824 3.5607824 4.7694235 4.7694235 5.4625425 5.2149353 5.2149353 5.4625416
3.560751 3.5607505 3.5607505 2.4127712 2.4127707 2.4127707 2.4127707 3.5607498 3.5607498 4.838326 3.3977098 4.2764864 3.397709 3.397709 3.3977084 3.4733164 3.397708 3.397708 5.4625053 5.4625053 6.318754 5.4625053 5.4625053 5.4625053 5.4625044 6.746212 5.8647842 5.4625034 5.4625034 3.397705 2.427955 3.3977046 3.4907515 3.8496993 4.468408 3.8904412 4.4779243 5.5266166 3.849698 4.9413724 4.2260423 4.2260423 4.226042 4.27648 4.628797 4.8259444 4.7693844 3.8373928 3.3977 4.769383 5.4624977 5.4624977 5.4624977 5.4624977 5.4624977 4.8831525 4.8831525 5.4624977 5.2148933 5.462496 5.462496
3.5607104 3.56071 3.56071 4.3252363 2.4127142 2.4127142 2.4127142 3.5607095 3.560709 4.7693505 3.3976543 2.412713 2.4127128 3.473261 3.3976529 3.4384358 2.4127119 2.4279017 5.4624596 5.4624596 5.4624596 5.4624596 5.4624586 5.4624586 5.4624586 5.864747 5.4624586 5.4624577 3.473258 3.3976498 3.3976498 3.3976498 3.4384327 3.8013275 4.445669 4.1330385 3.8903954 4.2260036 4.2260036 4.853569 4.7769747 4.2260027 4.776974 5.7747164 4.2764435 5.864743 4.7693434 3.3976455 3.397645 4.7693424 5.462452 5.462451 5.462451 5.462451 5.462451 4.8831215 5.462451 5.462451 5.462451 5.46245 5.46245
3.5606694 3.5606692 3.5606687 3.5606687 2.412659 2.412659 2.412659 3.560668 3.5606675 3.5606675 2.427848 2.4126575 2.4126575 3.4383812 2.412657 3.4383812 2.4126565 2.4126563 3.3975978 5.4624147 5.0208073 5.4624147 5.462414 5.462414 5.4624133 5.462413 5.462413 3.5606644 3.4383774 3.3975947 3.438377 3.438377 3.5239758 3.8903494 4.445612 4.602186 4.2259655 4.776926 4.776926 5.034815 5.783826 4.2259645 5.0447636 5.473295 4.2764063 5.8647065 4.7693024 4.838237 4.838237 4.7693014 5.5929346 5.462408 5.462408 5.462408 5.462407 5.462406 5.462406 5.462405 5.462405 5.462405 5.462405
