Export/ASCII/RMeteo_SP_inch/speranza1/RMeteo_2018_SP4_inch.asc
ncols         660
nrows         338
xllcorner     1476100.0
yllcorner     5017100.0
cellsize      100
NODATA_value  -9.9e-20
[rows 162 to 188 of 338, columns 305 to 365 of 660]
5.2181726 3.774816 3.774816 3.774816 2.1861172 2.1861172 2.1861172 3.6770368 5.2181726 8.742882 6.0745974 6.0745974 8.433888 8.433888 8.4338875 8.4338875 8.4338875 7.7804184 7.7804184 3.2307203 4.5369964 4.749741 3.6551015 3.565953 5.147932 6.173154 5.147932 5.963333 5.147932 5.147932 10.2463875 5.8674088 5.8674088 3.2307198 2.1177797 2.1177797 2.1177797 2.1177797 2.1177795 2.1177795 2.1177793 2.1177793 2.1177793 2.1177793 2.1177793 2.1177793 2.1177793 2.117779 2.1989577 3.6550999 3.6550999 3.5659513 2.255714 2.117779 2.117779 2.117779 3.565951 2.1177788 2.1177788 2.1177785 2.1177785
5.2181406 5.318548 3.6770015 5.3769712 5.276476 2.1860828 2.1860828 3.326292 3.326292 8.742854 8.742854 0.0 8.433861 8.433861 8.433861 7.7803884 7.162946 7.162946 3.2306893 3.2306893 5.0524817 4.0702333 3.5659194 3.5659194 5.2388926 5.1479063 6.460785 5.1479063 5.9633083 5.1479063 8.433861 5.8673773 5.8673773 3.2306893 2.1177473 2.117747 2.724671 2.117747 2.1177468 2.1177468 2.1177464 2.1177464 2.1177464 2.1177464 2.1177464 2.117746 2.117746 2.117746 2.117746 2.198924 2.1989238 2.1989238 2.1177454 2.1177454 2.117745 2.117745 3.6550643 2.117745 2.117745 2.117745 2.117745
7.342107 3.676966 2.2741141 2.5838797 2.5838797 2.1860478 2.1860478 2.1860473 3.3262606 3.3262606 3.3262606 8.742826 0.0 5.05245 5.05245 7.7803597 7.7803597 3.2306585 3.2306585 2.1177137 2.1177137 3.5658844 3.7314641 3.6550314 5.0059934 5.9632864 5.1478806 6.284073 6.1731005 5.9632854 3.230658 3.230658 3.230658 2.1177132 2.1177132 2.117713 2.117713 2.117713 2.1177123 2.1177123 2.1177118 2.1177118 2.1177118 2.1177118 2.1177118 2.1177118 2.1177118 2.1177118 2.1177118 2.1177118 2.1177118 2.1177118 2.1177118 2.1177118 2.1177118 2.1177118 2.1988893 2.1177113 2.1177113 2.117711 2.117711
5.2180767 3.6769307 2.1860132 2.1860132 2.186013 2.186013 2.186013 2.186013 2.1860127 3.3262286 3.3262286 8.742799 8.433807 5.05242 5.05242 5.05242 5.05242 5.05242 3.2306275 2.11768 2.11768 3.654996 3.5658498 3.654996 4.634851 4.172076 5.147855 4.8332987 2.117679 2.6005871 2.117679 2.117679 2.117679 2.117679 2.117679 3.5658488 2.1176789 2.1176789 2.1176786 2.1176786 2.1176786 2.1176786 2.1176786 2.1176786 2.1176786 2.1176786 2.1176786 2.1176786 2.1176786 2.1176786 2.1176782 2.1176782 2.117678 2.117678 2.117678 2.1176775 2.1176775 2.1176772 2.1176772 2.117677 2.117677
3.6768951 3.774671 2.185978 2.185978 2.185978 2.185978 2.185978 2.185978 2.185978 3.3261967 3.3261967 3.3261962 8.43378 8.43378 3.2305965 3.565816 3.565816 3.230596 2.1176457 2.1176457 2.1176457 3.6549609 3.6549609 3.5658152 5.143367 4.0687056 4.281535 3.7432265 3.5658147 2.1176453 2.1176448 2.1176448 3.5658143 2.1176448 3.5658143 2.198821 2.1176448 2.1176448 2.1176448 2.1176448 2.1176448 2.1176445 5.1478286 2.1176445 2.1176445 2.1176445 2.1176445 2.1176445 2.1176445 2.1176445 2.1176443 2.1176443 2.117644 2.117644 2.117644 2.117644 2.117644 2.1176438 2.1176438 2.1176436 2.1176436
3.7746346 3.6768596 2.1859436 2.1859436 2.1859436 2.1859436 5.276372 2.1859436 2.1859436 2.1859436 2.1859436 2.1859436 3.5657816 5.0523577 3.230565 3.5657814 3.731357 2.1176126 2.1176126 2.1176126 2.1176126 2.198788 5.1433344 5.0523567 5.1433344 5.0523567 5.1433344 3.7465959 3.654925 2.1176116 2.1176114 3.5657802 2.198787 2.117611 2.1987865 2.117611 2.117611 2.724531 2.117611 2.117611 2.117611 2.1176105 2.5165677 5.1478024 5.1478024 5.1478024 2.1176102 2.1176102 2.1176102 2.1176102 5.1478024 2.11761 2.11761 2.11761 2.11761 2.1176097 2.1176097 2.1176097 2.1176097 2.1176097 2.1176097
3.7745996 3.7745996 2.1859088 2.1859088 2.1859088 2.1859088 2.5837393 2.1859088 2.1859088 2.1859088 2.1859088 3.6768246 5.143302 5.0523243 5.0523243 3.5657465 3.6548905 3.6548905 5.1477785 5.1477785 5.1477785 2.117578 5.8672204 5.0523243 5.0523243 5.0523243 5.0523243 8.433723 3.7313201 2.1175778 2.1175776 2.1175776 2.1987524 2.1175776 3.5657454 2.1175776 2.1175776 2.1175776 2.1175776 2.1175776 2.1175776 2.1175773 2.1175773 5.963191 5.963191 5.1477776 5.963191 2.1175768 2.1175768 2.1175768 2.5165334 2.1175766 2.1175766 2.1175766 2.1175766 2.1175766 2.1175766 2.1175764 2.1175764 2.1175764 2.1175764
5.31835 3.774563 2.1858742 2.1858742 2.1858742 2.1858742 2.1858742 2.1858742 2.1858742 2.1858742 3.3261008 5.2179475 5.0522933 3.5657122 3.5657122 3.565712 3.654855 3.565712 3.5657117 5.147753 10.24615 14.205956 5.8671894 8.433696 5.695445 5.052293 5.052293 5.052293 3.5657108 3.5657108 3.5657108 3.5657108 3.5657108 3.5657103 3.5657103 2.1175432 2.1175432 2.1175432 2.1175432 2.1175432 2.1175432 2.1175432 2.1175432 6.1729684 6.1729684 5.1477523 2.6004434 2.117543 2.117543 2.117543 2.1175427 2.1175427 2.1175427 5.1477523 5.1477523 2.1175425 2.1175425 2.1175425 2.1175425 2.1175425 2.1175425
5.2179165 5.2179165 2.1858397 2.1858397 2.1858397 2.1858394 2.1858394 2.1858394 2.1858394 2.1858394 5.2179165 5.2179165 5.052263 3.6548195 3.5656774 3.7312489 5.1432385 5.1432385 5.052263 8.524651 6.0973144 5.052263 5.052263 5.052263 5.052263 5.052262 3.5656767 3.5656767 3.5656767 3.7312481 3.6548185 3.5656765 3.731248 3.6548185 3.6548185 3.5656765 3.5656765 2.11751 2.11751 2.11751 2.11751 2.1175098 2.1175098 6.2343903 6.2343903 5.9631443 2.1175096 2.1175096 2.1175096 2.1175096 2.1175096 2.1175094 2.1175094 5.9631443 5.9631443 2.1175091 2.1175091 2.117509 2.117509 2.1175084 2.1175084
6.074309 5.217883 2.185805 2.185805 2.185805 2.1858048 2.1858048 3.6767187 5.276267 2.1858048 3.6767187 5.217883 5.0522313 5.143206 5.143206 5.0522313 5.0522313 5.0522313 5.0522313 5.0522313 5.0522313 3.5656426 3.5656426 3.5656426 3.5656426 3.5656426 3.5656426 3.6547842 3.5656426 3.5656426 3.6547842 3.6547842 5.1477013 3.5656424 3.5656424 3.654784 3.5656419 2.117476 2.117476 2.117476 2.117476 2.1174757 2.1174757 2.1174757 2.6384482 2.1174757 2.1174753 2.1174753 2.1174753 2.1174753 2.1174753 2.1174753 2.1174753 2.600372 5.168028 2.1174746 2.1174746 2.1174746 2.1174746 2.1174743 2.1174743
6.074278 5.2178526 3.326006 3.326006 3.326006 3.6766837 3.6766837 3.6766837 5.2762423 5.2762403 3.6766832 5.2178526 5.0521994 5.0521994 5.0521994 5.0521994 5.0521994 5.0521994 3.565608 3.5656078 3.5656078 3.6547482 3.5656078 5.3296347 3.6547482 3.6547475 3.565607 3.6547475 3.565607 3.7311761 3.565607 3.565607 4.2813187 3.565607 3.565607 2.2553678 5.238655 2.117442 2.117442 2.117442 2.117442 2.117442 2.117442 2.117442 2.1174414 2.1174414 2.1174414 2.1174414 2.1174412 2.1174412 2.1174412 2.1174412 2.1174412 2.117441 2.3885493 2.117441 2.117441 2.1174405 2.1174405 2.1174405 2.1174405
8.742582 8.742582 8.742582 8.061616 5.21782 5.318218 5.217819 5.411973 4.3916802 4.3916802 5.376702 3.6766484 5.052168 5.052168 5.052168 5.052168 5.052168 5.052168 5.1431417 3.565574 5.1476507 5.329608 2.1174095 2.1174095 4.304039 5.143141 5.052167 3.6547136 5.1431403 5.1431403 3.6547136 3.6547132 3.672812 3.5655732 3.731141 3.5655732 4.2812834 2.1174088 2.1174088 2.1174088 2.1174088 2.1174088 2.1174088 2.1174088 2.1174085 2.1174085 2.117408 2.117408 2.117408 2.117408 2.117408 2.1174078 2.1174078 2.1174076 2.1174076 2.117407 2.117407 2.117407 2.117407 2.117407 2.117407
3.3259425 3.3259425 8.742555 3.325942 5.2177873 5.2177873 5.2177873 5.2177873 5.2177873 5.339954 4.3916426 3.774382 3.5655386 5.0521364 5.0521364 5.0521364 3.2303462 3.2303462 3.2303462 8.43356 5.963052 5.147625 3.7811513 8.43356 5.0521355 5.0521355 5.0521355 5.0521355 5.1431084 5.0521355 5.1431084 3.5655384 3.6546779 3.6546779 3.6546779 3.6546779 3.6727765 3.5655382 2.1173747 2.1173742 2.1173742 2.1173742 2.1173742 2.1173742 2.1173742 2.1173742 2.1173742 2.1173742 2.1173742 2.117374 2.117374 2.1173737 2.1173737 2.1173735 2.1173735 2.1173735 2.1173735 2.1173735 2.117373 2.117373 2.1173728
3.3259106 3.3259106 8.742527 8.742527 5.217756 5.217756 5.217756 5.217756 8.742527 5.217756 5.3399215 5.217756 5.237818 5.052105 5.052105 3.2303147 3.2303147 3.2303147 3.2303147 8.433533 7.616749 7.2046347 5.8669987 8.433533 3.2303147 3.2303147 3.2303147 5.052105 5.052104 8.433532 5.052104 3.654642 3.565504 3.565504 3.731069 3.654642 3.654642 3.565504 2.1985114 2.1173408 2.1173408 2.1173406 2.1173406 2.1173406 2.1173406 2.1173406 2.1173406 2.1173406 2.1173406 2.1173403 2.1173403 2.1173398 2.1173398 2.1173398 2.1173398 2.1173398 2.1173394 2.1173394 2.1173387 2.1173387 2.1173391
3.3258786 8.7425 5.217724 5.217724 5.217724 3.3258781 5.217724 5.217724 8.061525 8.7425 8.7425 8.7425 8.433506 8.433506 3.2302835 3.2302835 3.2302835 3.2302835 3.2302835 8.433506 5.8669686 5.8669686 8.433506 8.433506 3.2302835 3.2302835 3.2302835 5.123934 4.171704 8.433505 5.052072 3.6546068 3.6546068 3.5654693 3.6546066 3.7310328 3.6546066 3.6546063 3.5654688 2.1173067 2.1173067 2.1173067 2.1173065 2.1173065 2.1173062 2.1173062 2.1173062 2.1173062 2.1173062 2.1173062 2.1173062 2.1173062 2.1173062 2.117306 2.117306 2.117306 2.117306 2.117306 2.1173058 2.1173058 2.1173058
3.325847 3.325847 3.325847 5.2176914 5.2176914 3.325847 3.325847 5.2176914 8.061495 3.325847 3.325846 8.742474 8.433477 3.2302523 3.2302523 3.2302523 3.2302523 3.2302523 8.433477 8.433477 8.433477 8.433477 8.433477 5.866937 3.230252 3.230252 3.230252 5.1239023 6.269977 8.433477 5.0520415 5.143011 3.6545713 3.5654345 2.2551942 3.654571 3.654571 3.654571 3.654571 2.1172726 2.1172726 2.1172726 2.1172726 2.1172726 2.1172726 2.1172726 2.1172726 2.1172726 2.1172726 2.1172724 2.1172724 2.1172724 2.1172724 2.1172724 2.1172724 2.1172724 2.1172721 2.1172721 2.117272 2.117272 2.1172717
3.3258142 3.3258142 3.3258142 5.217659 3.6764717 2.1855621 2.185562 5.217659 5.217659 8.061465 8.742447 8.742447 8.433451 3.2302217 3.2302217 8.433451 8.433451 8.433451 8.433451 2.11724 8.433451 8.433451 8.433451 5.866905 5.866905 8.433451 8.433451 3.2302213 3.2302213 8.433451 8.433451 5.0520096 3.6545362 2.1984084 3.5653996 3.654536 3.5653996 3.5653996 3.654536 3.5653994 2.1172392 2.1172392 2.1172392 2.1172392 2.117239 2.117239 2.117239 2.117239 2.117239 2.1172388 2.1172388 2.1172385 2.1172385 2.1172385 2.1172383 2.1172383 2.1172383 2.1172383 2.1172376 2.1172376 2.1172373
2.1855276 2.1855276 3.3257828 3.3257828 5.2176275 2.1855276 2.1855273 3.6764362 5.2176275 6.488518 8.742418 8.742418 8.433424 8.433424 8.433424 8.433424 8.433424 8.433424 2.117206 2.117206 8.433424 8.433424 8.433424 8.433424 8.433424 8.433424 8.433424 3.2301893 2.1172059 4.1716027 8.433424 5.051978 5.051978 2.1172056 3.6545007 3.6545007 3.5653653 3.565365 3.730925 3.6545005 2.1172054 2.1172054 2.1172051 2.1172051 2.1172051 2.1172051 2.1172051 2.1172051 2.1172051 2.1172044 2.1172044 2.1172044 5.1474967 5.1474967 3.565364 3.565364 3.5653636 2.117204 2.117204 2.117204 2.117204
2.1854923 2.1854923 2.1854923 3.3257504 3.3257504 2.185492 2.185492 3.7741647 5.217594 5.217594 3.3257504 3.3257504 3.2301588 3.2301588 8.433399 8.433399 8.433399 2.1171725 2.1171725 2.1171725 8.433397 8.433397 8.433397 8.433397 8.433397 8.433397 2.1171722 2.1171722 2.1171722 4.5363674 8.433397 8.433397 5.0519466 2.117172 3.5653312 3.7308898 3.6544657 3.6544654 3.6544654 3.6544654 3.565331 2.117172 2.1171715 2.1171715 2.1171713 2.1171713 2.1171713 2.117171 2.117171 5.1474724 5.1474724 3.5653303 2.5161223 4.281032 3.6544642 3.5653298 2.1171708 2.1171708 2.1171703 2.1171703 2.11717
2.1854587 2.1854587 2.1854587 2.1854582 2.1854582 2.1854582 2.1854582 2.2735128 2.185458 2.185458 2.185458 2.185458 2.117139 3.2301273 8.433369 8.433369 2.117139 2.1171389 2.1171389 2.1171389 2.1171389 8.433369 8.433369 8.433369 2.1171386 2.1171386 4.171536 5.1474466 2.1171386 5.5616426 3.9748995 3.9748995 2.1171384 3.5652964 3.65443 3.65443 3.5652964 3.565296 2.1983047 2.1983047 3.6544292 2.1171374 2.1171374 3.5652952 3.5652952 2.1171372 2.1171372 2.1171367 3.565295 4.2809954 2.5160878 2.1983035 2.1171367 2.2126002 2.1983032 2.1983032 2.117136 2.117136 2.117136 2.117136 2.117136
2.1854234 2.1854234 5.27598 2.1854234 2.1854234 2.1854234 2.1854234 2.1854231 2.1854231 2.1854231 2.185423 2.185423 2.1171052 2.1171052 2.117105 2.117105 2.117105 2.117105 2.117105 2.117105 2.1171048 5.147422 2.1171048 2.1171043 2.1171043 2.1171043 5.561616 5.147422 5.962866 5.962866 4.714911 3.5652618 4.0767727 3.5652614 3.6543941 4.2624264 2.1982696 2.1982696 2.1171036 2.1171036 2.1982696 2.1171036 2.1171033 3.565261 3.6543937 3.5652604 2.1171033 2.1171029 3.654393 2.2125657 2.1171029 2.1171029 2.1171029 2.1171029 2.1171024 2.1171024 2.1171024 2.1171024 2.1171021 2.1171021 2.1171021
3.6762955 2.1853893 2.583213 3.6762955 3.6762955 2.185389 2.185389 2.1853888 3.6762953 2.1853888 2.1853888 2.1853888 2.1170716 2.1170716 2.1170714 2.1170714 2.1170714 3.2300646 2.1170714 2.1170714 2.1170714 5.962841 2.1170714 2.1170712 2.1170712 2.1170712 5.962841 2.516021 2.1170712 2.599944 2.43467 3.6543605 3.6543598 3.6543598 3.6543598 2.3443127 2.1170704 2.1170704 2.1170704 2.1170704 2.1170702 2.1170702 2.1170702 2.1982355 3.6543593 3.6543593 2.1170702 2.11707 2.1982353 2.11707 2.1170692 2.1170692 2.1170692 2.1170692 2.1170692 2.1170692 2.117069 2.117069 2.1170688 2.1170688 2.1170688
3.6762598 2.2734067 2.1853538 3.7740202 3.7740202 2.1853535 2.1853535 2.1853535 2.2734065 2.1853535 2.1853535 2.1853535 2.1170373 2.1170373 2.1170373 3.230034 8.433288 8.433288 8.433288 2.1170373 2.117037 5.1473722 2.5999088 2.117037 2.117037 2.117037 2.5999086 2.1170368 2.1170368 2.1170368 3.5651927 3.654324 3.654324 3.654324 3.5651927 2.1982017 2.1170368 2.1170368 2.1170368 2.1170368 3.5651927 2.1170366 2.1170366 3.5651927 3.5651927 2.2549515 2.1170363 2.117036 5.14737 2.117036 2.1170359 2.1170359 2.1170359 2.1170359 2.1170356 2.1170356 2.1170356 2.1170356 2.1170356 2.1170354 2.1170354
3.7739842 3.6762242 3.6762242 3.7739842 2.1853187 2.1853187 2.1853187 2.1853187 2.1853187 2.1853187 2.1853187 3.6762242 2.1170037 3.5651588 2.1170037 2.1170037 8.433259 8.433259 8.433259 8.433259 8.433259 2.5159528 2.1170037 2.1170037 2.1170034 4.1714 4.1714 2.1170032 2.1170032 2.117003 3.654289 3.654289 2.117003 3.7307107 3.654289 2.1170025 2.1170025 2.1170025 3.5651577 3.5651577 2.1981664 3.5651574 3.5651574 3.6542876 3.6542876 2.1170015 2.1170015 2.1170015 2.5159507 2.1170015 2.117001 2.117001 2.117001 2.117001 2.117001 2.117001 2.1170008 2.1170008 2.1170008 2.1170006 2.1170006
3.7739484 3.6761894 2.2733362 3.6761894 3.7739484 3.6761894 2.1852846 2.1852846 2.1852846 2.1852846 2.1852846 3.7739484 3.565124 3.565124 2.1169693 8.433232 8.433232 8.433232 8.433232 8.433232 3.2299712 2.116969 2.116969 2.116969 3.5651236 5.1473203 2.116969 2.1169689 2.1169689 2.1169689 2.1169686 2.5092254 2.1169686 2.1169686 3.6542532 2.1169684 2.1169684 3.565123 3.565123 3.7306736 3.565123 3.654253 3.654253 3.654253 3.565123 3.5651224 2.1169682 2.1169682 2.1169677 3.5651221 2.1169677 2.1169677 2.1169677 2.1169677 2.1169677 2.1169677 2.1169677 2.1169672 2.1169672 2.116967 2.116967
4.186758 3.856099 3.6761537 3.7739117 3.6761537 3.7739117 2.1852493 2.1852493 2.1852493 2.1852493 2.1852493 3.6761537 3.56509 3.7306395 3.5650895 8.433205 8.433205 8.433205 8.433205 3.2299407 2.1169357 2.1169357 2.1169357 3.5650892 3.6542177 4.2807817 5.147294 2.1169353 2.1169353 2.1169353 2.116935 2.116935 2.1169348 3.5650885 3.6542175 3.5650885 3.5650885 3.5650885 3.6542175 3.6542175 3.5650883 3.6542172 3.6542172 3.6542172 3.6542172 2.198097 2.1169343 2.1169343 3.565088 3.565088 3.565088 2.1169343 2.116934 2.116934 2.116934 2.116934 2.116934 2.1169338 2.1169338 3.5650876 3.5650876
3.8560631 3.676119 3.7738764 3.7738764 3.7738762 3.7738762 3.7738762 5.2758226 5.2758226 2.1852148 3.6761184 3.6761181 3.6541834 3.6541834 3.6541834 8.433179 8.433179 8.433179 3.229909 3.229909 2.116902 2.116902 3.565055 3.6541834 3.6541834 3.6722815 2.116902 2.5158498 2.116902 2.116902 2.1169019 2.1169019 3.565055 3.5650547 3.6541831 3.654183 3.654183 3.654183 3.6541827 3.6541827 3.6541827 3.6541827 3.6541827 3.5650542 3.6541827 5.1472692 3.5650542 3.5650542 3.6541827 3.6541827 3.6541822 2.1169007 2.1169002 2.1169002 2.1169002 2.1169002 2.1169002 2.1169002 3.5650535 3.6541812 3.6541812
