Export/ASCII/RMeteo_SP_inch/speranza1/RMeteo_2017_SP4_inch.asc
ncols         660
nrows         338
xllcorner     1476100.0
yllcorner     5017100.0
cellsize      100
NODATA_value  -9.9e-20
[rows 216 to 242 of 338, columns 360 to 419 of 660]
1.1824527 1.144465 1.1608872 1.144465 1.1960263 0.98395514 0.9560921 1.9960697 1.9960697 2.9081492 1.103966 1.103966 2.1922216 1.9960685 1.9960685 1.9960682 1.9960682 1.996068 3.847373 3.847373 2.2931998 1.9960678 2.2931995 1.1846707 1.324355 1.310352 1.3479239 1.1960254 1.3479239 1.1960254 1.3358251 1.2227913 1.1436524 1.1353927 3.3530705 2.9476779 2.8630114 2.965625 1.1472114 1.1472114 2.1158884 3.2159142 3.917363 3.6640575 3.3729398 2.9656246 2.9656246 2.9656246 2.9656246 3.9868367 3.9868367 3.9868367 3.9868367 3.9868367 3.9868367 3.9868367 5.1708956 0.8241841 0.7092428 1.0684216
1.1678286 1.1960077 1.1960077 1.1960077 0.9839523 1.2459017 1.1039517 1.9960103 1.9960103 2.908089 1.1140444 2.2052195 1.9960101 1.9960098 1.9960098 1.9960093 1.9960093 1.9960091 2.0396523 2.0396523 1.9960091 3.8473198 3.8473198 1.2138869 1.2635493 1.1177955 1.3478948 1.2416447 1.3478948 1.2416447 0.9839518 1.273481 1.1851583 1.160882 2.947604 2.9080858 2.9655707 2.4086723 1.1471828 0.531939 1.2600049 0.0 4.2708673 3.8430445 2.96557 1.9324528 1.9324528 2.9655695 2.9655695 3.9868078 3.9868078 3.9868078 3.9868078 3.9868076 3.9868076 3.9868076 3.9868076 5.1708097 0.82416075 0.70482683
1.1999999 0.9839494 0.98394895 1.2772807 1.1566133 1.2492404 1.1140282 1.9959517 1.9959517 1.9959517 0.9560869 2.2051394 1.9959512 1.9959507 1.9959507 1.9959507 1.9959507 1.9959505 1.9959505 1.9959505 1.9959505 2.2930803 3.7897499 0.98394895 0.95608664 1.1168292 1.3478652 1.3478633 1.3478652 0.98394895 1.1959877 1.335816 1.1959877 0.98394895 2.9080253 2.908025 2.9655156 2.4086301 2.5521958 1.7393137 1.8372728 0.68899894 0.93348956 0.93348956 0.881814 0.8084399 1.4480237 2.965515 0.7092371 4.705238 3.9867787 3.986778 3.986778 3.986778 3.986778 3.986778 3.986778 3.986778 3.7273688 2.5681212
0.9839461 1.1959686 1.1959686 1.3478538 1.131402 1.1168256 0.0 1.9958932 1.9958932 1.995893 1.1039221 0.956084 1.9958925 1.995892 1.995892 1.9958916 1.9958916 1.9958911 1.9958911 1.9958906 2.2930198 2.2930198 3.0831845 0.6077845 0.73349977 0.7398312 1.3478528 1.3478528 1.3478528 1.1959677 1.241597 1.3478528 1.2772502 1.1959677 0.9839461 0.9839461 2.965462 2.8628888 2.1343899 2.1101584 0.80963796 0.8610527 0.95697856 0.9569783 0.9451351 0.37627816 0.70923376 0.8847401 0.70923376 3.9867494 3.9867494 3.9867492 3.9867492 3.9867492 3.986749 3.986749 3.9867487 3.9867485 2.5680823 2.5680814
1.195951 0.98394275 1.2415766 1.2415766 1.3478423 1.1608677 2.9079087 2.292962 1.9958334 1.9958334 0.98394275 1.1291153 1.9958334 1.9958334 2.623083 1.9958329 1.9958329 1.9958324 1.9958324 1.995832 2.2929604 1.3421116 1.3421116 0.6913631 0.6913631 0.6913631 0.60777473 1.3478419 0.98394275 1.2415756 1.3478419 0.98394275 1.3478419 1.2415756 1.19595 1.19595 2.965406 2.9654057 2.862847 1.2424186 0.7983289 0.8651597 0.88723725 0.37956572 1.1901894 1.1994462 0.8240945 0.7092309 1.1100535 3.9867198 3.9867196 3.9867196 3.9867196 3.9867194 3.9867194 3.9867194 3.9867194 2.5680447 2.5680444 1.1894583
0.78172827 0.9839399 1.1959314 1.3478318 1.3478318 4.161458 2.907849 2.2929027 2.2929027 2.9078488 0.9839394 1.156563 2.303591 1.9957743 1.9957743 1.9957738 1.9957738 1.9957736 1.9957736 1.9957733 2.292901 1.342071 1.342071 1.1024973 0.6077659 0.69134474 1.5436707 1.3478318 0.9839394 1.3478318 1.3478318 1.195931 1.3478314 1.3478314 1.2415522 1.2415522 2.9653504 2.9653504 2.9272444 1.1470674 0.5690179 0.88733214 0.70922804 0.37792206 0.92501944 1.4019425 1.0640721 0.70922804 4.754118 5.564396 3.9866893 3.9866893 3.9866893 3.9866893 3.9866893 3.986689 2.568005 2.568005 2.5680046 2.5680046
0.60775757 0.70623946 0.983937 1.2415313 0.983937 2.9077888 3.181375 2.9077888 2.9077888 2.9077883 0.983937 1.1313527 1.9957154 1.9957149 1.9957149 1.9957149 1.342032 1.3420317 1.3420317 1.3420315 2.292841 1.3420312 1.3420312 0.983937 1.1024806 1.4250722 1.626111 0.983937 1.1959128 0.983937 1.3478209 0.983937 1.3478209 0.983937 1.3478204 0.98393655 2.9652953 2.4084606 2.9652953 0.7092252 0.7092252 0.73275423 0.8240501 0.70481396 1.0640502 0.7092252 1.1883272 0.82404965 3.9866607 3.9866607 3.9866602 3.9866602 3.9866602 2.8740876 2.8740876 3.9866602 3.98666 3.98666 3.9866598 3.9866598
0.691309 0.60774827 1.1024625 1.3478104 0.9839337 3.352536 2.9077287 2.9077287 2.9077287 0.9839337 1.1958942 1.1139472 1.9956563 1.9956558 1.9956558 1.9956555 1.3419914 1.3419912 1.3419912 2.2927809 2.2927809 2.2927806 3.4207013 0.9839337 1.1958933 1.1999999 1.3106767 1.1958933 1.2415069 1.1958933 1.3478099 1.1958933 1.3478099 1.1958933 1.3478094 1.1958933 2.9652412 2.862724 0.7092223 0.90334487 0.82402724 0.82402724 0.8356581 0.6949761 1.2757891 0.82402724 1.2142991 1.0640273 3.9866314 3.9866314 3.9866314 2.1614656 2.1614652 3.9866307 3.9866307 3.9866307 3.9866307 3.9866307 3.9866302 3.9866297
0.6912911 0.6077392 1.1958752 0.9839308 4.032432 3.3524582 2.947079 2.907668 2.907668 0.98393035 1.241484 1.1139307 1.9955971 1.3419514 1.9955966 1.9955964 1.3419509 1.3419507 1.3419507 2.2927213 2.2927213 2.2927213 3.0423255 2.907667 1.2956439 0.98393035 0.98393035 1.2414826 1.347799 1.2414826 0.98393035 1.2414826 1.347799 1.2414826 0.98393035 1.2414826 2.4083765 2.9651854 0.8240048 0.709219 1.0640044 0.709219 0.5689602 0.53189254 0.98717904 0.31838226 0.709219 1.1882609 3.9866025 3.9866023 3.9866023 2.1614337 2.1614337 3.986602 3.986602 3.986602 3.9866018 3.9866018 3.9866018 3.9866016
0.7524419 1.0580583 0.95606804 1.2238926 2.907609 2.9470048 2.9470048 2.9076085 2.9076085 2.9076085 1.1564965 2.7555432 1.995538 1.9955375 1.9955375 1.9955373 1.3419116 1.3419111 2.2926614 2.2926607 2.2926607 2.9076056 2.9076056 2.9076052 1.5439633 0.9839275 1.1958551 1.3477885 0.98347926 1.3455695 1.1958542 1.347788 1.347788 1.347788 1.1958542 1.347788 2.8626423 2.965131 0.8356025 0.82398194 1.1882294 0.82398194 0.55081797 0.55081797 0.66385865 0.31835365 0.82398194 0.7092161 1.2142371 3.9865727 3.9865727 3.9865727 3.9865727 3.9865727 3.9865727 3.9865727 3.9865727 3.9865727 3.9865723 3.9865723
0.6912551 0.95606565 1.1038196 2.1914473 2.2746782 1.9954793 1.9954793 1.9954789 2.9075475 2.9075472 0.9560654 2.2275276 1.9954782 1.9954779 1.9954779 1.9954772 2.2926006 2.2926006 2.2926006 2.9075449 2.9075449 2.9075444 2.9075444 2.9075441 0.98392415 1.1958375 1.2414387 1.3477775 0.9834614 1.277368 1.2414378 1.3477775 1.3477775 1.3477775 1.2414378 3.6848087 0.8890989 0.707829 0.5689218 0.8355756 0.9471805 0.8355756 0.5507977 0.5507977 0.6344981 0.31832552 1.0639601 0.82396 1.2142056 3.986543 3.9865427 3.9865427 3.9865427 3.9865427 3.9865427 3.9865427 4.5796537 4.5796537 2.873954 2.8739538
0.69123673 0.7333462 0.9560628 2.9074874 1.9954205 1.9954202 1.9954202 1.99542 2.907487 2.907487 0.9560628 2.191369 1.99542 1.99542 1.9954197 1.341831 2.2925422 2.2925422 2.2925422 2.907486 2.907486 2.907486 2.907486 2.9074852 1.195818 1.2414149 1.347766 1.347766 1.1844838 1.238566 1.347766 1.347766 1.347766 1.347766 1.347766 1.0123055 0.82059455 0.5689025 0.5507765 0.5689025 0.5853584 1.1236562 0.550776 0.31829786 0.5687156 0.53187156 1.1881646 1.0639381 1.2141751 3.9865139 3.9865139 3.9865139 3.9865139 3.9865134 3.9865134 2.8739214 2.8739214 2.8739214 1.5136994 1.5136992
0.752419 1.0580142 1.10379 2.907428 1.9953616 1.9953616 1.9953616 1.9953616 2.907427 0.6077039 0.6077039 2.1912913 1.9953606 1.9953606 1.9953604 1.9953604 2.9074264 2.9074264 2.907426 2.907426 2.9074259 2.9074259 2.9074259 2.9074254 1.241393 0.9839184 0.9839184 1.347756 0.9839184 1.2243944 1.347756 0.9839184 0.9839184 1.347756 1.347756 0.98342586 0.56888294 0.5318649 0.55075526 0.5318649 0.5318649 0.53186464 0.59865046 0.70920706 0.7326274 0.70920706 1.2141427 1.1881298 0.70920706 3.9864855 3.9864855 3.9864855 3.9864852 3.9864852 3.9864848 3.9864848 2.8738875 1.5136558 1.5136558 1.7684668
0.69120073 1.1067173 2.2042665 2.9073677 2.9073677 2.9073677 2.9073677 2.9073677 2.9073677 0.6076951 0.69120073 2.1079724 1.9953017 1.9953017 1.9953015 1.9953015 2.9073663 2.9073663 2.9073663 2.9073663 1.9953003 1.9953003 3.8466926 2.9073656 1.3477451 1.1957808 1.1957808 1.3477446 1.1957808 1.275272 1.3477446 1.1957808 1.1957798 1.3477446 1.3477446 0.7765024 0.55073404 0.55073404 0.5318582 0.5686486 0.7281251 0.55073404 0.55073404 0.82389325 0.82389325 0.82389325 1.2141117 1.2141117 0.8238923 3.9864557 3.9864552 3.9864552 3.986455 3.986455 3.986455 3.986455 2.8738546 1.768423 3.2106113 1.5136114
2.8651605 1.0579853 2.2646463 1.9952435 2.9073079 2.9073079 2.9073079 2.9073079 0.9839122 0.6076853 2.1079 2.1078997 1.9952428 1.9952428 1.9952421 2.2923622 2.9073074 2.9073074 1.9952416 1.9952416 1.9952414 1.9952414 2.0388799 2.9073057 1.3477341 1.2413472 1.2413472 1.3477341 1.2413472 1.3357645 0.98391175 1.2413472 1.2413472 0.98391175 1.3477336 3.0257287 0.5507138 0.5507138 0.71073747 0.72810507 0.8763885 0.53185177 0.5507138 1.0638709 1.06387 1.06387 1.2140807 1.2140802 1.0638695 3.9864259 3.9864259 4.5795 4.5795 3.9864259 3.9864259 3.9864254 3.9864254 2.408119 4.5795 1.5135676
2.8651228 2.19106 1.9951856 1.9951856 1.3416715 1.3416715 1.341671 2.9072475 0.98390937 1.4247193 1.05797 1.9951844 1.9951842 2.2923033 2.2923026 2.2923026 2.2923024 2.2923024 1.995183 1.995183 1.9951823 1.9951823 1.995182 3.2992764 1.3477231 0.98390937 1.3477231 0.98390937 1.3477231 1.3477231 1.1957426 1.3477231 1.3477231 2.907243 2.907243 2.907243 0.709198 0.7107184 1.7747592 0.8700182 0.7047906 0.7325649 0.72808456 1.1898936 0.7047906 1.1880335 1.2140497 1.2140497 3.986396 3.986396 3.986396 3.0559256 3.0559256 4.5794625 3.9863958 3.9863958 2.4080782 2.4080777 2.3971791 1.5135235
2.865084 1.9951265 1.9951258 1.3416309 1.3416307 1.3416307 1.3416305 2.9071875 0.98390603 1.625741 1.5766222 2.9071865 2.907186 2.2922428 2.2922425 2.9071858 2.2922416 2.2922416 1.9951231 1.9951231 1.9951229 1.9951229 1.9951229 3.331635 1.8732264 1.195724 0.98390603 1.195724 1.3477131 1.3477131 1.2413014 3.6842427 3.6842422 2.9071832 2.9071832 2.9071832 3.2425852 1.7746927 1.7682759 0.91685176 0.870001 0.82382506 0.8763508 1.1457584 0.8763508 1.2140182 1.2140182 1.2140182 3.9863675 3.9863672 3.9863672 3.0558925 3.0558925 4.579424 3.9863663 3.9863663 2.8623517 1.8284615 1.5134796 1.5134796
2.8650467 1.9950669 1.9950669 1.9950669 1.9950664 1.9950664 2.9071283 4.1834536 1.507302 1.789635 3.5335045 2.9071276 2.9071274 2.9071274 2.2921832 2.907127 2.9071262 2.9071262 2.9071262 1.9950645 1.9950645 1.9950645 1.9950643 3.331577 1.2654988 1.241279 1.1957054 1.241279 1.3477021 1.3477021 1.3477021 2.946395 2.946395 2.907124 2.907124 2.907124 2.4079955 0.80841726 0.80841726 0.8853778 0.9168296 0.83538127 0.5318315 1.0829093 0.7091923 0.7091923 1.4002393 1.2139872 3.9863377 3.9863377 3.9863377 3.0558596 3.055859 3.9863374 3.9863374 3.9863374 2.9646888 1.7682232 1.7682232 1.513435
1.9950082 1.9950082 1.9950078 1.9950078 1.9950073 1.9950073 2.9070668 2.9070668 1.7462935 0.60765004 3.7467775 3.0283887 2.9070663 1.9950061 1.9950061 2.9070663 2.9070659 2.9070659 2.9070656 2.9070656 1.9950054 1.9950054 1.9950051 0.98389983 1.2457925 0.98389983 1.2412571 1.3476917 1.3476917 1.3476917 0.98389983 2.9070644 2.9070644 2.9070642 2.9070637 2.9070637 2.8622735 0.89449763 0.89449716 0.8870217 0.681355 0.5687671 0.53182435 0.85413575 0.82377976 0.82377976 1.3570515 1.2139562 0.70918894 3.9863086 3.9863086 3.0558262 3.0558262 3.9863079 3.9863079 2.4079494 2.9646323 1.7681736 1.7681736 1.7681736
1.4452718 1.4452718 1.4452718 1.4452718 1.4452718 1.4452718 1.4452718 2.7820318 0.8762915 0.78868365 2.1622028 2.0832028 1.4452711 1.4452711 1.4452711 2.0438514 2.0438514 2.0438514 2.0438514 2.0438514 2.0438514 2.0438514 2.0438514 1.1694121 1.39469 1.1661158 1.4081817 1.4081817 1.4081817 1.4081817 1.1661158 2.04385 2.04385 2.04385 2.04385 2.0438495 1.9885691 1.014535 0.71914434 0.71914434 0.71914434 0.5016613 0.4833629 0.5193372 0.6963966 1.0748789 0.6963961 1.2255982 0.6963961 3.5354936 3.5354936 3.5354936 3.5354936 3.5354936 1.9885675 1.9885675 2.5419219 2.41087 1.3811027 1.6343094
1.4452411 1.2173687 1.1308032 1.5248584 1.6947929 1.6947926 1.6947924 0.72299695 0.0 1.2478884 1.0797666 1.7386488 1.7386488 1.2710584 1.4452406 2.494659 2.0438223 2.494659 2.494659 2.494659 2.0438218 2.0438218 2.4946585 2.5703237 0.7240932 0.89265966 0.92490405 0.92490405 0.92490405 0.92490405 0.8926592 2.4946578 2.4946578 2.4946578 2.4946578 2.4946578 1.9746205 1.0612926 0.84349173 1.9780885 0.84349173 0.7191417 0.6963732 0.70199704 0.81936044 1.1539973 0.81936044 1.1794685 0.7892914 0.69637275 3.535464 3.5354638 3.5354638 3.5354638 2.4393919 2.4393919 1.9885372 2.5444357 2.3981774 1.9885367
1.4452115 1.4452115 1.2173434 1.5248142 1.6947519 1.4452113 1.6947516 0.5604975 1.7359782 2.0420885 1.772673 1.5248278 1.217348 1.217348 1.2346636 2.5514946 2.4946306 2.0437927 2.6131115 2.5514946 2.4946306 2.4946306 2.5514946 2.6111865 0.8169713 1.0608377 0.7240689 0.7240689 0.7240684 1.0898476 1.0608377 2.0437918 2.551494 2.551494 2.551494 2.5514925 1.9724752 2.2641842 2.1484354 1.5926286 1.5926286 0.7191391 0.48331475 0.7019944 0.7019944 0.7019944 0.7019944 0.7019944 0.6963494 0.6963494 3.5354342 3.5354342 3.5354342 1.9885079 1.9885079 1.9885079 1.9885079 1.9885079 2.758566 1.9885074
1.4451805 1.6947101 1.6947101 1.6947099 1.6947099 1.6947099 1.4304308 0.82292813 1.7429315 1.6947097 1.6947097 1.2173177 1.2173227 1.1307536 1.1307534 2.5514452 2.5514443 2.4946022 2.9397047 2.5514438 2.5514429 2.5514429 2.5514426 2.5514426 2.8611774 1.1366853 0.81694937 0.81694937 0.81694937 1.1366848 0.724046 0.8169489 2.5514424 2.551442 2.551442 2.551442 2.4393365 1.9724239 1.9724239 1.5925869 1.9724237 0.84345335 0.7019918 1.5818957 1.5818957 1.5818957 1.5818957 0.83315295 0.7892461 2.0099182 2.9145532 1.5855417 4.003494 2.4393356 2.4393356 2.4393356 2.4393356 1.9884776 3.1016781 2.4393344
1.5247256 1.6946691 1.6946687 1.6946689 1.6946689 1.6946689 0.99574244 0.82292646 0.7055752 3.468303 1.2524313 1.0797051 1.1674622 1.1307243 1.1674684 2.551395 2.551395 2.551395 2.551395 2.551395 2.551395 2.551395 2.551395 2.551395 3.6937408 1.1794456 1.0608344 1.0608344 1.0608344 1.1637591 0.8169246 1.0608344 2.551394 2.5513937 2.5513937 2.5513937 2.486195 1.9723722 1.9723717 1.9723717 1.9723715 0.98029256 0.83313483 0.8193559 1.3809341 1.3809341 1.3809339 1.3809339 1.3809339 1.5925428 1.5925428 2.9145205 2.7585094 1.9884483 1.9884483 2.4894114 2.4894109 1.9884478 2.4393063 2.4894109
1.1306878 1.1306878 1.5246812 1.6946281 1.6946281 1.6946281 0.25549698 0.7428212 0.9292895 4.150637 1.0796849 1.1306874 1.0796849 1.1674296 1.0796849 1.4280709 1.0796849 1.2936362 2.0437045 2.5513453 2.5513453 1.2936357 1.2936357 1.2936357 1.0796839 0.95804644 1.1366228 1.1366228 1.1366223 1.1637286 1.0608325 0.72399545 2.5513442 4.235155 4.235155 4.235155 4.1324673 1.5925022 1.9723209 1.5925018 1.9723209 1.0032234 0.840512 0.8640251 1.6281205 1.6281201 1.6281193 1.3808914 1.7639138 1.972319 1.5925001 2.9144876 0.9663516 2.4343803 2.4392774 2.48936 2.4893596 2.4392767 3.5353441 4.132461
2.0974681 2.0974681 1.4450899 1.6945866 1.6945866 1.6945866 0.0 0.5293834 1.0848032 1.130658 1.130658 1.130658 1.0796639 1.0796639 1.1306664 1.0796639 1.2282759 1.1306661 1.2357973 1.293595 2.5512938 1.1306661 1.1306661 1.1306661 1.0796636 0.6085582 1.1636995 1.1636995 1.1636995 1.1636995 4.7116175 4.267721 4.2350807 3.6226833 3.6226833 3.6226833 3.5353167 3.3838863 1.9722692 1.9722692 1.9722692 2.171757 1.0587151 0.8543419 0.81935304 1.6280712 1.6280712 1.6280712 1.9109296 1.9722682 1.9722682 2.9144554 1.4230555 2.7584507 2.4392486 2.9220688 2.4893103 2.4893103 3.5353143 3.535314
2.0974364 2.8132634 1.4450604 1.6945459 1.6945459 1.4450601 0.6587713 0.0 0.5293782 1.0847667 1.0796436 1.1306294 1.195084 1.0796436 1.1306378 1.1306375 1.1306373 1.1673692 1.1306373 1.1306373 0.8540294 3.2386286 1.0796434 1.167369 1.130637 3.133675 1.1793579 1.163669 1.163669 3.6226535 3.6226532 3.6226532 3.6226532 3.6226532 3.6226532 3.6226532 3.5352862 3.5352862 2.4392216 1.9883593 2.4392216 2.4392216 3.017353 0.8488111 0.8639767 0.8193514 1.9108778 1.9108771 1.5924155 1.9722165 1.972216 1.592415 1.4230317 2.434281 1.9883577 2.4892597 2.9219918 4.1323113 3.535285 3.5352848
