Export/ASCII/RMeteo_SP_inch/speranza1/RMeteo_2016_SP2_inch.asc
ncols         660
nrows         338
xllcorner     1476100.0
yllcorner     5017100.0
cellsize      100
NODATA_value  -9.9e-20
[rows 189 to 215 of 338, columns 590 to 648 of 660]
0.47528768 0.47528768 0.47528768 0.47528768 0.48 0.47528768 0.47528768 0.69572496 0.48 0.3566463 0.24049139 0.40121818 0.40121818 0.90421355 0.96594346 0.96594346 1.5754428 1.5754428 1.5754426 1.5754426 1.5754426 1.5754426 1.5754426 0.6339865 0.6339865 0.6339865 0.6339865 0.63398623 0.38736224 0.38736224 0.35016108 0.35016108 0.35016108 0.35016108 0.35016108 0.35016108 0.35016108 0.35016108 0.35016108 0.35016012 0.18439817 0.18439817 0.18439817 0.18439817 0.18439817 0.18439817 0.18439817 0.18439817 0.18439817 0.18439817 0.18439817 0.18439817 0.18439817 0.18439817 0.18439817 0.18439722 0.18439722 0.18439722 0.18439722
0.6957226 0.48 0.48 0.4752872 0.48 0.54152393 0.6957221 0.4752872 0.409487 0.18011212 0.18011212 0.18011212 0.6116805 0.9042126 0.9042126 0.965942 1.6371651 1.5754356 0.3873601 1.5754356 0.3873601 0.3873601 0.3873601 0.6339803 0.6339803 0.6339798 0.6339798 0.6339798 0.38735986 0.38735986 0.35015392 0.35015392 0.35015392 0.35015392 0.35015392 0.35015392 0.35015392 0.35015392 0.35015392 0.35015297 0.18438768 0.18438768 0.18438768 0.18438768 0.18438768 0.18438768 0.18438768 0.18438768 0.18438768 0.18438768 0.18438768 0.18438768 0.18438768 0.18438768 0.18438768 0.18438768 0.18438768 0.18438768 0.18438768
0.54152155 0.70303965 0.47528672 0.47528672 0.47528672 0.47528672 0.48 0.47528672 0.18010974 0.18010974 0.18010974 0.90421116 0.41615868 0.90421116 0.9659401 0.90421116 1.5754282 0.38735747 0.38735747 0.38735747 0.38735747 0.38735747 0.38735747 0.38735747 0.38735747 0.6339743 0.38735747 0.38735747 0.38735747 0.38735747 0.35014534 0.35014534 0.35014534 0.35014534 0.35014534 0.35014534 0.35014534 0.35014534 0.35014534 0.35014534 0.18437958 0.18437958 0.18437958 0.18437958 0.18437958 0.18437862 0.18437862 0.18437862 0.18437862 0.18437862 0.18437862 0.18437862 0.18437862 0.18437862 0.18437862 0.18437862 0.18437862 0.18437862 0.18437862
0.47528625 0.47528625 0.69571924 0.48 0.48 0.47528625 0.48 0.70303726 0.47528625 0.48 0.2733419 0.6610997 1.5754204 1.5754204 1.5754204 1.6988776 1.5754204 0.38735533 0.3055601 0.3055601 0.3055601 0.3873551 0.3873551 0.3873551 0.3873551 0.3873551 0.3873551 0.3873551 0.3873551 0.35014057 0.35014057 0.35014057 0.35014057 0.35014057 0.35014057 0.35014057 0.35014057 0.35014057 0.35013962 0.35013962 0.18436909 0.18436909 0.18436909 0.18436909 0.18436909 0.18436909 0.18436909 0.18436909 0.18436813 0.18436813 0.18436766 0.18436766 0.18436766 0.18436766 0.18436766 0.18436766 0.18436766 0.18436766 0.18436766
0.48 0.47528577 0.48 0.70303583 0.47528577 0.47528577 0.47528577 0.47528577 0.71999997 0.9042088 0.6116767 1.0032853 1.5754128 0.38735318 1.5754128 1.5754128 0.38735318 0.38735294 0.35013437 0.35013437 0.35013437 0.35013342 0.35013342 0.38735294 0.38735294 0.38735294 0.38735294 0.38735294 0.35013342 0.35013342 0.35013342 0.35013342 0.35013342 0.35013342 0.35013342 0.35013342 0.35013342 0.35013342 0.35013342 0.35013342 0.18435955 0.18435955 0.18435955 0.18435955 0.18435955 0.18435955 0.18435955 0.18435955 0.18435955 0.18435955 0.18435955 0.18435955 0.18435955 0.18435955 0.18435955 0.18435955 0.18435955 0.18435955 0.18435955
0.4752853 0.4752853 0.4752853 0.4752853 0.4752853 0.48 0.48 0.4752853 1.1242949 1.2467266 0.9042078 0.9042078 1.5754049 0.38735104 1.5754049 1.5754049 0.3873508 0.35012674 0.35012674 0.35012674 0.35012674 0.35012674 0.35012674 0.35012674 0.35012674 0.35012674 0.35012674 0.35012674 0.35012674 0.35012674 0.35012674 0.35012674 0.35012674 0.35012674 0.35012674 0.35012674 0.35012674 0.3501258 0.3501258 0.3501258 0.18435097 0.18435097 0.18435097 0.18435097 0.18435097 0.18435097 0.18435097 0.18435097 0.18435049 0.18435049 0.18435049 0.18435049 0.18435049 0.18435049 0.18434954 0.18434954 0.18434954 0.18434954 0.18434954
0.54151726 0.48 0.48 0.6957135 0.5415158 0.703032 0.4752848 1.3994738 1.1242927 1.0276612 0.96593416 0.90420663 0.6339505 0.6339505 1.5753973 0.3873484 0.3501196 0.3501196 0.3501196 0.3501196 0.3501196 0.3501196 0.3501196 0.3501196 0.3501196 0.3501196 0.3501196 0.3501196 0.3501196 0.3501196 0.3501196 0.3501196 0.3501196 0.3501196 0.3501196 0.35011864 0.35011864 0.35011864 0.35011768 0.35011768 0.18434 0.18434 0.18434 0.18434 0.18434 0.18434 0.18434 0.18434 0.18434 0.18434 0.18434 0.18434 0.18434 0.18434 0.18434 0.18434 0.18434 0.18434 0.18434
0.48 0.48918772 0.30486298 0.47528434 0.47528434 0.47528434 2.4513502 1.795757 0.5108006 0.41612744 0.41612744 0.477854 0.6956711 0.38734627 0.38734627 0.38734627 0.35011244 0.35011244 0.35011244 0.35011148 0.35011148 0.35011148 0.35011148 0.35011148 0.35011148 0.35011148 0.35011148 0.35011148 0.35011053 0.35011053 0.35011053 0.35011053 0.35011053 0.35011053 0.35011053 0.35011053 0.35011053 0.35011053 0.35011053 0.35011053 0.1843319 0.1843319 0.18433094 0.18433094 0.18433094 0.18433094 0.18433094 0.18433094 0.18433094 0.18433094 0.18433094 0.18433094 0.18433094 0.18433094 0.18433094 0.18433094 0.18433094 0.18433094 0.18433094
0.71999997 0.30486012 0.30486012 0.18009377 0.24 1.0202026 1.5753825 0.38734388 0.38734388 0.63393855 0.63393855 0.41612053 0.6339381 0.6339381 0.38734388 0.38734388 0.3501053 0.3501053 0.3501053 0.3501053 0.3501053 0.3501053 0.3501053 0.3501053 0.3501053 0.3501053 0.35010433 0.35010433 0.35010433 0.35010433 0.35010433 0.35010433 0.35010433 0.35010433 0.35010433 0.35010433 0.35010433 0.35010433 0.35010433 0.35010433 0.1843214 0.1843214 0.1843214 0.1843214 0.1843214 0.1843214 0.1843214 0.1843214 0.1843214 0.1843214 0.1843214 0.1843214 0.1843214 0.1843214 0.1843214 0.1843214 0.1843214 0.1843214 0.1843214
0.4752829 0.71999997 0.4752829 0.4752829 0.18009162 1.0032706 0.6339326 0.38734126 0.38734126 0.6339326 0.6339326 0.6339326 0.6339326 0.6339326 0.38734126 0.38734126 0.35009813 0.35009813 0.35009813 0.35009718 0.35009718 0.35009718 0.35009718 0.35009718 0.35009718 0.35009718 0.35009718 0.35009718 0.35009718 0.35009718 0.35009718 0.35009718 0.35009718 0.35009718 0.35009718 0.35009718 0.35009718 0.35009718 0.35009718 0.35009718 0.18431091 0.18431091 0.18431091 0.18431091 0.18431091 0.18431091 0.18431091 0.18431091 0.18431091 0.18431091 0.18431091 0.18431091 0.18431044 0.18431044 0.18431044 0.18431044 0.18431044 0.18431044 0.18431044
0.5415101 0.5415101 0.5415101 0.47528243 0.18008876 1.0032676 0.6339271 0.38733888 0.38733888 0.38733888 0.38733888 0.38733888 0.63392663 0.63392663 0.38733888 0.38733888 0.35009193 0.35009193 0.35009193 0.35009098 0.3500905 0.3500905 0.3500905 0.3500905 0.3500905 0.3500905 0.3500905 0.3500905 0.3500905 0.3500905 0.3500905 0.3500905 0.3500905 0.3500905 0.3500905 0.3500905 0.35008955 0.35008955 0.35008955 0.35008955 0.18430185 0.18430185 0.18430185 0.18430185 0.18430185 0.18430185 0.18430185 0.18430185 0.18430185 0.18430185 0.18430185 0.18430138 0.18430138 0.18430138 0.18430138 0.18430138 0.1843009 0.1843009 0.1843009
0.47528195 0.47528195 0.47528195 0.48 0.18008637 1.0032643 0.38733697 0.38733697 0.38733673 0.38733673 0.38733673 0.38733673 0.38733673 0.38733673 0.38733673 0.38733673 0.35008335 0.35008335 0.35008335 0.35008335 0.35008335 0.35008335 0.35008335 0.35008335 0.35008335 0.35008335 0.35008335 0.35008335 0.35008335 0.35008335 0.35008335 0.35008335 0.35008335 0.35008335 0.3500824 0.3500824 0.3500824 0.3500824 0.3500824 0.3500824 0.18429232 0.18429232 0.18429232 0.18429232 0.18429232 0.18429232 0.18429136 0.18429089 0.18429041 0.18429041 0.18429041 0.18429041 0.18429041 0.18429041 0.18429041 0.18429041 0.18429041 0.18429041 0.18429041
0.48 0.48 0.3717022 0.35580754 0.37170243 0.18008375 1.0356939 0.3873346 0.3873346 0.3873346 0.3873346 0.3873346 0.3873346 0.3873346 0.38733435 0.38733435 0.3500762 0.3500762 0.3500762 0.3500762 0.3500762 0.3500762 0.3500762 0.3500762 0.3500762 0.3500762 0.3500762 0.3500762 0.3500762 0.3500762 0.3500762 0.3500762 0.3500762 0.3500762 0.3500762 0.3500762 0.3500762 0.3500762 0.3500762 0.3500762 0.18428278 0.18428278 0.18428278 0.18428183 0.18428183 0.18428183 0.18428183 0.18428183 0.18428183 0.18428135 0.18428135 0.18428135 0.18428135 0.18428135 0.18428135 0.18428135 0.18428135 0.18428135 0.18428135
0.54150724 0.475281 0.3048482 0.3048482 0.18008113 0.35580444 1.0356909 0.38733244 0.3873322 0.3873322 0.3873322 0.3873322 0.3873322 0.3873322 0.3873322 0.3873322 0.35006905 0.35006905 0.35006905 0.35006905 0.35006905 0.35006905 0.35006905 0.35006905 0.35006905 0.35006905 0.35006905 0.35006905 0.35006905 0.35006905 0.35006905 0.35006905 0.35006905 0.35006905 0.35006905 0.35006857 0.35006857 0.35006857 0.35006857 0.35006857 0.18427372 0.18427372 0.18427372 0.18427372 0.18427372 0.18427372 0.18427372 0.18427372 0.18427372 0.18427277 0.18427277 0.18427277 0.18427277 0.18427277 0.18427277 0.18427277 0.18427277 0.18427277 0.18427181
0.47528052 0.6957016 0.3048458 0.3048458 0.1800785 0.1800785 1.0032811 1.0032554 0.38732982 0.38732982 0.38732982 0.38732982 0.38732982 0.38732982 0.38732982 0.38732982 0.35006285 0.35006285 0.35006285 0.35006285 0.35006285 0.35006285 0.35006285 0.35006285 0.35006285 0.35006285 0.35006285 0.35006285 0.35006285 0.35006285 0.35006285 0.35006285 0.35006285 0.35006285 0.3500619 0.3500619 0.3500619 0.3500619 0.3500619 0.3500619 0.18426323 0.18426323 0.18426323 0.18426323 0.18426323 0.18426323 0.18426323 0.18426323 0.18426323 0.18426323 0.18426323 0.18426323 0.18426323 0.18426323 0.18426323 0.18426323 0.18426228 0.18426228 0.18426228
0.35334063 0.48 0.5415044 0.47528005 0.47528005 0.47528005 0.18007565 1.003252 1.003252 1.1325436 0.38732743 0.38732743 0.3873272 0.3873272 0.3873272 0.3873272 0.35005665 0.35005665 0.35005665 0.35005665 0.35005665 0.35005665 0.3500557 0.3500557 0.3500557 0.3500557 0.3500557 0.3500557 0.3500557 0.3500557 0.3500557 0.3500557 0.3500557 0.3500557 0.35005474 0.35005474 0.35005474 0.35005474 0.35005474 0.35005474 0.18425322 0.18425322 0.18425322 0.18425322 0.18425322 0.18425322 0.18425322 0.18425322 0.18425322 0.18425322 0.18425322 0.18425274 0.18425274 0.18425274 0.18425274 0.18425274 0.18425274 0.18425274 0.18425274
0.18007326 0.6041689 0.47527957 0.54150295 0.48 0.48 0.3533392 1.0032493 1.0032493 1.1325414 0.3873253 0.3873253 0.3873253 0.3873253 0.3873253 0.35004902 0.35004902 0.35004807 0.35004807 0.35004807 0.35004807 0.35004807 0.35004807 0.35004807 0.35004807 0.35004807 0.35004807 0.35004807 0.35004807 0.35004807 0.35004807 0.35004807 0.35004807 0.35004807 0.35004807 0.35004807 0.35004807 0.35004807 0.35004807 0.35004807 0.18424368 0.18424368 0.18424368 0.18424368 0.18424368 0.18424368 0.18424368 0.18424368 0.18424368 0.18424368 0.18424368 0.18424368 0.18424368 0.18424368 0.18424368 0.18424368 0.18424368 0.18424368 0.18424368
0.4752791 0.4752791 0.5415015 0.4752791 0.5415015 0.4752791 1.575314 1.575314 0.3873229 0.7447823 0.7447823 0.3873229 0.3873229 0.35004187 0.35004187 0.35004187 0.35004187 0.35004187 0.35004187 0.35004187 0.3500409 0.3500409 0.3500409 0.3500409 0.3500409 0.3500409 0.3500409 0.3500409 0.3500409 0.3500409 0.3500409 0.3500409 0.3500409 0.3500409 0.3500409 0.3500409 0.3500409 0.3500409 0.3500409 0.3500409 0.18423414 0.18423414 0.18423414 0.18423414 0.18423414 0.18423319 0.18423319 0.18423319 0.18423319 0.18423319 0.18423319 0.18423319 0.18423319 0.18423319 0.18423319 0.18423319 0.18423319 0.18423319 0.18423319
0.47527862 0.48 0.48 0.2733276 0.47527862 0.5415001 1.7956669 1.5753059 0.38732076 0.38732076 0.74477935 0.3500352 0.3500352 0.3500352 0.3500352 0.3500352 0.3500352 0.35003424 0.35003424 0.35003424 0.35003424 0.35003424 0.35003424 0.35003424 0.35003424 0.35003424 0.35003424 0.35003424 0.35003424 0.35003424 0.35003376 0.35003376 0.35003376 0.35003376 0.35003376 0.35003376 0.35003376 0.35003376 0.35003376 0.35003376 0.1842246 0.1842246 0.1842246 0.1842246 0.1842246 0.1842246 0.18422365 0.18422365 0.18422365 0.18422365 0.18422365 0.18422365 0.18422365 0.18422318 0.18422318 0.18422318 0.18422318 0.18422318 0.18422318
0.69569254 0.27332592 0.37933755 0.1800654 0.24038744 1.7956588 1.865257 0.38731813 0.38731813 0.38731813 0.7447765 0.3500285 0.3500285 0.3500285 0.3500285 0.3500285 0.3500285 0.3500285 0.3500285 0.3500285 0.3500285 0.3500285 0.3500285 0.3500285 0.3500285 0.3500285 0.3500285 0.3500285 0.3500285 0.3500285 0.3500285 0.3500285 0.3500285 0.3500285 0.3500285 0.3500285 0.3500285 0.3500285 0.3500285 0.3500285 0.18421555 0.18421555 0.18421555 0.18421555 0.18421555 0.18421507 0.18421507 0.18421507 0.18421507 0.18421507 0.18421507 0.18421507 0.18421507 0.18421412 0.18421412 0.18421412 0.18421412 0.18421412 0.18421412
0.47527766 0.18006277 0.18006277 0.24038148 0.47527766 1.5752912 1.5752909 1.5752909 0.38731575 0.38731575 1.5752909 0.35002136 0.35002136 0.35002136 0.35002136 0.3500204 0.3500204 0.3500204 0.3500204 0.3500204 0.3500204 0.3500204 0.3500204 0.3500204 0.3500204 0.3500204 0.3500204 0.3500204 0.3500204 0.3500204 0.3500204 0.3500204 0.3500204 0.3500204 0.3500204 0.3500204 0.3500204 0.3500204 0.3500204 0.3500204 0.18420506 0.18420506 0.18420506 0.18420506 0.18420506 0.18420506 0.18420506 0.18420506 0.18420506 0.18420506 0.18420506 0.18420506 0.18420506 0.18420506 0.1842041 0.1842041 0.1842041 0.1842041 0.1842041
0.48 0.24 0.3048284 0.18006063 1.1242658 0.9041878 1.575283 1.5752828 1.5752828 1.5752826 0.3500142 0.3500142 0.3500142 0.3500142 0.3500142 0.3500142 0.3500142 0.3500142 0.3500142 0.3500142 0.3500142 0.35001326 0.35001326 0.35001326 0.35001326 0.35001326 0.35001326 0.35001326 0.35001278 0.35001278 0.35001278 0.35001278 0.35001278 0.35001278 0.35001278 0.35001278 0.35001278 0.35001278 0.35001278 0.35001278 0.184196 0.184196 0.184196 0.184196 0.184196 0.184196 0.184196 0.184196 0.18419552 0.18419552 0.18419552 0.18419552 0.18419552 0.18419552 0.18419552 0.18419552 0.18419552 0.18419552 0.18419456
0.7029996 0.3533337 0.30482602 1.5752761 1.5752761 1.6369956 1.6369956 1.5752759 1.5752759 1.5752759 0.35000563 0.35000563 0.35000563 0.35000563 0.35000563 0.35000563 0.35000563 0.35000563 0.35000563 0.35000563 0.35000563 0.35000563 0.35000563 0.35000563 0.35000563 0.35000563 0.35000563 0.35000563 0.35000563 0.35000563 0.35000563 0.35000563 0.35000563 0.35000563 0.35000563 0.35000563 0.35000563 0.35000563 0.35000563 0.35000563 0.18418598 0.18418598 0.18418598 0.18418598 0.18418598 0.18418598 0.18418598 0.18418598 0.18418598 0.18418598 0.18418598 0.18418598 0.18418598 0.18418598 0.18418455 0.18418407 0.18418407 0.18418407 0.18418407
0.47527575 1.5752683 1.5752683 1.5752683 1.575268 1.575268 1.575268 1.575268 1.575268 1.575268 0.3499999 0.3499999 0.3499999 0.3499999 0.3499999 0.3499999 0.3499999 0.3499999 0.3499999 0.3499999 0.3499999 0.3499999 0.3499999 0.3499999 0.3499999 0.3499999 0.3499999 0.3499999 0.3499999 0.3499999 0.3499999 0.34999943 0.34999943 0.34999943 0.34999943 0.34999943 0.34999943 0.34999943 0.34999943 0.34999943 0.18417597 0.18417597 0.18417549 0.18417549 0.18417549 0.18417549 0.18417549 0.18417549 0.18417549 0.18417549 0.18417549 0.18417549 0.18417549 0.18417549 0.18417549 0.18417549 0.18417549 0.18417549 0.18417549
0.5945084 0.88629365 1.5752609 1.5752609 1.5752606 1.5752604 1.5752604 1.5752604 1.5752604 1.5752599 0.34999228 0.34999228 0.34999228 0.34999228 0.34999228 0.34999228 0.34999228 0.34999228 0.34999228 0.34999228 0.34999228 0.34999228 0.34999228 0.34999228 0.34999228 0.34999228 0.34999228 0.34999228 0.34999228 0.34999228 0.34999228 0.34999228 0.34999228 0.34999228 0.34999228 0.34999228 0.34999228 0.34999132 0.34999132 0.34999132 0.18416739 0.18416739 0.18416643 0.18416643 0.18416643 0.18416643 0.18416643 0.18416643 0.18416643 0.18416643 0.18416643 0.18416643 0.18416595 0.18416595 0.18416595 0.18416595 0.18416595 0.18416595 0.18416595
0.4752748 0.7447585 1.5752528 1.5752528 1.5752528 1.5752528 1.5752528 1.5752528 1.5752528 0.34998608 0.34998608 0.34998608 0.34998608 0.34998608 0.34998608 0.34998608 0.34998608 0.34998608 0.34998608 0.34998608 0.34998608 0.34998608 0.34998608 0.34998608 0.34998608 0.34998608 0.34998608 0.34998608 0.34998512 0.34998512 0.34998512 0.34998512 0.34998512 0.34998512 0.34998512 0.34998512 0.34998512 0.34998512 0.34998512 0.34998512 0.18415594 0.18415594 0.18415594 0.18415594 0.18415594 0.18415594 0.18415594 0.18415594 0.18415594 0.18415594 0.18415594 0.18415594 0.18415546 0.18415546 0.18415546 0.18415546 0.18415546 0.18415546 0.18415546
0.54148865 1.5752451 1.5752451 1.5752451 1.5752451 1.5752451 1.5752451 1.5752451 1.5752451 0.34997988 0.34997988 0.34997988 0.34997988 0.34997988 0.34997988 0.34997988 0.34997988 0.34997988 0.34997988 0.34997988 0.34997988 0.34997988 0.34997988 0.34997988 0.34997988 0.34997988 0.34997892 0.34997892 0.34997892 0.34997892 0.34997797 0.34997797 0.34997797 0.34997797 0.34997797 0.34997797 0.34997797 0.34997797 0.34997797 0.34997797 0.18414736 0.18414736 0.18414736 0.18414736 0.18414736 0.18414736 0.18414736 0.18414736 0.18414736 0.18414736 0.18414736 0.18414736 0.18414736 0.18414736 0.18414736 0.18414736 0.18414593 0.18414593 0.18414593
