Export/ASCII/RMeteo_SP_inch/speranza1/RMeteo_2018_SP1_inch.asc
ncols         660
nrows         338
xllcorner     1476100.0
yllcorner     5017100.0
cellsize      100
NODATA_value  -9.9e-20
[rows 0 to 26 of 338, columns 305 to 365 of 660]
3.6807704 1.8152008 1.8152008 1.5558195 2.4958596 2.4958596 2.4958596 2.4958596 2.4958596 2.4958596 1.5558193 1.9434342 1.7906477 1.7906477 1.7906477 1.7906477 1.7906477 1.9363182 1.9363182 1.7906477 1.7906477 1.5155208 1.5155206 2.3276463 1.5155206 1.5155206 2.103829 2.103829 1.5155206 2.327646 2.3276455 2.880067 2.880067 3.8588955 3.8588955 2.880067 2.880067 2.880067 2.8800666 2.327645 2.327645 2.90645 2.90645 2.90645 2.90645 2.327645 2.327645 2.327645 2.327645 2.327645 2.3276443 2.3276443 3.4650002 2.9064486 2.9064486 2.3276432 2.9064486 2.9064486 2.9475753 2.9064486 2.9064486
3.6807113 1.9516339 1.9516339 1.7576847 2.5345118 2.5345113 2.5345113 2.5345113 2.495806 1.5886624 1.7576842 1.9908428 1.9780829 1.9362967 2.0669286 1.9780829 1.790626 1.999502 2.1390088 1.790626 1.9123788 1.790626 1.5155027 1.6820638 1.5155027 2.134141 2.1130073 1.790626 2.0121953 2.5669422 2.3276024 2.3276024 2.880029 3.5174649 2.880029 2.880029 2.8800285 2.8800285 2.327602 2.327602 2.327602 2.9475515 2.9475515 3.4561586 2.9064243 2.9475515 2.9064243 2.9064243 2.3276017 2.3276017 2.3276017 2.3276014 2.9064243 2.9064243 2.9064243 3.141815 2.327601 2.9064233 2.9064233 3.4561574 3.5004847
1.7777605 2.2744706 2.2112586 1.822927 2.5344486 2.5344486 2.5344486 2.5344486 2.5344486 1.7576406 1.8229265 2.3196561 2.1628478 2.004878 1.9597533 2.6315157 2.0378563 1.8536456 2.5652182 1.9780657 1.7906032 2.5181074 2.1341004 1.9597533 2.1644597 2.2714336 1.9597533 2.546885 1.9780655 2.431315 1.7906029 2.8799908 2.8799908 2.8799903 2.8799903 2.8799903 2.8799903 2.8799903 2.3275585 2.3275585 2.3275585 2.9063978 2.9872813 3.456121 3.4561205 3.4561205 2.9872813 2.3610897 2.327558 2.327558 2.327558 2.327558 2.3610892 2.361088 2.9063969 3.2163835 2.327557 2.9475079 2.9475079 3.4561195 3.5440762
2.582555 1.7777114 2.119671 1.8258774 2.4957008 2.570115 2.5343847 1.588553 1.588553 1.8228681 2.120165 2.3851867 2.1627474 2.224328 1.5154662 2.9856136 2.3468914 1.8536236 2.5307572 2.1628125 1.7905817 2.497039 2.2856958 1.9597313 2.2493465 1.9362531 2.6420395 2.138974 4.136481 4.2553024 3.4560838 4.0389385 3.5173886 2.8799531 2.8799531 2.8799531 2.879953 2.879953 3.291282 3.291282 3.291282 2.3610334 2.9474673 3.4560823 3.4560823 3.4560823 3.9910097 2.3275142 2.3275142 2.3275142 2.3275142 2.3275142 2.3275142 2.327514 3.5003755 3.531049 2.906371 3.5003748 2.917713 3.4560814 3.4560814
2.8171525 1.8150005 1.5556371 1.8258204 2.534322 2.4956481 2.9985607 1.8150005 1.7322671 2.1075685 1.8999014 2.4539843 1.9597089 1.5154476 1.681982 1.9597089 2.4954553 2.11296 1.8536012 2.208615 1.9780333 1.7905598 2.5283432 2.105245 1.9362316 1.9362316 1.9597089 2.8938603 1.5154474 3.4560463 3.4560463 3.4560459 3.4560459 2.8799155 2.879915 2.879915 2.879915 2.879915 2.879915 2.9618475 2.3274732 2.3993692 2.3609793 3.4560454 3.4560444 3.4560444 2.879914 3.4560444 2.327473 2.3274724 2.3274724 2.327472 2.327472 2.3274717 2.879914 2.8799136 3.5003207 2.8799136 2.8799136 2.8799136 3.5173476
1.7776103 1.951443 1.7575126 1.8257627 2.5342593 1.5884452 1.9182069 1.9514427 2.0273478 2.6939762 2.1492376 1.5555916 2.6805122 2.133975 1.7148387 1.5154293 2.6311245 2.3476512 1.959687 2.1677055 2.1627426 1.7905374 2.2848914 2.2915754 1.959686 2.105226 2.1246502 1.959686 2.2777388 3.7952082 2.90632 2.90632 2.90632 2.90632 3.4560075 2.879877 2.879877 2.879877 2.879877 2.879877 2.3274293 2.3274293 2.90632 3.4560075 2.879877 2.879877 2.8798766 2.9063196 2.3274286 2.3274286 2.3274286 2.327428 2.9063191 2.327428 2.8798761 2.8798761 2.8798761 2.8798761 3.5173092 3.5173092 3.5173092
4.448372 2.2742507 1.8226943 1.8257055 1.5555463 1.7574697 1.6655462 1.5555463 2.089409 2.2964072 1.7321875 1.555546 1.5154107 2.207751 1.9050667 1.681927 1.5154104 2.8124185 2.112929 1.7905152 2.3870633 1.7905152 1.7905152 4.229656 1.790515 2.0121162 1.9596651 2.5695577 4.238083 3.847835 2.906294 2.906294 2.9473436 2.9473436 3.5002127 3.4559693 3.4559693 3.4559689 3.7153127 3.4559689 2.8798387 2.8798387 3.5002122 2.8798387 2.8798385 2.8798385 3.4559684 2.9473426 2.9062936 2.9062936 2.3273854 2.3273854 3.1857727 3.6077046 2.8798378 2.8798378 2.8798378 3.6077044 3.6077044 3.517271 2.8798375
6.0428524 1.7775106 1.992912 1.7321494 1.992912 1.7321494 1.7321494 1.9194925 1.8409619 1.7534335 1.857871 1.7574258 1.6818995 1.5153921 2.274121 1.7147758 1.8888619 2.7535727 2.5845358 1.7904932 2.2972894 1.9779835 1.7904932 1.9779835 1.7904932 2.1207404 1.5153921 1.7949424 3.5335495 2.3273442 2.3273442 2.947302 2.947302 2.9870012 2.906268 3.4559314 3.5172348 3.7152748 3.7152748 3.7152746 3.5172346 3.4559312 3.455931 2.8798006 2.8798006 3.455931 3.455931 3.5001569 3.5001569 3.5615067 2.8798 3.4559305 3.5308306 3.45593 3.45593 3.45593 3.45593 3.45593 3.5172327 2.8797991 2.8797991
3.6671093 1.7321117 2.3197157 2.0272377 1.7321112 2.0272377 1.7321112 1.9850967 1.8248539 1.8193579 1.555455 1.822577 1.7147453 1.6818726 1.9596198 2.164846 2.1089697 2.103712 2.957611 1.9779673 1.7904711 2.398238 1.977967 1.7904711 2.1876705 1.7904711 3.4996338 3.15494 2.3273005 2.3273005 2.3273005 2.9062424 2.9472604 2.906242 3.5001032 3.5001028 3.4558938 3.517196 3.715238 3.5171955 3.5171955 3.4558938 2.906242 2.906242 2.3272998 2.906242 2.906242 2.9062414 3.4558933 3.4558933 3.517195 3.4558928 3.4558928 3.4558928 3.4558928 2.906241 3.4558928 3.4558928 3.7152364 3.7152364 2.8797617
3.6670554 2.0272 2.5197432 2.4793065 2.0272 2.4793065 2.0272 1.8408761 1.555409 2.0661852 1.9194205 1.9928372 1.7150953 2.1641326 1.9595983 2.2964733 2.3987 2.255906 2.1036978 3.0385075 1.977951 1.7904501 2.3981638 3.408444 1.7904501 2.1625357 3.3163128 2.8797255 2.3272583 2.327258 2.327258 2.9062169 2.9062169 2.9062169 2.9472191 2.9062164 2.9062164 3.4558554 3.4558554 3.517157 3.4558551 3.4558551 3.455855 3.5000472 2.8797245 3.455855 2.9472184 2.9062157 3.455855 3.4558544 3.5171552 3.4558544 2.9062152 3.4558544 3.4558544 2.947217 2.9062152 3.4558544 3.7151992 3.291127 4.5084543
1.8996 1.7320316 2.55116 1.7320316 2.4792597 1.7320316 2.4792597 1.5553632 1.9193852 2.6116264 2.4097683 1.8996 2.1647553 1.9595764 2.1388466 1.9595764 2.8193986 1.9595759 2.103682 2.8860886 2.2828403 1.9361014 2.2971413 2.9471784 2.9061913 1.9779339 4.837941 3.4558182 2.9061913 2.9061909 2.9061909 2.9061909 2.9061909 2.9868326 2.9061909 2.947178 2.9061909 2.9471774 2.9061909 3.4558172 2.879687 3.4558172 3.4558172 3.4558172 2.879687 2.8796866 2.90619 2.947176 2.90619 3.4558167 3.4558167 3.4558167 2.9471755 2.9061894 2.3272128 2.3606436 2.906189 3.4558163 3.4558158 3.553738 3.4558153
1.9428916 1.7319925 2.5511053 1.7319925 2.5781887 2.027126 2.5511053 1.9193494 2.3033903 1.8995471 2.596561 2.148951 2.1747987 1.8887832 2.4990015 1.8887827 1.8887827 2.7672336 2.2558794 2.1036677 3.022009 2.2525249 1.7904058 3.6173737 2.9061651 2.162532 2.8796499 2.8796499 2.947136 2.9061646 2.947136 2.947136 3.025134 2.9061646 2.947136 2.9867606 2.947136 2.947136 2.947136 2.9061646 2.9061642 2.9061642 3.455779 3.455779 2.8796484 2.8796484 2.3605893 2.947135 2.947135 2.9061642 2.9061642 2.9061642 2.9471345 2.9471345 2.32717 2.32717 2.360588 2.32717 3.4557781 3.4557781 2.9061637
1.9428418 2.1462507 2.5583684 2.0270875 2.8571322 2.479163 1.7319515 2.7307127 2.5195873 2.0298026 2.6534553 2.6518245 2.3210466 2.1088734 1.8887646 2.8025956 1.8887646 2.844976 2.8662977 2.103653 3.3939974 2.6531246 1.7903836 1.9779012 1.8268373 1.5153008 1.9072323 2.3271291 2.9061387 2.9470942 2.9867194 2.9061387 2.9061387 2.9867194 2.9061387 2.9061382 2.9867194 2.9470937 2.9470937 2.9470937 2.9470937 2.9061382 3.4998822 3.4557414 2.8796113 2.8796113 2.3271277 2.9470932 2.9470932 2.3605335 2.3605332 2.9470932 2.9470923 2.9470923 2.3271265 2.3271265 2.3271265 2.3271265 2.9061368 2.9061368 2.9061368
2.099013 2.5272794 2.0515225 2.4425452 2.8464148 1.9403841 1.9403841 2.9724958 1.9403841 2.5725427 1.9617553 1.9617553 2.4165497 1.9440186 1.9440186 2.9461415 1.9440186 1.9440186 3.8554282 2.816498 2.6623902 3.5445993 2.8151562 2.1779134 2.3463812 2.1779132 2.021784 3.0666342 2.7995007 3.4295094 3.350821 3.3908067 3.4295092 3.350821 3.3908067 3.823254 3.8669724 3.823254 3.350821 3.3908064 3.390806 3.390806 3.823254 3.8232536 3.28578 3.2857795 2.7995002 2.831335 2.831335 2.7995002 2.7995002 2.831335 2.8313348 3.390806 2.7994995 2.7994995 3.3508193 2.799499 2.8313334 2.8313332 3.866969
1.9617085 1.9617085 2.199197 1.9403684 1.9403679 1.9403679 2.1361847 1.9403679 1.9403679 1.9617083 2.078177 1.9617081 2.3214426 2.5068421 2.5068417 1.9439962 3.3714259 2.3944492 2.6623297 4.184335 2.8166707 2.6623292 3.7300532 2.324335 3.350775 2.0911639 1.9537046 2.7994492 2.7994492 2.8244388 3.3507748 3.4125361 3.3507743 3.382049 3.4125357 3.8232117 4.083107 4.083107 2.8244379 3.3820481 3.3507736 3.412535 3.3507736 3.3507736 3.2857375 2.7994473 2.7994473 2.7994468 2.7994468 2.7994468 2.7994468 2.7994468 2.7994466 3.382047 3.3507721 3.3507721 2.824436 3.2857358 3.2857358 3.2857358 3.8232093
2.0781302 2.1361742 2.6795514 2.1361742 1.9403541 2.1361742 2.6771243 2.25231 2.1361742 1.6921101 1.9100943 2.1361742 2.3213887 2.512028 3.11765 2.1740117 2.6622663 3.7515674 1.9439728 3.8895853 2.943723 2.2349315 3.4984975 2.5598347 2.1778064 2.4181888 2.1778064 3.129676 2.799396 2.799396 3.381996 3.3507261 3.381996 3.412478 3.3507261 3.8573046 3.823169 3.823169 4.083065 3.774576 3.381996 3.381996 3.3507261 3.3507257 2.7993953 2.799395 2.799395 2.799395 2.7993948 2.7993948 2.7993946 2.7993946 2.7993946 2.8243802 2.7993941 2.8243797 2.7993941 3.2856932 3.2856932 3.8231668 3.8231668
2.369032 1.9616139 2.8225133 2.5151682 1.9403365 1.9403365 2.1082914 2.668607 2.0881107 1.8010161 1.6770458 2.5219846 2.8149893 2.3213348 3.1902435 1.943948 2.6622038 2.8165486 2.394363 2.2348871 3.0383682 2.2348871 2.1777525 2.9283857 2.1777523 4.299203 3.3506787 3.3506782 3.3506782 3.3506782 3.3819435 3.3506782 3.3506782 3.3506782 3.3819435 3.3506782 3.8231263 3.8231263 3.8231263 3.8865824 3.740109 3.8572564 3.8231258 3.857256 2.799342 2.7993417 2.7993417 2.7993417 2.7993414 2.7993414 2.799341 2.799341 3.3506765 2.799341 2.799341 2.799341 2.799341 3.2856507 4.3378124 4.592427 3.823124
2.3520477 2.554003 2.6788487 2.6991544 2.136149 2.136149 2.136149 2.5421 2.1082435 1.8385847 2.5540025 2.639811 3.2575076 2.8149316 2.66214 3.2172306 2.8164842 2.1777008 3.1115208 2.4258852 2.2348394 3.43451 2.321281 2.5724525 2.3241773 2.1776989 2.2819202 3.4123645 3.3506308 3.4123642 3.3506308 3.4123642 3.3506308 3.4123642 3.3506308 3.4123642 3.3506308 3.8230839 3.8230834 3.8230834 3.8865342 3.823083 3.823083 3.823083 3.823083 3.3506305 2.799289 2.799289 2.799289 2.799289 2.7992887 2.7992887 2.7992887 3.35063 3.8230824 3.8230824 2.7992883 3.8230824 3.8230824 4.33776 3.823082
2.7247 2.0513108 1.940306 3.032338 2.5150976 2.5150976 2.58157 2.1698139 2.252179 2.47848 2.4462018 3.0121102 2.2347937 2.6620774 2.816425 2.6620774 3.593397 2.1776452 2.1776452 3.043995 2.662077 3.6391068 2.662076 2.1776445 2.9811394 2.1776445 2.324124 3.3505833 3.3818386 3.8230407 3.8230407 3.8230407 3.381838 3.381838 3.3505828 3.4123065 3.3818374 3.3505821 3.3505821 3.3505821 3.8230405 3.82304 3.82304 3.82304 3.82304 3.3505816 2.824209 2.7992346 2.7992344 2.7992344 2.799234 2.799234 2.799234 2.8242083 3.2855663 3.8230398 3.3505805 3.35058 3.8230398 4.3377085 3.9745626
3.4107122 1.9402893 2.136125 1.9402893 1.9402893 1.9402893 2.6749463 1.7753041 2.0047848 2.108149 2.4461403 3.0100272 2.234748 2.8148181 3.434515 2.6620135 3.770864 2.3240728 2.1775918 3.1012006 2.4258013 2.234748 2.4258013 2.234748 2.5878415 2.1775916 2.5644557 3.3505359 3.3817866 3.8229985 3.822998 3.822998 3.857113 3.3505354 3.41225 3.3505354 3.41225 3.381786 3.3817856 3.857113 3.822998 3.822998 3.350535 3.3505347 3.3505347 3.3817854 2.7991831 2.7991831 2.799183 2.799183 2.799183 2.799183 2.799183 2.7991822 3.285524 3.822997 3.381784 3.381784 3.822997 3.8229966 3.7667518
3.8736074 1.940274 1.940274 2.1361132 1.940274 2.1361132 1.940274 2.4460754 2.6545994 2.5538313 2.446075 2.446075 2.4257584 2.2347007 3.3143604 2.661952 2.441292 3.3703852 2.614658 2.441292 3.0460808 2.2347002 2.92277 2.2347002 2.177537 2.5510151 2.1775362 4.918172 3.822956 3.822956 3.822956 3.822956 3.822956 3.3504863 2.7991297 3.6440082 3.3504863 3.8570657 3.8229554 3.8570652 3.8229554 3.3504863 3.3504863 3.3817325 3.3504863 3.412192 3.350486 3.350486 2.799129 2.799129 2.799129 2.799129 2.799129 2.7991288 2.7991288 3.8229544 3.3504853 3.3817306 3.3504848 3.8229544 3.86556
1.9402583 2.2520492 2.2520492 2.5149937 2.1361012 2.5149937 2.1361012 2.5537765 2.4460125 3.2608063 2.553776 2.553776 2.8458714 2.425716 2.6618872 3.6049633 2.4412382 3.1923919 2.9069586 2.4412377 3.0860682 2.425716 2.2346544 2.1058693 2.1774836 2.549608 2.1774836 3.8229141 3.8229141 3.8229141 3.8229141 3.8229136 3.8229136 3.3504395 3.6106162 3.9744368 3.3599339 3.8229132 3.8229127 3.350439 3.350439 3.3504386 3.412135 3.3816798 3.3504386 3.3504386 3.381679 3.381679 2.7990754 2.7990754 2.7990754 2.7990754 2.7990754 2.7990751 2.7990751 3.8229117 3.8229117 3.381678 3.381678 3.8229113 4.337554
2.1360888 2.1080081 1.9613304 1.9613304 2.6989522 2.6989522 1.940242 3.1481624 2.4459486 2.4459476 2.4459476 3.1481614 2.6618261 2.8458176 2.4411829 3.4997125 2.4256744 2.6618257 3.6554275 2.4411829 3.3059635 2.6618252 1.9438078 2.4256744 2.1774304 2.7683058 3.0200067 3.285398 3.822871 3.822871 3.822871 3.822871 3.822871 3.3503916 3.4329212 3.2853975 3.285397 4.0827684 3.8228703 3.3816276 3.3816276 3.3816276 3.3816276 3.3816276 3.3503911 3.412078 3.3816276 3.3816276 2.7990232 3.285396 3.285396 3.2853956 3.2853956 3.2853956 2.7990227 3.8228693 3.8228693 3.8569684 3.8569684 3.8228688 4.3375034
2.5149217 2.1360774 2.0777621 2.0777621 1.9612834 1.961283 3.1606581 3.343123 2.5536606 2.5536606 2.5536606 3.343123 2.6617622 3.497916 2.8145926 2.2345648 3.427733 2.6617622 2.6617622 2.8145921 2.6617618 2.0406754 1.8838115 2.2345648 2.3238616 1.883811 2.798972 2.798972 3.2853558 3.2853558 3.2853558 2.7989712 2.7989712 3.3503442 3.3503442 2.823927 3.2853553 3.2853553 3.8228283 3.3503437 3.3503437 3.3815749 3.3503432 3.3503432 3.3815749 3.3503432 3.3503432 3.8228273 3.2853534 3.2853534 3.4569893 3.4569893 3.4569893 3.2853534 4.3374524 4.3374524 3.8228261 3.8228261 3.8228261 4.3374524 3.9743497
2.4458222 1.9402096 1.9402096 2.8007276 1.9612355 2.0777152 2.1079123 2.4458218 3.516995 3.148036 3.148036 3.4104261 2.816057 2.6617002 3.6387334 2.6617002 4.2308273 2.8160565 2.6616998 3.4041343 1.8837605 2.169638 2.0637038 2.1773214 2.375089 1.8837605 3.0879543 3.285313 3.8227859 3.8227859 3.285313 3.285313 3.285313 3.8568745 3.856874 2.798918 2.798918 2.798918 3.3502955 3.3815224 3.3815224 3.3815224 3.3815224 3.3815224 3.3502955 3.411964 3.8568735 3.822785 3.822785 3.45695 3.45695 3.45695 3.45695 4.3374004 4.3374004 3.285311 3.8227844 3.8227844 3.822784 3.822784 3.974307
2.5535486 1.9401958 2.1360536 2.4457588 3.091024 2.5429103 2.1078658 2.5535476 2.4457583 4.009399 3.3429742 3.4103518 3.351336 2.6616359 3.925266 2.8159935 2.6616359 4.1426463 2.6616359 2.7448843 2.4891372 2.32085 2.7872057 1.8837111 2.5989614 3.087898 3.2852697 3.2852697 3.9742665 3.9742665 3.9742665 3.9742665 3.2852693 3.8653316 3.822743 3.822743 3.2852693 3.2852693 3.3137069 3.2852693 3.8904161 3.3814702 3.3814702 3.3814702 3.3814697 3.3814697 3.822742 3.822742 3.822742 3.4569132 3.4569132 3.4569123 3.4569123 3.4569123 4.33735 3.2852678 3.822741 3.822741 3.822741 3.822741 4.1783834
3.1479082 2.1360407 2.5148172 2.5534909 3.2507422 2.1078188 2.6275415 2.7139094 2.5534909 4.125193 2.445694 3.6434162 3.5373273 2.815932 2.661572 3.7836041 2.661572 4.3948536 2.661572 2.1739497 4.533596 2.3207955 2.3207955 2.1772141 2.343838 2.1772141 3.8227015 3.2852278 3.2852278 3.2852278 3.9742246 3.9742246 3.8652859 4.0826006 3.8227005 3.8227005 3.8652854 3.865285 3.865285 3.2852263 3.8227 3.8567781 3.8567781 3.8567781 3.8226995 3.8567777 3.822699 3.822699 3.822699 3.4568741 3.4568741 3.822698 3.822698 3.822698 3.822698 3.822698 3.822698 3.822698 3.3501995 3.3501995 3.8226976
