Export/ASCII/RMeteo_SP_inch/speranza1/RMeteo_2015_SP3_inch.asc
ncols         660
nrows         338
xllcorner     1476100.0
yllcorner     5017100.0
cellsize      100
NODATA_value  -9.9e-20
[rows 34 to 67 of 338, columns 77 to 153 of 660]
2.3349345 0.16205323 0.0 0.0 0.0 0.0 0.0 0.0 0.0 0.0 0.0 0.60897887 0.51720214 0.51720214 0.51720214 0.5172024 0.13077903 0.0 0.0 0.0 0.0 0.5172024 0.5172024 0.5332804 0.5172024 0.6069689 0.6069689 0.15676999 0.608979 0.5172024 0.15676999 0.15676999 0.15676999 0.15676999 0.26658225 0.28562307 1.7571371 1.7571371 1.7571371 1.7571371 0.26658225 0.35917568 0.26658225 0.606969 0.606969 0.606969 0.26658225 0.26658225 0.5172024 0.5172024 0.26658225 0.15677023 0.15677023 0.15677023 0.15677023 0.15677023 0.5172024 0.5172024 0.5172024 0.5172024 0.6069691 0.6069691 0.15677023 0.15677023 0.15677023 0.26658225 0.26658225 0.26658225 0.0 0.26658225 0.2665825 0.2665825 0.2665825 0.15677023 0.15677023 0.15677023 0.15677035
0.5233226 0.9134562 0.0 0.0 0.0 0.0 0.0 0.0 0.0 0.0 0.0 0.0 0.0 0.0 0.0 0.0 0.0 0.0 0.0 0.0 0.038200855 0.51719856 0.51719856 0.51719856 0.51719856 0.51719856 0.53327703 0.15676641 0.15676641 0.6069653 0.15676641 0.15676641 0.15676641 0.15676641 0.26657963 0.26657963 0.26657963 0.26657963 0.2665801 0.6069653 0.6069653 0.6069654 0.6069654 0.6069654 0.6069654 0.26657963 0.26657963 0.2665801 0.2665801 0.2665801 0.2665801 0.2665801 0.2665801 2.3385904 2.3385904 0.51719904 0.51719904 0.2665801 0.2665801 0.2665801 0.2665801 0.60696566 0.6069658 0.15676677 0.15676677 0.15676677 0.15676677 0.0 0.2665801 0.2665801 0.2665801 0.2665801 0.2665801 0.15676677 0.15676677 0.15676677 0.15676677
0.0 0.52331877 0.0 0.0 0.0 0.0 0.0 0.0 0.0 0.0 0.0 0.0 0.16162276 0.0 0.0 0.0 0.0 0.0 0.0 0.0 0.0 0.51719475 0.5171952 0.5171952 0.0 0.0 0.0 0.0 0.15676296 0.15676296 0.15676296 0.15676296 0.15676296 0.15676296 0.26657724 0.0 0.26657724 0.26657724 0.26657724 0.0 0.60696197 0.60696197 0.60696197 0.60696197 0.60696197 0.26657724 0.26657724 0.26657724 0.26657724 0.26657724 0.26657724 0.26657724 0.26657724 2.3385868 2.3385868 0.51719546 0.51719546 0.26657724 0.26657724 0.26657724 0.26657724 0.26657724 0.26657724 0.15676308 0.15676308 0.15676308 0.15676308 0.26657724 0.26657724 0.26657724 0.26657724 0.26657724 0.26657724 0.15676308 0.15676308 0.15676308 0.15676308
0.1359005 0.1359005 0.7675785 0.5233154 0.0 0.0 0.0 0.0 0.0 0.3499353 0.0 0.0 0.0 0.0 0.0 0.16161847 0.0 0.0 0.0 0.0 0.0 0.0 0.0 0.0 0.0 0.0 0.0 0.0 0.1567595 0.1567595 0.2665751 0.1567595 0.41103768 0.1567595 0.2665751 0.2665751 0.2665751 0.2665751 0.2665751 0.2665751 0.60695827 0.60695827 0.60695827 0.60695827 0.2665751 0.2665751 0.2665751 0.2665751 0.2665751 0.2665751 0.60695827 0.2665751 0.2665751 0.2665751 0.2665751 0.51719165 0.51719165 0.2665751 0.2665751 0.2665751 0.2665751 0.2665751 0.28085065 0.2665751 0.2665751 0.15675962 0.2665751 0.51719165 0.51719165 0.2665751 0.2665751 0.2665751 0.2665751 0.2665751 0.2665751 0.2665751 0.2665751
0.61323667 0.13589597 0.52331185 0.52331185 0.28510475 0.52331185 0.76075006 0.0 0.0 0.51718783 0.51718783 0.0 0.34993076 0.0 0.0 0.0 0.0 0.0 0.0 0.0 0.0 0.0 0.51718783 0.51718783 0.0 0.51718783 0.51718783 0.51718783 0.51718783 0.6069546 0.26657224 0.1567558 0.1567558 0.1567558 0.26657224 0.26657224 0.26657224 0.26657224 0.26657224 0.26657224 0.26657224 0.60695493 0.60695493 0.624979 1.7571299 0.5171881 0.5171881 0.26657224 0.26657224 0.60695493 0.60695493 0.26657224 0.5171881 0.5171881 0.26657224 0.5171881 0.5171881 0.26657224 0.26657224 0.26657224 0.26657224 0.28083992 0.28083992 0.26657224 0.26657224 0.26657224 0.26657224 0.5171883 0.5171883 0.26657224 0.5171883 0.5171883 0.26657224 0.26657224 0.26657224 0.5171883 0.5171883
0.52330804 0.52330804 0.22349942 0.52330804 0.28509378 0.52330804 0.51718426 0.0 0.0 0.51718426 0.6089611 0.51718426 0.0 0.0 0.0 0.0 0.0 0.0 0.0 0.0 0.0 0.0 0.5171845 0.5171845 0.5171845 0.6069511 0.5171845 0.6089612 0.6069511 0.2665701 0.2665701 0.15675235 0.15675235 0.41103077 0.15675235 0.15675235 0.15675235 0.2665701 0.2665701 0.2665701 0.2665701 0.2665701 0.2665701 0.2665701 1.7571282 0.51718473 0.51718473 0.2665701 0.2665701 0.60695124 0.60695124 0.2665701 0.51718473 0.51718473 0.51718473 0.51718473 0.51718473 0.2665701 0.2665701 0.2665701 0.2665701 0.28082895 0.28082895 0.28082895 0.2665701 0.2665701 0.2665701 0.2665701 0.51718473 0.51718473 0.51718473 0.51718473 0.2665701 0.2665701 0.2665701 2.3385768 0.51718473
0.5233047 0.5233047 0.5233047 0.5233047 0.5233047 0.5233047 0.5171809 0.5171809 0.5171809 0.5171809 0.5171809 0.15674853 0.0 0.8495692 0.5171809 0.5171809 0.0 0.0 0.5171809 0.5171809 0.0 0.0 0.5171809 0.5171809 0.5171809 0.26656723 0.60694754 0.15674877 0.26656723 0.26656723 0.26656723 0.26656723 0.26656723 0.15674877 0.15674889 0.0 0.15674889 0.15674889 0.15674889 0.26656723 0.26656723 0.26656723 0.26656723 0.26656723 1.7571263 1.7571263 0.26656723 0.26656723 0.26656723 0.26656723 0.26656723 0.26656723 0.5171809 0.5171809 0.5171809 0.5171809 0.51718116 0.26656723 0.26656723 0.26656723 0.26656723 0.28081822 0.28081822 0.28081822 0.26656723 0.26656723 0.26656723 0.26656723 0.51718116 0.51718116 2.338573 0.26656723 0.15674889 0.26656723 0.26656723 0.26656723 0.26656723
2.334906 0.16202867 0.16202867 0.5233011 0.5233011 0.5233011 0.5171771 0.5171771 0.5171771 0.5171771 0.5171771 0.15674508 0.15674508 0.5171771 0.5171771 0.5171771 0.0 0.0 0.5171771 0.5171771 0.5171771 0.0 0.51717734 0.26656485 0.26656508 0.26656508 0.6069441 0.6069441 0.26656508 0.26656508 0.6069441 0.26656508 0.26656508 0.15674531 0.15674531 0.15674531 0.15674531 0.15674531 0.15674531 0.0 0.26656508 0.26656508 0.26656508 0.26656508 0.26656508 0.26656508 0.26656508 0.26656508 0.26656508 0.26656508 0.26656508 0.15674543 0.15674543 0.5171776 0.5171776 0.0 0.5171776 0.5171776 0.26656508 0.26656508 0.26656508 0.26656508 0.28080726 0.28080726 0.26656508 0.5171776 0.5171776 0.26656508 0.5171776 0.5171776 0.5171776 0.5171776 0.15674567 0.0 0.5171776 0.5171776 0.26656508
0.26854396 0.16202521 0.16202521 0.16202521 0.5232973 0.5232973 0.5171735 0.5171735 0.60694027 0.60694027 0.15674162 0.15674162 0.15674162 0.51717377 0.51717377 0.51717377 0.51717377 0.51717377 0.51717377 0.51717377 0.51717377 0.51717377 0.51717377 0.51717377 0.26656222 0.26656222 0.6069404 0.6069404 0.26656222 0.26656222 0.26656222 0.26656222 0.26656222 0.26656222 0.15674162 0.15674162 0.15674162 0.15674162 0.15674162 0.26656222 0.26656222 0.26656222 0.26656222 0.26656222 0.26656222 0.26656222 0.26656222 0.26656222 0.26656222 0.2665627 0.2665627 0.15674198 0.15674198 0.517174 0.0 0.0 0.517174 0.517174 0.517174 0.517174 0.2665627 0.2665627 0.2665627 0.2665627 0.517174 0.517174 0.517174 0.15674198 0.517174 0.517174 0.0 0.517174 0.15674198 0.517174 0.517174 0.51717424 0.2665627
0.16202164 0.16202164 0.61321855 0.16202164 0.16202164 0.16202164 0.51716995 0.51716995 0.6069367 0.6069367 0.26655984 0.26655984 0.15673804 0.26655984 0.51716995 0.51716995 0.2807839 0.2807839 0.2807839 0.6069368 0.6069368 0.26655984 0.5171702 0.5171702 0.26655984 0.26655984 0.26655984 0.26655984 0.0 0.0 0.0 0.0 0.0 0.0 0.41101623 0.15673816 0.15673816 0.15673816 0.26656008 0.26656008 0.26656008 0.26656008 0.0 0.26656008 0.26656008 0.26656008 0.26656008 0.26656008 0.5171704 0.26656008 0.26656008 0.26656008 0.5171704 0.5171704 0.5171704 0.0 0.5171704 0.5171704 0.5171704 0.5171704 0.26656008 0.26656008 0.26656008 0.26656008 0.26656008 0.5171704 0.5171704 0.26656008 0.15673852 0.5171704 0.0 0.5171704 0.5171704 1.7571206 0.5171704 0.5171704 0.26656008
0.41722727 0.16201818 0.6132151 0.16201818 0.16201818 0.16201818 0.5171666 0.5171666 0.0 0.0 0.15673459 0.15673459 0.15673459 0.2665577 0.2665577 0.5171666 0.15673459 0.2807727 0.28077316 0.60693324 0.60693324 0.2665577 0.2665577 0.2665577 0.2665577 0.2665577 0.2665577 0.2665577 0.0 0.0 0.0 0.0 0.2665577 0.2665577 0.1567347 0.1567347 0.1567347 0.1567347 0.2665577 0.2665577 0.2665577 0.0 0.2665577 0.2665577 0.2665577 0.2665577 0.2665577 0.2665577 0.5171666 0.51716685 0.51716685 0.51716685 0.51716685 0.51716685 0.0 0.0 0.0 0.51716685 0.51716685 0.51716685 0.2665577 0.2665577 0.2665577 0.2665577 0.2665577 0.2665577 0.2665577 0.51716685 0.51716685 0.51716685 0.0 0.0 0.51716685 0.6069335 0.51716685 0.51716685 0.51716685
0.16201472 0.26853776 0.26853776 0.26853776 0.16201472 0.4172237 0.26655483 0.0 0.0 0.0 0.15673089 0.15673089 0.0 0.0 0.26655483 0.15673089 0.15673089 0.26655483 0.60692966 0.60692966 0.5171628 0.5171628 0.26655483 0.26655483 0.26655483 0.26655483 0.0 0.0 0.0 0.0 0.0 0.0 0.26655483 0.26655483 0.15673125 0.4110093 0.15673125 0.15673125 0.0 0.26655507 0.0 0.0 0.26655507 0.26655507 0.26655507 0.0 0.26655507 0.26655507 0.26655507 0.51716304 0.51716304 0.51716304 0.51716304 0.5171633 0.0 0.0 0.0 0.0 0.5171633 0.5171633 0.26655507 0.26655507 0.26655507 0.26655507 0.15673125 0.15673125 0.15673125 0.5171635 0.5171635 0.5171635 0.0 0.0 0.0 0.5171635 0.0 0.0 0.5171635
0.6132077 0.2685356 0.2685356 0.2685356 0.16201115 0.16201115 2.338552 0.0 0.0 0.0 0.0 0.2665522 0.0 0.0 0.0 0.690217 0.60692596 0.2665522 0.6069262 0.6069262 0.5171597 0.6089363 2.3385522 0.2665522 0.2665522 0.2665522 0.0 0.0 0.0 0.0 0.0 0.0 0.2665522 0.2665527 0.15672767 0.0 0.0 0.0 0.0 0.0 0.0 0.2665527 0.2665527 0.2665527 0.2665527 0.2665527 0.2665527 0.0 0.2665527 0.5171597 0.5171597 0.5171597 0.5171597 0.0 0.0 0.0 0.0 0.0 0.5171597 0.5171597 0.2665527 0.2665527 0.2665527 0.2665527 0.15672779 0.15672779 0.15672779 0.5171597 0.5171597 0.5171597 0.0 0.0 0.0 0.0 0.0 0.0 0.5171597
0.6132045 0.26853347 0.26853347 0.26853347 0.16200769 0.16200769 0.15672398 0.6069225 0.6069225 0.0 0.0 0.26654983 0.0 0.0 0.0 0.6069225 0.6069225 0.6069225 0.6249466 0.6069226 0.6069226 0.26654983 0.26654983 0.26654983 0.26654983 0.26654983 0.26654983 0.26654983 0.0 0.0 0.0 0.0 0.26654983 0.26654983 0.0 0.0 0.0 0.0 0.0 0.0 0.26654983 0.26654983 0.26654983 0.26654983 0.26655006 0.26655006 0.26655006 0.26655006 0.5171559 0.5171559 0.5171559 0.5171559 0.0 0.0 0.0 0.0 0.0 0.0 0.5171559 0.5171559 0.28074098 0.28074098 0.15672433 0.15672433 0.15672433 0.15672433 0.15672433 0.5171561 0.5171561 0.0 0.0 0.0 0.0 0.0 0.0 0.0 0.0
0.26853132 0.61320066 0.61320066 0.16200423 0.16200423 0.0 0.0 0.6069187 0.6069187 0.0 0.0 0.0 0.0 0.0 0.0 0.6069188 0.6069188 0.6069188 0.6069188 0.6069188 0.6069188 0.26654768 0.26654768 0.26654768 0.26654768 0.26654768 0.26654768 0.26654768 0.26654768 0.26654768 0.26654768 0.26654768 0.26654768 0.26654768 0.0 0.0 0.0 0.0 0.26654768 0.26654768 0.26654768 0.26654768 0.26654768 0.26654768 0.26654768 0.26654768 0.26654768 0.51715255 0.51715255 0.51715255 0.51715255 0.51715255 0.0 0.0 0.0 0.0 0.0 0.0 0.0 0.5171528 0.5171528 0.15672088 0.15672088 0.15672088 0.15672088 0.15672088 0.15672088 0.0 0.0 0.0 0.0 0.0 0.0 0.0 0.0 0.0 0.0
0.26852942 0.6131971 0.6131971 0.26852942 0.26852942 0.0 0.0 0.0 0.0 0.0 0.0 0.0 0.0 0.0 0.0 0.0 0.6069155 0.15671694 0.15671694 0.0 0.0 0.26654482 0.26654482 0.26654482 0.26654482 0.26654482 0.26654482 0.26654482 0.26654482 0.26654482 0.26654482 0.26654482 0.26654482 0.26654482 0.0 0.0 0.0 0.0 0.26654482 0.26654482 0.26654482 0.26654482 0.26654482 0.26654482 0.26654482 0.26654482 0.26654482 0.517149 0.517149 0.517149 0.517149 0.0 0.0 0.0 0.0 0.0 0.0 0.0 0.0 0.0 0.517149 0.517149 0.15671706 0.15671706 0.15671706 0.15671706 0.15671706 0.0 0.0 0.0 0.0 0.0 0.0 0.0 0.0 0.0 0.0
0.0 0.0 0.0 0.2685275 0.2685275 0.0 0.0 0.0 0.0 0.0 0.0 0.0 0.0 0.0 0.0 0.0 0.26654267 0.4109912 0.15671349 0.15671349 0.0 0.26654267 0.26654267 0.26654267 0.0 0.26654267 0.26654267 0.26654267 0.26654267 0.26654267 0.26654267 0.26654267 0.26654267 0.26654267 0.0 0.0 0.0 0.0 0.0 0.26654267 0.26654267 0.26654267 0.26654267 0.26654267 0.26654267 0.26654267 0.26654267 0.51714516 0.699566 0.51714516 0.51714516 0.0 0.0 0.0 0.0 0.0 0.0 0.0 0.0 0.0 0.5171454 0.5171454 0.26654267 0.15671384 0.15671384 0.1567136 0.1567136 0.0 0.0 0.1307075 0.0 0.0 0.0 0.0 0.0 0.0 0.0
0.0 0.0 0.0 0.26852536 0.26852536 0.0 0.0 0.0 0.0 0.0 0.0 0.0 0.0 0.0 0.0 0.0 0.6069083 0.6069083 0.15670979 0.2665398 0.0 2.3385346 2.3385346 0.0 0.0 0.0 0.2665398 0.2665398 0.2665398 0.2665403 0.2665403 0.2665403 0.2665403 0.2665403 0.0 0.0 0.0 0.0 0.0 0.2665403 0.2665403 0.2665403 0.2665403 0.2665403 0.2665403 0.2665403 0.2665403 0.2665403 0.60690856 0.51714206 0.51714206 0.0 0.0 0.0 0.0 0.0 0.0 0.0 0.0 0.0 0.0 0.0 0.51714206 2.338535 0.26654053 0.26654053 0.15671015 0.15671015 0.51714206 0.51714206 0.51714206 0.0 0.0 0.0 0.0 0.0 0.0
0.0 0.0 0.0 0.0 0.26852322 0.0 0.0 0.0 0.0 0.0 0.0 0.0 0.0 0.26653767 0.26653767 0.0 0.517138 0.9059944 0.26653767 0.26653767 0.26653767 0.26653767 2.3385313 0.0 0.0 0.0 0.0 0.0 0.26653767 0.51713824 0.60690486 0.60690486 0.60690486 1.7571044 0.0 0.0 0.0 0.0 0.26653767 0.26653767 0.26653767 0.26653767 0.26653767 0.26653767 0.15670657 0.60690486 0.60690486 0.60690486 0.60690486 0.608915 0.0 0.0 0.0 0.0 0.0 0.0 0.51713824 0.51713824 0.0 0.0 0.51713824 0.0 0.51713824 0.15670669 0.26653767 0.26653767 0.15670669 0.51713824 0.51713824 0.51713824 0.51713824 0.5171385 0.0 0.0 0.0 0.0 0.5171385
0.0 0.0 0.0 0.0 0.0 0.0 0.0 0.0 0.0 0.0 0.0 0.0 0.0 0.26653528 0.60891104 0.5171344 0.5171344 0.5171344 0.26653528 0.60690105 0.15670288 0.15670288 0.0 0.0 0.0 0.0 0.0 0.26653528 0.26653528 0.5171344 0.60690105 0.60690105 0.51713467 0.51713467 0.26653528 0.26653528 0.0 0.0 0.0 0.26653528 0.26653528 0.26653528 0.26653528 0.15670288 0.15670288 0.26653528 0.6069014 0.6069014 0.26653528 0.51713467 0.51713467 0.51713467 0.51713467 0.51713467 0.0 0.51713467 0.51713467 0.51713467 0.51713467 0.51713467 0.51713467 0.51713467 0.26653528 0.156703 0.156703 0.5171349 0.5171349 0.5171349 0.26653528 0.26653528 0.26653528 0.5171349 0.5171349 0.0 0.5171349 0.0 0.5171349
0.0 0.0 0.0 0.0 0.0 0.0 0.0 0.0 0.0 0.0 0.0 0.0 0.0 0.0 0.51713085 0.5171311 0.5171311 0.5171311 0.26653266 0.6068977 0.6068977 0.6068977 0.0 0.0 0.0 0.0 0.0 0.280663 0.6089078 0.51713085 0.51713085 0.51713085 0.26653266 2.3385246 0.0 0.0 0.0 0.0 0.0 0.26653266 0.0 0.26653266 0.15669942 0.15669942 0.15669942 0.26653266 0.26653266 0.26653266 0.26653266 0.51713085 0.5171311 0.5171311 0.5171311 0.5171311 0.5171311 0.5171311 0.5171311 0.5171311 0.5171311 0.5171311 0.5171311 0.5171311 0.26653266 0.26653266 0.26653266 0.5171313 0.5171313 0.26653266 0.26653266 0.26653266 0.26653266 0.5171313 0.5171313 0.5171313 0.5171313 0.5171313 0.5171313
0.0 0.0 0.0 0.0 0.26851702 0.0 0.26653028 0.26653028 0.0 0.0 0.0 0.0 0.0 0.26653028 0.5171273 0.5171273 0.5171273 0.5171273 0.26653028 0.6068939 0.6068939 0.26653028 0.0 0.0 0.0 0.0 0.28065157 0.28065157 0.28065157 0.5171275 0.5171275 0.26653028 0.26653028 2.338521 2.338521 0.0 0.0 0.0 0.0 0.26653028 0.26653028 0.26653028 0.26653028 0.26653028 0.26653028 0.26653028 0.26653028 0.15669596 0.15669596 0.5171275 0.5171275 0.15669596 0.26653028 0.26653028 0.51712775 0.51712775 0.51712775 0.51712775 0.15669596 0.15669596 0.6068944 0.6068944 0.26653028 2.3385212 0.26653028 0.26653028 0.26653028 0.26653028 0.26653028 0.15669596 0.15669596 0.6068944 0.51712775 0.51712775 0.51712775 0.51712775 0.51712775
0.26851487 0.0 0.26851487 0.26851487 0.26851487 0.26851487 0.2665274 0.2665274 0.0 0.0 0.0 0.0 0.0 0.26652765 0.26652765 0.26652765 0.60689056 0.60689056 0.60689056 0.26652765 0.26652765 0.0 0.0 0.0 0.60689056 0.0 0.28064084 0.28064084 0.28064132 0.38950372 0.26652765 0.26652765 2.3385174 2.3385174 2.3385174 0.0 0.0 0.0 0.0 0.0 0.26652765 0.26652765 0.26652765 0.26652765 0.26652765 0.26652765 0.6068907 0.6068907 0.1566925 0.26652765 0.1566925 0.1566925 0.1566925 0.26652813 0.26652765 0.1566925 0.51712394 0.51712394 0.0 0.1566925 0.26652765 0.26652765 0.26652813 2.338518 2.338518 0.26652813 0.26652813 0.26652813 0.26652813 0.1566925 0.1566925 2.338518 2.338518 0.5171242 0.5171242 0.5171242 0.5171242
0.26851273 0.26851273 0.26851273 0.26851296 0.26851296 0.26851296 0.26652527 0.26652527 0.0 0.26652527 0.0 0.0 0.0 0.26652527 0.26652527 0.0 0.60688686 0.72427106 0.13067555 0.15668869 0.26652527 0.0 0.0 0.26652527 0.60688686 0.28062987 0.28062987 0.28062987 0.0 0.0 0.0 0.26652527 2.3385143 2.3385143 2.3385143 2.3385143 0.26652527 0.26652527 0.26652527 0.26652527 0.26652527 0.26652527 0.26652527 0.26652527 0.26652527 0.26652527 0.26652527 0.41096663 0.15668905 0.15668905 0.26652527 0.15668905 0.15668905 0.26652527 0.26652527 0.15668905 0.15668905 0.15668905 0.15668905 0.15668905 0.26652527 0.26652527 0.26652527 2.3385146 2.3385146 0.26652527 0.26652527 0.26652527 0.26652527 0.26652527 0.26652527 0.26652527 0.26652527 0.26652527 0.51712084 0.51712084 0.51712084
0.26851082 0.26851082 0.26851082 0.26851082 0.26851082 0.26851082 0.2665224 0.0 0.0 0.2665224 0.0 0.0 0.0 0.0 0.0 0.0 0.15668523 0.15668523 0.15668523 0.15668523 0.26652265 0.26652265 0.26652265 0.26652265 0.2806189 0.2806189 0.2806189 0.2806189 0.2806189 0.0 0.0 0.0 0.26652265 0.26652265 0.26652265 0.26652265 0.26652265 0.26652265 0.26652265 0.26652265 0.26652265 0.26652265 0.26652265 0.26652265 0.26652265 0.26652265 0.26652265 0.26652265 0.15668547 0.15668547 0.15668547 0.15668547 0.15668559 0.26652265 0.26652312 0.15668559 0.15668559 0.15668559 0.15668559 0.15668559 0.26652312 0.26652312 0.26652312 0.26652312 0.26652312 0.26652312 0.26652312 0.26652312 0.26652312 0.26652312 0.26652312 0.26652312 0.26652312 0.517117 0.517117 0.517117 0.517117
0.26850867 0.5232365 0.5232365 0.26850867 0.26850867 0.26850867 0.26652026 0.0 0.26652026 0.26652026 0.26652026 0.0 0.0 0.0 0.0 0.0 0.15668178 0.41095948 0.15668178 0.26652026 0.26652026 0.26652026 0.26652026 0.26652026 0.2806077 0.0 0.2806077 0.2806077 0.2806077 0.0 0.0 0.0 0.0 0.26652026 0.26652026 0.26652026 0.26652026 0.26652026 0.26652026 0.26652026 0.26652026 0.26652026 0.26652026 0.26652026 0.26652026 0.26652026 0.26652026 0.15668178 0.60687983 0.60687983 0.15668178 0.15668178 0.15668178 0.15668178 0.26652026 0.26652026 0.15668201 0.15668201 0.26652026 0.26652026 0.26652026 0.26652026 0.26652026 0.26652026 0.26652026 0.26652026 0.26652026 0.26652026 0.26652026 0.26652026 0.26652026 0.26652026 2.338508 0.26652026 0.5171132 0.5171132 0.51711345
0.26850677 0.52323294 0.52323294 0.26850677 0.26850677 0.26850677 0.2665174 0.2665174 0.2665174 0.60687613 0.60687613 0.0 0.60687613 0.0 0.0 0.26651788 0.15667796 0.15667796 0.15667796 0.2665174 0.26651764 0.26651764 0.26651764 0.26651764 0.28059673 0.28059673 0.28059673 0.26651812 0.26651812 0.26651812 0.0 0.0 0.0 0.26651812 0.26651812 0.26651812 0.26651812 0.26651812 0.26651812 0.26651812 0.26651812 0.26651812 0.26651812 0.26651812 0.26651812 0.15667832 0.15667832 0.15667832 0.6068765 0.6068765 0.15667832 0.5171099 0.5171099 0.26651812 0.26651812 0.26651812 0.26651812 0.26651812 0.26651812 0.26651812 0.26651812 0.26651812 0.26651812 0.26651812 0.26651812 0.26651812 0.26651812 0.26651812 0.26651812 0.5171101 0.5171101 0.5171101 0.5171101 0.5171101 0.5171101 0.0 0.0
0.26850462 0.5232296 0.5232296 0.26850462 0.26850462 0.0 0.26651525 0.26651525 0.26651525 0.60687244 0.60687244 0.0 0.60687244 0.0 0.0 1.757088 0.6068727 0.6068727 0.26651525 0.26651525 0.26651525 0.26651525 0.26651525 0.26651525 0.26651525 0.26651525 0.26651525 0.26651525 0.26651525 0.26651525 0.0 0.0 0.26651525 0.26651525 0.26651525 0.26651525 0.26651525 0.26651525 0.26651525 0.26651525 0.26651525 0.26651525 0.26651525 0.26651525 0.26651525 0.15667486 0.0 0.0 0.5171063 0.5171063 0.5171063 0.5171063 0.5171063 0.26651525 0.28058648 0.5171063 0.26651525 0.26651525 0.26651525 1.757088 1.757088 2.338501 2.338501 0.26651525 0.26651525 0.26651525 0.26651525 0.26651525 0.5171063 0.5171063 0.5171063 0.0 0.0 0.0 0.0 0.0 0.0
0.5232258 0.5232258 0.5232258 0.6131505 0.2685027 0.0 0.26651287 0.26651287 0.26651287 0.26651287 0.26651287 0.0 0.606869 0.0 0.0 1.7570858 0.62489307 0.606869 0.26651287 0.26651287 0.26651287 0.26651287 0.26651287 0.26651287 0.5171025 0.5171025 0.26651287 0.2665131 0.2665131 0.2665131 0.0 0.0 0.2665131 0.2665131 0.2665131 0.2665131 0.2665131 0.2665131 0.2665131 0.2665131 0.2665131 0.2665131 0.0 0.2665131 0.2665131 0.1566714 0.1566714 0.0 0.5171025 0.0 0.0 0.5171025 0.5171025 0.5171025 0.2805755 0.5171025 0.5171025 0.2665131 0.6068692 0.6068692 1.757086 2.3384974 0.1566714 0.1566714 0.2665131 0.2665131 0.2665131 0.6068692 0.5171027 0.5171027 0.0 0.0 0.0 0.0 0.0 0.0 0.0
0.26850057 0.5232222 0.5232222 0.26850057 0.26850057 0.26850057 0.26651025 0.26651025 0.26651025 0.26651025 0.26651025 0.26651025 0.26651025 0.26651025 0.26651025 0.51709867 0.26651025 0.15666759 0.26651025 0.51709867 0.26651025 0.26651025 0.26651025 0.26651025 0.6068654 0.6068654 0.26651025 0.26651025 0.26651025 0.0 0.0 0.0 0.0 0.26651025 0.0 0.26651025 0.26651025 0.26651025 0.60686576 0.26651025 0.26651025 0.26651025 0.26651025 0.26651025 0.26651025 0.51709914 0.51709914 0.0 0.0 0.0 0.0 0.51709914 0.51709914 0.51709914 0.51709914 0.51709914 0.26651073 0.26651073 0.51709914 0.51709914 0.26651073 0.15666795 0.15666795 0.51709914 0.26651073 0.26651073 0.6068659 0.6068659 0.13064885 0.0 0.0 0.0 0.0 0.0 0.0 0.0 0.5170994
0.61314344 0.26849842 0.26849842 0.26849842 0.26849842 0.26849842 0.26650786 0.26650786 0.26650786 0.26650786 0.26650786 0.26650786 0.26650786 0.26650786 0.26650786 0.5170953 0.5170953 0.60887194 0.5170953 0.5170953 0.26650786 0.26650786 0.60686195 0.60686195 0.60686195 0.60686195 0.26650786 0.26650786 0.26650786 0.0 0.0 0.0 0.0 0.2665081 0.2665081 0.2665081 0.2665081 0.2665081 0.62488616 0.51709557 0.2665081 0.2665081 0.2665081 0.2665081 0.2665081 0.51709557 0.51709557 0.7606574 0.0 0.0 0.51709557 0.15666413 0.2665081 0.60686207 0.60686207 0.15666413 0.15666413 0.51709557 0.51709557 0.51709557 0.2665081 0.51709557 0.51709557 0.51709557 0.51709557 0.15666425 0.6068622 0.13064456 0.13064456 0.0 0.0 0.0 0.0 0.0 0.0 0.51709557 0.51709557
0.61313975 0.26849627 0.26849627 0.26849627 0.26849627 0.26849627 0.26650524 0.15666032 0.15666032 0.15666032 0.26650524 0.51709175 0.26650524 0.26650524 0.26650524 0.51709175 0.51709175 0.51709175 0.51709175 0.51709175 0.26650572 0.26650572 0.26650572 0.26650572 0.26650572 0.2855463 0.26650572 0.26650572 0.26650572 0.0 0.0 0.0 0.26650572 0.26650572 0.26650572 0.26650572 0.26650572 0.26650572 0.6068585 0.6068585 0.51709175 0.26650572 0.26650572 0.26650572 0.26650572 0.26650572 0.517092 0.517092 0.517092 0.517092 0.517092 0.26650572 0.26650572 0.60685873 0.60685873 0.15666068 0.15666068 0.517092 0.517092 0.517092 0.517092 0.517092 0.517092 0.0 0.5170922 0.5170922 0.0 0.0 0.0 0.0 0.0 0.0 0.0 0.0 0.0 0.5170922 0.5170922
0.26849437 0.26849437 0.26849437 0.26849437 0.26849437 0.26849437 0.26650286 0.15665686 0.15665686 0.69015193 0.51708794 0.51708794 0.26650286 0.26650286 0.26650286 0.5170882 0.5170882 0.699509 0.5170882 0.5170882 0.5170882 0.5170882 0.26650286 0.26650286 0.26650286 0.26650286 0.26650286 0.26650286 0.26650286 0.0 0.0 0.0 0.26650286 0.26650286 0.26650286 0.26650286 0.26650286 0.26650286 0.6248791 0.6068549 0.6068549 0.26650286 0.2665031 0.2665031 0.2665031 0.2665031 0.15665722 0.5170882 0.5170884 0.5170884 0.15665722 0.15665722 0.2665031 0.5170884 0.5170884 0.2665031 0.2665031 0.2665031 0.5170884 0.5170884 0.5170884 0.5170884 0.5170884 0.0 0.0 0.0 0.0 0.0 0.0 0.0 0.0 0.0 0.0 0.0 0.0 0.0 0.5170884
0.5232079 0.5232079 0.26849222 0.26849222 0.26849222 0.26849222 0.26650023 0.26650023 0.26650023 0.26650023 0.5170846 0.5170846 0.2665007 0.2665007 0.2665007 0.6068512 0.2665007 0.5170846 0.51708484 0.51708484 0.51708484 0.51708484 0.51708484 0.2665007 0.2665007 0.2665007 0.2665007 0.2665007 0.2665007 0.2665007 0.2665007 0.0 0.2665007 0.2665007 0.2665007 0.2665007 0.2665007 0.2665007 0.60685134 0.60685134 0.2665007 0.2665007 0.2665007 0.2665007 0.2665007 0.2665007 0.2665007 0.2665007 0.51708484 0.51708484 0.15665376 0.15665376 0.2665007 0.2665007 0.51708484 0.2665007 0.2665007 0.2665007 0.2665007 0.51708484 0.51708484 0.51708484 0.0 0.0 0.0 0.0 0.0 0.0 0.0 0.0 0.0 0.0 0.0 0.0 0.0 0.5170851 0.5170851
