Export/ASCII/RMeteo_SP_inch/speranza1/RMeteo_2014_SP2_inch.asc
ncols         660
nrows         338
xllcorner     1476100.0
yllcorner     5017100.0
cellsize      100
NODATA_value  -9.9e-20
[rows 135 to 161 of 338, columns 480 to 539 of 660]
1.7467963 1.7467963 2.1968951 1.2811793 1.2811791 0.4945495 0.4945495 0.49454927 0.49454927 0.49454927 0.49454927 0.49454927 0.49454927 0.49454927 0.49454927 0.96570253 0.49454927 1.2811787 1.2811787 1.7467955 1.2811785 0.49454904 0.49454904 1.7467953 1.7467953 1.7467953 1.7467953 1.7467953 1.7467953 1.7467953 2.1241322 2.1241322 2.1241322 2.1241322 2.1241322 2.1241317 2.1241317 2.1241317 1.798212 1.798212 2.1241314 2.1241314 2.1241314 2.1968937 2.1968935 2.1968935 2.1968935 2.1968935 2.1968935 2.1241312 1.2811775 1.2811775 2.1968935 2.1968935 2.1058586 2.1058586 2.1058586 2.1058586 2.1058586 2.1058586
1.7467887 1.7467887 1.7467887 1.5469475 1.2811718 1.2811718 0.49454474 0.49454474 0.49454474 0.49454474 0.49454474 0.9656961 0.9656961 0.9656961 0.9656961 0.4945445 0.4945445 0.4945445 1.2811716 1.7467884 1.7467884 1.7467884 1.7467884 1.7467884 1.7467884 1.7467884 1.8660461 1.1799285 1.1799285 1.261292 0.4945438 1.2811714 2.124123 2.124123 2.124123 2.124123 2.124123 2.124123 1.7982061 1.7982061 2.124123 1.7982061 2.124123 2.124123 2.1968875 2.1968873 2.1968873 2.196887 2.196887 2.124123 1.2811704 1.2811704 2.196887 2.196887 2.105853 1.866045 2.1058528 1.7467867 1.7467867 2.1058528
2.1968827 1.7467822 1.7467822 1.2811652 1.2811652 1.2811652 0.49453998 0.49453998 0.49453974 0.49453974 0.96568847 0.96568847 0.96568847 0.96568847 1.7467818 1.2811649 1.2811649 1.2811649 1.2811648 1.7467818 1.7467817 1.7467817 1.7467816 1.8660396 1.8660392 1.1799214 0.49453926 0.49453926 0.49453926 0.49453926 0.49453926 1.2811644 1.2811644 2.124115 2.1241148 2.1241148 2.1241148 2.1241148 1.7981999 1.7981999 2.1241148 1.7981999 2.1241148 2.1241148 2.1241148 2.1241148 2.1241148 2.1968813 2.1968813 2.1241148 1.8660383 1.8660383 2.1968813 1.8660383 1.8660383 1.8660383 1.8660381 1.7467803 0.96568704 2.1058466
1.7467753 1.7467753 1.7467752 1.2811587 1.2811587 0.49453497 0.49453497 0.49453497 0.49453473 0.49453473 0.49453473 0.96568155 1.7467752 1.2811586 1.2811586 1.2811584 1.2811582 1.2811582 1.281158 1.7467747 0.49453473 0.49453473 1.1799147 1.8660324 1.8660324 0.4945345 0.4945345 0.4945345 0.4945345 0.4945345 0.4945345 1.2811576 1.2811576 2.1241066 2.1241066 2.1241066 2.1241066 1.7981937 1.7981937 1.7981937 1.7981935 2.1241062 2.1241062 2.1241062 2.1241062 2.1241062 2.124106 2.1968753 2.1968749 2.124106 1.866031 1.866031 1.8660309 1.8660309 1.8660309 1.8660309 1.2811567 1.7467734 1.7467734 1.2811567
1.7467681 1.746768 2.1968703 1.2811512 0.49452996 0.49452996 0.774137 1.281151 1.281151 1.281151 1.281151 1.2811509 1.2811509 1.2811509 0.49452972 1.2811509 1.2811509 1.7467678 1.2811509 1.2811509 0.4945295 1.179908 1.1799078 1.1799076 0.494529 0.494529 0.494529 0.494529 0.494529 0.494529 0.494529 0.494529 1.2811507 2.1240988 2.1240985 2.1240985 2.1240985 2.1240985 2.1240985 1.798187 1.798187 2.1240985 2.1240985 2.1240985 2.1240985 2.1240985 2.1240985 2.1240985 2.1240985 2.1240985 2.1240985 1.2811501 1.2811501 1.8660243 1.8660243 1.2811501 1.2811501 0.49452853 0.49452853 1.2811501
1.7467614 1.7467614 1.7467614 1.2811444 1.2811444 1.2811444 1.2811444 1.2811444 1.2811444 1.2811444 0.848912 0.49452472 0.49452472 0.49452472 0.49452472 1.2811441 1.281144 2.1240904 1.2811443 1.2811441 1.2811441 1.1799009 1.1799009 0.51947355 0.49452448 0.49452448 0.49452448 1.281144 1.281144 0.49452424 1.2811438 1.2811438 1.8660179 1.8660179 2.196863 2.196863 2.196863 2.196863 2.196863 2.1968627 2.1240897 2.1240897 2.1240897 2.1968627 2.1968627 2.1240897 2.1240897 2.1968625 2.1968625 2.1968625 2.1968625 1.2811432 1.2811432 1.2811432 1.2811432 1.2811432 1.2811432 1.2811432 0.494524 0.49452376
1.7467548 1.7467548 1.7467548 1.2811377 1.2811377 1.2811377 1.2811377 0.49452043 0.49452043 0.49452043 0.4945202 0.4945202 0.49451995 0.77412295 0.49451995 0.49451995 1.2811375 1.2811375 1.2811375 1.746754 1.746754 1.2811375 1.2811375 1.2811375 0.49451947 1.1798935 1.1798935 1.2811375 1.2811373 1.2811373 1.8660111 1.8660111 1.7981746 2.1240826 2.1968572 2.1968572 2.1968572 2.1968572 2.1968572 2.1968572 2.1968572 2.1240819 2.1240819 2.1968572 2.196857 2.1240819 2.1240819 2.1968567 2.1968567 2.1968567 2.1968567 1.2811362 1.2811362 0.49451876 1.281136 1.281136 2.1968567 1.2811357 1.2811357 0.49451876
1.7467476 1.2811311 1.2811313 1.2811313 1.2811313 0.49451518 0.49451518 0.49451518 0.49451518 0.49451494 0.9656539 0.49451494 0.49451494 0.49451494 0.49451494 0.49451494 0.49451494 1.2811306 1.2811306 1.9794354 1.7467468 1.2811306 1.2811306 1.2811306 1.2811306 1.179887 1.8660045 1.2811304 1.2811303 1.2811303 1.8660043 1.8660042 2.2817109 2.1240742 2.1968505 2.1968505 2.1968505 2.1968505 2.1968505 2.1968505 2.1968505 2.124074 2.124074 2.124074 2.124074 2.1240737 2.1968503 2.1968503 2.1968503 2.1968503 1.8660036 1.8660036 1.8660038 1.2811292 1.2811291 1.2811291 1.2811291 2.1968503 1.2811291 0.49451375
0.4945109 0.4945109 0.49451065 0.49451065 0.49451065 0.4945104 0.49451017 0.49451017 0.49451017 0.49451017 0.9656465 0.49451017 1.2811235 1.2811235 0.49450994 1.2811235 1.2811235 1.2811235 1.2811235 2.1968446 2.1968446 1.2811235 1.2811235 1.2811235 1.2811235 1.2811235 1.2811233 1.8659973 1.8659973 2.1968443 2.1968443 2.2963498 2.1968443 2.1968443 2.1968443 2.1968443 2.1968443 2.1968443 2.1968443 2.1968443 2.1968443 2.1968443 2.1240652 2.1240652 2.1240652 1.8659966 1.8659966 2.1968439 2.1968439 2.1968439 2.1968439 1.8659966 2.1968436 2.1968436 1.2811228 1.2811226 1.2811223 2.1968434 1.3464541 0.49450946
0.49450564 0.49450564 0.49450564 0.4945054 0.4945054 0.4945054 0.4945054 0.4945054 0.4945054 0.49450517 0.96564007 1.7467337 1.7467337 1.2811168 1.2811166 1.8262923 1.2811167 2.1968389 2.1968389 2.1968389 2.1968389 1.2811167 1.2811167 1.2811167 1.2811165 2.1968389 2.1968389 2.1968389 2.1968389 2.1968386 2.1968386 2.1968386 2.1968386 2.1968386 1.7467328 1.7467328 2.1968386 2.1968386 2.1968384 2.1968384 2.1968384 2.1968384 2.1968384 2.1968384 2.1968381 1.8659896 1.8659893 2.1968381 2.1968381 2.1968381 2.196838 2.196838 2.1968377 2.1968374 2.1968374 1.2811158 2.1968374 1.346448 1.346448 1.346448
0.49450016 0.49450016 0.49450016 0.49450016 0.49450016 0.49450016 0.49450016 1.28111 1.5468856 1.28111 1.7467266 1.7467266 2.1968327 1.28111 2.1968327 2.1968324 2.1968324 1.2811098 1.2811098 2.1968324 2.1968324 2.1968324 2.1968324 2.1968324 2.1968324 2.1968324 2.1968324 2.1968324 2.196832 2.196832 2.196832 2.196832 1.746726 1.746726 1.746726 1.746726 1.7467259 2.196832 2.1057973 2.1057973 2.196832 2.196832 2.1968317 2.1968317 2.1968315 2.1240487 1.7467258 2.1968315 2.1968315 2.1968312 2.196831 2.196831 2.1968315 2.1968312 2.1968312 2.1968312 2.1968312 0.49449944 0.49449944 1.3464408
1.2811035 1.2811035 1.2811035 1.2811035 1.2811035 1.2811035 1.2811035 1.2811034 2.124041 2.124041 2.124041 2.1968267 2.1968267 2.1973941 2.1968267 2.1968267 2.1968267 2.1968265 2.1968265 2.1968265 2.1968265 2.1968265 2.1968265 2.1968265 2.1968265 2.1968262 2.1968262 2.1968262 2.1968262 2.1968262 2.1968262 2.1968262 1.7467195 1.7467195 1.7467195 1.7467194 1.7467194 2.105791 2.1057909 2.1057909 2.1968257 2.1968257 2.1968255 2.1968255 2.1968255 2.1968255 2.1240406 2.1968253 2.1968253 2.1968253 2.1968253 2.196825 2.196825 2.196825 2.196825 1.8659755 1.179857 0.49449468 0.49449468 1.3464344
1.7467132 1.2810967 1.86597 1.2810966 1.2810966 1.2810966 2.124034 2.124034 2.124034 2.124034 2.124034 2.19682 2.19682 2.19682 2.19682 2.19682 2.19682 2.19682 2.19682 2.19682 2.19682 2.19682 2.19682 2.1968198 2.1968198 2.1968198 2.1968198 2.1968198 2.1968195 2.1062088 1.2810957 1.2810957 1.7467126 1.7467123 1.7467123 0.96561766 1.7467123 1.7467123 2.1057851 2.1057851 2.1968195 2.1968193 2.1968193 2.1968193 2.1968193 2.1968193 2.124032 2.1968188 2.1968188 2.1968188 2.1968188 2.1968188 2.1968186 2.1968186 2.1968186 1.8659683 1.1798508 0.49448967 0.49448967 1.3464274
0.9656122 1.4469378 1.7467062 1.7467062 1.2810898 1.2810898 2.1240249 2.1240249 2.1240249 2.1240246 2.1968143 2.1968143 2.196814 2.196814 2.196814 2.196814 2.196814 2.196814 1.2810895 1.2810894 2.1968138 2.1968138 2.1968136 2.1968136 2.1968136 2.1968136 2.1968136 2.1968136 2.1968136 2.1057787 1.2810888 1.2810888 2.1240246 1.7467054 1.7467053 0.9656112 1.7467053 1.7467053 2.1057785 2.1968136 2.1968136 2.1968133 2.1968133 2.1968133 2.1968133 2.1968129 2.1968129 2.1968129 2.1968129 2.1968129 2.1968129 2.1968129 2.1968129 2.1968129 2.1968129 2.1968129 1.346421 1.346421 1.346421 1.3464212
0.965605 0.9656048 0.9656048 1.7466993 1.7466993 2.1240168 2.1240168 2.1240168 2.1240168 2.1240168 2.1240168 2.1968076 2.1968076 2.1968076 2.1968076 2.1968076 2.1968076 2.1968076 1.2810823 1.2810823 2.1968076 2.1968076 2.1968076 2.1968076 2.1968076 2.1968076 2.1968076 2.1968076 2.1968076 2.1968076 1.281082 2.1968074 2.124016 1.7466986 0.9656043 0.9656043 0.96560407 0.31220675 2.105772 2.1968071 2.1968071 2.196807 2.1968067 2.1968067 2.1968067 2.1968067 2.1968067 2.1968067 2.1968064 2.1968064 2.1968064 2.1968064 2.1968064 2.1968064 2.1968064 2.1968064 1.3464134 1.3464134 1.3464134 1.3464134
0.9655981 0.9655981 0.9655981 1.7466928 1.7466927 2.1240084 2.1240084 2.1240084 2.1240084 2.1240084 2.1240084 2.1240084 2.196802 2.196802 2.196802 2.196802 2.1968017 1.2810752 1.2810751 1.2810751 2.196801 1.2810751 2.196801 2.196801 2.196801 2.196801 2.196801 2.196801 2.1968014 2.1968012 2.1968012 2.1968012 2.1968012 1.7466918 1.7466918 0.9655974 0.96559715 0.31220078 1.7466918 1.7466918 1.9793644 1.865948 1.865948 2.196801 0.5803702 0.5803702 2.1968007 2.1968007 2.1968007 2.1968005 2.1968005 2.1968005 2.1968005 2.1968005 2.1968005 2.1968005 2.1968005 1.3464062 1.3464062 1.3464062
0.96559143 0.96559143 1.7466855 1.7466855 2.124 2.124 2.124 2.124 2.124 2.124 2.124 1.8659419 1.8659419 1.8659418 2.1967952 2.1967952 2.1967952 1.2810688 1.2810688 1.2810688 1.2810687 1.2810687 2.1967947 1.2810683 2.1967947 2.1967947 2.1967947 2.1967947 2.1967947 2.1967947 2.1967947 2.1967947 2.1967947 1.2810678 1.7466844 0.96559 0.96559 0.96559 1.7466843 1.7466843 2.1967943 1.8659408 1.8659408 0.5803654 0.7233381 2.4072642 2.1967943 2.1967943 2.1967943 2.1967943 2.1967943 2.1967943 1.7466841 1.8659406 1.8659406 2.1967943 2.1967943 1.3464005 1.3464005 1.3464005
1.7466791 1.7466791 1.746679 0.0 2.123992 1.746679 1.7466787 1.7466786 2.123992 2.123992 2.123992 1.8659348 1.8659348 2.1967888 2.1967888 2.1967888 2.1967888 1.281062 1.281062 0.49446607 0.49446607 1.2810618 1.2810619 1.2810618 1.2810618 2.1967888 2.1967888 2.1967888 2.123991 2.123991 2.1967888 2.1967888 2.1967888 2.1967888 1.8659343 1.7466776 0.4944656 0.4944656 0.4944656 1.7466776 1.7466776 2.1967883 1.8659341 0.58036065 0.58036065 2.1967885 1.2810612 1.2810612 1.281061 1.281061 2.196788 2.196788 1.7466775 1.8659338 1.8659338 2.196788 2.196788 2.196788 1.3463931 1.3463931
1.746672 2.123984 2.1239836 2.1239834 1.746672 1.746672 1.7466719 1.7466719 2.1239827 2.1239827 2.1239827 2.196783 2.196783 2.196783 2.196783 2.196783 2.196783 2.196783 1.2810546 1.2810546 0.49446106 0.49446106 0.49446106 0.49446106 1.2810545 1.8659273 2.196783 2.1967828 2.1239824 2.1239824 2.1239824 2.1239824 2.1967828 2.1967828 1.7466713 1.7466713 1.2810545 0.49446058 0.49446058 1.7466711 1.7466711 2.196782 0.5803554 0.7233281 0.7233281 2.196782 1.281054 1.281054 0.49446034 1.2810539 1.2810539 2.1967819 2.1967819 2.1967819 2.1967816 2.1967816 2.1967816 2.1967816 1.3463871 1.3463871
1.7466654 1.7466654 2.1239755 2.196777 1.7466652 1.746665 1.746665 1.746665 2.123975 2.123975 2.123975 2.123975 2.1967766 2.1967766 2.1967766 1.9793313 1.9793313 1.9793313 1.281048 1.281048 0.49445605 0.49445605 0.49445605 1.2810479 1.8659207 1.8659207 1.8659207 1.8659207 1.8659207 2.1239746 2.1239746 2.196776 2.1967757 2.1967757 1.7466643 1.8752205 1.7466643 0.49445605 1.2810472 1.7466639 1.7466642 0.58035016 0.72332287 0.5803497 2.407244 2.1967754 2.1967754 2.1967754 2.1967754 1.2810471 1.281047 2.1967754 2.1967754 2.1967754 2.1967754 2.1967754 2.1967754 2.1967754 2.1967754 1.3463802
0.96556306 0.96556306 2.1967707 2.1967707 1.7466582 1.7466582 1.7466582 1.7466581 2.1239672 2.1239672 2.1239672 2.1239667 2.1967704 1.7980864 1.9793234 1.9793234 1.9793234 1.9793234 1.9793234 1.2810411 0.49445128 1.2810411 1.2810411 1.7466575 1.7466575 1.8659136 1.8659136 1.8659136 1.8659135 2.1239662 2.1239662 2.1967702 2.1967702 2.1967702 1.7466571 1.7466571 1.746657 1.2810404 1.2810404 2.1967702 0.58034444 0.7233176 0.7233176 0.7233176 2.1967697 2.1967697 2.1967697 2.1967697 1.2810404 0.4944508 1.2810404 2.1967695 2.1967695 2.1967695 2.1967695 2.1967695 2.1967695 2.1967695 2.1967695 1.3463733
0.9655564 0.96555614 0.96555614 1.7466515 2.1967645 1.7466512 1.7466512 2.1239588 2.1239588 2.1239588 2.1239588 2.1239586 2.1967642 1.9793146 1.9793146 1.9793146 1.9793146 1.9793146 1.9793146 1.2810338 1.2810338 1.7466507 1.7466507 1.7466507 1.7466507 1.7466507 1.8659065 2.1967642 2.196764 2.196764 2.196764 2.196764 2.196764 2.1967638 2.1967638 2.1967638 2.1967638 2.1967638 2.1967638 2.1967638 0.7233124 0.7233124 0.7233124 0.8525696 0.6990688 2.1967635 1.2810333 2.1967635 1.2810333 0.4944458 1.2810333 2.1967633 2.196763 2.196763 2.196763 1.74665 1.74665 2.196763 2.196763 1.3463664
0.9655497 1.7466445 1.7466444 1.7466444 2.1967587 2.1239507 2.1239507 2.1239507 2.1239507 2.1239507 2.1239507 2.1239507 1.979306 1.979306 0.0 1.979306 1.979306 1.979306 2.1967583 2.1967583 1.7466441 1.746644 0.965549 0.96554875 1.7466438 1.7466438 2.1967578 2.1967578 2.1967578 2.1967578 2.1967578 2.1967578 2.1967578 2.1967578 2.1967578 2.1967578 2.1967578 2.1967578 2.1967578 2.1967578 0.72330856 0.72330856 0.72330856 0.76551914 0.6177187 1.2810267 1.2810267 1.2810265 1.2810265 1.8658992 1.8658992 1.2810262 2.1967573 2.1967573 2.196757 1.7466431 1.746643 1.7466427 0.96554756 0.9655473
0.96554184 1.7466377 1.7466378 2.196752 2.196752 2.1239424 2.1239424 2.1239424 2.1239424 2.1239424 1.7980683 0.0 1.9792972 1.9792972 1.9792972 1.9792972 1.9792972 2.196752 2.1967518 2.1967518 1.7466372 1.7466372 0.96554184 0.96554184 0.96554184 1.7466369 1.7466369 2.1967514 2.1967514 2.1967514 2.1967514 2.1967514 2.1967514 2.1967514 2.1057167 2.1967514 2.1973188 2.1967514 2.1967514 0.58032966 0.72330284 0.58032966 0.58032966 0.7233033 1.7980671 0.037194252 1.2810197 1.2810197 1.2810197 1.2810193 1.2810193 1.2810193 1.2810192 2.1967504 2.1967504 2.1967504 2.1967504 1.3463526 0.9655402 0.9655402
1.7466308 1.7466308 1.7466308 2.1967463 2.1967463 2.1967463 2.1967463 1.2611103 0.0 0.0 0.0 0.0 1.9792881 1.9792881 1.9792881 1.9792881 1.9792881 2.196746 2.1967459 2.1967459 2.1967459 1.7466302 1.7466302 0.9655347 0.9655347 0.96553445 1.7466301 1.7466301 2.1967456 2.1967456 2.1057107 2.1057105 2.1967454 2.1967454 2.1057105 2.1967452 2.1967452 2.1967452 0.58032537 0.58032537 0.58032537 0.72329855 0.58032537 0.72329855 0.58032537 0.58032537 0.58032537 2.196745 2.196745 2.1967447 2.1967447 1.2810124 1.2810123 2.1967447 2.1967447 2.1967447 2.1967447 2.1967447 2.1967447 1.7466291
2.1967402 1.7466236 1.7466235 1.7466235 2.19674 2.19674 1.9792807 1.9792807 1.2634859 0.0 0.0 0.0 1.9792802 1.9792802 1.9792802 1.9792802 1.9792802 2.196739 2.196739 2.196739 2.196739 1.7466234 1.7466234 0.96552753 0.96552753 0.96552753 0.96552753 1.7466234 2.1967387 2.1967387 2.1967387 2.1057038 2.1967387 2.1967387 2.1967387 2.1057038 2.1057038 0.45559502 0.6397507 0.6397507 0.7232933 0.47811103 0.7232928 0.7232928 0.7232928 0.7232928 0.7232928 2.1967385 2.1967385 2.1967385 2.1967385 2.1967385 2.1967385 2.1967385 2.1967385 2.1967385 2.1967385 2.1967385 2.1967385 2.1967382
2.1239178 1.7466171 1.7466171 1.7466171 1.7466171 2.1967337 1.9792714 1.9792714 1.2634766 1.2610941 1.2610941 1.2634766 1.2634766 1.2634766 0.0 1.865872 1.8658721 1.8658719 1.7466165 2.1967332 2.1967332 2.1967332 1.7466165 0.9655211 1.7466161 1.7466161 1.7466161 1.746616 1.746616 2.1967332 2.1967332 2.105698 2.1967332 2.1967332 2.1967332 2.1967332 2.1967332 0.4555893 0.55031466 0.55031466 0.7232876 0.31213617 0.6506994 0.72328806 0.7232876 0.7232876 0.5803139 2.196733 2.196733 2.1967328 2.1967328 2.1967328 2.1967325 2.1967325 2.196732 2.196732 2.196732 2.196732 2.196732 2.196732
