Export/ASCII/RMeteo_SP_inch/speranza1/RMeteo_2014_SP1_inch.asc
ncols         660
nrows         338
xllcorner     1476100.0
yllcorner     5017100.0
cellsize      100
NODATA_value  -9.9e-20
[rows 189 to 215 of 338, columns 244 to 304 of 660]
7.4122167 10.922968 10.922968 7.712876 9.065863 8.312994 8.096966 7.7262664 6.304102 14.537813 8.725691 10.465178 10.738619 10.922968 10.922968 10.922968 10.561837 10.561837 9.857795 9.857795 9.857795 10.922968 10.922968 10.922968 10.922968 7.7977443 7.7977443 5.383726 5.3988886 5.252435 6.717499 6.717499 6.717499 6.717499 7.7977443 7.7977443 10.922968 10.922968 10.465176 11.278715 10.465176 10.465176 10.465174 10.465174 9.724736 10.639069 10.012805 9.716838 10.561835 10.922968 6.3041 6.6973705 6.6973705 9.997992 14.714745 7.8645725 6.717498 5.252435 5.43473 5.3988886 6.779931
7.7262106 6.3040566 10.922907 16.916973 8.633633 6.304056 8.628449 8.096903 7.4121704 11.356697 9.997923 10.465103 10.465103 10.922905 10.922905 10.922905 10.922905 10.922905 10.922905 6.304056 6.304056 10.922903 10.922903 10.922903 6.304056 6.304056 5.2523737 5.398826 6.991596 6.9699497 6.717433 6.717433 6.717433 6.717433 6.717433 7.7976823 7.7976823 10.922903 10.091656 11.022148 11.005217 9.433511 9.921287 10.465103 10.099066 10.537872 10.640589 9.628816 10.561777 10.922903 10.922903 7.4121704 6.304056 6.304056 9.997921 10.465097 6.889517 5.2523727 5.3836603 6.5670133 6.132018
8.096842 7.412129 6.3040147 10.922843 6.3040147 7.412129 6.3040147 8.262223 7.7261558 9.997849 10.465025 10.465025 10.465025 9.997849 10.922843 9.857675 9.857675 9.857675 6.1319695 6.3040147 7.412129 6.3040147 6.3040147 6.3040147 6.3040147 7.412129 5.2523136 5.2523136 6.717366 6.717366 6.717366 6.717366 6.717366 6.717366 6.717366 6.717366 10.561715 10.561715 9.997848 10.774213 11.022093 11.017563 10.537819 9.921222 9.43345 0.0 10.537819 10.640535 10.537819 10.922839 10.922839 6.3040147 7.412123 7.8977594 8.403759 8.498236 8.542324 8.362305 6.304014 6.335634 7.594631
8.656418 7.726103 7.412088 10.922779 14.390072 7.726103 7.412088 8.300619 8.096782 10.464949 10.464949 9.997777 10.464949 6.8893843 7.7975607 9.857613 9.857613 9.857613 6.5714073 6.131916 7.726103 6.3039737 7.412088 7.412088 7.412088 7.726103 6.510743 5.3835354 6.7172985 6.7172985 6.7172985 6.7172985 6.7172985 6.7172985 6.7172985 6.7172985 9.628687 9.628687 9.997775 10.464947 11.596943 10.563047 10.563047 10.558653 16.099913 0.0 11.022036 11.022036 11.022036 0.0 10.922779 6.3039727 6.3039727 6.3039727 7.4120812 7.726094 8.096762 8.26215 7.6038 6.930459 7.2713885
9.070612 8.096719 7.726047 10.922716 10.922716 8.096719 6.30393 8.299721 6.30393 17.767887 10.464873 10.464873 6.889317 6.717234 7.7974987 9.857553 9.857553 9.857553 6.7190547 6.30393 8.141658 7.4120426 7.726046 7.726046 7.726046 8.096718 7.4960947 5.398636 5.2521896 6.717234 5.2521896 5.2521896 5.2521896 6.717233 6.717233 9.9977045 10.100417 9.9977045 9.9977045 11.153758 11.124822 10.406328 10.406328 10.406328 14.0567255 0.0 11.021981 11.021981 11.021981 10.537709 14.389967 6.303928 7.4120417 7.726038 8.096699 8.262089 8.573472 6.303928 6.303928 6.0818386 5.490473
9.097018 8.262051 8.096657 10.922649 10.922649 17.278767 14.389866 8.312683 7.4120007 10.922649 11.418867 10.464797 9.997631 6.717167 9.997631 10.922649 10.922649 10.922649 6.8862486 7.4120007 8.326962 7.7259917 8.096657 8.096657 8.096657 8.26205 6.303887 7.7564983 5.3834085 5.252128 5.3834085 5.3834085 5.3834085 9.997631 9.997631 10.464795 9.997631 11.153701 11.004989 11.310294 11.030215 10.849494 10.406265 10.406265 0.0 0.0 11.021922 11.021922 11.021922 11.021922 10.537654 7.412 7.725984 8.096636 6.303886 7.720524 6.697156 8.484686 7.2261066 5.252127 5.252127
8.649899 6.303845 8.261992 10.922586 10.922586 10.922586 10.922586 8.312621 7.725937 6.303845 10.922586 10.464722 10.464722 9.9975605 10.464722 10.922586 10.922586 6.303845 7.7281623 7.7259364 8.4475765 8.096595 8.2619915 6.3038445 8.588295 6.3038445 7.4119577 8.096594 5.252067 5.383345 5.3985085 6.3038445 6.510614 6.3038445 11.004934 9.9975605 10.464722 10.537603 11.021868 10.537601 11.021868 10.537601 10.4062 10.4062 0.0 0.0 9.433193 9.938738 10.537601 11.021868 10.537601 6.3038445 7.4463673 7.5031705 7.833787 8.323116 6.6971145 5.252066 5.2520657 11.002927 11.026003
17.85103 7.411916 8.300371 10.922527 10.922527 10.922527 10.922527 8.312836 8.096535 7.411916 6.303802 11.418737 10.464645 10.464645 11.418737 10.922525 10.922525 7.411915 7.781805 6.303802 8.35092 6.303802 8.616283 7.411915 6.303802 7.411915 7.7258816 6.303802 6.510571 6.510571 6.303802 5.2520056 6.081641 6.081641 9.997488 10.464645 10.464645 10.537547 11.02181 11.02181 11.02181 11.02181 10.4061365 10.4061365 0.0 0.0 0.0 0.0 11.02181 10.537545 9.030086 6.131706 6.3353844 7.177597 7.463175 6.3038015 8.628372 6.1542664 6.1317053 8.725224 8.725224
9.857309 6.3353357 8.386551 6.3037577 10.922461 10.922461 10.922461 6.3037577 8.261875 6.3037577 6.3037577 10.561349 10.999384 11.418671 10.922461 10.922461 6.3037577 6.3037577 6.3037577 7.411871 6.3037577 7.411871 6.3037577 6.3037577 7.411871 6.3037577 8.09647 6.3037577 6.3037577 7.8316755 6.081573 5.383218 7.08566 5.4902163 6.889045 9.997415 9.920821 11.021754 11.021754 10.537494 11.169591 11.110715 8.72516 9.756598 0.0 0.0 6.7169666 6.7169666 11.021754 10.481505 8.725159 6.335334 6.8099613 6.335334 7.1296215 6.3037567 6.3037567 5.2519436 6.891613 6.131654 8.725159
9.857245 13.275033 7.9913826 7.4118285 6.6969857 10.922397 10.922397 14.389456 8.300247 7.4118285 7.4118285 6.3352847 10.561288 10.922397 10.922397 10.922397 7.4118285 7.4118285 7.4118285 7.725772 7.4118285 7.725772 7.4118285 7.4118285 7.725772 7.4118285 6.3037157 8.318237 7.4118285 8.039837 5.4901524 5.39832 6.7169013 6.9910507 5.2518835 10.46449 10.476893 10.537437 11.169537 10.481425 9.303204 9.221825 8.725092 9.023653 8.725092 8.725092 6.7168994 6.7168994 6.896642 10.464488 9.997338 6.131603 6.3352838 7.3341546 6.303715 7.9584007 5.2518826 6.081504 5.383154 6.796058 9.573107
10.922335 10.922335 7.918821 7.725717 7.4794436 6.3352356 10.922335 10.922335 8.29935 7.725717 7.725717 7.1295347 6.3352356 6.3036737 10.922335 10.922335 7.725717 7.725717 6.3036737 8.096348 7.725717 8.096348 6.3036737 6.3036737 8.249802 7.725717 7.4117856 8.591419 7.725717 7.0197535 5.3982573 5.3982573 6.131551 6.131551 6.131551 9.369518 9.018836 10.481353 9.303136 9.018836 8.725026 8.725026 8.725026 8.725026 8.725024 8.725024 8.725024 6.716833 6.716833 6.8889074 6.8889074 11.1944 7.1295342 7.744518 5.25182 5.25182 5.25182 5.3830895 5.490083 5.3982525 6.7276173
9.857125 10.92227 10.92227 8.096285 7.4900284 7.1774263 10.92227 10.92227 17.493866 6.3036304 8.48823 6.3036304 7.129486 7.411742 10.92227 10.92227 14.450985 14.94017 13.050421 8.261698 8.096285 6.3036294 8.318111 7.4461527 8.635519 8.096283 7.7256594 8.593883 6.7787023 5.5320096 6.9909134 6.3210163 6.1314993 6.7824373 6.570921 8.724958 8.724958 9.018766 8.724958 8.724958 8.724958 8.724958 8.724958 8.724958 8.724958 9.857122 9.857122 6.7167673 8.058368 6.7167673 6.7167673 10.521206 9.997198 16.055134 8.104597 5.383026 5.383026 5.2517586 5.3981905 8.381113 6.7167664
10.922205 10.922205 10.922205 8.261646 7.8350143 7.462938 10.922205 10.922205 10.922205 7.4117002 8.768695 6.303589 7.703922 16.046432 10.922205 10.922205 11.35577 10.470169 11.582832 9.997125 14.852402 7.4117002 8.644573 10.561106 17.778782 10.922205 16.935032 10.145763 5.5319424 6.7167006 6.7167006 6.1314454 6.57086 8.724892 8.724892 8.724892 8.724892 8.724892 8.724892 8.724891 8.724891 8.724891 8.724891 8.724891 8.724891 8.724891 8.724891 8.724891 6.7167006 6.7167006 6.7167006 6.7167006 10.464263 6.7167006 7.79701 7.797009 6.9908442 6.7167006 6.9908442 6.7167006 6.7167006
10.922144 10.922144 10.922144 10.922144 8.594965 7.7450747 10.922144 10.922144 10.922144 16.046303 9.045852 7.4116564 7.9003267 10.922144 10.922144 11.348463 11.077847 10.470112 11.279337 10.94714 11.377369 14.268938 14.030169 10.922144 10.922144 10.922144 6.303545 6.303545 5.2516365 6.990777 6.7166348 7.2533484 9.743944 8.724825 8.724825 8.724825 8.724825 8.724825 8.724825 8.724825 8.724825 8.724825 8.724825 8.724825 8.724825 8.724825 8.724825 8.724825 8.724825 6.716633 6.716633 6.716633 6.716633 8.0241165 8.724825 7.79695 7.79695 6.716633 6.716633 6.716633 6.716633
10.922079 10.922079 10.922079 10.922079 8.808733 10.922079 10.922079 10.922079 10.922079 10.922079 18.28295 16.046171 17.17952 10.922079 10.922079 11.348407 11.016554 11.016554 11.397364 11.016554 10.470059 11.787931 11.422333 9.996979 10.922079 10.922079 6.303501 7.663629 5.2515755 5.2515755 6.7165675 6.7165675 6.7165675 8.72476 8.72476 8.72476 8.72476 6.7165666 8.72476 8.72476 8.72476 8.72476 8.72476 8.72476 8.72476 8.72476 8.72476 8.72476 8.72476 8.72476 6.7165666 6.7165666 6.7165666 7.7968874 7.7968874 7.7968864 7.7968864 6.7165666 6.7165666 6.7165666 8.72476
10.922015 10.922015 10.922015 10.922015 9.023159 10.922015 10.922015 10.922015 10.922015 10.922015 10.922015 10.922015 10.922015 10.922015 10.922015 10.922015 11.938434 11.023182 11.023182 11.023182 11.016489 10.4699955 10.565581 10.464036 10.922015 10.922015 6.3034587 8.0395 6.510227 5.382775 5.2515154 5.2515154 8.724693 8.724693 8.724693 8.724693 8.724693 8.724693 6.716502 8.724693 8.724693 8.724693 8.724693 8.724693 8.724693 8.724693 8.724693 8.724693 9.556111 8.724693 8.724693 6.716501 6.716501 7.7968254 7.7968254 7.7968254 7.7968254 6.716501 6.716501 6.716501 8.72469
10.921955 10.921955 10.921955 10.921955 8.626417 6.3034167 10.921955 10.921955 10.921955 10.921955 10.921955 10.921955 10.921955 10.921955 10.921955 10.921955 10.921955 11.938371 11.023123 11.023123 11.023123 9.996835 9.996835 10.640033 9.996835 9.996835 7.411528 6.3034167 7.495544 6.6538844 5.3827095 5.3827095 8.724626 8.724626 8.724626 8.724626 8.724626 8.724626 8.724626 8.724626 8.724626 8.724626 8.724626 8.724626 8.724626 8.724626 8.724626 8.724626 8.724626 8.724626 8.724626 6.7164345 6.7164345 6.7164345 7.796766 7.796766 7.796766 6.7164345 6.7164345 6.7164345 6.7164335
10.921888 10.921888 10.921888 10.921888 17.85241 7.4114842 10.921888 10.921888 10.921888 10.921888 10.921888 10.921888 10.921888 10.921888 10.560802 10.560802 10.921888 10.921888 10.560801 10.545188 9.99676 10.671233 10.4638815 10.737241 10.4638815 9.99676 13.786275 7.411484 7.8946543 7.574863 10.612349 9.99676 9.99676 10.537004 8.724562 8.724562 8.724562 8.724562 8.724562 8.724562 8.724561 8.724561 8.724561 8.724561 8.724561 8.724561 8.72456 8.72456 8.72456 8.72456 8.72456 6.716369 6.716369 6.716369 9.856757 9.856757 9.856756 7.7967043 6.716368 5.251391 5.251391
10.921824 10.921824 10.921824 10.921824 10.921824 7.725274 10.921824 10.921824 10.921824 10.921824 10.921824 10.921824 10.921824 10.921824 10.560738 10.560738 10.921824 10.921824 10.560738 11.418006 11.418006 10.771478 10.463807 10.463807 10.463807 10.463807 11.20662 13.786153 14.127275 10.11562 13.523993 10.463807 10.463807 11.0211935 8.724493 8.724493 8.724493 8.724493 8.724493 8.724493 8.724493 8.724493 8.724493 8.724493 8.724493 8.724493 8.724493 8.724493 8.724493 8.724493 8.724493 6.716302 6.716302 8.724493 8.724493 8.724493 9.856695 7.7966437 5.2513294 5.2513294 6.566313
10.921763 10.921763 10.921763 10.921763 10.921763 16.93404 10.921763 9.856636 9.856636 10.921763 10.921763 10.921763 10.325118 10.921763 10.921763 10.921763 10.921763 10.921763 10.921763 10.921763 10.921763 10.463732 10.463732 10.463732 10.463732 10.463732 10.597191 9.996616 11.815104 10.30843 10.945253 10.463732 10.463732 10.480675 8.724426 8.724426 8.724426 8.724426 8.724426 8.724426 8.724426 8.724426 8.724426 8.724426 8.724426 8.724426 8.724426 8.724426 9.555846 8.724426 8.724426 8.724426 8.724426 8.724426 8.724426 8.724426 9.856636 10.145311 6.2967715 6.2967715 6.3032875
10.921698 10.921698 10.921698 10.921698 10.921698 10.921698 10.921698 9.856575 9.856575 10.921698 10.921698 10.921698 10.921698 10.921698 10.921698 10.921698 10.921698 10.921698 10.921698 10.921698 10.921698 11.417871 9.996542 10.463654 9.996542 9.996542 10.627715 10.463654 9.996542 10.463654 9.996542 10.463654 10.463654 10.463654 6.7161694 6.7161694 6.7161694 8.72436 8.72436 6.7161694 8.72436 8.72436 8.72436 8.72436 8.72436 8.72436 8.72436 8.72436 8.785399 8.72436 8.72436 8.72436 8.72436 8.72436 9.856573 9.856573 9.856573 7.796522 6.131028 6.131028 6.3032455
10.9216385 10.9216385 10.9216385 10.9216385 10.9216385 10.9216385 10.9216385 10.9216385 10.9216385 10.9216385 10.9216385 10.9216385 10.9216385 10.9216385 10.9216385 10.9216385 10.9216385 10.9216385 10.9216385 10.9216385 10.9216385 10.9216385 10.9216385 9.996472 10.627643 9.996472 10.736918 10.46358 10.46358 10.46358 9.996472 10.46358 9.996472 9.996472 9.996472 6.7161036 6.7161036 6.7161036 6.7161036 8.724293 8.724293 8.724293 8.724293 8.724293 8.724293 6.7161026 8.724293 8.724293 8.724293 8.724293 8.724293 8.724293 8.724293 10.5605545 9.856512 9.856512 8.724293 6.7161026 8.724293 9.856512 10.901908
10.921572 10.921572 10.921572 11.093115 10.921572 10.921572 9.856454 9.856454 10.921572 10.921572 10.921572 10.921572 10.921572 10.921572 10.921572 10.921572 10.921572 10.921572 10.921572 10.921572 10.560495 10.560495 10.921572 10.4635 10.736833 9.996396 10.4635 10.627566 10.4635 10.4635 10.4635 10.4635 9.996396 10.627566 6.3031583 6.3031583 5.2510843 6.716036 6.716036 6.716036 6.716036 6.716036 6.716036 6.716036 6.716036 6.716036 6.716036 6.716036 8.724227 8.724227 8.724227 8.724227 9.856452 9.856452 9.856452 8.724227 8.724227 8.724227 6.716036 9.856452 9.856452
10.921507 10.921507 11.093055 11.093055 10.921507 9.856392 9.856392 9.856392 9.856392 10.921507 10.921507 10.921507 10.921507 10.921507 10.324867 10.921507 10.921507 10.921507 10.921507 10.560433 10.560433 9.627371 10.921507 10.463426 10.463426 9.996327 9.996327 10.463426 10.900823 10.463426 9.996327 10.463426 6.303116 6.303116 7.6028023 7.411224 6.2965527 8.724162 10.536681 10.536681 6.715971 6.715971 6.71597 6.71597 8.724162 6.71597 6.71597 6.71597 8.724161 8.724161 8.724161 9.85639 9.85639 8.724161 8.724161 8.724161 8.724161 8.724161 8.724161 10.921507 10.921507
10.921444 10.921444 10.921442 9.856331 9.856331 9.856331 8.724096 9.856331 9.856331 10.921442 10.921442 10.921442 10.921442 10.921442 10.324802 10.921442 10.921442 10.921442 10.921442 10.921442 10.560373 10.659477 10.921442 10.46335 10.46335 10.46335 10.46335 9.996254 10.46335 10.900745 10.46335 6.303074 7.6027637 7.4111824 7.7580585 7.632894 6.628532 8.724096 9.028933 11.020856 6.715904 6.715904 6.715904 6.715904 6.715904 6.715904 6.715904 6.715904 6.715904 8.724094 8.724094 8.724094 8.724094 8.724094 8.724094 8.724094 8.724094 8.724094 6.7159033 6.7159033 7.796278
10.921382 10.921382 10.921382 9.85627 8.724029 8.724029 8.724029 9.85627 10.921382 10.921382 10.921382 10.921382 10.921382 10.921382 10.32474 10.921382 10.921382 10.921382 10.921382 10.921382 10.560311 9.85627 10.92138 10.463276 9.9961815 9.9961815 10.463276 9.9961815 9.9961815 10.736593 6.3030305 7.602724 6.3030305 7.632848 8.0207405 10.159119 8.724027 8.724027 8.724027 9.028863 6.7158365 6.7158365 6.7158356 6.7158356 6.7158356 8.724027 6.7158356 7.7962165 7.7962165 9.856269 8.724027 8.724027 8.724027 8.724026 8.724026 8.724026 8.724026 6.7158346 6.7158346 6.7158346 6.7158346
10.921316 10.921316 10.921316 9.856211 8.723963 8.723963 8.723963 9.856211 9.856211 10.921316 10.921316 10.921316 10.921316 10.921316 10.921316 10.921316 10.921316 10.921316 10.921316 10.921316 10.921316 10.921316 9.996109 10.463199 10.463199 9.996109 10.627274 10.463199 10.463199 6.3029885 7.411096 7.6744947 7.1953697 10.159018 10.2472515 8.723963 8.723963 8.723961 6.7157717 9.856209 7.796157 6.7157717 6.7157717 6.7157717 8.723961 9.856208 7.796157 8.723961 8.723961 9.856208 9.856208 8.723961 8.723961 8.723961 8.723961 8.723961 6.7157717 9.62717 6.7157717 6.7157717 6.7157717
