Export/ASCII/RMeteo_SP_inch/speranza1/RMeteo_2015_SP4_inch.asc
ncols         660
nrows         338
xllcorner     1476100.0
yllcorner     5017100.0
cellsize      100
NODATA_value  -9.9e-20
[rows 156 to 181 of 338, columns 590 to 648 of 660]
1.2481096 1.2481096 1.2481096 0.39820194 1.2481096 1.5057218 1.2481091 0.39820123 0.39820123 0.39820075 0.39820075 0.39820075 0.39820075 0.39820075 0.39820027 0.0 0.39820027 0.39820027 0.39820027 0.3981998 0.0 0.20642424 1.2481062 1.2481062 1.2481062 1.2481062 1.2481062 1.2481062 1.248106 1.2481058 1.2481055 1.2481055 0.0 0.0 0.0 0.89523506 0.89523506 0.89523506 0.89523363 0.89523315 0.6416664 0.6416664 0.6416664 0.6416664 0.64166594 0.64166594 0.64166594 0.64166594 0.64166594 0.64166546 0.64166546 0.64166546 0.641665 0.641665 0.641665 0.6416645 0.641664 0.641664 0.64166355
1.2480865 1.2480862 1.2480855 0.39818 0.39817953 0.20638394 1.2480855 0.3981793 0.3981793 0.39817882 0.39817882 0.39817882 0.39817882 0.39817882 0.39817882 0.39817882 0.3981781 0.0 0.0 0.0 0.0 1.5057037 0.0 1.2480829 1.2480829 1.2480829 1.2480829 1.2480826 1.2480826 1.2480824 1.2480824 0.0 0.0 0.0 0.8952017 0.8952017 0.8952017 0.8952017 0.8952007 0.8952007 0.64163494 0.64163446 0.641634 0.641634 0.641634 0.641634 0.641634 0.641634 0.6416335 0.6416335 0.64163303 0.64163303 0.6416321 0.6416321 0.6416321 0.6416321 0.6416316 0.6416316 0.6416316
1.2480633 1.2480633 1.2480631 0.39815807 0.39815807 0.0 0.3981576 0.3981576 0.3981576 0.3981576 0.3981576 0.3981576 0.39815688 0.39815688 0.39815664 0.39815664 0.39815617 0.39815617 0.0 0.0 0.20148301 1.505687 0.0 1.2480595 1.2480593 1.2480593 1.248059 1.2480588 1.2480588 1.2480588 1.2480586 0.0 0.0 0.0 0.89516973 0.89516973 0.89516926 0.8951683 0.8951683 0.89516735 0.64160347 0.64160347 0.641603 0.641603 0.6416025 0.6416025 0.64160204 0.64160204 0.64160156 0.64160156 0.64160156 0.64160156 0.6416006 0.64160013 0.6415992 0.6415992 0.6415992 0.6415992 0.6415992
1.2480397 1.2480392 1.2480388 1.2480388 0.39813566 0.39813566 0.39813566 0.39813542 0.3981352 0.3981352 0.3981352 0.3981347 0.3981347 0.3981347 0.3981347 0.39813423 0.39813423 0.39813423 0.0 0.0 0.2014389 0.20143843 0.0 1.2480357 1.2480357 1.2480357 1.2480357 1.2480354 1.2480354 0.0 0.0 0.0 0.0 0.89513683 0.89513636 0.8951359 0.8951354 0.8951349 0.8951349 0.89513445 0.641572 0.6415715 0.6415715 0.6415715 0.6415715 0.6415715 0.64157104 0.64157057 0.64157057 0.6415696 0.6415696 0.6415696 0.64156914 0.64156914 0.64156866 0.64156866 0.64156866 0.64156866 0.6415682
1.2480161 1.2480161 1.2480159 0.39811373 0.3981135 0.398113 0.398113 0.398113 0.398113 0.39811254 0.39811254 0.3981123 0.3981123 0.3981123 0.3981123 0.3981123 0.3981123 0.3981123 0.0 0.0 0.0 0.2013948 1.2480128 1.2480125 1.2480125 1.2480125 1.2480123 1.2480123 1.2480123 0.0 0.20559454 0.0 0.89510584 0.89510536 0.89510536 0.89510536 0.89510536 0.89510536 0.89510393 0.89510393 0.6415405 0.6415405 0.64154005 0.64154005 0.6415396 0.6415391 0.6415391 0.6415391 0.6415386 0.6415386 0.64153767 0.64153767 0.64153767 0.64153767 0.64153767 0.64153767 0.64153767 0.64153767 0.6415372
1.247992 1.247992 0.0 0.0 0.3980918 0.3980918 0.39809108 0.39809108 0.3980906 0.3980906 0.3980906 0.3980906 0.3980906 0.3980906 0.3980906 0.3980906 0.3980906 0.3980906 0.3980906 0.0 0.0 0.20135069 0.20135021 1.2479889 1.2479885 1.2479882 1.2479882 1.2479882 1.2479882 0.0 0.89507294 0.89507294 0.89507294 0.89507294 0.89507246 0.89507246 0.89507246 0.89507246 0.895072 0.8950715 0.64150906 0.6415086 0.6415076 0.6415076 0.6415076 0.6415076 0.6415076 0.64150715 0.64150715 0.6415067 0.6415067 0.6415067 0.6415062 0.6415062 0.6415062 0.64150524 0.64150524 0.64150524 0.64150476
1.2479687 1.2479687 0.0 0.0 0.39806962 0.39806962 0.39806914 0.39806867 0.39806843 0.39806843 1.0130496 1.0130496 1.0130496 0.39806795 0.39806795 0.39806795 0.39806795 0.39806795 0.0 0.0 0.20130634 0.2013061 1.2479656 1.2479656 1.2479656 1.2479656 1.2479653 1.2479651 1.2479651 0.0 0.8950405 0.89504004 0.89504004 0.89503956 0.89503956 0.89503956 0.8950391 0.8950391 0.8950391 0.8950386 0.6414776 0.6414771 0.64147663 0.64147663 0.64147663 0.64147615 0.64147615 0.64147615 0.64147615 0.6414757 0.6414757 0.6414757 0.6414757 0.6414747 0.6414747 0.6414747 0.64147377 0.64147377 0.64147377
1.2479453 0.39804745 1.0130246 0.39804745 0.39804745 0.39804745 0.39804697 0.39804697 0.39804697 0.39804673 1.0130234 0.39804626 0.39804626 0.39804626 0.39804554 0.3980453 0.3980453 0.3980453 0.0 0.0 0.20126247 0.20126247 1.2479422 1.2479424 1.2479417 1.2479415 1.2479415 1.2479415 1.2479415 0.0 0.8950095 0.8950095 0.89500856 0.89500856 0.89500856 0.89500856 0.89500856 0.89500856 0.89500856 0.89500856 0.64144564 0.64144564 0.64144564 0.64144516 0.6414447 0.6414447 0.6414447 0.6414442 0.6414442 0.6414437 0.6414437 0.64144325 0.64144325 0.64144325 0.64144325 0.6414428 0.6414428 0.6414428 0.6414423
0.39802623 1.0129981 0.39802623 0.398026 0.398026 0.3980255 0.39802504 0.0 0.0 0.0 1.0129967 0.39802456 0.39802456 0.39802456 0.39802456 0.39802456 0.39802456 0.39802408 0.3980236 1.2479191 0.20607221 0.20607185 1.2479186 1.2479184 1.2479184 1.2479184 1.2479184 1.2479181 0.0 0.0 0.0 0.0 0.89497566 0.89497566 0.8949752 0.8949747 0.8949747 0.8949747 0.8949747 0.89497423 0.6414151 0.64141464 0.64141464 0.6414137 0.6414132 0.6414132 0.6414132 0.6414132 0.6414132 0.64141273 0.64141273 0.6414118 0.6414118 0.6414113 0.6414113 0.6414113 0.6414108 0.6414108 0.64141035
0.0 0.0 0.39800382 0.39800382 0.39800334 0.39800334 0.0 0.0 0.0 0.0 1.0129704 0.39800262 0.3980024 0.3980019 0.3980019 0.3980019 0.3980019 0.39800143 0.39800143 1.2478955 1.2478955 0.20602787 1.2478955 1.2478955 1.2478955 1.2478955 1.2478955 1.2478948 0.0 0.0 0.0 0.0 0.0 0.0 0.89494324 0.89494324 0.89494276 0.89494276 0.8949423 0.8949418 0.6413832 0.6413827 0.6413822 0.64138174 0.64138126 0.6413808 0.6413803 0.6413803 0.6413803 0.64137983 0.64137983 0.64137983 0.64137936 0.64137936 0.6413784 0.6413784 0.6413784 0.64137745 0.64137745
0.0 0.0 1.0129447 0.0 0.0 1.012944 1.012944 0.0 0.0 0.39798093 1.0129433 0.39798093 0.39798045 0.3979802 0.39797974 0.39797974 0.39797974 0.39797974 0.39797974 1.2478719 0.20598376 0.20598364 1.2478716 1.2478716 1.2478716 1.2478716 1.2478714 1.2478714 0.0 0.0 0.0 0.0 0.0 0.0 0.0 0.8949108 0.8949108 0.8949108 0.8949108 0.89491034 0.6413512 0.6413512 0.6413512 0.64135075 0.64135075 0.64135075 0.64135075 0.64135027 0.6413498 0.6413493 0.6413493 0.6413493 0.6413493 0.6413493 0.64134884 0.64134884 0.64134836 0.6413474 0.6413474
1.0129182 1.0129182 1.0129175 0.0 0.0 0.0 1.012917 0.0 0.39795852 0.39795852 0.39795852 0.39795852 0.39795804 0.39795804 0.39795804 0.3979578 0.3979578 0.3979578 0.3979578 1.247848 0.20593953 1.2478478 1.247848 1.2478478 1.2478476 1.5055385 1.5055385 1.5055385 1.5055385 0.0 0.0 0.0 0.0 0.0 0.0 0.8948784 0.8948784 0.89487743 0.89487743 0.89487743 0.64131975 0.6413193 0.6413193 0.6413188 0.6413188 0.6413183 0.6413183 0.6413183 0.64131784 0.64131784 0.64131737 0.64131737 0.64131737 0.6413164 0.64131594 0.64131546 0.641315 0.641315 0.641315
0.3979373 0.3979373 0.3979373 1.0128913 0.0 0.0 0.39793682 0.39793682 0.39793682 0.39793682 0.39793682 0.39793682 0.3979361 0.3979361 0.3979361 0.39793563 0.3979354 0.3979354 0.3979354 1.2478247 1.2478247 1.2478244 1.2478244 1.2478244 1.247824 1.247824 1.5055215 1.5055215 1.505521 0.0 0.0 0.0 0.0 0.0 0.89484787 0.8948474 0.8948474 0.8948474 0.8948474 0.8948469 0.6412873 0.64128685 0.64128685 0.64128685 0.64128685 0.6412864 0.6412864 0.6412864 0.6412864 0.6412864 0.6412864 0.6412864 0.6412859 0.6412854 0.6412854 0.6412854 0.6412854 0.6412854 0.64128494
0.39791536 0.3979149 0.3979149 1.0128651 0.0 0.0 0.39791417 0.39791417 0.39791417 0.39791417 0.39791417 0.39791393 0.39791346 0.39791346 0.39791346 0.39791346 0.39791298 0.39791298 1.2478011 1.505506 1.2478008 1.2478008 1.2478008 1.2478008 1.2478004 1.2477999 0.0 1.5055051 1.5055051 0.0 0.0 0.0 0.0 0.8948159 0.89481497 0.8948145 0.8948145 0.8948145 0.894814 0.89481306 0.64125586 0.64125586 0.6412554 0.6412554 0.6412554 0.6412554 0.6412554 0.6412554 0.6412554 0.6412544 0.6412544 0.6412544 0.6412544 0.64125395 0.6412535 0.6412525 0.6412525 0.6412525 0.6412525
0.39789295 0.39789295 0.39789295 0.39789295 0.4079547 0.39789248 0.39789248 0.39789224 0.39789224 0.39789224 0.39789224 0.39789152 0.39789152 0.39789152 0.39789152 0.39789152 0.39789152 0.39789104 1.2477779 1.2477779 1.2477775 1.2477775 1.247777 1.2477767 1.2477767 1.2477763 1.2477763 1.2477763 0.0 0.0 0.0 0.89478207 0.8947816 0.8947816 0.8947816 0.8947816 0.8947811 0.8947811 0.8947811 0.8947811 0.64122534 0.6412244 0.6412239 0.6412239 0.6412239 0.6412239 0.64122295 0.6412225 0.6412225 0.6412225 0.641222 0.6412215 0.64122105 0.64122105 0.64122105 0.64122057 0.64122057 0.64122057 0.64122057
0.39787173 0.3978715 0.3978715 0.39787126 0.39787078 0.39787078 0.0 0.0 0.3978703 0.3978703 0.3978703 0.3978703 0.3978703 0.39787006 0.39787006 0.39787006 0.3978696 0.3978696 0.3978696 1.2477539 1.2477539 1.2477529 1.2477527 1.2477527 1.2477527 0.0 1.2477524 1.2477524 0.0 0.8947511 0.8947511 0.8947506 0.8947506 0.8947506 0.8947501 0.89474964 0.89474964 0.89474916 0.8947487 0.8947487 0.6411934 0.64119244 0.64119196 0.6411915 0.6411915 0.641191 0.641191 0.641191 0.641191 0.641191 0.641191 0.6411905 0.6411905 0.6411905 0.6411905 0.64119005 0.64119005 0.64119005 0.64119005
0.39784956 0.39784956 0.39784956 0.39784884 0.39784884 0.39784884 0.0 0.0 0.0 0.39784813 0.39784813 0.39784813 0.39784813 0.39784813 0.39784813 0.39784813 0.39784813 0.39784765 0.0 0.14359689 1.5054564 1.24773 1.24773 1.2477293 1.2477293 0.0 1.2477291 0.0 0.0 0.8947196 0.8947191 0.8947191 0.8947191 0.89471865 0.89471865 0.89471865 0.89471817 0.8947177 0.8947177 0.8947177 0.64116144 0.6411605 0.6411605 0.6411605 0.6411605 0.6411605 0.6411605 0.6411605 0.64115953 0.64115953 0.64115906 0.64115906 0.6411586 0.6411586 0.6411581 0.6411581 0.6411581 0.6411576 0.6411576
0.39782715 0.39782667 1.012758 0.39782667 0.39782643 0.07867384 0.0 0.0 0.0 0.39782643 0.39782596 0.39782596 0.39782548 0.39782548 0.39782548 0.39782548 0.39782524 0.39782524 1.2477064 1.2477064 1.5054405 1.2477062 1.2477062 0.0 1.2477059 1.2477059 1.2477055 0.0 0.0 0.8946862 0.8946862 0.89468575 0.89468575 0.89468527 0.89468527 0.89468527 0.89468527 0.89468527 0.89468527 0.8946848 0.64113 0.64113 0.641129 0.64112854 0.64112806 0.64112806 0.64112806 0.64112806 0.6411276 0.6411271 0.6411271 0.6411271 0.6411271 0.6411271 0.6411271 0.6411271 0.6411271 0.6411271 0.6411271
0.39780545 0.39780498 0.0 1.012732 0.07866812 0.0 0.07866764 0.07866764 0.3978045 0.3978045 0.3978045 0.3978045 0.3978045 0.39780378 0.39780378 0.39780307 0.39780307 1.2476835 1.2476833 1.5054233 0.0 1.247683 1.2476833 0.0 1.2476828 1.2476826 1.2476819 0.0 0.0 0.89465475 0.89465475 0.89465475 0.8946538 0.8946533 0.8946533 0.8946533 0.89465284 0.89465284 0.89465237 0.89465237 0.641099 0.641099 0.641099 0.641099 0.641098 0.641098 0.641098 0.641098 0.64109755 0.64109755 0.64109707 0.64109707 0.6410961 0.6410961 0.6410961 0.6410961 0.6410961 0.6410961 0.64109564
0.39778352 0.39778328 0.0 0.0 0.0 0.0 0.078662395 0.078662395 0.078662395 0.3977821 0.39778185 1.0127034 1.0127034 0.3977816 0.3977816 0.3977816 0.39778113 1.2476592 1.5054076 1.5054076 0.0 1.247659 1.247659 1.247659 0.0 1.2476587 0.0 0.0 0.0 0.8946223 0.89462185 0.89462185 0.89462185 0.8946209 0.8946209 0.8946209 0.89461994 0.89461994 0.89461994 0.89461946 0.641067 0.64106655 0.64106655 0.64106655 0.64106655 0.64106655 0.6410656 0.6410651 0.64106464 0.64106417 0.64106417 0.64106417 0.64106417 0.64106417 0.6410637 0.6410632 0.6410632 0.6410632 0.64106274
0.07865715 0.07865715 0.0 0.0 0.0 0.0 0.07865715 0.07865715 0.07865715 0.39776015 0.3977599 1.0126765 1.0126765 0.3977599 0.39775944 0.39775944 1.2476366 0.0 1.5053906 1.2476366 1.2476363 1.2476358 1.2476358 1.2476358 1.2476351 0.0 0.0 0.0 0.0 0.8945894 0.89458895 0.89458895 0.8945885 0.8945885 0.8945885 0.894588 0.8945875 0.8945875 0.8945875 0.8945875 0.64103556 0.6410351 0.6410346 0.6410346 0.6410346 0.6410346 0.6410341 0.6410341 0.64103174 0.64103174 0.64103174 0.64103127 0.6410308 0.6410308 0.6410308 0.6410308 0.6410308 0.6410308 0.6410308
0.07865143 0.07865143 0.0 0.0 0.24 0.07865143 0.0 0.39773846 0.07865143 0.39773774 0.3977375 0.39773703 1.0126503 0.39773703 0.39773703 0.39773703 1.2476125 1.5053747 1.5053747 1.2476122 1.2476122 1.2476118 1.2476115 1.2476115 1.2476115 1.2476115 0.0 0.0 0.0 0.894557 0.894557 0.894557 0.8945565 0.89455605 0.89455605 0.89455605 0.89455605 0.89455605 0.89455557 0.8945551 0.6410041 0.6410041 0.6410036 0.6410036 0.64100266 0.64100266 0.6410022 0.6410022 0.6410022 0.6410022 0.6410017 0.6410017 0.6410017 0.6410012 0.64100075 0.64100075 0.64100075 0.6410003 0.6409993
0.07864618 0.07864618 0.0 0.0 0.078645706 0.0 0.0 0.39771676 0.39771628 0.0 0.0 0.39771628 1.0126235 0.39771605 0.39771557 0.39771557 1.2475891 1.5053582 0.0 1.2475886 1.2475886 1.2475884 1.2475884 1.2475879 1.2475879 0.0 0.0 0.0 0.0 0.8945255 0.8945255 0.8945255 0.89452505 0.89452505 0.89452505 0.89452505 0.89452505 0.89452505 0.89452505 0.89452505 0.64097214 0.6409712 0.6409712 0.6409707 0.64097023 0.64097023 0.64097023 0.64096975 0.64096975 0.64096975 0.64096975 0.64096975 0.64096975 0.64096975 0.6409688 0.6409683 0.6409683 0.6409683 0.64096785
0.07864094 0.07864094 0.07864094 0.07864094 0.07864094 0.07864094 0.39769483 0.39769435 0.39769435 0.0 0.0 0.0 0.0 0.0 0.3976934 0.3976934 1.2475655 1.2475655 1.2475655 1.2475653 1.2475653 1.2475653 1.2475648 1.2475648 0.0 0.0 0.0 0.0 0.0 0.8944917 0.8944917 0.8944912 0.8944912 0.8944912 0.8944912 0.8944912 0.8944912 0.8944907 0.8944907 0.8944907 0.64094067 0.64094067 0.6409402 0.6409397 0.64093924 0.64093924 0.64093924 0.64093876 0.6409383 0.6409383 0.6409383 0.6409383 0.6409383 0.6409378 0.6409373 0.6409373 0.64093685 0.64093685 0.64093685
0.07863474 0.07863474 0.07863474 0.07863474 0.07863474 0.07863474 0.07863474 0.39767265 0.39767265 0.39767265 0.0 0.0 0.0 0.0 0.0 0.39767098 0.39767098 1.2475417 1.2475417 1.2475414 1.2475414 1.2475414 1.2475414 1.5053248 1.5053248 1.5053246 1.5053244 0.0 0.8944607 0.8944602 0.8944597 0.8944597 0.8944597 0.8944597 0.8944597 0.89445925 0.8944588 0.8944583 0.8944583 0.8944578 0.6409092 0.6409092 0.64090824 0.64090776 0.64090776 0.64090776 0.64090776 0.64090776 0.64090776 0.64090776 0.64090776 0.6409073 0.6409073 0.6409073 0.6409068 0.64090633 0.64090586 0.64090586 0.64090586
0.07862949 0.07862949 0.07862949 0.07862949 0.07862949 0.07862949 0.07862949 0.07862949 0.39764977 1.0125442 0.0 0.0 0.0 0.0 0.3976488 0.3976488 1.2475193 1.2475183 1.2475183 1.2475183 1.2475183 1.2475181 1.2475181 1.2475178 1.5053082 1.5053082 1.5053082 0.0 0.8944273 0.8944273 0.8944273 0.8944268 0.8944268 0.8944268 0.89442635 0.89442635 0.89442635 0.89442587 0.8944254 0.8944254 0.64087677 0.64087677 0.64087677 0.64087677 0.6408763 0.6408763 0.6408758 0.6408758 0.6408758 0.6408758 0.6408758 0.6408758 0.6408758 0.64087534 0.64087534 0.64087486 0.64087486 0.6408739 0.6408739
