Export/ASCII/RMeteo_SP_inch/speranza1/RMeteo_2018_SP2_inch.asc
ncols         660
nrows         338
xllcorner     1476100.0
yllcorner     5017100.0
cellsize      100
NODATA_value  -9.9e-20
[rows 243 to 269 of 338, columns 180 to 239 of 660]
0.90547585 0.8789115 0.8789115 1.999761 1.999761 1.7487096 1.7487096 3.0557895 3.0557895 3.0557895 3.0557895 3.0557895 3.0557895 3.0557895 3.0557895 3.0557895 3.0557895 3.0557895 3.0557895 3.340048 1.999761 1.5949446 1.5949446 3.0557895 3.0557897 3.0557897 3.0557897 2.7092025 2.7092025 2.7092025 2.7092025 3.0557897 3.0557897 3.0557897 3.0557897 3.0557897 3.0557897 3.0557897 3.0557897 3.0557897 3.0557897 2.7092025 2.7092025 2.7092025 2.7092025 1.5949451 1.5448109 2.7092025 0.25975633 0.32303262 0.32285476 3.0557897 3.0557897 0.84545374 1.0125628 1.0125628 0.84545374 0.7205827 0.7205827 0.90291977
0.878896 0.878896 1.7351509 1.9997464 1.9997464 1.9997464 1.9997469 1.7486964 1.7486964 3.0557792 3.0557792 3.0557792 3.0557792 2.7091882 2.7091882 3.0557792 3.0557792 3.0557792 3.0557792 3.0557792 1.9997469 1.8332974 3.0557792 3.1476297 3.0557792 3.0557792 3.0557792 3.0557792 2.709189 3.0557792 3.0557792 3.0557792 3.0557792 3.0557792 3.0557792 3.0557792 3.0557792 3.0557792 3.0557792 3.0557792 3.0557792 3.0557792 2.709189 2.709189 2.709189 2.7762308 2.7762306 2.7091887 0.24 0.32623696 0.24 3.0557792 3.0557792 1.012548 1.012548 1.012548 0.87138414 0.7544668 0.6459856 1.0163009
0.87888026 1.7351352 1.867493 2.1350703 1.748684 1.9997331 1.9997333 1.9196976 1.7486843 1.7486843 3.055768 3.0557683 3.0557683 2.7091749 2.869089 3.0557683 3.0557683 3.0557683 3.0557683 3.0557683 3.3400245 1.9997333 3.0557683 3.0557683 3.0557683 3.0557683 3.0557683 3.0557683 3.0557683 3.0557683 3.0557683 3.0557683 3.0557683 3.0557683 3.0557683 3.0557683 3.0557683 3.0557683 3.0557683 3.0557683 3.0557683 3.0557683 3.0557683 2.7091753 2.7091753 2.0386257 2.7091753 2.7091753 0.24 0.24 0.24 0.32284856 3.0557683 1.0125322 1.0125322 0.8006718 0.8651571 0.73146105 0.8006718 1.0204895
0.878865 1.8674773 1.8674773 2.1324723 1.7486705 1.999719 1.7486705 1.8674778 1.9196821 1.999719 1.7486705 1.7486705 3.1184952 2.8690748 2.8690748 2.8690748 3.0557573 3.0557573 2.8690748 2.8690748 3.0557573 3.0557573 3.0557573 3.0557573 3.0557573 3.0557573 3.0557573 3.0557573 3.0557573 3.0557573 3.0557573 3.0557573 3.0557573 3.0557573 3.0557573 3.0557573 3.0557573 3.0557573 3.0557573 3.0557573 3.0557573 3.0557573 3.0557573 3.163227 2.7091613 2.7091613 2.7091613 2.7091613 0.21796668 0.24 0.21796668 0.3228457 3.570196 3.7753541 1.0125175 0.8454232 0.8006604 0.84937954 0.8454232 0.6915443
0.9737568 1.7486576 1.9247779 1.9997104 1.9997052 1.9997052 1.9997052 1.7486576 1.8674618 1.7486576 1.9997052 1.9997052 1.7486576 2.8690612 2.8690612 3.0557463 3.0557463 3.0557463 2.8690612 2.8690612 3.0557463 3.0557463 3.0557463 3.0557463 3.0557463 3.0557463 3.0557463 3.0557463 3.0557463 3.0557463 3.0557463 3.0557463 3.0557463 2.8690612 2.8690612 2.8690612 3.0557463 3.0557463 3.0557463 3.0557463 3.0557463 3.0557463 3.0557463 2.7091472 2.7091472 2.7091472 1.5447491 0.21796572 0.21796572 0.24 0.24 0.3230207 3.0557463 3.0557463 3.77533 1.0125008 0.84541273 0.96873426 2.2235816 2.4896638
0.87883353 0.87883353 1.9996926 2.1324415 1.7486454 1.9996926 1.7486454 1.7486454 1.9247652 1.7486454 1.7486454 1.9996926 1.9996926 1.7486454 3.0557353 3.0557353 3.0557353 3.0557353 3.0557353 3.0557353 3.0557353 3.0557353 3.0557353 3.0557356 3.0557356 3.0557356 3.0557356 3.0557356 3.0557356 3.0557356 3.0557356 3.0557356 3.0557356 2.8690479 2.8690479 2.8690479 3.0557356 3.0557356 3.0557356 3.0557356 3.0557356 3.0557356 3.0557356 2.7091343 2.7091343 1.5447332 1.5447332 0.24 0.24 0.24 0.24 0.4432691 3.0557356 3.0557356 0.800637 1.0124841 1.0124841 1.0124841 1.8674461 2.0987427
1.5447174 0.8788183 1.9996785 1.9996842 1.7486323 1.9996785 1.9996785 1.9996785 2.1324298 1.7486323 1.9996785 1.9996785 1.7486323 1.9996785 3.0557246 3.0557246 3.0557246 3.0557246 2.8690343 3.0557246 3.0557246 3.0557246 3.0557246 3.0557246 3.0557246 3.0557246 3.0557246 3.0557246 3.0557246 3.0557246 3.0557246 3.0557246 3.0557246 2.8690343 2.8690343 2.8690343 3.0557246 3.0557246 3.0557246 3.0557246 3.0557246 3.0557246 2.7091203 2.7091203 2.7091203 0.24 1.594849 0.24 0.24 0.24 0.24 0.32699513 3.0557249 3.0557249 0.84539175 1.0124702 1.0124702 2.3128138 1.9247507 1.5859841
1.5447015 2.3085058 2.2711399 1.9996647 1.9996647 1.9996647 1.9996647 1.9996647 2.1507573 1.7486194 1.9996647 2.132418 1.7486194 1.9996647 1.7486194 3.055714 3.055714 2.8690202 2.8690202 3.055714 3.055714 3.055714 3.055714 3.055714 3.055714 3.055714 3.055714 3.055714 3.055714 3.055714 3.055714 3.055714 3.055714 3.055714 3.055714 3.055714 3.055714 3.055714 3.055714 3.055714 3.055714 3.055714 2.7091067 2.7091067 2.0385618 0.24 1.5948325 1.6512171 0.24 0.24 0.24 2.8629444 3.055714 3.055714 3.7752626 1.0124536 1.0124536 1.6808058 1.9996647 1.8205613
0.8787873 0.98501134 0.8787873 0.9456749 1.9996499 1.7486061 1.7486061 1.7486061 1.9996508 1.9996508 1.7486061 2.1507401 1.7486061 1.9996499 1.7486061 1.7486061 3.0557027 3.0557027 2.8690069 2.8690069 3.0557027 3.0557027 3.0557027 3.0557027 3.0557027 3.0557027 3.0557027 3.0557027 3.0557027 3.0557027 3.0557027 3.0557027 3.0557027 3.0557027 3.0557027 3.0557027 3.0557027 3.0557027 3.0557027 2.8690069 2.8690069 0.24 0.3228314 0.3228314 0.3228314 0.24 0.24 0.2179619 0.24 0.55907536 3.0557027 3.0557027 3.0557027 3.0557027 3.0557027 3.7752397 3.7752397 1.5948173 1.6804863 1.5859584
0.8787718 0.8787718 0.8787718 0.8787718 1.999637 1.7485932 2.132394 1.7485932 1.7485932 1.999637 2.132394 1.999637 1.7485932 1.999637 2.132394 1.7485932 3.0556922 3.0556922 3.0556922 3.0556922 3.0556922 2.2702508 3.0556922 3.0556922 3.0556922 3.0556922 3.0556922 3.0556922 3.0556922 3.0556922 3.0556922 3.0556922 3.0556922 3.0556922 3.0556922 3.0556922 3.0556922 3.0556922 3.0556922 2.868993 0.24 0.24 0.3230064 0.3230064 0.3230064 0.24 0.24 0.24 0.32292628 0.49223542 3.0556922 3.0556922 3.0556922 3.0556922 3.0556922 3.0556922 3.0556922 3.147536 1.8331884 1.8205348
0.8787563 0.8787563 0.94994307 2.2710867 3.3399298 3.3399298 1.7485799 1.7485799 1.9996227 2.1349814 1.9996227 1.7485799 1.9996227 1.9996227 1.9996284 1.7485799 3.0556812 3.0556812 3.0556812 3.0556812 3.0556812 3.0556812 2.2702398 3.0556812 3.0556812 3.0556812 3.0556812 3.0556812 3.0556812 3.0556815 3.0556815 3.0556815 3.0556815 3.0556815 3.0556815 3.0556815 3.0556815 3.0556815 3.0556815 3.0556815 0.3228743 0.323241 0.44325528 0.44325528 0.44325528 0.32292342 0.24 0.3422191 0.32282567 0.44325528 1.7485803 3.0556815 3.0556815 3.0556815 3.0556815 3.0556815 3.0556815 3.0556815 3.33993 1.8205217
0.8787403 0.8787403 1.7485679 1.7485679 3.05567 3.05567 3.339918 1.9996103 1.7485679 1.7485679 2.1323712 1.7485679 1.9996103 1.7485679 1.9996103 1.9996103 3.05567 3.05567 3.05567 3.05567 3.05567 2.7090516 2.7090516 2.2702289 2.2702289 3.05567 3.05567 3.05567 3.05567 3.05567 3.05567 3.05567 3.05567 3.05567 3.05567 3.05567 3.05567 3.05567 3.05567 3.05567 0.32282233 0.43816972 0.44344744 0.32282233 0.44344744 0.32282233 0.39241385 0.99656844 0.9810457 2.5390213 1.9996103 3.05567 1.7485679 1.7485679 1.7485679 1.7485679 1.7485679 1.7485679 1.7485679 1.8205076
2.271052 2.8390586 1.7485541 1.9995955 1.7485541 3.0556593 3.3399062 3.0556593 1.9995955 1.9995955 1.9996012 1.7485541 2.1323583 1.7485541 1.9995955 1.7485541 1.7485541 3.0556595 3.0556595 2.8689523 2.8689523 2.8689523 2.8689523 2.8689523 2.2702186 3.0556595 3.0556595 3.0556595 3.0556595 3.0556595 3.0556595 3.0556595 3.0556595 3.0556595 3.0556595 3.0556595 3.0556595 3.0556595 3.0556595 0.32281947 0.32281947 0.35999998 0.35999998 0.32281947 0.44345173 0.32299733 0.32281947 0.87872577 0.87872577 2.0021238 1.7485541 1.7485541 1.9995955 1.9995955 1.9995955 1.4917189 1.7593366 1.9995955 1.7485541 1.8204955
3.365551 3.7632084 1.7485417 2.1323473 1.4917048 2.2702081 3.0556486 3.0556486 3.879229 1.7485417 1.9995822 1.9995822 2.1506505 1.7485417 2.1323473 1.7485417 1.9995822 3.0556486 3.0556486 2.868938 2.868938 2.868938 2.868938 3.1630938 2.2702081 2.2702081 3.0556486 3.0556486 3.0556488 3.0556488 3.0556488 3.0556488 3.0556488 3.0556488 3.0556488 3.0556488 3.0556488 3.0556488 3.0556488 0.32299495 0.3228166 0.39844632 0.2675755 0.32299495 0.4436296 0.44324622 0.32299495 1.7485422 1.7485422 1.9995826 1.9195207 1.9195207 1.9995826 1.9995826 1.9995826 1.9963354 1.9963354 1.7485422 1.6804069 1.8204812
3.0556374 3.0556374 3.3398824 1.9267436 1.7548531 1.7485288 3.0556376 3.0556376 3.0556376 3.0556376 2.1323357 1.7485291 1.999569 1.999569 2.1506333 1.7485296 1.9995695 1.7485296 3.0556376 3.0556376 3.1630805 3.055638 3.055638 3.1630805 3.1630805 3.1630805 3.1630805 3.055638 3.055638 3.055638 3.055638 3.055638 3.055638 0.32281423 0.32281423 0.32281423 0.32281423 0.32281423 3.055638 0.44324335 0.3229916 0.44324335 0.32536912 0.44324335 0.4439338 0.44343838 0.44324335 1.9995695 1.9995695 0.9455812 1.8673006 1.8673006 1.9995695 1.9995695 1.9995695 1.9995695 1.9995695 1.680391 1.5947214 1.521339
3.055627 3.055627 3.6121469 2.1323233 1.7485152 1.7485152 3.0556273 3.0556273 3.0556273 3.0556273 3.49332 1.7485152 2.1323233 1.7485152 1.9995543 1.7485152 1.9995543 1.9995543 3.0556273 3.0556273 3.1630666 3.0556273 3.0556273 3.1630666 3.0556273 3.0556273 3.0556273 3.1630666 0.3228109 3.0556273 0.3228109 0.3228109 0.3228109 0.3228109 0.32316852 0.32298875 0.32298875 0.32298875 0.3228109 0.44343504 0.44324002 0.44383177 0.44324002 0.35999998 0.44345364 0.44344315 0.44343504 1.9995543 1.9995543 0.87867856 0.92903495 0.92903495 0.945565 1.9995543 1.7485152 2.1323233 1.9995543 1.5947052 1.5947052 1.4330491
3.055616 3.055616 3.055616 3.6158445 1.7485024 1.9995404 1.7485024 3.055616 3.055616 2.9245033 2.868897 3.339859 3.2675228 1.544562 1.6836337 1.7485024 1.9995404 1.9995404 1.7485024 3.055616 3.055616 3.055616 3.055616 3.055616 3.055616 3.055616 3.055616 3.1630533 0.5590067 0.3228085 0.3228085 0.5725231 0.32298636 0.32298636 0.44323763 0.44323763 0.44323763 0.44323763 0.32298636 0.4434403 0.44343266 0.44344744 0.35999998 0.266577 0.44345078 0.3228085 0.44364342 1.9995409 0.9455497 0.8786633 0.8786633 0.8786633 0.8786633 1.9995409 1.9995409 2.5261033 1.9995409 1.5946895 1.5445622 1.4330345
3.0556052 3.0556052 3.0556052 3.0556052 1.7484905 2.134894 1.7484905 3.0556052 3.0556052 2.8688827 2.8688827 2.8688827 2.8688827 1.8002473 1.6648499 1.7484905 1.7484905 1.7484905 1.7484905 3.0556052 3.0556052 3.1630406 3.0556052 3.0556052 3.0556052 3.0556052 3.0556052 3.0556052 3.0556052 0.32280517 0.32280517 0.5626925 0.54422426 0.32280517 0.32280517 0.32280517 0.32280517 0.32280517 0.32280517 0.32280517 0.44343695 0.32280517 0.21795285 0.21795285 0.32280517 0.32280517 1.7484905 1.999528 0.8786478 0.8786478 0.8786478 0.8786478 1.544547 1.999528 1.8589739 1.8589739 1.544547 1.544547 1.594674 1.3877088
3.0555944 3.0555944 3.0555944 3.3398356 1.7484773 2.1322958 1.7484773 1.7484773 3.0555947 3.0555947 2.8688698 1.734887 2.8688698 3.0334482 3.0555947 1.999514 1.999514 1.999514 1.999514 3.0555947 3.1630275 3.1630275 3.0555947 3.0555947 3.0555947 3.0555947 3.0555947 3.0555947 3.0555947 0.32298017 0.32298017 0.45549092 0.41078877 0.24 0.3228023 0.32298017 0.3228023 0.32315993 0.32298017 0.32298017 0.44343457 0.32298017 0.3228023 0.3228023 0.32298017 0.32298017 1.999514 1.999514 1.7484773 1.7484773 1.7484773 1.7484773 1.5946578 1.6803273 2.5062919 2.5062919 1.5946578 1.5946578 1.5946578 1.433004
3.0555837 3.0555837 3.0555837 3.6158068 1.7484642 1.9995047 1.9994999 1.9994999 1.7484642 2.8688555 2.8688555 3.033433 2.8688555 3.0555837 3.0555837 3.923073 1.7484642 1.9994999 1.9994999 1.7484642 3.1630144 3.1630144 3.0555837 3.0555837 3.0555837 3.0555837 3.1183145 3.1183145 3.0555837 0.44322857 0.44322857 0.4436024 0.35999998 0.24 0.24 0.44322857 0.3229773 0.44322857 0.46765265 0.8023448 0.4434422 0.44322857 0.3607304 0.3607304 0.44322857 0.44322857 1.9994999 1.9994999 1.9994999 1.9994999 1.9994999 1.9994999 1.544516 1.5946423 2.5432882 1.690219 1.5946423 1.5946423 1.5946423 1.4329888
3.0555723 3.0555723 3.0555725 3.0555725 1.7484509 2.1322646 1.7484509 1.9994861 1.7484509 1.7484509 1.7484509 3.1183105 3.0555725 3.0555725 3.0555725 3.0555725 3.0555725 1.9994866 1.9994866 1.9994866 3.0555725 3.0555725 3.1630008 3.1630008 3.0555725 3.0555725 3.118304 3.118304 3.0555725 3.784508 0.32279706 0.44363245 0.26670194 0.24 0.24 0.32279706 0.35999998 0.3602384 0.8185358 0.6680149 0.81823015 0.35999998 0.4432262 0.4432262 0.44342074 0.32279706 1.9994866 1.7484514 1.9994866 1.7484514 1.9994866 1.9994866 1.833038 1.5946258 1.5445002 1.5946258 1.5946258 1.5946258 1.5946258 1.432973
3.055562 3.055562 3.055562 3.6157815 2.1505075 1.748438 1.748438 1.9994723 2.1348462 1.748438 1.9994723 3.055562 3.0555625 3.0555625 3.0555625 3.0555625 3.0555625 3.3398008 1.9994725 1.9994725 3.0555625 3.162987 2.7089148 2.7089148 2.038383 2.7089148 2.7089148 3.1182938 3.0555623 3.1629872 0.5589638 0.5167421 0.2442572 0.24188207 0.24 0.32297158 0.26656222 0.26699853 0.94583046 0.7868576 0.92405903 0.35999998 0.44342265 0.32279372 0.44362578 0.32297158 1.9994725 1.9994725 1.9994725 1.9994725 1.9994725 1.9994725 1.9994725 1.8330244 1.5946096 1.5946096 1.5946096 2.7759447 2.7759447 1.4329575
2.868815 2.868815 3.0555513 2.8688154 2.1322408 1.7484246 1.999458 1.9994584 2.132247 1.7484251 1.9994584 2.8688154 2.8688154 3.0555518 3.0555518 3.0555518 2.0383706 2.0383706 0.9454553 1.9994584 1.544469 2.7089014 2.7089014 2.7089014 2.7089014 2.7089014 2.7089014 2.7089014 3.1629748 3.1629748 0.77700114 0.54418373 0.24600671 0.32321572 0.32321572 0.54418373 0.71115243 0.714795 0.563816 0.56321996 0.5637812 0.44370875 0.44342312 0.3229692 0.5154785 0.32279086 1.9193765 1.9193765 1.9994584 1.9994584 1.9994584 1.9994584 1.9994584 1.9994584 1.5945944 1.5945944 2.775931 2.7089014 2.8688154 2.5978951
2.8688009 2.8688009 3.0555406 3.1024454 1.748413 1.748413 2.13223 1.748413 1.999451 1.9994458 1.9994458 2.8688009 2.8688009 3.0555406 3.0555406 3.0555406 2.0383573 2.0383573 2.0383573 0.9454398 1.6367468 2.7088869 2.7088869 1.544454 2.7088869 2.7088869 3.1629603 3.1629603 3.1629603 3.1629603 3.0555406 0.65699255 0.54417515 0.4432176 0.4380567 0.65699255 0.9071237 0.9071237 0.44378552 0.44378552 0.44378552 0.44361433 0.44341978 0.4432176 0.44391093 2.1347568 1.8671566 1.8671566 1.9994458 1.9994458 1.9994458 1.9193605 1.9193605 1.9994458 1.8329977 1.5945786 2.038358 2.038358 3.0555408 2.8523633
2.7088737 2.8687873 3.055529 3.6157432 1.7483994 1.9994313 2.150454 1.7483994 2.1322174 1.7483994 1.9994313 1.7483994 3.055529 3.055529 3.055529 3.055529 2.0383449 2.0383449 2.038345 0.87853813 0.9190781 1.544438 2.7088737 2.7759018 2.7088737 2.7088737 3.162948 3.162948 3.162948 3.162948 3.0555298 4.148444 0.656984 0.71562636 0.69064724 0.8096416 0.9295565 0.9296342 0.4436086 0.4436086 0.4436086 0.44345936 0.4434274 0.44340882 0.35999998 0.24 1.9245054 1.9245056 1.9994315 1.7483996 1.9193441 1.8671404 1.8671404 1.7483996 1.9994315 1.5945622 1.5444385 2.0383449 3.0555298 2.8523533
2.7088594 3.0555186 3.0555186 3.0555186 1.748386 2.1322055 1.748386 1.999417 2.1504354 1.748386 2.1322055 1.748386 1.748386 3.0555189 3.0555189 2.0383322 2.0383322 2.0383322 0.8785229 0.8785229 0.8785229 0.90508175 2.70886 2.70886 3.0555189 3.0555189 3.0555189 3.1629345 3.1629345 3.1629345 3.0555189 3.0555189 0.5590695 0.5691952 0.80932117 0.9030359 0.66791666 1.1067541 0.44342837 0.44341454 0.44342455 0.44342455 0.32278275 0.32278275 0.24 0.24 1.748386 1.748386 2.1322055 1.748386 1.748386 1.7347783 1.9244915 1.999417 1.999417 1.748386 1.594546 1.5444225 3.055519 2.852344
2.7088456 2.7088456 3.0555081 3.0555081 3.3397417 2.1504178 1.7483732 2.1321936 1.7483732 1.9994036 2.1504178 1.7483732 1.9994036 3.0555084 3.0555084 2.0383196 2.0383196 2.0383196 2.0383196 2.0383196 0.8785074 0.8785074 3.0555086 3.0555086 3.0555086 3.0555086 3.0555086 3.0555086 3.1629207 3.1629207 3.0555086 3.0555086 0.44367537 0.44351324 0.563672 0.9066074 0.4430641 0.7146994 0.4434217 0.4434217 0.4434217 0.4434217 0.24 0.24 0.32282758 0.24 1.999405 1.999405 2.1504192 1.7483746 1.999405 1.9244791 1.999405 1.999405 1.999405 1.999405 1.8329569 1.59453 2.7088466 2.8523345
