Export/ASCII/RMeteo_SP_inch/speranza1/RMeteo_2014_SP3_inch.asc
ncols         660
nrows         338
xllcorner     1476100.0
yllcorner     5017100.0
cellsize      100
NODATA_value  -9.9e-20
[rows 0 to 34 of 338, columns 316 to 394 of 660]
1.6278963 0.0 0.0 0.0 0.0 0.0 0.70218396 0.70218396 0.0 0.0 0.0 0.0 0.31670237 0.0 0.0 0.53120446 0.53120446 0.0 0.3167019 0.3167019 1.7349994 1.7349994 3.3649168 3.3649168 1.7349994 1.7349994 1.7349994 1.7349994 0.3167019 0.3167019 1.5795859 1.5795859 1.5795859 1.5795859 0.3167019 0.3167019 0.3167019 0.3167019 0.3167019 0.3167019 0.3167019 3.1586194 1.5795859 1.5795859 0.3167014 1.5795859 1.5795859 1.6599113 1.5795859 1.5795859 1.5795859 3.1959877 4.466193 1.7349986 1.7349986 0.31670117 3.1959877 3.1959877 1.3036218 1.3036218 1.3036218 1.3036218 3.780338 2.5902956 2.5902956 3.780338 3.1959877 3.1959877 3.1959877 3.1959877 2.12392 1.5795857 3.1959872 1.734998 0.3167007 1.6599103 1.5795852 1.5795852 1.5795852
0.88154984 0.0 0.702173 0.702173 0.0 0.0 0.0 0.0 0.0 0.0 0.0 0.0 0.0 0.0 0.0 0.0 0.0 0.0 0.31669354 0.31669354 0.31669354 1.7349904 1.3036118 1.7349902 1.7349902 1.7349902 1.7349902 0.31669307 0.31669307 0.31669307 1.6599032 1.6599032 3.195979 1.579578 1.6599032 1.579578 1.579578 0.31669307 0.31669307 0.31669307 0.31669307 1.579578 1.579578 1.579578 2.12391 0.31669307 1.579578 1.579578 3.1959786 3.287284 1.6599029 3.1959786 1.3036106 1.7349899 0.31669307 0.31669307 1.7349899 1.7349899 1.3036106 3.1959786 3.1959782 1.7349899 1.7349899 0.31669307 1.9391638 3.195978 3.195978 3.5633786 3.5633786 3.5633786 3.7985265 0.61683047 3.195978 3.195978 2.1239095 1.5795771 1.5795771 1.6599022 1.6599022
0.78871155 0.0 0.0 0.0 0.0 0.0 0.0 0.0 0.0 0.0 0.0 0.0 0.0 0.0 0.0 0.0 0.0 0.0 0.0 0.0 1.7349802 1.7349802 1.7349802 1.7349802 1.7349802 1.7349802 1.7349802 0.31668377 0.31668377 0.31668377 1.5795695 1.8157815 3.195969 3.195969 3.195969 1.8157815 0.34332895 0.31668377 0.31668377 0.31668377 0.31668377 0.34332895 0.34332895 1.5795695 2.338789 0.31668377 1.6598939 1.6598939 3.1959689 3.5063322 1.5795695 3.1959689 0.36265945 3.1959689 3.1959689 1.7349799 1.7349799 1.7349799 1.3036003 3.1959689 3.1959689 1.7349799 0.31668377 0.31668377 0.31668377 3.1959684 3.1959684 3.563369 3.563369 3.563369 1.7349797 1.7366005 1.7349797 1.7349797 2.3387885 3.2872727 3.2872727 3.2872727 1.6598934
1.6565926 0.0 0.0 0.0 0.0 0.0 0.0 0.0 0.0 0.0 0.0 0.0 0.0 0.70240164 0.70215034 0.0 0.0 3.1959605 3.1959605 3.1959605 3.1959605 1.3035905 1.7349712 1.734971 1.734971 1.734971 1.734971 2.5902655 2.5902655 2.5902655 0.34332013 1.6598848 3.1959605 3.19596 3.19596 4.796086 0.31667542 0.31667542 0.31667542 0.31667542 0.31667542 0.31667542 0.31667495 3.2872615 3.3891792 1.5795614 3.2872615 1.7575393 3.19596 3.19596 3.19596 3.19596 3.19596 3.19596 3.19596 1.7349708 1.7349708 3.7803068 3.7803068 1.7349707 1.7349707 1.7349706 0.3166747 0.3166747 0.3166747 1.7349706 1.7349706 1.7349706 3.7803068 3.5633597 3.5633593 3.5633593 3.5633593 3.5633593 3.7985063 3.5633593 3.5633593 3.1959589 3.2872608
0.15676785 0.0 0.0 0.0 0.0 0.0 0.0 0.0 0.0 0.0 0.0 0.70239043 0.70239043 0.70213914 0.70213914 0.0 0.0 0.0 3.1959505 3.1959505 3.1959505 3.1959505 1.7349617 1.7349617 1.7349617 1.7349617 1.7349617 1.7349617 1.824741 0.31666708 0.36135197 0.34331083 3.1959505 3.1959505 3.1959505 1.7349616 3.1959505 0.3166666 0.3166666 0.3166666 0.3166666 0.3166666 0.3166666 1.7349614 1.7349614 3.2872496 1.7349614 1.7349614 1.7349614 1.3035793 1.3035793 1.3035791 1.3035791 3.1959496 3.1959496 1.7349613 1.7349613 1.3035789 3.7802973 1.7349612 1.7349612 1.7349612 1.7349612 1.734961 1.734961 0.3166666 0.3166666 0.3166666 3.7802973 3.5633497 3.5633497 3.5633497 3.5633497 3.5633497 3.5633492 3.5633492 4.466142 3.195949 3.195949
0.0 0.0 0.0 0.0 0.0 0.0 0.0 0.0 0.0 0.0 0.0 0.0 0.0 0.0 0.70224047 0.0 0.0 0.0 3.195941 1.5795456 1.5795456 1.5795456 1.5795456 3.195941 1.7349524 1.7349524 1.7349524 1.7349524 1.7349524 0.31665802 0.31665802 1.5795454 3.1959407 1.7349524 1.7349524 1.7349522 1.5795454 0.31665778 0.31665778 0.31665778 0.31665778 1.5795451 0.31665778 1.7349522 1.734952 1.734952 1.734952 1.3035691 1.3035691 1.3035691 1.3035691 1.3035691 1.3035691 1.734952 1.734952 1.734952 1.734952 3.1959403 3.1959403 3.1959403 1.734952 1.734952 1.734952 1.734952 1.734952 2.5902436 3.780287 3.780287 3.780287 1.734952 1.734952 3.5633402 3.5633402 3.5633402 3.1959403 3.1959403 3.1959403 3.1959403 3.1959403
0.0 0.0 0.0 0.0 0.0 0.0 0.0 0.0 0.0 0.0 0.0 0.0 1.579538 0.0 0.0 0.0 0.0 3.1959324 3.195932 1.579538 1.5795377 1.6598564 1.6598564 3.287228 3.1959314 3.1959314 3.1959314 3.780278 3.1959314 1.734943 1.734943 3.287228 1.734943 1.734943 1.734943 3.1959314 1.6598564 1.5795377 1.5795377 0.3166492 0.3166492 2.2394512 3.5633311 1.7349428 1.7349428 1.7349428 3.5633311 3.5633311 1.3035581 1.7349427 1.7349427 1.7349426 1.7349426 2.0938306 1.7349426 1.7349426 1.7349426 3.1959312 3.1959312 3.1959312 1.3035579 1.3035574 1.3035574 3.780277 3.780277 3.827142 3.563331 3.5633307 3.5633307 3.5633307 1.7349421 1.7349421 3.5633307 1.734942 3.1959305 4.306094 1.5795373 1.579537 1.579537
0.0 0.0 0.0 0.0 0.0 0.0 0.0 0.5558765 0.0 0.0 0.0 0.0 0.0 0.0 0.0 0.0 0.0 1.7349341 0.31664085 0.31664085 1.6598469 1.6598469 1.8157331 1.5795294 3.1959221 1.3035483 3.780267 3.780267 3.780267 1.3035481 3.1959221 3.1959221 1.7349341 1.7349341 3.1959221 3.1959221 3.2872171 3.2872171 1.4475877 1.7349336 3.1959214 3.3891392 3.1959214 3.1959214 3.1959214 3.1959214 3.1959214 1.3035476 1.7349334 1.7349334 1.7349334 1.7349334 0.31664038 1.7349334 1.7349334 1.7349334 1.7349334 3.5633216 1.7349334 0.31664038 1.3035474 4.466105 4.466105 1.3035471 1.3035471 3.5633216 1.7349333 1.7349333 3.5633216 3.7252984 3.5633216 1.7349333 3.5633216 3.5633216 3.1959214 3.1959214 1.5795292 3.2872162 3.2872162
0.0 0.0 0.0 0.0 0.0 0.0 0.53108954 0.55586123 0.0 0.0 0.0 0.0 0.0 0.0 0.0 1.7349247 1.7349247 0.3166325 0.3166325 0.3166325 1.5795218 1.6598378 1.5795218 3.287206 3.287206 3.1959126 1.3035371 3.780257 1.3035371 1.3035371 3.1959126 1.5795215 1.5795215 0.3166325 1.5795215 1.5795215 1.5795215 3.1959124 3.1959124 1.3035364 3.1959124 3.1959124 3.1959124 3.1959124 1.5795213 3.1959124 3.1959124 3.7802558 3.7802558 1.7349242 1.7349242 1.7349242 1.7349242 1.7349242 1.7349242 1.7349242 1.7349242 0.36260223 1.5795213 1.5795213 1.5795213 4.466093 1.7349242 1.7349242 1.3035362 3.5633118 3.5633118 1.7349241 3.3647695 3.3647695 1.3035362 3.1959114 3.5633116 3.5633116 3.5633116 3.1959114 3.2872047 3.1959114 3.1959114
0.0 0.0 0.0 0.0 0.0 0.0 0.5558469 0.53107715 0.0 0.0 0.0 0.0 1.5795139 0.0 0.0 1.7349155 1.7349155 0.3166232 0.3166232 0.3166232 1.5795139 1.5795137 1.5795137 1.6598285 1.5795137 1.5795137 3.1959038 3.1959038 1.3035264 3.1959038 3.1959038 3.1959038 3.2871952 1.7349154 3.1959035 1.6598281 1.5795137 3.1959035 3.1959035 1.3035262 3.1959035 1.5795134 3.1959035 3.195903 1.6598278 1.5795132 3.195903 3.7802467 2.5902019 5.865369 1.7349149 1.7349149 1.7349149 1.7349149 1.7349149 1.7349148 1.7349148 1.579513 3.478931 1.6598276 1.6598276 1.7349144 1.7349144 3.1959016 3.1959016 3.5633025 3.5633025 3.5633025 1.3035262 1.3035262 1.3035262 3.1959016 1.3035262 3.563302 4.0240602 3.1959016 3.1959016 3.1959016 3.1959016
0.0 0.0 0.0 0.0 0.0 0.0 0.0 0.53106284 0.5558326 0.70207286 0.70207286 0.0 1.659819 1.5795056 0.0 4.4660683 3.1958938 1.5795056 1.5795056 1.5795056 1.5795056 1.5795056 1.8157045 1.5795053 1.6598188 1.5795053 1.6598188 1.5795053 3.1958938 1.7349058 3.1958933 3.1958933 3.1958933 1.7349058 1.7349057 1.5795053 1.6598188 1.5795053 3.1958933 3.1958933 3.1958933 1.6598188 1.5795053 0.31661463 0.343256 1.5795053 3.1958933 3.1958933 3.4123797 3.1958933 3.1958933 3.1958933 1.7349055 1.7349055 1.7349055 1.7349051 2.229395 1.5795051 0.32327318 3.158478 1.5795051 3.158478 3.1958928 3.1958928 3.1958928 3.563293 3.563293 3.563293 1.3035157 1.3035157 1.3035157 1.3035157 1.3035157 1.3035157 1.3035157 3.1958928 3.1958928 1.7349048 1.7349046
0.0 0.0 0.0 0.0 0.0 0.0 0.0 0.5558188 0.531049 0.5558188 0.54262567 0.0 1.5794982 1.5794982 0.0 1.734897 1.734897 1.6598102 1.5794982 1.6598102 1.6598102 1.9174727 1.5794982 1.6598102 1.8156947 1.6598102 1.6598102 1.6598102 1.5794982 1.5794982 1.5794982 3.195884 3.195884 1.7348967 1.7348967 0.34324718 1.6598102 1.6598102 1.5794982 1.5794982 1.5794982 1.6598102 1.6598102 0.3166058 0.3166058 0.34324718 0.3166058 3.195884 3.195884 1.5794979 1.5794979 3.1958838 3.1958838 3.1958838 3.1958838 3.1958838 3.1958838 1.3035052 3.1584654 3.1584654 3.4789102 1.5794977 1.3035052 1.3035052 3.563284 3.563284 1.303505 1.303505 1.303505 1.3035047 1.3035047 1.3035047 1.3035047 1.3035047 3.1958838 3.1958838 3.1958838 3.1958838 0.31660557
0.26365066 0.0 0.0 0.0 0.0 0.0 0.0 0.55580354 0.5310347 0.55580354 0.55580354 0.0 0.0 0.0 0.0 0.0 0.31659746 1.5794894 1.6597999 1.8156849 1.5794894 1.5794894 1.8156849 1.5794894 1.5794891 1.8156847 1.6597997 1.6597997 1.6597997 1.6597997 1.5794891 3.2871609 3.1958747 1.7348871 1.7348871 0.31659746 1.6597997 1.6597997 0.34323788 0.34323788 1.6597997 1.6597997 1.6597997 0.31659746 0.31659746 0.31659746 0.31659746 1.5794891 1.5794891 1.5794891 1.6597997 3.1958747 3.1958747 3.1958747 3.1958747 3.1958747 3.1958747 1.3034947 3.1958742 1.5794891 4.4726925 3.676857 3.563274 4.4660435 1.3034945 1.3034942 1.3034942 1.3034942 1.3034942 1.303494 1.303494 1.303494 1.303494 3.1958737 3.1958737 1.5794886 1.5794886 3.1958737 1.734886
0.0 0.0 0.0 0.0 0.0 0.0 0.0 0.0 0.0 0.0 0.0 0.0 0.0 0.0 0.0 0.0 0.0 0.0 0.52655387 0.31993246 0.37066913 0.52655387 0.31993246 0.37066913 1.2770722 1.3620726 1.2770722 0.31993246 0.37066913 0.37066913 0.37066913 1.2770722 1.2770722 0.46796775 0.46796775 0.0 0.0 0.0 0.0 0.0 0.0 0.0 0.37066913 0.0 0.0 0.31993198 0.0 0.0 0.0 1.3620726 0.37066913 0.31993198 0.47912478 1.2770722 1.2770722 1.2770722 1.2770722 0.0 0.0 0.37066865 1.4712455 1.4712455 1.4712455 0.4679669 1.4712455 1.4712455 0.0 0.0 0.0 0.0 0.0 0.0 1.277072 1.277072 1.277072 1.3620721 0.3706684 1.277072 1.277072
0.0 0.0 0.0 0.0 0.0 0.0 0.0 0.0 0.0 0.0 0.0 0.0 0.0 0.31992722 0.0 0.0 0.0 0.0 0.0 0.31992722 0.31992722 0.31992722 0.31992722 0.31992722 1.2770677 1.634124 1.634124 0.0 0.31992722 0.31992722 0.31992722 0.31992722 0.31992722 0.46796298 0.0 0.0 0.0 0.0 0.0 0.0 0.0 0.0 0.31992722 0.31992722 0.31992722 0.0 0.46796274 0.46796274 0.46796274 1.2770672 0.31992722 0.31992722 0.31992722 0.31992722 1.2770672 0.0 0.0 0.0 0.0 0.31992722 0.46796274 0.46796274 0.46796274 0.46796274 1.4712406 0.46796274 0.0 0.0 0.0 0.0 0.0 1.2770672 1.2770672 1.2770672 1.2770672 1.277067 0.31992698 0.31992698 1.277067
0.0 0.0 0.0 0.0 0.0 0.0 0.0 0.0 0.0 0.0 0.0 0.0 0.0 0.0 0.0 0.0 0.0 0.0 0.0 0.3199222 0.3199222 0.3199222 0.3199222 0.3199222 1.2770627 1.2770627 1.2770627 1.6341181 1.0856931 0.3199222 0.3199222 0.3199222 0.3199222 0.0 0.0 0.0 0.0 0.0 0.0 0.0 0.0 0.0 0.0 0.0 0.0 0.0 0.46795833 0.46795833 1.2770625 1.2770625 0.31992197 0.31992197 0.31992197 0.31992197 1.2770625 0.46795833 0.46795833 0.0 0.46795833 0.0 0.46795833 0.46795833 0.46795833 0.46795833 0.46795833 0.46795833 0.0 0.0 0.0 0.0 0.0 1.2770623 0.31992197 1.2770623 1.2770623 0.4679581 0.4679581 0.0 0.31992173
0.0 0.0 0.0 0.0 0.0 0.0 0.0 0.0 0.0 0.0 0.0 0.0 0.0 0.0 0.3199172 0.3199172 0.3199172 0.3199172 0.3199172 0.3199172 0.3199172 0.3199172 0.3199172 0.3199172 0.3199172 1.2770581 1.2770581 1.2770581 1.2770581 1.0856869 1.2770581 1.2770581 1.2770581 0.0 0.0 0.0 0.0 0.0 0.0 0.0 0.0 0.31991696 0.0 0.0 0.0 0.0 0.46795344 1.4550643 1.7541885 1.2770578 1.2770578 1.2770578 1.2770578 1.2770578 1.2770578 0.46795344 0.46795344 0.0 0.46795344 0.46795344 1.4712306 1.4712306 0.46795332 0.46795332 0.0 0.46795332 0.0 0.0 0.46795332 0.46795332 1.2770575 1.2770575 0.319916 1.2770575 1.2770575 0.46795332 0.90164185 0.0 0.0
0.0 0.0 0.0 0.0 0.0 0.0 0.0 0.0 0.0 0.0 0.0 0.0 0.0 0.0 0.0 0.0 0.31991172 0.31991172 0.31991172 0.31991172 0.31991172 0.31991172 0.31991172 0.31991172 0.31991172 0.31991172 1.2770529 1.2770529 1.2770529 1.2770529 1.2770529 1.2770529 1.2770526 1.2770526 0.31991172 0.0 0.0 0.0 0.0 0.0 0.0 0.0 0.31991172 1.2770526 1.2770526 0.0 1.2770526 1.2770526 1.4550571 1.2770525 1.2770525 0.0 0.0 0.0 0.46794915 0.46794915 0.46794915 0.46794915 0.46794915 0.0 0.69379973 0.69379973 1.4712257 0.46794915 0.46794915 0.46794915 0.0 0.0 0.46794915 0.0 1.2770524 1.2770524 0.31991172 0.31991172 0.31991172 0.31991172 0.0 0.0 0.0
0.0 0.0 0.0 0.0 0.0 0.0 0.0 0.0 0.040836334 0.0 0.0 0.0 0.0 0.0 0.0 0.0 0.3199072 0.3199072 1.2770485 1.2770485 1.2770485 0.3199072 0.3199067 0.3199067 0.3199067 0.3199067 0.3199067 0.3199067 0.3199067 1.2770485 1.2770482 1.2770482 1.2770482 1.2770482 0.3199067 0.0 0.0 0.0 0.0 0.0 0.0 0.0 0.0 0.46794462 1.2770482 0.3199067 0.3199067 1.2770482 1.4550493 1.4712211 1.2770482 0.0 0.0 0.0 0.0 0.46794462 0.46794462 0.46794462 0.46794462 0.0 0.0 1.4712209 1.4712209 0.46794438 0.0 0.0 1.2770478 1.2770478 1.2770478 0.0 0.3199067 0.3199067 0.3199067 0.3199067 0.3199067 0.3199067 0.3199067 0.3199067 0.3199067
0.0 0.0 0.0 0.0 0.0 0.0 0.0 0.0 0.040719986 0.0 0.0 0.0 0.0 0.0 0.0 0.0 0.31990194 0.31990194 1.2770432 1.2770432 1.2770432 1.2770432 0.31990194 0.31990194 0.31990194 0.31990218 0.31990218 0.31990218 1.2770432 1.2770432 1.2770432 0.31990218 0.31990218 0.31990218 0.31990218 0.0 0.0 0.0 0.0 0.0 0.0 0.0 0.0 0.4679401 1.277043 0.31990194 0.31990194 1.2770432 1.2770432 0.21302962 0.0 0.0 0.0 0.0 0.0 0.46793985 0.46793985 0.46793985 0.46793985 0.0 0.3199017 1.2770432 1.2770432 0.46793985 0.0 0.0 1.277043 1.277043 1.277043 0.0 0.0 0.31990123 0.31990123 0.31990123 0.31990123 0.31990123 0.31990123 0.31990123 0.31990123
0.0 0.0 0.0 0.0 0.0 0.03896475 0.0411973 0.03896475 0.03896475 0.0 0.0 0.0 0.0 0.0 0.0 0.0 1.2770386 1.2770386 1.2770386 1.2770385 1.2770385 1.2770385 0.3198974 0.0 0.6937854 0.3198974 1.2770385 1.2770385 1.2770385 1.2770385 0.3198974 0.3198974 0.3198974 0.3198974 0.3198974 0.3198974 0.3198974 0.0 0.0 0.0 0.0 0.0 0.0 0.0 1.2770383 0.3198974 0.3198974 0.3198974 1.2770383 0.0 0.0 0.0 0.46793532 0.46793532 0.46793532 0.46793532 0.0 0.0 0.0 0.0 1.2770383 1.2770383 1.2770383 0.4679352 0.0 0.0 1.2770381 1.2770381 1.2770381 1.2770381 0.31989694 0.31989694 0.3198967 0.3198967 0.3198967 0.31989646 0.31989646 0.31989646 0.31989646
0.0 0.0 0.0 0.0 0.0 0.03895855 0.041190147 0.04050541 0.03895855 0.0 0.0 0.0 0.0 0.0 0.0 0.0 1.2770334 1.2770334 1.2770334 1.2770334 1.2770334 1.2770334 0.31989217 0.69377995 1.4712065 0.4679309 1.2770334 1.2770334 0.31989217 0.31989217 0.31989217 0.31989217 0.31989217 0.31989217 0.31989217 0.31989217 0.31989217 0.0 0.0 0.0 0.0 0.0 0.0 0.0 1.2770334 1.2770334 0.31989217 0.31989217 1.2770333 1.4550285 0.0 0.0 0.0 0.4679308 0.4679308 0.4679308 0.4679308 0.4679308 1.2770333 1.2770333 1.2770333 1.2770333 1.4550285 0.0 0.0 0.0 0.0 1.2770333 1.2770333 1.2770333 0.31989145 0.31989145 0.31989145 0.31989145 0.31989145 0.31989145 0.31989145 0.31989145 0.31989145
0.0 0.0 0.0 0.038951397 0.04118347 0.0 0.0 0.0 0.038951397 0.0 0.0 0.0 0.0 0.0 0.0 0.0 0.4679265 1.2770292 1.2770292 1.2770292 1.2770292 1.2770292 0.31988692 0.31988692 0.4679265 0.4679265 1.6340747 1.2770289 0.31988692 0.31988692 0.31988692 0.31988692 0.31988692 0.31988692 0.31988692 0.31988668 0.31988668 0.0 0.46792638 0.46792638 0.46792638 0.46792638 0.46792638 0.0 1.2770289 1.2770289 1.2770284 1.2770284 1.2770283 1.4550216 1.4712017 1.4712017 0.0 0.0 0.46792638 0.46792626 0.9741498 0.46792626 1.2770283 1.2770281 1.4712012 1.4712012 0.46792626 0.0 0.0 0.0 0.0 1.2770281 1.2770281 1.2770281 0.31988668 0.31988668 0.31988668 0.31988668 0.31988645 0.31988645 0.31988645 0.31988645 0.0
0.0 0.0 0.0 0.0 0.0 0.0 0.0 0.0 0.0 0.0 0.0 0.0 0.0 0.0 0.0 0.0 0.0 0.4679221 0.4679221 0.4679221 0.0 0.0 0.31988215 0.31988192 0.0 0.4679221 0.4679221 1.2770238 0.31988192 0.31988192 0.31988192 0.31988192 0.31988192 0.31988192 0.31988192 0.31988192 1.2770236 0.46792126 0.46792126 0.0 0.0 0.0 0.46792126 1.4550142 1.4550142 1.2770236 1.2770236 1.2770236 1.4550142 1.4711965 1.4711965 1.4711965 0.0 0.0 0.46792126 0.46792126 0.46792126 0.0 0.46792126 0.46792126 0.46792126 1.4711965 0.46792126 0.46792126 0.0 0.0 0.69777584 1.2770236 1.2770236 1.2770236 0.46792126 0.0 0.31988192 0.31988192 0.31988192 0.31988192 0.31988192 0.0 0.0
0.0 0.0 0.0 0.0 0.0 0.0 0.0 0.0 0.0 0.0 0.0 0.0 0.0 0.0 0.0 0.0 0.46791708 1.2770193 1.2770193 0.46791708 0.46791708 0.46791708 1.2770193 1.2770193 0.0 0.0 0.0 0.31987715 0.31987715 0.31987715 0.31987715 0.31987715 0.31987715 0.31987715 0.31987715 1.2770193 1.2770193 1.2770193 0.0 0.0 0.0 0.0 1.4550076 1.4550076 0.46791708 1.2770193 1.2770193 1.2770193 1.2770193 1.4711919 0.0 0.0 0.0 0.0 0.0 0.0 0.0 0.0 0.46791708 0.46791708 0.46791708 0.0 0.0 0.0 0.0 0.0 0.69776917 0.69776917 1.277019 0.46791708 0.46791697 0.0 0.0 0.3198769 0.31987667 0.31987667 0.0 0.0 0.0
0.0 0.0 0.0 0.0 0.0 0.0 0.0 0.0 0.0 0.0 0.0 0.0 0.0 0.0 0.0 0.4679129 0.4679129 1.4711868 1.4711868 1.4711868 1.4711868 0.4679129 0.0 1.277014 1.277014 0.4679129 0.4679129 0.4679129 0.4679129 1.277014 0.31987214 0.31987214 0.31987214 0.31987214 0.31987214 1.2770138 1.2770138 1.2770138 0.0 0.0 0.0 0.0 0.0 1.4550004 0.46791244 1.2770137 1.2770137 1.2770137 1.2770137 1.7219093 1.2770137 1.2770137 1.2770137 0.0 0.0 0.46791232 0.21299434 0.21299434 1.2770137 0.46791232 0.46791232 1.4550002 0.0 0.0 0.69776297 0.69776297 0.69776297 0.46791232 1.2770137 0.46791232 0.0 0.0 0.0 0.3198712 0.3198712 0.3198712 0.0 0.0 0.0
0.0 0.0 0.0 0.0 0.0 0.0 0.0 0.0 0.0 0.6937556 0.0 0.0 0.0 0.0 0.0 1.2770094 0.46790767 0.46790767 0.46790767 1.4711821 1.4711821 0.0 1.6340501 1.2770094 1.2770094 0.0 0.0 0.0 0.46790767 1.2770094 1.2770094 1.2770094 1.2770094 1.2770094 1.2770094 1.2770094 1.2770094 1.2770094 0.0 0.0 1.2770094 1.2770094 1.2770094 1.2770094 1.2770094 1.2770094 1.2770094 0.31986713 0.31986713 1.2770091 1.2770091 1.2770091 1.2770091 0.46790767 0.46790767 0.46790767 0.21298838 0.21298838 0.0 1.2770091 1.4711819 1.4549925 0.0 0.0 0.46790767 0.46790767 0.46790767 0.46790767 1.2770089 1.2770089 0.3198669 0.3198669 0.3198669 0.3198669 0.3198669 0.3198669 0.3198669 0.3198669 0.3198669
0.0 0.0 0.0 0.0 0.0 0.0 0.0 0.0 0.0 0.0 0.0 0.0 0.0 0.0 0.0 0.0 0.0 0.0 0.46790338 1.4711771 1.4711771 1.6340437 1.6340437 1.2770047 1.6340437 1.6340437 0.0 1.6340437 1.2770047 1.2770047 1.2770047 0.31986165 0.31986165 0.31986165 0.31986165 0.0 0.46790338 0.46790338 1.2770047 1.2770047 1.2770047 0.31986165 0.31986165 0.31986165 1.2770046 1.2770046 1.2770046 0.0 0.0 1.2770046 1.2770046 1.2770042 0.31986165 0.0 0.0 0.46790314 0.0 0.0 0.0 1.4711766 1.4711766 1.4711766 0.0 1.2770042 1.2770042 0.4679029 0.0 0.0 0.4679029 1.277004 1.277004 0.31986165 0.31986165 0.31986165 0.31986165 0.31986165 0.31986165 0.31986165 0.31986165
0.0 0.0 0.0 0.0 0.0 0.0 0.0 0.0 0.0 0.0 0.0 0.0 0.0 0.0 0.0 0.0 0.0 0.0 0.46789908 0.0 0.46789908 0.46789908 1.634038 1.634038 1.634038 1.0856051 1.0856051 1.0856051 0.46789885 0.46789885 0.46789885 0.0 0.0 0.31985688 0.31985688 0.0 0.0 0.31985688 0.31985688 0.31985688 0.31985688 0.31985688 0.31985688 0.31985688 1.2769996 0.4678986 0.4678986 0.0 0.0 0.0 0.0 0.31985688 0.0 0.0 0.4678986 1.2769996 1.2769996 0.69774246 0.69774246 1.471172 1.471172 0.0 0.0 1.2769996 1.2769996 0.46789825 0.0 0.0 0.0 0.46789825 1.2769995 1.2769995 0.3198564 0.3198564 0.3198564 0.3198564 0.3198564 0.3198564 0.3198564
0.0 0.0 0.0 0.0 0.0 0.0 0.0 0.0 0.0 0.0 0.0 0.0 0.0 0.0 0.0 0.0 1.2769948 0.4678942 0.4678942 0.4678942 0.4678942 0.4678942 1.634032 1.2769946 1.6340318 1.085599 1.085599 1.085599 0.0 0.4678942 0.4678942 0.0 0.0 0.0 0.3198521 0.3198521 0.3198521 0.3198521 0.3198521 0.3198521 0.31985188 0.31985188 0.31985188 0.31985188 1.2769946 1.4549716 0.4678942 0.0 0.0 0.0 0.4678942 1.2769946 1.2769946 0.4678942 0.4678942 1.2769946 1.2769946 0.6977365 1.4711671 1.4711668 0.0 0.0 0.0 0.4678942 1.2769943 0.4678942 0.4678942 0.4678942 0.0 0.4678942 0.4678942 1.2769943 0.3198514 0.3198514 0.3198514 0.3198514 0.3198514 0.3198514 0.3198514
0.0 0.0 0.0 0.0 0.0 0.0 0.0 0.0 0.0 0.0 0.0 0.0 0.0 0.0 0.0 0.0 1.2769898 1.2769898 1.2769898 1.2769898 1.2769898 1.2769898 1.2769898 1.2769898 1.2769898 0.3198471 0.3198471 0.0 0.0 0.3198471 0.3198471 0.3198471 1.085592 0.0 0.3198471 0.3198471 0.3198471 0.3198471 0.3198471 0.3198471 0.3198471 0.3198471 0.3198471 0.3198471 1.2769897 1.2769897 0.46788967 0.0 0.0 0.0 0.46788967 1.2769897 1.2769897 1.6340256 0.46788967 0.46788967 1.2769897 0.46788967 0.46788967 0.46788967 0.0 0.0 0.0 0.0 0.21296549 0.46788943 0.46788943 1.2769897 0.0 0.0 0.0 1.2769897 1.2769897 0.3198464 0.3198464 1.2769897 1.2769895 0.3198464 1.2769892
0.0 0.0 0.0 0.0 0.0 0.0 0.0 0.0 0.0 0.0 0.0 0.0 0.0 0.0 0.0 0.0 1.2769853 0.31984234 0.31984234 0.31984234 0.31984234 0.31984234 0.31984234 0.31984234 0.31984234 0.31984234 0.31984234 0.31984234 0.31984234 0.31984234 0.31984234 0.31984234 0.31984234 0.31984234 0.3198421 0.3198421 0.3198421 0.3198421 0.3198421 0.3198421 0.3198421 0.31984186 0.31984186 0.31984162 0.31984162 0.0 0.0 0.0 0.0 0.0 1.2769852 1.2769852 1.2769852 1.2769852 1.2769852 0.46788526 0.0 0.46788526 0.46788502 0.46788502 0.0 0.0 0.0 0.0 0.0 0.21295929 0.21295929 1.2769849 0.0 1.4711571 0.46788502 1.2769849 1.2769849 0.31984115 0.31984115 1.2769849 1.4711571 0.6937289 0.6937289
0.0 0.0 0.0 0.0 0.0 0.0 0.0 0.0 0.0 0.0 0.0 0.0 0.0 0.0 0.0 0.0 1.2769803 0.31983733 0.31983733 0.0 0.0 0.0 0.31983733 0.31983733 0.31983733 0.31983733 0.31983733 0.31983733 0.31983733 0.31983733 0.31983733 0.31983733 0.31983733 0.31983733 0.31983733 0.31983733 0.31983733 0.31983733 0.31983733 0.3198371 0.3198371 0.3198371 0.3198371 0.3198371 0.3198371 0.0 0.0 0.3198371 0.0 0.0 0.3198371 0.3198371 0.3198371 1.4711522 0.4678805 0.4678805 0.46788025 0.46788025 0.46788025 0.46788025 0.0 0.0 0.0 0.46788025 0.46788025 0.46788025 0.21295357 1.2769798 1.2769798 1.4711518 0.46788025 1.2769798 1.2769798 0.0 0.31983662 1.2769798 1.4711521 1.4711521 1.6340127
0.0 0.0 0.0 0.0 0.0 0.0 0.0 0.0 0.0 0.0 0.0 0.0 0.0 0.0 0.0 0.0 1.2769754 0.3198321 0.3198321 0.0 0.0 0.0 0.3198321 0.3198321 0.3198321 0.3198321 0.3198321 0.3198321 0.3198321 0.3198321 0.3198321 0.3198321 0.3198321 0.3198321 0.3198321 0.3198321 0.3198321 0.3198321 0.3198321 0.3198321 0.3198321 0.3198321 0.3198321 0.3198321 0.3198321 0.3198321 0.3198321 1.2769752 0.3198321 0.3198321 0.3198321 0.3198321 1.2769752 1.2769752 0.46787596 0.46787596 0.46787596 0.46787596 0.46787596 0.46787596 0.46787596 0.0 0.0 0.46787596 0.46787596 0.46787596 0.21294737 0.46787596 1.2769754 0.46787584 0.46787584 0.46787584 0.46787584 0.46787572 1.2769753 1.276975 1.2769748 1.085571 1.085571
0.0 0.0 0.0 0.0 0.0 0.0 0.0 0.0 0.0 0.0 0.0 0.0 0.0 0.0 0.0 0.0 0.31982732 0.31982732 0.31982732 0.31982732 0.31982732 0.31982732 0.31982732 0.31982732 0.31982732 0.31982732 0.31982732 0.31982732 0.31982732 0.31982732 0.31982732 0.31982732 0.31982732 0.31982732 0.31982708 0.31982708 0.31982708 0.31982708 0.31982708 1.2769704 1.2769704 1.2769704 0.31982708 0.31982708 0.31982708 0.31982708 0.31982708 1.2769704 1.2769704 0.31982708 1.2769704 1.2769704 1.2769704 1.2769704 0.4678713 0.97409225 0.4678713 0.0 0.4678713 1.4549358 0.4678713 0.0 0.0 1.6340003 1.6340003 1.6340003 1.6340003 0.4678713 1.2769699 1.2769699 0.4678713 0.4678713 0.4678713 0.4678713 0.4678713 0.3198266 0.3198266 1.0855644 1.0855644
