Export/ASCII/RMeteo_SP_inch/speranza1/RMeteo_2015_SP3_inch.asc
ncols         660
nrows         338
xllcorner     1476100.0
yllcorner     5017100.0
cellsize      100
NODATA_value  -9.9e-20
[rows 0 to 33 of 338, columns 231 to 307 of 660]
0.7421191 0.7421191 0.7421191 0.7421191 0.7421191 0.36444354 0.0 0.0 0.0 0.0 0.0 0.29128277 0.29128277 0.0 0.0 0.0 0.0 0.115876675 0.43558598 0.43558598 0.43558598 0.43558598 0.43558598 0.43558598 0.43558598 0.43558598 0.43558598 2.3494887 2.3494887 0.43558598 0.29128277 0.0 0.0 0.29128277 0.0 0.0 0.0 0.0 0.0 0.0 0.29128277 0.29128277 0.29128277 0.29128277 0.29128265 0.6336489 0.29128265 0.29128265 0.43558598 1.7053523 0.43558598 0.0 0.0 0.43558598 0.0 0.0 0.0 0.43558598 0.43558598 0.43558598 0.43558598 0.43558598 0.43558598 0.43558598 0.43558598 0.43558598 0.43558598 0.43558598 0.6336489 0.6336489 0.6336489 0.6336489 0.6336489 0.6336489 0.6336489 0.0 0.0
0.5611963 0.74211454 0.74211454 0.74211454 0.74211454 0.36443877 0.0 0.0 0.0 0.0 0.0 0.29127836 0.29127836 0.63364446 0.035126925 0.29127836 0.63364446 0.43558288 2.3494833 2.3494833 0.43558288 0.43558288 0.63364446 0.63364446 0.49220204 0.43558288 0.29127836 2.3494833 2.3494833 0.43558288 0.29127836 0.29127836 0.29127836 0.29127836 0.29127836 0.29127836 0.0 0.0 0.0 0.0 0.0 0.0 0.0 0.0 0.29127836 0.29127836 0.43558288 0.43558288 0.43558288 1.7053499 0.43558288 0.0 0.7164613 0.7164613 0.0 0.0 0.0 0.43558288 0.43558288 0.43558288 0.43558288 0.43558288 0.43558288 0.43558288 0.43558288 0.43558288 0.43558288 0.43558288 0.43558288 0.53367925 0.63364434 0.43558288 0.43558288 1.7053499 0.63364434 0.0 0.0
0.8374642 0.561193 0.561193 0.74210966 0.74210966 0.0 0.0 0.0 0.0 0.11586571 0.11586571 0.6336397 0.6336397 0.6336397 0.2744975 0.71645665 0.43558002 0.43558002 2.3494773 2.3494773 0.43558002 0.43558002 0.6336397 0.6336397 0.4921906 0.71645665 0.71645665 0.43558002 2.3494773 0.43558002 0.43558002 1.7053475 2.3494773 0.29127395 0.29127395 0.29127395 0.2912737 0.2912737 0.0 0.0 0.0 0.0 0.0 0.0 0.2912737 0.2912737 0.2912737 0.43558002 0.43558002 0.43558002 0.43558002 0.43558002 0.71645665 0.71645665 0.6336397 0.6336397 0.0 0.43558002 0.43558002 0.43558002 0.43558002 0.43558002 0.43558002 0.43558002 0.43558002 0.43558002 0.43558002 0.43557978 0.43557978 0.6336396 0.6336396 0.43557978 0.43557978 1.7053473 0.27934194 0.27934194 0.0
0.3644297 0.3644297 0.7421051 0.7421051 0.20794487 0.20794487 0.20794487 0.20794487 0.11586046 0.11586046 0.11586046 0.6336353 0.6336353 0.6336353 0.716452 0.716452 0.716452 0.6336353 2.3494716 0.43557692 0.43557692 0.6336353 0.6336353 0.0 0.49217916 0.716452 0.716452 0.2912693 0.43557692 0.43557692 0.43557692 0.43557692 0.43557692 1.7053447 0.87798667 0.2912693 0.2912693 0.2912693 0.2912693 0.0 0.0 0.0 0.2912693 0.2912693 0.2912693 0.2912693 0.63363516 0.63363516 0.43557692 0.43557692 0.43557692 1.7053447 0.43557692 0.43557692 0.716452 0.43557692 1.7053447 0.43557692 0.43557692 0.43557692 0.43557692 0.43557692 0.43557692 0.43557692 0.43557692 0.43557692 0.43557692 0.43557692 0.0 0.63363516 0.63363516 0.43557692 2.3494713 0.716452 0.0 0.27934098 0.0
0.7421001 0.7421001 0.8374547 0.7421001 0.7421001 0.20793915 0.20793915 0.7421001 0.63363075 0.63363075 0.63363075 0.63363075 0.43557405 2.3494654 0.7164477 0.7164477 0.7164477 0.63363075 0.43557405 1.7053418 1.7053418 0.63363075 0.63363075 0.0 0.0 0.63363075 0.29126465 0.29126465 0.43557405 0.43557405 0.43557405 0.43557405 0.43557405 0.43557405 0.43557405 0.43557405 0.43557405 0.29126465 0.29126465 0.0 0.0 0.0 0.29126465 0.29126465 0.29126465 0.6336304 0.6336304 0.6336304 0.43557405 0.43557405 0.43557405 1.7053418 0.71644735 0.71644735 0.71644735 0.43557405 1.7053418 1.7053418 1.7053418 1.7053418 0.43557405 1.7053418 1.7053418 0.43557405 0.43557405 0.43557405 0.43557405 0.29126465 0.29126465 0.0 1.7053418 1.7053418 2.3494651 0.71644723 0.0 0.0 0.0
0.7420955 0.7420955 0.83745 0.83745 0.7420955 0.7420955 0.7420955 0.7420955 0.633626 0.633626 0.633626 0.633626 0.43557072 2.3494594 0.7164428 0.7164428 2.3494594 0.43557072 0.43557072 1.7053394 1.7053394 0.633626 0.633626 0.633626 0.0 0.0 0.0 0.0 0.43557072 0.43557072 0.43557072 0.43557072 0.43557072 0.43557072 0.43557072 0.43557072 0.43557072 1.0470524 0.29126 0.29126 0.29126 0.29126 0.29126 0.29126 0.7164428 0.633626 0.633626 0.633626 0.633626 0.43557072 0.43557072 0.43557072 0.43557072 0.43557072 0.43557072 0.43557072 1.7053394 1.7053394 1.7053394 1.7053394 0.43557072 1.7053394 1.7053394 0.43557072 1.7053394 0.43557072 0.43557072 0.29126 0.29126 0.0 1.7053394 2.3494594 2.3494594 2.3494594 0.2793386 0.0 0.0
0.5611801 0.5611801 0.5611801 0.5611801 1.8266056 0.36441588 0.7420908 0.7420908 0.43556786 0.43556786 0.43556786 0.43556786 0.43556786 0.7164384 0.7164384 0.7164384 0.7164384 0.43556786 0.63362145 0.63362145 0.2912556 0.63362145 0.63362145 0.63362145 0.0 0.2912556 0.0 0.0 0.43556786 0.43556786 0.43556786 0.43556786 0.43556786 0.43556786 0.43556786 0.43556786 0.43556786 0.7164384 0.7164383 0.63362145 0.63362145 0.63362145 0.63362145 0.29125535 0.63362145 0.7172878 0.63362145 0.63362145 0.63362145 0.63362145 0.43556786 0.43556786 0.43556786 0.43556786 0.43556786 0.43556786 1.7053368 0.7164383 0.7164383 0.43556786 0.43556786 1.7053368 1.7053368 0.43556762 1.7053368 0.43556762 0.8779774 0.29125535 0.29125535 0.29125535 0.7164383 2.3494537 2.3494537 2.3494537 1.7788937 0.2793386 0.0
0.56117725 1.8266027 1.8266027 0.56117725 0.56117725 0.74208605 0.74208605 0.36441135 0.29125118 0.29125118 0.29125118 0.43556476 0.71643364 0.71643364 0.71643364 0.71643364 0.71643364 0.29125118 0.29125118 0.0 0.29125118 0.6336168 0.6336168 0.6336168 0.6336168 0.29125118 0.0 0.0 0.43556476 0.43556476 0.43556476 0.43556476 0.43556476 0.43556476 0.43556476 0.43556476 0.43556476 0.43556476 0.43556476 0.6336168 0.6336168 0.6336168 0.717283 0.6336168 0.6336168 0.11583853 0.6336168 0.6336168 0.6336168 0.6336168 0.43556476 0.43556476 0.43556476 0.43556476 0.43556476 0.43556476 0.7164335 0.7164335 0.7164335 0.43556476 0.7164335 0.7164335 0.43556476 0.43556476 0.43556476 1.705334 1.705334 0.43556476 0.6336167 0.6336167 0.43556476 1.705334 0.43556476 0.43556476 2.2170112 0.27933717 0.0
0.5611739 0.83743596 0.83743596 0.5611739 0.36440682 0.7420814 0.7420814 0.36440682 0.29124665 0.29124665 0.29124665 0.29124665 0.7164291 0.7164291 0.7164291 0.7164291 0.4355619 0.29124665 0.0 0.0 0.0 0.0 0.11583328 0.6336123 0.6336123 0.7164291 0.29124665 0.0 0.4355619 0.4355619 0.4355619 0.4355619 0.4355619 0.4355619 0.4355619 0.63361216 0.4355619 0.4355619 0.63361216 0.63361216 0.63361216 0.11583328 0.11583328 0.11583328 0.11583328 0.11583328 0.63361216 0.63361216 0.4355619 0.63361216 0.63361216 2.349442 2.349442 0.2912463 0.2912463 0.2912463 0.4355619 0.7164291 0.7164291 0.4355619 0.2912463 0.7164291 0.4355619 0.4355619 0.4355619 0.4355619 0.4355619 0.4355619 0.63361216 0.63361216 0.63361216 0.716429 0.716429 0.7164291 0.4355619 0.0 0.0
0.5611708 0.8374311 0.8374311 0.36440206 0.36440206 0.36440206 0.36440206 0.36440206 0.291242 0.291242 0.291242 0.291242 0.291242 0.291242 0.4355588 0.4355588 0.4355588 0.291242 0.291242 0.0 0.0 0.0 0.0 0.6336076 0.6336076 0.6336076 0.71642435 0.71642435 0.4355588 0.4355588 0.71642435 0.71642435 0.291242 0.291242 0.291242 0.6336076 0.4355588 0.291242 0.6336076 0.1158278 0.1158278 0.1158278 0.1158278 0.1158278 0.1158278 0.7172737 0.6336075 0.6336075 0.6336075 0.291242 0.291242 0.291242 0.291242 0.29124188 0.29124188 0.29124188 0.4355588 0.7164242 0.7164242 0.4355588 0.29124188 0.29124188 0.29124188 0.29124188 0.29124188 2.3494363 0.4355588 0.49211025 0.6336075 0.6336074 0.6336074 0.27445912 0.7164242 0.7164242 0.4355588 0.0 0.0
0.5611675 0.5611675 0.36439753 0.36439753 0.0 0.0 0.0 0.36439753 0.29123735 0.29123735 0.29123735 0.29123735 0.29123735 0.7164198 0.4355557 0.4355557 0.29123735 0.29123735 0.29123735 0.0 0.0 0.0 0.0 0.633603 0.633603 0.7164198 0.7164198 0.7164198 0.7164198 0.29123735 0.7164198 0.7164198 0.29123735 0.29123735 0.29123735 0.29123735 0.29123735 0.29123735 0.29123735 0.0 0.0 0.0 0.115822315 0.0 0.0 0.633603 0.633603 0.633603 0.633603 0.29123735 0.29123735 0.29123735 0.29123735 0.29123735 0.29123735 0.29123735 0.43555546 0.43555546 0.7164197 0.43555546 0.29123735 0.29123735 0.0 0.29123735 0.633603 0.633603 0.43555546 0.4920988 0.633603 0.63360286 0.63360286 0.27445388 0.7164197 0.7164197 0.0 0.0 0.0
0.36439276 0.36439276 0.36439276 0.36439276 0.36439276 0.0 0.0 0.0 0.2912327 0.2912327 0.2912327 0.2912327 0.4355526 0.71641505 0.2912327 0.2912327 0.2912327 0.2912327 0.2912327 0.0 0.0 0.0 0.11581683 0.6335983 0.6335983 0.71641505 0.71641505 0.71641505 0.2912327 0.2912327 0.2912327 0.30011523 0.2912327 0.2912327 0.2912327 0.0 0.0 0.2912327 0.2912327 0.0 0.0 0.0 0.0 0.0 0.0 0.2912327 0.2912327 0.2912327 0.2912327 0.2912327 0.3393861 0.2912327 0.2912327 0.2912327 0.2912327 0.2912327 0.2912327 0.4355526 0.71641505 0.4355526 0.2912327 0.2912327 0.2912327 0.2912327 0.6335982 0.6335982 0.6335982 0.6335982 0.6335982 0.6335981 0.6335981 0.71641505 0.71641505 0.71641505 0.0 0.0 0.0
0.36438823 0.36438823 0.36438823 0.36438823 0.36438823 0.36438823 0.36438823 0.36438823 0.2912283 0.2912283 0.2912283 0.2912283 0.2912283 0.2912283 0.2912283 0.0 0.0 0.2912283 0.0 0.0 0.0 0.0 0.0 0.6335938 0.6335938 2.3494189 0.7164105 0.7164105 0.2912283 0.2912283 0.2912283 0.2912283 0.2912283 0.2912283 0.2912283 0.0 0.0 0.2912283 0.2912283 0.0 0.0 0.0 0.0 0.0 0.0 0.0 0.0 0.0 0.0 0.0 0.0 0.0 0.0 0.2912283 0.2912283 0.2912283 0.2912283 0.43554974 0.6335937 0.6335937 0.6335937 0.2912283 0.6335937 0.6335937 0.11581159 0.6335937 0.6335937 0.6335937 0.2912283 0.0 0.29122806 0.6335937 0.43554974 0.0 0.0 0.0 0.0
0.08442807 0.08442807 0.08442807 2.276006 0.12430477 0.12430477 0.12430477 0.12430477 0.01858747 0.01858747 0.01858747 0.0 0.0 0.0 0.0 0.0 0.0 0.01858747 0.0 0.0 0.0 0.0 1.2 2.0047057 2.0047057 2.0047057 0.0 0.0 0.01858747 0.01858747 0.01858747 0.01858747 0.01858747 0.01858747 0.0 0.0 0.0 0.35775256 0.0 0.0 0.0 0.0 0.0 0.0 0.0 0.0 0.0 0.0 0.0 0.0 0.0 0.0 0.0 0.0 0.0 0.0 0.01858747 0.3490373 0.3490373 0.3490373 0.3490373 0.0 0.3490373 0.3490373 0.3490373 0.42924595 0.3490373 0.3490373 0.01858747 0.0 0.018587232 0.3490373 0.0 0.0 0.0 0.0 0.0
0.49015903 0.08442497 0.08442497 0.08442497 0.08442497 0.12430215 0.12430215 0.12430215 0.018585086 0.018585086 0.018585086 0.018585086 0.0 0.0 0.0 0.0 0.018585086 0.018585086 0.0 0.0 0.0 0.0 0.0 0.018585086 0.018585086 2.0047035 0.0 0.0 0.018585086 0.018585086 0.018585086 0.018585086 0.018585086 0.018585086 0.018585086 0.0 0.0 0.018585086 0.0 0.0 0.0 0.0 0.0 0.0 0.0 0.0 0.0 0.0 0.0 0.0 0.0 0.0 0.0 0.26626682 0.0 0.0 0.018585086 0.3490349 0.3490349 0.3490349 0.3490349 0.3490349 0.3490349 0.3490349 0.3490349 0.0 0.0 0.018585086 0.018585086 0.0 0.0 0.0 0.0 0.0 0.0 0.0 0.0
0.4901564 0.08442187 0.08442187 0.08442187 0.08442187 2.2760017 0.12429929 0.12429929 0.01858294 0.01858294 0.01858294 0.01858294 0.0 0.01858294 0.0 0.0 0.01858294 0.01858294 0.0 0.0 0.0 0.0 0.0 0.34903252 0.34903252 2.0047011 0.0 0.0 0.01858294 0.0 0.0 0.0 0.0 0.0 0.0 0.0 0.01858294 0.42843485 0.0 0.0 0.0 0.0 0.0 0.0 0.0 0.0 0.0 0.0 0.0 0.0 0.0 0.0 0.0 0.0 0.0 0.0 0.01858294 0.01858294 0.01858294 0.34903252 0.34903252 0.34903252 0.34903252 0.34903252 0.34903252 0.0 0.0 0.0 0.0 0.0 0.0 0.0 0.0 0.0 0.0 0.0 0.0
0.084418535 0.084418535 0.0 0.0 0.084418535 0.084418535 2.276 0.124296546 0.018580675 0.018580675 0.0 0.018580675 0.018580675 0.018580675 0.018580675 0.018580675 0.018580675 0.018580675 0.0 0.0 0.0 0.0 0.0 0.0 0.0 0.34903026 0.34903026 0.018580675 0.018580675 0.0 0.0 0.0 0.0 0.018580675 0.018580675 0.0 0.018580675 0.4284327 0.0 0.0 0.0 0.0 0.0 0.0 0.0 0.0 0.0 0.0 0.0 0.0 0.0 0.0 0.0 0.0 0.0 0.0 0.0 0.0 0.018580556 0.018580556 0.34903014 0.34903014 0.34903014 0.34903014 0.34903014 0.18835664 0.0 0.0 0.0 0.0 0.0 0.0 0.0 0.0 0.0 0.0 0.0
0.084415674 0.0 0.0 0.0 0.084415674 0.084415674 0.124293804 0.124293804 0.018578291 0.018578291 0.018578291 0.018578291 0.018578291 0.018578291 0.018578291 0.018578291 2.0046968 0.018578291 0.0 0.018578291 0.018578291 0.0 0.0 0.0 0.0 0.0 0.0 0.0 0.018578291 0.0 0.018578291 0.018578291 0.018578291 0.018578291 0.018578291 0.018578291 0.018578291 0.42843032 0.34902787 0.0 0.0 0.0 0.0 0.0 0.0 0.0 0.0 0.0 0.0 0.0 0.0 0.0 0.0 0.0 0.0 0.0 0.0 0.0 0.0 0.0 0.0 0.0 0.0 0.0 0.0 0.0 0.0 0.0 0.0 0.0 0.0 0.0 0.0 0.0 0.0 0.0 0.0
0.0 0.0 0.0 0.0 0.0 0.08441234 0.12429106 0.12429106 0.018576145 0.018576145 0.42842793 0.0 0.018576145 0.018576145 0.0 0.018576145 0.018576145 0.018576145 0.34902573 0.34902573 0.018576145 0.0 0.0 0.0 0.0 0.0 0.0 0.0 0.0 0.0 0.018576145 0.018576145 0.018576145 0.018576145 0.018576145 0.018576145 0.018576145 0.018576145 0.0 0.0 0.0 0.0 0.0 0.0 0.0 0.0 0.0 0.0 0.0 0.0 0.0 0.0 0.0 0.0 0.0 0.0 0.0 0.0 0.018576145 0.34902573 0.0 0.0 0.0 0.0 0.0 0.0 0.0 0.0 0.0 0.0 0.0 0.0 0.0 0.0 0.0 0.0 0.0
0.0 0.0 0.0 0.0 0.0 0.08440924 0.12428832 0.08440924 0.0 0.0 0.4284258 0.4284258 0.34902358 0.34902358 0.34902358 0.018573761 0.018573761 0.34902358 0.34902358 0.34902358 0.018573761 0.0 0.0 0.0 0.0 0.0 0.0 0.0 0.0 0.0 0.018573761 0.018573761 0.018573761 0.018573761 0.018573761 0.018573761 0.0 0.018573761 0.018573761 0.018573761 0.34902358 0.0 0.0 0.0 0.0 0.0 0.0 0.0 0.0 0.0 0.0 0.0 0.0 0.0 0.0 0.0 0.0 0.0 0.018573761 0.34902334 0.0 0.0 0.0 0.0 0.0 0.0 0.0 0.0 0.0 0.0 0.0 0.0 0.0 0.0 0.0 0.0 0.0
0.0 0.0 0.0 0.0 0.0 0.0844059 0.0844059 0.0844059 0.0 0.0 0.0 0.3490212 0.3490212 0.3490212 0.3490212 0.018571615 0.018571615 0.3490212 0.0 0.3490212 0.018571615 0.0 0.0 0.0 0.018571615 0.018571615 0.018571615 0.018571615 0.018571615 0.018571615 0.018571615 0.0 0.0 0.0 0.018571615 0.0 0.0 0.0 0.0 0.018571615 0.3490212 0.3490212 0.0 0.0 0.0 0.0 0.0 0.0 0.0 0.0 0.0 0.0 0.0 0.0 0.0 0.018571615 0.018571615 0.3490212 0.018571615 0.3490212 0.12049675 0.0 0.0 0.0 0.0 0.0 0.0 0.0 0.0 0.0 0.0 0.0 0.0 0.0 0.0 0.0 0.0
0.0 0.0 0.0 0.0 0.0844028 0.0844028 0.0844028 0.0844028 0.0 0.0 0.34901893 0.34901893 0.34901893 0.34901893 0.01856935 0.01856935 0.01856935 0.34901893 0.34901893 0.34901893 0.0 0.0 0.0 0.0 0.01856935 0.01856935 0.0 0.0 0.34901893 0.42842102 0.42842102 0.0 0.0 0.0 0.01856935 0.01856935 0.0 0.01856935 0.01856935 0.01856935 0.0 2.0046878 0.0 0.0 0.0 0.01856935 0.01856935 0.01856935 0.0 0.0 0.0 0.0 0.0 0.0 0.0 0.018569231 0.018569231 0.018569231 0.018569231 0.018569231 0.0 0.0 0.0 0.0 0.0 0.0 0.0 0.0 0.0 0.0 0.0 0.0 0.0 0.0 0.0 0.0 0.0
0.0 0.0 0.0 0.0843997 0.0843997 0.0843997 0.0843997 0.0843997 0.34901655 0.34901655 0.34901655 0.34901655 0.34901655 0.34901655 0.42841864 0.018567204 0.018567204 0.34901655 0.0 0.0 0.34901655 0.018567204 0.018567204 0.018567204 0.018567204 0.34901655 0.34901655 0.0 0.34901655 0.34901655 0.42841864 0.0 0.0 0.0 0.0 0.018567204 0.018567204 0.018567204 1.3829403 1.3829403 0.0 0.0 0.0 0.0 0.0 0.0 0.34901655 0.018567204 0.0 0.0 0.0 0.0 0.0 0.0 0.0 0.0 0.018567204 0.018567204 0.018567204 0.018567204 0.0 0.0 0.0 0.0 0.0 0.0 0.0 0.0 0.0 0.0 0.0 0.0 0.0 0.0 0.0 0.0 0.0
0.0 0.0 0.0843966 0.0843966 0.0843966 0.0843966 0.0843966 0.0843966 0.34901416 0.34901416 0.34901416 0.34901416 0.34901416 0.01856482 0.42841673 0.42841673 0.01856482 0.34901416 0.34901416 0.34901416 0.34901416 0.34901416 0.0 0.01856482 0.34901416 0.34901416 0.34901416 0.34901416 0.34901416 0.0 0.0 0.0 0.0 0.0 0.0 0.0 0.0 0.0 0.0 0.0 0.0 0.0 0.0 0.0 0.0 0.0 0.0 0.0 2.0046833 0.0 0.0 0.0 0.0 0.0 0.0 0.0 0.01856482 0.01856482 0.01856482 0.34901416 0.0 0.0 0.0 0.0 0.0 0.0 0.0 0.0 0.0 0.0 0.0 0.0 0.0 0.0 0.0 0.0 0.0
0.0 0.0 0.0 0.08439326 0.08439326 0.08439326 0.08439326 0.08439326 0.0 0.34901178 0.0 0.34901178 0.018562675 0.018562675 0.0 0.0 0.0 0.34901178 0.34901178 0.34901178 0.34901178 0.34901178 0.42841434 0.34901178 0.34901178 0.34901178 0.34901178 0.34901178 0.0 0.0 0.0 0.0 0.0 0.0 0.0 0.0 0.0 0.0 0.0 0.0 0.0 0.0 0.0 0.0 0.0 0.0 0.0 0.0 0.018562675 0.0 0.0 0.0 0.0 0.0 0.0 0.42841434 0.018562675 0.018562675 0.34901178 0.34901178 0.0 0.0 0.0 0.0 0.0 0.0 0.0 0.0 0.0 0.0 0.34901178 0.0 0.0 0.0 0.0 0.0 0.0
0.0 0.0 0.0 0.08439016 0.08439016 0.08439016 0.08439016 0.49012852 0.34900975 0.34900975 0.0 0.0 0.0 0.0 0.0 0.0 0.0 0.34900975 0.01856041 0.01856041 0.01856041 0.01856041 0.42841196 0.34900975 0.34900975 0.34900975 0.0 0.0 0.0 0.0 0.0 0.0 0.0 0.0 0.0 0.0 0.0 0.0 0.0 0.0 0.0 0.42841196 0.42841196 0.0 0.34900963 0.34900963 0.0 1.3829298 0.01856029 0.0 0.0 0.0 0.0 0.0 0.0 0.0 0.0 0.0 0.0 0.34900963 0.0 0.0 0.0 0.0 0.0 0.0 0.0 0.0 0.0 0.0 0.34900963 0.0 0.0 0.0 0.0 0.0 0.0
0.0 0.0 0.0 0.0 0.084386826 0.084386826 0.49012566 0.49012566 0.34900737 0.34900737 0.0 0.0 0.34900737 0.34900737 0.34900737 0.0 0.0 0.0 0.018558264 0.018558264 0.018558264 0.018558264 0.42840958 0.34900737 0.34900737 0.0 0.0 0.0 0.0 0.0 0.0 0.0 0.0 0.0 0.0 0.0 0.0 0.0 0.0 0.0 0.0 0.42840958 0.42840958 0.42840958 0.34900737 0.34900737 0.0 0.0 0.0 0.0 0.0 0.0 0.0 0.0 1.2 0.0 0.0 0.0 0.0 0.34900737 0.34900737 0.34900737 0.0 0.0 0.0 0.34900725 0.0 0.0 0.0 0.0 0.0 0.0 0.0 0.0 0.0 0.0 0.0
0.0 0.0 0.0 0.0 0.0 0.084383726 0.084383726 0.4901228 0.34900522 0.34900522 0.0 0.0 0.34900522 0.34900522 0.0 0.0 0.0 0.0 0.01855588 0.01855588 0.01855588 0.0 0.0 0.0 0.34900522 0.34900522 0.0 0.0 0.0 0.01855588 0.0 0.0 0.0 0.0 0.0 2.0046742 0.0 0.0 0.0 0.0 0.0 0.0 0.42840743 0.42840743 0.0 0.0 0.0 0.0 0.0 0.0 0.0 0.0 0.0 0.0 0.34900522 2.0046742 0.0 0.0 0.0 0.34900522 0.34900522 0.34900522 0.34900522 0.34900522 0.34900522 0.34900522 0.34900522 0.0 0.0 0.0 0.34900522 0.34900522 0.0 0.0 0.0 0.0 0.0
0.0 0.0 0.0 0.0 0.08438063 0.08438063 0.08438063 0.08438063 0.34900284 0.0 0.0 0.0 0.0 0.34900284 0.34900284 0.0 0.0 0.0 0.018553734 0.018553734 0.018553734 0.0 0.0 0.0 0.0 0.0 0.0 0.0 0.0 0.018553734 0.0 0.0 0.0 0.0 0.0 0.0 0.0 0.0 0.018553734 0.018553734 0.018553734 0.018553734 0.0 0.0 0.0 0.0 0.0 0.0 0.018553734 0.018553734 0.018553734 0.34900284 0.0 0.0 0.34900284 2.004672 0.0 0.0 0.0 0.0 0.0 0.0 0.0 0.0 0.42840505 0.34900284 0.34900284 0.34900284 0.34900284 0.0 0.018553734 2.0046718 0.0 0.0 0.0 0.0 0.0
0.08437753 0.0 0.0 0.08437753 0.08437753 0.08437753 0.08437753 0.08437753 0.0 0.0 0.0 0.0 0.0 0.0 0.01855135 0.01855135 0.01855135 0.34900045 0.01855135 0.34900045 0.42840266 0.0 0.0 0.0 0.0 0.0 0.0 0.34900045 0.0 0.0 0.0 0.0 0.0 0.0 0.0 0.0 0.0 0.0 0.34900045 0.34900045 0.0 0.01855135 0.0 2.0046694 0.0 0.0 0.0 0.0 0.01855135 0.0 0.0 0.34900045 0.0 0.0 0.34900045 2.0046694 0.0 0.0 0.01855135 0.0 0.0 0.0 0.0 0.0 0.42840266 0.5180664 0.34900045 0.34900045 0.34900045 0.34900045 0.01855135 0.01855135 0.0 0.0 0.0 0.0 0.0
0.12425792 0.0 0.5821266 0.08437419 0.08437419 0.08437419 0.08437419 0.08437419 0.0 0.0 0.0 0.0 0.0 0.018549323 0.018549323 0.018549323 0.018549323 0.34899843 0.34899843 0.34899843 0.0 0.0 0.0 0.0 0.0 0.0 0.34899843 0.34899843 0.0 0.0 0.0 0.0 0.0 0.0 0.0 0.0 0.0 0.42840028 0.42840028 0.0 0.0 0.018549204 0.0 0.0 0.0 0.0 0.0 0.0 0.018549204 0.3489983 0.3489983 0.3489983 0.3489983 0.0 0.3489983 0.3489983 0.0 0.0 0.018549204 0.0 0.0 0.018549204 0.018549204 0.018549204 0.42840028 0.018548965 0.34899807 0.34899807 0.0 0.34899807 0.34899807 0.34899807 0.0 0.0 0.0 0.0 0.0
0.1242553 0.0 0.58212376 0.58212376 0.08437109 0.08437109 0.08437109 0.08437109 0.0 0.018546939 0.0 0.018546939 0.018546939 0.018546939 0.018546939 0.018546939 0.42839813 0.42839813 0.018546939 0.018546939 0.018546939 0.018546939 0.018546939 0.018546939 0.34899604 0.34899604 0.34899604 0.34899604 0.34899604 0.0 0.0 0.0 0.42839813 0.42839813 0.0 0.0 0.34899604 0.42839813 0.42839813 0.0 0.018546939 0.0 0.0 0.42839813 0.42839813 0.34899604 0.34899604 0.34899604 0.34899604 0.34899604 0.34899604 0.34899604 0.34899604 0.0 0.0 0.34899604 0.0 0.0 0.0 0.01854682 0.01854682 0.01854682 0.01854682 0.0 0.0 0.01854682 0.0 0.34899592 0.34899592 0.34899592 0.0 0.34899592 0.0 0.0 0.0 0.0 0.0
0.12425256 0.12425256 0.08436775 0.5821209 0.5821209 0.5821209 0.08436775 0.0 0.018544793 0.018544793 0.018544793 0.018544793 0.018544793 0.0 0.018544793 0.018544793 0.018544793 0.018544793 0.018544793 0.018544793 0.018544793 0.0 0.0 0.018544793 0.3489939 0.3489939 0.3489939 0.3489939 0.3489939 0.0 0.0 0.0 0.42839575 0.42839575 0.0 0.0 0.3489939 0.3489939 0.3489939 0.018544793 0.018544793 0.018544793 0.018544793 0.018544793 0.42839575 0.3489939 0.3489939 0.3489939 0.3489939 0.0 0.3489939 0.3489939 0.3489939 0.3489939 0.0 0.0 0.0 0.0 0.0 0.018544793 0.018544793 0.018544793 0.018544793 0.0 0.0 0.018544793 0.0 0.3489939 0.3489939 0.0 0.0 0.0 0.0 0.0 0.0 0.0 0.0
0.1242497 0.1242497 0.1242497 0.5821183 0.5821183 0.5821183 0.5821183 0.0 0.0 0.018542409 0.018542409 0.018542409 0.018542409 0.018542409 2.0046608 2.0046608 0.018542409 0.018542409 0.018542409 0.018542409 0.0 0.0 0.0 0.0 0.0 0.0 0.0 0.0 0.3489915 0.3489915 0.0 0.0 0.42839384 0.42839384 0.0 0.42839384 0.42839384 0.0 0.0 0.018542409 0.0 0.0 0.0 0.018542409 0.42839384 0.3489915 0.3489915 0.3489915 0.3489915 0.3489915 0.3489915 0.3489915 0.3489915 0.0 0.0 0.0 0.0 0.0 0.0 0.018542409 0.018542409 0.018542409 0.018542409 0.0 0.0 0.3489915 0.3489915 0.3489915 0.0 0.0 0.0 0.0 0.0 0.0 0.0 0.0 0.0
