Export/ASCII/RMeteo_SP_inch/speranza1/RMeteo_2015_SP4_inch.asc
ncols         660
nrows         338
xllcorner     1476100.0
yllcorner     5017100.0
cellsize      100
NODATA_value  -9.9e-20
[rows 130 to 155 of 338, columns 472 to 530 of 660]
0.6288868 0.62888646 0.3271203 0.2469852 0.2469852 0.2469852 0.0 0.24698496 0.24698472 1.5031097 0.24698448 0.246984 0.0 0.0 0.0 0.0 0.0 0.04501152 0.04501152 0.045011282 0.045011044 0.42013 0.42012966 0.42012966 0.42012942 1.7193503 0.4390906 1.5031083 1.503108 1.503108 1.5031078 1.5031078 1.5031078 1.5031078 1.5031078 1.5031075 1.5031075 1.5031075 1.5031073 1.5031071 1.5031071 1.5031071 1.5031068 1.5031066 0.0 0.0 1.5031066 1.5031066 1.5031066 1.5031066 0.42012298 0.42012286 0.42012286 0.42012274 0.2469759 0.24697542 0.24697518 0.0 0.045003176
0.6288309 0.84440374 1.7193358 0.24693942 0.24693942 0.0 0.0 0.2469387 0.24693823 1.5030909 0.24693775 0.24693775 0.0 0.24693751 0.0 0.0 0.0 0.04496479 0.044964552 0.044964314 0.044964075 0.42007697 0.044963837 0.04496336 0.42007613 1.7193351 0.43903863 1.5030897 1.5030897 1.5030897 1.5030897 1.5030897 0.24693394 1.5030897 1.5030897 1.5030892 1.503089 1.503089 1.5030885 1.5030885 1.5030885 1.5030882 1.5030882 1.5030882 1.5030882 0.0 0.42007113 0.420071 0.4200709 0.42007065 0.4200704 0.42007005 0.4200698 1.7193329 0.2469294 0.2469294 0.0 0.0 0.0
0.056961775 0.84434533 0.4200276 0.4200275 0.24689269 0.24689269 0.24689269 0.24689245 0.24689245 1.5030725 1.5030725 0.24689174 0.2468915 0.2468915 0.24689126 0.0 0.0 0.0 0.0 0.044917583 0.11739302 0.04491687 0.04491687 0.04491663 0.42002332 1.7193189 1.5030713 1.5030713 1.5030713 1.5030711 1.5030708 1.5030704 0.24688792 0.2468872 1.5030704 1.5030704 1.5030704 1.5030701 1.5030701 1.5030701 1.5030701 1.5030699 0.42001915 0.4200189 0.4200188 0.42001855 0.4200182 0.438982 0.43898177 0.42001724 0.42001724 1.5030694 1.5030692 1.5030692 1.5030689 0.24688292 0.0 0.24688268 0.42001557
0.40655518 0.40655518 0.41997492 0.41997492 1.5030541 1.5030541 0.0 1.5030539 1.5030537 1.5030537 1.5030537 1.5030537 1.5030537 0.24684477 0.24684477 0.85941744 0.0 0.0 0.0 0.0 0.0 0.0 0.044870377 0.0 0.2468431 0.4199704 1.503053 1.5030527 1.5030527 0.24684215 0.24684167 0.24684167 0.24684167 0.24684143 1.5030522 1.5030522 1.503052 1.5030518 1.5030518 0.4199673 0.41996717 0.41996682 0.41996658 0.43893123 0.4389311 0.43893087 1.7193 0.4389304 0.43893015 0.41996455 0.41996443 1.5030506 1.5030506 1.5030506 1.5030506 0.24683666 0.24683642 0.41996253 0.24683571
0.40650964 0.40650916 0.4199221 0.4199221 1.503036 1.5030358 1.5030358 1.5030355 1.5030355 1.5030355 1.5030355 1.5030355 0.24679875 0.0 0.0 0.0 0.0 0.0 0.0 0.0 0.0 0.0 0.0 0.0 0.0 0.24679661 0.4199165 0.24679613 0.0 0.2467959 0.24679565 0.24679565 0.24679565 0.24679518 1.5030332 0.41991532 0.41991496 0.41991436 0.41991413 0.41991413 0.41991365 1.719285 1.719285 0.43887925 0.43887913 0.43887913 0.0 1.7192845 1.7192843 1.7192843 1.7192843 1.5030327 1.5030327 1.5030327 1.503032 0.24679065 1.503032 0.24679017 0.2467897
0.40646458 0.40646458 0.04478073 0.4198687 1.5030179 1.5030179 1.5030174 1.5030174 0.4198681 0.41986763 1.5030172 0.24675298 0.24675298 0.0 0.0 0.0 0.0 0.0 0.0 0.0 0.0 0.0 0.0 0.04477644 0.0 0.24675035 0.24675035 0.41986418 0.24674988 0.0 0.0 0.4198631 0.41986275 0.4198625 0.4198624 0.41986227 0.41986203 0.41986156 1.7192693 1.719269 1.719269 1.7192688 1.7192688 1.7192686 1.7192686 1.7192686 0.0 0.0 1.7192686 1.7192683 1.7192681 1.5030134 1.5030131 1.5030131 1.5030131 1.5030131 1.5030131 1.7192674 0.24674368
0.8441144 0.84411407 0.41981637 1.5029995 0.24670815 0.24670792 1.5029993 1.5029988 0.41981494 0.4198147 0.4198146 0.37673306 0.24670696 0.24670649 0.0 0.0 0.0 0.0 0.0 0.0447309 0.044730663 0.044730186 0.044729948 0.0 0.0 0.0 0.24670386 0.419811 0.41981077 0.41981065 0.41981065 0.4198103 0.4198097 0.41980958 0.43877792 0.14446425 0.14446378 0.0 0.0 0.24670148 1.7192523 1.7192521 1.7192521 1.7192521 1.7192521 1.7192521 0.0 0.0 1.7192516 0.0 1.7192516 1.7192516 1.5029955 1.5029955 1.5029955 1.5029955 1.5029953 1.7192509 0.24669743
0.6284958 0.6284956 0.24666262 0.24666214 0.24666214 0.2466619 1.5029807 1.50298 1.50298 0.41976166 0.41976154 0.24666023 0.24666023 0.24666023 0.0 0.0 0.0 0.0 0.04468417 0.044683695 0.044683456 0.044683456 0.41975904 0.24665856 0.24665809 0.24665785 0.24665785 0.41975784 0.41975772 0.41975772 0.41975737 0.4387269 0.4387269 0.1444192 0.0 0.0 0.0 0.0 0.0 0.24665499 0.24665475 1.7192359 1.7192359 1.7192359 1.7192359 1.7192359 0.0 0.0 1.7192359 0.0 1.7192354 1.7192354 1.7192354 1.7192352 1.719235 1.5029764 1.5029764 1.7192345 0.43872046
0.6284398 0.056707144 0.24661541 0.24661541 0.24661541 0.24661541 1.5029616 1.5029616 0.4197092 0.4197092 0.41970897 0.2466147 0.24661446 0.0 0.0 0.0 0.0 0.0 0.0 0.044636726 0.4197067 0.24661279 0.24661279 0.24661231 0.24661207 0.24661183 0.2466116 0.41970527 0.0 0.0 0.1443739 0.4386747 0.43867457 0.0 0.0 0.0 0.0 0.0 0.0 0.24660921 0.24660897 1.7192197 1.7192197 1.7192197 1.7192197 0.0 0.0 0.0 0.0 1.7192194 1.7192192 1.7192192 1.7192192 1.719219 1.7192185 1.502958 1.502958 1.7192185 0.43866885
0.6283841 0.056665182 0.24656987 0.24656963 0.24656963 0.2465694 1.5029433 0.41965663 0.4196564 0.41965616 1.5029433 0.24656844 0.0 0.0 0.0 0.24656749 0.24656749 0.24656749 0.24656701 0.24656677 0.24656677 0.24656653 0.0 0.24656582 0.24656558 0.4196527 0.24656558 0.2465651 0.0 0.14432883 0.1443286 0.14432812 0.0 0.0 0.0 0.0 0.0 0.0 0.0 0.0 0.24656296 1.7192035 1.7192035 1.7192035 1.7192032 1.7192032 1.719203 0.0 0.0 1.7192025 1.7192023 1.7192023 1.719202 1.719202 1.719202 1.719202 1.7192016 1.7192016 1.7192016
0.62832844 0.62832844 0.24652338 0.24652314 0.32671547 0.4385767 1.5029252 0.41960323 0.4196031 0.419603 0.419603 0.24652219 0.24652195 0.24652171 0.24652171 0.24652147 0.24652147 0.24652076 0.044081926 0.0 0.0 0.0 0.0 0.2465198 0.24651957 1.7191877 0.24651909 0.24651885 0.24651885 0.14428401 0.14428377 0.0 0.0 0.0 0.0 0.2465179 0.24651718 0.0 0.2465167 0.24651647 0.43856955 0.43856943 1.5029223 1.5029223 1.5029223 1.502922 1.502922 1.502922 1.7191868 1.7191868 1.7191868 1.5029211 1.5029211 1.7191863 1.7191863 1.5029211 1.5029209 1.5029209 1.5029206
0.6282728 0.62827253 0.24647737 0.24647737 0.32667494 1.5029066 0.24647689 0.24647665 0.41955054 0.41955054 0.41955054 0.24647617 0.24647593 0.2464757 0.2464757 0.0 0.0 0.0 0.0 0.0 0.0 0.0 0.0 0.0 0.24647331 0.24647331 0.24647331 0.41954684 0.4195466 0.24647284 0.2464726 0.24647236 0.0 0.14423752 0.14423728 0.24647117 0.24647069 0.24647069 0.43851805 0.4385178 0.0 1.7191706 1.5029042 1.5029042 1.5029037 1.5029035 1.5029032 1.502903 1.502903 1.7191701 1.7191701 1.502903 1.5029027 1.7191699 1.7191699 1.5029023 1.502902 1.5029018 1.5029018
0.84376764 0.6282171 0.0 0.24643111 0.41949832 0.24643064 0.2464304 0.41949785 0.41949773 0.24642992 0.24642992 0.24642968 0.2464292 0.0 0.0 0.0 0.0 0.0 0.044450283 0.0 0.0 0.0 0.0 0.0 0.0 0.2464273 0.2464273 0.32663012 0.4194932 0.24642658 0.2464261 0.2464261 0.24642587 0.14419246 0.43846762 0.24642539 0.24642515 0.24642515 0.43846667 0.43846655 0.0 1.7191544 1.5028851 1.5028851 1.5028851 1.5028851 1.5028851 1.5028851 1.5028851 1.7191539 1.7191539 1.7191539 1.7191536 1.7191536 1.5028846 1.5028846 1.5028844 1.5028844 0.43846142
0.84370947 0.6281607 0.2463851 0.2463851 0.4194455 0.4194454 0.04440546 0.04440546 0.0 0.0 0.0 0.0 0.0 0.0 0.0 0.0 0.0 0.0 0.044403553 0.0 0.24638176 0.24638152 0.0 0.24638104 0.24638104 0.24638104 0.24638104 1.502867 1.502867 0.24638033 0.24637985 0.24637985 0.24637961 0.24637914 0.24637914 0.43841553 0.4384154 1.5028665 1.5028665 1.5091076 1.5028665 1.5028665 1.5028665 1.5028665 1.5028663 1.5028663 1.5028663 1.5028658 1.5028658 1.5028658 1.7191374 1.7191374 1.7191374 0.43841136 0.43841112 1.5028653 1.5028653 1.5028651 1.5028651
0.843652 0.8436518 0.044359684 0.044359684 0.044359207 0.04435897 0.04435873 0.0 0.0 0.0 0.0 0.0 0.0 0.0 0.0 0.0 0.0 0.0 0.044356823 0.4193895 0.41938913 0.24633574 0.24633527 0.5010395 0.24633479 1.5028498 1.5028498 1.5028493 1.5028491 0.24633408 0.24633408 0.2463336 0.24633336 1.5028486 1.5028486 1.5028486 1.5028486 1.5028486 1.5028486 1.5028486 1.5028486 1.5028486 0.41938448 0.41938412 1.5028481 1.5028481 1.5028481 1.5028479 1.5028479 1.5028479 1.5028479 1.5028477 1.5028477 0.43835926 0.43835926 1.5028472 1.5028472 1.5028472 1.5028472
0.40601277 0.40601206 0.044312954 0.044312954 0.0 0.0 0.0 0.0 0.0 0.0 0.0 0.0 0.0 0.0 0.0 0.24629045 0.37628245 0.24628997 0.41933692 0.41933668 1.502831 0.24628925 1.502831 1.502831 1.5028307 0.24628854 0.2462883 1.5028307 1.5028307 1.5028307 1.5028307 1.5028305 1.5028303 1.5028303 1.50283 1.50283 1.50283 1.5028298 1.5028298 1.5028296 0.41933203 0.4193319 0.41933155 0.4193313 0.41933107 1.5028291 1.4993527 1.4993527 1.5028291 1.5028291 1.5028291 1.5028291 1.5028291 1.7191052 0.4193288 1.5028288 1.5028288 1.5028286 1.5028284
0.4059677 0.8435358 0.41928768 0.41928744 0.2462461 0.0 0.0 0.0 0.24624562 0.24624562 0.24624515 0.24624515 0.2462449 0.24624443 0.24624419 0.24624419 1.7190909 1.7190909 1.7190909 1.5028131 1.5028131 1.5028131 1.5028131 1.5028131 1.5028131 1.5028131 1.5028131 1.5028131 1.5028131 1.5028131 1.5028129 1.5028126 1.5028126 1.5028114 1.5028114 1.502811 1.502811 1.502811 1.502811 1.502811 0.41927922 0.4192791 0.41927874 0.41927838 0.41927826 1.4993343 1.4993343 1.4993343 1.5028105 1.5028105 1.5028102 1.5028102 1.5028102 1.5028102 1.719089 1.5028102 1.50281 1.50281 1.50281
0.8434781 0.84347796 0.41923428 0.41923392 0.24619985 0.24619961 0.41923332 0.04421854 0.41923308 0.24619937 0.4382137 0.2461989 0.2461989 0.24619865 1.7190752 1.7190752 1.7190752 1.7190752 1.719075 1.5027947 1.5027947 1.5027947 1.5027945 1.5027945 1.502794 1.502794 1.5027938 1.5027938 1.5027938 1.5027938 1.5027933 1.5027933 1.5027933 1.5027933 1.5027933 1.5027933 1.5027933 1.4993167 0.24619341 0.24619341 0.41922653 0.41922617 0.41922605 0.044211626 0.41922522 0.4192251 1.4993162 1.4993162 1.5027926 1.5027924 1.5027921 1.5027919 1.5027919 1.5027919 1.7190721 1.5027916 1.5027916 1.5027916 1.5027914
0.62788165 1.8688083 0.24615407 0.43816304 0.24615407 0.0 0.044172287 0.044172287 0.04417181 1.3102765 0.41918015 0.41918004 0.2461524 0.24615216 1.7190588 1.7190588 1.7190588 1.7190588 1.5027757 1.5027757 1.5027757 1.5027757 1.5027757 1.5027757 1.5027754 1.5027754 0.24615026 0.24614978 1.5027754 1.5027752 1.5027752 1.502775 1.502775 1.502775 1.5027747 1.5027747 1.5027745 1.4992979 0.24614763 0.24614716 1.7190576 0.4191736 0.41917324 0.04416561 0.41917288 0.4191724 1.4992974 1.5027733 1.5027733 1.5027733 1.5027733 1.5027733 1.5027733 1.502773 1.5027728 1.5027728 1.5027728 1.5027728 1.5027723
0.627826 1.8687885 0.24610782 0.24610782 0.24610734 0.0 0.044125557 0.04412508 0.04412484 0.04412484 0.044124603 0.41912675 0.41912675 1.7190428 1.7190428 1.7190428 1.7190428 1.7190421 1.7190421 1.5027573 1.5027573 1.5027571 1.5027571 1.5027571 1.5027571 1.5027571 0.24610376 0.24610353 1.5027571 1.5027568 1.5027568 1.5027568 1.5027568 1.5027566 1.5027566 1.5027566 1.5027566 1.5027564 0.24610114 1.5027564 1.7190409 0.4191203 0.044118404 0.044118404 0.044118166 0.0 1.499279 1.5027549 1.5027549 1.5027549 1.5027549 1.5027549 1.5027547 1.5027547 1.5027547 1.5027547 1.5027547 1.5027544 1.5027544
0.6277703 0.6277703 0.24606156 0.24606156 0.24606109 0.044078827 0.044078827 0.04407859 0.04407835 0.04407835 0.044077873 0.4190743 0.41907394 1.7190266 1.7190263 1.7190263 1.7190263 1.7190263 1.7190263 1.7190263 1.5027387 1.5027387 1.5027387 1.5027387 1.5027387 0.24605751 0.24605727 0.24605703 1.5027382 0.2460568 1.5027382 1.5027382 1.5027382 1.5027378 1.5027378 1.5027375 1.5027375 1.5027375 1.5027373 1.502737 1.502737 0.41906774 0.41906774 0.044071674 0.044071198 0.0 0.4190663 0.41906607 0.326303 0.43805003 0.43804932 1.5027363 0.12420845 0.12420845 1.5027363 1.5027363 1.5027361 1.5027361 1.5027361
0.6277145 0.62771416 0.24601531 0.24601531 0.41902232 0.044032097 0.04403186 0.04403162 0.04403162 0.04403138 0.41902113 0.419021 1.7190106 1.7190104 1.7190104 1.7190104 1.7190104 1.7190104 1.7190101 0.43800497 0.43800497 0.4380045 1.5027204 1.5027204 1.5027204 0.2460115 0.24601126 0.24601102 0.24601078 0.24601078 1.5027189 0.2460103 1.5027189 1.5027189 1.5027189 1.5027189 1.5027189 1.5027189 1.5027189 1.5027189 1.5027189 0.2460084 0.41901433 0.044024706 0.044024706 0.044024467 0.41901362 0.41901314 1.5027184 0.43799818 0.43799794 0.12419844 0.12419844 1.5027182 1.5027177 1.5027175 1.5027175 1.5027173 1.5027173
0.62765896 0.6276586 0.24596953 0.2459693 0.41897 0.043985844 0.043985605 0.043985367 0.4189688 0.41896856 0.41896832 0.0 1.7189939 0.4189676 0.4189675 0.41896737 1.7189937 1.7189937 1.7189937 0.437953 0.43795276 1.502702 1.502702 1.502702 1.5027018 0.24596477 0.24596477 0.0 0.0 0.24596453 0.24596453 0.24596429 0.24596405 1.502701 1.502701 1.502701 1.7189925 1.7189925 1.502701 1.5027008 1.5027003 1.5027003 0.43794787 0.41896117 0.0 0.0 0.0 0.4189607 0.4189602 1.5026996 0.43794608 0.12418842 0.12418795 1.5026991 0.24595904 0.2459588 0.2459588 0.2459588 1.5026987
0.6276027 0.62760246 0.2459228 0.24592257 0.41891634 0.043938637 0.043938637 0.04393816 0.418916 1.7189779 1.7189779 1.7189779 0.41891527 0.41891515 0.41891456 0.41891456 1.7189775 1.7189775 1.7189775 1.5026829 1.5026829 1.5026829 1.5026829 1.5026829 1.5026829 1.5026829 0.24591899 0.24591875 0.0 0.0 0.0 0.0 0.24591756 0.43789792 1.5026824 1.5026824 1.7189763 1.718976 1.7189758 1.7189758 1.5026822 1.5026822 0.41890907 0.4189086 0.24591565 0.0 0.0 0.4189074 0.41890728 1.502681 0.12417698 0.12417698 0.12417698 1.5026808 0.24591303 0.24591279 0.0 0.24591279 0.24591279
0.6275469 0.62754655 0.24587727 0.24587679 0.41886425 0.043891907 0.043891907 0.04389143 0.41886306 0.41886282 1.7189617 1.502666 0.418862 0.4188614 0.4188614 0.41886103 1.7189615 1.7189612 1.7189612 1.7189612 1.5026653 1.502665 1.502665 0.3261447 0.3261447 0.32614422 0.2458725 0.24587226 0.0 0.0 0.0 0.24587154 0.43784654 0.4378463 0.43784618 0.43784595 0.4378457 1.7189596 1.7189596 1.5026631 1.5026631 1.5026631 0.4188553 0.43887436 0.4188552 0.0 0.24586868 0.41885448 0.41885424 0.12416649 0.12416649 0.12416601 1.5026627 1.5026624 1.5026622 1.502662 1.502662 0.2458663 0.2458663
0.6274915 0.62749135 0.24583077 0.24583077 0.43883097 0.043845177 0.043845177 0.043845177 0.0438447 0.0438447 1.5026474 1.5026474 0.41880918 0.4188087 0.4188087 0.4188087 1.7189445 1.7189445 1.7189445 1.7189445 1.5026469 0.0 0.32610464 0.32610464 0.32610416 0.3261037 0.3261037 0.24582624 0.0 0.24582577 0.24582553 0.41880512 0.418805 0.43779504 0.43779457 0.43779445 0.43779397 1.7189436 1.7189436 1.5026448 1.5026448 1.5026448 0.41880274 0.41880262 0.41880226 0.2458229 0.24582267 1.5026448 0.12415552 0.12415552 0.12415552 0.12415552 1.5026445 1.5026445 1.5026441 1.5026436 0.24582005 0.0 0.2458198
