Export/ASCII/RMeteo_SP_inch/speranza1/RMeteo_2015_SP3_inch.asc
ncols         660
nrows         338
xllcorner     1476100.0
yllcorner     5017100.0
cellsize      100
NODATA_value  -9.9e-20
[rows 34 to 67 of 338, columns 154 to 230 of 660]
0.5172024 0.5172024 0.5172024 0.5172024 0.5172024 0.5172024 0.5172024 0.124246836 0.124246836 0.08436155 0.49010348 0.49010348 0.49010348 0.49010348 0.0 0.0 0.0 0.0 0.49010348 0.49010348 0.49010348 0.49010348 0.49010348 0.49010348 0.08436155 0.08436155 0.08436155 0.08436155 0.08436155 0.49010372 0.49010372 0.08436155 0.08436155 0.08436155 0.08436155 0.08436155 0.08436155 0.08436155 0.08436155 0.08436155 0.08436155 0.49010372 0.0 0.0 0.0 0.0 0.49010372 0.124246955 0.124246955 0.124246955 0.0 0.124246955 0.124246955 0.0 0.0 0.0 0.11138916 0.11138916 0.11138916 0.11138916 0.11138916 2.275962 2.275962 2.275962 2.275962 2.275962 0.124246955 0.124246955 0.0 0.0 0.124246955 0.49010372 0.49010372 0.0 0.49010372 0.49010372 0.124246955
0.15676677 0.5171993 0.5171993 0.5171993 0.5171993 0.5171993 0.5171993 0.124244094 0.084358215 0.084358215 0.49010086 0.49010086 0.49010086 0.49010086 0.124244094 0.0 0.0 0.0 0.0 0.49010086 0.49010086 0.49010086 0.0 0.49010086 0.49010086 0.084358454 0.084358454 0.084358454 0.084358454 0.49010086 0.49010086 0.49010086 0.084358454 0.5821128 0.5821128 0.084358454 0.084358454 0.084358454 0.084358454 0.084358454 0.084358454 0.49010086 0.49010086 0.49010086 0.49010086 0.124244094 0.124244094 0.124244094 0.124244094 0.0 0.0 0.124244094 0.12424421 0.111379385 0.0 0.111379385 0.111379385 0.111379385 0.111379385 0.111379385 0.111379385 2.2759602 0.49010086 0.49010086 2.2759602 2.2759602 2.2759602 0.12424421 0.0 0.076383114 0.0 0.49010086 0.0 0.49010086 0.49010086 0.084358454 0.12424421
0.26657724 0.26657724 0.51719546 0.51719546 0.51719546 0.51719546 0.51719546 0.084355116 0.084355116 0.490098 0.490098 0.490098 0.490098 0.490098 0.12424135 0.0 0.0 0.0 0.0 0.0 0.0 0.0 0.0 0.0 0.490098 0.12424135 0.12424135 2.2759578 0.084355354 0.490098 0.490098 0.490098 0.084355354 0.5821099 0.5821099 0.084355354 0.084355354 0.084355354 0.084355354 0.12424147 0.12424147 0.12424147 0.12424147 0.490098 0.490098 0.12424147 0.12424147 0.12424147 0.12424147 0.0 0.0 0.12424147 0.12424147 0.0 0.0 0.0 0.11136985 0.11136985 0.11136985 0.11136985 2.2759578 2.2759578 0.490098 0.490098 2.2759578 2.2759578 2.2759578 2.2759578 0.0 0.0 0.0 0.0 0.0 0.490098 0.490098 0.084355354 0.084355354
0.2665751 0.2665751 0.5171919 0.5171919 0.5171919 0.5171919 0.5171919 0.49009514 0.08435202 0.49009514 0.49009514 0.49009514 0.49009514 0.49009514 0.0 0.0 0.0 0.0 0.0 0.0 0.0 0.0 0.0 0.0 0.0 0.49009514 0.49009514 0.58210707 0.58210707 0.08435202 0.49009514 0.12423873 0.49009514 0.49009514 0.08435202 0.08435202 0.08435202 2.2759557 2.2759557 0.0 0.12423873 0.12423873 0.12423873 0.12423873 0.08435202 0.12423873 0.12423873 0.12423873 0.12423873 0.0 0.12423873 0.12423873 0.11136031 0.0 0.0 0.0 0.11136031 0.11136031 0.11136031 2.2759557 2.2759557 2.2759557 2.2759557 2.2759557 2.2759557 2.2759557 2.2759557 0.0 0.0 0.0 0.0 0.49009538 0.49009538 0.49009538 0.08435202 0.08435202 0.08435202
0.26657224 0.26657224 0.0 0.5171883 0.5171883 0.5171883 0.5171883 0.49009252 0.49009252 0.49009252 0.49009252 0.49009252 0.49009252 0.58210444 0.0 0.0 0.0 0.0 0.0 0.0 0.0 0.0 0.0 0.0 0.0 0.0 0.49009252 0.58210444 0.58210444 2.2965195 0.08434868 0.12423587 0.49009252 0.49009252 0.08434892 0.58210444 0.58210444 2.275954 0.49009252 0.49009252 0.58210444 0.49009252 0.08434892 0.08434892 0.08434892 0.08434892 0.12423599 0.12423599 0.12423599 0.0 0.12423599 2.2759542 0.08434892 0.11135101 0.11135101 0.11135101 0.11135101 0.08434892 0.08434892 0.08434892 2.2759542 0.08434892 0.12423599 2.2759542 2.2759542 2.2759542 2.2759542 0.0 0.0 0.0 0.0 0.49009252 0.49009252 0.49009252 0.08434892 0.08434892 0.08434892
0.2665701 0.0 0.0 0.0 0.51718473 0.51718473 0.51718473 0.49008965 0.49008965 0.49008965 0.0 0.49008965 0.49008965 0.0 0.0 0.0 0.0 0.0 0.0 0.0 0.0 0.0 0.0 0.0 0.10754943 0.0 0.0 0.12423313 0.0 2.2759516 0.111341 0.111341 0.08434582 0.08434582 0.08434582 0.5821016 0.09330511 0.0 0.0 0.49008965 0.49008965 0.49008965 0.08434582 0.08434582 0.08434582 0.08434582 0.08434582 0.12423313 0.12423313 0.12423313 0.12423313 0.38088632 0.08434582 0.08434582 0.08434582 0.08434582 0.08434582 0.08434582 0.08434582 0.08434582 0.12423313 0.12423313 0.12423313 0.12423313 0.49008965 0.49008965 0.08434582 0.49008965 0.0 0.0 0.0 0.12423313 0.49008965 0.49008965 0.08434582 0.08434582 0.08434582
0.0 0.0 0.0 0.26656723 0.5171814 0.5171814 0.5171814 0.08434248 0.124230266 0.124230266 0.4900868 0.0 0.0 0.0 0.0 0.0 0.0 0.0 0.0 0.0 0.0 0.0 0.0 0.0 0.0 0.0 0.0 0.0 0.0 0.5820987 0.11133146 0.11133146 0.08434248 0.08434248 0.0 0.5820987 0.5820987 0.124230266 0.124230266 0.4900868 0.4900868 0.5820987 0.08434248 0.08434248 0.08434248 0.08434248 0.08434248 0.4900868 0.5820987 0.124230385 0.124230385 0.124230385 0.124230385 0.08434248 0.4900868 0.08434248 0.08434248 0.08434248 0.08434248 0.08434248 0.124230504 0.124230504 0.4900868 0.4900868 0.4900868 0.4900868 0.08434248 0.08434248 0.4900868 0.4900868 0.08434248 0.08434248 0.124230504 0.124230504 0.08434248 0.08434248 0.4900868
0.26656508 0.0 0.0 0.5171776 0.5171776 0.5171776 0.5171776 0.124227524 0.124227524 0.49008393 0.49008393 0.0 0.0 0.0 0.0 0.0 0.0 0.0 0.0 0.0 0.0 0.0 0.0 0.0 0.0 0.10754228 0.0 0.0 0.0 0.08433914 0.11132169 0.11132169 0.12422776 0.12422776 1.2 2.2759476 2.2759476 0.49008393 0.49008393 0.58209586 0.58209586 0.58455276 0.49008393 2.2759476 2.2759476 0.08433938 0.49008393 0.49008393 0.58209586 0.58209586 0.3808806 0.0 0.12422776 0.08433938 0.49008393 0.08433938 0.49008393 0.49008393 0.49008393 0.49008417 0.49008417 0.12422776 0.49008417 0.49008417 0.49008417 0.49008417 0.08433938 0.08433938 2.2759476 2.2759476 0.08433938 0.12422776 0.49008417 0.49008417 0.08433938 0.08433938 0.49008417
0.2665627 0.51717424 0.51717424 0.51717424 0.51717424 0.15674198 0.15674198 0.12422478 0.1242249 0.4900813 0.4900813 0.0 0.0 0.0 0.0 0.0 0.0 0.0 0.0 0.0 0.0 0.0 0.0 0.0 0.0 0.0 0.0 0.0 0.0 0.0 0.08433628 0.1242249 0.1242249 0.1242249 0.4900813 2.2759454 2.2759454 0.4900813 0.4900813 0.58209324 0.58209324 0.4900813 0.4900813 0.4900813 2.2759454 0.08433628 0.0 0.4900813 0.4900813 0.1242249 0.1242249 0.1242249 0.1242249 0.4900813 0.08433628 0.08433628 0.4900813 0.4900813 0.4900813 0.4900813 0.4900813 0.4900813 0.08433628 0.08433628 0.4900813 0.4900813 0.08433628 0.4900813 0.08433628 0.08433628 0.08433628 0.4900813 0.4900813 0.4900813 0.4900813 0.08433628 0.08433628
0.5171704 0.5171704 0.5171704 0.5171704 0.5171704 0.15673852 0.15673852 0.12422204 0.49007845 0.49007845 0.49007845 0.49007845 0.49007845 0.0 0.0 0.0 0.0 0.0 0.0 0.0 0.0 0.0 0.0 0.0 0.0 0.10753536 0.0 0.0 0.0 0.0 0.0 0.12422216 0.3808751 0.12422216 0.08433294 2.2759435 0.49007845 0.5845473 0.49007845 0.5820904 0.5820904 0.49007845 0.5845473 0.49007845 0.5820904 0.08433294 0.08433294 0.0 0.0 0.12422216 0.12422216 0.12422216 0.49007845 0.49007845 0.49007845 0.49007845 0.49007845 0.49007845 0.49007845 0.49007845 0.0 0.49007845 0.49007845 0.08433294 0.08433294 0.49007845 0.08433294 0.49007845 0.49007845 0.08433294 0.08433294 0.49007845 0.49007845 0.49007845 0.49007845 0.49007845 0.12422216
0.51716685 0.51716685 0.51716685 0.51716685 0.51716685 0.51716685 0.0 0.1242193 0.1242193 0.4900756 0.4900756 0.4900756 0.4900756 0.4900756 0.4900756 0.4900756 0.4900756 0.0 0.0 0.0 0.0 0.0 0.0 0.0 0.0 0.0 0.0 0.0 0.0 0.0 0.0 0.0 0.0 0.084329605 0.4900756 0.4900756 0.4900756 0.0 0.4900756 2.2759411 0.084329605 0.4900756 0.4900756 0.58208776 0.58208776 0.58208776 0.084329605 0.084329605 0.1242193 0.12421942 0.12421942 0.4900756 0.0 0.0 0.0 0.0 0.0 0.0 0.0 0.0 0.0 0.49007583 0.49007583 0.08432984 0.08432984 0.08432984 0.08432984 0.49007583 0.08432984 0.08432984 0.08432984 0.08432984 0.12421942 0.49007583 0.49007583 0.0 0.12421942
0.5171635 0.5171635 0.5171635 0.5171635 0.5171635 0.0 0.0 0.0 0.12421644 0.12421644 0.11128354 0.11128354 0.11128354 0.49007273 0.49007273 0.49007273 0.49007273 0.0 0.0 0.0 0.0 0.0 0.0 0.0 0.0 0.0 0.0 0.0 0.0 0.0 0.0 0.0 0.0 0.0 0.49007273 0.49007273 0.49007273 0.49007273 0.49007273 0.084326744 0.49007273 0.49007273 0.49007297 0.084326744 0.5820849 0.084326744 0.084326744 0.084326744 0.49007297 0.124216676 0.49007297 0.0 0.0 0.0 0.0 0.0 0.0 0.0 0.49007297 0.49007297 0.49007297 0.49007297 0.084326744 0.084326744 0.084326744 0.084326744 0.084326744 0.084326744 0.084326744 0.084326744 0.084326744 0.084326744 0.49007297 0.49007297 0.49007297 0.49007297 0.124216676
0.0 0.0 0.0 0.5171597 0.5171597 0.0 0.0 0.124213815 0.124213815 0.124213815 0.58208203 0.58208203 0.58208203 0.49006987 0.49006987 0.49006987 0.0 0.0 0.0 0.0 0.0 0.0 0.0 0.0 0.0 0.0 0.0 0.0 0.0 0.0 0.0 0.0 0.0 0.0 0.084323406 0.4900701 0.4900701 0.124213934 0.5820823 0.4900701 0.4900701 0.4900701 0.084323406 0.084323406 0.084323406 0.084323406 0.4900701 0.4900701 0.4900701 0.4900701 0.4900701 0.0 0.0 0.0 0.0 0.0 0.0 0.0 0.4900701 0.4900701 0.4900701 0.4900701 0.084323406 0.084323406 0.0 0.0 0.0 0.084323406 0.084323406 0.084323406 0.084323406 0.4900701 0.4900701 0.4900701 0.0 0.0 0.0
0.0 0.0 0.0 0.51715636 0.51715636 0.0 0.0 0.12421107 0.12421107 0.08432007 0.5820794 0.5820794 0.12421107 0.49006724 0.49006724 0.49006724 0.0 0.0 0.0 0.0 0.0 0.0 0.0 0.0 0.0 0.0 0.0 0.0 0.12421107 0.12421107 0.0 0.0 0.0 0.084320545 0.084320545 0.084320545 0.5820794 0.5820794 0.5820794 0.084320545 0.49006724 0.49006724 1.7121546 0.084320545 0.084320545 0.084320545 0.49006724 0.49006724 0.084320545 0.12421119 0.49006724 0.0 0.0 0.0 0.0 0.0 0.0 0.0 0.49006724 0.49006724 0.49006724 0.084320545 0.0 0.0 0.0 0.0 0.0 0.084320545 0.084320545 0.084320545 0.084320545 0.49006724 0.49006724 0.0 0.0 0.0 0.0
0.0 0.0 0.0 0.0 0.0 0.0 0.0 0.0 0.12420833 0.08431721 0.08431721 0.49006462 0.49006462 0.49006462 0.49006462 0.49006462 0.0 0.0 0.0 0.0 0.0 0.0 0.0 0.0 0.0 0.0 0.0 0.0 0.49006462 0.49006462 0.49006462 0.0 0.0 0.08431721 0.08431721 0.08431721 0.12420833 0.58207655 0.08431721 0.08431721 0.49006486 0.58453345 0.49006486 0.49006486 0.08431721 0.49006486 0.49006486 0.58207655 0.08431721 0.12420845 0.12420845 0.49006486 0.0 0.0 0.0 0.0 0.0 0.10751772 0.0 0.49006486 0.49006486 0.58207655 0.0 0.0 0.0 0.0 0.0 0.11125517 0.08431721 0.08431721 0.58453345 0.49006486 0.49006486 0.0 0.0 0.0 0.0
0.0 0.0 0.0 0.0 0.0 0.0 0.15671742 0.12420559 0.12420559 0.12420559 0.08431387 0.49006176 0.49006176 0.0 0.0 0.0 0.0 0.0 0.0 0.0 0.0 0.0 0.0 0.0 0.0 0.0 0.0 0.10751414 0.0 0.49006176 0.49006176 2.2759302 0.0 0.0 0.0 0.08431387 0.08431387 0.08431387 0.08431387 0.08431387 0.08431387 0.49006176 0.49006176 0.5845306 0.49006176 0.49006176 0.49006176 0.5845306 0.12420571 0.12420571 0.12420571 0.49006176 0.49006176 0.7383306 0.49006176 0.490062 0.490062 0.490062 0.0 0.490062 0.5820737 0.5820737 0.0 0.0 0.0 0.0 0.0 0.111245394 0.0 0.08431411 0.490062 0.490062 0.490062 0.490062 0.0 0.0 0.0
0.0 0.0 0.0 0.0 0.51714563 0.51714563 0.15671396 0.08431077 0.08431077 0.12420285 0.12420285 0.4900589 0.4900589 0.4900589 0.0 0.0 0.0 0.0 0.0 0.0 0.0 0.0 0.0 0.0 0.0 0.0 0.0 0.0 0.0 0.49005914 0.49005914 0.12420285 0.12420285 0.49005914 0.12420285 0.5820708 0.49005914 0.49005914 0.08431101 0.08431101 0.49005914 0.4900589 0.0 0.0 0.0 0.58452773 0.4900589 0.4900589 0.12420285 0.12420285 0.4900589 0.4900589 0.4900589 0.4900589 0.12420285 0.12420285 0.49005914 0.49005914 0.49005914 0.12420285 0.58207107 0.58207107 0.0 0.0 0.0 0.0 0.0 0.111236095 0.08431101 0.08431101 0.08431101 0.58452797 0.08431101 0.12420285 0.49005914 0.49005914 0.49005914
0.0 0.51714206 0.51714206 0.51714206 0.51714206 0.15671015 0.26654053 0.08430767 0.08430767 0.08430767 0.124200106 0.124200106 0.124200106 0.49005628 0.0 0.0 0.0 0.0 0.0 0.0 0.0 0.0 0.0 0.0 0.0 0.49005628 0.0 0.0 0.0 0.49005628 0.49005628 0.49005628 0.49005628 0.49005628 0.49005628 0.4900565 0.50729394 0.4900565 0.4900565 0.0 0.0 0.0 0.0 0.0 0.0 0.0 0.0 0.07632685 0.0 0.124200106 0.124200106 0.124200106 0.49005628 0.49005628 0.124200106 0.124200106 0.0 0.0 0.124200106 0.124200106 0.5820682 0.5820682 0.0 0.0 0.0 0.0 0.0 0.11122656 0.08430767 0.08430767 0.4900565 0.4900565 0.0 0.124200344 0.4900565 0.4900565 0.4900565
0.5171385 0.5171385 0.15670669 0.15670669 0.5171385 0.15670669 0.26653767 0.08430433 0.08430433 0.08430433 0.08430433 0.124197245 0.124197245 0.124197364 0.124197364 0.0 0.0 0.0 0.0 0.0 0.0 0.49005342 0.49005342 0.0 0.49005342 0.49005342 0.49005342 0.49005342 0.0 0.49005342 0.49005365 0.49005365 0.49005365 0.49005365 0.49005365 0.49005365 0.0 0.0 0.0 0.0 0.0 0.0 0.0 0.0 0.0 0.0 0.0 0.0 0.0 0.0 0.0 0.12419748 0.49005365 0.49005365 0.0 0.0 0.0 0.08430457 0.08430457 0.12419748 0.58206534 0.07632327 0.0 0.0 0.0 0.0 0.0 0.08430457 2.2759244 0.49005365 0.49005365 0.0 0.49005365 0.49005365 0.49005365 0.49005365 0.49005365
0.5171349 0.28067493 0.15670323 0.6069015 0.15670323 0.15670323 0.26653552 0.08430147 0.08430147 0.08430147 0.12419462 0.12419462 0.12419462 0.12419462 0.0 0.0 0.0 0.0 0.0 0.4900508 0.4900508 0.4900508 0.4900508 0.4900508 0.4900508 0.4900508 0.4900508 0.4900508 0.0 0.4900508 0.4900508 0.4900508 0.4900508 0.4900508 0.4900508 0.0 0.0 0.0 0.0 0.0 0.0 0.0 0.0 0.0 0.0 0.0 0.0 0.0 0.0 0.0 0.0 0.0 0.12419462 0.12419462 0.08430147 0.08430147 0.08430147 0.08430147 0.12419462 0.4900508 0.12419462 0.12419462 0.12419462 0.12419462 0.08430147 0.08430147 0.08430147 0.08430147 2.275922 0.4900508 0.4900508 0.4900508 0.4900508 0.12419462 0.4900508 0.4900508 0.4900508
0.5171313 0.5171313 0.15669978 0.60689795 0.15669978 0.15669978 0.26653314 0.084298134 0.084298134 0.084298134 0.12419176 0.12419176 0.12419176 0.12419176 0.0 0.0 0.0 0.0 0.49004793 0.49004793 0.49004793 0.084298134 0.084298134 0.49004793 0.49004793 0.49004793 0.49004793 0.49004793 0.0 0.49004793 0.49004793 0.49004793 0.49004793 0.49004793 0.49004793 0.49004793 0.0 0.0 0.0 0.0 0.0 0.0 0.0 0.0 0.0 0.0 0.0 0.0 0.0 0.0 0.0 0.0 0.49004793 0.49004793 0.084298134 0.58205986 0.58205986 0.58205986 0.12419188 0.12419188 0.6882236 0.58205986 0.12419188 0.12419188 0.084298134 0.11119771 0.084298134 0.084298134 0.49004793 0.49004793 0.49004793 0.0 0.49004793 0.084298134 0.49004793 0.49004793 0.49004793
0.51712775 0.51712775 0.15669608 0.15669608 0.15669608 0.15669608 0.2665305 0.084294796 0.084294796 0.084294796 0.12418902 0.12418902 0.084294796 0.12418902 0.12418902 0.12418902 0.0 0.49004507 0.49004507 0.12418902 0.12418902 0.12418902 0.084294796 0.084294796 0.084294796 1.7121265 0.4900453 0.4900453 0.4900453 0.58205724 0.5845139 0.4900453 0.4900453 0.4900453 0.4900453 0.4900453 0.0 0.0 0.10749316 0.0 0.0 0.0 0.0 0.0 0.0 0.10749316 0.0 0.0 0.0 0.0 0.0 0.0 0.4900453 0.4900453 0.4900453 0.12418902 0.12418902 0.12418902 0.12418902 0.084295034 2.2759178 0.4900453 0.4900453 0.084295034 0.60563254 0.11118841 0.11118841 0.084295034 0.4900453 0.4900453 0.4900453 0.4900453 0.4900453 0.084295034 0.4900453 0.4900453 0.4900453
0.5171242 0.26652813 0.26652813 0.26652813 0.26652813 0.1566925 0.1566925 0.0842917 1.7121227 0.0842917 0.0 0.0842917 0.0842917 0.0842917 0.12418628 0.12418628 0.12418628 0.12418628 0.12418628 0.0842917 0.12418628 0.0842917 0.0842917 0.0842917 0.084291935 0.084291935 0.084291935 0.49004245 0.5820544 0.5820544 0.5820544 0.084291935 0.5820544 0.49004245 0.49004245 0.49004245 0.7383113 0.0 0.0 0.0 0.0 0.0 0.0 0.0 0.0 0.0 0.0 0.0 0.0 0.0 0.0 0.0 0.0 0.49004245 0.49004245 0.084291935 0.124186516 0.084291935 0.084291935 0.084291935 0.084291935 0.49004245 0.49004245 0.49004245 0.5820544 0.5820544 0.1111784 0.1111784 2.2759159 0.58451104 0.49004245 0.49004245 0.124186516 0.124186516 0.084291935 0.084291935 0.084291935
0.15668905 0.26652527 0.26652527 0.26652527 0.26652527 0.15668905 0.15668905 0.0842886 0.0842886 0.0 0.0 0.0842886 0.0842886 0.0842886 0.0842886 0.0842886 0.0842886 0.124183536 0.124183536 0.0842886 0.0842886 0.0842886 0.0842886 0.0842886 0.0842886 0.0842886 0.0842886 0.0842886 0.5820515 0.5820515 0.0842886 0.0842886 0.4900396 0.4900396 0.4900396 0.4900396 0.4900396 0.4900396 0.0 0.0 0.0 0.0 0.0 0.0 0.0 0.0 0.0 0.0 0.0 0.0 0.0 0.0842886 0.4900396 0.4900396 0.4900396 0.124183655 0.124183655 0.124183655 0.0842886 0.0842886 0.4900396 0.4900396 0.0 0.4900396 0.4900396 0.4900396 0.4900396 0.1111691 0.4900396 0.4900396 0.4900396 0.4900396 0.5820515 0.124183655 0.084288836 0.084288836 0.084288836
0.517117 0.517117 0.517117 0.517117 0.26652312 0.26652312 0.26652312 0.08428526 0.08428526 2.2759116 0.0 0.0 0.08428526 0.08428526 0.08428526 0.08428526 0.08428526 0.08428526 0.08428526 0.08428526 0.0842855 0.0842855 0.0842855 0.0842855 0.0842855 0.0842855 0.0842855 0.0842855 0.084285736 0.084285736 0.084285736 0.49003673 0.49003673 0.0 0.49003673 0.49003673 0.49003673 0.49003673 0.0 0.0 0.0 0.0 0.0 0.0 0.0 0.0 0.0 0.0 0.0 0.0 0.12418091 0.084285736 0.084285736 0.12418091 0.12418091 0.12418091 0.12418091 0.12418091 0.12418091 0.49003673 0.49003673 0.49003673 0.0 0.0 0.22506166 0.12418091 0.12418091 0.12418091 0.49003673 0.49003673 0.49003673 0.58204865 0.49003673 0.084285736 0.084285736 0.084285736 0.084285736
0.51711345 0.51711345 0.51711345 0.51711345 0.51711345 0.26652026 0.6068802 0.5820458 0.5820458 0.0842824 0.0 0.0 0.0842824 0.0842824 0.0842824 0.0842824 0.0842824 0.0842824 0.0842824 0.0842824 0.0842824 0.0842824 0.0842824 0.0842824 0.0842824 0.0842824 0.0842824 0.0842824 0.0842824 0.0842824 0.0842824 0.49003386 0.49003386 0.49003386 0.0 0.49003386 0.49003386 0.0 0.0 0.0 0.0 0.0 0.0 0.0 0.0 0.0 0.0 0.0 0.0 0.0 0.12417805 0.4900341 0.0842824 0.12417805 0.12417805 0.12417805 0.0 0.0 0.12417805 0.4900341 0.4900341 0.4900341 0.0 0.0 0.0 0.0 0.0 0.0 0.0 0.0 0.4900341 0.4900341 0.4900341 0.4900341 0.4900341 0.0842824 0.5820463
0.0 0.5171101 0.26651812 0.5171101 0.5171101 0.15667844 0.6068766 0.5820432 0.5820432 0.08427906 0.08427906 0.0 0.08427906 0.08427906 0.08427906 0.08427906 0.08427906 0.08427906 0.08427906 0.08427906 0.08427906 0.08427906 0.08427906 0.08427906 0.08427906 0.08427906 0.08427906 0.08427906 0.08427906 0.08427906 0.49003124 0.49003124 0.49003124 0.0 0.0 0.0 0.0 0.0 0.0 0.0 0.0 0.0 0.0 0.0 0.0 0.0 0.0 0.0 0.0 0.0 0.49003124 0.49003124 0.49003124 0.49003124 0.12417543 0.12417543 0.12417543 0.0 0.12417543 0.12417543 2.2759078 0.49003124 0.12417543 0.0 0.0 0.0 0.0 0.0 0.0 0.0 0.0 0.0 0.0 0.49003124 0.49003124 0.08427906 0.5820434
0.5171063 0.5171063 0.5171063 0.26651573 0.5171063 0.1566751 0.1566751 0.5820403 0.08427596 0.08427596 0.08427596 0.0 0.08427596 0.08427596 0.08427596 0.0842762 0.0842762 0.0842762 0.0842762 0.0842762 0.0842762 0.0842762 0.0842762 0.0842762 0.0842762 0.0842762 0.0842762 0.0842762 0.0842762 0.0842762 2.2759054 0.49002838 0.49002838 0.49002838 0.0 0.0 0.0 0.0 0.0 0.0 0.0 0.0 0.0 0.0 0.0 0.0 0.0 0.0 0.0 0.0 0.0 0.0 0.49002838 0.49002838 0.12417269 0.12417269 0.12417269 0.0 0.0 0.12417269 0.12417269 0.12417269 0.12417269 0.0 0.0 0.0 0.0 0.0 0.12417269 0.12417269 0.49002838 0.0 0.0 0.0 0.49002838 0.49002838 0.49002838
0.51710296 0.51710296 0.51710296 0.51710296 0.51710296 0.51710296 0.2665131 0.08427286 0.08427286 0.08427286 0.08427286 0.08427286 0.08427286 0.08427286 0.08427286 0.08427286 0.08427286 0.08427286 0.08427286 0.0 0.0 0.08427286 0.08427286 0.08427286 0.08427286 0.08427286 0.08427286 0.08427286 0.08427286 0.08427286 2.2759035 0.49002576 0.49002576 0.0 0.0 0.0 0.0 0.0 0.0 0.0 0.12416983 0.12416983 0.0 0.0 0.0 0.0 0.0 0.10746837 0.0 0.0 0.0 0.0 0.0 0.49002576 0.49002576 0.12416983 0.12416983 0.0 0.0 0.0 0.12416983 0.12416983 0.12416983 0.0 0.0 0.0 0.0 0.0 0.12416983 0.49002576 0.12416983 0.0 0.0 0.0 0.49002576 0.49002576 0.49002576
0.5170994 0.5170994 0.0 0.5170994 0.26651073 0.51709914 0.51709914 0.08426952 0.08426952 0.08426952 0.08426952 0.08426952 0.08426952 0.08426952 0.08426952 0.08426952 0.0 0.08426952 0.08426952 0.08426952 0.08426952 0.08426952 0.08426952 0.08426952 0.08426952 0.08426952 0.08426952 0.08426952 0.08426952 0.08426952 0.4900229 0.5820348 0.07628441 0.0 0.0 0.0 0.0 0.0 0.0 0.4900229 0.4900229 0.4900229 0.4900229 0.0 0.0 0.0 0.10746479 0.0 0.0 0.0 0.0 0.10746479 0.0 0.4900229 0.68819857 0.08426952 0.124167085 0.124167085 0.124167085 0.124167085 0.124167085 0.0 0.0 0.0 0.0 0.0 0.0 0.0 0.4900229 0.4900229 0.4900229 0.49002314 0.49002314 0.49002314 0.49002314 0.124167085 0.124167085
0.15666449 0.51709557 0.0 0.51709557 0.51709557 0.2665081 0.51709557 0.4900198 0.08426666 0.08426666 0.08426666 0.08426666 0.08426666 0.08426666 0.08426666 0.08426666 0.08426666 0.0 0.0 0.08426666 0.08426666 0.08426666 0.08426666 0.08426666 0.08426666 0.08426666 0.08426666 0.08426666 0.49002028 0.49002028 0.49002028 0.49002028 0.49002028 0.0 0.0 0.0 0.0 0.0 0.0 0.0 0.49002028 0.49002028 0.49002028 0.49002028 0.0 0.0 0.0 0.0 0.0 0.49002028 0.49002028 0.49002028 0.0 0.49002028 0.12416434 0.08426666 0.49002028 0.12416434 0.49002028 0.12416434 0.12416434 0.0 0.0 0.0 0.0 0.0 0.0 0.0 0.0 0.0 0.49002028 0.49002028 0.12416434 0.12416434 0.0 0.12416434 0.12416434
0.60685885 0.5170922 0.0 0.0 0.5170922 0.5170922 0.5170922 0.49001718 0.084263325 0.084263325 0.084263325 0.084263325 0.084263325 0.084263325 0.084263325 0.084263325 0.084263325 0.084263325 0.0 0.084263325 0.084263325 0.084263325 0.084263325 0.084263325 0.084263325 0.084263325 0.084263325 0.084263325 0.49001718 0.49001718 0.49001718 0.49001718 0.0 0.0 0.0 0.0 0.0 0.0 0.0 0.0 0.4900174 0.1241616 0.11109257 0.4900174 0.4900174 0.0 0.4900174 0.4900174 0.0 0.4900174 0.4900174 0.4900174 0.0 0.4900174 0.084263325 0.4900174 0.4900174 0.4900174 0.4900174 0.1241616 0.0 0.0 0.0 0.0 0.0 0.0 0.0 0.0 0.0 0.0 0.0 0.0 0.0 0.1241616 0.1241616 0.1241616 0.1241616
0.5170884 0.5170884 0.0 0.5170884 0.51708865 0.51708865 0.2665031 0.49001455 0.49001455 0.08425999 0.08425999 0.08425999 0.08425999 0.08425999 0.08425999 0.0 0.08425999 0.08425999 0.08425999 0.0 0.0 0.08425999 0.08425999 0.08425999 0.08425999 0.08425999 0.5820265 0.5820265 0.4900148 0.0 0.0 0.0 0.0 0.0 0.0 0.0 0.0 0.0 0.0 0.4900148 0.4900148 0.12415886 0.4900148 0.4900148 0.4900148 0.4900148 0.4900148 0.4900148 0.4900148 0.4900148 0.4900148 0.12415886 0.0 0.4900148 0.4900148 0.4900148 0.4900148 0.0 0.0 0.0 0.0 0.0 0.0 0.0 0.0 0.0 0.0 0.0 0.0 0.0 0.0 0.4900148 0.4900148 0.12415886 0.12415886 0.12415886 0.12415886
0.5170851 0.5170851 0.0 0.5170851 0.5170851 0.5170851 0.5170851 0.4900117 0.4900117 0.08425689 0.08425689 0.08425689 0.08425689 0.08425689 0.08425689 0.08425689 0.08425689 0.08425689 0.08425689 0.08425689 0.08425689 0.08425689 0.08425689 0.08425689 0.08425689 0.08425689 0.5820236 0.5820236 0.49001193 0.0 0.0 0.0 0.0 0.0 0.0 0.49001193 0.49001193 0.0 0.0 0.49001193 0.49001193 0.111073256 0.49001193 0.49001193 0.49001193 0.49001193 0.58202386 0.12415624 0.49001193 0.49001193 0.49001193 0.12415612 0.12415612 0.12415612 0.49001193 0.49001193 0.0 0.0 0.0 0.0 0.0 0.0 0.0 0.0 0.0 0.0 0.0 0.0 0.0 0.0 0.49001193 0.0 0.49001193 0.0 0.12415612 0.12415612 0.12415612
