Export/ASCII/RMeteo_SP_inch/speranza1/RMeteo_2018_SP2_inch.asc
ncols         660
nrows         338
xllcorner     1476100.0
yllcorner     5017100.0
cellsize      100
NODATA_value  -9.9e-20
[rows 162 to 188 of 338, columns 60 to 119 of 660]
2.4010458 2.4010463 2.4010463 2.4010463 2.4010463 2.4010463 2.1533332 2.4010463 2.4010463 2.4010463 2.4010463 2.4010463 2.4010463 2.1533332 2.4010463 2.0313907 2.166553 1.7659572 1.7659575 2.3769798 2.3769798 2.3769798 2.3769798 2.479037 2.479037 2.479037 3.23191 2.479037 3.3436573 3.3436573 3.3436573 2.4790375 3.3436573 3.4745064 3.231911 3.231911 2.2932534 2.2932534 2.4790375 3.0558321 3.0558321 1.9583803 1.9126729 1.8597828 1.958381 1.9853023 1.859783 1.8597833 1.8597833 2.263775 2.092561 2.4614391 2.2377062 2.4723692 1.8597835 1.068183 1.068183 1.068183 1.0681832 1.0681832
2.4010196 2.153307 2.153307 2.4010196 2.40102 2.40102 2.1533074 2.1533074 2.40102 2.1533074 2.401021 2.1533084 2.401021 2.401021 2.1533084 1.7659439 2.1104808 1.7659439 1.9852818 2.3769684 2.3769684 2.3769684 2.3769684 2.4790246 2.4790246 3.3436437 3.231894 2.479025 0.0 3.343644 3.343644 2.479025 2.479025 3.3436441 3.231894 2.2932372 2.2932372 2.2932372 3.47449 3.2434907 3.1273212 1.8597602 1.8597602 1.8597602 1.998252 1.8597602 1.8597602 1.9583575 3.0558152 2.4252615 2.0722733 2.4415433 2.0722733 2.1045313 2.0925379 2.0925384 1.0681634 1.632759 1.0681636 1.0681636
2.4009948 2.4009948 2.4009948 2.4009948 2.4009948 2.4009948 2.4009948 2.4009948 2.4009948 2.153283 2.4009948 2.4009948 2.4009953 2.4009953 2.6885808 2.110545 1.7659293 1.7659293 1.871328 1.7659293 2.3769574 2.3769574 3.181006 3.3436303 3.3436303 3.3436303 3.3436303 2.4790132 2.4790132 3.3436306 3.3436306 3.3436306 3.3436306 3.3436306 3.3436306 3.3436306 2.2932215 4.489476 2.293222 2.293222 3.055799 1.859737 1.9126264 1.9126264 1.859737 1.859737 2.072258 2.283592 3.343631 3.9311225 3.3436308 2.441538 2.072258 2.2406526 2.2295728 1.8597375 1.8975116 1.0681441 1.0681441 1.0681441
2.400971 2.4009714 2.4009714 2.4009714 2.4009714 2.400972 2.400972 2.400972 2.400972 2.400972 2.400972 2.400972 2.400972 2.400972 2.400972 2.400972 1.7659158 2.1104548 1.7659158 1.9852399 2.3769467 2.3769467 3.1809943 3.3436167 3.3436167 3.343617 3.0557828 3.0557828 0.0 3.3436172 3.3436172 3.3436172 3.3436174 3.3436174 3.3436174 4.362853 3.3436174 3.231862 3.231862 3.231862 3.3173976 2.2932062 2.4415128 2.1633863 2.0722404 2.4136992 2.0722404 3.7436745 3.3436174 3.3436177 3.8293414 3.3436177 4.08415 3.4744594 3.5743039 3.0557837 3.1272888 3.0557837 1.8597151 1.0681252
2.1532326 2.4009433 2.4009433 2.1532326 2.1532326 2.4009433 2.4009433 2.4009433 2.1532326 2.1532326 2.4009442 2.4009442 2.4009442 2.153234 2.4009447 2.3752708 2.6885293 1.7674271 1.7659017 1.9700397 1.855321 2.3769355 3.180983 3.2913296 3.2318456 3.2318456 3.0557668 3.0557668 3.0557668 3.4744434 3.3436043 3.3436043 3.3436043 3.3436043 3.3436043 3.231846 3.231846 3.231846 3.231846 3.231846 3.474444 3.6424782 3.3436043 3.6424792 3.3436043 3.9310925 3.3436043 3.3436043 3.3436043 3.3436043 3.3436043 3.3436048 3.3436048 3.3436048 3.4744442 3.4744442 3.6078577 1.8596925 1.9125811 1.8596925
2.400916 2.400916 2.4009166 2.4009166 2.1532068 2.4009166 2.4009166 2.4009166 2.4009166 2.4009166 2.4009166 2.4009166 2.4009166 2.4009166 2.4009166 2.4009166 2.4580476 1.7658871 1.8712834 1.7658876 1.8553005 2.3769245 3.180972 3.2318296 3.2318296 3.2318301 3.0557504 3.0557504 3.2434273 3.4744277 3.3435898 3.4744277 3.474428 3.474428 3.474428 3.2318306 3.2318306 2.2931757 3.2318306 3.0557513 3.0557513 3.3435898 3.3435898 3.3435898 3.3435898 3.3435898 3.3435898 3.34359 3.34359 3.34359 3.34359 3.231831 3.3435905 3.0557513 3.0557513 3.0557513 3.0557513 3.0557513 1.9981576 1.8596696
2.4008937 2.153185 2.4008946 2.4008946 2.4008946 2.4008946 2.4008946 2.4008946 2.4008946 2.153185 2.4008946 2.153185 2.4008946 2.4008946 2.4008946 2.4008946 2.400895 2.4580262 2.6862743 2.632609 2.4875803 3.1809611 3.1809611 3.3435767 3.3435767 3.474412 3.0557346 3.0557346 3.3435767 3.3435767 3.3435767 3.4744122 3.4744122 3.4744122 3.2318144 3.2912984 3.2318144 2.29316 3.0557346 3.0557346 3.343577 3.343577 3.343577 3.343577 3.343577 3.3435774 3.3435774 3.3435774 3.3435774 3.3435776 3.3435776 3.2318144 3.2318144 3.2318144 3.2318144 3.0557356 3.0557356 3.1272388 3.0557356 1.8596464
2.4008675 2.4008675 2.4008675 2.1531591 2.1531591 2.4008684 2.1531596 2.1531596 2.4008684 2.4008684 2.4008684 2.1531596 2.4008684 2.4008684 2.4008684 2.1531596 2.400869 2.15316 2.4008694 2.4008694 2.4008694 2.4008694 3.4869418 3.4743967 3.4743967 3.4743967 3.4743967 3.4743967 3.343563 3.343563 3.343563 3.343563 3.4743972 3.343563 3.2912812 3.2317977 3.2317977 2.2931442 3.2433949 3.0557184 3.343563 3.4743974 3.3435633 3.3435636 3.3435636 3.3435636 3.3435636 3.3435638 3.2317977 3.055719 3.2317977 3.2317982 3.3435638 3.2317982 3.2317982 2.2931452 2.2931452 2.4789543 3.0557199 1.9582165
2.4008431 2.4008431 2.4008431 2.4008431 2.4008431 2.1531348 2.1531348 2.4008431 2.4008436 2.4008436 2.4008436 2.4008436 2.4008436 2.1531353 2.1531353 2.4008436 2.4008436 2.4008436 2.4008436 2.4008436 2.4008436 2.400844 2.376892 3.4743812 3.4743812 3.4743812 3.4743812 3.4743812 3.4743812 2.4789424 3.2317815 3.2317815 3.4743814 3.3435504 3.3435504 3.3435504 3.3435504 3.3435504 3.0557027 3.0557027 3.3435504 3.3435504 3.3435504 3.3435504 3.3435504 3.3435504 3.3435507 3.2912664 3.2317822 3.2912664 3.2317822 3.2317822 3.343551 3.4111834 2.2931294 2.8063207 3.4743817 2.7185638 3.2317822 3.1923034
2.153112 2.4008198 2.153112 2.4008198 2.4008198 2.4008198 2.4008198 2.4008198 2.153112 2.4008198 2.4008198 2.153112 2.4008198 2.4008203 2.4008203 2.4008203 2.4008203 2.4008203 2.4008203 2.4008203 2.4008203 2.4008203 2.4008203 2.7661176 3.4743655 3.4743655 2.4789295 3.4743655 3.4743657 3.4743657 3.2317657 3.2317662 3.474366 2.4789302 3.2317662 3.3435364 3.3435364 3.3435364 3.0556874 3.0556874 3.0556874 3.0556874 3.0556874 2.293114 3.3435366 3.3435366 3.3435366 3.2317662 3.2317662 3.2317662 3.2317662 3.3435369 3.3435369 3.055688 3.055688 3.055688 3.055688 3.055688 3.055688 3.1271892
2.400793 2.400793 2.400793 2.400793 2.400793 2.400793 2.400793 2.400793 2.4007936 2.400794 2.400794 2.400794 2.400794 2.400794 2.4007945 2.4007945 2.4007945 2.4007945 2.4007945 2.1530876 2.4007945 2.4007945 2.4579318 1.95079 2.4789183 3.47435 3.0556707 3.0556707 3.0556707 3.4743502 3.3435233 3.3435237 3.3435237 2.4789186 3.23175 3.23175 3.3435237 3.343524 3.0556712 3.0556712 3.0556712 3.0556712 3.0556712 2.2930984 3.23175 3.23175 3.23175 3.23175 3.23175 3.23175 3.0556712 3.0556712 3.0556712 3.0556712 3.0556712 3.343525 3.343525 3.2317505 3.2317505 2.478919
2.1530614 2.4007678 2.1530614 2.4007678 2.4007678 2.4007678 2.1530614 2.4007678 2.4007678 2.1530614 2.1530614 2.4007678 2.4007678 2.1530614 2.1530614 2.4007678 2.1530614 2.1530614 2.1530614 2.4007678 2.1530614 2.1530614 2.4007678 2.6153984 1.9507672 3.7180467 3.055654 3.055654 3.055654 2.4789066 3.3435097 3.3435097 3.3435097 2.478907 3.3435094 3.2317333 3.3435094 3.3435097 3.3435097 3.0556545 3.2433305 3.0556545 3.4743347 3.4743347 3.2317338 3.2317338 3.0556545 3.0556545 3.055655 3.055655 3.4743352 3.3435097 3.3435097 3.3435097 3.3435097 3.3435097 3.2317338 3.2317343 3.2317343 3.2317343
2.4007406 2.4007406 2.4007406 2.4007406 2.4007406 2.4007406 2.4007406 2.4007406 2.4007406 2.4007416 2.4007416 2.4007416 2.4007416 2.4007416 2.4007416 2.4007416 2.4007416 2.400743 2.400743 2.400743 2.400743 2.400743 2.400743 2.7058074 3.0125916 1.7550067 3.4743187 3.0556386 3.0556386 2.4788947 2.4788947 2.4788947 2.4788947 2.4788947 3.3434963 3.2317178 3.3434963 3.3434963 3.3434963 3.0556388 3.0556388 3.2317185 2.2930677 3.0556388 3.0556388 3.0556388 3.3434968 3.3434968 3.3434968 3.3434968 3.3434968 3.3434968 3.3434973 3.3434973 3.3434973 3.3434973 3.231719 3.231719 3.3434973 3.3434973
2.4007158 2.4007158 2.4007158 2.4007158 2.4007158 2.4007158 2.4007158 2.4007158 2.4007158 2.4007163 2.4007163 2.4007163 2.4007163 2.4007163 2.4007163 2.1530108 2.1530108 2.1530108 2.4007163 2.4007163 2.4007163 2.1530108 2.1530113 2.3637314 2.7010357 2.6752672 2.0720801 2.2930515 3.2317014 3.2317014 3.055622 3.055622 3.055622 3.055622 3.055622 3.055622 3.055622 3.055622 3.055622 3.055622 3.055622 3.2317019 3.2317019 3.2317019 3.3434834 3.3434834 3.3434834 3.3434834 3.3434834 3.3434834 3.3434834 3.3434834 3.3434837 3.3434837 3.343484 2.0720816 3.343484 3.343484 3.343484 2.4788837
2.4006906 2.4006906 2.152986 2.152986 2.400691 2.400691 2.1529865 2.400691 2.1529865 2.152987 2.4006915 2.152987 2.152987 2.4006915 2.152987 2.152987 2.4006915 2.4006915 2.152987 2.4006915 2.4006915 2.4006915 2.4006915 2.6153226 2.6469522 2.6752439 2.0343723 2.293036 3.291169 3.231685 3.0556052 3.0556056 3.0556056 3.426199 3.0556064 3.0556064 3.3434699 3.3434699 3.3434699 3.3434699 3.3434699 3.2316852 3.2316854 3.2316854 3.3434699 3.3434699 3.3434699 3.3434699 3.3434703 3.3434703 3.3434703 3.3434703 3.3434703 3.3434703 3.3434703 2.3335674 3.3434706 3.3434706 3.3434706 2.4788723
2.4006648 2.4006648 2.4006648 2.4006648 2.4006648 2.4006648 2.4006648 2.4006648 2.4006648 2.4006648 2.4006648 2.4006648 2.4006648 2.4006648 2.4006648 2.4006653 2.4006653 2.4006653 2.4006653 2.4006653 2.4006658 2.4006658 2.4006658 2.3636832 2.6469264 2.79168 3.0125265 3.0555902 3.0555902 3.0555902 3.0555902 3.3434556 3.3434556 3.3434556 3.231669 3.231669 3.3434556 3.3434556 3.3434556 3.3434556 3.3434558 3.3434558 3.3434558 2.0720487 2.2292686 2.0922184 3.3434563 2.47886 3.3434563 3.3434563 3.3434563 3.3434563 3.3434565 3.3434565 3.4742732 3.9309232 2.0720491 3.3434567 3.3434567 3.3434567
2.4006405 2.4006405 2.4006405 2.400641 2.400641 2.400641 2.400641 2.400641 2.400641 2.400641 2.400641 2.400641 2.400641 2.400641 2.400641 2.4006414 2.152938 2.4006414 2.4006414 2.4006414 2.4006414 2.4006414 2.4006414 2.6152697 2.6468997 2.7009633 2.675199 0.0 2.7184677 3.343443 3.343443 3.343443 3.2316535 3.343443 3.2316535 3.2316535 3.3434432 3.3434432 3.0555742 3.0555742 3.3434432 3.3434432 3.3434434 4.0376973 2.092195 3.3434434 3.0555747 3.0555747 3.3434434 3.3434434 3.3434436 3.3434436 3.3434436 3.3434436 3.3434436 3.3434436 2.072034 2.0921955 2.072034 3.3434436
2.4006147 2.4006147 2.4006147 2.4006147 2.4006147 2.4006147 2.4006147 2.4006147 2.1529121 2.4006147 2.4006147 2.4006147 2.4006162 2.4006162 2.4006162 2.4006166 2.4006166 2.4006166 2.4006166 2.4006166 2.4006171 2.4006171 2.4006176 2.6152449 2.646875 2.7009404 2.6751761 0.0 2.4788358 3.3434289 3.231637 3.231637 3.2316375 3.3434289 3.2432346 3.0555587 3.343429 3.343429 3.2316375 3.2316375 3.343429 3.343429 3.343429 3.343429 3.343429 3.343429 3.0555587 3.231638 3.231638 3.343429 3.343429 3.343429 3.3434289 3.3434289 3.3434289 3.231638 3.6193123 3.231638 2.3861284 2.0921729
2.4005904 2.1528883 2.4005904 2.1528883 2.4005904 2.1528883 2.400591 2.1528888 2.400591 2.1528888 2.1528888 2.400591 2.1528888 2.400591 2.4005914 2.1528888 2.4005914 2.1528888 2.1528888 2.4005914 2.1528897 2.4005919 2.4005919 2.3636084 2.6468496 2.700916 2.9583948 2.6751535 0.0 2.4788234 3.2316213 3.2316213 3.3434162 3.3434162 3.3434162 3.3434162 3.3434162 3.3434162 3.2316213 3.2316213 3.3434162 3.3434162 3.3434162 3.3434162 3.3434165 3.3434165 3.2316213 3.2316213 3.6422768 2.072001 3.3434167 3.3434167 3.343417 3.343417 3.343417 3.2316213 3.2316213 3.4035115 3.2316213 3.343417
2.4005632 2.4005632 2.4005632 2.4005632 2.4005632 2.4005632 2.4005632 2.4005632 2.4005632 2.4005632 2.4005632 2.4005632 2.4005637 2.4005637 2.4005647 2.4005647 2.4005647 2.4005647 2.4005647 2.4005647 2.4005647 2.4005647 2.4005647 2.6151938 2.646824 2.7008917 2.6751292 2.6751292 2.6751292 1.7548977 2.4788113 3.3434024 3.3434024 3.3434024 3.3434024 3.3434024 3.3434024 3.3434024 3.3434024 3.3434024 3.3434026 3.3434026 3.3434029 3.3434029 3.3434029 3.6422622 2.0719843 3.3434029 3.3434029 3.3434029 2.0719848 3.3434029 3.343403 3.343403 3.0555263 3.2316055 3.2316055 3.2316055 3.2316055 3.7730718
2.4005375 2.4005384 2.4005384 2.4005384 2.4005384 2.4005384 2.4005384 2.4005384 2.1528378 2.4005384 2.4005384 2.1528378 2.4005394 2.4005394 2.1528387 2.4005394 2.1528387 2.4005399 2.4005399 2.1528392 2.1528392 2.4005399 2.1528392 2.615168 2.6467981 2.6467981 2.704079 2.6751068 2.9583468 2.9344726 2.4788003 2.4788003 3.3433888 3.3433888 3.3433888 3.3433888 3.343389 3.343389 3.3433893 3.3433893 3.3433893 3.3433893 3.3433893 3.3433893 3.3433893 3.3433893 2.0719686 3.3433893 3.3433893 3.6422489 3.3433895 3.3433895 3.3433895 3.3433895 3.0555103 3.2315896 3.2315896 3.3433895 3.3433897 3.3433897
2.152812 2.4005127 2.1528125 2.1528125 2.1528125 2.4005127 2.1528125 2.1528125 2.4005127 2.1528125 2.4005127 2.4005127 2.4005132 2.4005132 2.4005132 2.4005132 2.4005132 2.152813 2.4005132 2.4005132 2.4005132 2.4005132 2.4005132 2.363533 2.6467724 2.3635335 2.6467729 2.6750846 2.675085 2.9953756 2.675085 2.4787886 2.4787886 2.4787886 3.3433757 3.3433757 3.3433757 3.3433757 3.3433757 3.3433757 3.3433757 3.343376 3.343376 3.343376 3.343376 3.343376 3.343376 3.3433762 3.3433762 3.3433762 3.3433762 3.3433762 3.3433762 3.3433764 3.0554943 3.3433764 3.2910576 3.3433769 3.3433769 3.3433769
2.4004874 2.4004874 2.4004874 2.4004874 2.4004874 2.4004874 2.4004874 2.4004874 2.4004874 2.4004884 2.152789 2.4004884 2.4004889 2.4004889 2.4004889 2.1527896 2.4004889 2.4004889 2.4004889 2.4004889 2.4004889 2.4004889 2.4004889 2.6151161 2.6467462 2.6467462 2.7008188 2.958301 2.6750622 3.0123734 2.958301 1.9505166 2.4787767 2.4787767 3.3433626 3.3433626 3.3433626 3.3433626 3.3433626 3.3433626 3.3433626 3.3433628 3.3433628 3.3433628 3.3433628 3.343363 3.343363 3.343363 3.343363 3.343363 3.343363 3.343363 3.343363 3.343363 2.071937 3.343363 3.343363 3.343363 3.343363 3.343363
2.4004617 2.4004617 2.4004617 2.4004617 2.4004617 2.4004626 2.4004626 2.4004626 2.4004626 2.4004626 2.1527648 2.400464 2.400464 2.400464 2.400464 2.1527648 2.400464 2.400464 2.400464 2.400464 2.1527653 2.4004645 2.4004645 2.6150918 2.6467218 2.6467218 2.6467218 2.7007954 3.0558429 3.043395 2.958278 2.028992 3.128788 2.4787643 2.4787643 3.3433485 3.3433487 3.3433487 2.4787643 3.343349 3.343349 3.343349 3.343349 3.343349 3.343349 3.343349 3.343349 3.3433495 3.3433495 3.3433495 3.3433495 3.3433497 3.3433497 3.3433497 2.3334167 2.0719218 3.3433497 3.3433497 3.3433497 3.3433497
2.4004374 2.4004374 2.4004374 2.4004374 2.4004374 2.4004374 2.4004374 2.4004374 2.4004374 2.4004374 2.4004378 2.4004378 2.4004378 2.4004378 2.4004378 2.4004378 2.4004378 2.4004378 2.4004378 2.4004378 2.4004383 2.4004383 2.4004383 2.6150646 2.6466951 2.6466956 2.646696 2.700771 2.9582543 3.0123289 2.9582543 2.7994275 1.9504708 2.4787526 2.4787529 3.3433359 3.3433359 2.4787529 2.4787529 3.3433359 3.3433359 3.3433359 3.3433359 3.3433359 3.3433359 3.3433359 3.3433359 3.3433359 3.3433359 3.3433359 3.3433359 3.64219 2.071906 3.3433359 3.9307864 3.3433359 3.3433359 3.3433359 3.3433359 3.3433359
2.4004116 2.4004116 2.400412 2.400412 2.400412 2.400412 2.400412 2.400412 2.400412 2.400412 2.400412 2.400412 2.400412 2.400412 2.400412 2.400412 2.400412 2.4004126 2.4004126 2.4004126 2.4004126 2.4004126 2.4004126 2.6150398 2.6466694 2.6466694 2.6466694 2.6466694 2.8122723 2.674994 2.6749942 2.9582317 2.0289454 3.128756 2.478741 2.478741 2.478741 2.478741 2.478741 3.3433225 3.3433225 3.3433225 3.3433225 3.3433225 3.3433225 3.3433225 3.3433225 3.3433225 3.3433225 3.3433225 3.3433225 3.3433228 3.2315092 2.0718899 3.3433228 3.3433228 3.3433228 3.343323 3.343323 3.343323
2.4003873 2.4003873 2.15269 2.4003873 2.1526904 2.4003878 2.1526904 2.4003878 2.4003878 2.4003878 2.4003878 2.4003878 2.4003878 2.4003878 2.4003878 2.4003878 2.4003882 2.152691 2.4003882 2.4003882 2.4003882 2.4003882 2.4003882 2.615014 2.6466436 2.3634076 2.6466436 2.3634076 2.7007225 2.6466446 2.9582078 2.6749716 2.133543 1.7547895 2.4787295 2.4787295 2.4787295 2.4787295 2.4787295 2.4787297 3.3433082 3.3433082 3.3433082 3.3433082 3.3433082 3.3433082 3.3433082 3.3433087 3.3433087 3.3433092 3.3433092 3.231493 3.4737525 3.231493 3.3433092 3.3433092 3.3433092 3.3433096 3.3433096 3.3433096
