Export/ASCII/RMeteo_SP_inch/speranza1/RMeteo_2016_SP4_inch.asc
ncols         660
nrows         338
xllcorner     1476100.0
yllcorner     5017100.0
cellsize      100
NODATA_value  -9.9e-20
[rows 243 to 269 of 338, columns 360 to 419 of 660]
2.5425205 2.5425205 1.7300034 1.7300034 2.9590127 0.82365406 0.35740256 0.35740256 0.35740256 1.26389 1.2209167 1.2209167 1.2209167 1.2209165 1.2209165 1.220916 1.220916 1.2209158 1.2209158 1.2209156 1.449553 3.8493748 2.9590104 2.9590104 2.9590104 3.515376 1.4495516 0.019664288 0.8804717 2.8690948 2.8690948 2.8690948 2.8690948 2.8690948 2.8690948 2.8690944 2.373396 2.3733957 1.274338 1.274338 1.2743378 1.2743378 1.2743375 1.4298654 0.4824681 0.5127921 0.41363406 1.4580483 0.41363406 1.4580479 1.4580474 1.4580474 1.2743368 1.2743368 1.2743366 1.2743366 1.2743363 1.2743363 1.4580464 1.4580462
4.174943 2.542478 1.7299471 1.7299469 2.9589617 0.823645 0.823645 0.0 0.35739732 1.263829 1.2208624 1.2208619 1.2208619 1.2208619 2.9589608 1.2208619 1.2208619 1.2208619 1.2208619 0.35739732 1.449513 1.4495125 3.5153265 2.9589603 2.9589603 1.6779891 0.5635054 0.5635054 0.8804369 0.56350493 0.56350493 2.8690574 2.8690572 2.8690572 2.8690572 2.8690572 2.3733604 1.2742879 1.2742879 1.2742879 1.2742877 1.2742877 1.2742875 1.2742875 1.3115723 0.3796575 0.41360307 0.41360307 0.41360283 1.457993 1.457993 1.4579928 1.274287 1.274287 1.274287 1.274287 1.4579923 1.4579923 1.4579921 1.4579918
4.1748986 4.1748986 2.4523761 1.7298903 1.7298903 1.1850253 0.82363427 0.3802929 0.35739207 0.35739207 1.220808 1.2208076 1.2208076 1.2208073 1.2208073 1.3583736 1.2208071 1.2208066 1.2208066 1.4494729 1.5128858 1.6449139 1.9660122 1.9267762 0.7455263 0.63399315 0.63399315 0.63399315 0.88040113 0.6339927 3.2941406 2.86902 2.86902 2.86902 2.86902 2.8690197 2.3733246 1.2742372 1.2742372 1.2742367 1.2742364 1.2742364 1.2742364 1.2742364 1.2742364 0.48245856 0.48245856 0.48245856 0.5127311 1.4579387 1.4579384 1.4579384 1.4579384 2.3733234 2.3733234 1.4579377 1.4579377 1.4579377 1.4579375 1.4579372
4.1748543 2.452333 2.452333 1.7298343 2.9588628 0.82362545 0.8925501 0.3802874 0.38920474 0.38920474 1.2637134 1.2207532 1.2207532 1.2207532 1.2207532 1.220753 1.220753 1.2207527 1.2207527 1.5788457 1.449431 1.6042788 1.0473263 0.7237644 0.5634358 0.6629014 0.8803668 0.8803668 0.88036585 0.88036585 2.8689823 2.8689823 2.8689823 2.8689823 2.8689823 2.45233 2.0751257 1.457886 1.2741876 1.2741868 1.2741868 1.274307 1.2741866 1.2741866 1.2741861 1.581145 1.6643393 1.6643393 0.39313436 0.5494189 1.4578834 1.4578834 2.0751243 2.0751235 2.0751235 1.4578829 1.4578824 1.4578824 1.4578822 1.4578819
1.7297773 2.4522898 1.7297773 1.7297771 1.2206993 2.958812 3.026932 0.0 0.35738158 0.39996004 0.35738158 0.35738134 1.2636445 1.2206984 1.8662745 1.2206981 1.2206981 1.2206981 1.2206981 1.5709724 1.5787933 1.4493909 0.9554405 0.5633986 0.6339245 0.5633986 0.88032913 0.5633986 0.88032913 0.88032913 0.5633986 2.8689454 2.8689451 2.8689451 2.8689451 2.8689442 2.075087 2.075087 2.373253 1.2741365 1.2741365 1.2741365 1.2741363 1.2741363 1.2741358 1.2741354 1.2741354 1.2741351 1.531539 1.6642671 1.2741349 1.2741349 2.373252 2.0750856 2.0750856 2.0750856 2.0750856 1.4578285 1.4578283 1.4578278
1.7297208 1.7297206 1.7297206 1.7297199 1.7297199 2.958763 2.0696309 2.8500268 1.2635906 1.220644 0.38918424 0.3573761 0.3573761 1.9496206 1.9070724 3.006646 2.069628 1.7297187 0.3573761 0.6457195 0.9553933 0.56336474 0.6998668 0.56336427 0.56336427 0.56336427 0.56336427 0.6338911 0.8802943 0.5633638 0.6338911 2.8689077 2.868908 2.868908 2.868908 2.868908 2.0750494 2.075049 2.075049 1.2740865 1.2740865 1.274086 1.2740858 1.2740858 1.2740858 1.2740858 1.2740858 1.2740855 1.2740855 1.274085 1.2740848 1.2740848 2.3732162 2.3732162 2.3732162 2.3732162 2.0750475 2.0750475 1.4577737 1.4577734
1.7296643 1.7296643 1.7296643 1.7296643 1.7296643 1.7296638 2.0695727 1.9799838 1.7296636 2.3943975 1.2205899 0.38917398 0.38917398 0.35737085 1.4493103 1.4493103 0.68942904 1.9429557 0.5304091 0.49623773 0.73616076 0.6338577 0.56332946 0.56332946 0.6338577 0.56332946 0.6338577 0.88025856 0.88025856 3.2939875 3.5503392 2.8688703 2.8688698 2.8688698 2.8688693 2.8688693 2.373182 2.0750105 2.0750105 2.0750103 2.0750103 1.457722 1.457722 1.2740352 1.2740347 1.2740345 1.2740345 1.2740345 1.2740345 1.2740343 1.274034 1.274034 2.3731806 2.3731804 2.3731804 2.3731802 2.37318 2.37318 2.3731797 2.3731792
1.7296078 1.7296078 1.7296078 1.7296076 1.7296076 1.7296076 1.7296076 1.7296076 1.2205355 2.3943431 2.7269382 1.8661073 0.71251893 0.3891642 0.45288706 0.35736585 0.53037477 0.6255896 0.50737333 0.62823343 0.42408586 0.84611034 0.88022566 0.6338248 0.6338248 0.9151962 0.8802252 0.5632951 0.8802252 2.868833 2.868833 2.868833 2.868833 2.868833 2.8688328 2.8688328 2.3731463 2.373146 2.373146 2.0749722 2.0749722 1.4576669 1.4576669 1.2739856 1.2739854 1.2739854 1.2739851 1.2739847 1.2739847 1.2739844 1.2739844 1.2739844 2.373145 2.373145 2.373145 2.3731446 2.3731441 2.3731441 2.373144 2.3731434
1.729552 1.7295518 1.7295518 1.7295516 1.7295516 1.7295513 1.7295513 1.7295511 1.2204819 1.2204819 1.3155732 2.1986442 1.9069043 1.3369598 1.2204816 1.2679138 0.38915372 0.5303407 0.53034043 1.4492288 0.7610569 0.6337905 0.793314 0.88018847 0.9151633 1.0657947 0.88018847 0.63379 3.5502594 2.8687956 2.8687954 2.8687954 2.8687954 2.8687954 2.8687944 2.8687944 2.3731103 2.3731103 2.3731103 2.0076876 2.0749345 2.074934 1.3111966 1.2739346 1.2739341 1.2739341 2.5393817 1.3111959 1.3111959 1.2739339 1.2739334 1.2739334 2.3731096 2.3731096 2.3731096 2.3731096 2.3731096 2.3731096 2.3731096 2.3731096
1.7294948 1.7294948 1.7294948 1.7294943 1.7294943 2.452076 2.452076 2.452076 1.2204273 1.2204273 1.2204266 1.2204266 1.945583 1.2204263 1.2204263 1.2204263 1.7294931 1.7985926 0.6255231 1.4491882 0.69968176 0.769619 0.7932687 0.9151318 1.0793731 1.0307813 0.94350934 3.1599007 2.5421333 2.8687582 2.8687582 2.8687582 2.868758 2.868758 2.8687577 2.8687577 2.3730748 2.3730745 2.3730745 2.0076494 2.0076494 2.3730743 1.2738838 1.2738838 1.2738838 1.2738838 1.5635605 1.3111417 1.3111417 1.3111417 1.2738831 1.2738831 2.3730733 2.3730733 2.373073 2.373073 2.373073 2.373073 2.3730726 2.3730726
1.7294378 1.7294378 1.7294378 1.7294378 2.4520335 2.4520335 2.4520335 2.4520335 1.2203727 1.2203727 1.2203724 1.2203724 1.220372 1.220372 1.2203712 1.2203712 1.7294364 1.7294364 1.7294364 1.4491482 1.4491482 1.4491482 0.5631888 1.4491477 1.1843572 0.88011694 0.5631888 2.5420904 2.5420904 2.8687205 2.8687205 2.8687203 2.8687203 2.8687203 2.86872 2.86872 2.373039 2.373039 2.3730388 2.3730383 2.3730383 2.0748577 1.2738338 1.2738333 1.2738333 1.2738333 1.3110874 1.3110874 1.3110874 1.3110871 1.3110871 2.539286 2.3730378 2.3730378 2.3730378 2.3730376 2.0076098 2.0076096 2.3730366 2.3730366
1.729382 1.7293818 1.7293818 1.7293818 2.451991 2.451991 2.4519906 2.0271091 1.2203181 1.2203181 1.2203178 1.2203178 1.2203174 1.2203174 1.2203174 1.7293801 1.7293799 1.7293799 1.7293799 1.8658832 2.0234616 0.7478428 0.53023624 1.5125287 0.69958687 1.2130609 0.63368845 2.868683 2.868683 2.868683 2.868683 2.8686829 2.8686826 2.8686826 2.8686826 2.8686826 2.3730032 2.3730032 2.3730032 2.3730032 2.0748198 2.0748196 1.5123973 1.4574492 1.4574487 1.3110344 1.3110342 1.311034 1.311034 1.311034 1.311034 2.0075717 2.0748181 2.3730018 2.3730018 2.0075712 2.0075712 2.0075712 2.0075707 2.3730013
1.729325 1.7293248 1.7293248 1.7293248 1.7293248 1.7293248 2.4519475 2.4519475 2.4519475 2.0270662 1.2202635 1.2202635 1.220263 1.220263 1.2202628 1.7293231 1.7293227 1.7293227 1.7293227 1.7293227 1.7637255 1.7293227 2.009788 1.8866665 0.6731796 0.35733914 0.88004494 0.5631168 2.868646 2.868646 2.868646 2.868646 2.868646 2.868646 2.868646 2.868646 2.372967 2.372967 2.372967 2.372967 2.0747817 2.0747814 1.512356 1.4573948 1.4573944 1.3109803 1.3109803 1.3109803 1.3109803 1.3109801 1.3109801 2.007534 1.6595515 1.6595515 1.6595515 2.007533 2.007533 2.007533 2.372965 2.372965
1.7292686 1.7292686 1.7292686 2.4519055 4.174406 2.4519053 2.4519053 2.4519053 2.4519048 2.0270238 1.2202086 1.2202086 1.2202086 1.2202086 1.7292669 1.7292669 1.7292666 1.7292666 1.7292666 1.7292666 1.7292666 1.7292666 1.7292662 1.7292662 0.38859534 0.38910222 0.8800101 0.63362026 2.868609 2.8686087 2.8686087 2.5419612 2.8686082 2.8686082 2.868608 2.868608 2.3729317 2.3729317 2.3729317 2.3729317 2.3729317 1.5123143 1.5123143 1.4573405 1.4573405 1.3109276 1.3109276 1.3109276 1.3109274 1.3109269 2.0074954 2.0074954 1.6595132 1.6595132 1.6595132 1.6595132 1.2736795 1.2736795 1.2736795 2.3729298
1.7292118 1.7292118 1.7292116 2.4518628 4.174361 2.4518628 2.4518628 2.4518628 2.4518626 1.2201548 1.2201545 1.2201545 1.2201543 1.2201543 1.2201543 1.7292109 1.7292106 1.7292106 1.7292101 1.7292101 1.7292097 1.7292097 1.7292094 1.2201529 1.2201526 0.39987707 0.35732865 1.758796 0.5630472 0.5630472 0.64311767 2.5419188 2.5419188 2.8685706 2.86857 2.86857 2.3728962 2.3728962 2.372896 2.0074582 1.6594764 1.6594763 1.310874 1.4572864 1.4572864 1.4813893 1.3108737 1.3108737 1.3108737 1.3108733 2.5390956 2.5390956 3.7266107 1.6594754 0.90077853 1.6594751 0.90077853 1.2736294 1.2736292 2.3728943
0.5301013 0.5301013 1.7291555 2.45182 2.958263 2.958263 4.174316 2.0269384 2.026938 1.2201006 1.2201006 1.2201006 1.2201006 1.2201006 1.2201006 1.2201006 1.2201002 1.7291546 1.7291546 1.7291546 1.7291541 1.6771969 1.2200997 1.2200997 1.2200992 1.2200992 1.8294997 1.8307874 0.6253238 0.62532353 0.64307785 0.64307785 2.8685331 2.868533 2.8685327 2.8685327 2.372861 2.372861 2.3728602 1.3108201 0.9007287 0.90072846 1.3108201 1.3108199 1.3108196 1.3108196 1.3108196 1.3108196 1.3108189 1.3108184 2.5390482 2.97871 1.3108182 1.6594372 0.9007263 1.6594368 0.9007261 1.2735789 1.2735789 2.3728583
0.5300677 0.6252928 0.5300677 2.4517775 3.514585 3.514585 2.958213 2.0268958 2.0268958 1.220047 1.2200465 1.2200465 1.2200463 2.958213 1.220046 1.220046 1.7290976 1.7290976 1.7290976 1.7290976 1.7290976 1.7290976 1.2200451 1.2200451 1.2200451 1.2200451 1.2200441 1.5714297 0.6788585 1.941153 0.42264605 0.6335182 1.6771389 1.6771387 2.868495 2.868495 2.3728244 2.3728244 2.6189113 1.3107672 2.5390017 1.3107669 1.3107669 1.3107665 1.3107665 1.310766 1.310765 1.310765 1.310765 1.3107648 1.5631673 2.9786596 1.3107643 1.6593987 0.90067434 0.90067434 0.9006741 1.2735279 1.2735279 2.3728223
0.5300331 0.69936275 1.5122921 4.174226 2.310604 2.310604 4.8281555 2.0268526 2.0268526 2.0268526 1.2199922 1.2199922 1.2199922 1.2199922 1.357528 1.2199922 1.7290418 1.7290418 1.7290418 1.7290418 1.7290413 1.7290413 1.21999 1.21999 1.2199895 1.2199895 1.7290401 1.7290401 0.5300319 0.5300319 0.5300319 0.5629418 1.7696093 1.7696089 1.6770824 1.6770817 2.372789 2.372789 2.0073442 1.3107128 2.9786103 1.3107126 1.3107126 1.3107126 1.3107126 1.3107119 1.3107119 1.3107119 1.3107116 1.3107116 1.3107116 2.9786081 1.2734785 2.372788 1.6593603 1.6593603 1.6593602 1.2734783 1.2734783 2.3727872
0.3573079 1.6770302 2.2901099 1.6770302 2.0268106 2.0268106 2.02681 2.02681 2.02681 2.4516912 1.7289855 1.7289855 1.2199373 1.2199373 1.2199371 1.2199371 1.7289853 1.7289853 1.7289848 1.7289848 1.7289841 1.2199364 1.2199359 1.2199359 1.2199359 1.2199359 1.7289836 1.7289836 1.8863251 1.8863249 0.41100812 0.0 1.6770266 1.7695519 1.7695519 1.6770259 1.2734303 1.3106596 1.3106594 1.3106594 2.9785595 2.5389063 2.5389063 1.310658 1.310658 1.310658 1.310658 1.310658 1.3106575 1.3106575 1.3106575 2.9785576 1.273428 1.273428 2.372751 2.372751 2.3727508 1.273427 1.273427 2.3727505
0.58209014 1.769499 1.769499 1.769499 2.9580638 1.2198842 1.2198842 2.0267677 1.2198842 2.0267673 1.728929 1.728929 1.2198837 1.2198837 1.2198832 1.2198832 1.2198832 1.2198832 1.2198825 1.2198825 1.2198822 1.2198822 1.219882 1.219882 1.219882 1.7289271 1.7289269 1.7289269 1.7289267 1.7289267 0.3890412 0.5628717 1.6769701 1.7694939 1.7694939 1.7694939 1.2733793 1.310606 1.310606 1.310606 1.5630009 2.5388598 2.97851 2.5388594 2.5388594 1.3106041 1.3106039 1.4570127 1.3106039 1.3106039 1.3106036 1.6826739 1.2733777 1.2733774 2.3727162 1.2733774 1.2733772 1.2733772 1.2733772 1.273377
0.52993083 1.728874 1.6769167 1.6769167 1.6769165 2.9580133 2.9580133 1.2198296 2.026724 1.2198296 1.728873 2.4516053 1.2198296 1.2198284 1.2198284 1.2198284 1.2198284 1.2198284 1.2198279 1.2198279 1.7288713 1.7288713 1.2198277 1.2198277 1.2198269 1.7288709 1.7288706 1.7288706 1.7288706 1.7288706 0.38903093 0.6333809 1.7694381 1.7694377 1.7694377 1.769437 1.2733288 1.3105521 1.3105519 1.3105519 1.3105516 0.99194074 0.99194074 2.978457 2.978457 1.3105509 1.3105507 1.3105507 1.3105502 1.3105502 0.9004688 1.2733274 1.2733274 1.2733274 1.2733271 1.2733271 1.2733269 1.2733269 1.2733269 1.2733264
1.8861582 2.9579644 1.7693831 1.7693831 1.67686 1.7693824 1.3573034 1.3573034 1.2197754 2.026682 1.2197752 2.026682 2.026682 1.219775 1.219775 1.219775 1.219775 1.2197742 1.2197742 1.219774 1.7288156 1.7288156 1.2197735 1.2197735 1.219773 1.7288146 1.7288146 1.7288146 1.7288144 1.7288144 0.38902116 0.9430318 1.2197714 1.2600813 1.7693793 1.7693793 1.273278 1.2733982 1.273278 1.3104982 2.538764 0.900419 0.9004185 0.9918871 2.5387635 0.9004183 1.3104968 1.3104968 0.90041804 0.90041804 0.9004178 1.2732773 1.2732773 1.273277 1.2732768 1.2732768 1.2732766 1.2732766 1.2732766 1.2732761
1.7287614 2.2723246 1.6768044 1.7693263 1.6768042 1.7693261 1.7693261 1.2197211 1.2197211 1.2197208 2.4515202 2.4515202 1.72876 1.2197204 1.2197204 1.2197201 1.2197201 1.2197199 1.2197199 1.2197199 1.728759 1.728759 1.7287586 1.2197192 1.2197192 1.6768018 1.7287583 1.7287583 1.7287579 1.7287579 0.3890109 0.5245521 1.2197187 1.2197175 1.2600269 3.0504317 0.90036845 0.900368 0.9003675 1.6824961 1.2732272 0.90036726 0.90036726 0.90036726 0.99183464 2.5387158 0.900367 0.9003668 0.9003663 0.9003663 0.9003658 0.9003658 1.2732265 1.2732263 1.273226 1.273226 1.273226 1.2732255 1.2732255 1.2732255
1.6767484 1.6767484 1.7692684 1.7692684 1.7692684 1.7692684 1.7692684 1.7692677 1.219667 1.2196667 2.4514775 2.4514775 1.7287035 2.9578621 1.3571892 1.2196662 1.2196662 1.219666 1.219666 1.2196653 1.2196653 1.7287021 1.2196646 1.2196646 1.2196641 1.2196641 1.7933247 1.7287011 0.5298259 0.5298259 0.38900042 0.38900042 1.2196634 1.2196631 1.2196631 1.3571863 0.900316 0.90031576 0.9003155 0.9003155 0.9003153 1.2103534 0.9003153 0.90031505 0.90031505 0.9917803 0.9003148 0.90031433 0.90031433 0.90031433 0.90031433 0.9003141 1.2731769 1.2731769 1.2731764 1.2731764 1.273176 1.2731757 1.2731757 1.2731757
1.6766921 1.7692119 1.7692114 1.6766917 1.7692114 1.7692112 1.7692112 1.7692112 1.7692112 1.7932701 2.4514349 2.4514349 1.2196124 1.2196121 1.2196121 1.2196119 1.2196119 1.2196119 1.2196119 1.2196119 1.2196119 1.2196112 1.2196112 1.2196107 1.21961 1.21961 1.2196097 1.7286456 0.52979255 0.41100073 0.4110005 0.39979386 1.219609 1.219609 1.219609 1.2196088 0.90026474 0.90026474 0.90026426 0.90026426 0.900264 0.900264 0.9002631 0.9002631 0.9002631 0.9002631 0.9002631 0.9002631 0.9002626 0.9002626 0.9002626 1.2731261 1.2731261 1.2731261 1.2731259 1.2731259 1.2731254 1.2731254 1.2731254 1.2731252
1.7691537 1.7691537 1.7691537 1.7691537 1.6766351 1.7691535 1.7691535 1.7691535 1.6766349 1.7285922 2.4513924 2.026511 1.2195585 1.2195578 1.2195578 2.9577622 1.2195578 1.2195578 1.2195578 1.8651022 1.8651022 1.2416458 1.8651017 1.2416451 1.2195559 1.2195559 1.2195556 1.7285886 0.529758 0.4109993 0.38898015 0.38898015 1.262363 1.2195547 1.2195547 1.2195547 0.90021276 0.90021276 0.90021276 0.9002125 0.9002125 0.9002125 0.9002125 0.9002125 1.2730753 1.2730753 0.90021133 0.90021133 0.90021086 0.90021086 0.90021086 1.2730749 1.2730749 1.2730746 1.2730746 1.2730746 1.2730742 1.2730742 1.2730742 1.2730737
1.6765789 1.6765789 1.7931571 1.7931569 1.7931569 1.7690965 1.7690965 1.6765779 1.769096 1.7285342 1.7285342 2.0264683 2.9577124 2.3205633 1.9058856 2.3569787 1.9058851 3.0055792 2.3205628 1.9058858 1.8650457 1.8650454 1.8650454 1.8650454 1.8650454 1.8650452 1.2195017 1.7285323 0.52972364 0.62495995 0.71154094 0.38897014 0.38897014 1.2195008 1.2195005 1.2195005 0.9001608 0.90016055 0.90016055 0.90016055 0.9001601 0.9001601 0.90015984 0.90015984 1.273025 1.273025 1.273025 0.9001591 0.9001591 0.9001591 1.2730238 1.2730238 1.2730238 1.2730236 1.2730236 1.2730236 1.2730234 1.3102264 1.2730229 1.2730227
