Export/ASCII/RMeteo_SP_inch/speranza1/RMeteo_2017_SP1_inch.asc
ncols         660
nrows         338
xllcorner     1476100.0
yllcorner     5017100.0
cellsize      100
NODATA_value  -9.9e-20
[rows 243 to 269 of 338, columns 240 to 299 of 660]
0.30753303 1.4158609 1.4158609 1.4158609 1.4158609 1.4158609 1.4158609 1.4158609 1.4158609 1.4158609 1.4158609 1.4158609 1.4158609 1.4158607 1.4158607 1.4158607 1.4158607 1.4158607 1.4762133 1.5759621 1.4690683 1.4762133 0.7263571 0.77148783 1.556098 1.4158607 1.4158607 1.4158607 1.4158607 1.4158607 1.4158607 1.4158607 1.4762133 1.4762133 1.4158607 1.4158607 1.4158607 0.30753303 0.48 0.4884133 0.48 0.30753303 0.48 0.48 0.48 0.48 0.48 1.8450575 1.4158607 1.4158607 1.4158607 1.4158607 1.4158607 1.6775277 1.4158607 1.4158607 1.4158607 1.4762131 1.476213 1.4158607
0.48 0.3075316 1.4158511 1.4158511 1.4158511 1.4158511 1.4158511 1.4158511 1.4158511 1.4158511 1.4158511 1.4158511 1.4158511 1.4158511 1.4158511 1.4158511 1.4158511 1.4158511 1.4158511 1.4158511 1.4690589 1.4762039 1.4762039 0.7984942 0.77147686 1.4158511 1.4158511 1.4158511 1.4158511 1.4158511 1.4158511 1.4158511 1.4158511 1.4158511 1.4158511 1.4158511 1.4158511 0.3075316 0.4884028 0.66343546 0.4884028 0.48 0.3075316 0.4884028 0.4884028 0.4884028 0.54210377 1.4158506 1.4158506 1.4158506 1.4158506 1.4158506 1.4158506 1.4158506 0.6888889 0.6888889 0.6888889 0.6888889 0.6888889 1.4158506
0.48839328 0.48 0.30753016 1.4158418 1.4158418 1.4158418 1.4158418 1.4158418 1.4158418 1.4158418 1.4158418 1.4158418 1.4158418 1.4690498 1.4690498 1.4690498 1.4158418 1.4158418 1.4158418 1.4158418 1.4690498 1.3454762 1.4690498 0.6888832 0.75389826 0.75389826 1.4158418 1.4158418 1.4158418 1.4158418 1.4158418 1.4158418 1.5200219 1.4158418 1.4158418 1.4158418 1.4158418 0.48 0.30753016 0.6634226 0.5445411 0.48839328 0.30753016 0.30753016 0.30753016 0.30753016 0.30753016 1.4158418 1.4158416 1.4158416 1.4158416 1.4158416 1.4158416 0.68888295 0.68888295 0.68888295 0.68888295 0.68888295 0.68888295 1.4158416
0.48838326 0.48838326 0.48 0.30752873 1.4158323 1.4158323 1.4158323 1.4158323 1.4158323 1.4158323 1.4158323 1.4158323 1.4158323 1.4690406 1.4690406 1.4690406 1.415832 1.415832 1.415832 1.415832 1.345467 1.345467 1.345467 1.415832 0.7823919 0.874334 1.415832 1.415832 1.415832 1.415832 1.415832 1.4761857 1.4761857 1.5200114 1.415832 1.415832 1.415832 0.48838326 0.48 0.30925274 0.30925274 0.60746527 0.48 0.30752873 0.48 0.30752873 0.48 1.6690476 1.415832 1.415832 1.415832 1.415832 0.688877 0.77758944 0.81237495 0.77758944 0.688877 0.78239167 0.78239167 0.688877
0.48837373 0.48837373 0.48837373 0.48 1.4158225 1.4158225 1.4158225 1.4158225 1.4158225 1.4158225 1.4158225 1.4158225 1.4158225 1.4761769 1.4761769 1.4761769 1.4158225 1.4158225 1.4158225 1.4158225 1.3454581 1.3454581 1.3454581 1.4158225 0.39706588 0.68887126 1.5093334 1.4158225 1.4158225 1.4158225 1.4158225 1.4761769 1.4761769 0.30925155 1.4158225 1.4158225 1.4158223 1.6774235 0.48837373 0.48 0.30925155 0.48 0.6115532 0.48 0.3075273 0.6633978 0.48 1.6774235 1.415822 1.415822 1.415822 0.688871 0.688871 0.812364 0.8887259 0.77030575 0.688871 0.87431824 0.688871 0.87431824
1.0865127 0.4883642 0.4883642 0.4883642 1.4158127 1.4158127 1.4158127 1.4158127 1.4158127 1.4158127 1.4158127 1.4158127 1.4158127 1.4761678 1.4761678 1.4761678 1.4158127 1.4158127 1.4158127 1.4158127 1.3454492 1.3454492 1.3454492 1.3454492 0.30752587 0.9370216 1.5093193 1.4158127 1.4158127 1.4158127 1.4158127 1.4158127 1.4761677 1.4158127 0.30752587 1.4158127 1.4158127 1.4158127 0.4883642 0.48 0.30752587 0.48 0.65709066 0.30752587 0.4883642 0.30752587 0.4883642 1.6773956 1.4158127 1.4158127 1.4158127 0.68886507 0.78237116 0.812353 0.7893902 0.87306345 0.78237116 0.78237116 0.68886507 0.78237116
0.84286225 0.48835465 0.30752444 0.48835465 1.4158032 1.4158032 1.4158032 1.4158032 1.4158032 1.4158032 1.4158032 1.4158032 1.4158032 1.4158032 1.4158032 1.4158032 1.4158032 1.415803 1.415803 1.415803 1.3454399 1.3454399 0.6093993 1.3454399 1.3454399 0.48 1.5093057 1.415803 1.415803 1.4761584 1.4690133 1.4690133 1.4690133 1.415803 0.30752444 0.48 0.30752444 0.30752444 0.30752444 0.5333524 0.48 0.65707636 0.48835418 0.48 0.30752444 0.48835418 1.6689923 1.6773667 1.415803 1.415803 1.415803 0.6888591 0.7823609 0.7823609 0.8810321 0.6888591 0.87429106 0.7823609 0.7823609 0.6888591
0.6888534 0.7823523 0.5599437 0.4883437 0.307523 1.4157937 1.4157937 1.4157937 1.4157937 1.4157937 1.4157937 1.4157937 1.4157937 1.4157937 1.4157937 1.4157937 1.4157937 1.4157937 1.4157937 1.4157937 1.4690045 1.3454311 0.6093874 0.6093874 1.3454311 0.307523 0.4883437 1.4157937 1.4157937 1.4690045 1.4690045 1.4690045 1.4690045 1.4157937 0.48 0.307523 0.4883437 0.48 0.48 0.6633587 0.307523 0.4883437 0.54199505 0.4883437 0.48 1.4157934 1.6773388 1.4157934 1.4157934 1.4157932 1.4157932 1.4157932 0.7823516 0.8742784 0.68885314 0.7823516 0.7823516 0.8742784 0.7823516 0.7823516
0.6888479 0.8742658 0.6888479 0.6633477 1.6773124 1.4157836 1.4157836 1.4157836 1.4157836 1.4157836 1.4157836 1.4157836 1.4157836 1.4157836 1.4157836 1.4157836 1.4157836 1.4157836 1.4157836 1.4689953 1.4689953 1.3454219 0.60937595 0.60937595 0.29114723 0.29114723 0.48 0.4883351 1.4157836 1.4689953 1.4689953 1.4689953 1.4689953 1.4157836 0.4883351 0.30752158 0.4883351 0.48833463 0.48833463 1.677311 1.6689558 0.30752158 0.48833463 0.66334677 1.677311 1.4157836 1.4157836 1.4157836 1.4157836 1.4157836 1.4157836 1.4157836 0.78234184 0.78234184 0.68884766 0.78234184 0.78234184 0.78234184 0.8742646 0.78234184
0.78233254 0.78233254 0.78233254 0.30752015 1.4157741 1.4157741 1.4157741 1.4157741 1.4157741 1.4157741 1.4157741 1.4157741 1.4157741 1.4157741 1.4157741 1.4157741 1.4157741 1.4157741 1.4157741 1.4689865 1.4689865 1.345413 0.6093638 0.6093638 1.345413 0.3140056 0.34999347 0.4883251 1.4157741 1.4689865 1.4689865 1.4689865 1.4689865 1.4157741 0.49420235 0.48 0.66333437 0.48832414 0.48832414 0.30752015 1.4157741 1.4157741 1.4157741 1.6772823 1.4157741 1.4157741 1.4157741 1.4157741 1.4157741 1.4157741 1.4157741 1.4157741 1.5092645 0.68884146 0.68884146 0.68884146 0.68884146 0.68884146 0.7823318 1.4157741
0.7823216 0.7823216 0.7823216 0.48 1.4157648 1.4157648 1.4157648 1.4157648 1.4157648 1.4157648 1.4157648 1.4689772 1.4157648 1.4157648 1.4157648 1.4157648 1.4157648 1.4157648 1.4157648 1.4689772 1.4689772 1.4689772 0.6093526 0.6093526 1.3454037 1.3454037 0.48 0.3075192 0.48831508 1.4157646 1.4157646 1.4157646 1.4157646 1.4157646 0.30924416 0.48 0.48 0.5419421 0.4883146 0.48 0.3075192 1.4157646 1.4157646 1.4157646 1.4157646 1.4157646 1.4157646 1.4157646 1.4157646 1.4157646 1.4157646 1.4157646 1.4157646 1.5092506 1.5092506 1.5092504 1.4157643 0.7823216 0.8742367 1.4157643
0.7823113 0.7823113 0.7823113 0.48830554 1.415755 1.415755 1.415755 1.415755 1.415755 1.415755 1.468968 1.468968 1.468968 1.415755 1.415755 1.415755 1.415755 1.415755 1.468968 1.468968 1.4689679 1.4689679 0.60934067 1.3453946 1.3453946 1.3453946 1.415755 0.52226734 0.48 1.415755 1.415755 1.415755 1.415755 1.415755 0.30751777 0.48 0.48 0.48 0.7098012 0.48830554 0.30751777 0.48 1.415755 1.415755 1.415755 1.415755 1.415755 1.415755 1.415755 1.415755 1.415755 1.415755 1.415755 1.415755 1.415755 1.415755 1.415755 1.5092368 1.415755 1.5092368
0.6888238 0.78230226 0.78230226 0.488296 1.4157453 1.4157453 1.4157453 1.4157453 1.4157453 1.4157453 1.476104 1.476104 1.468959 1.4157453 1.4157453 1.4157453 1.4157453 1.4157453 1.468959 0.71707046 1.468959 1.468959 1.3453857 1.3453857 1.3453857 1.3453857 1.3453857 0.30751634 0.488296 1.4157453 1.4157453 1.4157453 1.4157453 1.4157453 1.4157453 0.48 0.48 0.48 0.488296 0.7097821 0.48 0.488296 0.30751634 0.30751634 0.30751634 1.4157453 1.4157453 1.4157453 1.4157453 1.4157453 1.4157453 1.4157453 1.4157453 1.4157453 1.4157453 1.4157453 1.4157453 1.4157453 1.4157453 1.4157453
0.68881786 0.78229153 0.78229153 0.68881786 0.4882855 1.4157362 1.4157362 1.4157362 1.4157362 1.4157362 1.4760952 1.4760952 1.4689502 1.4157362 1.4157362 1.4157362 1.4157362 1.4689502 1.4689502 0.7713417 0.7170633 1.46895 1.3453765 0.60931706 0.60931706 1.3453765 1.3453765 1.4157362 0.3075149 1.677172 1.4157362 1.4157362 1.4157362 1.4157362 1.4157362 1.4157362 1.677172 1.6688864 1.983865 1.4157362 0.6632829 0.3075149 0.4882855 0.3120234 0.48 0.3075149 0.3075149 1.415736 1.415736 1.415736 1.4157357 1.4157357 1.4157357 1.4157357 1.4157357 1.4157355 1.4157355 1.4157355 1.4157355 1.4157355
0.79315794 0.6888119 0.87418234 0.8122579 0.4941549 0.3092394 1.4157262 1.4157262 1.4157262 1.4157262 1.4157262 1.4157262 1.4157262 1.4157262 1.4157262 1.4157262 1.4157262 1.468941 1.468941 0.7713305 1.5303177 1.468941 1.3453674 1.3453674 0.6093056 1.3453674 1.3453674 1.3453674 0.30751348 1.9219208 1.4157257 1.4157257 1.4157257 1.4157257 1.4157257 1.4157257 1.4157257 1.4157257 1.4157257 1.4157257 1.4157257 1.6771445 0.48 0.49418733 0.4824719 0.31202197 0.48 1.4157257 1.4157257 1.4157257 1.4157257 1.4157257 1.4157257 1.4157257 1.4157257 1.4157257 1.4157257 1.4157257 1.4157257 1.4157257
0.77131903 0.7931477 0.7931477 0.8183278 0.48 0.3092382 1.4157164 1.4157164 1.4157164 1.4760766 1.4689316 1.4157164 1.4157164 1.4157164 1.4157164 1.4157164 1.4157164 1.4689316 1.4689316 1.5303037 1.4689316 1.4689316 1.3453583 1.3453583 1.3453583 1.3453583 1.3453583 1.3453583 1.4157164 1.4157164 1.4157164 1.4157164 1.4157164 1.4157164 1.4157164 1.4157164 1.4157164 1.4157164 1.4157164 1.4157162 1.4157162 1.4157162 1.4157162 0.49417827 0.645206 0.48 0.31202102 0.56402135 0.30751204 1.4157162 1.4157162 1.4157162 1.4157162 1.4157162 1.4157162 1.4157162 1.4157162 1.4157162 1.4157162 1.4157162
0.7713076 0.7713076 0.7713076 1.5620645 1.677769 0.48 1.4760678 1.4760678 1.4760678 1.4760678 1.4760678 1.4157069 1.4157069 1.4157069 1.4157069 1.4157069 1.4157069 1.4157069 1.4689227 1.4760678 1.4689227 1.4689227 1.5440924 1.5440924 1.3453496 1.5440924 1.5440924 1.5440924 1.4157069 1.4157069 1.4157069 1.4157069 1.4157069 1.4157069 1.4157069 1.4157069 1.4157069 1.4157069 1.4157069 1.4157069 1.4157069 1.4157069 1.4157069 1.7761445 1.7964258 1.714515 0.48 0.309237 0.3075106 0.48 1.4157069 1.4157069 1.4157069 1.4157069 1.4760674 1.4760674 1.4157069 1.4157069 1.4157069 1.4157069
0.7712966 0.7170347 1.5302761 1.4689136 1.4689136 1.6579592 0.30750918 0.3092358 1.4760586 1.4760586 1.4760586 1.4689136 1.4156973 1.4156973 1.4156973 1.4156973 1.4156973 1.4156973 1.4156973 1.4156973 1.4689136 1.4689136 1.4156973 1.4156973 1.4156973 1.4156973 1.4156973 1.4156973 1.4156973 0.30750918 1.668786 1.4156973 1.4760584 1.4156971 1.4156971 1.4156971 1.4156971 1.4156971 1.4156971 1.4156971 1.4156971 1.4156971 1.4156971 1.2183475 1.4156971 1.4156971 1.6520116 1.6519992 0.3041761 0.48 0.48824736 1.4156971 1.4156971 1.4156971 1.4760584 1.4760584 1.4760584 1.4156969 1.4156969 1.4156969
0.7712852 0.7712852 1.4689046 1.4689046 1.4156876 1.4156876 0.44316864 0.3030746 0.30750775 1.4156876 1.4156876 1.4156876 1.4156876 1.4156876 1.4156876 1.4156876 1.4156876 1.4156876 1.4156876 1.4156876 1.4156876 1.4156876 1.4156876 1.4156876 1.4156876 1.4156876 1.4156876 1.4156876 1.4156876 1.4156876 1.4156876 1.4760495 1.4760495 1.4760495 1.4156876 1.4156876 1.4156876 1.4156876 1.4156876 1.4156876 1.4156876 1.4156876 1.4156876 1.4156876 1.2183387 1.4689045 1.4208581 1.4208581 0.30417466 0.48823735 0.48823735 1.4156876 1.4156876 1.4156876 1.4760494 1.4760494 1.4760492 1.4156876 1.4156876 1.4156876
0.7712742 0.7712742 1.4688954 1.4688954 1.4156783 1.4156783 1.6255527 0.40955448 0.48 1.4156783 1.4156783 1.4156783 1.4156783 1.4156783 1.4156783 1.4156783 1.4156783 1.4760405 1.4156783 1.4156783 1.4156783 1.4156783 1.4156783 1.4156783 1.4156783 1.4156783 1.4156783 1.345322 1.345322 1.4156783 1.4156783 1.4156783 1.4760404 1.4156783 1.4156783 1.4156783 1.4156783 1.4156783 1.4156783 1.4156783 1.4156783 1.4156783 1.4156783 1.4156783 0.71702087 1.4688953 1.4688953 1.4208488 0.4605763 0.6391916 0.4882278 1.4156783 1.415678 1.415678 1.415678 1.415678 1.415678 1.4156778 1.4156778 1.4156778
0.7170135 1.5874065 1.3453132 1.4156687 1.4156687 1.4156687 1.4688866 0.40954828 0.48821828 0.3075049 0.3075049 1.4156687 1.4156687 1.4156687 1.4156687 1.4156687 1.4760317 1.4760317 1.4760317 1.3453132 1.3453132 1.4156687 1.4156687 1.4156687 1.4156687 1.4156687 1.4156687 1.3453132 1.3453132 1.4156687 0.6887764 1.4156687 1.4156687 1.4156687 1.4156687 1.4156687 1.4156687 0.6887764 0.6887764 0.6887764 1.4156685 1.4156685 1.4156685 1.4156685 0.71701324 0.77126205 1.4688866 1.4208391 1.4208391 1.6283479 1.9835556 1.4156682 1.4156682 1.4156682 1.4156682 1.4156682 1.4156682 1.4156682 1.4156682 1.4156682
1.4688772 1.4688772 1.415659 1.415659 1.415659 1.415659 1.415659 1.415659 0.4882078 0.30750346 0.30750346 0.30750346 1.415659 1.415659 1.415659 1.415659 1.4760222 1.4760222 1.345304 1.345304 1.415659 1.415659 1.415659 1.415659 1.415659 1.415659 1.415659 1.415659 1.415659 1.415659 1.415659 0.6887704 0.6887704 0.78220737 0.78220737 0.6887704 0.6887704 0.6887704 0.78221166 0.6092231 1.345304 1.415659 0.7117394 0.6887704 0.75368536 0.7170063 1.5302204 1.4688772 1.4208295 1.4208295 1.4208295 1.4208295 1.415659 1.415659 1.415659 1.415659 1.415659 1.415659 1.415659 1.415659
1.4688683 1.4688683 1.4156492 1.4156492 1.4156492 1.4156492 1.4156492 1.4156492 1.6769235 1.6687045 1.6687045 0.48 0.3075025 0.3075025 1.4156492 1.4156492 1.4156492 1.4156492 1.4156492 1.4760133 1.4760133 1.4156492 1.4156492 1.4156492 1.4156492 1.4156492 1.4156492 1.4156492 1.4156492 1.4156492 1.4156492 0.6887642 0.7822012 0.6887642 0.78219736 0.87406766 0.7822012 0.8740715 0.6640835 0.6092112 0.6092112 0.6092112 0.7117351 0.8582343 0.6887642 0.7822012 0.75367343 0.6887642 1.4156489 1.4208195 1.4208195 1.4208195 1.4156489 1.4156489 1.4156489 1.4156489 1.4156489 1.4156489 1.4156489 1.4156489
1.4156399 1.4156399 1.4156399 1.4156399 1.4156399 1.4156399 1.4156399 1.4156399 1.4156399 1.4156399 1.4156399 1.6768966 1.6686869 0.48 0.30750108 1.4156396 1.4156396 1.4156396 1.4156396 1.4760044 1.4760044 1.4156396 1.4156396 1.4156396 1.4156396 1.4156396 1.4156396 1.4156396 1.4156396 1.4156396 1.4156396 1.5090728 0.68875825 0.7821914 0.68875825 0.7821876 0.9620458 0.68875825 0.7821876 0.6091993 0.6091993 0.6091993 0.7117313 0.68875825 0.7821914 0.7821914 0.7821914 0.68875825 0.7821914 0.69142663 1.4208102 1.4208102 1.4156396 1.4156396 1.4156396 1.4156396 1.4156396 1.4156394 1.4156394 1.4156394
1.4759951 1.4156303 1.4156303 1.4156303 1.4156303 1.4156303 1.4156303 1.4156303 1.4156303 1.4156303 1.4156303 1.4156303 1.4156301 1.6768682 1.6686683 0.30749965 1.4156301 1.4156301 1.4156301 1.5440142 1.5440142 1.4156301 1.4156301 1.4156301 1.4156301 1.4156301 1.4156301 1.4156301 1.4156301 1.4156301 1.4156301 1.4156301 0.79305637 0.72618663 0.8121513 0.7169851 0.68875253 0.78218186 0.68875253 0.66405606 0.60918784 0.50831676 0.7117275 0.7117275 0.7773851 0.7773851 0.7773851 0.68875253 0.78218186 0.78218186 1.5055304 1.4208007 1.4156299 1.4156299 1.4156299 1.4156299 1.4156299 1.4156299 1.4156299 1.4156299
1.4759861 1.4759861 1.4156206 1.4156206 1.4156206 1.4759861 1.5440044 1.4156206 1.4156206 1.4156206 1.4156206 1.4156206 1.4156206 1.4156206 1.4156206 1.6686506 0.30749822 1.4156206 1.4156206 1.5440042 1.5440042 1.4156206 1.4156206 1.4156206 1.4156206 1.475986 1.475986 1.4156206 1.4156206 1.4156206 1.4156206 1.4156206 0.72617924 0.8182107 0.72617924 0.8434068 0.6887466 0.6887466 0.7821716 0.60917616 0.60917616 0.60917616 0.71172345 0.71172345 0.7629434 0.7700993 0.6914145 0.7738608 0.7821716 0.8740307 1.4156206 1.4156206 1.4156206 1.4156203 1.4156203 1.4156203 1.4156203 1.4156203 1.4156203 1.4156203
1.4759771 1.415611 1.415611 1.415611 1.4759771 1.4759771 1.4759771 1.468832 1.415611 1.415611 1.415611 1.415611 1.415611 1.415611 1.415611 1.415611 1.668633 0.3074968 1.415611 1.5439947 1.5439947 1.415611 1.415611 1.415611 1.4759771 1.4759771 1.4759771 1.4759771 1.415611 1.415611 1.415611 1.415611 0.7261723 0.9003526 0.7891544 0.7169708 0.75362885 0.78216183 0.78216183 0.6640308 0.6091645 0.6091645 0.6887406 0.7657505 0.7629312 0.7700895 0.7700895 0.77385056 0.8740171 0.6887406 1.5090322 1.415611 1.415611 1.415611 1.415611 1.415611 1.415611 1.415611 1.415611 1.415611
