Export/ASCII/RMeteo_SP_inch/speranza1/RMeteo_2015_SP1_inch.asc
ncols         660
nrows         338
xllcorner     1476100.0
yllcorner     5017100.0
cellsize      100
NODATA_value  -9.9e-20
[rows 54 to 80 of 338, columns 122 to 182 of 660]
3.7285378 3.7285378 3.728538 3.728538 3.8109872 3.8109877 3.8109877 3.810988 3.810988 3.8233483 3.810988 3.810988 3.810988 3.810988 3.810988 3.8109882 3.8109882 3.7285388 3.7285388 3.7285388 3.8109882 3.8109882 3.7285388 3.7285388 3.7285388 3.7285392 3.8109884 3.8109884 3.8233492 3.810989 3.810989 3.8233492 3.810989 3.810989 3.349752 3.8785365 3.349752 3.349752 3.7285397 3.8487203 3.8487203 3.8487206 3.36571 3.36571 3.36571 3.3657105 2.368803 2.368803 2.3765805 2.9981954 3.8787441 3.8901935 3.8787441 3.8487208 3.8487208 3.8787441 3.8787441 3.8787441 3.8787441 3.8787441 2.9981954
3.7285075 3.7285075 3.3497157 3.3497157 3.8109522 3.8109527 3.3497164 3.7285078 3.7285078 3.810953 3.810953 3.810953 3.810953 3.3497167 3.3497167 3.8785014 3.8785014 3.728508 4.082588 3.728508 3.728508 3.728508 3.7285082 3.7285082 3.3497174 3.3497174 3.8785021 3.8109543 3.8109543 3.8109543 3.8109543 3.8109543 3.8109543 3.8109543 3.3497174 3.3497174 3.3497174 3.3497174 3.7285092 3.84869 3.84869 3.84869 3.3656776 3.3656776 3.84869 3.365678 3.365678 3.365678 2.3687422 3.8901525 3.8787117 3.3656785 3.3656785 3.3656785 3.8486907 3.8486907 3.848691 3.8307407 3.8787124 3.8787124 3.8901527
3.728477 3.8784657 3.8784661 3.3496814 3.728477 3.3496814 3.3496814 3.3496814 3.728477 3.728477 3.3496814 3.8109183 3.8109188 2.4338355 3.3496819 3.7284772 3.7284772 3.7284772 4.0825424 4.0825424 3.7284772 3.7284772 3.7284775 3.7284775 3.3496823 3.3496826 4.082543 4.082543 3.8109188 3.8109188 3.8109188 3.810919 3.810919 3.7284777 3.7284782 3.7284782 3.7284782 3.3496826 3.3496826 3.8486593 3.8307083 3.84866 4.116172 3.84866 3.8486602 3.8486602 3.3656464 3.3656464 3.3656464 3.3656464 3.3656464 3.8486602 3.3656464 3.8486602 3.8486602 3.8486602 3.8486602 3.8486602 3.8486602 3.8786802 3.9717517
3.7284462 3.7284462 3.7057176 3.349646 3.349646 3.7284465 3.349646 3.3496466 3.7284467 3.7284467 3.3496466 3.3496466 3.3496466 3.3496466 3.3496466 3.728447 3.728447 3.7284472 4.0824986 4.0824986 3.7284472 3.7284472 3.7284472 3.7284472 3.7284472 3.7284472 3.7284472 3.7284472 3.7284477 3.8108845 3.8108845 3.8108845 3.349648 3.7284484 3.7284484 3.7284484 3.7284484 3.349648 3.349648 3.8486285 3.8486285 3.470378 4.1161385 3.8486288 3.8486295 3.8486295 3.8486295 3.8486295 3.8486297 3.3656137 3.3656137 3.8486297 3.84863 3.84863 3.84863 3.84863 3.84863 3.84863 3.84863 3.84863 3.9717193
3.7284155 3.7284155 3.7284155 3.3496118 3.3496118 3.3496118 3.3496118 3.3496118 3.7284155 3.7284157 3.3496127 3.3496127 3.3496127 3.3496127 3.3496127 3.7284164 3.7284164 3.7284167 3.7284167 3.7284167 3.7284167 3.7284167 3.7284167 3.7284167 3.7284167 3.7284176 3.7284176 3.7284176 3.8108501 3.8108501 3.8108501 3.8108501 3.8108501 3.8108501 3.8108501 3.8108501 3.7284184 3.7284186 3.7284186 3.8485987 3.8485987 4.19006 4.1161036 4.1161036 3.848599 3.848599 3.848599 3.848599 3.848599 3.848599 3.848599 3.848599 3.8485992 3.8485992 3.8485992 3.8485992 3.8485997 3.8485997 3.8485997 3.8485997 3.8486001
3.728386 3.728386 3.3495765 3.878361 3.8783617 3.349577 3.349577 3.349577 3.349577 3.7283864 3.7283864 3.349578 3.349578 3.7283866 3.7283866 3.7283866 3.7283866 3.7283866 3.7283866 3.7283866 3.7283866 3.7283866 3.7283866 3.7283866 3.7283866 3.7283866 3.7283866 4.0824094 3.7283866 3.8108153 3.8108153 3.8108153 3.8108153 3.8108153 3.8108153 3.8108153 3.8108153 3.728387 3.8783636 3.9716542 3.9716542 3.848568 3.4703176 3.4703176 3.848569 3.848569 3.848569 3.848569 3.848569 3.848569 3.848569 3.848569 3.848569 3.848569 3.848569 3.848569 3.848569 3.848569 3.848569 3.848569 3.848569
3.3495421 3.3495421 3.3495426 3.8783267 3.8783267 3.3495424 3.810779 3.810779 3.728355 3.728355 3.728355 3.728355 3.728355 3.728355 3.728355 3.728355 3.728355 3.728355 3.728355 3.7283552 3.7283552 3.7283552 3.7283554 3.7283554 3.81078 3.8107805 3.8107805 3.8107805 3.8107805 3.8107805 2.9557219 2.9557223 2.9557223 3.8107805 3.7283564 3.8107805 3.8107805 3.3495436 3.8783283 3.971622 3.971622 3.848539 3.848539 3.4702883 3.848539 3.848539 3.848539 3.8485394 3.8485394 3.8485394 3.8485394 3.8485396 3.8485396 3.8485396 3.8485396 3.8485396 3.8485396 3.8485396 3.8485396 3.8485396 3.8485396
3.3495069 2.4335074 2.4335082 3.8107438 3.8107438 3.8107438 3.8107443 3.8107443 3.728325 3.9218342 3.8107445 3.7283251 3.7283251 3.7283251 3.737319 3.737319 4.0823174 4.0823174 3.7283254 3.7283254 3.7283254 3.7283254 3.7283256 3.8107457 3.8107457 3.8107457 2.955666 2.955666 2.955666 2.955666 2.9684718 2.9684718 3.8230324 3.8107467 3.8107467 3.728326 3.8107467 3.34951 3.34951 3.97159 3.8485086 3.8485086 3.8485086 3.4702585 3.8485086 3.8485086 3.8485086 3.848509 3.848509 3.848509 3.848509 3.848509 3.848509 3.848509 3.848509 3.8485096 3.8485096 3.8485096 3.8485096 3.8485096 3.8485098
3.349473 3.349473 2.433443 3.8107095 2.955608 2.955608 3.8107095 3.8107095 3.8107095 3.9217994 3.8107095 3.8107095 3.7282948 3.8782573 3.8782578 3.7372885 4.0822725 3.3494735 3.3494735 3.728295 3.728295 3.728295 3.8782582 3.8107104 3.810711 2.9556093 2.968404 2.9684045 2.9684045 2.9556098 3.0376475 2.9556103 3.810711 3.810711 3.810711 3.810711 3.810711 3.810711 3.7282956 3.8484788 3.8484793 3.8484793 3.8484793 3.8484795 3.8484795 3.8484795 3.8484795 3.8484797 3.8484797 3.8484797 3.8484797 3.470228 3.470228 3.84848 3.84848 3.84848 3.84848 3.84848 3.84848 3.84848 3.84848
3.8106751 3.8106756 2.955553 2.955553 2.9683368 2.9683368 3.8106756 3.8106756 3.8106756 3.8106756 3.8106756 3.7282639 3.7282639 3.810676 3.810676 3.7282639 3.3494391 3.3494391 3.810676 3.7282639 3.7282639 3.878224 3.878224 3.1018162 2.9555545 2.9555545 2.9555545 2.9683383 2.9555545 2.9555545 2.9683383 3.810676 3.810676 3.810676 2.9555545 3.810676 3.7282646 3.810676 3.810676 3.8484492 3.8484492 3.8484492 3.8484492 3.8484492 3.8484492 3.8484492 3.8484492 3.8484492 3.470199 3.8484492 3.8484492 3.8484492 3.8484492 3.8484492 3.8484492 3.8484497 3.8484497 3.8484497 3.8484497 3.8484497 3.8484497
3.8106394 3.8106399 4.2113886 2.9554963 2.9682698 3.8228946 3.3494039 3.7282326 3.8781886 3.8781886 3.3494043 3.3494043 3.8106408 3.8106413 3.8106413 3.728233 3.8106418 3.8106418 3.8106418 3.8106418 3.349405 3.878189 3.1017594 3.1017594 2.9682715 2.9554982 2.9682715 2.9682724 2.9554987 2.9554987 3.8228967 3.810642 3.349405 3.810642 2.9554987 3.810642 3.8106425 3.7282348 3.8106425 3.8784225 3.8484185 3.8484185 3.8484185 3.8484185 3.8484185 3.8484185 3.8484185 3.848419 3.848419 3.4701695 3.4701695 3.8484192 3.8484192 3.8484192 3.8484192 3.8484192 3.8484192 3.8484192 3.8484192 3.8484197 3.8784235
3.7282023 3.8106055 3.8106055 3.8106055 3.8228493 3.8106055 3.7282028 3.7282028 3.8781538 3.8781538 3.349369 3.349369 3.810606 3.810606 3.810606 3.810606 3.810606 3.810606 2.9554422 3.8106065 3.8106065 2.9554422 2.9554422 3.0184762 2.9554424 2.9682052 2.9554424 2.9682052 2.9682052 2.9682052 3.8106065 3.8106065 3.8781543 3.810607 2.9682057 2.955443 3.810607 3.810607 3.810607 3.8783903 3.8483891 3.8483891 3.8483891 3.8483891 3.8483891 3.8483891 3.8483891 3.8483899 3.8483899 3.8483899 3.4701395 3.8483899 3.8483899 3.8483899 3.8483899 3.8483899 3.8483899 3.8483899 3.8483899 3.8483899 3.8783906
3.728172 3.3493338 3.8105707 3.8105707 3.8105707 3.3493338 3.3493338 3.7281723 3.8105707 3.8105707 3.7281723 3.7281723 3.7281723 3.8105712 3.8105712 3.8105712 3.8105712 3.8105712 2.9553854 2.9553854 2.9553854 2.955386 2.955386 2.9681382 2.955386 2.955386 2.955386 2.9681382 2.9553862 2.9553862 2.9553862 3.8105721 3.8105721 3.8105721 2.968139 3.8228054 3.8105726 3.8105726 3.7281733 3.8783584 3.8783584 3.8483593 3.8483593 3.8483593 3.8483593 3.8483593 3.8483598 3.4701102 3.8483598 3.8483598 3.8483598 3.4701102 3.4701102 3.8483598 3.8483598 3.8483598 3.8483598 3.8483598 3.9714308 3.9714308 3.8783588
3.7281413 3.7281415 3.7281415 3.810536 3.810536 3.3492994 3.3492994 3.7281415 3.7281418 3.8105364 3.7281418 3.7281418 3.7281418 3.728142 3.8105369 3.8105369 3.8105369 2.9553292 2.968071 2.968071 2.968071 2.9680717 2.9680717 2.9680717 2.9680722 2.9680722 2.9680722 2.9680727 2.9553308 2.9680727 3.822761 3.8105378 3.8105378 3.8105378 2.955331 3.8105378 3.8105378 3.8105378 3.8105378 3.878327 3.878327 3.8483293 3.8483293 3.8483295 3.8483295 3.8483295 3.8483295 3.8483295 3.8483295 3.8483295 3.8483295 3.8483295 3.8483295 3.8483295 3.8483298 3.8483298 3.8483298 3.8483298 3.9713988 3.9713988 3.878327
3.8780491 3.8780491 3.3492641 3.3492641 3.3492641 3.3492641 3.3492641 3.3492641 3.7281113 3.7281113 3.7281115 3.7281115 3.7281115 3.7281117 3.7281117 3.810502 3.810502 2.968005 2.9552739 2.968005 2.968005 2.9680054 2.9680054 2.9680054 3.8227143 3.8227143 2.4456484 2.9680054 2.9680054 2.968006 3.8105025 3.8105025 2.9552748 2.9552748 2.968006 2.9552748 3.8105025 3.8105025 3.8105025 3.8782945 3.8782945 3.8782945 3.8482988 3.8482988 3.8482988 3.8482988 3.8482988 3.8482988 3.8482988 3.8482988 3.8482988 3.8482988 3.8482988 3.8482988 3.848299 3.848299 3.848299 3.848299 3.8482993 3.878295 3.878295
3.810466 3.810466 3.3492298 3.3492298 3.3492298 3.3492303 3.3492303 3.3492303 3.7280812 3.7280812 3.7280812 3.7280812 3.7280812 3.7280815 3.7280815 3.7280815 3.8104668 3.8104668 2.967938 2.955218 2.955218 2.9679382 2.9679382 2.9552186 3.3492303 3.3492303 3.3492308 2.4455736 2.9679396 2.96794 2.9552195 2.9552195 2.9552195 2.9679399 2.9679399 2.9679406 3.8104687 3.8104687 3.8104687 3.8782623 3.8482687 3.8782623 3.8782623 3.848269 3.848269 3.848269 3.3652294 3.3652294 3.8482692 3.8482692 3.8482692 3.8482692 3.8482692 3.8482692 3.8482692 3.8482692 3.3652294 3.8482692 3.3652294 3.8782625 3.8782625
3.8104312 3.3491945 3.3491945 3.3491945 3.3491945 3.349195 2.4329245 3.349195 3.3491955 3.7280502 3.7280502 3.7280502 3.7280502 3.7280502 3.7280502 3.7280502 3.3491957 3.3491957 2.432925 2.9678712 2.9678712 2.9551618 2.9551618 2.445497 3.3491962 3.3491962 2.4329262 2.4329262 2.4329262 2.9678724 2.9678724 2.9551623 2.9678724 2.9678724 2.9678724 2.9551628 3.8104331 3.8104331 2.9551628 3.8482392 3.8482392 3.8782296 3.87823 3.8482392 3.8482392 3.3651967 3.3651967 3.3651967 3.8482392 3.8482394 3.8482394 3.8482394 3.8482394 3.8482394 3.8482394 3.8482394 3.3651972 3.3651972 3.3651977 3.3651977 3.878231
2.955104 2.9551046 4.356968 3.8103976 3.3491607 3.3491607 2.4328594 3.3491607 3.3491607 3.3491607 3.7280195 3.7280195 3.7280195 3.7280195 3.7280195 3.7280195 3.810398 3.810398 3.810398 3.8225784 2.4454222 2.955107 2.4454222 2.432861 2.432861 2.432861 2.4328613 2.4328613 2.4328613 2.445423 2.955107 2.955107 2.967806 2.9551075 2.967806 2.967806 2.9551075 2.9551075 2.9268692 2.987061 3.848209 3.848209 3.8781984 3.8781984 3.8781984 3.8781986 3.3651652 3.8781986 3.8482091 3.8482091 3.8482091 3.8482091 3.8482091 3.8482099 3.8482099 3.8482099 3.3651652 3.3651652 3.3651652 3.3651652 3.3651652
2.9550488 2.9677367 2.9550488 3.810362 3.810362 3.3491259 2.4327948 2.432795 3.3491259 3.3491259 3.72799 3.72799 3.72799 3.72799 3.72799 3.72799 3.810363 3.810363 3.8103635 2.4327962 2.4327965 2.445347 2.4327965 2.4327967 2.4327967 2.4327967 2.432797 2.432797 3.3491268 3.3491273 2.9677403 2.9677403 2.9677403 2.9677403 2.9677403 2.9677408 2.9677408 2.9677408 3.0094059 3.8894596 3.8781657 3.8781657 3.8781657 3.8781657 3.9712372 3.9712377 3.8781662 3.8781662 3.8481793 3.8481793 3.8481793 3.8481793 3.8481793 3.8481793 3.3651335 3.3651335 3.3651335 3.3651335 3.3651335 3.3651335 3.3651335
3.8103275 2.96767 2.96767 2.954993 3.8103275 3.8103275 2.4327297 2.4327302 2.4327302 3.349091 3.349091 3.727959 3.727959 3.727959 3.727959 3.7279592 3.810328 2.9549947 2.9549947 2.4327314 2.4327314 2.4327314 2.4327314 2.4327319 2.4327319 2.4327319 3.3490925 3.3490925 3.3490925 3.810329 2.9676733 2.9676733 2.9676738 2.9676738 2.9676738 2.9676738 3.822489 3.822489 3.822489 3.8781338 3.8781338 2.9869576 2.9869576 2.9869576 3.1684554 3.848149 3.848149 3.848149 3.848149 3.848149 3.848149 3.848149 3.848149 3.9712057 3.9712057 3.3651013 3.8481493 3.3651013 3.3651013 3.3651013 3.3651013
3.8102927 2.967603 2.967604 2.967604 3.8102932 3.8102932 3.8102932 3.877841 3.3490567 3.3490567 3.3490567 3.7279284 3.7279286 3.7279286 3.7279286 3.7279286 3.8102937 3.8224425 2.9676058 2.9549394 2.4326668 2.9549394 2.9549394 2.4326668 3.3490572 3.3490572 3.3490577 4.081734 3.8102942 3.8102944 2.9549394 2.9676068 2.9676068 2.9549394 2.9676068 3.8102949 3.8102949 3.8102949 3.810295 3.3650687 3.3650687 2.3752506 2.3675895 3.5846004 4.1894684 3.3650687 3.469871 3.8481197 3.8481197 3.8481197 3.3650692 3.8481197 3.8481197 3.84812 3.971174 3.84812 3.84812 3.3650696 3.3650696 3.3650696 3.3650696
3.810258 2.9675357 2.9675367 2.9675367 2.9548807 3.810258 3.810258 3.8778057 3.8778057 3.727898 3.7278984 3.7278984 3.7278984 3.7278984 3.7278984 3.7278984 3.8102589 3.8102589 3.8223968 3.8223968 2.9548824 2.967539 2.967539 2.9548829 3.8102593 3.8102598 3.8102598 4.08169 3.8102598 3.8102598 3.8223977 3.8223977 3.8223977 2.9548838 2.9675405 2.9548838 3.8102598 3.8102598 3.8778076 3.365036 3.365036 2.36753 3.365036 3.4574037 3.848089 3.848089 3.469842 3.469842 3.469842 3.469842 3.365037 3.848089 3.848089 3.848089 3.848089 3.848089 3.848089 3.848089 3.3650374 3.9711423 3.9711423
2.4450424 2.4325342 2.9674706 2.9674706 2.9674706 2.9548254 3.8102236 3.7278674 3.7278674 3.7278674 3.7278674 3.7278674 3.7278676 3.7278676 3.727868 3.8102245 3.8102245 3.8102245 3.8102245 3.8102245 3.8223524 3.8223524 3.822353 3.822353 3.810225 3.810225 3.810225 3.9213142 3.810225 3.810225 3.810225 3.810225 3.810225 3.822353 3.822353 3.822353 3.810225 3.810225 3.8777733 4.189394 3.848059 3.8480592 3.8480592 3.8480592 3.8480592 3.8480592 3.4698114 3.4698114 3.4698122 3.4698122 0.0 3.8480592 3.8480592 3.8480592 3.8480592 3.8480592 3.8480592 3.8480594 3.8480594 3.9711099 3.9711099
2.4324694 2.4324694 2.9674034 2.954769 3.8223054 3.8223054 3.810189 3.7278368 3.8777368 3.8777368 3.727837 3.727837 3.9212778 3.9212778 3.9212778 3.8101897 3.8101897 3.8101897 3.8101897 3.8101897 3.8101902 3.8101902 3.8101902 3.8101902 3.8101902 3.8101902 3.921279 3.7278376 3.7278376 3.7278376 3.7278376 3.8101902 3.8101902 3.8101902 3.8101902 3.7278385 3.8101902 3.8101902 3.7278385 3.8480284 3.3649724 3.8480287 3.8480287 3.8480287 3.848029 3.848029 3.4697816 3.4697816 3.4697819 3.4697819 3.4697819 3.4697819 3.4697824 3.8480294 3.8480294 3.8480294 3.8480294 3.8480294 3.8480294 3.8480294 3.8480294
2.432405 2.954713 2.954713 2.954713 3.810154 3.810154 3.3489168 3.3489172 3.727806 3.7278063 3.7278063 3.7278063 3.9212437 3.9212437 3.9212437 3.8777013 3.7278063 3.810154 3.810154 3.8101544 3.8101544 3.7278068 3.8101547 3.8101547 3.727807 3.7278073 3.7278073 3.7278073 3.7278073 3.7278073 3.7278073 3.8101559 3.8101559 3.7278073 3.7278075 3.7278075 3.7278075 3.7278075 3.7278075 3.8479986 3.8479986 3.8479989 3.8479989 3.8479989 3.8479989 3.8479989 3.8479989 3.8479989 3.4697516 3.847999 3.8779745 3.8779745 3.4697518 3.8479998 3.971046 3.8479998 3.848 3.848 3.848 3.848 3.9710464
2.4323404 2.9672713 2.9672713 2.9672713 3.8101194 3.8101194 3.3488827 3.3488827 3.727776 3.727776 3.727776 3.727776 3.727776 3.727776 3.7277765 3.8776674 3.8776674 3.8101203 3.8101203 3.8101203 3.8101203 3.7277765 3.877668 3.8101203 3.7277768 3.7277768 3.7277768 3.7277768 3.7277768 3.7277768 3.8776684 3.8101208 3.8101208 3.727777 3.727777 3.727777 3.727777 3.727777 3.727777 3.8479693 3.8479693 3.8479695 3.8479695 3.8479695 3.8479695 3.8479695 3.8479695 3.8479695 3.84797 3.84797 3.84797 3.84797 3.84797 3.9710133 3.9710133 3.84797 3.84797 3.84797 3.84797 3.84797 3.84797
2.9546008 2.9672039 2.9672048 3.8221698 3.8100846 3.8100846 3.7277446 3.7277448 3.7277448 3.7277453 3.7277453 3.7277455 3.7277455 3.7277455 3.7277458 3.7277458 3.7277458 3.8100853 3.8100853 3.8100855 3.8100855 3.727746 3.877633 3.877633 3.7277462 3.7277462 3.7277462 3.7277462 3.7277465 3.7277465 3.8776333 3.810086 3.3488493 3.7277467 3.8776336 3.8776336 3.7277474 3.7277477 3.7277477 3.8479388 3.847939 3.847939 3.847939 3.847939 3.847939 3.847939 3.847939 3.847939 3.847939 3.847939 3.847939 3.847939 3.847939 3.847939 3.847939 3.847939 3.8479393 3.8479393 3.8479393 3.8479393 3.8479393
