Export/ASCII/RMeteo_SP_inch/speranza1/RMeteo_2018_SP1_inch.asc
ncols         660
nrows         338
xllcorner     1476100.0
yllcorner     5017100.0
cellsize      100
NODATA_value  -9.9e-20
[rows 297 to 323 of 338, columns 366 to 426 of 660]
3.7166104 3.71661 3.71661 3.71661 3.9575467 3.9575465 3.9575465 4.139272 4.139272 4.1392717 3.9575465 3.9575458 3.9575458 3.9575455 3.9575455 3.9575453 3.9575453 3.9575448 3.4311764 3.4311764 3.4311764 3.431176 3.9931357 3.9931357 3.9931357 3.9931357 3.5230017 3.5230017 3.5230017 3.5230014 3.4423785 3.4423785 3.864159 3.8564675 3.8564675 3.8564675 3.8564675 3.8564675 3.8564675 3.8564675 3.8564675 3.8564675 3.8564675 3.8564672 5.075611 2.7881272 2.7777822 2.5594406 2.5594406 4.0045824 3.8564658 3.8564658 3.8564656 3.8564656 3.8564656 4.0045815 4.0045815 3.856465 3.856465 3.8564649 3.8564649
3.7165549 3.7165542 3.7165542 3.716554 3.716554 3.716554 3.9574854 3.9574854 3.9574854 3.957485 3.957485 3.9574847 3.9574847 3.9574842 3.9574842 3.957484 3.957484 3.4311209 3.4311209 2.893046 2.893046 3.4311209 3.4311209 3.4311204 3.9930801 3.9930801 3.9930801 3.5229433 3.5229423 3.5229423 3.864104 3.864104 3.864104 3.8564236 3.8564236 3.8564236 3.8564231 3.8564231 3.8564231 3.8571024 3.8564231 3.8564227 3.8564227 3.8564224 3.8564224 2.8778946 2.5379767 2.6762025 2.6762025 2.5594032 2.5379767 3.8564203 3.8564203 3.8564203 3.8564203 3.85642 3.85642 3.85642 4.2716303 3.8564196 3.8564196
3.7164986 3.716498 3.716498 3.716498 3.716498 3.716497 3.9574258 3.9574254 3.9574254 3.9574254 3.9574254 3.9574249 3.9574249 3.9574249 3.9574249 3.9574249 3.9574249 4.509103 3.9930248 3.9930243 3.522884 2.8929853 2.8929853 3.4310637 3.4310637 3.4310637 3.9930234 3.9930234 3.5228827 3.5228827 3.8640492 3.8640487 3.8640487 3.856379 3.856379 3.8563788 3.8563783 3.8563783 3.8563778 3.8563778 3.8563778 3.8563776 3.8563776 4.0044746 4.0044746 2.5593657 2.9987223 2.774294 2.8111434 2.8187623 2.6369636 3.8563771 3.8563771 3.8563771 3.8563771 3.8563771 3.8563764 3.8563764 3.8563757 3.8563755 3.8563755
3.716441 3.716441 3.716441 3.7164407 3.7164407 3.7164407 3.7164402 3.9573655 3.9573655 3.9573655 3.9573653 3.957365 3.957365 3.9573648 3.9573648 3.9573646 3.9573646 4.5090504 3.992968 3.5228236 3.992968 4.5090494 3.4310079 3.4310074 2.8929248 3.4310074 3.4310074 3.9929671 3.9929662 3.9929662 4.368251 4.368251 3.3461757 3.8563335 3.8563335 3.8563335 3.8563335 3.8563335 3.8563333 3.8563333 3.856333 3.856333 3.856333 4.0044203 4.0044203 2.5593274 2.6761062 3.3612444 2.612574 2.8110948 3.183855 2.7776334 3.856332 3.856332 3.856332 3.8563318 3.8563316 3.8563316 3.8563313 3.8563309 3.8563309
3.7163827 3.7163827 3.7163827 3.7163827 3.7163827 3.7163827 3.7163825 3.7163825 3.7163823 3.9573064 3.9573061 3.9573061 3.957306 3.9573054 3.9573054 3.9573054 3.9573054 3.957305 3.9929128 3.5227644 3.9929128 3.4309525 3.4309525 3.4309525 2.892866 2.8928654 3.430952 3.430952 3.9929113 3.9929113 4.368202 4.368202 3.3461213 3.8562896 3.8562896 3.8562891 3.856289 3.856289 3.8562887 3.8562887 3.8562887 3.8562884 4.0043654 4.0043654 4.004365 4.004365 5.513404 2.5379567 3.1889458 3.2522466 3.0769901 2.9033306 2.877703 3.856287 3.856287 3.856287 3.856287 3.8562868 3.8562868 3.8562868 3.494527
3.7163284 3.7163284 3.7163281 3.7163281 3.7163281 3.7163281 3.716328 3.716328 3.716328 3.716328 3.957245 3.957245 3.9572449 3.9572449 3.9572446 3.9572444 3.9572444 3.9572444 3.992856 3.9928555 3.4308958 3.4308958 3.4308958 3.4308958 2.8928065 2.892806 2.8928058 2.1545286 3.4308958 4.5089436 4.3681536 3.346068 3.856246 3.8562453 3.8562453 3.8562453 3.8562453 3.856245 3.856245 3.856245 3.856245 3.8562446 3.8562446 4.004312 4.004312 3.8562438 3.8562436 2.53795 2.6368186 2.9998865 2.8529785 3.4033053 2.873883 2.8791502 3.8638835 3.863883 3.863883 3.856243 3.8562427 3.8562427 3.8562424
3.9571857 3.716271 3.716271 3.716271 3.716271 3.716271 3.716271 3.716271 3.7162704 3.7162704 3.7162702 3.7162702 3.9571846 3.9571846 3.9571846 3.9571846 3.9571846 3.9571846 3.9571846 4.508893 3.43084 3.43084 3.43084 2.8927484 2.8927484 2.8927476 2.8927474 3.4934545 3.4308395 4.508892 3.3460135 3.8562007 3.8562007 3.8562007 3.8562007 3.8561997 3.8561997 3.8561995 3.8561995 3.8561995 3.856199 3.8561988 3.8561988 3.8561988 3.8561988 3.8561988 3.8561988 3.8561988 4.663248 2.777487 2.6924949 3.3551207 3.5462856 2.9197462 4.682696 3.8638291 3.8638291 3.8561978 3.8561976 3.8561976 3.8561976
3.9571266 3.9571266 3.7162144 3.7162144 3.7162137 3.7162137 3.7162137 3.7162137 3.7162137 3.7162137 3.7162132 3.7162132 3.716213 3.716213 3.9571247 3.9571247 3.9571245 3.9571242 3.9571242 3.4307847 3.4307847 2.892688 2.892688 2.892688 2.892688 2.8926878 2.8926876 3.4307833 3.9927433 3.9927433 3.345959 3.8561568 3.8561563 3.8561563 3.8561563 3.8561559 3.8561559 3.8561559 3.8561556 3.8561556 3.8561556 3.618712 3.618712 3.618712 3.618712 3.6187112 3.8561542 3.8561542 3.856154 3.856154 2.8775136 3.178029 2.8109026 3.152871 2.9127162 3.6779122 4.004201 3.8561532 3.8561532 3.8561532 3.8561532
3.4307313 3.9570663 3.957066 3.716157 3.716157 3.716157 3.7161567 3.7161567 3.7161567 3.7161567 3.7161567 3.7161567 3.7161562 3.7161562 3.9570649 3.9570649 3.9570646 3.9570646 3.430729 3.4307284 3.4307284 2.8926282 2.8926282 2.8926277 2.8926277 2.8926275 2.8926275 3.430728 3.4307275 3.4307275 4.004151 3.8561125 3.8561125 3.8561125 3.8561125 3.856112 3.6186585 3.6186583 3.6186574 3.6186574 3.618657 3.618657 3.618657 3.6186569 3.6186569 3.6186569 3.6186569 3.8561106 3.8561106 3.85611 2.5379295 2.8789608 3.026718 3.393998 2.5591393 4.768758 4.0041466 3.8561091 3.8561087 3.8561087 3.8561082
2.8925724 3.4306755 2.4243643 3.7161005 3.7161002 3.7161002 3.7161002 3.7161002 3.7160995 3.7160995 3.7160993 3.7160993 3.716099 3.716099 3.9570043 3.9570043 3.9570043 3.9570043 3.4306726 3.4306722 3.4306722 3.4306722 2.8925695 2.892569 2.1542745 2.154274 3.4306722 3.4306722 3.4306717 4.1387653 4.0040956 3.6186044 3.6186042 3.8560674 3.8560674 3.618604 3.618604 3.6186032 3.618603 3.618603 3.618603 3.618603 3.618603 3.6186025 3.6186025 3.6186025 3.6186025 3.8560655 3.8560655 3.856065 2.5379229 2.6366222 3.3195753 2.4948075 3.3812175 2.9471145 2.5379229 3.8560643 3.8560643 3.8560643 3.856064
2.8925123 2.1542125 2.1542122 4.371688 3.7160442 3.7160442 3.7160437 3.406394 3.7160437 3.7160437 3.7160432 3.7160432 3.7160432 3.7160432 3.7160425 3.7160425 3.9569452 3.9569452 3.956945 3.4306178 3.4306178 3.4306169 3.4306169 2.8925097 3.493184 2.1598988 3.4306169 3.9925756 3.4306164 4.13871 2.8525949 3.61855 3.61855 3.61855 3.61855 3.6185496 3.6185496 3.6185496 3.6185489 3.6185489 3.6185482 3.6185482 3.6185482 3.6185482 3.6185482 3.6185482 3.618548 3.8560212 2.5379162 2.5379162 2.5379162 2.8273904 2.4947999 3.1749039 2.5379157 2.979638 2.9186807 2.636573 3.8560193 3.8560193 3.856019
2.9148397 2.1541498 2.1598377 3.972566 3.880998 3.7159884 3.7159884 3.7159884 3.4063535 3.7159884 3.7159884 3.7159884 3.7159884 3.7159884 3.7159877 3.7159877 3.7159863 3.9568841 3.956884 3.956884 3.9568837 3.4305606 3.4305606 3.4305606 3.4305606 3.4932475 2.8877332 3.956883 3.4305599 3.4305599 2.8525414 2.8525414 3.6184945 3.6184945 3.6184945 3.6184945 3.6184945 3.6184945 3.6184945 3.618494 3.6184936 3.6184936 3.6184936 3.6184936 3.6184936 3.6184933 3.6184926 3.8559756 2.537909 2.537909 2.6365254 3.0530453 2.537909 2.639581 3.6184914 2.636525 2.537909 3.067817 4.9692554 3.855975 3.855975
2.2108896 2.154087 2.9147701 3.9645736 3.7159307 3.7159307 3.7159302 3.7159302 3.71593 3.4063127 3.4063127 3.71593 3.7159295 3.7159295 3.715929 3.715929 3.715929 3.715929 3.9568243 3.9568243 3.9568243 3.9568243 3.4305046 3.430504 3.9924638 3.9924638 2.669861 3.4305036 3.4305036 2.8923895 2.205417 3.6184402 3.6184397 3.6184397 3.6184397 3.6184397 3.6184397 3.6184397 3.6184397 3.618439 3.6184385 3.6184385 3.6184382 3.6184373 3.4417412 3.4417412 3.4417412 3.8635035 3.8559318 5.4550734 4.969141 4.645628 4.1013355 3.6184366 4.2548428 3.618436 2.7771924 2.6364768 2.88579 2.5379024 3.8559294
2.053963 2.053963 2.9147005 3.5222318 3.715875 3.715875 3.715875 3.715875 3.7158747 3.7158747 3.7158747 3.7158747 3.7158747 3.7158747 3.7158744 3.7158744 3.7158744 3.7158744 3.715874 3.715874 3.5222294 3.9924085 3.9567642 3.9924083 3.9924083 3.9567635 5.539366 2.154019 2.8923304 2.8923304 2.3205423 3.6183865 3.6183865 3.3446763 2.852435 2.852435 3.6183856 3.618385 3.618385 3.618385 3.6183836 3.6183836 3.6183836 3.6183836 3.6775968 3.6775963 4.0038767 3.863449 3.8558867 3.8558867 3.6183822 3.773701 3.6183822 3.6183822 3.618382 3.618382 2.5378952 2.5378947 2.5378947 2.5378947 3.8558853
2.0538864 2.1556098 2.1556098 3.522173 3.7158184 3.7158184 3.7158182 3.7158182 3.7158182 3.7158182 3.7158182 3.7158182 3.7158177 3.7158177 3.7158177 3.7158177 3.7158175 3.7158175 3.7158172 3.7158172 2.5043886 3.5221708 4.3484626 4.5084734 3.9923525 3.9567032 3.9567032 2.4241812 2.892272 2.1539564 2.320483 3.6183305 3.6183305 3.3446364 2.8523827 2.8523824 2.8523824 2.8523822 3.4416368 3.4416363 3.61833 3.61833 3.61833 3.61833 3.6775436 3.6775436 4.0038223 4.3677044 3.8558433 3.8558433 3.6183288 3.6183276 3.8219564 3.6183271 3.6183271 3.6183271 3.6183271 2.63638 2.6363795 2.6363795 2.4937336
2.3644698 2.155546 2.0648775 2.424147 3.7157617 3.7157617 3.7157614 2.8922143 2.153894 2.8875148 2.8875148 3.7157612 3.7157607 3.7157607 3.71576 3.71576 3.71576 3.71576 2.424146 2.424146 2.5900793 2.424146 2.8893383 2.8875134 3.9922967 3.9566426 3.4303365 2.981888 2.8922124 2.1595771 2.6657572 3.618276 3.618276 2.8523304 2.8523304 2.8523304 2.8523302 3.4415846 3.4415846 3.4415843 2.8523288 3.6182745 3.6182737 3.6182737 3.6182737 3.8557982 3.8557982 3.8557978 3.8557978 3.8557978 3.618272 3.6182716 3.6182716 3.6414478 3.6182716 3.6182716 3.6182716 3.6182716 2.9028041 2.5588748 2.7725327
2.9179654 2.3320966 2.1003904 2.5591474 2.5825343 2.4241092 2.4241092 2.1538312 2.1538312 3.005001 3.1546352 2.6697056 2.4241083 2.4241083 2.4241078 2.4241078 2.4241078 2.4241078 2.5825324 2.5825324 2.663548 2.5825324 2.6441731 2.6441731 3.9922404 3.4302802 2.1538296 2.8921525 2.8921525 2.5591435 2.6521032 3.618221 3.6182208 2.852278 2.8522775 3.4415321 3.4415321 3.441532 3.6182208 2.8522773 2.852277 3.6182203 3.61822 3.61822 3.6182199 3.8557534 3.8557534 3.8557532 3.855753 3.855753 3.6182182 3.6182177 3.6182177 3.6182175 3.6182175 3.6182175 3.6182175 3.6182175 3.4415298 3.7338486 2.5590615
2.9109206 2.1003551 2.4397233 2.1003551 2.353771 2.1003542 2.1537673 2.1537673 2.9144216 4.6021233 2.8874056 2.9413059 2.4240725 2.5824833 2.5824833 2.5824833 2.6979496 2.5824833 2.8208013 2.8208013 2.9002542 2.821845 2.6971948 2.6692483 2.4240725 2.5042052 2.1594498 2.1537647 2.1537647 2.595221 2.5378685 3.6181662 3.6181662 2.8522243 2.8522234 3.4414785 3.6773863 3.6773863 3.6773863 3.618166 2.8522232 2.852223 3.618166 3.618166 3.618166 3.618166 3.618166 3.8557096 3.6181655 3.6181655 3.618165 3.618164 3.618164 3.618164 3.618164 3.618164 3.618164 3.6181636 3.4414756 3.4414754 3.4414752
3.9564662 2.940083 2.2739575 2.5660584 2.273957 2.5642421 2.273957 2.261133 2.261133 2.135992 2.6696274 2.4240363 2.9540396 2.5824308 2.8207388 2.8207388 2.8207383 3.1471736 2.9375854 2.9375854 2.912675 2.6482081 2.6121407 2.4240353 2.9060192 2.5123231 2.4902549 2.159385 2.159385 2.8567238 2.6361892 3.6181135 3.6181135 2.852172 2.8521717 3.4414265 3.6773334 3.6773334 3.6773334 3.6181126 2.852171 2.8521707 2.8521705 3.4414253 3.441425 3.6181114 3.6181114 3.618111 3.6181102 3.6181102 3.6181085 3.618108 3.618108 3.618108 3.6181076 3.6181076 3.6181073 3.6181073 3.441423 3.441423 3.441423
3.956406 2.4240015 2.9363995 2.4883907 2.6286807 2.4883907 2.6286807 2.4883902 2.254133 2.398454 2.1002812 2.944164 2.5823798 2.9363976 2.8206792 2.9375215 2.9375215 2.9375215 3.490896 2.9363976 2.5040836 2.9810898 2.6000495 2.5823798 2.800885 2.6190722 2.5899029 2.49018 2.49018 2.9056072 3.867562 2.8521197 2.852119 2.852119 3.4413736 3.4413736 3.6772811 3.6772811 3.6772811 2.8521185 3.441373 3.441373 3.4413729 3.4413729 3.4413729 3.6180556 3.6180556 3.6180556 3.618055 3.618055 3.6180546 3.6180546 3.6180546 3.6180546 3.6180546 3.6180546 3.6180546 3.618054 3.4413705 3.4413702 3.4413698
3.956346 2.4239652 2.5823298 2.9363337 2.9033039 2.628625 2.6286244 2.6286244 2.9751074 2.4239647 3.0727663 2.5640302 2.4239647 2.4239647 2.9156165 2.4239647 2.9363322 2.4239647 2.9363308 2.915615 2.5121682 2.4239638 2.6891708 2.8206167 2.6119857 2.4239633 2.4239633 2.589859 2.589859 2.4239633 3.4413218 3.4413216 3.6772294 3.6772292 3.4413214 2.8520663 2.852066 2.8520656 2.8520656 3.4413202 3.4413202 3.4413202 3.618002 3.618002 3.618002 3.618002 3.618002 3.618002 3.618002 3.618002 3.6180015 3.6180015 3.6180012 3.6180007 3.6180007 3.6179998 3.6179986 3.6179986 3.441318 3.4413178 3.4413173
2.4239285 2.4239285 2.5822773 2.820558 2.936267 2.9272368 2.903247 3.258173 2.423928 3.2294116 2.5822768 5.066622 2.8079906 2.5822768 2.5822768 2.936266 2.5822768 2.9155474 3.0467246 2.5039623 2.90484 2.6126273 2.846386 2.9054368 2.606954 2.582275 2.4239275 2.6632838 2.6632838 4.370777 3.4412692 3.4412687 3.6771765 3.6771762 3.441268 3.6179476 3.6179476 2.8520133 2.8520129 3.6179473 3.6179473 3.6179469 3.6179469 3.6179469 3.6179464 3.6179464 3.6179464 3.617946 3.617946 3.617946 3.6179454 3.6179454 3.6179454 3.617945 3.617945 3.6179447 3.6179447 3.6179447 3.6179445 3.6179438 3.6179433
2.4238942 4.9554186 2.5822277 2.8205 2.937327 2.9362035 3.215161 2.4238927 5.572285 4.370699 5.8612247 5.383307 2.4238927 2.4238927 2.8204975 2.820497 3.0831547 3.2876246 2.5958607 3.1382625 2.512014 2.618546 3.2972882 2.6431947 2.5998998 2.820496 2.582224 2.899922 2.8999214 3.6175456 3.4412162 3.441216 3.6178932 3.6178925 3.6178925 3.6178925 3.6178925 3.6178925 3.6178925 3.617892 3.617892 3.617892 3.6178913 3.6178913 3.6178908 3.6178908 3.6178908 3.6178908 3.6178908 3.6178904 3.6178904 3.6178904 3.6178901 3.61789 3.61789 3.6178894 3.6178894 3.6178894 3.6178894 3.6178894 3.6178894
3.9561663 4.955328 2.423856 2.8204374 2.9372582 2.9361348 2.4238555 5.632165 3.715308 4.219143 3.9561646 3.9561644 2.423855 2.423855 2.5821714 4.31284 2.595805 2.5958045 3.2270598 2.5711586 2.50384 2.5998492 2.503839 2.6117542 2.6889973 2.423855 2.8204336 2.5038388 2.5038388 2.8906364 3.4411635 3.4411633 3.4411633 3.6178384 3.6178384 3.6178384 3.6178384 3.6178384 3.6178384 3.6178384 3.6178384 3.6178377 3.6178374 3.6178374 3.6178374 3.6178374 3.6178367 3.6178362 3.6178362 3.8423038 2.6212099 2.537828 3.617836 3.6178353 3.6178353 3.617835 3.6178348 3.6178348 3.6178343 3.6178343 3.6178343
3.9561062 3.9561062 3.9561062 2.5821218 3.2150776 2.4238193 2.936071 2.5821218 2.4994943 3.9561052 3.9561052 3.9561052 2.4238188 2.5821214 2.582121 2.8203754 2.5037804 2.5710888 2.5710888 2.7894385 2.6400812 2.5118573 2.7527316 2.5118568 2.960827 2.58212 2.4238188 2.941246 2.511856 3.75501 3.4411106 3.4411104 3.4411104 3.6177838 3.6177838 3.6177838 3.6177835 3.6177835 3.6177833 3.6177833 3.6177833 3.6177828 3.6177828 3.6177826 3.6770163 3.6770163 3.6770163 3.6177826 3.6177826 2.6211731 2.7971773 2.5378213 3.6177816 3.6177814 3.6177814 3.6177814 3.617781 3.617781 3.6177804 3.6177804 3.6177804
3.9560452 3.9560452 3.9560452 2.8203168 2.4237845 3.3085008 2.5820704 2.9360056 2.8203158 2.6755342 3.9560447 3.9560442 2.4237835 2.582069 3.0771983 2.5037193 2.9050963 2.5117805 2.6400015 2.6400013 2.8025284 2.6106124 2.6186118 2.613186 2.5997486 3.2052343 2.582068 2.5037181 3.921361 3.6984258 3.441058 3.4410574 3.4410574 3.6177309 3.6177309 3.6177304 3.6177304 3.6177304 3.61773 3.6177297 3.6177297 3.6177294 3.6769636 3.6177292 3.6769633 3.6769633 3.676963 4.195093 3.842193 2.7971277 2.9937272 2.7255971 3.6177275 3.617727 3.617727 3.6177263 3.6177263 3.6177263 3.6177263 3.6177263 3.6177263
3.9559863 3.9559858 3.9559858 2.4237483 3.0836604 2.7047298 3.2151768 2.8202558 2.9359407 2.9370618 2.8206358 2.4237478 3.9559846 2.8202553 2.4237478 3.1684647 2.5895996 2.4237478 2.5997005 2.1262383 2.1262383 2.7061155 2.6065707 2.6065707 3.0161104 3.317037 2.8202534 2.5117004 2.5036566 3.521455 3.441006 3.4410057 3.4410057 3.4410057 2.851751 3.6176744 2.85175 3.6176744 3.617674 3.617674 3.617674 3.6176739 3.676911 3.6176739 4.1950264 3.6769109 3.6769106 4.1950264 3.842137 2.9936647 3.0631914 2.8973556 2.537808 3.617672 3.617672 3.617672 3.6176717 3.6176717 3.617671 3.617671 3.617671
