Export/ASCII/RMeteo_SP_inch/speranza1/RMeteo_2017_SP3_inch.asc
ncols         660
nrows         338
xllcorner     1476100.0
yllcorner     5017100.0
cellsize      100
NODATA_value  -9.9e-20
[rows 72 to 107 of 338, columns 410 to 491 of 660]
0.0 0.0 0.0 0.0 0.0 0.0 0.0 0.0 0.0 0.0 0.0 0.0 0.0 0.0 0.0 0.0 0.0 0.0 0.086924314 0.086924314 0.29308677 0.29308677 0.29308677 0.0 0.0 0.0 0.0 0.66427827 0.66427827 0.66427827 0.66427827 0.24577475 0.24577475 0.0 0.24577475 0.24577475 0.24577475 0.29308677 0.29308677 0.0 0.0 0.086924314 0.086924314 0.086924314 0.0 0.79635143 0.79635143 0.23521042 0.23521042 1.0686033 0.66427827 0.66427827 0.66427827 0.66427827 0.0 0.0 0.0 0.0 0.0 0.0 0.0 0.0 0.086924314 0.03450632 0.03450632 0.58126116 0.58126116 0.58126116 0.58126116 0.03450632 0.03450632 0.03450632 0.03450632 0.03450632 0.58126116 0.0 0.0 0.0 0.0 0.0 0.0 0.0
0.0 0.0 0.0 0.0 0.0 0.0 0.29308653 0.0 0.0 0.0 0.0 0.0 0.0 0.0 0.0 0.0 0.0 0.0 0.086924076 0.086924076 0.29308653 0.29308653 0.0 0.0 0.0 0.0 0.086924076 0.086924076 0.086924076 0.66427827 0.66427827 0.24577117 0.24577117 0.0 0.0 0.24577117 0.24577117 0.086924076 0.29308653 0.086924076 0.29308653 0.29308653 0.29308653 0.29308653 0.12049413 0.79635096 0.29308653 0.0 0.23521042 0.23521042 0.23521042 0.23521042 0.23521042 0.23521042 0.0 0.0 0.0 0.0 0.086924076 0.0 0.0 0.0 0.086924076 0.58126104 0.19486153 0.58126104 0.6969775 0.58126104 0.58126104 0.034506083 0.034506083 0.034506083 0.034506083 0.034506083 0.58126104 0.0 0.0 0.0 0.0 0.0 0.0 0.0
0.0 0.0 0.0 0.086924076 0.086924076 0.086924076 0.0 0.29308653 0.0 0.0 0.0 0.0 0.0 0.0 0.0 0.0 0.0 0.086924076 0.086924076 0.29308653 0.0 0.0 0.0 0.0 0.0 0.0 0.086924076 0.66427815 0.66427815 0.66427815 0.24576807 0.24576807 0.0 0.0 0.24576807 0.24576807 0.23521018 0.0 0.66427815 0.66427815 0.29308653 0.086924076 0.29308653 0.0 0.0 0.0 0.0 0.0 0.23521018 0.23521018 0.23521018 0.23521018 0.23521018 0.23521018 0.0 0.0 0.0 0.086924076 0.086924076 0.086924076 0.086924076 0.086924076 0.086924076 0.5812609 0.1948613 0.51085234 0.5812609 0.034506083 0.034506083 0.0 0.0 0.034506083 0.034506083 0.5812609 0.51085234 0.0 0.51085234 0.5108521 0.5108521 0.5108521 0.5108521 0.5108521
0.0 0.0 0.0 0.0 0.0 0.0 0.086924076 0.0 0.0 0.0 0.0 0.0 0.0 0.0 0.0 0.0 0.086924076 0.086924076 0.29308605 0.29308605 0.0 0.0 0.0 0.0 0.0 0.0 0.0 0.6642779 0.6642779 0.6642779 0.23520994 0.2457645 0.2457645 0.2457645 0.23520994 0.23520994 0.6642779 0.6642779 0.6642779 0.6642779 0.23520994 0.2457645 0.23520994 0.0 0.0 0.0 0.0 0.0 0.0 0.23520994 0.23520994 0.0 0.0 0.0 0.0 0.0 0.0 0.086924076 0.086924076 0.086924076 0.086924076 0.086924076 0.6642779 0.5812607 0.0 0.51084805 0.5812607 0.5812607 0.034506083 0.0 0.0 0.034506083 0.034506083 0.5812607 0.0 0.0 0.5108478 0.5108478 0.5108478 0.5108478 0.5108478 0.5108478
0.0 0.0 0.0 0.0 0.0 0.0 0.0 0.0 0.0 0.0 0.0 0.0 0.08692384 0.0 0.0 0.0 0.08692384 0.08692384 0.2930858 0.2930858 0.0 0.0 0.0 0.0 0.2930858 0.0 0.0 0.2352097 0.2352097 0.2352097 0.2352097 0.0 0.0 0.2352097 0.2352097 0.2352097 0.0 0.2352097 0.66427755 0.66427755 0.66427755 0.24576116 0.2352097 0.0 0.0 0.0 0.0 0.0 0.0 0.2352097 0.2352097 0.2352097 0.2352097 0.0 0.0 0.0 0.0 0.0 0.0 0.2930858 0.08692384 0.6642778 0.6642778 0.5812607 0.19486105 0.0 0.51084375 0.5812607 0.034505606 0.034505606 0.034505606 0.034505606 0.21763945 0.69209135 0.5108435 0.51084375 0.51084375 0.51084375 0.51084375 0.51084375 0.0 0.51084375
0.0 0.0 0.0 0.0 0.0 0.0 0.0 0.0 0.0 0.0 0.0 0.0 0.0 0.0 0.0 0.0 0.0869236 0.2930858 0.2930858 0.2930858 0.0 0.0 0.0 0.0 0.2930858 0.0 0.0 0.2352097 0.2352097 0.2352097 0.2352097 0.2352097 0.0 0.2352097 0.2352097 0.0 0.0 0.0 0.0869236 0.66427755 0.66427755 0.2352097 0.2352097 0.0869236 0.0869236 0.0869236 0.0 0.0 0.0 0.2352097 0.66427755 0.66427755 0.66427755 0.0 0.0 0.0 0.0 0.0 0.0 0.66427755 0.66427755 0.66427755 0.66427755 0.0 0.0 0.0 0.58126044 0.58126044 0.58126044 0.58126044 0.034505367 0.034505367 0.21763945 0.6920912 0.5108397 0.5108397 0.5108397 0.5108397 0.5108397 0.5108397 0.0 0.0
0.0 0.0 0.0 0.2930858 0.0 0.0 0.0 0.0 0.0 0.0 0.0 0.0869236 0.0 0.0 0.0 0.0869236 0.0869236 0.0869236 0.29308558 0.0 0.0 0.0 0.0 0.0 0.0 0.0 0.0 0.23520958 0.23520958 0.23520958 0.23520958 0.23520958 0.0 0.0 0.23520958 0.23520958 0.0 0.0 0.0 0.23520958 0.0900681 0.23520958 0.0869236 0.0869236 0.0869236 0.0 0.0 0.0 0.0 0.23520958 0.66427743 0.66427743 0.66427743 0.0869236 0.0869236 0.66427743 0.23520958 0.23520958 0.23520958 0.66427743 0.66427743 0.66427743 0.0 0.0 0.0 0.0 0.5812603 0.5812603 0.5812603 0.5812603 0.034505367 0.034505367 0.21763921 0.0 0.1948607 0.5108354 0.0 0.0 0.0 0.0 0.0 0.5108354
0.0 0.0 0.0 0.0 0.0 0.0 0.0 0.0 0.0 0.0 0.0 0.0 0.0 0.0 0.0 0.08692336 0.0 0.08692336 0.08692336 0.0 0.0 0.0 0.08692336 0.0 0.0 0.29308558 0.0 0.23520935 0.23520935 0.23520935 0.23520935 0.35375166 0.35375166 0.23520935 0.23520935 0.23520935 0.0 0.0 0.0 0.23520935 0.047798872 0.6642772 0.08692312 0.08692312 0.08692312 0.08692312 0.08692312 0.0 0.0 0.0 0.0 0.6642772 0.6642772 0.08692312 0.08692312 0.6642772 0.0 0.0 0.0 0.6642772 0.6642772 0.0 0.0 0.0 0.0 0.0 0.69209087 0.5812602 0.5812602 0.5812602 0.5812602 0.0 0.26882505 0.19486046 0.19486046 0.5108309 0.5108309 0.5108311 0.5108311 0.5108311 0.5108311 0.5108311
0.0 0.0 0.0 0.0 0.0 0.0 0.0 0.0 0.0 0.08692312 0.0 0.0 0.0 0.0 0.0 0.0 0.0 0.0 0.08692312 0.0 0.0 0.08692312 0.08692312 0.08692312 0.29308558 0.29308558 0.23520935 0.23520935 0.23520935 0.23520935 0.0 0.0 0.35375118 0.23520935 0.23520935 0.23520935 0.23520935 0.0 0.0 0.0 0.08692312 0.08692312 0.08692312 0.08692312 0.08692312 0.08692312 0.08692312 0.0 0.0 0.0 0.08692312 0.6642772 0.6642772 0.08692312 0.6642772 0.6642772 0.0 0.0 0.0 0.0 0.0 0.0 0.0 0.0 0.0 0.0 0.0 0.0 0.19486046 0.19486046 0.0 0.5108268 0.26882458 0.26882458 0.0 0.0 0.0 0.0 0.0 0.5108268 0.5108268 0.5108268
0.0 0.0 0.0 0.0 0.0 0.0 0.0 0.0 0.0 0.086922646 0.086922646 0.086922646 0.086922646 0.086922646 0.0 0.0 0.0 0.0 0.0 0.0 0.0 0.0 0.29308534 0.29308534 0.0 0.29308534 0.2352091 0.2352091 0.6642771 0.6642771 0.0 0.0 0.0 0.35375047 0.35375047 0.2352091 0.2352091 0.0 0.0 0.0 0.0 0.086922646 0.086922646 0.086922646 0.086922646 0.086922646 0.086922646 0.0 0.0 0.086922646 0.086922646 0.086922646 0.086922646 0.6642771 0.6642771 0.6642771 0.0 0.0 0.6642771 0.6642771 0.6642771 0.0 0.0 0.0 0.0 0.0 0.0 0.0 0.5108228 0.19486022 0.0 0.2688241 0.2688241 0.2688241 0.2688241 0.2688241 0.0 0.0 0.0 0.51082253 0.0 0.0
0.0 0.0 0.0 0.0 0.0 0.0 0.0 0.0 0.0 0.0 0.086922884 0.086922884 0.086922884 0.0 0.0 0.0 0.0 0.0 0.0 0.0 0.0 0.0 0.29308486 0.0 0.0 0.0 0.23520887 0.23520887 0.086922884 0.6642767 0.35375 0.0 0.0 0.0 0.35375 0.23520887 0.23520887 0.0 0.0 0.0 0.0 0.0 0.086922884 0.29575515 0.086922884 0.086922646 0.0 0.0 0.086922646 0.086922646 0.086922646 0.086922646 0.086922646 0.6642766 0.6642766 0.24574065 0.0 0.6642766 0.6642766 0.6642766 0.6642766 0.0 0.0 0.0 0.0 0.0 0.0 0.0 0.26882362 0.26882362 0.26882362 0.26882362 0.26882362 0.26882362 0.26882362 0.26882362 0.0 0.0 0.6920903 0.6920903 0.0 0.0
0.0 0.0 0.0 0.0 0.0 0.0 0.0 0.0 0.0 0.0 0.0 0.0 0.0 0.0 0.0 0.0 0.086922646 0.0 0.0 0.0 0.0 0.0 0.0 0.0 0.086922646 0.086922646 0.086922646 0.086922646 0.086922646 0.6642765 0.6642765 0.6642765 0.3537495 0.3537495 0.23520863 0.0 0.0 0.0 0.0 0.0 0.0 0.0 0.086922646 0.086922646 0.086922646 0.086922646 0.086922646 0.086922646 0.086922646 0.086922646 0.086922646 0.086922646 0.6642765 0.6642765 0.6642765 0.7963495 0.6642765 0.6642765 0.23520863 0.23520863 0.0 0.7963495 0.7963495 0.0 0.0 0.0 0.0 0.19485974 0.19485974 0.19485974 0.19485974 0.26882315 0.26882315 0.26882315 0.26882315 0.26882315 0.0 0.0 0.69209015 0.69209015 0.69209015 0.0
0.29308462 0.0 0.0 0.0 0.0 0.0 0.0 0.0 0.0 0.0 0.0 0.08692217 0.0 0.0 0.0 0.0 0.08692217 0.08692217 0.0 0.0 0.0 0.08692217 0.0 0.08692217 0.08692217 0.08692217 0.08692217 0.08692217 0.08692241 0.08692241 0.6642765 0.6642765 0.35374928 0.35374928 0.23520863 0.23520863 0.0 0.0 0.0 0.0 0.0 0.0 0.08692241 0.08692241 0.08692241 0.08692241 0.08692241 0.08692241 0.08692241 0.08692241 0.08692241 0.08692241 0.6642765 0.23520863 0.7963493 0.7963493 0.6642765 0.0 0.0 0.0 0.0 0.7963493 0.7963493 0.0 0.0 0.0 0.0 0.19485974 0.19485974 0.19485974 0.19485974 0.0 0.26882243 0.26882243 0.26882243 0.26882243 0.26882243 0.0 0.0 0.69209015 0.69209015 0.0
0.29308462 0.0 0.0 0.0 0.0 0.0 0.0 0.0 0.0 0.0 0.0 0.0 0.0 0.0 0.0 0.0 0.08692217 0.08692217 0.0 0.0 0.08692217 0.08692217 0.08692217 0.08692217 0.08692217 0.08692217 0.08692217 0.08692217 0.08692217 0.08692217 0.66427636 0.24573064 0.0 0.3537488 0.23520851 0.23520851 0.23520851 0.0 0.0 0.0 0.0 0.0 0.08692217 0.08692217 0.08692217 0.08692217 0.08692217 0.0 0.08692217 0.08692217 0.08692217 0.08692217 0.08692217 0.23520851 0.23520851 0.7963493 0.08692217 0.0 0.0 0.0 0.0 0.7963493 0.7963493 0.0 0.0 0.0 0.0 0.0 0.19485962 0.19485962 0.2688222 0.0 0.0 0.2688222 0.2688222 0.2688222 0.20314884 0.0 0.0 0.0 0.0 0.0
0.0 0.0 0.0 0.0 0.0 0.0 0.0 0.0 0.0 0.0 0.08692217 0.0 0.0 0.0 0.0 0.0 0.0 0.08692217 0.0 0.0 0.08692217 0.08692217 0.08692217 0.08692217 0.0 0.0 0.08692217 0.08692217 0.08692217 0.08692217 0.6642761 0.2457273 0.0 0.35374832 0.23520815 0.23520815 0.23520815 0.23520815 0.0 0.0 0.0 0.0 0.08692217 0.08692217 0.08692217 0.08692217 0.08692217 0.0 0.08692217 0.08692217 0.08692217 0.08692217 0.6642761 0.23520815 0.23520815 0.6642761 0.23520815 0.23520815 0.0 0.0 0.6642761 0.6642761 0.6642761 0.5812589 0.0 0.0 0.0 0.0 0.19485939 0.5108013 0.26882172 0.0 0.19485939 0.69208956 0.69208956 0.5108013 0.5108013 0.0 0.0 0.0 0.0 0.5812589
0.0 0.0 0.0 0.0 0.0 0.0 0.0 0.0 0.0 0.08692193 0.08692193 0.08692193 0.0 0.0 0.0 0.0 0.0 0.0 0.0 0.0 0.08692193 0.08692193 0.08692193 0.08692193 0.08692193 0.08692193 0.08692193 0.08692193 0.08692193 0.08692193 0.664276 0.24572372 0.24572372 0.3537476 0.24572372 0.24572372 0.23520803 0.23520803 0.23520803 0.23520803 0.08692193 0.08692193 0.08692193 0.08692193 0.08692193 0.08692193 0.08692193 0.0 0.0 0.0 0.08692193 0.08692193 0.664276 0.0 0.664276 0.664276 0.0 0.0 0.0 0.0 0.08692193 0.08692193 0.664276 0.5812588 0.0 0.0 0.0 0.0 0.0 0.0 0.26882124 0.26882124 0.19485927 0.69208944 0.69208944 0.510797 0.510797 0.0 0.5812588 0.5812588 0.5812588 0.5812588
0.0 0.0 0.0 0.0 0.0 0.0 0.0 0.0 0.0 0.08692193 0.08692193 0.0 0.0 0.0 0.0 0.0 0.0 0.0 0.0 0.0 0.0 0.08692193 0.08692193 0.08692193 0.08692193 0.08692193 0.08692193 0.08692193 0.08692193 0.0 0.23520803 0.24572039 0.24572039 0.24572039 0.24572039 0.24572039 0.23520792 0.23520792 0.23520792 0.664276 0.08692169 0.08692169 0.08692169 0.08692169 0.08692169 0.08692169 0.0 0.0 0.0 0.0 0.08692169 0.664276 0.664276 0.664276 0.08692169 0.08692169 0.08692169 0.0 0.0 0.0 0.08692169 0.08692169 0.664276 0.5812588 0.0 0.0 0.0 0.0 0.0 0.26882076 0.26882076 0.26882076 0.26882076 0.5812588 0.26882076 0.510793 0.0 0.5812588 0.5812588 0.5812588 0.5812588 0.5812588
0.0 0.0 0.0 0.0 0.0 0.0 0.0 0.0 0.0 0.08692169 0.08692169 0.0 0.0 0.0 0.08692169 0.08692169 0.0 0.0 0.0 0.0 0.0 0.0 0.08692169 0.08692169 0.08692169 0.08692169 0.08692169 0.08692169 0.08692169 0.08692169 0.2352078 0.24571705 0.2352078 0.2352078 0.2352078 0.24571705 0.2352078 0.2352078 0.6642759 0.08692169 0.08692169 0.08692169 0.08692169 0.08692169 0.08692169 0.08692169 0.0 0.0 0.0 0.08692169 0.08692169 0.6642759 0.6642759 0.08692169 0.08692169 0.08692169 0.08692169 0.0 0.0 0.0 0.6642759 0.6642759 0.6642759 0.0 0.0 0.0 0.0 0.0 0.0 0.0 0.2688198 0.2688198 0.6920892 0.2688198 0.2688198 0.6920892 0.6920892 0.6920892 0.58125854 0.58125854 0.03450346 0.03450346
0.0 0.0 0.0 0.0 0.0 0.08692145 0.0 0.0 0.0 0.08692145 0.08692145 0.0 0.0 0.0 0.08692145 0.08692145 0.08692145 0.0 0.0 0.0 0.0 0.0 0.08692145 0.08692145 0.08692145 0.08692145 0.08692145 0.66427565 0.08692145 0.08692145 0.66427565 0.24571371 0.23520756 0.0 0.23520756 0.23520756 0.23520756 0.23520756 0.08692145 0.08692145 0.08692145 0.0 0.0 0.0 0.0 0.0 0.0 0.0 0.0 0.0 0.0 0.08692145 0.08692145 0.08692145 0.08692145 0.0 0.08692145 0.08692145 0.5779722 0.23520756 0.66427565 0.66427565 0.66427565 0.0 0.0 0.0 0.5812582 0.0 0.0 0.5812582 0.5812582 0.0 0.0 0.26881957 0.26881957 0.6920891 0.6920891 0.5812582 0.5812582 0.5812582 0.03450322 0.03450322
0.0 0.0 0.0 0.0 0.0 0.0 0.0 0.0 0.0 0.08692145 0.08692145 0.08692145 0.0 0.0 0.08692145 0.08692145 0.0 0.08692145 0.08692145 0.6642754 0.6642754 0.6642754 0.6642754 0.6642754 0.6642754 0.6642754 0.6642754 0.6642754 0.08692145 0.08692145 0.6642754 0.23520756 0.23520756 0.0 0.0 0.23520756 0.23520756 0.08692145 0.08692145 0.08692145 0.0 0.0 0.0 0.0 0.0 0.0 0.0 0.0 0.0 0.0 0.0 0.0 0.086921215 0.086921215 0.086921215 0.086921215 0.086921215 0.6642754 0.6642754 0.2457099 0.2457099 0.2457099 0.23520756 0.19485867 0.0 0.0 0.5812582 0.0 0.0 0.5812582 0.5812582 0.0 0.0 0.0 0.0 0.0 0.0 0.5812582 0.03450322 0.03450322 0.03450322 0.03450322
0.0 0.0 0.0 0.0 0.0 0.0 0.0 0.0 0.08692098 0.08692098 0.08692098 0.08692098 0.0 0.0 0.0 0.0 0.0 0.08692098 0.08692098 0.6642753 0.6642753 0.6642753 0.6642753 0.24570656 0.6642753 0.6642753 0.6642753 0.6642753 0.08692098 0.6642753 0.6642753 0.6642753 0.23520744 0.0 0.0 0.23520744 0.6642753 0.08692098 0.08692098 0.08692098 0.0 0.0 0.0 0.0 0.0 0.0 0.0 0.0 0.0 0.0 0.0 0.0 0.0 0.08692098 0.08692098 0.08692098 0.08692098 0.6642753 0.6642753 0.24570632 0.3537457 0.24570632 0.23520744 0.19485843 0.58125794 0.58125794 0.58125794 0.6920887 0.19485843 0.58125794 0.58125794 0.0 0.0 0.0 0.0 0.0 0.0 0.58125794 0.034502745 0.034502745 0.034502745 0.034502745
0.0 0.0 0.0 0.0 0.0 0.0 0.0 0.0 0.0 0.0 0.0 0.08692074 0.08692074 0.08692074 0.0 0.0 0.0 0.08692074 0.08692074 0.66427517 0.66427517 0.66427493 0.66427493 0.66427493 0.66427493 0.66427493 0.66427493 0.66427493 0.66427493 0.66427493 0.79634786 0.24570346 0.23520708 0.0 0.0 0.0 0.08692074 0.08692074 0.08692074 0.0 0.0 0.0 0.0 0.0 0.0 0.0 0.0 0.0 0.0 0.0 0.0 0.0 0.0 0.08692074 0.08692074 0.08692074 0.08692074 0.66427493 0.66427493 0.66427493 0.24570274 0.66427493 0.66427493 0.5812578 0.034502745 0.5812578 0.5812578 0.6920885 0.1948582 0.5812578 0.5812578 0.0 0.5812578 0.5812578 0.6920885 0.5812578 0.5812578 0.5812578 0.034502745 0.034502745 0.034502745 0.034502745
0.0 0.0 0.0 0.0 0.0 0.0 0.0 0.0 0.0 0.0 0.0 0.08692074 0.08692074 0.08692074 0.08692074 0.0 0.0 0.08692074 0.08692074 0.08692074 0.08692074 0.08692074 0.08692074 0.18212914 0.6642747 0.6642747 0.6642747 0.6642747 0.6642747 0.29308295 0.23520684 0.23520684 0.0 0.0 0.0 0.0 0.08692074 0.08692074 0.08692074 0.0 0.0 0.0 0.0 0.0 0.0 0.0 0.0 0.0 0.0 0.0 0.08692074 0.0 0.08692074 0.08692074 0.08692074 0.08692074 0.08692074 0.08692074 0.6642747 0.6642747 0.047798157 0.6642747 0.08692074 0.034502745 0.0 0.0 0.0 0.0 0.0 0.0 0.0 0.0 0.58125746 0.58125746 0.58125746 0.58125746 0.58125746 0.58125746 0.034502745 0.034502745 0.034502745 0.034502745
0.0 0.0 0.0 0.0 0.0 0.0 0.0 0.0 0.0 0.0 0.0 0.0 0.2930827 0.0 0.0 0.0 0.0 0.0869205 0.0869205 0.0869205 0.0869205 0.0869205 0.0869205 0.0 0.6642747 0.6642747 0.6642747 0.6642747 0.6642747 0.2930827 0.0 0.0 0.0 0.0 0.0 0.0 0.0 0.0 0.0 0.0 0.0 0.0 0.0 0.0 0.0 0.0 0.0 0.0 0.0 0.0 0.0869205 0.0 0.0869205 0.0869205 0.0869205 0.0869205 0.0869205 0.6642747 0.6642747 0.0 0.35374427 0.35374427 0.0 0.0 0.0 0.0 0.0 0.0 0.0 0.0 0.0 0.0 0.58125746 0.58125746 0.58125746 0.58125746 0.58125746 0.58125746 0.22898197 0.034502268 0.034502268 0.034502268
0.0 0.0 0.0 0.0 0.0 0.0 0.0 0.0 0.0 0.0 0.0 0.0 0.0 0.0 0.0 0.0 0.0 0.0869205 0.0869205 0.0869205 0.0 0.0869205 0.0869205 0.0869205 0.0869205 0.6642746 0.6642746 0.6642746 0.6642746 0.23520672 0.23520672 0.23520672 0.23520672 0.0 0.0 0.0 0.0 0.0 0.0 0.0 0.0 0.0 0.0 0.0 0.0 0.0 0.23520672 0.23520672 0.23520672 0.0 0.0 0.0 0.0 0.23520672 0.23520672 0.23520672 0.6642746 0.6642746 0.7963474 0.24569249 0.35374403 0.35374403 0.35374403 0.26881695 0.26881695 0.0 0.0 0.0 0.0 0.0 0.0 0.19485784 0.19485784 0.19485784 0.5812572 0.6920879 0.6920879 0.5812572 0.034502268 0.034502268 0.034502268 0.034502268
0.0 0.0 0.0 0.0 0.0 0.0 0.0 0.0 0.0 0.2352066 0.2352066 0.2352066 0.0 0.0 0.0 0.0 0.0 0.08692026 0.2930827 0.08692026 0.0 0.08692026 0.08692026 0.08692026 0.08692026 0.08692026 0.66427433 0.7963474 0.7963474 0.7963474 0.2352066 0.2352066 0.2352066 0.0 0.0 0.0 0.0 0.0 0.0 0.08692026 0.0 0.0 0.0 0.0 0.0 0.0 0.23520648 0.23520648 0.23520648 0.0 0.0 0.23520648 0.23520648 0.23520648 0.23520648 0.23520648 0.0 0.7963474 0.7963474 0.24568915 0.35374355 0.35374355 0.0 0.0 0.0 0.0 0.0 0.0 0.0 0.0 0.0 0.1948576 0.1948576 0.1948576 0.0 0.21763611 0.21763611 0.5812571 0.034502268 0.034502268 0.034502268 0.034502268
0.0 0.0 0.0 0.08692002 0.08692002 0.0 0.0 0.0 0.0 0.23520648 0.23520648 0.23520648 0.0 0.0 0.0 0.0 0.0 0.08692002 0.08692002 0.08692002 0.08692002 0.08692002 0.08692002 0.08692002 0.08692002 0.6642742 0.6642742 0.79634714 0.23520637 0.23520637 0.0 0.23520637 0.23520637 0.23520637 0.0 0.0 0.0 0.0 0.0 0.08692002 0.0 0.0 0.0 0.0 0.0 0.0 0.23520637 0.6642742 0.08692002 0.0 0.0 0.23520637 0.23520637 0.23520637 0.0 0.23520637 0.0 0.0 0.24568582 0.24568582 0.35374284 0.35374284 0.0 0.0 0.0 0.0 0.0 0.69208765 0.69208765 0.69208765 0.69208765 0.581257 0.581257 0.19485736 0.0 0.21763587 0.69208765 0.581257 0.581257 0.03450203 0.03450203 0.03450203
0.0 0.0 0.0 0.0 0.0 0.0 0.0 0.0 0.23520625 0.23520625 0.23520625 0.23520625 0.23520625 0.0 0.0 0.0 0.0 0.086919785 0.086919785 0.086919785 0.6642742 0.6642742 0.6642742 0.6642742 0.6642742 0.6642742 0.79634714 0.04779792 0.23520625 0.0 0.0 0.23520625 0.04779792 0.23520625 0.0 0.0 0.0 0.0 0.086919785 0.086919785 0.086919785 0.0 0.0 0.0 0.0 0.0 0.23520625 0.6642742 0.6642742 0.0 0.0 0.23520625 0.24568248 0.23520625 0.0 0.23520625 0.0 0.6642742 0.6642742 0.24568248 0.24568248 0.35374236 0.0 0.0 0.0 0.0 0.0 0.51074696 0.69208765 0.0 0.0 0.581257 0.581257 0.69208765 0.69208765 0.69208765 0.51074696 0.51074696 0.581257 0.581257 0.581257 0.581257
0.0 0.0 0.0 0.0 0.0 0.0 0.0 0.0 0.0 0.08692002 0.08692002 0.6642741 0.23520613 0.23520613 0.23520613 0.0 0.0 0.0 0.08692002 0.08692002 0.6642741 0.24567962 0.24567962 0.24567938 0.79634714 0.79634714 0.24567938 0.0 0.23520613 0.0 0.23520613 0.23520613 0.04779768 0.23520613 0.0 0.0 0.0 0.0 0.08692002 0.08692002 0.0 0.0 0.0 0.0 0.23520613 0.23520613 0.23520613 0.6642741 0.6642741 0.6642741 0.0 0.23520613 0.24567914 0.23520613 0.0 0.0 0.6642741 0.6642741 0.6642741 0.6642741 0.6642741 0.6642741 0.6642741 0.58125675 0.58125675 0.26881504 0.0 0.58125675 0.58125675 0.0 0.0 0.51074266 0.51074266 0.51074266 0.51074266 0.51074266 0.5107424 0.5107424 0.58125675 0.58125675 0.58125675 0.58125675
0.086919546 0.0 0.0 0.0 0.0 0.0 0.0 0.0 0.0 0.0 0.086919546 0.66427386 0.7963469 0.23520577 0.23520577 0.23520577 0.23520577 0.23520577 0.23520577 0.23520577 0.23520577 0.23520577 0.23520577 0.24567604 0.23520577 0.24567604 0.24567604 0.2456758 0.23520577 0.0 0.23520577 0.7963469 0.7963469 0.23520577 0.0 0.0 0.0 0.0 0.086919546 0.66427386 0.23520577 0.23520577 0.23520577 0.23520577 0.23520577 0.23520577 0.23520577 0.23520577 0.23520577 0.66427386 0.66427386 0.086919546 0.086919546 0.086919546 0.086919546 0.0 0.086919546 0.086919546 0.66427386 0.66427386 0.66427386 0.66427386 0.66427386 0.5812566 0.5812566 0.0 0.0 0.6920873 0.6920873 0.6920873 0.6920873 0.6920873 0.6920873 0.6920873 0.6920873 0.5812566 0.5812566 0.034501314 0.5812566 0.5812566 0.034501314 0.034501314
0.086919546 0.0 0.0 0.0 0.0 0.0 0.0 0.0 0.0 0.0 0.086919546 0.6642736 0.24567294 0.24567294 0.6642736 0.6642736 0.23520577 0.23520577 0.23520577 0.23520577 0.23520577 0.23520577 0.23520577 0.23520577 0.23520577 0.23520577 0.2456727 0.2456727 0.23520577 0.23520577 0.0 0.79634666 0.79634666 0.23520577 0.23520577 0.0 0.0 0.23520577 0.6642736 0.6642736 0.23520577 0.6642736 0.6642736 0.6642736 0.23520577 0.23520577 0.23520577 0.23520577 0.23520577 0.23520577 0.6642736 0.29575205 0.086919546 0.086919546 0.086919546 0.0 0.086919546 0.6642736 0.6642736 0.0 0.0178442 0.0 0.0 0.19485676 0.19485676 0.19485676 0.0 0.6920873 0.6920873 0.6920873 0.6920873 0.6920873 0.6920873 0.6920873 0.6920873 0.19485664 0.19485664 0.0 0.034501314 0.034501314 0.034501314 0.034501314
0.08691931 0.08691931 0.0 0.0 0.0 0.0 0.0 0.0 0.23520565 0.6642735 0.08691931 0.6642735 0.6642735 0.24566936 0.24566936 0.24566936 0.23520565 0.23520565 0.23520565 0.23520565 0.0 0.23520565 0.23520565 0.23520565 0.23520565 0.23520565 0.6642735 0.7963462 0.7963462 0.0 0.7963462 0.0 0.7963462 0.23520565 0.57797015 0.0 0.0 0.23520565 0.23520565 0.23520565 0.0 0.6642735 0.6642735 0.0 0.0 0.23520565 0.23520565 0.23520565 0.23520565 0.6642735 0.23520565 0.0 0.0 0.0 0.0 0.0 0.24566865 0.24566865 0.0 0.6642735 0.6642735 0.6642735 0.23520565 0.19485664 0.19485664 0.19485664 0.19485664 0.0 0.0 0.69208694 0.69208694 0.69208694 0.21763468 0.21763468 0.69208694 0.19485664 0.19485664 0.19485664 0.034501076 0.034501076 0.034501076 0.22898054
0.08691907 0.08691907 0.0 0.0 0.0 0.0 0.0 0.23520553 0.6642734 0.6642734 0.08691907 0.08691907 0.6642734 0.24566603 0.24566603 0.24566603 0.23520553 0.23520553 0.23520553 0.0 0.0 0.23520553 0.23520553 0.23520553 0.23520553 0.23520553 0.23520553 0.24566603 0.24566603 0.35373998 0.35373998 0.35373998 0.23520553 0.24566579 0.23520553 0.66427326 0.08691907 0.24566579 0.24566579 0.24566579 0.24566579 0.24566579 0.66427326 0.66427326 0.66427326 0.08691907 0.0 0.08691907 0.08691907 0.23520541 0.23520541 0.0 0.0 0.23520541 0.23520541 0.24721384 0.66427326 0.66427326 0.66427326 0.66427326 0.66427326 0.66427326 0.23520541 0.0 0.19485652 0.6920867 0.6920867 0.0 0.0 0.0 0.6920867 0.6920867 0.21763468 0.21763468 0.6920867 0.6920867 0.6920867 0.51072574 0.0345006 0.0345006 0.0345006 0.0345006
0.0 0.0 0.0 0.0 0.0 0.0 0.0 0.08691907 0.664273 0.664273 0.664273 0.664273 0.664273 0.664273 0.35373974 0.0 0.0 0.0 0.0 0.0 0.2352053 0.2352053 0.2352053 0.2352053 0.2352053 0.0 0.2352053 0.664273 0.24566221 0.0 0.35373974 0.0 0.0 0.24566221 0.0 0.664273 0.2352053 0.0 0.24566221 0.24566221 0.24566221 0.664273 0.664273 0.664273 0.664273 0.08691907 0.0 0.08691907 0.0 0.0 0.0 0.0 0.0 0.23520517 0.0 0.0 0.6642729 0.6642729 0.6642729 0.6642729 0.6642729 0.6642729 0.23520517 0.0 0.19485617 0.6920866 0.6920866 0.0 0.0 0.0 0.6920866 0.6920866 0.6920866 0.6920866 0.6920866 0.6920866 0.6920866 0.51072145 0.5812559 0.5812559 0.0 0.0
0.0 0.0 0.0 0.0 0.0 0.0 0.0 0.08691859 0.6642729 0.6642729 0.6642729 0.6642729 0.6642729 0.08691859 0.0 0.0 0.0 0.2930808 0.2930808 0.0 0.0 0.0 0.2352053 0.2352053 0.2352053 0.0 0.2352053 0.2352053 0.2352053 0.0 0.0 0.0 0.0 0.0 0.24565887 0.24565887 0.24565887 0.24565887 0.6642729 0.6642729 0.6642729 0.0 0.6642729 0.08691859 0.08691859 0.08691859 0.08691859 0.0 0.0 0.0 0.0 0.0 0.0 0.0 0.0 0.0 0.6642729 0.6642729 0.08691859 0.08691859 0.6642729 0.08691859 0.0 0.0 0.0 0.0 0.19485617 0.0 0.0 0.0 0.69208646 0.69208646 0.69208646 0.69208646 0.69208646 0.69208646 0.69208646 0.51071715 0.58125556 0.58125556 0.19485617 0.19485617
0.0 0.0 0.0 0.0 0.0 0.0 0.08691859 0.08691859 0.08691859 0.08691859 0.08691859 0.0 0.0 0.08691859 0.08691859 0.08691859 0.0 0.2930808 0.2930808 0.0 0.0 0.0 0.23520494 0.47747958 0.23520494 0.0 0.0 0.0 0.23520494 0.0 0.0 0.23520494 0.23520505 0.0 0.0 0.2456553 0.2456553 0.2456553 0.6642728 0.6642728 0.6642728 0.0 0.6642728 0.6642728 0.6642728 0.6642728 0.6642728 0.23520505 0.23520505 0.0 0.0 0.0 0.0 0.0 0.0 0.0 0.6642728 0.6642728 0.6642728 0.6642728 0.6642728 0.08691859 0.0 0.0 0.0 0.0 0.19485605 0.58125544 0.58125544 0.0 0.0 0.0 0.0 0.0 0.0 0.0 0.0 0.0 0.0 0.0 0.19485605 0.19485605
