Export/ASCII/RMeteo_SP_inch/speranza1/RMeteo_2017_SP2_inch.asc
ncols         660
nrows         338
xllcorner     1476100.0
yllcorner     5017100.0
cellsize      100
NODATA_value  -9.9e-20
[rows 208 to 233 of 338, columns 236 to 294 of 660]
1.4524095 1.4524095 1.4524095 1.4483111 1.4483111 1.4483111 1.4483111 1.4483111 1.4483111 1.4483111 1.4483111 1.4483111 1.4483111 1.4555571 1.4483111 0.9946022 0.9946022 1.4483111 1.4483111 1.4483111 1.3126981 1.4483111 1.4483111 1.4483111 1.4483111 1.4483111 1.4483111 1.4483111 1.4483111 0.9412396 0.9412396 0.9412396 0.9412396 0.9412396 0.9412396 0.9412396 0.9412396 0.9412396 0.9412396 0.9412396 0.9412396 0.9412396 0.50332785 0.50332785 0.50332785 0.50332785 0.50332785 0.50332785 0.50332785 0.5033276 0.5033276 0.5033276 0.5033276 0.5033276 0.5033276 0.5033276 0.71876764 0.5033276 0.5033276
1.4524031 1.4524031 1.4524031 1.4483047 1.4483047 1.4483047 1.4483047 1.4483047 1.4483047 1.4483047 1.4483047 1.4483047 1.4483047 1.4483047 1.4483047 0.9945955 0.9945955 1.4483047 1.4483047 1.4483047 1.4483047 1.4483047 1.4483047 1.4483047 1.4483047 1.4483047 1.4483047 1.4483047 1.4483047 1.4483047 0.94123244 0.94123244 0.94123244 0.94123244 0.94123244 0.94123244 0.94123244 0.94123244 0.94123244 0.94123244 0.94123244 0.94123244 0.04536748 0.04536748 0.04536748 0.5033202 0.5033202 0.04536748 0.5033202 0.5033202 0.5033202 0.5033202 0.5033202 0.5033202 0.5033202 0.5033202 0.5033202 0.5033202 0.5033202
0.950639 1.4523966 1.4523966 1.4482987 1.4482987 1.4482987 1.4482987 1.4482987 1.4482987 1.4482987 1.4482987 1.4482987 1.4482987 1.4482987 1.4482987 1.4482987 1.4482987 1.4482987 1.4482987 1.4482987 1.4482987 1.4482987 1.4482987 1.4482987 1.4482987 1.4482987 1.4482987 1.4482987 1.4482987 1.4482987 1.4482987 0.94122505 0.94122505 0.94122505 0.94122505 0.94122505 0.94122505 0.94122505 0.94122505 0.94122505 0.94122505 0.94122505 0.94122505 0.045366764 0.045366764 0.045366764 0.045366764 0.5033128 0.5033128 0.5033128 0.5033128 0.5033128 0.5033128 0.045366764 0.5033128 0.5033128 0.5033128 0.5033128 0.5033128
0.95063114 1.4523904 1.4523904 1.448292 1.448292 1.448292 1.448292 1.448292 1.448292 1.448292 1.448292 1.2175598 1.448292 1.448292 0.9945823 0.9945823 1.448292 1.448292 1.448292 1.448292 1.448292 1.448292 1.448292 1.448292 1.448292 1.448292 1.448292 1.448292 1.1729666 1.1729666 1.448292 0.9412174 0.9412174 0.9412174 0.9412174 0.9412174 0.9412174 0.9412174 0.9412174 0.9412174 0.9412174 0.9412174 0.48390698 0.48390698 0.0 0.04536605 0.04536605 0.04536605 0.04536605 0.04536605 0.04536605 0.04536605 0.04536605 0.04536605 0.04536605 0.04536605 0.50330544 0.50330544 0.50330544
0.950624 1.4523842 1.4523842 1.4482858 1.4482858 1.4482858 1.4497533 1.4482858 1.4482858 1.4482858 1.2175527 1.2175527 1.4482858 0.99457574 0.99457574 0.99457574 0.99457574 1.4482858 1.4482858 1.4482858 1.4482858 1.4482858 1.3126736 1.4482858 1.4482858 1.4482858 1.4482858 1.17296 1.17296 0.7649398 1.4482858 0.9412105 0.9412105 0.9412105 0.9412105 0.9412105 0.9412105 0.9412105 0.9412105 0.9412105 0.4839003 0.4839003 0.48994184 0.48994184 0.0 0.50329757 1.0800364 1.0800364 0.045364857 0.045364857 0.045364857 0.045364857 0.50329757 0.045364857 0.045364857 0.045364857 0.50329757 0.50329757 0.50329757
0.5199189 0.5199189 1.452378 1.4482799 1.4482799 1.4482799 1.4482799 1.4482799 1.4482799 1.4482799 1.4482799 0.99456906 0.99456906 0.99456906 0.50329065 0.99456906 0.99456906 1.4482799 1.4482799 1.4482799 1.4482799 1.4482799 1.3126676 1.4482799 1.4482799 1.4482799 1.4482799 1.4482799 1.1729532 1.1729532 1.4482799 0.94120336 0.94120336 0.94120336 0.94120336 0.94120336 0.94120336 0.94120336 0.94120336 0.48389363 0.4899342 0.4899342 0.4899342 0.0 0.0 0.50329065 0.50329065 1.0800295 0.045363903 0.045363903 0.045363903 0.045363903 0.045363903 0.045363903 0.045363903 0.045363903 0.045363903 0.50329065 0.50329065
0.5199115 0.5199115 0.5199115 1.4482734 1.4482734 1.4482734 1.4482734 1.4482734 1.4482734 1.4482734 1.4482734 0.9945626 0.50328326 0.50328326 0.50328326 0.9945626 1.4482734 1.4482734 1.4482734 1.4482734 1.4482734 1.4482734 1.3126609 1.4482734 1.4482734 1.4482734 1.4482734 1.4482734 1.1729469 0.9945626 1.4482734 0.94119525 0.94119525 0.94119525 0.94119525 0.94119525 0.94119525 0.941195 0.48388696 0.48992658 0.48388696 0.0 0.0 0.503283 0.503283 0.503283 0.503283 0.503283 0.045363426 0.045363426 0.045363426 0.045363426 0.045363426 0.503283 0.045363426 0.45572925 0.45572913 0.99456227 0.503283
0.5199039 0.5199039 0.5199039 1.4482667 1.4482667 1.4482667 1.4482667 1.4482667 1.4482667 1.4482667 1.4482667 0.99455595 0.50327563 0.50327563 0.50327563 0.99455595 0.99455595 1.4482667 1.4482667 1.4482667 1.4482667 1.4482667 1.4482667 1.4482667 1.4482667 1.4482667 1.4482667 1.4482667 1.4482667 1.4482667 0.94118786 0.94118786 0.94118786 0.94118786 0.94118786 0.94118786 0.94118786 0.48388076 0.48991847 0.0 0.0 0.5032754 0.5032754 0.5032754 0.5032754 0.50327516 0.04536271 0.99455583 0.45572245 0.04536271 0.04536271 0.04536271 0.50327516 0.99455583 0.45572245 0.50327516 0.50327516 0.99455583 0.99455583
0.51989675 0.51989675 0.95059395 0.9411807 1.4482605 1.4482605 1.4482605 1.4482605 1.4482605 0.9411807 0.9411807 0.9945493 0.9945493 0.9945493 0.9945493 0.9945493 1.4482605 1.1729335 1.1729335 1.4482605 1.4482605 0.9945493 0.9945493 1.4482605 1.4482605 1.4482605 1.4482605 1.4482605 1.4482605 1.4482605 0.9411807 0.9411807 0.9411807 0.9411807 0.9411807 0.9411807 0.4838736 0.48991036 0.0 0.503268 0.503268 0.503268 0.503268 0.503268 0.04536152 0.04536152 0.0 0.0 0.4557159 0.4557159 0.4557159 0.4557159 0.9945493 0.9945493 1.3868687 0.503268 0.503268 0.503268 0.9945493
0.95058656 0.95058656 0.95058656 0.9411731 1.4482543 1.4482543 1.4482543 0.9411731 0.9411731 0.5032613 0.5032613 0.5032613 0.9411731 1.172927 1.172927 1.172927 1.172927 1.172927 1.172927 1.4482541 1.4482541 1.4482541 0.9945427 1.4482541 1.4482541 1.4482541 1.4482541 1.4482541 1.4482541 1.4482541 1.4482541 0.9411731 0.9411731 0.9411731 0.9411731 0.48386693 0.48990226 0.045361042 0.5032613 0.5032613 0.0 0.0 0.0 0.045361042 0.0 0.0 0.0 1.4482541 1.4482541 0.45570946 0.45570946 0.045360804 0.9411731 1.0800018 1.3868623 1.0800018 0.50326085 0.50326085 0.9945427
0.95057917 0.95057917 0.95057917 0.9411659 0.9411659 1.4482479 1.4482479 0.9411659 0.5032532 0.5032532 0.5032532 0.5032532 0.9411659 0.7648957 1.1729205 1.1729205 1.1729205 1.1729205 1.1729205 1.1729205 1.4482477 1.4482477 1.4482477 1.4482477 1.4482477 1.4482477 1.4482477 1.4482477 1.4482477 1.4482477 1.4482477 1.4482477 0.9411659 0.9411659 0.48386025 0.4898951 0.04535985 0.04535985 0.5032532 0.5032532 0.5032532 0.40847898 0.40847898 0.0 0.0 0.0 0.48386025 1.4482477 1.4482477 1.4482477 1.4482477 0.9411659 0.9411659 1.0799947 0.99453604 1.1729203 0.9411659 0.5032532 1.0799942
0.95057225 0.95057225 0.95057225 0.94115925 0.94115925 1.4482417 1.4482417 1.4482417 0.94115925 0.5032463 0.94115925 0.94115925 0.94115925 0.7648885 1.1729136 1.1729136 1.1729136 1.1729136 1.1729136 1.3126292 1.0802093 1.4482417 1.4482417 1.4482417 1.3126292 1.4482417 1.4482417 1.4482417 1.4482417 1.4482417 1.4482417 1.4482417 0.94115925 0.48385406 0.045359135 0.045359135 0.0 0.0 1.0799875 1.0799873 0.0 0.0 0.0 0.0 0.48385406 0.0 1.455471 1.4482415 1.4482415 1.4482415 1.4482415 1.4482415 0.941159 0.50324607 0.99452937 1.1729134 0.941159 0.941159 0.941159
0.9505651 0.9505651 0.9505651 0.9411514 0.9411514 0.9411514 1.4482353 1.4482353 0.9411514 0.9411514 0.9411514 0.9411514 0.9411514 0.76488113 1.1729072 1.1729072 1.1729072 1.1729072 1.312623 1.312623 1.0802021 1.0802021 1.312623 1.4482353 1.312623 1.4482353 1.4482353 1.4482353 1.4482353 1.4482353 0.45568955 0.45568955 0.45568955 0.04535842 0.04535842 0.0 0.0 0.0 0.0 0.0 0.0 0.0 0.9945228 0.0 1.0002406 0.5032387 0.9945228 1.4482353 1.4482353 1.4482353 1.4482353 1.4482353 0.9411514 0.5032387 0.5032387 1.1729072 1.4482353 0.94115114 0.94115114
0.9505575 0.9505575 0.9505575 0.941144 0.941144 0.941144 1.4482288 1.4482288 0.941144 0.941144 1.0162673 0.941144 0.941144 1.4482288 1.1729007 1.1729007 1.4482288 1.4482288 1.4482288 1.4482288 1.4482288 1.3126168 1.3126168 1.3126168 1.3126168 1.3126168 1.4482288 1.4482288 1.4482288 1.4482288 0.455683 1.4482288 0.455683 0.0 0.0 0.0 0.0 0.0 0.0 0.48384023 0.0 0.0 0.0 0.99451625 0.5032315 0.5032315 0.99451625 0.99451625 1.4482288 1.4482288 1.4482288 1.4482288 1.4482288 0.941144 0.941144 0.941144 0.941144 0.941144 0.941144
0.95054936 0.95054936 0.95054936 0.94113684 0.94113684 0.94113684 0.94113684 1.4482226 0.94113684 0.94113684 0.94113684 0.94113684 0.94113684 0.94113684 1.4482226 1.4482226 1.4482226 1.4482226 1.4482226 1.4482226 1.4482226 1.4482226 1.4482226 1.4482226 1.3126109 1.4482226 1.4482226 1.4482226 1.4482226 1.4482226 1.4482226 0.9945098 0.9945098 0.0 0.0 0.0 0.48383403 0.48383403 0.0 0.0 0.0 0.9945098 0.5032239 0.5032239 0.9945098 0.9945098 0.9945098 0.9945098 1.4482224 1.4482224 1.1728939 1.1728939 1.4482224 0.9411366 0.9411366 0.9411366 0.9411366 0.9411366 1.0799665
0.9505422 0.9505422 0.9505422 0.9411292 0.9411292 0.9411292 0.9411292 1.4482164 0.9411292 0.9411292 0.9411292 0.9411292 0.9411292 0.9411292 0.9411292 0.9411292 1.4482164 1.4482164 1.4482164 1.4482164 1.4482164 1.4482164 1.4482164 1.4482164 1.4482164 1.4482164 1.4482164 1.3868237 0.994503 0.994503 0.994503 0.994503 0.994503 1.4482164 0.48382735 0.48382735 0.0 0.0 0.0 0.5032165 0.045356035 0.045356035 0.994503 0.5032165 0.045356035 0.994503 0.994503 0.994503 1.4482162 1.4482162 1.1728874 1.1728874 1.4482162 1.4482162 1.4482162 1.4482162 1.4482162 0.94112897 0.94112897
0.9505348 0.9505348 0.9505348 0.9411223 0.9411223 0.9411223 0.9411223 1.44821 0.9411223 0.9411223 0.9411223 0.9411223 0.9411223 0.9411223 0.9411223 0.9411223 0.9411223 1.44821 1.44821 1.44821 1.44821 1.44821 1.44821 1.44821 1.44821 0.9944967 0.9944967 0.9944967 0.9944967 0.9944967 0.9944967 1.44821 1.44821 0.45566308 0.0 0.0 0.0 0.045354843 0.5032091 0.5032091 0.5032091 0.99449646 0.45566297 0.45566297 1.1728808 0.76485133 0.99449646 0.9944961 1.44821 1.44821 1.1728804 1.1728804 1.44821 1.4482095 1.0801733 1.4482095 1.4482095 0.9411218 0.9411218
1.4523032 0.95052767 0.95052767 0.9411149 0.9411149 0.9411149 0.9411149 1.4482036 0.9411149 0.9411149 0.9411149 0.9411149 0.9411149 0.9411149 0.9411149 0.9411149 0.9411149 0.9411149 0.9411149 0.9411149 1.4482036 1.4482036 0.99449 0.99449 0.99449 0.99449 0.99449 0.5032015 0.4556564 0.045354366 0.4556564 0.4556564 0.4556564 0.4556564 0.0 0.40847516 0.40847516 0.045354366 0.5032015 0.5032015 0.99449 0.9944899 0.4556563 0.4556563 1.172874 1.172874 1.172874 1.4482033 1.4482033 1.4482033 1.4482033 1.4482033 1.4482033 1.4482033 1.0801661 0.0 1.4482033 1.4482033 1.2174551
1.452297 1.452297 0.95052004 0.94110703 0.94110703 0.94110703 0.94110703 1.4481976 1.4481976 0.94110703 0.91922593 0.94110703 0.5031946 0.5031946 0.5031946 0.5031946 0.5031946 0.5031946 0.5031946 0.5031946 0.9944831 0.9944831 0.994483 1.4481976 0.994483 0.994483 0.994483 0.045353413 0.045353413 0.045353413 0.045353413 0.045353413 0.045353413 0.045353413 0.045353413 0.5458939 0.5031946 0.5458939 0.4556496 0.4556496 0.4556496 1.4481974 1.4481974 1.4481974 1.4481974 1.4481974 1.4481974 1.4481974 1.4481974 1.4481974 1.4481974 1.4481974 1.4481974 1.4481974 1.0801599 0.0 0.0 1.3868041 1.217448
1.0110984 1.0110984 0.5198145 0.5031867 0.5031867 0.5031867 0.5031867 0.9944761 0.9944761 0.5031867 0.5031867 0.5031867 0.5031867 0.5031867 0.5031867 0.5031867 0.5031867 0.5031867 0.5031867 0.9410994 1.4481912 1.4481912 1.4481912 1.4481912 0.9944761 0.9944761 0.9944761 0.9944761 0.5031867 0.045352936 0.045352936 0.045352936 0.045352936 0.04535246 0.5031867 0.5031867 0.5031867 1.1728605 1.1728605 1.1728605 1.4481912 1.4481909 1.4481909 1.4481909 1.4481909 1.4481909 1.4481909 1.4481909 1.4481909 1.4481909 1.4481909 1.0801523 1.0801523 0.0 1.0801523 1.0801523 1.0801523 1.2174408 1.2174408
1.3944035 1.011092 1.011092 1.4481843 1.4481843 1.4481843 1.4481843 1.4481843 1.4481843 0.99446964 0.50317955 0.50317955 0.50317955 0.50317955 0.941092 0.764822 0.764822 0.941092 0.941092 0.941092 1.4481843 1.4481843 1.4481843 1.4481843 1.4481843 1.4481843 0.99446964 0.99446964 0.99446964 0.50317955 0.045351505 0.045351505 0.045351505 0.045351505 0.39419293 0.0 0.48379445 0.40847373 1.3867917 1.1728538 1.4481843 1.4481843 1.4481843 1.4481843 1.4481843 1.4481843 1.4481843 1.4481843 1.4481843 1.4481843 1.4481843 1.0801449 1.0801449 1.0801449 0.0 1.0801449 1.0801449 1.2174332 0.8178804
1.18522 1.0110849 1.0110849 1.1728476 1.1728476 1.4481785 1.4481785 1.1728476 1.1728476 1.4481785 0.94108486 0.94108486 0.94108486 0.94108486 0.5031719 0.7648144 0.7648144 0.94108486 0.94108486 0.94108486 0.94108486 1.4481785 1.4481785 1.4481785 1.4481785 1.4481785 0.9944631 0.9944631 0.9944631 0.5031719 0.5031719 0.04535079 0.45562983 0.45562983 0.51673746 1.4481785 0.4144938 0.46728444 1.386785 1.1728475 1.4481785 1.4481785 1.4481785 1.4481785 1.4481785 1.4481785 1.4481785 1.4481785 0.48378682 1.4481785 1.4481785 1.4481785 1.4481785 1.0801375 1.0801375 0.0 1.0801375 0.91920185 0.9410844
1.1852132 1.1852132 1.3943906 1.1728408 1.1728408 1.1728408 1.1728408 1.1728408 1.4481721 1.4481721 1.4481721 1.4481721 1.4481721 1.4481721 1.4481721 0.9410775 0.9410775 0.9410775 0.9410775 0.9410775 0.9410775 0.9410775 1.4481721 0.9944564 0.9944564 0.9944564 0.9944564 0.9944564 0.9944564 0.50316477 0.50316477 0.045350075 0.45562327 1.3867786 1.4481721 1.4481721 0.40847278 0.0 0.0 0.9944564 1.4481721 1.4481721 1.4481721 1.4481721 1.4481721 1.4481721 1.4481721 0.48378062 0.4898002 0.48378062 1.4481721 1.1728408 1.1728408 1.4481721 1.4481721 0.0 0.0 0.94107723 0.94107723
1.4522657 1.4522657 1.4522657 0.9944502 0.9944502 1.4481654 1.1728343 1.4481654 1.4481654 1.4481654 1.4481654 1.4481654 1.1728343 1.4481654 1.4481654 1.4481654 1.4481654 1.4481654 1.4481654 0.9410701 0.9410701 0.45561683 0.9944502 0.9944502 0.9944502 0.9944501 0.9944501 0.9944501 0.9944501 0.5031574 0.5031574 0.9944501 0.9944501 1.4481654 1.4481654 1.4481654 0.48377442 0.48377442 0.0 0.0 1.4481654 1.4481654 1.4481654 1.4481654 1.4481654 1.4481654 1.4481654 0.48377442 0.4897926 0.48377442 1.1793995 1.1728342 1.1728342 1.4481654 1.4481654 1.0801234 0.0 0.0 0.91918707
1.1852002 1.4522595 1.4522595 0.99444366 0.99444366 1.4481592 1.4481592 1.4481592 1.4481592 1.4481592 1.172828 1.172828 1.172828 1.4481592 1.4481592 1.4481592 1.4481592 1.4481592 1.4481592 0.94106245 0.94106245 0.45561016 0.99444366 0.99444366 0.99444366 0.9944434 0.45561016 0.45561016 0.9944434 0.50315046 0.50315046 0.9944434 1.386766 1.4481592 1.4481592 1.4481592 1.4481592 0.15941262 0.48376727 0.48376727 1.4481592 1.4481592 1.4481592 1.4481592 1.4481592 1.4481592 1.4481592 0.48376727 0.48978448 0.48978353 1.4481592 1.4481592 1.4481592 1.4481592 1.4481592 1.4481592 0.0 1.1728278 0.0
1.1851935 1.4522531 1.4522531 1.4481533 1.711808 1.4481533 1.4481533 1.4481533 1.4481533 1.4481533 1.4481533 1.1728212 1.1728212 1.4481533 1.4481533 1.4481533 1.4481533 1.4481533 1.4481533 0.9410553 0.9410553 0.9410553 1.4481533 0.45560336 0.45560336 0.04534769 0.04534769 0.45560336 1.3867598 0.99443674 0.99443674 0.99443674 1.448153 1.448153 1.448153 1.448153 1.172821 0.15050697 0.15498209 0.4897759 0.48376012 1.448153 1.448153 1.448153 1.448153 1.448153 1.448153 0.4897759 0.48376012 0.4897759 1.4553621 1.448153 1.448153 1.448153 1.448153 1.448153 1.1728209 1.1728209 1.1728209
