Export/ASCII/RMeteo_SP_inch/speranza1/RMeteo_2014_SP2_inch.asc
ncols         660
nrows         338
xllcorner     1476100.0
yllcorner     5017100.0
cellsize      100
NODATA_value  -9.9e-20
[rows 81 to 107 of 338, columns 300 to 359 of 660]
1.3346802 1.3346802 1.3346802 1.3346802 0.7160361 0.7160361 0.7160361 0.7160361 1.3346802 1.3346802 1.3346801 1.3346801 2.3218114 1.8521605 2.3218114 2.3218114 2.2089834 2.2791088 0.21195388 0.21195388 1.4138633 1.4138633 2.3836288 2.3836288 2.3836288 2.3836288 2.3836288 1.4138633 1.4138633 2.3836288 2.3836286 1.9273858 1.9273858 1.4138633 1.4138633 1.4138633 1.4138633 1.4138633 1.9273858 1.9273858 1.9273858 1.3278396 1.3278396 1.3278396 1.3278396 1.3278396 0.79070854 1.3278396 1.9273858 2.4545097 1.9273858 2.3836286 2.3836286 2.3836286 2.3836286 2.3836284 2.3836284 2.3836284 2.3836284 2.3836284
1.3346744 1.3346744 1.3346744 1.3346744 1.3346744 0.7160301 0.7160299 0.7160299 1.3346742 1.3346742 2.3218055 2.3218055 2.3218055 1.8521547 1.8521547 1.8521547 2.2089763 1.4138578 0.21194887 0.21194887 0.7907016 1.4138578 2.3836205 2.3836205 2.3836203 2.3836203 2.3836203 1.4138578 1.4138578 2.3836203 2.3836203 1.9273804 1.9273804 1.4138578 2.2791014 2.0823138 1.9273806 1.9273806 1.3278332 1.9273806 1.9273806 1.3278332 1.3278332 1.3278332 1.3278332 1.3278332 1.3278332 1.3278332 1.9273804 1.9273804 1.9273804 1.9273804 2.3836193 2.0823135 2.3836193 2.0823135 2.0823135 2.3836193 1.4138577 1.4138577
2.208969 2.009984 2.009984 1.3346683 1.3346683 1.3346683 0.71602416 0.71602416 0.71602416 1.3346683 2.3218 2.3218 2.3218 1.8521487 1.8521487 1.8521487 2.2089689 1.4138522 0.2119441 0.2119441 0.7906959 1.4138522 2.3836114 2.3836114 2.3836114 2.2540648 2.3836114 2.3836112 2.3836112 2.3836112 2.3836112 1.9273746 1.9273746 2.2790933 2.2790933 2.082308 1.9273746 1.3278275 1.3278275 1.3278275 1.3278275 1.3278275 1.3278275 1.3278272 1.3278272 1.3278272 1.3278272 1.3278272 1.327827 1.327827 1.327827 1.327827 1.9273744 2.2796082 2.2540643 1.4138521 2.0823078 1.4138521 1.4138521 1.4138521
2.2089617 2.0099783 2.1069407 2.0099778 2.2089612 1.3346622 2.0099778 2.0099778 1.5005515 1.3346622 1.3346622 1.3346622 1.3346622 2.3217943 2.208961 2.208961 2.208961 2.279086 0.2119391 0.2119391 0.7906897 1.4138464 1.4138464 2.279086 1.4138464 1.4138464 2.2540562 2.2540562 2.3836024 2.3836024 2.3836024 2.3836024 2.3836024 2.2790854 2.2790854 1.4138463 1.4138463 1.3278213 1.3278213 1.3278213 1.3278213 1.3278213 1.3278213 1.3278213 1.3278213 1.3278213 1.327821 1.327821 1.327821 1.327821 1.327821 1.327821 1.9273686 1.9273686 1.9273686 1.4138463 1.4138463 1.4138463 1.4138463 1.4138463
2.2089534 2.2089534 2.2089534 2.2089534 2.2089534 2.2089534 2.009972 2.009972 2.009972 0.71601176 1.3346564 1.3346564 1.3346564 2.321788 2.2089534 2.2089534 2.2089534 1.4138408 1.4138408 1.4138408 0.79068375 1.4138408 1.4138408 1.4138408 1.4138405 1.4138405 1.4138405 1.4138405 1.4138405 2.383594 2.383594 2.383594 2.383594 1.4138405 2.3835936 1.4138405 1.4138405 1.9273633 1.9273633 1.3278153 1.3278153 0.79068375 0.79068375 1.3278153 1.3278153 1.3278153 0.79068375 0.79068375 0.79068375 0.79068375 1.3278153 1.3278153 1.3278153 1.3278153 1.9273633 1.4138403 1.4138403 1.4138403 1.4138402 1.4138402
2.2089458 2.2089458 2.2089458 2.2089458 2.2089458 2.2089458 2.2089458 2.3217828 1.3346504 1.3346504 1.3346504 1.3346504 1.3346504 2.3217828 2.2089458 2.2089458 1.3346504 1.413835 1.413835 0.7906778 0.7906778 1.413835 1.413835 1.413835 0.7906778 1.413835 1.413835 1.413835 1.9273579 1.9273579 1.9273578 2.3835847 1.4138349 1.4138349 1.4138349 1.4138349 1.9273578 1.9273578 1.9273578 1.3278089 1.5713716 0.7906778 0.7906778 1.3278089 1.3278089 1.3278089 0.7906778 0.7906778 0.7906778 0.7906778 1.3278089 1.3278089 1.3278089 1.3278089 1.4138348 2.2790701 1.4138348 1.4138348 0.7906778 0.7906778
2.2089381 2.2089381 2.2089381 2.2089381 2.2089381 2.2089381 2.0099602 2.0099602 1.5005331 2.0099602 1.3346441 1.3346441 2.3217766 2.3217766 2.208938 2.208938 1.3346441 1.4138292 0.79067135 0.79067135 0.79067135 1.4138292 1.4138292 1.4138292 1.4138291 1.4138291 1.4138291 1.9273516 1.9273516 1.9273516 1.3278029 1.9273516 1.9273516 1.4138291 1.4138291 1.4138291 1.4138291 1.4138291 2.0822852 1.5713654 0.79067135 1.3278027 1.3278027 1.3278027 0.79067135 0.79067135 0.79067135 0.79067135 0.79067135 0.7906711 0.7906711 0.7906711 1.3278027 1.9273511 1.413829 2.2790625 2.2790623 1.4138286 1.4138286 0.7906711
2.2089305 2.2089305 2.2089305 1.9077051 2.2089305 2.2089305 2.2089305 2.0099542 2.0099542 1.3346385 1.8521188 1.3346385 2.321771 2.321771 2.2089305 2.2089305 1.3346385 1.4138236 1.4138236 0.7906654 0.7906654 1.4138235 1.4138235 1.4138235 1.4138235 1.4138235 1.4138235 1.9273462 1.9273459 1.9273459 1.3277969 1.9273459 1.9273459 1.4138235 1.4138235 0.7906649 1.4138235 1.4138235 1.4138235 1.5713592 0.7906649 1.3277967 1.3277967 1.3277967 0.7906649 0.7906649 0.7906649 0.7906647 0.7906647 0.7906647 0.7906647 1.327796 1.327796 1.9273458 2.2790544 2.2790544 2.2790544 1.4138232 1.4138232 1.327796
2.208923 2.208923 2.208923 1.9076993 1.3346326 1.3346326 1.3346326 1.3346326 1.3346326 1.3346326 1.8521131 2.2089226 2.2089226 2.2089226 2.2089226 2.2089226 2.2089226 2.2790475 1.4138176 1.4138176 1.4138176 1.4138176 1.4138176 1.4138176 2.3835585 2.3835585 2.279047 1.9273401 1.9273401 1.9273401 1.3277903 1.9273401 1.9273401 1.9273401 1.4138176 0.79065895 0.79065895 0.79065895 1.3277903 1.3277903 1.3277903 1.3277903 1.3277903 1.3277903 0.79065895 0.79065895 1.3277903 0.79065895 0.79065895 0.7906587 0.7906587 1.3277903 1.92734 2.2790468 2.2790468 2.2790468 2.2790468 0.7906587 1.7785499 1.3277903
1.8521069 1.3346266 1.3346266 1.9076934 1.3346266 1.6093198 1.3346266 1.3346264 1.3346264 1.3346264 1.4168546 2.2089155 2.2089155 2.265658 2.0099425 2.321759 2.321759 2.3835497 2.2790396 1.413812 1.413812 1.413812 2.3835492 1.413812 1.413812 1.9273344 1.9273344 1.9273344 1.9273344 1.9273344 1.3277843 1.3277841 1.3277841 1.9273344 1.413812 1.413812 1.413812 0.7906525 1.3277838 1.8224127 1.8224127 2.2790394 2.2790394 2.2790394 0.7906525 0.7906525 1.3277838 0.7906525 0.7906525 1.3277838 1.3277838 1.3277838 1.9273344 2.1562252 1.4138119 1.4138119 0.7906525 0.7906525 1.7785435 1.3277838
0.71597505 0.71597505 1.9076874 1.9076874 1.3346206 1.3346206 1.3346206 1.3346206 1.3346206 1.3346206 1.3346206 2.2089074 2.265649 1.3346206 1.3346206 2.3217535 2.3217535 2.3835409 2.2790325 1.4138063 1.4138063 1.4138063 2.3835406 1.6345944 1.9273285 1.9273285 1.3277783 1.3277783 1.3277783 1.3277783 1.3277783 1.3277783 1.3277783 1.9273285 2.3835404 1.9273285 1.9273285 0.79064703 0.79064703 0.79064703 1.4138063 1.4138063 1.4138063 1.4138063 0.79064703 0.79064703 1.3277781 1.3277781 1.3277781 1.3277781 1.9273283 1.9273283 1.3277781 2.2790315 0.7906468 0.7906468 0.7906468 0.7906468 1.7785378 1.7785375
0.71596885 1.0151677 0.71596885 0.71596885 0.71596885 0.71596885 0.71596885 0.71596885 1.3346146 1.3346146 2.2088997 1.3346146 1.3346145 1.3346145 1.3346145 1.3346145 1.907681 1.4138011 2.2790244 2.2790244 1.8223965 1.4138011 2.383532 1.9273232 1.9273232 1.3277724 1.3277724 1.3277724 1.3277724 1.3277724 1.3277724 1.3277724 1.9273232 1.9273232 2.383532 1.9273231 1.9273231 1.4138006 0.79064083 0.79064083 0.79064083 0.79064083 0.79064083 0.79064083 0.79064083 0.79064083 0.79064083 1.3277721 1.3277721 2.2790244 1.4138004 1.927323 1.3277721 1.8223965 1.8223965 0.79064083 1.7785308 1.7785308 1.7785308 1.7785308
0.71596336 0.71596336 0.71596336 0.71596336 0.71596336 0.71596336 0.71596336 0.71596336 0.71596336 2.208892 2.208892 1.3346088 1.3346088 1.3346088 1.3346088 1.3346088 1.3346088 1.9820027 1.4137948 1.4137948 1.4137948 0.7906351 1.8223886 1.9273174 1.9273174 1.3277664 1.3277664 1.3277664 1.3277664 1.3277664 1.3277664 1.3277664 1.9273174 1.4137946 2.383523 1.9273174 1.9273174 1.4137946 1.4137946 1.4137946 0.79063463 0.79063463 0.79063463 0.79063463 0.79063463 0.7906344 0.7906344 0.7906344 0.7906344 2.383523 2.383523 1.9273171 1.3277664 1.8223886 0.79063416 1.3277662 1.7785246 1.7785246 1.7785246 0.79063416
0.7159569 0.7159569 0.7159569 0.7159569 0.7159569 0.7159569 0.7159569 0.7159569 0.7159569 0.7159569 0.7159569 1.3346027 1.3346027 1.3346027 1.3346027 1.3346027 1.3346027 1.413789 1.413789 1.413789 0.79062843 0.79062843 0.79062843 1.32776 1.32776 1.32776 0.79062843 1.32776 0.79062843 0.79062843 1.32776 1.32776 0.79062843 1.9273115 1.9273115 2.383514 1.9273115 2.0822453 1.413789 1.413789 1.4137888 1.4137888 0.79062843 0.79062843 0.79062843 0.79062843 0.79062843 0.79062843 1.4137887 2.383514 2.1561978 1.9273115 1.9273115 2.2790086 0.7906282 1.32776 1.32776 2.383514 1.7785184 1.7785184
1.8520772 0.7159505 0.7159505 0.7159505 0.7159505 0.7159505 1.0151494 0.7159505 0.7159505 0.7159505 1.3345969 1.6092901 1.3345969 1.3345969 1.3345969 1.3345969 1.3345969 1.4137836 1.4137836 1.4137836 0.7906227 0.7906227 0.7906227 1.8223727 1.327754 0.7906227 0.7906227 1.8223727 1.8223727 1.327754 1.327754 1.3277538 1.3277538 1.9273057 1.9273056 2.3835053 2.3835053 2.0822392 2.3835053 2.3835053 1.4137833 1.4137833 1.4137832 0.7906225 0.7906225 0.7906225 0.7906225 1.413783 2.15619 2.15619 2.15619 2.2790008 1.9273056 2.2790008 0.79062223 1.9273056 1.9273056 1.413783 1.413783 0.79062223
1.3345908 1.3345908 1.3345908 0.71594477 0.71594477 0.71594477 0.71594477 0.71594477 0.71594477 0.71594477 1.3345908 1.3345908 1.3345908 1.3345908 1.3345908 1.3345908 1.3345907 1.4137778 1.4137778 1.4137778 0.7906165 0.7906165 0.7906165 1.8223655 2.2789934 0.7906165 0.7906165 0.7906165 0.7906165 1.3277481 1.3277481 1.3277481 1.3277481 1.3277481 1.9273001 2.0822334 1.57131 2.0822334 2.3834963 1.9819846 2.3834963 2.2789931 1.4137776 1.4137776 1.4137776 1.4137776 1.4137776 2.383496 2.383496 2.1561832 2.1561832 2.1561832 1.9272999 1.9272999 1.9272999 1.9272999 1.9272999 1.9272997 1.3277476 0.79061604
1.334585 1.334585 1.334585 1.334585 1.334585 1.3345848 1.3345848 1.3345848 0.7159388 1.3345848 1.3345848 1.3345848 1.3345848 1.3345848 1.3345848 1.3345848 1.3345848 1.413772 1.413772 1.413772 0.79061055 1.413772 1.413772 1.413772 1.413772 2.278986 2.278986 2.278986 1.413772 1.5713041 0.79061055 0.79061055 0.79061055 0.79061055 1.413772 1.413772 1.413772 1.9272947 2.383487 2.383487 1.9272947 1.9272947 2.278986 2.278986 1.4137716 1.4137716 2.383487 2.383487 2.383487 2.156176 2.156176 1.4137716 1.9272943 1.9272943 1.4137716 1.4137715 1.4137715 1.927294 0.7906103 0.7906103
1.3345792 1.3345792 1.3345792 1.3345792 1.3345792 1.6092725 1.3345792 1.8520595 1.3345792 1.3345792 1.3345792 1.3345792 1.3345792 1.3345792 1.3345792 1.3345792 1.3345792 1.4137663 1.4137663 1.4137663 1.4137663 1.4137663 1.4137663 2.2789788 1.4137661 2.2789788 2.2789788 2.2789788 2.2789788 0.7906041 0.7906041 0.7906041 0.7906041 0.7906041 0.7906041 1.4137661 1.4137661 1.413766 1.9819729 2.3834786 1.9272888 1.9272888 1.9272888 1.9272888 1.9272888 1.4137658 2.3834784 2.3834784 2.3834784 1.9272888 1.9272885 1.4137657 1.4137657 1.4137657 1.4137657 1.4137655 1.9272885 1.3277354 1.3277354 1.3277354
1.3345731 1.3345731 1.3345731 1.3345731 1.3345731 1.3345731 1.3345731 1.3345731 1.8520534 1.334573 1.334573 1.334573 1.334573 1.334573 1.334573 1.334573 1.334573 1.4137607 1.4137607 1.4137607 1.4137607 1.4137607 1.4137607 1.4137607 1.4137607 1.4137607 2.2789705 2.2789705 2.2789705 1.4137607 0.79059815 0.79059815 0.79059815 0.79059815 1.4137607 1.4137605 0.79059815 1.4137605 1.9819665 2.3834698 1.9272828 1.9272828 1.9272828 1.3277292 1.9272828 1.4137604 1.4137604 1.4137604 2.3834698 1.9272828 1.9272828 1.9272828 1.4137603 1.4137603 2.0822165 2.0822165 1.9272828 1.9272828 1.3277292 1.3277292
1.334567 1.3345667 1.3345667 1.3345667 1.3345667 1.3345667 1.3345667 1.3345667 1.8520472 1.8520472 1.3345667 1.3345667 1.3345667 1.3345667 1.3345667 1.3345667 1.3345667 1.4137548 1.4137548 1.4137548 1.4137548 1.4137548 1.4137548 1.4137548 1.4137548 1.4137548 2.2789626 2.2789626 2.2789626 1.327723 1.327723 0.79059196 0.79059196 0.79059196 1.4137548 1.4137547 0.79059196 1.4137547 1.4137547 2.3834608 1.9272773 1.327723 1.327723 1.327723 1.327723 1.9272773 1.9272773 1.9272773 1.9272773 1.9272773 1.3277228 1.9272773 0.7905917 1.4137543 2.0822105 2.0822105 1.4137543 1.9272773 1.3277228 1.3277228
1.3345612 1.3345612 1.3345612 1.3345612 1.3345612 1.3345612 1.3345612 1.3345612 1.2550766 1.2550766 1.8520416 1.8520416 1.3345612 1.3345612 0.71591425 0.71591425 1.3345612 1.4137489 1.4137489 1.4137489 1.4137489 1.4137489 1.4137489 1.4137489 1.4137489 1.4137489 1.4137489 2.2789557 2.2789557 2.2789557 0.79058576 1.3277173 0.79058576 0.79058576 0.79058576 0.7905855 0.7905855 0.7905855 1.4137487 1.9272714 1.3277171 1.3277171 1.3277171 1.3277171 1.3277171 1.3277171 1.3277171 1.3277171 1.3277171 1.3277171 1.3277171 0.7905855 1.4137487 1.4137487 1.4137487 1.4137487 0.7905855 0.7905855 1.3277171 1.3277171
1.3345554 1.3345554 1.3345554 1.3345554 1.3345554 1.3345554 1.3345554 1.3345554 1.2550707 1.2550707 1.2550704 1.2550704 1.8520359 1.3345553 0.7159083 0.7159083 1.3345553 1.4137435 1.4137435 1.4137435 1.4137435 1.4137435 1.4137435 1.4137433 1.4137433 1.4137433 1.4137431 1.9272659 2.2789478 2.2789478 1.9272661 1.9272661 1.4137429 0.79057956 0.79057956 0.79057956 0.79057956 0.79057956 1.5712731 1.3277109 1.3277109 1.3277109 1.3277109 1.3277109 1.3277109 1.3277109 1.3277109 1.3277109 1.3277109 1.3277109 1.3277109 1.3277109 1.9272656 1.4137428 1.4137428 1.4137428 1.4137428 1.4137428 1.3277106 1.3277106
1.3345494 1.3345494 1.3345493 1.3345493 1.3345493 1.3345493 1.3345493 1.8520294 1.2550647 1.2550647 1.2550647 1.2550647 1.2550647 1.2550647 1.2550647 1.2550647 1.8520294 1.413738 1.413738 1.413738 1.413738 1.413738 1.413738 1.413738 1.413738 1.413738 1.413738 1.9272603 1.9272603 2.2789395 2.2789395 2.2789395 1.4137378 1.4137378 0.79057336 1.4137378 0.79057336 1.3277047 1.3277047 1.3277047 1.3277047 1.92726 1.92726 1.4137378 1.9272598 1.3277047 1.3277047 1.3277047 1.3277047 1.3277047 1.3277047 1.3277047 1.9272598 1.4137375 1.9272598 1.9272597 1.9272597 1.3277044 1.3277044 1.3277044
1.3345433 1.3345433 1.3345433 1.3345433 1.3345433 0.7158959 0.7158959 1.2550585 1.2550585 1.2550585 1.2550585 1.2550585 1.2550585 1.2550585 1.2550585 1.2550585 1.2550585 1.9272547 1.9272547 1.4137322 1.4137322 1.4137322 1.4137322 1.4137322 1.4137319 1.4137319 1.4137319 1.9272543 1.9272543 2.0821877 2.0821877 2.2789319 2.2789319 1.4137316 1.4137316 1.9272542 1.3276982 1.3276982 1.3276982 1.3276982 1.3276982 1.9272541 2.2789319 2.2789319 1.9272541 1.9272541 1.327698 1.327698 1.327698 1.327698 1.327698 1.327698 1.9272541 1.9272541 1.9272541 1.9272541 1.327698 1.327698 1.327698 1.327698
1.3345376 1.3345376 1.3345376 1.3345376 1.3345376 1.3345376 0.71588993 1.2550521 0.71588993 0.71588993 1.2550521 1.2550521 1.2550521 1.2550521 1.2550521 1.2550521 1.2550521 1.3276925 1.3276925 1.9272487 1.9272487 1.4137264 1.4137264 1.4137264 1.4137263 1.4137263 1.4137263 1.9272485 1.9272485 1.9272485 2.082182 1.5712552 1.5712552 2.278925 1.9272485 1.3276925 1.3276925 1.3276925 1.3276925 1.3276925 1.3276925 1.4137261 2.2789247 2.2789247 2.2789247 1.9272485 1.3276925 1.3276925 1.3276925 1.3276923 1.3276923 1.327692 1.9272484 1.9272484 1.9272484 1.9272484 1.327692 1.327692 1.327692 1.327692
0.715884 0.715884 1.3345315 1.3345315 2.208793 0.0 1.7622261 0.715884 0.715884 0.715884 1.5547762 1.5547762 1.5547762 1.2550464 1.8520118 1.8520118 1.8520118 1.9272429 1.9272429 1.9272429 1.9272429 1.9272429 1.9272429 1.9272429 1.9272429 2.0821762 2.0821762 1.4137206 0.790555 0.790555 0.790555 0.790555 1.65258 1.8222868 1.8222868 1.3276861 1.3276861 1.3276861 1.3276861 1.3276861 1.3276861 1.4137206 2.2789166 2.2789166 2.2789166 1.9272426 1.3276861 1.3276861 1.3276861 1.3276861 1.3276861 1.3276861 1.3276861 1.9272426 1.4137205 1.9272426 1.9272425 1.3276861 1.8222868 1.3276861
1.2550399 1.8520055 1.3345252 2.2087853 1.3345252 1.55477 1.55477 1.8520055 1.3345252 1.3345252 1.3345251 0.71587753 0.71587753 1.3345251 2.2087853 2.2087853 2.2087853 2.2789092 2.0821705 2.0821705 2.0821705 1.927237 1.3276801 1.3276801 1.927237 1.927237 1.4137146 1.4137146 0.79054904 0.79054904 0.79054904 0.79054904 0.79054904 1.6525726 0.79054904 0.79054904 0.7905488 0.7905488 1.3276799 1.3276799 1.3276799 1.3276799 2.2789087 1.927237 1.927237 1.927237 1.3276799 1.3276799 1.3276799 1.3276799 1.3276799 1.3276799 1.3276799 1.927237 1.927237 1.927237 1.927237 1.927237 1.927237 1.927237
