Export/ASCII/RMeteo_SP_inch/speranza1/RMeteo_2014_SP1_inch.asc
ncols         660
nrows         338
xllcorner     1476100.0
yllcorner     5017100.0
cellsize      100
NODATA_value  -9.9e-20
[rows 243 to 269 of 338, columns 549 to 609 of 660]
7.0561986 7.2119184 6.8079753 5.1781445 7.903944 7.903944 5.510332 5.515711 7.92474 7.903943 7.903943 7.903943 7.903942 7.903942 7.903942 7.903941 7.903941 7.903941 7.903941 6.9153214 6.9153194 6.9153194 7.9039373 7.9039373 7.9039364 7.9039364 7.9039354 7.9039354 7.9039354 8.12804 8.047536 8.047536 8.047536 7.3310213 8.128038 8.128038 8.128038 8.128038 8.128038 8.1280365 8.1280365 8.1280365 8.1280365 8.1280365 7.3310194 7.3310194 8.128036 8.128034 8.128033 8.128033 8.128033 8.128033 8.128033 8.455995 8.464405 8.464405 8.464405 8.464405 8.464405 8.464405 8.464404
7.1806445 7.2262073 5.4940996 5.178098 5.178098 5.1780977 5.1780972 7.9038687 7.903867 7.2699685 7.903866 7.903866 7.903866 7.903866 7.903866 7.903865 7.903865 7.903865 7.903864 6.915255 6.915254 6.915254 7.903863 7.903863 7.903862 7.903862 7.903861 7.903861 7.903861 8.127979 7.3309603 8.047472 8.047472 8.127979 8.127978 8.127976 8.127975 8.1279745 8.1279745 8.1279745 8.1279745 8.1279745 7.3309574 7.3309574 7.3309574 7.3309574 8.127973 8.127972 8.127972 8.127972 8.127972 8.127972 8.127972 8.455942 8.464352 8.464352 8.45594 8.464352 8.46435 8.46435 8.46435
7.211799 7.228616 6.446665 6.1706057 6.1706057 6.1706057 6.1706057 7.2699065 7.9037933 7.9245872 7.9037914 7.9037914 7.9037914 7.9037914 7.9037905 7.9037905 7.9037905 7.9037895 7.9037886 5.0577507 6.9151883 5.0577507 5.0577507 5.178048 9.9920225 7.9037857 7.269899 8.476684 7.9121923 7.903783 8.127918 7.3309007 8.047409 8.127917 8.127917 8.127917 8.127915 8.127915 7.269896 7.3520064 7.3308983 7.3308983 7.3308983 7.3308983 7.3308964 7.3308954 8.1279125 8.1279125 8.1279125 8.1279125 8.127911 8.127911 8.127911 8.455888 8.464295 8.464295 8.464295 8.464295 8.464293 8.464293 8.464293
5.494008 5.494008 6.807848 5.178005 5.1780047 5.1780047 10.88696 0.0 7.90372 7.903719 7.2698393 7.903718 7.903717 7.903717 7.903717 7.903717 5.1780043 5.1780043 5.1780043 5.990152 5.650612 5.0577097 5.410526 5.6533713 6.499441 11.081167 8.679739 8.455835 7.9037104 7.9037104 8.127856 8.127855 8.127855 8.127855 7.903707 8.127854 8.622923 7.330839 7.2698317 7.330838 7.330838 7.330838 7.3308372 7.3308363 7.3308363 7.3308363 7.3308353 8.1278515 8.1278515 8.079301 8.0793 8.127851 8.127851 8.455833 8.464241 8.464241 8.464241 8.464239 8.464239 8.464239 8.464239
6.4465675 6.446567 5.493963 6.170498 6.170498 6.170498 8.127004 8.455788 0.0 7.9036436 7.9244366 7.2697735 7.9036427 7.9036417 7.9036417 4.3719664 5.1750917 5.1779556 6.1704946 5.0576696 5.410473 6.201764 6.7434535 6.862495 6.9483485 7.0315404 11.629022 8.696463 8.464188 7.912043 7.9036345 7.9036326 7.9036326 7.9036317 7.9036317 8.6228695 8.6228695 8.6228695 7.2908716 7.351882 7.3307743 7.3307743 7.3307743 7.3307734 8.127792 8.12779 7.3307734 7.3307734 7.659444 8.079241 8.07924 8.127788 7.269759 8.476566 8.464182 8.464182 8.46418 8.46418 8.46418 8.46418 8.46418
6.807764 6.807764 5.4939184 6.581005 6.581005 10.886725 7.9035683 7.9035683 7.911976 7.9035683 7.903568 7.2908134 7.903567 7.903567 5.1779103 4.3719206 4.6896057 6.1704407 5.1779094 6.5810003 5.177909 5.177909 6.1704316 5.177908 5.177908 6.1704307 10.88665 8.67962 8.464131 8.464131 8.455724 7.90356 7.90356 8.455724 8.464129 8.631328 8.622819 8.622819 8.622817 7.330715 7.330714 7.3307133 7.3307133 8.127729 8.127729 8.127729 8.127729 7.3307123 8.1277275 8.1277275 8.1277275 8.1277275 7.3307104 8.455721 8.464128 8.464126 8.464124 8.464124 8.464124 8.464124 8.464124
7.0559154 7.0559154 6.4464717 6.777141 7.9034963 11.532528 7.9034953 7.9034944 7.9034944 7.9034944 7.9034934 8.455675 7.9034934 7.9034934 5.177864 6.1703863 5.315529 6.6732454 6.1703863 5.1778626 7.1538534 5.1778626 6.1703777 6.962365 6.170385 5.1778607 5.1778607 5.5470824 6.5853376 11.7198305 8.714958 8.464075 6.9208674 5.057585 5.4103746 9.857277 8.622765 8.622765 8.622765 7.330657 7.330657 7.330656 7.330656 8.12767 8.12767 8.12767 8.12767 8.127668 8.127668 8.127666 8.079121 8.079121 8.127666 8.455666 8.464071 8.464071 8.464071 8.464071 8.464071 8.464069 8.464069
7.1803303 7.18033 5.4938273 11.525761 7.9034224 7.9034204 7.9034204 7.9034185 7.9034185 7.9034185 7.9034185 8.464026 7.9034176 5.177818 5.177818 5.177817 6.5809064 6.2616277 6.5809054 5.177816 5.1778154 7.2287197 5.1778154 6.170322 6.580895 6.580902 6.718172 7.123673 7.4740524 5.547047 6.5852966 6.9333906 6.7317657 6.9148564 5.057543 8.501907 7.6592684 8.622712 8.622711 7.3305955 7.3305945 7.3305936 7.3305936 8.127608 8.127608 8.127608 8.127608 8.127607 8.127607 8.127607 8.127607 8.127607 8.127607 8.455611 8.464016 8.464016 8.464016 8.464016 8.464016 8.464016 8.464016
7.2114353 7.211435 8.439945 10.1479645 8.126688 7.9033456 7.9033456 7.9033456 7.903344 7.903344 7.5676785 7.574791 7.5676785 7.9033413 6.1702795 5.1777716 6.1702795 7.1584563 5.17777 6.1702785 6.1702776 5.1777687 7.191468 5.177768 6.170267 6.5808487 6.7770123 6.8909802 6.9125414 5.1777673 5.5470133 6.5852585 6.475504 5.7757874 5.5534415 7.659209 8.12755 8.622656 8.622656 7.3305326 7.3305326 7.3305326 7.330532 8.127549 8.127549 8.127549 8.127547 8.127547 8.127547 7.330529 7.330529 8.127545 8.127543 7.903326 8.455555 8.463959 8.463959 8.463959 8.463957 8.463957 8.463957
12.653639 12.653637 8.475744 7.9032707 8.084141 7.9032707 7.90327 7.903269 7.903268 7.903268 7.903268 7.903268 7.903268 7.2694483 10.310233 5.1777244 6.5808115 5.1777244 7.333892 5.1777234 6.9622393 6.170223 5.177723 7.0223265 5.177722 5.177722 6.1702137 6.580801 6.7769585 7.4409657 7.8541565 7.6149077 6.9524994 5.829529 5.571559 9.364033 8.127489 8.127489 8.622604 8.622602 7.330473 7.330473 7.330473 8.127487 8.127487 8.127487 8.127487 8.127487 8.127487 7.330469 7.330468 7.330468 7.330468 7.330468 8.455498 8.4639015 8.4639 8.4639 8.4639 8.4639 8.4639
8.765172 8.765172 8.475672 7.9031935 7.9031935 7.9031935 7.9031925 7.9031925 7.9031925 7.9031916 5.17768 5.1776795 5.177679 7.923978 7.567545 7.9031906 5.1776776 6.7769246 5.177676 7.452861 5.177675 7.646178 5.1776743 5.177674 7.2550955 7.3432226 7.2383537 7.0356774 7.016165 5.1776733 6.1701574 6.4261017 5.726444 5.1776724 6.170156 11.470025 8.127429 8.127429 8.127429 8.62255 7.330412 7.330412 8.078883 7.659087 8.127426 7.33041 8.127426 8.127426 8.127424 8.127424 7.330408 7.330408 7.330407 7.330407 8.455446 8.463848 8.463848 8.463848 8.463848 8.463846 8.463846
8.4756 8.4756 8.475599 7.903121 7.903119 7.903119 7.903119 7.9031177 7.9031157 7.9031157 5.1776323 6.7179804 6.1701174 7.903115 8.455398 7.903114 5.17763 6.1701155 6.890838 6.1701155 7.1109333 6.170115 8.204218 8.152411 7.8435183 7.536251 5.1776295 6.1701064 6.5807056 6.7768526 6.8908143 6.7343 5.057378 5.1776276 6.1701045 11.4699135 8.127367 8.127367 8.127367 8.622495 8.622495 8.078825 8.078824 7.659027 8.127365 8.622494 7.3303475 8.127365 8.127364 8.127364 7.330347 7.330347 7.330347 7.330347 8.455387 8.463789 8.463789 8.463789 8.463789 8.463787 8.463787
8.475527 8.439666 8.439666 7.9030447 7.9030447 7.9030437 7.9030437 7.9030437 7.903043 7.903043 6.1700654 5.177586 5.1775856 10.885888 8.455344 8.455344 5.1775827 6.170061 6.5806675 6.9123497 6.4260225 7.0132313 5.1775823 5.1775813 5.177581 5.177581 6.170051 5.1775804 5.1775804 5.1775804 5.1775804 5.1775804 6.268813 6.245521 5.1775794 8.127308 8.127308 8.127308 8.127308 8.622443 8.622443 8.078766 8.078765 7.658967 8.622441 8.622441 8.622441 7.3302894 8.127303 8.127303 7.3302875 7.3302875 7.3302865 7.3302855 8.455333 8.455333 8.455333 8.463733 8.463733 8.455333 8.463733
8.475451 8.4754505 8.4754505 7.902971 7.90297 7.90297 7.90297 7.90297 7.90297 7.902969 5.177539 6.58062 6.1700096 5.177537 8.455288 5.5468445 5.177536 5.177535 6.580617 5.5468435 5.546843 6.5850596 6.624747 6.7946973 6.903644 6.956507 6.955692 6.9219437 6.9355154 6.9355154 6.9355154 6.9355154 6.9355154 6.935515 6.935515 12.261431 8.127245 8.127245 8.127245 8.62239 8.622389 8.622389 7.6589084 7.8498993 7.8498993 8.127243 8.127243 8.127242 8.127241 8.127241 7.330226 7.330225 7.330225 7.2691746 8.476059 8.463676 8.463676 8.463676 8.463676 8.463676 8.463676
7.4029374 8.47538 8.475379 7.902895 7.902894 7.902894 7.902894 7.902894 7.902894 5.1774945 5.1774945 6.169957 6.776714 6.580573 10.53535 8.463633 6.2282786 5.9896536 5.9896536 7.0064125 5.0572557 5.5468097 5.3270326 6.0778093 6.5737166 6.743991 6.875838 6.932687 6.92188 6.9218793 6.935451 6.935451 6.9354506 6.9354506 6.9354506 6.9354506 12.261283 8.127184 8.127184 8.622335 8.622334 8.622334 7.6588483 8.127184 8.127182 8.127182 8.127182 8.127182 8.127182 8.12718 7.330163 7.330163 7.330163 7.330163 8.455223 8.463621 8.463621 8.463621 8.463621 8.463619 8.463619
7.379387 7.40287 7.402869 6.914337 7.9028215 7.9028215 7.9028215 7.9028215 7.9028206 5.1774473 6.169903 6.169902 6.5805264 6.8906207 7.350191 8.610168 5.0617495 6.8937187 6.045532 5.0572147 6.044215 5.6834683 6.358654 5.057214 5.5323515 5.1774426 6.16989 5.1774426 5.177442 6.1698885 6.5805144 5.177441 5.177441 5.1774406 6.169888 5.1774406 6.1698875 6.5805135 11.922379 8.127124 8.127123 8.127123 8.127123 8.127123 8.127123 8.127123 8.127123 8.127123 8.127121 8.12712 8.12712 8.127119 8.127119 8.127119 7.330104 8.45517 8.45517 8.463566 8.463566 8.463566 8.463566
7.379323 7.379322 7.379322 6.9142694 5.5055203 6.9142685 6.9142685 6.9142685 5.1773996 5.1773996 5.1773996 6.580478 5.1773987 5.1773987 5.5055184 6.9142675 5.061708 6.8583317 5.0571733 5.727222 5.4099116 5.0571733 6.154984 6.3539867 5.0571713 5.409904 5.652698 7.112891 7.4134164 7.5413914 7.247029 7.295733 7.3434014 7.237977 7.0491 7.0176897 6.950183 6.9353285 12.267651 8.127064 8.127064 8.127064 8.127062 8.127062 8.12706 8.12706 8.127059 8.127059 8.127059 8.127059 8.127059 8.127059 8.127058 8.127058 7.3300443 8.455114 8.455114 8.4635105 8.455114 8.455112 8.455112
7.379257 7.379257 7.379257 6.914205 6.914204 6.914204 6.914204 5.0571346 5.1773524 6.169795 6.169795 5.177352 6.776554 6.1697946 10.535106 6.9142017 5.4098654 5.0571322 5.899084 5.4098635 5.568242 5.538719 5.4098635 5.6562185 5.713091 5.1773505 5.1773505 5.1773505 6.169782 6.5804214 6.776535 6.8904853 6.911968 6.9216933 6.921693 6.935267 6.9352665 6.935265 12.26083 8.127002 8.127002 8.127002 7.65867 8.078465 8.127 8.127 8.127 8.126999 8.126999 8.126999 8.126998 8.126998 8.126998 8.126997 7.3299813 8.126997 8.455058 8.463454 8.463453 8.463452 8.463452
7.3791924 7.3791914 7.3791914 6.9141383 6.9141383 6.9141383 6.9141383 5.4098196 6.1697392 5.1773057 6.5803823 6.5803823 6.169739 6.8904543 10.885181 8.057011 5.0570917 5.5386677 5.4098167 5.582349 7.824205 7.838161 7.8381596 5.538666 5.5525026 5.5525026 6.524523 5.965686 6.5400724 6.6680903 5.1773033 6.169729 6.5803742 5.1773033 6.169728 5.1773024 5.177302 6.169726 11.469108 8.126941 8.12694 8.12694 7.658609 8.078405 8.12694 8.12694 8.126939 8.126939 8.126939 8.126939 8.126938 8.126938 8.126937 8.126936 7.3299217 7.3299217 8.455003 8.463397 8.463397 8.455001 8.455001
7.3791275 7.3791275 7.3791275 6.914074 6.914074 6.914073 5.0570526 5.5386186 6.580337 6.1696873 5.17726 6.776448 5.17726 6.5803366 11.792252 7.9025164 5.0570498 5.057049 5.5498123 5.5386143 7.8437076 5.5053177 5.5053177 5.5053167 4.803453 5.9324617 5.6611214 5.687029 6.5070515 6.6456532 5.1772566 5.1772566 6.1696725 6.5803246 6.7764263 7.3047085 7.5971866 14.108557 8.126881 8.126879 8.126879 8.126879 8.126879 8.126877 8.126877 8.126877 8.126877 8.126877 8.126877 8.126877 8.126877 8.126877 8.126877 7.3298616 7.3298616 7.3298616 8.454947 8.463342 8.463342 8.463342 8.463342
5.2968845 7.3790636 7.3790636 6.914008 6.914007 5.0570116 5.0570116 5.5321054 6.939718 6.5802875 6.1696305 5.1772113 5.1772113 6.1696305 8.125732 7.902443 5.177211 5.0570083 5.532103 5.54976 5.54976 5.5052514 5.5052505 5.5052505 4.5528107 4.5125656 5.17721 5.17721 5.17721 5.9893665 7.01185 6.039318 5.1772094 5.177209 5.177209 5.1772084 5.1772084 10.440084 8.622013 7.329805 8.126819 8.126819 8.126819 8.126818 8.126818 8.126818 8.126817 8.126817 8.126817 8.126817 8.126816 8.126815 8.126815 7.329802 7.329801 8.126813 8.454893 8.463285 8.454891 8.463284 8.463284
5.6959524 5.2968435 5.2968435 5.0569696 5.0569696 5.4096785 5.5320554 5.177167 6.432611 7.4713955 6.580241 5.1771665 6.7174864 6.580241 5.177166 8.454845 6.5264087 5.0569663 5.1771646 5.0569663 5.0569663 5.0569654 5.5051847 5.5051847 4.3711786 4.492118 5.3518004 6.2608438 6.6455607 6.6423345 5.756007 5.560919 5.659415 6.5069265 6.64556 6.8091545 6.926791 12.205182 8.621961 7.3297462 7.3297462 8.126757 8.126757 8.126757 8.126757 8.126757 8.126755 8.126755 8.126755 8.126755 8.126755 8.126755 8.126754 8.126753 7.32974 8.126752 8.45484 8.463232 8.46323 8.46323 8.46323
5.929422 5.8264503 5.8264503 5.593645 5.593645 5.5384617 6.2337074 6.1695247 5.17712 6.6455235 7.8411865 6.1695237 6.783657 6.7762876 6.1695237 8.463184 6.932906 5.409629 5.056926 5.9892836 5.409627 5.409627 7.642519 5.056924 5.4096203 5.5384398 5.659364 6.5068636 6.645511 6.8091 6.9267297 7.257738 6.978892 6.9476085 6.946479 6.9416876 6.9566007 6.9349594 12.260081 8.1266985 8.126696 8.126696 8.126696 8.126696 8.126696 8.126696 8.126695 8.126694 8.126694 8.126694 8.126694 8.126693 8.126693 8.126692 7.3296795 8.126691 8.454781 8.463171 8.463171 8.463171 8.463171
6.8339725 6.7254825 6.725482 6.0955863 6.0955853 5.5496073 5.668459 6.580147 5.1770754 7.185806 8.050533 6.5801463 7.064573 6.89018 6.5801454 8.463128 6.841721 5.6523457 5.5319505 5.177072 5.796842 5.922369 5.056883 5.056883 5.4095745 5.538389 5.659313 6.5068026 6.6454673 5.177071 5.1770706 6.5263124 6.932865 6.841705 6.9184155 6.9660487 6.5891175 6.290598 6.6178026 6.704759 12.160475 8.126636 8.126636 8.126636 8.126636 8.126636 8.126636 8.126634 8.126634 8.126634 8.126632 8.126632 8.126632 8.126631 7.3296185 8.135122 8.454725 8.454725 8.463116 8.463116 8.463116
6.8984275 5.4930563 6.898427 6.2175727 6.0591726 5.659276 5.1770296 6.9394855 6.169417 7.2561893 7.828237 6.7761827 5.1770277 6.911589 6.776182 7.9105344 6.918388 5.177027 6.432438 5.1770263 6.907778 5.656789 5.056842 5.056841 4.37104 5.367957 5.9901247 6.234332 5.2100883 6.138433 5.58066 6.6710134 6.9905324 6.9332466 5.2352486 5.2352486 5.9106894 6.163932 10.853271 8.113212 8.126576 8.126576 8.126576 8.126575 8.126575 8.126575 8.126575 8.126575 8.126575 8.126575 8.126575 8.126572 8.126572 8.126572 7.3295574 8.454669 8.454673 8.463063 8.463061 8.463061 8.463061
6.9708147 6.2422333 5.493012 7.238117 5.735936 6.5067177 6.1693645 7.061972 6.5800524 7.2001195 7.200329 6.890072 6.169363 6.9212546 6.8900714 7.902067 6.9303045 5.1769805 7.022123 6.169361 6.9767623 5.6867127 5.409485 5.0568004 4.6969786 5.2352104 5.9106464 6.2158833 5.2352085 4.3709917 5.314602 6.2926903 6.3492985 6.272068 7.2532043 6.94041 6.488022 7.9020596 7.9020596 7.9020596 8.126513 8.126513 8.126513 8.126513 8.077988 8.077988 8.126513 8.126511 8.126511 8.126511 8.126511 8.126511 8.126511 8.126509 8.126509 8.454615 8.463005 8.463005 8.463005 8.463005 8.463005
6.1275477 5.962271 6.4455075 7.4080186 5.384042 5.553461 6.580004 7.0319195 6.7760773 7.0212517 7.0614505 6.911463 6.5800037 6.921192 5.176934 7.477296 6.961358 6.1693077 5.5463967 6.5800023 7.0910964 6.5066495 5.1769333 5.5317993 5.1769333 5.1769333 6.169298 6.6223 7.163662 6.9353943 6.4238505 6.7059836 6.479861 5.2351656 5.2351656 5.910597 9.442654 8.454563 8.454563 7.901983 8.126453 8.126453 8.126453 8.077928 5.2351646 8.980568 7.901982 7.90198 7.90198 7.90198 8.12645 8.12645 8.126448 8.126448 8.126448 7.2683306 8.49869 8.454561 8.454561 8.46295 8.454561
