Export/ASCII/RMeteo_SP_inch/speranza1/RMeteo_2014_SP3_inch.asc
ncols         660
nrows         338
xllcorner     1476100.0
yllcorner     5017100.0
cellsize      100
NODATA_value  -9.9e-20
[rows 35 to 69 of 338, columns 0 to 78 of 660]
0.0 0.0 0.0 0.0 0.0 0.0 0.0 0.0 0.0 2.2844794 3.4651103 2.5971582 2.5971582 2.5971582 0.0 0.0 0.0 0.0 1.1873121 2.2380614 2.2380614 2.2380614 2.2380614 2.2380614 2.2380614 2.2380614 2.1609864 2.2380614 2.160987 3.0102508 0.0 0.0 0.0 0.0 0.0 0.0 3.0102506 3.0669205 2.238062 2.238062 2.238062 2.238062 2.1609874 3.010251 3.010251 3.010251 3.010251 0.3928492 2.5971599 2.5971599 0.0 1.0780151 1.0781338 0.39284945 0.39284945 0.39284945 0.39284945 0.0 2.5971603 2.5971603 0.39284968 0.39284968 0.39284968 2.284482 1.1456909 1.1456909 1.1456912 1.1456912 1.1456912 2.2308512 0.0 0.0 1.1456912 1.1456912 2.2844827 2.2844827 2.2844827 2.2844827 3.4806747
0.0 0.0 0.0 0.0 0.0 0.0 0.0 0.0 0.0 2.2844644 2.2844646 3.4650953 3.4650953 3.4650953 0.0 0.0 0.0 0.0 1.1456711 2.2697444 2.1609716 2.2380452 2.160972 2.2380457 2.160972 2.2380457 2.3523126 2.2380457 2.160972 0.0 0.0 0.0 0.0 0.0 0.0 0.0 3.010236 3.0102365 3.0669045 2.3523116 2.2380471 2.1609735 3.0102367 3.0102367 3.0102367 3.0102367 3.0106726 0.39282966 2.5971446 4.044177 1.0780001 1.0780001 1.0780003 1.0780003 0.0 0.0 0.0 0.0 0.0 2.2844672 0.39283133 0.39283133 2.5971458 2.2844675 1.1456733 1.634506 1.1456735 1.1456735 1.1456735 1.1756208 1.145674 1.145674 1.145674 1.9909135 1.145674 2.2844682 2.2844682 1.1456742 2.2844682
0.0 0.0 0.0 0.0 0.0 0.0 0.0 0.0 0.0 0.39280772 0.39280772 0.39280796 3.465081 3.465081 0.0 0.0 0.0 0.0 1.3258817 2.238029 2.3522944 2.238029 2.3522944 2.238029 2.3522944 2.238029 2.238029 2.1609564 0.0 0.0 0.0 0.0 2.2844508 0.0 0.0 3.01022 3.01022 3.01022 3.01022 2.1609573 2.1609573 3.01022 3.01022 3.0102203 3.010221 3.010221 3.010221 1.0779852 1.0779849 1.0779849 1.0779849 0.0 1.0779849 1.0779849 0.0 0.0 0.0 0.0 0.0 0.0 0.3928113 0.39281178 2.5971298 2.2844515 2.2844515 2.2844515 1.1456554 1.1456556 1.1456556 1.1456556 1.1456556 1.1456556 2.284452 1.0900244 0.0 1.0779864 2.2844527 1.6950042 1.6950042
0.0 0.0 0.0 0.0 0.0 0.0 0.0 0.0 0.0 0.0 0.0 0.0 3.4650671 3.4650671 0.0 3.231447 2.2697139 2.1609416 1.187257 2.1609416 2.2380142 2.2380142 2.2380142 2.2380142 2.2380142 2.2380142 2.1609416 0.0 0.0 0.0 0.0 0.0 2.2844353 2.2844353 0.0 3.0102048 3.0102048 3.010205 3.010205 3.010205 3.010205 3.0102055 3.0102057 3.0102057 3.0102057 3.0102057 0.0 1.0779701 1.0779701 1.0779701 1.0779701 0.0 1.0779701 1.0779701 0.39279175 0.392792 0.0 0.0 0.0 0.0 0.392792 0.392792 0.392792 0.392792 0.39279246 2.2844372 2.2844372 1.1456375 1.1456375 1.1456375 1.1456375 1.1456375 2.2844374 1.0779712 1.0779712 1.0779712 2.597116 2.597116 1.6949868
2.1976814 0.0 0.0 0.0 0.0 0.0 0.0 0.0 0.0 0.0 0.0 0.0 0.0 0.0 0.0 3.0101893 3.0101893 2.2379994 2.2379994 2.3522606 2.2379994 2.1609273 2.2379994 2.2379994 2.1609273 0.0 0.0 0.0 0.0 0.0 0.0 0.0 1.1456172 2.2844205 2.284421 3.0101905 3.0101905 3.0101905 3.0101905 0.0 3.0101905 3.0101905 3.0101905 3.0101905 3.0101907 3.0101907 3.3387203 1.9954449 1.7134001 1.0779549 1.0779549 1.0779549 1.0779549 0.39277267 0.39277267 0.39277267 0.0 0.0 0.0 0.0 0.3927729 0.39323854 0.39277315 0.39277315 2.2844224 2.2844224 2.2844224 2.2844224 1.1456201 1.1456201 1.9908651 1.1456208 2.2844224 2.2844224 1.0779562 1.0779564 0.3927741 2.2844224 2.2844224
0.99052715 2.1976662 0.0 0.0 0.0 0.0 0.0 0.0 0.0 0.0 0.0 0.0 0.0 0.0 0.39275074 0.0 3.0668406 3.0101736 0.0 2.2379832 2.2379832 2.2379837 1.1455991 1.1455991 0.0 0.0 0.0 0.0 0.0 0.0 0.0 0.0 0.0 1.1455998 2.2844057 2.597084 2.5970843 0.0 0.0 0.0 0.0 3.0101755 3.0101755 3.023556 3.0101757 4.667889 1.0779399 1.0779399 1.0779399 1.1788946 2.2844064 2.2844067 2.2844067 2.2844067 2.2844067 0.39275312 0.39275312 0.0 0.0 0.0 0.3927529 0.3927529 0.3927529 0.3927529 0.39275312 2.4955738 1.0779403 2.284407 1.1456022 1.1456022 1.1728468 1.1456022 2.2844071 2.2844071 0.0 1.9959979 0.39275455 2.2844076 2.2844076
0.99052334 0.99052334 2.1976497 0.0 0.0 0.0 0.0 0.0 0.0 0.0 0.0 0.0 0.0 0.0 0.39273143 0.39273143 0.39319682 0.39273143 0.0 2.237968 2.1608977 1.6949296 1.145581 1.145581 0.0 0.0 0.0 0.0 0.0 0.0 0.0 0.0 0.0 0.0 2.2843904 2.7510052 2.5970683 0.0 0.0 0.0 0.0 0.0 3.0101607 3.0101607 3.0101607 2.2843904 2.2843907 2.2843907 2.284391 2.284391 2.284391 2.284391 2.284391 2.284391 0.39273405 0.39273405 0.3927343 0.0 0.0 0.0 0.39319968 0.39273453 0.39273477 0.39273477 0.39273477 0.39273477 1.0779263 2.2843919 1.1455839 1.1455839 2.284392 2.284392 2.284392 2.284392 0.0 0.39273477 0.392735 3.4650261 1.0779264
0.9905205 0.9905205 0.9905205 2.1976335 2.1976337 0.0 0.0 0.0 0.0 0.0 0.0 0.0 0.0 0.0 0.0 0.3927114 0.39271164 0.39271164 0.4439025 2.5970528 1.6949115 1.6949115 1.6949115 1.1455634 0.0 0.0 0.0 0.0 0.0 0.0 0.0 0.0 0.0 0.0 0.0 2.2843752 2.2843752 2.2843752 2.2843752 2.2843752 0.0 0.0 2.2843752 2.2843752 2.2843752 2.2843752 2.2843752 2.2843752 2.2843757 0.39271498 0.39271522 0.39271522 0.0 0.0 0.0 0.0 0.0 0.0 0.0 0.0 0.39271545 0.39271545 0.39271593 0.39271593 0.39271593 2.284377 2.284377 2.2843776 2.2843776 1.145566 2.2843776 1.0779108 2.2843776 2.2843776 0.39271593 0.39271593 0.39271593 0.39271593 1.077911
0.99051666 0.99051666 0.99051666 0.99051666 0.99051666 2.482867 1.351157 0.0 0.0 0.0 0.0 0.0 0.0 0.0 0.0 0.39269233 0.39269257 0.80717754 2.2843595 2.5970373 1.6948931 1.6948931 2.2292438 1.1455457 1.1455457 0.0 0.0 0.0 0.0 0.0 0.0 0.0 0.0 0.0 0.0 2.60234 2.2843602 2.2843602 2.2843604 2.2843604 2.2843604 2.2843604 2.2843604 2.2843606 2.2843606 0.0 0.0 0.0 0.39269423 0.3926947 0.39269543 0.39269543 0.0 0.0 0.0 0.0 0.0 0.0 0.0 0.3926959 0.3926959 0.0 0.39269638 0.39269662 0.39269662 2.2843618 2.2843618 2.2843618 2.2843618 1.1455474 2.5970397 1.0778958 1.0778958 0.3926971 0.3926971 0.3926971 3.4649966 1.077896 1.077896
0.99051285 0.99051285 0.99051285 0.99051285 0.99051285 1.1051755 1.1051755 1.1051755 0.0 0.0 0.0 0.0 0.0 0.0 0.0 0.0 0.39267373 0.39267373 2.2843442 2.6040564 1.9823872 1.694875 1.6948752 1.1455276 1.1455276 0.0 0.0 0.0 0.0 0.0 0.0 0.0 0.0 0.0 0.0 2.284345 2.284345 0.0 2.284345 2.284345 2.284345 2.2843451 0.0 0.0 0.0 0.0 0.0 0.0 0.3926754 0.3926754 0.3926754 0.3926754 0.3926754 0.39267564 0.39267564 0.0 0.0 0.0 0.0 0.0 0.0 0.0 2.2843466 2.2843466 0.0 2.6023266 2.284347 2.284347 2.284347 1.14553 1.0778811 1.0778811 1.0778811 0.39267778 0.39267778 0.39267778 3.4649823 1.7133266 1.0778813
0.99050856 0.99050856 0.99050856 0.99050856 0.99050856 1.1051612 1.1051612 1.1051612 1.1051612 2.6692567 2.407595 0.0 0.0 0.0 0.0 0.0 0.3926549 0.3926549 0.3926549 3.0507946 1.6948576 0.0 0.0 2.4828367 1.14551 0.0 0.0 0.0 0.0 0.0 0.0 0.0 0.0 0.0 0.0 0.0 0.0 0.0 0.0 0.0 0.0 0.0 0.0 0.0 0.0 0.0 0.0 0.3926561 0.3926561 0.39265656 0.39265656 0.39265656 0.39265656 0.39265656 2.5970092 0.0 0.0 0.0 0.0 0.0 0.0 0.0 2.284331 2.284331 0.0 0.39265752 0.39265776 0.39265776 2.2843313 2.2843313 1.0778663 1.0778663 1.0778663 1.0778666 1.0778666 1.0778666 1.0778667 1.0778667 0.3926587
0.9905052 0.9905052 0.9905052 0.9905052 0.9905052 1.1051478 1.1051478 1.1051478 1.1051478 1.1051478 0.0 0.0 0.0 0.0 0.0 0.0 0.39263535 0.39263535 0.39263535 2.5969925 1.6948402 0.0 0.0 0.0 1.1454921 1.1454921 0.0 0.0 0.0 0.0 0.0 0.0 0.0 0.0 0.0 0.0 0.0 0.0 0.0 0.0 0.0 0.0 0.0 0.0 0.0 0.0 0.39263654 0.39263654 0.39263654 0.39263654 0.39263654 0.39263654 0.392637 0.392637 0.0 0.0 0.0 0.0 0.0 0.0 0.0 0.0 0.0 2.284316 2.284316 0.39310336 0.39263797 0.39263797 2.284316 2.2843165 1.0778512 1.0778512 0.0 1.0778512 1.0778512 1.0778512 1.0778512 2.5969946 0.39263892
0.9905019 0.9905019 0.9905019 0.9905019 0.9905019 1.1051326 1.1051326 1.1051326 1.1051326 1.1051326 0.0 0.0 0.0 0.0 0.0 0.0 0.0 0.3926165 0.3926165 2.5969772 1.6948218 0.0 0.0 0.0 0.0 1.1454742 0.0 0.0 0.0 0.0 0.0 0.0 0.0 0.0 0.0 0.0 0.0 0.0 0.0 0.0 0.0 0.0 0.0 0.0 0.39261723 0.39261723 0.39261723 0.39261746 0.39261746 0.39261746 0.39261746 0.39261746 0.39261746 0.39261746 0.39261794 0.0 0.0 0.0 0.0 0.0 0.0 0.0 0.0 2.2843013 2.2843013 0.0 0.0 2.2843018 2.2843018 1.0778366 1.0778366 1.0778366 1.0778369 1.7132823 1.0778369 1.0778369 2.5969806 2.5969806 0.39261985
0.99049807 0.99049807 0.99049807 0.99049807 0.99049807 1.1051159 1.1051159 1.1051159 1.1051168 1.1051168 0.0 0.0 0.0 0.0 0.0 0.0 0.0 0.39259696 0.3925972 0.0 0.0 0.0 0.0 0.0 0.0 1.1454558 1.1454558 0.0 0.0 0.0 0.0 0.0 0.0 0.0 0.0 0.0 0.0 0.0 0.0 0.0 0.0 0.0 0.0 0.39259815 0.3925984 0.3925984 0.3925984 0.39259863 0.39259863 0.39259863 0.39259863 0.39259863 0.39259863 0.39259863 0.39259863 0.0 0.0 0.0 0.3925991 0.3925991 0.0 0.0 0.0 0.0 2.284286 2.284286 0.0 2.284286 0.39259982 1.0778213 1.0778213 1.0778213 1.0778213 1.0778213 1.0778214 0.39260006 2.5969648 0.39260006 2.5969648
0.9904938 0.9904938 0.9904938 0.9904938 0.9904938 1.1051035 1.1051035 1.1051035 1.1051035 1.1051035 0.0 0.0 0.0 0.0 0.0 0.0 0.0 0.3925779 0.3925779 0.3925779 0.0 1.1454384 1.1454384 0.0 0.0 0.0 0.0 0.0 0.0 0.0 0.0 0.0 0.0 0.0 0.0 0.0 0.0 0.0 0.0 0.0 0.0 0.0 0.0 0.3925786 0.3925786 0.3925786 0.39257932 0.39257932 0.39257932 0.39257932 0.39257932 0.39257932 0.39257932 0.39257932 0.39257932 0.0 0.0 0.39257932 1.0708191 1.0708191 0.3925798 0.0 0.0 0.0 2.2842712 2.2842712 2.2842712 2.2842712 0.3925798 2.5969498 0.3925798 0.39258027 0.39258027 0.39258027 0.3925805 0.392581 2.59695 0.39258146 2.59695
0.99049044 0.99049044 0.99049044 0.99049044 0.99049044 1.1050892 1.1050892 1.1050892 1.1050892 1.1050892 0.0 0.0 0.0 0.0 0.0 0.0 0.0 0.3925581 0.39255834 0.39255834 0.0 0.0 0.0 0.0 0.0 4.358042 0.0 0.0 0.0 0.0 0.0 0.0 0.0 0.0 0.0 0.0 0.0 0.0 0.0 0.0 0.0 0.0 0.0 0.0 0.39256072 0.39256072 0.39256096 0.39256096 0.39256096 0.39256096 0.39256096 0.39256096 0.39256096 0.39256096 0.39256096 0.0 0.0 0.39256096 1.0708025 2.284256 0.39256144 0.39256144 0.39256144 0.0 0.0 2.2842565 2.2842565 0.0 0.0 2.5969346 0.0 0.0 0.39256167 0.39256167 0.0 0.0 0.0 0.0 0.0
0.9904866 0.9904866 0.9904866 0.9904866 0.9904866 1.1050739 1.1050739 1.1050739 1.1050739 1.1050744 0.0 0.0 2.5969164 2.5969164 0.0 0.0 0.0 0.0 0.0 0.0 0.0 0.0 0.0 0.0 0.18258905 0.73153305 4.680853 0.0 0.0 0.0 0.0 0.0 0.0 0.0 0.0 0.0 0.0 0.0 0.0 0.0 0.0 0.0 0.39254045 0.39254045 0.39254045 0.39254045 0.39254045 0.39254045 0.39254093 0.39254093 0.3925414 0.3925414 0.3925414 0.3925414 0.39254165 0.0 0.0 0.3925419 3.464881 2.2842405 2.2842405 1.0777762 0.39254165 2.5969183 2.596919 2.284241 2.2842412 0.0 0.39254165 0.39254165 0.39254165 0.3925419 0.39254212 0.0 0.39254212 0.39254212 0.0 0.0 0.0
0.9904833 0.9904833 0.9904833 0.9904833 0.9904833 1.1050587 1.1050587 1.1050587 1.1050587 0.0 0.0 0.0 2.5969014 2.5969017 0.0 0.0 0.0 0.0 0.0 0.0 0.0 0.0 0.0 0.0 0.0 0.0 0.0 0.0 0.0 0.0 0.0 0.0 0.0 0.0 0.0 0.0 0.0 0.0 0.0 0.0 0.39252162 0.39252162 0.39252162 0.39252162 0.39252162 0.39252162 0.39252186 0.39252186 0.3925221 0.3925221 0.3925221 0.3925221 0.3925221 0.3925221 0.3925221 0.0 0.3925221 2.2842262 2.2842262 2.2842262 2.2842262 1.0777613 2.2842262 2.2842262 2.596904 2.2842262 0.39252257 0.3925228 0.3925228 0.3925228 0.3925228 0.3925228 0.3925228 0.0 0.3925228 0.39252305 0.0 0.0 0.0
0.99047947 0.99047947 0.99047947 0.99047947 0.99047947 1.1050444 1.1050444 1.1050444 1.1050453 0.0 0.0 0.0 3.4648497 3.4648497 0.0 0.0 0.0 0.0 0.0 0.0 0.0 0.0 0.0 0.0 0.0 1.1453669 1.1319265 0.0 0.0 0.0 0.0 0.0 0.0 0.0 0.0 0.0 0.0 0.0 0.39250183 0.39250207 0.3925023 0.3925023 0.3925023 0.3925023 0.3925023 0.3925023 0.3925023 0.0 0.3925023 0.3925023 0.3925023 0.3925023 0.3925023 0.3925023 0.39250278 0.39250278 0.39250278 2.2842102 1.1453688 2.2842104 2.2842107 2.2842107 2.2842107 2.2842107 2.2842107 2.2842107 2.5968897 0.39250326 0.39250326 0.39250326 0.0 0.39250326 0.39250326 0.39250326 0.3925035 0.39250374 0.0 0.0 0.0
0.99047565 0.99047565 0.99047565 0.99047565 0.99047565 1.1050291 1.1050291 1.1050291 2.4826906 0.0 0.0 0.0 3.4648356 3.4648356 0.0 0.0 0.0 0.0 0.0 0.0 0.0 0.0 0.0 0.0 0.0 1.1453495 1.1453495 1.1453495 2.2841945 0.39248204 0.0 0.0 0.0 0.39248228 0.39248228 0.0 0.0 0.39248252 0.39248252 2.2841952 2.2841952 2.2841952 2.596873 0.39248347 0.39248347 0.39248347 0.39248347 0.0 0.3924837 0.0 0.3924837 0.3924837 0.3924837 0.3924837 0.3924837 0.3924837 0.3924837 2.2841954 1.1453509 1.1453509 1.1453509 1.1453512 1.1453512 2.284196 2.284196 2.284196 2.284196 0.39248395 0.39248395 0.39248395 0.0 0.0 0.3924842 0.3924842 0.3924842 0.39248443 0.0 0.0 0.0
0.9904728 0.9904728 0.9904728 0.9904728 0.9904728 1.1050153 1.1050153 1.1050153 2.4826741 0.0 0.0 0.0 0.0 0.0 0.0 0.0 0.0 0.0 0.0 0.0 0.39292717 0.39246178 0.0 0.0 0.0 1.6341636 1.1453309 1.1453311 2.2841792 0.39246297 0.39246297 0.39246297 0.39246297 0.39246297 0.39246297 0.0 0.0 0.39246297 0.39246297 2.2841797 2.2841797 2.2841802 2.5968583 0.3924632 0.3924632 0.3924632 0.3924632 0.0 0.0 0.0 0.39246368 0.39246368 0.39246368 0.39246368 0.0 0.39246392 0.39246392 2.2841806 2.2841806 2.2841806 1.1453333 1.1453333 1.1453333 2.2841806 2.284181 1.145333 2.284181 2.2841816 2.2841816 2.2841816 0.3924651 0.3924651 0.3924651 0.3924651 0.3924651 0.3924651 0.0 0.0 0.0
0.990468 0.990468 0.990468 0.9904685 0.9904685 1.1049991 2.4826572 2.4826572 2.4826572 0.0 3.4648056 3.4648056 3.4648056 3.4648056 0.0 0.0 0.0 0.0 0.0 0.0 0.39244318 0.39244318 0.39244318 0.39244318 0.0 0.0 1.1453137 2.284164 0.3924439 0.3924439 0.3924439 0.3924439 0.39290953 0.3924439 0.3924439 0.0 0.0 0.3924439 0.3924439 0.3924439 0.39244413 0.39244413 0.39244413 0.39244437 0.3924446 0.39244485 0.39244485 0.0 0.0 0.0 0.3924451 0.3924451 0.3924451 0.3924451 0.39244556 0.39244556 0.39244556 2.2841654 0.3924458 0.3924458 2.2841654 1.1453154 1.1453154 1.1453154 1.1453154 1.1453154 1.1453154 2.2841663 2.2841663 2.2841663 2.2841663 0.39244604 0.39244604 1.0777019 0.39244604 0.0 0.39244628 0.39244628 0.0
0.99046516 0.99046516 0.99046516 0.99046516 0.99046516 2.4826415 2.4826415 2.4826415 2.4826415 0.0 3.4647913 3.4647913 3.4647915 3.4647915 0.0 0.0 0.0 0.0 0.0 0.0 0.39242387 0.39242387 0.3924241 0.3928895 0.39242435 0.0 0.0 0.39288974 0.39242435 0.39288974 0.39242435 0.39288974 0.39242458 0.39242458 0.39242458 0.0 0.39242482 0.39242506 0.39242506 0.39242506 0.39242506 0.3924253 0.3924253 0.3924253 0.3924253 0.3924253 0.3924253 0.0 0.0 0.0 0.0 0.39242554 0.39242554 2.2841506 2.2841506 0.39242554 0.39242554 0.39242554 0.0 0.39242554 2.2841506 2.2841506 1.145297 1.145297 1.145297 1.1452973 1.1452973 2.2841508 2.2841508 1.1452973 2.284151 2.284151 2.284151 1.0776874 0.39242673 0.39242697 0.39289284 0.39242697 0.39242697
0.9904609 0.9904609 0.9904609 0.9904609 2.1973782 2.4826255 2.4826255 2.4826255 2.4826255 0.0 0.0 0.0 3.4647777 0.0 0.0 0.0 0.0 0.0 0.0 0.0 0.5521765 2.5968113 2.5968113 0.3924048 0.3924048 0.3924048 0.3924048 0.0 0.39287066 0.39240527 0.3928709 0.39240527 0.39287114 0.39240575 0.0 0.39240575 2.5968127 0.392406 0.0 0.0 0.0 0.39240623 0.39240623 0.39240623 0.39240646 0.3924067 0.3924067 0.0 0.0 0.3924067 0.3924067 0.3924067 0.3924067 0.3924067 2.2841356 0.3924067 0.3924067 0.3924067 0.0 1.077671 2.2841358 1.1452794 1.1452794 1.1452794 1.1452794 1.1452799 1.1452799 2.2841358 2.2841358 1.1452801 1.1452801 1.1452801 1.1452801 2.2841358 2.2841358 0.3924079 0.3924079 0.3924079 0.39240813
0.99045706 0.99045706 0.99045706 0.99045706 2.197363 2.4826083 2.4826083 2.4826083 2.4826086 0.0 0.0 0.0 0.0 0.0 0.0 0.0 0.0 0.0 0.0 0.0 0.0 2.596797 2.596797 0.39238572 0.39238596 0.39238596 0.39238596 0.0 0.0 0.3923862 0.3923862 0.3923862 0.3923862 0.0 0.39238644 0.39238644 2.5971458 0.39238644 0.0 0.0 0.0 0.39238644 0.39238644 0.39238644 0.39238667 0.39238667 0.39238667 0.0 0.39238715 0.39238715 0.39238715 0.39238715 0.39285254 0.0 0.39238715 2.5967982 2.5967982 0.3923874 3.4647644 1.0776566 0.0 1.145262 1.1452622 1.1452622 1.1452622 1.1452625 1.1452625 2.2841208 2.2841208 0.0 0.0 1.1452627 1.1452627 1.145263 2.2841208 2.2841208 0.3928547 0.39238882 2.2841208
0.9904537 0.9904537 0.9904537 0.9904537 0.9904537 2.4825923 2.4825923 2.566983 2.4825923 0.0 0.0 0.0 0.0 0.0 0.0 0.0 0.0 0.0 0.0 0.39236593 0.39236593 0.0 2.5967813 0.3923664 0.39236665 0.39236665 0.39236665 0.0 2.2841034 2.2841036 2.2841036 0.39283252 0.0 0.0 0.3923669 0.39283252 0.39236712 0.0 0.0 0.0 0.0 0.39236736 0.39236736 0.39236736 0.39236736 0.39236736 0.39236736 0.0 0.39236736 0.39236736 2.2841046 0.39236736 0.39236736 0.0 0.0 1.0776411 0.0 1.1452432 3.4647508 1.0776416 0.0 1.1452436 1.1452439 1.1452439 1.1452439 1.1452439 1.1452439 1.1452439 1.1452439 0.0 1.1452444 1.1452444 2.2841055 1.1452444 2.2841055 2.2841055 0.3923695 0.3923695 2.2841055
0.9904499 0.9904499 0.9904499 0.9904499 0.9904504 1.1049261 1.1049261 2.4825766 2.4825768 0.0 0.0 0.0 0.0 0.0 0.0 0.0 0.0 0.0 0.0 0.39234734 0.39234734 0.39234734 2.2840881 2.2840886 0.39234805 0.39234805 0.39234805 0.0 0.3923483 2.2840896 2.2840896 0.3923483 0.0 0.0 0.3923483 0.3923483 0.0 0.0 0.0 0.0 0.0 0.0 0.0 0.3923483 0.3923483 0.3923483 0.39234853 0.39234853 0.39234853 0.39234853 2.28409 0.39234853 0.39234877 0.0 0.0 0.0 2.2840905 2.2840905 2.4825797 1.6945736 1.6945736 1.1452265 1.1452267 1.1452267 1.145227 1.145227 1.145227 1.145227 1.145227 2.284091 2.284091 2.284091 2.284091 2.2840912 2.2840915 0.39234924 0.39234924 0.39234924 2.2840915
0.9904461 0.9904461 0.9904461 0.99044657 0.99044657 1.1049118 1.1049118 1.1049118 1.1049128 0.0 1.350817 0.0 0.0 0.0 0.0 0.0 0.0 0.0 0.0 0.3923273 0.3923273 0.39232755 2.2840738 2.2840738 2.2840738 2.2840738 0.39232826 2.2840738 2.2840738 0.39232874 0.39232874 0.39232874 0.0 0.0 0.0 0.0 0.0 0.0 0.0 0.0 0.0 0.0 0.0 0.39232945 0.39232945 0.39232945 0.39232945 0.0 0.0 0.39232945 0.39232945 0.39232945 0.39232945 0.39232945 1.0776114 0.39232945 2.2840748 2.2840748 2.2840748 1.6945548 1.1452074 1.1452074 1.1452076 0.0 0.0 0.0 1.1452079 1.1452079 1.1452079 2.2840757 2.2840757 2.2840762 2.2840762 2.2840762 0.39233017 0.39233017 0.39233017 2.2840762 2.2840762
0.9904423 0.9904423 0.9904423 0.9904423 0.9904423 1.1048975 1.1048975 1.1048975 1.1048975 1.1048975 1.1048975 0.0 0.0 0.0 0.0 0.0 0.0 0.0 0.0 0.39230824 0.39230824 0.39230824 2.6020389 0.0 1.077595 2.2840586 0.3923087 2.2840586 2.2840586 0.3923092 0.3923092 0.3923092 0.3923092 0.0 0.0 0.0 0.0 0.0 0.0 0.0 0.0 0.0 0.0 0.3923099 0.3923099 0.3923099 0.3923099 0.3923099 0.3923099 0.3923099 0.39231038 0.39231038 0.39231038 0.39231062 0.39231062 0.39231086 2.2840602 2.2840602 2.2840602 1.145189 1.145189 0.0 0.0 0.0 0.0 0.0 0.0 0.0 0.0 0.0 1.077597 1.077597 3.009829 3.0098293 3.0098293 0.3923118 0.3923118 0.3923118 2.284061
0.99043894 0.99043894 0.99043894 0.99043894 0.99043894 1.1048832 1.1048841 1.1048841 1.1048841 1.1048841 1.1048841 0.0 0.0 0.0 0.0 0.0 0.0 0.0 0.0 0.3922894 0.39228964 0.0 1.0775801 1.0775801 0.0 2.2840433 2.2840433 0.0 0.39229012 0.39229012 0.39229012 0.39229012 0.39229012 0.0 0.0 0.0 0.0 0.0 0.0 0.0 0.0 0.0 0.0 0.39229035 0.39229035 0.3922906 0.39229083 0.39229083 0.39229083 0.39229107 0.39229107 0.39229107 2.5967228 2.5967228 2.5967228 2.5967228 2.2840452 2.2840452 2.2840452 2.2840452 0.0 0.0 0.0 0.0 0.0 0.0 0.0 0.0 0.0 0.0 0.0 2.5967236 2.5967236 3.009813 0.39229202 0.39229202 2.5967238 2.5967238 0.39229202
0.9904356 0.9904356 0.9904356 0.9904356 0.9904356 1.1048689 1.1048694 1.1048694 1.1048694 1.1048703 1.1048703 0.0 0.0 0.0 0.0 0.0 0.0 0.0 0.0 0.0 0.39226985 0.0 2.2840285 1.0775657 1.0775657 2.2840285 0.39227033 0.39227033 0.39227057 0.39227057 0.39227057 0.39227057 0.0 0.0 3.0097969 0.3922708 0.3922708 0.39227104 0.0 0.0 0.0 0.39227104 0.39227104 0.39227104 0.39227104 0.39227176 0.39273715 0.39227176 0.39227176 0.392272 0.39227223 0.39227223 2.5967078 2.5967078 1.6945016 2.5967078 2.2840304 2.2840304 2.2840304 2.2840304 0.0 0.0 0.0 0.0 0.0 0.0 0.0 0.0 0.0 0.0 0.0 1.6945024 2.596709 1.0775671 0.39227295 0.39227295 2.596709 2.5974061 0.39227295
0.9904318 0.9904318 0.9904318 0.9904318 0.9904318 1.1048536 1.1048536 1.1048536 1.1048536 1.1048536 1.1048536 2.4072785 0.0 0.0 0.0 0.0 0.0 0.0 0.0 0.0 0.39225006 0.0 1.1451344 2.2840135 2.2840135 2.2840135 0.3922503 0.3922503 3.0097818 3.0102177 3.0097818 1.07755 3.0097818 3.0097818 3.0097818 0.39225173 0.39225173 0.39225173 0.39225173 0.39225197 0.39225197 0.39225197 0.39225197 0.39318323 0.3922522 0.39225245 0.39225245 0.39225268 0.39225268 0.39225268 0.39225268 2.284015 2.2840152 3.4646633 3.4646635 2.2840152 2.2840152 1.1451366 1.1451366 1.1451366 0.0 0.0 0.0 0.0 0.0 0.0 0.0 0.0 0.0 0.0 0.0 1.694485 2.5966935 1.0775523 1.0775523 1.0775523 1.0775523 0.39225388 0.39225388
0.9904275 0.9904275 0.9904275 0.9904275 0.9904275 1.1048393 1.1048393 1.1048393 1.1048393 1.1048393 1.1048393 0.0 0.0 0.0 0.0 0.0 0.0 0.0 0.0 0.0 2.5966763 1.6944637 1.1451163 1.1451166 1.1451166 2.2839985 3.0097663 3.0097663 3.0097663 3.0097663 3.0097663 1.0775362 3.0097663 3.0097663 3.0097663 0.39223266 0.39223266 0.39223266 0.39223266 0.39223266 0.39223266 2.5966768 2.5970254 0.39223266 0.39223266 0.39223266 0.3922329 0.39223313 0.39223313 0.3931644 0.3922336 2.2839994 2.2839994 2.2839994 2.2839994 2.2839994 2.2839994 2.2839994 2.2839994 1.1451182 1.1451182 0.0 0.0 0.0 0.0 0.0 0.0 1.1451187 2.4824839 1.1451194 1.1451194 1.0775377 1.0775378 1.0775378 1.0775378 1.0775378 2.2840014 2.2840014 2.2842684
0.99042416 0.99042416 0.99042416 0.99042416 0.99042416 1.1048241 1.1048241 1.1048241 1.1048241 1.1048241 1.1048241 0.0 0.0 0.0 0.0 0.0 0.0 0.0 0.3922119 0.39221215 2.596661 1.1450984 1.1450984 1.1450987 1.1450987 2.2839832 3.0097516 2.1604967 3.009752 3.009752 3.009752 3.009752 3.009752 3.0097525 3.0097525 0.3922131 0.3922131 0.3922131 0.39221358 0.39221382 2.5966623 2.5966623 2.5966623 0.39221382 0.39221382 0.39221382 0.39221382 0.39221406 0.39221406 0.3922143 0.3922143 2.2839844 2.2839844 1.1450999 2.2839847 1.1450999 2.2839847 2.2839847 2.2839847 2.2839847 1.1451001 0.0 0.0 0.0 1.1451001 1.1451001 0.0 0.0 2.4824672 1.1451001 0.0 1.0775225 1.0775225 1.0775225 2.2839854 2.2839854 2.2839854 2.2839854 2.2839854
0.99041986 0.99041986 0.99041986 0.99041986 0.99042034 1.1048107 1.1048107 1.1048107 1.1048107 1.1048107 1.1048107 0.0 0.0 0.0 0.0 0.0 0.3921926 0.3921926 0.39219284 0.3921926 2.5966456 1.6944275 1.1450803 1.1450806 1.1450806 2.2839677 2.6634126 2.1604815 2.1604815 3.0097363 3.0097363 3.0097363 3.0097363 3.0097363 3.0097363 0.39219427 0.39219427 0.39219427 0.39219427 0.39219427 0.39219427 2.596646 0.39219427 0.3921945 0.39219522 2.2839694 0.39219522 0.39219522 0.39219522 0.39219522 0.39219522 2.2839699 2.2839699 1.1450827 1.1450827 2.2839699 2.2839699 2.2839699 2.2839699 2.28397 2.28397 1.145083 1.145083 1.145083 0.0 1.1450832 0.0 0.0 0.0 1.1450834 1.0775079 1.0775079 1.0775079 1.0775079 2.2839708 2.2839708 2.2839708 2.2839708 2.2839708
