Export/ASCII/RMeteo_SP_inch/speranza1/RMeteo_2016_SP2_inch.asc
ncols         660
nrows         338
xllcorner     1476100.0
yllcorner     5017100.0
cellsize      100
NODATA_value  -9.9e-20
[rows 162 to 188 of 338, columns 413 to 471 of 660]
0.37671995 0.37671995 0.37671995 0.37671995 0.37671995 0.37671995 0.37671995 0.37671995 0.37671995 0.37671995 0.7742808 1.1870437 1.1870437 0.7742802 0.37671995 0.37671995 0.7742802 1.2998525 1.2998525 1.7379053 1.7379053 1.7379048 1.0024365 1.7379043 1.2998525 1.2998525 1.0458899 1.0458899 1.2998525 1.0458899 1.0458899 1.0458899 1.0458899 1.0458896 1.0458894 1.0458894 1.0458894 1.7379038 1.7379038 1.2998525 1.2998525 1.0458894 1.2998525 1.2998525 0.8719783 0.8719783 0.8719783 0.76276636 0.76276636 0.76276636 0.76276636 0.0 0.0 1.0458889 1.0458889 1.0458889 1.0458889 1.7379038 1.7379038
0.37671828 0.37671828 0.37671828 0.37671828 0.37671828 0.37671828 0.37671828 0.37671828 0.37671828 0.37671828 0.37671828 0.7742779 1.1870412 0.37671828 0.37671828 0.37671828 0.7742779 1.2998499 1.2998499 1.2998499 1.0458827 0.7627599 0.85806084 0.7742778 0.7742778 0.7742778 0.7742778 0.7742778 1.2998499 1.0458822 1.0458822 1.0458822 1.0458822 1.0458822 1.0458822 1.0458822 1.0458822 1.1870407 1.7378967 0.7742778 0.7742778 1.2998497 1.2998497 0.87197495 0.87197495 0.87197495 1.2998497 1.2998497 1.0458815 1.0458815 1.0458815 0.0 0.0 1.0458815 1.0458815 1.0458815 1.0458813 1.7378957 1.7378957
0.3767166 0.3767166 0.3767166 0.3767166 0.3767166 0.3767166 0.3767166 0.3767166 0.3767166 0.3767166 0.3767166 0.3767166 0.70454335 0.3767166 0.3767166 0.3767166 0.77427554 1.2998476 1.2998476 1.2998476 1.0458746 0.7627523 0.70454335 0.77427554 0.3767166 0.3767166 0.3767166 0.77427554 1.0458739 1.0458739 1.0458739 1.2998474 1.2998474 1.0458739 1.0458739 1.0458739 1.1870384 1.1870384 1.9172366 0.77427554 0.77427554 1.2998474 0.8719723 0.8719723 0.8719723 0.8719723 1.2998471 1.2998471 1.0458734 1.0458734 1.0458734 0.0 1.0458734 1.0458734 1.0458734 1.0458734 1.7378874 1.7378874 1.7378874
0.37671518 0.37671518 0.37671518 0.37671518 0.37671518 0.37671518 0.37671518 0.37671518 0.37671518 0.37671518 0.37671518 0.7045419 0.7045419 0.7045419 0.7045419 0.7045419 1.187036 1.187036 1.187036 1.0458663 1.0458663 0.871969 0.7045419 0.871969 1.299845 1.299845 1.299845 1.299845 1.299845 1.299845 1.299845 1.299845 1.299845 1.299845 1.299845 1.299845 1.299845 1.299845 1.2998449 1.2998449 1.2998449 0.87196875 0.87196875 0.87196875 0.87196875 0.87196875 0.87196875 0.87196875 0.87196875 1.0458655 1.0458653 0.0 1.0458653 1.0458653 1.0458653 1.7378798 1.7378798 1.7378798 1.7378798
0.37671328 0.37671328 0.37671328 0.37671328 0.37671328 0.37671328 0.37671328 0.37671328 0.37671328 0.37671328 0.70454 0.70454 0.70454 0.70454 0.70454 0.70454 0.70454 0.70454 1.1870337 1.1870337 1.1870337 1.1870334 0.70454 1.0458584 1.0458584 1.2998425 1.2998425 1.2998425 1.2998422 1.2998421 1.2998421 1.2998421 1.2998421 0.8719659 0.8719659 0.8719659 0.8719659 0.8719659 0.8719659 0.8719659 0.8719659 0.8719659 0.8719659 0.8719659 0.8719659 0.8719659 0.8719659 0.8719659 0.8719659 1.0458572 1.0458572 0.0 1.0458572 1.0458572 1.0458572 1.7378719 1.7378719 1.7378719 1.7378719
0.37671208 0.37671208 0.37671208 0.37671208 0.37671208 0.4018197 0.37671208 0.37671208 0.37671208 0.37671208 0.7045388 0.7045388 0.7627311 0.7045388 0.7045388 0.7045388 0.7045388 0.7045388 0.7045388 0.7045388 0.7045388 0.7045388 0.7045388 1.0458512 1.0458512 1.2998401 1.2998401 1.2998401 1.2998401 1.2998401 1.2998401 1.2998401 0.871963 0.871963 0.871963 0.871963 0.8719628 0.8719628 0.8719628 0.8719628 0.8719628 0.8719628 0.8719628 0.8719628 0.8719628 0.8719628 0.8719628 0.8719628 1.2998399 1.2998399 0.0 0.0 1.0458498 1.0458498 1.0458496 1.7378635 1.7378635 1.7378635 1.7378635
0.37671018 0.37671018 0.37671018 0.37671018 0.37671018 0.37671018 0.37671018 0.37671018 0.37671018 0.37671018 0.37671018 0.37671018 0.37671018 0.37671018 0.7045367 0.7045367 0.7045367 0.7045367 0.7045367 0.7045367 0.7045367 0.7045367 0.7045367 1.0458429 1.0458429 1.0458429 1.2998376 1.2998376 1.2998376 1.2998376 1.2998376 0.87196016 0.87196016 0.87196016 0.87196016 0.87196016 0.87196016 0.87196016 0.87196016 0.87196016 0.87196016 0.87196016 0.87196016 0.87196016 0.87196016 0.87196016 0.87196016 0.8719599 0.8719599 1.2998374 0.7627225 0.0 1.0458419 1.0458419 1.0458419 1.7378561 1.7378561 1.7378561 1.7378561
0.37670875 0.37670875 0.37670875 0.37670875 0.37670875 0.37670875 0.37670875 0.37670875 0.37670875 0.37670875 0.37670875 0.37670875 0.37670875 0.37670875 0.3767085 0.7045355 0.7045355 0.7045355 0.7045355 0.7045355 0.7045355 0.7045355 0.7045355 1.1870261 1.1870261 1.1870261 1.0458353 1.2998351 1.2998351 1.2998351 1.2998351 0.8719573 0.8719573 0.8719573 0.8719573 0.8719573 0.8719573 0.8719573 0.8719573 0.8719573 0.8719573 0.87195706 0.87195706 0.87195706 0.87195706 0.87195706 0.87195706 0.87195706 0.87195706 1.299835 0.76271486 0.0 1.0458343 1.0458343 1.0458343 1.737848 1.737848 1.737848 1.737848
0.37670684 0.37670684 0.37670684 0.37670684 0.40181422 0.37670684 0.37670684 0.37670684 0.37670684 0.37670684 0.70453334 0.70453334 0.7627089 0.70453334 0.70453334 0.70453334 0.70453334 0.70453334 0.70453334 0.70453334 0.70453334 0.70453334 0.70453334 0.70453334 1.1870238 1.1870238 1.0458269 1.0458269 1.2998322 1.2998322 1.2998322 0.8719537 0.8719537 0.8719537 0.8719537 0.8719537 0.8719537 0.8719537 0.8719537 0.8719537 0.8719537 0.8719537 0.8719537 0.8719537 0.8719537 0.8719537 0.8719537 0.8719537 0.8719537 1.2998322 0.7627077 0.0 1.045826 1.045826 1.045826 1.7378395 1.7378395 1.7378395 1.7378395
0.3767054 0.3767054 0.3767054 0.3767054 0.3767054 0.3767054 0.3767054 0.3767054 0.3767054 0.3767054 0.3767054 0.7045319 0.7045319 0.7045319 0.7045319 0.7045319 0.7045319 0.7045319 0.7045319 0.7045319 0.7045319 0.7045319 0.37670517 0.7045319 1.1870211 1.1870211 1.0458195 1.29983 1.29983 1.29983 1.29983 0.87195086 0.87195086 0.87195086 0.87195086 0.87195086 0.87195086 0.87195086 0.8719506 0.8719506 0.8719506 0.8719506 0.87195086 0.87195086 0.87195086 0.87195086 0.87195086 0.8719506 0.8719506 1.29983 0.0 0.0 0.0 1.0458183 1.0458183 1.7378318 1.7378318 1.7378318 1.7378318
0.3767035 0.3767035 0.3767035 0.3767035 0.3767035 0.3767035 0.3767035 0.3767035 0.3767035 0.3767035 0.3767035 0.70453024 0.70453024 0.70453 0.70453 0.70453 0.70453 0.70453 0.70453 0.70453 0.70453 0.3767035 0.3767035 0.3767035 1.1870189 1.1870189 1.0458121 1.2998275 1.2998275 1.2998275 1.2998275 0.8719475 0.8719475 0.8719475 0.8719475 0.8719475 0.8719475 0.8719475 0.8719475 0.8719475 0.8719475 0.8719475 0.8719475 0.8719475 0.8719475 0.8719475 0.8719475 0.8719475 0.8719475 1.2998275 0.0 0.0 0.0 1.0458107 1.0458107 1.7378244 1.7378244 1.7378244 1.7378244
0.37670207 0.37670207 0.37670207 0.37670207 0.37670207 0.37670207 0.37670207 0.40180922 0.37670207 0.37670207 0.37670207 0.70452857 0.70452857 0.70452857 0.70452857 0.70452857 0.70452857 0.70452857 0.70452857 0.70452857 0.37670207 0.37670207 0.37670207 0.37670207 0.37670207 1.1870161 0.7742529 0.7742529 0.7742529 1.2998252 0.8719449 0.87194467 0.87194467 0.9642695 0.87194467 0.87194467 0.87194467 0.87194467 0.87194467 0.87194467 0.87194467 0.87194467 0.87194467 0.87194467 0.87194467 0.87194467 0.87194467 0.87194467 0.87194467 1.2998252 0.0 0.0 0.0 1.0458028 1.0458028 1.2998247 1.7378154 1.7378154 1.7378154
0.37670064 0.37670064 0.37670064 0.37670064 0.7626791 0.37670064 0.37670064 0.37670064 0.37670064 0.37670064 0.37670064 0.70452714 0.70452714 0.70452714 0.70452714 0.37670064 0.37670064 0.37670064 0.8719418 0.37670064 0.37670064 0.37670064 0.37670064 0.37670064 0.37670064 0.77425015 0.77425015 0.37670064 0.77425015 0.77425015 1.2998226 0.8719418 0.8719418 0.8719418 0.9089463 0.8719418 0.87194157 0.87194157 0.87194157 0.87194157 0.87194157 0.87194157 0.87194157 0.87194157 0.87194157 0.87194157 0.87194157 0.87194157 0.87194157 1.2998221 0.7626786 1.0255679 0.0 0.7626786 0.7626786 0.87194157 1.0024205 1.0024205 1.7378085
0.37669873 0.37669873 0.37669873 0.37669873 0.37669873 0.37669873 0.37669873 0.37669873 0.37669873 0.37669873 0.37669873 0.704525 0.704525 0.76267195 0.37669873 0.37669873 0.37669873 0.37669873 0.37669873 0.37669873 0.37669873 0.37669873 0.37669873 0.37669873 0.37669873 0.37669873 0.37669873 0.37669873 0.37669873 0.7742479 1.2998201 1.2998201 0.87193847 1.2998201 0.87193847 0.87193847 0.87193847 0.8719387 0.8719387 0.8719387 0.8719387 0.8719387 0.8719387 0.8719387 0.8719387 0.8719387 0.87193847 0.87193847 0.87193847 0.87193847 0.762671 0.81179 0.762671 0.762671 1.0024194 1.0024194 1.2112278 1.0024194 1.0024194
0.37669754 0.37669754 0.37669754 0.37669754 0.37669754 0.37669754 0.37669754 0.37669754 0.37669754 0.37669754 0.37669754 0.7045238 0.7045238 0.76266456 0.37669754 0.3766973 0.3766973 0.3766973 0.3766973 0.3766973 0.3766973 0.3766973 0.70452356 0.7045238 0.3766973 0.3766973 0.3766973 0.3766973 0.7742454 0.7742454 1.2998176 0.8719356 0.8719356 0.8719356 0.8719356 0.8719356 0.8719356 1.2998176 0.8719356 0.8719356 0.8719356 0.8719356 0.8719356 0.8719356 0.8719356 0.8719356 0.8719356 0.8719356 0.8719356 0.8719356 0.7626636 0.7626636 0.8719356 0.87193537 1.2112261 1.2112261 1.2112261 1.0024182 1.0024182
0.3766954 0.77424335 0.3766954 0.3766954 0.3766954 0.3766954 0.3766954 0.3766954 0.40180254 0.3766954 0.3766954 0.70452166 0.70452166 0.8719325 0.3766954 0.3766954 0.3766954 0.3766954 0.3766954 0.3766954 0.3766954 0.3766954 0.70452166 0.70452166 0.3766954 0.3766954 0.3766954 0.37669516 0.774243 0.774243 1.7377849 1.0024167 1.0024167 1.0024167 0.8719325 0.8719325 0.8719325 0.8719325 0.8719325 1.2998148 0.8719325 0.8719325 0.8719325 0.8719325 0.8719325 0.8719325 0.8719325 0.8719325 0.8719325 0.8719325 1.0024167 0.70452166 0.70452166 0.8719325 1.2112237 1.2112237 1.2112237 0.8719325 0.8719325
0.3766942 1.0457652 1.0457652 1.0457652 0.76265025 0.3766942 0.37669373 0.37669373 0.37669373 0.37669373 0.7045202 0.7045202 0.8719301 0.37669373 0.37669373 0.37669373 0.37669373 0.37669373 0.37669373 0.37669373 0.37669373 0.37669373 0.7045202 0.7045202 0.7045202 0.37669373 0.37669373 0.37669373 0.37669373 0.37669373 0.37669373 1.0024153 1.2112209 1.2112209 1.2112209 0.87192965 0.87192965 0.87192965 0.87192965 0.87192965 1.2998124 0.87192965 0.87192965 0.8719299 0.8719299 0.8719299 0.87192965 0.87192965 1.0024153 1.0024153 1.0024153 0.70452 0.70452 0.87192965 1.0024153 1.0024153 1.2112204 0.87192965 0.87192965
0.3766923 0.7742382 1.045757 1.045757 1.045757 0.3766923 0.3766923 0.3766923 0.37669206 0.37669206 0.7045183 0.70451856 0.7626424 0.37669206 0.37669206 0.37669206 0.37669206 0.37669206 0.37669206 0.37669206 0.37669206 0.37669206 0.37669206 0.70451856 0.70451856 0.70451856 0.37669206 0.37669206 0.37669206 0.8719263 0.8719263 1.0024139 1.0024139 1.2112185 1.2666454 1.0024139 0.8719263 0.8719263 0.8719263 0.37669206 0.774238 0.8719263 0.8719263 0.8719263 0.8719263 1.2998099 1.0024139 0.0 0.0 1.2112185 1.2112185 1.0024139 0.8719263 0.0 1.2112185 0.858022 0.858022 0.7045183 1.0024139
0.3766904 0.7742357 1.4436989 1.4436984 1.2998079 0.7742357 0.3766904 0.3766904 0.3766904 0.3766904 0.7045169 0.76263547 0.76263547 0.3766904 0.3766904 0.3766904 0.8719237 0.3766904 0.3766904 0.3766904 0.3766904 0.3766904 0.7045169 0.7045169 0.7045169 0.7045169 0.7045169 0.76263475 0.3766904 0.87192345 0.87192345 1.0024129 1.0024129 1.2112166 1.0024129 1.2803663 1.0024129 1.0024129 0.7045169 0.7045169 0.77423537 0.87192345 0.87192345 0.87192345 0.87192345 1.2998077 1.2112161 1.0024129 0.0 1.2112156 1.2112156 1.2112156 0.8719232 0.0 0.97143674 0.7045169 0.7045169 0.70451665 0.70451665
0.37668943 0.77423334 1.443696 1.443696 1.0457413 1.2998054 0.8719206 0.8719206 0.8719206 0.8719206 0.70451546 0.7626281 0.7626281 0.8719206 0.70451546 0.70451546 0.70451546 0.70451546 0.70451546 0.70451546 0.70451546 0.70451546 0.70451546 0.70451546 0.70451546 0.3766892 0.7626276 0.7626276 0.7626276 1.0024117 1.2112135 1.0024117 1.211214 1.0024117 1.211214 1.211214 0.7045152 0.8580172 0.85801697 0.704515 0.774233 0.87192035 0.87192035 0.87192035 0.87192035 1.2998049 1.2112135 1.0024117 0.0 0.0 0.47744656 0.8580167 0.8719201 0.704515 0.704515 0.704515 0.704515 0.704515 0.704515
0.3766873 0.70451355 0.70451355 1.1869937 0.70451355 0.70451355 0.3766873 0.87191725 0.87191725 0.87191725 0.3766873 0.7626207 0.87191725 0.87191725 0.70451355 0.70451355 0.70451355 0.70451355 0.70451355 0.70451355 0.70451355 0.70451355 0.7045133 0.7045133 0.7045133 0.7045133 0.9950843 0.76262045 0.76262045 1.0024103 1.2112101 1.2666428 1.0024103 1.211212 0.76262045 0.8580148 0.8580148 0.7045133 0.7045133 0.7045133 0.7045133 0.87191725 0.87191725 0.87191725 0.87191725 1.2998022 1.2112118 1.2112118 1.00241 1.00241 0.37668705 1.00241 1.00241 0.7045133 0.7045133 0.7045133 0.7045133 0.7045133 0.7045133
0.7045119 0.7045119 0.7045119 0.7045119 0.7045119 0.7045119 0.37668586 0.8719144 0.8719144 0.8719144 0.37668586 0.37668586 0.8719144 0.7045119 0.7045119 0.7045119 0.7045119 0.7045119 0.7045119 0.7045119 0.7045119 0.7045119 0.37668586 0.7045119 0.7045119 0.7045119 1.1461073 0.76261306 0.7626126 0.7626126 0.87191415 0.7626126 1.106982 0.97141314 0.7626126 0.7045119 0.7045119 0.7045119 0.7045119 0.7045119 0.7045119 0.8719139 0.8719139 0.8719139 0.8719139 1.2997999 1.2112087 1.2112087 1.2112087 1.0024089 0.37668586 1.0024089 1.2112087 0.7045119 0.7045119 0.7045119 0.7045119 0.7045119 0.7045119
0.3766842 0.3766842 0.37668395 0.37668395 0.37668395 0.70451 0.37668395 0.70451 0.8719113 0.37668395 0.37668395 0.70451 1.186989 1.186989 1.186989 0.70451 0.70451 0.70451 1.186989 1.186989 0.70451 0.70451 0.70451 0.7626054 0.70451 0.7626054 0.7626054 0.8372948 0.7626054 0.37668395 0.87191105 0.37668395 0.37668395 0.37668395 0.37668395 0.70451 0.70451 0.37668395 0.7626054 0.7626054 0.87191105 0.87191105 0.87191105 0.87191105 0.87191105 1.2997974 1.2112063 1.052465 1.2112063 0.4774406 0.37668395 0.4774406 1.2112063 0.70451 0.70451 0.70451 0.70451 0.70451 0.70451
0.37668252 0.37668252 0.37668252 0.37668252 0.37668252 0.76259875 0.37668252 0.37668252 0.37668252 0.70450854 0.37668252 0.70450854 1.1869866 1.1869866 1.1869866 1.1869866 0.70450854 0.70450854 1.0457096 1.1869866 1.1869866 1.1869866 1.1869866 1.0457096 0.7625983 0.7625983 0.7625983 0.7625983 0.7625983 0.37668252 0.37668252 0.37668252 0.37668252 0.37668252 0.37668252 0.7625978 0.37668252 0.37668252 0.7625978 0.7926297 1.002406 0.8719084 0.8719084 0.8719084 0.8719084 1.299795 1.0524611 0.8719082 1.0524611 0.70450854 0.70450854 0.37668252 0.6405747 0.6405747 0.70450854 0.70450854 0.70450854 0.70450854 0.70450854
0.37668085 0.37668085 0.37668085 0.37668085 0.37668085 0.76259136 0.76259136 0.37668085 0.37668085 0.70450664 0.37668085 0.37668085 1.186984 1.186984 1.2997926 1.186984 1.186984 1.186984 0.72971773 0.72971773 0.72971773 0.72971773 1.045702 1.045702 0.7625909 0.7625909 0.7625909 0.7625909 0.7625904 0.7045069 0.3766806 0.3766806 0.3766806 0.3766806 0.3766806 0.7625904 0.3766806 0.3766806 0.7625904 0.7625904 1.211202 0.87190485 0.87190485 0.87190485 0.87190485 1.2997926 0.87190485 1.0255479 0.70450664 0.70450664 0.70450664 0.37668037 0.0 0.0 0.7045064 0.7045064 0.7045064 0.3766806 0.3766806
0.37667918 0.37667918 0.37667918 0.37667918 0.37667918 0.37667918 0.762584 0.37667918 0.37667918 0.7045052 0.37667918 0.37667918 1.1869813 1.1869813 1.2997905 1.2997905 1.1869813 1.1869813 0.72971606 0.72971606 0.72971606 0.72971606 1.0456936 1.0456936 1.0456934 1.0456934 0.76258326 0.76258326 1.0024036 1.2111992 0.47743416 0.37667918 0.37667918 0.37667918 0.37667918 0.76258326 0.7045052 0.7045052 0.7045052 0.37667918 1.2111992 0.8719022 0.87190175 0.87190175 0.87190175 1.2997898 1.0255464 1.0024036 0.70450497 0.70450497 0.70450497 0.37667894 0.37667894 0.0 0.70450497 0.70450497 0.70450497 0.37667918 0.37667918
0.376678 0.376678 0.376678 0.376678 0.37667775 0.37667775 0.76257634 0.37667775 0.37667775 0.7045038 0.7045038 0.7045038 0.7045038 1.1869789 1.2997879 1.2997879 1.2997879 1.045686 0.7297144 0.7297144 0.7297144 0.7297144 1.045686 1.045686 1.045686 1.045686 0.7625756 1.0024022 1.2111963 1.2111963 0.47743225 0.37667775 0.37667775 0.37667775 0.37667775 1.0024022 0.70450354 0.70450354 0.70450354 1.0024022 1.2111977 0.8718989 0.8718989 0.8718989 0.8718989 1.2997873 1.7376964 1.0524495 0.7625756 0.7045033 0.7045033 0.37667704 0.37667704 1.0024022 0.7045033 0.7045033 0.7045033 0.37667704 0.37667704
