Export/ASCII/RMeteo_SP_inch/speranza1/RMeteo_2016_SP3_inch.asc
ncols         660
nrows         338
xllcorner     1476100.0
yllcorner     5017100.0
cellsize      100
NODATA_value  -9.9e-20
[rows 35 to 69 of 338, columns 240 to 319 of 660]
0.7158096 0.7158096 0.7158096 0.7158096 0.7158096 0.7158096 1.6306412 0.7158096 0.7158096 0.7158096 0.7158096 0.7158096 0.31092954 0.31092954 0.6 0.6 0.6 0.6 0.6 0.6 1.1594275 0.23254704 1.1594273 1.1594273 1.1594273 0.7158096 0.7158096 0.7158096 0.31092954 0.31092954 0.31092954 0.31092954 0.31092954 0.31092954 0.7158096 0.23254704 0.23254704 0.23254704 0.23254704 1.6306412 0.23254704 0.23254704 0.23254704 0.23254704 1.189976 0.23254704 1.013308 1.013308 1.013308 0.6 0.6 0.6 0.31092954 0.6 0.6 0.6 0.6 0.6 0.6 0.31092954 0.31092954 0.31092954 0.31092954 0.31092954 0.0 0.0 0.0 0.0 0.0 0.0 0.24 0.24 0.24 0.24 0.24 0.24 0.0 0.0 0.0 0.0
0.23254156 0.23254156 1.6306331 0.71580863 0.71580863 1.6306331 1.6306331 0.71580863 0.3109281 0.3109281 0.71580863 0.71580863 0.3109281 0.3109281 0.6 0.6 0.6 0.6 0.6 0.6 1.1594247 1.2811264 1.1594247 1.1594247 1.1594247 1.1594247 0.3109281 0.3109281 0.3109281 0.3109281 0.3109281 0.3109281 0.3109281 0.3109281 0.71580863 0.23254156 0.23254156 0.23254156 0.23254156 1.6306331 0.23254156 0.23254156 0.23254156 1.2811264 1.2811264 1.0133071 0.6 1.6306331 1.6306331 0.6 0.6 1.15515 0.3109281 0.6 0.6 0.6 0.6 0.6 0.6 0.3109281 0.3109281 0.3109281 0.3109281 0.7158084 0.0 0.0 0.0 0.0 0.24 0.24 0.29131484 0.24 0.29131484 0.24 0.24 0.24 0.0 0.0 0.0 0.0
0.23253798 0.71580696 0.71580696 0.71580696 0.71580696 1.630625 1.630625 1.630625 0.3109269 0.3109269 0.71580696 0.71580696 0.3109269 0.6 0.6 0.6 0.6 0.6 0.6 0.6 1.1594211 0.71580696 0.71580696 1.1594211 1.1594211 1.1594211 0.6 0.6 0.3109269 0.3109269 0.3109269 0.3109269 0.3109269 0.71580696 0.71580696 1.2811228 1.2811228 1.1594211 1.1594211 1.1594211 0.23253751 1.1594211 1.1594211 0.71580696 0.71580696 0.6 0.6 1.6306245 1.6306245 1.378224 0.66913426 1.2408737 0.6 0.6 0.6 0.6 0.6 0.6 0.6 0.3109269 0.3109269 0.3109269 0.3109269 0.3109269 0.24 0.24 0.0 0.24 0.60070586 0.0 0.0 0.0 0.0 0.0 0.0 0.0 0.3109269 0.0 0.0 0.0
0.71580505 0.71580505 0.71580505 0.71580505 0.71580505 0.71580505 1.6306169 0.71580505 0.31092548 0.31092548 0.31092548 0.31092548 0.31092548 0.6 0.6 0.6 0.6 0.6 0.6 0.6 0.6 0.71580505 0.31092548 0.31092548 1.1594175 1.1594175 1.1594175 1.1594175 0.31092548 0.31092548 0.31092548 0.31092548 0.31092548 0.71580505 0.23253298 1.281119 1.1594175 1.1594175 1.1594175 1.1594175 0.23253298 1.1594175 1.1594175 0.71580505 0.71580505 0.6 0.6 0.6 1.6306169 1.281119 1.37822 1.2408653 0.6 0.6 0.6 0.6 0.6 0.6 0.6 0.31092548 0.31092548 0.31092548 0.31092548 0.31092548 0.6 0.24 0.6 0.009272575 0.069942474 0.0 0.0 0.0 0.0 0.24 0.24 0.0 0.31092548 0.0 0.0 0.0
0.23252821 0.71580386 0.71580386 0.31092405 0.31092405 0.71580386 0.71580386 1.6306095 0.71580386 0.31092405 0.71580386 0.31092405 0.31092405 0.6 0.6 0.6 0.6 0.6 0.6 0.6 0.6 0.6 0.6 0.6 1.1594145 1.1594144 1.1594144 1.1594144 0.31092405 0.31092405 0.31092405 0.31092405 0.31092405 0.71580386 0.23252821 0.23252821 1.1594144 1.1594144 1.1594144 1.1594144 0.71580386 1.1594144 1.1594144 0.71580386 0.71580386 0.6 0.31092405 1.6306086 1.6306086 1.6306086 1.2811159 0.6 0.6 0.6 0.6 0.6 0.6 0.6 0.6 0.6 0.31092405 0.31092405 0.31092405 0.31092405 0.31092405 0.6 0.6 0.0 0.24 0.24 0.0 0.0 0.0 0.24 0.24 0.0 0.24 0.0 0.0 0.0
0.71580267 0.71580267 0.71580267 0.71580267 0.71580267 0.3109231 0.71580267 0.71580267 0.71580267 0.71580267 0.71580267 0.3109231 0.3109231 0.3109231 0.6 0.6 0.6 0.6 0.6 0.6 0.6 0.6 0.6 0.6 0.6 0.6 1.1594114 0.71580267 0.3109231 0.3109231 0.3109231 1.1594114 0.71580267 0.71580267 0.71580267 0.23252392 0.23252392 1.0133018 1.0133018 0.71580267 0.71580267 0.71580267 0.71580267 0.71580267 0.71580267 0.3109231 0.3109231 1.6306024 1.6306024 1.6306024 1.6306024 1.4043913 0.6 0.6 0.6 0.6 0.6 0.6 0.6 0.6 0.3109231 0.3109231 0.3109231 0.3109231 0.6 0.6 0.6 0.24 0.24 0.24 0.24 0.0 0.24 0.0 0.0 0.0 0.24 0.0 0.0 0.0
0.71580124 0.71580124 0.71580124 0.71580124 0.71580124 0.71580124 0.71580124 0.71580124 1.6305938 0.71580124 0.71580124 0.31092215 0.31092215 0.31092215 0.6 0.6 0.6 1.1594081 1.1594081 1.1730809 1.6693721 0.0 0.31092215 0.31092215 0.6 0.6 1.1594081 1.1594081 1.2811098 0.71580124 0.71580124 1.1594081 1.1594081 1.189961 0.23251963 0.23251963 0.23251963 0.71580124 0.23251963 0.71580124 0.71580124 0.71580124 0.71580124 1.6305938 0.6 0.31092215 0.31092215 1.6305938 1.6305938 1.6305938 1.6305938 1.1594081 1.1594081 1.1594081 0.6 0.6 0.6 0.6 0.6 0.6 0.31092167 0.31092167 0.31092167 0.6 0.6 0.6 0.6 0.24 0.24 0.24 0.24 0.0 0.24 0.0 0.0 0.0 0.6006906 0.0 0.0 0.0
0.31092048 0.05650854 0.23251438 0.71579957 0.71579957 0.71579957 0.71579957 0.71579957 0.71579957 0.71579957 0.71579957 0.31092048 0.31092048 0.6 0.6 0.6 1.1594048 1.6693637 1.6305864 0.71579957 0.71579957 0.31092048 0.31092048 0.31092048 0.31092048 0.6 0.6 1.1594048 1.1594048 1.1594048 1.2811065 1.2806375 1.1594048 1.2811065 1.2811065 1.0132995 1.0132995 0.71579957 0.71579957 0.23251438 0.23251438 0.71579957 0.71579957 0.6 0.6 0.6 0.6 1.1190747 1.6305864 1.6305864 1.6305864 1.4159458 1.1594048 1.1594048 1.1594048 1.1594048 0.6 0.6 0.6 0.6 0.6 0.6 0.6 0.6 0.6 0.6 0.6275121 0.6 0.24 0.24 0.24 0.0 0.24 0.24 0.0 0.24 0.39152217 0.0 0.0 0.0
0.31091905 0.056504965 0.056504965 0.31091905 0.31091905 0.31091905 0.31091905 0.31091905 0.31091905 0.31091905 0.71579814 1.1594017 0.6 0.6 0.6 0.6 1.1594012 0.71579814 0.71579814 0.71579814 0.31091905 0.31091905 0.566859 0.31091905 0.6 0.6 0.6 1.1594012 1.1594012 1.1594012 0.23250961 1.2811029 1.2811029 1.2811029 1.2811029 1.2811029 1.2811029 1.2811029 0.23250961 0.23250961 0.23250961 0.0 0.71579814 0.71579814 0.71579814 2.2011588 1.6305788 1.75506 1.6305783 1.6305783 1.6305783 0.6 0.6 1.1594012 1.1594012 1.1594012 0.6 0.6 0.6 0.6 0.6 0.6 0.6 0.6 0.6 0.6 0.6 0.6 0.6 0.24 0.24 0.24 0.24 0.24 0.24 0.34987712 0.3501928 0.0 0.0 0.0
0.6 0.05650115 0.6 0.6 0.05650115 0.3109181 0.3109181 0.3109181 0.3109181 0.3109181 0.3109181 0.6 0.6 0.6 0.6 0.6 1.1593983 0.7157967 0.3109181 0.3109181 0.3109181 0.3109181 0.3109181 0.3109181 0.6 0.6 0.6 0.6 0.6 1.1593983 0.23250604 1.2811 1.2811 1.2811 1.2811 1.2811 1.2811 1.2811 1.6305692 0.7157967 0.7157967 0.7157967 0.7157967 0.3109181 0.7157967 1.6305692 1.6305692 1.6305692 1.6305692 1.6305692 1.6305692 1.3781931 1.3781931 1.1593983 1.1593981 0.6 0.6 0.6 0.6 0.6 0.6 0.6 0.6 0.6 0.6 0.6 0.6735238 0.6 0.6 0.24 0.24 0.24 0.609427 0.6006806 0.24 0.609427 0.6006806 0.0 0.0 0.0
0.05649686 0.05649686 0.6691252 0.6 0.6 0.31091666 0.31091666 0.31091666 0.31091666 0.31091666 0.31091666 0.6 0.6 0.6 0.6 1.1730585 1.1593952 0.6 0.31091666 0.31091666 0.31091666 0.31091666 0.31091666 0.31091666 0.6 0.6 0.6 0.6 0.6 1.1593952 0.23250079 1.2810967 1.2810967 1.2810967 0.7157953 0.7157953 0.7157953 0.7157953 0.7157953 0.31091666 0.31091666 0.31091666 0.31091666 0.31091666 0.31091666 0.7157953 0.7157953 0.7157953 0.7157953 1.0132959 1.0132959 1.1593952 1.1593952 1.1593952 0.6 0.6 0.6 0.6 0.6 0.6 0.6 0.6 0.6 0.6 0.6 0.6 0.6 0.6 0.24 0.24 0.29697418 0.24 0.24 0.71999997 0.6006763 0.71999997 0.24 0.0 0.0 0.0
0.056493044 0.056493044 0.6 0.6 0.6 0.31091523 0.31091523 0.31091523 0.31091523 0.31091523 0.6 0.6 0.6 0.6 0.6 0.6 1.1593914 0.6 0.31091523 0.31091523 0.31091523 0.31091523 0.31091523 0.31091523 0.6 1.1593914 1.1593912 1.1593914 0.6 1.1593912 1.1593912 1.2810929 1.2810929 1.2810929 0.7157936 0.31091523 0.31091523 0.31091523 0.31091523 0.31091523 0.31091523 0.31091523 0.31091523 0.31091523 0.31091523 0.31091523 0.31091523 0.31091523 0.7157936 1.630554 1.0132949 1.1593912 1.1593912 1.1593914 0.6 0.6 0.31091523 0.6 0.6 0.6 0.6 0.6 0.6 0.6 0.6 0.31091523 0.7157936 1.5653045 1.1593912 0.24 0.6 0.29129982 0.24 0.71999997 0.24 0.6883993 0.24 0.0 0.0 0.0
0.6 0.6 0.6 0.6691228 0.6691228 0.31091404 0.31091404 0.31091404 0.31091404 0.31091404 0.6 0.6 0.31091404 0.31091404 0.056488037 0.056488037 1.1593889 0.6 0.31091404 0.31091404 0.31091404 0.6 0.6 0.6 0.6 1.1593889 1.2806216 1.1593889 0.6 1.1593889 1.1593889 1.2810904 1.2810904 1.2041738 0.7157924 0.31091404 0.31091404 0.31091404 0.31091404 0.31091404 0.31091404 0.31091404 0.31091404 0.31091404 0.31091404 0.31091404 0.31091404 0.56685424 0.7157924 1.630547 1.013294 1.1593888 1.1593888 1.1593888 0.6 0.31091404 0.31091404 0.31091404 0.6 0.6 0.6 0.6 0.6 0.6 0.6 1.1593885 0.7157924 1.6305468 1.6305468 0.24 0.38341784 0.0 0.32427764 0.24 0.60066867 0.24 0.24 0.0 0.0 0.0
0.6 0.6 0.6 0.6 0.3109126 0.3109126 0.3109126 0.3109126 0.3109126 0.3109126 0.3109126 0.3109126 0.3109126 0.3109126 0.056485176 1.119059 0.6 0.6 0.6 0.6 0.6 0.6 0.6 0.6 0.6 1.1593856 1.1593856 1.1593856 0.6 1.1593856 1.2810873 1.2810873 1.2810873 1.2810873 0.71579075 0.3109126 0.3109126 0.3109126 0.3109126 0.3109126 0.3109126 0.3109126 0.3109126 0.3109126 0.3109126 0.3109126 0.3109126 0.3109126 0.71579075 0.71579075 0.71579075 1.1593856 0.6 0.6 0.6 0.3109126 0.3109126 0.3109126 0.6 0.6 0.6 0.6 0.6 0.6 0.6 1.1593856 1.6305385 0.23248744 1.0132923 0.24 0.609427 0.24 0.24 0.24 0.3444829 0.60066485 0.24 0.0 0.0 0.0
0.6 1.1860541 0.6 0.6 0.6 0.6 0.31091166 0.31091166 0.31091166 0.31091166 0.31091166 0.31091166 0.31091166 0.056480885 0.056480885 0.6 0.6 0.6 0.6 0.6 0.6 0.6 0.31091142 0.6 0.6 1.1593822 1.1593822 1.1593822 1.1593822 1.1593822 1.281084 1.281084 1.281084 1.281084 0.71578956 0.71578956 0.31091142 0.31091142 0.31091142 0.31091142 0.31091142 0.31091142 0.31091142 0.31091142 0.31091142 0.31091142 0.31091142 0.31091142 0.47237706 0.71578956 0.71578956 1.1593822 1.1593822 0.6 0.6 0.31091142 0.31091142 0.31091142 0.31091142 0.6 0.6 0.6 0.7638258 0.7638258 1.1593822 1.159382 1.6305299 1.6305299 1.0132909 1.2872975 0.24 0.71999997 0.60066104 0.24 0.24 0.34836125 0.60066056 0.0 0.0 0.0
0.88687766 0.88687766 0.88687766 0.6 0.9590305 0.6691197 0.31091046 0.31091046 0.31091046 0.056476355 0.056476355 0.056476355 0.056476355 0.056476355 0.056476355 0.6 0.6 0.6 0.6 0.6 0.6 0.31091046 0.71578836 1.5142438 1.1941788 1.1941788 1.2810808 1.2810808 1.2810808 1.2810808 0.23247838 0.23247838 1.2810804 1.2810804 0.71578836 0.71578836 0.31091046 0.31091046 0.31091046 0.31091046 0.31091046 0.31091046 0.31091046 0.31091046 0.31091046 0.31091046 0.31091046 0.31091046 0.31091046 0.71578836 1.0132904 1.1593786 1.1593786 1.1593789 0.6 0.31091046 0.31091046 0.31091046 0.6 0.6 0.6 1.1593789 1.1593786 1.655831 1.1593786 0.23247838 1.6305234 1.6305234 1.0132904 1.0132904 0.24 0.71999997 0.24 0.0 0.0 0.24 0.06433916 0.0 0.0 0.0
0.8868767 0.6 0.8868767 0.6691183 0.6691183 0.6 0.6691183 0.0 0.056473017 0.056473017 0.056473017 0.6 0.6 0.056473017 0.6 0.6 0.6 0.6 0.6 0.6 0.6 0.7157867 0.7157867 1.2810773 1.2810773 1.2810773 1.2810773 1.2810773 1.2810773 1.2810773 1.2810773 0.23247337 0.23247337 1.2810773 0.7157867 0.7157867 0.31090903 0.31090903 0.31090903 0.31090903 0.31090903 0.31090903 0.31090903 0.31090903 0.31090903 0.31090903 0.31090903 0.31090903 0.31090903 0.71578646 1.0132885 1.1593755 1.1593755 1.1593755 0.6 0.6 0.31090903 0.6 0.6 0.6 0.6 1.1593755 1.1593755 1.1593755 1.1593755 1.1593755 1.6305146 1.6305146 1.6305146 1.6305146 0.34986806 0.6883755 0.0 0.0 0.0 0.24 0.24 0.0 0.0 0.0
0.8868762 0.8868762 0.8868762 1.1190478 1.4663433 0.66911733 0.66911733 0.056468725 0.3109076 0.3109076 0.3109076 0.6 0.82043016 0.6 0.056468725 0.6 0.6 0.6 0.6 0.6 0.3109076 0.71578526 0.71578526 0.71578526 1.2810737 1.2810737 1.1593722 1.1593722 1.2810737 1.2810737 1.2810737 1.2810737 1.2810737 1.2810737 0.71578526 0.71578526 0.3109076 0.3109076 0.3109076 0.3109076 0.3109076 0.3109076 0.3109076 0.3109076 0.3109076 0.3109076 0.3109076 0.3109076 0.3109076 0.71578526 1.0132873 1.6305068 1.1593722 1.1593722 0.6 0.6 0.6 0.6 0.6 0.6 0.6 0.6 0.3109076 0.71578526 1.2810737 1.2810737 1.2810737 1.6305068 1.6305068 1.6305068 2.1344323 0.24 0.0 0.0 0.0 0.24 0.24 0.0 0.0 0.0
0.6 0.6 0.056464434 0.056464434 0.056464434 0.056464434 0.056464434 0.056464434 0.31090665 0.31090665 0.31090665 0.31090665 0.6 0.6 0.056464434 0.6 0.6 0.6 0.6 0.6 0.31090665 0.31090665 0.71578383 0.71578383 1.6304991 0.23246431 0.23246431 1.1593692 0.23246431 1.281071 1.281071 1.2993355 1.281071 1.281071 0.71578383 0.71578383 0.31090665 0.31090665 0.31090665 0.31090665 0.31090665 0.31090665 0.31090665 0.31090665 0.71578383 0.71578383 0.71578383 0.71578383 0.71578383 1.2810708 1.2810708 0.71578383 1.1593691 1.1593691 1.1593693 1.1593693 1.1593691 1.1593693 0.6 0.6 0.6 0.31090665 0.31090665 0.31090665 0.6 0.6 1.2810708 1.6304991 1.6304991 1.6304991 1.6304991 0.6006458 0.0 0.0 0.0 0.24 0.24 0.0 0.0 0.0
0.6 0.30488443 0.056460857 0.056460857 0.056460857 0.056460857 0.056460857 0.056460857 0.056460857 0.056460857 0.056460857 0.056460857 0.098670006 0.056460857 0.056460857 0.056460857 0.31090522 0.6 0.6 0.31090522 0.31090522 0.31090522 0.7157824 0.7157824 0.7157824 0.7157824 0.7157824 0.23246002 0.3133037 1.2810678 1.1593661 0.23246002 0.23246002 0.23246002 0.0 0.7157824 0.31090522 0.31090522 0.31090522 0.7157824 0.7157824 0.7157824 0.7157824 0.7157824 0.7157824 0.23246002 0.23246002 0.23246002 0.23246002 0.23246002 0.23246002 0.23246002 0.23246002 0.23246002 0.23246002 0.23246002 1.1593661 1.1593661 1.1593661 1.1593661 0.7157824 0.7157824 0.7157824 0.7157824 0.7157824 0.7157824 0.7157824 1.6304917 1.6304917 1.6304917 1.6304917 0.39148068 0.24 0.0 0.0 0.6006434 0.6006434 0.0 0.0 0.0
0.056456566 0.056456566 0.056456566 0.056456566 0.056456566 0.056456566 0.6 0.6 0.6 0.056456566 0.056456566 0.056456566 0.056456566 0.056456566 0.056456566 0.056456566 0.056456566 0.6 0.6 0.6 0.056456566 0.31090355 0.71578074 0.71578074 0.71578074 0.71578074 0.71578074 0.71578074 0.23245454 0.23245454 1.1593621 0.23245454 0.23245454 0.23245454 0.71578074 0.71578074 0.71578074 0.31090355 0.31090355 0.71578074 1.6304839 0.23245454 0.23245454 0.23245454 0.23245454 1.1593621 1.1593621 0.23245454 0.23245454 1.1941764 1.1941764 0.23245454 0.23245454 1.6304839 0.23245454 0.23245454 1.1593621 1.1593621 0.23245454 0.23245454 0.23245454 0.23245454 0.23245454 0.71578074 1.6304839 1.6304839 1.6304839 1.6304839 1.6304839 1.6304839 1.6304839 1.013284 0.38898373 0.24 0.24 0.24 0.6094265 0.0 0.0 0.0
0.056453228 0.056453228 0.056453228 0.056453228 0.056453228 0.056453228 0.6 0.6 0.6 0.6 0.056453228 0.056453228 0.6 0.6 0.6 0.6 0.6 0.6 0.6 0.6 0.056453228 0.6 1.1593592 0.71577954 0.71577954 0.71577954 0.71577954 0.71577954 0.71577954 0.0 1.1593592 1.1593592 0.23245072 0.23245072 0.71577954 0.71577954 0.3109026 0.3109026 0.3109026 0.71577954 1.6304755 1.6304755 0.23245072 0.23245072 0.23245072 1.1593592 1.1593592 1.1593592 0.23245072 1.1941764 1.1941764 0.23245072 0.23245072 1.1593592 1.1593592 1.1593592 1.1593592 1.1593592 1.1593592 1.1593592 1.1593592 1.1593592 0.23245072 0.23245072 1.6304755 1.6304755 1.6304755 1.6304755 1.6304755 1.6304755 1.6304755 1.6304755 0.29128408 0.24 0.60063434 0.60063434 0.24 0.0 0.0 0.0
0.6 0.056449175 0.056449175 0.056449175 0.056449175 0.056449175 0.6 0.6 0.6 0.6 0.6 0.6 0.6 0.6 0.6 0.6 0.6 0.6 0.6 0.6 0.6 1.1593556 1.1593556 1.1593556 0.7157779 0.7157779 0.7157779 0.7157779 0.7157779 1.1593556 1.1593556 1.1593556 1.6304677 1.6304677 0.7157779 0.31090117 0.31090117 0.31090117 0.31090117 0.7157779 1.6304677 1.6304677 0.23244572 1.6304677 1.1593556 1.1593556 1.1593556 1.1593556 0.23244572 1.194176 1.1593556 1.1593556 1.1593556 1.1593556 1.1593556 0.6 0.6 1.1593556 1.1593556 0.6 0.6 1.1593556 1.1593556 1.1593556 1.2810574 1.6304677 1.6304677 1.6304677 1.6304677 1.6304677 1.6304677 1.6304677 1.8288593 0.32683206 0.24 0.6094265 0.600631 0.0 0.0 0.0
0.6 0.056444407 0.056444407 0.056444407 0.056444407 0.056444407 1.119032 0.6 0.6 0.6 0.6 0.6 0.6 0.6 0.6 0.6 0.6 0.6 0.6 0.6 0.6 0.6 1.159353 1.159353 0.6 0.7157769 0.7157769 0.7157769 0.23244071 1.2810545 1.2810545 1.2810545 1.63046 1.63046 0.7157769 0.31089997 0.31089997 0.31089997 0.31089997 0.7157769 0.23244071 0.23244071 0.23244071 1.63046 1.159353 0.6 1.159353 1.159353 0.23244071 1.159353 0.6 1.159353 1.159353 1.159353 1.159353 1.159353 0.6 0.6 0.6 1.159353 1.159353 1.159353 1.159353 1.159353 1.2810545 1.2810545 1.2810545 1.6304595 1.6304595 1.6304593 1.6304593 1.6304593 1.6304593 1.159353 0.24 0.24 0.71999997 0.0 0.0 0.0
0.6 0.05644059 0.05644059 0.05644059 0.05644059 0.05644059 0.056936264 0.6 0.6 0.6 0.6 0.6 0.6 0.6 0.6 0.6 0.6 1.1593499 0.6 0.6 0.6 0.6 0.6 1.1593499 1.1593499 0.7157755 0.7157755 0.7157755 0.23243618 1.2810514 1.2810514 1.2810514 1.2810514 1.6304522 0.7157755 0.7157755 0.7157755 0.7157755 0.7157755 0.7157755 0.23243618 0.23243618 0.23243618 1.6304522 1.1190294 1.1550602 1.6304522 1.6304522 0.23243618 1.1593499 1.1593497 0.6 1.1593499 1.1593499 1.1593499 1.1593499 0.6 0.6 0.6 1.1593499 1.1593499 1.1593499 1.1593499 1.1593499 1.2810514 1.2810514 1.2810514 1.6304522 1.6304522 1.6304522 1.6304522 1.6304522 1.6304522 1.1593499 0.24 0.24 0.71999997 0.0 0.0 0.0
0.6 0.056437254 0.056437254 0.056437254 0.056437254 0.056437254 0.3108971 0.3108971 0.6 0.6 0.6 0.6 0.6 0.6 0.6 0.6 0.6 0.6 0.6 0.6 0.6 0.6 0.6 1.1593461 1.1593461 0.7157736 0.7157736 0.7157736 0.2324326 0.2324326 0.2324326 0.2324326 1.2810478 0.2324326 0.7157736 0.7157736 0.7157736 0.7157736 0.7157736 0.3108971 0.7157736 0.2324326 0.2324326 1.6304443 1.7548401 1.7548401 1.6304443 1.6304443 1.6304443 1.6304443 1.1593461 1.1593463 1.1593461 1.1593461 1.1593461 1.1593461 0.6 0.3108971 0.3108971 0.7157736 1.1593461 0.6 1.2810478 1.2810478 1.2810478 1.6304443 1.1593461 1.6304443 1.6304443 1.6304443 1.6304443 1.6304443 1.6304443 1.1593461 0.24 0.24 0.24 0.0 0.0 0.0
0.056432724 0.056432724 0.056432724 0.056432724 0.056432724 0.056432724 0.31089616 0.31089616 0.31089616 0.6 0.6 0.6 0.6 0.6 0.6 0.6 0.6 0.6 0.6 0.6 1.1593434 1.1593434 1.1593434 1.1593434 0.7157724 0.7157724 0.7157724 0.7157724 0.23242784 0.23242784 0.23242784 0.23242784 0.23242784 0.23242784 0.23242784 0.7157724 0.7157724 0.7157724 0.7157724 0.31089616 0.7157724 0.23242784 0.23242784 0.23242784 1.6304364 1.6304364 0.23242784 1.1593434 0.6 1.1593434 1.1593434 1.1593434 0.6 0.6 1.1593434 1.1593434 0.6 0.6 0.6 0.6 0.6 0.6274928 1.6304364 1.1593432 1.1593432 1.1593432 1.1593432 1.1593432 1.6304364 1.6304364 1.6304364 1.6304364 1.6304364 1.1593432 0.24 0.24 0.0 0.0 0.0 0.0
0.6 0.6 0.05642891 0.05642891 0.05642891 0.05642891 0.31089497 0.31089497 0.31089497 0.6 0.6 0.6 0.6 0.6 0.6 0.6 0.6 0.6 0.6 0.6 1.15934 1.15934 1.281042 1.281042 1.281042 0.2324233 0.2324233 0.2324233 0.2324233 0.2324233 0.2324233 0.2324233 0.2324233 0.2324233 0.2324233 0.2324233 0.71577096 0.71577096 0.31089497 0.31089497 1.15934 1.15934 1.1593398 1.1593398 1.1593398 1.1593398 1.1593398 1.1593398 0.6 1.15934 1.1593398 0.6 0.6 0.6 1.1593398 1.1593398 0.6 0.6 0.6 0.6 0.6 0.6 1.15934 1.1593398 1.1593398 0.6 1.1593398 1.1593398 0.23242283 0.23242283 0.23242283 0.23242283 1.6304295 1.6304295 1.6304295 0.609426 0.0 0.0 0.0 0.0
1.1593367 0.056424618 0.056424618 0.6 0.6 0.6 0.6 0.31089354 0.31089354 0.6 0.6 0.6 1.1593367 1.1593367 1.1593367 1.1593367 1.1593367 0.6 1.1593367 1.1593367 1.1593367 1.1593367 1.2810382 1.2810382 1.2810382 1.2810382 0.23241925 0.23241925 0.23241925 0.23241925 0.23241925 0.23241925 0.23241925 0.23241925 0.23241925 0.23241925 0.23241925 1.6304202 0.7157695 0.7157695 1.1593367 1.1593367 1.1593367 1.1593367 1.1593367 1.1593367 1.1593367 1.1593367 1.1593367 0.6 0.6 0.6 0.6 0.6 0.6 0.6 0.6 0.6 0.6 0.6 0.6 0.6 0.6 0.6 0.6 0.6 0.6 1.1593367 1.1593367 0.23241925 0.23241925 0.23241925 0.23241925 1.6304202 1.6304202 0.24 0.0 0.0 0.0 0.0
0.23241377 0.23241377 0.056420565 0.8868674 0.6 0.6 0.6 0.31089258 0.31089258 0.6 0.6 0.6 1.1593336 1.1593336 0.23241377 1.1593336 1.1593336 1.1593336 1.1593336 1.1593336 0.71576786 0.71576786 0.31089258 0.23241377 1.2810353 1.2810353 0.23241377 1.2810353 0.23241377 0.23241377 0.23241377 0.23241377 0.23241377 1.1593336 1.1593336 1.1593336 1.630414 0.23241377 0.23241377 0.71576786 0.23241377 0.23241377 0.23241377 1.1593336 1.1593336 1.1593336 1.1593336 1.1593336 1.1593336 0.6 0.6 0.6 0.6 0.6 0.6 0.6 0.6 0.6 0.6 0.6 0.6 0.6 0.6 0.6 0.6 0.6 0.6 0.6 1.1593336 1.1593336 0.23241329 0.23241329 0.23241329 0.23241329 0.0 0.0 0.0 0.0 0.0 0.0
0.23240876 0.23240876 1.1941726 0.8868674 0.8868674 0.6 0.056417227 0.056417227 0.056417227 0.6 1.1593302 0.6 1.1593302 1.1593302 1.1593302 1.1593302 1.1593302 1.1593302 1.1593302 1.1593302 0.71576643 0.71576643 0.71576643 1.2810317 1.2810317 0.23240876 1.2810317 1.2810317 0.23240876 0.23240876 0.23240876 1.15933 1.15933 1.15933 1.15933 1.15933 1.15933 1.15933 0.23240876 1.1941726 1.2810317 0.23240876 0.23240876 1.15933 1.15933 0.6 1.15933 1.6304042 1.15933 0.6 0.6 0.6 0.6 0.6 0.6 0.6 0.6 0.6 0.6 0.31089115 0.31089115 0.31089115 0.6 0.6 0.6 0.6 0.6 0.6 1.15933 1.15933 0.23240876 0.23240876 0.23240876 0.23240876 0.0 0.0 0.24 0.0 0.0 0.0
0.23240495 0.23240495 0.715765 0.31088972 0.30482674 0.05641246 0.05641246 0.6 0.6 0.6 0.6 0.6 1.1593273 1.6303968 1.1593273 1.1593273 1.1593273 1.1593273 1.1593273 1.1593273 0.715765 0.23240495 0.23240495 1.281029 1.281029 0.05641246 0.23240495 0.23240495 0.23240495 0.23240495 0.715765 1.1593273 1.1593273 0.6 0.6 0.6 0.6 1.1593271 0.23240495 0.715765 1.2810289 0.715765 0.715765 0.23240495 1.1593271 0.6 1.1593271 1.6303968 1.1593271 0.6 1.1593274 1.1593274 0.6 0.6 0.6 0.6 0.6 0.6 0.6 0.31088972 0.31088972 0.31088972 0.31088972 0.31088972 0.6 0.6 0.6 0.6 0.6 1.1593271 0.715765 0.23240447 0.23240447 0.23240447 0.24 0.24 0.24 0.0 0.0 0.0
0.7157638 0.7157638 0.7157638 0.7157638 0.31088877 0.31088877 0.6 0.6 0.7638167 1.1593242 0.6 0.6 1.1593242 1.630389 1.1593242 1.1593242 1.1593242 1.1593242 0.23240042 0.23240042 0.7157638 0.23240042 1.1593242 1.1593242 0.23240042 0.6 0.056408882 0.23240042 0.23240042 0.7157638 1.1593242 1.1593242 0.6 0.6 0.31088877 0.31088877 0.31088877 1.1593242 1.2810259 0.7157638 0.7157638 0.7157638 0.7157638 0.7157638 1.1593242 1.1593242 1.1593242 1.630389 1.1593242 1.1593242 1.1593242 1.1593242 0.6 0.6 0.6 0.6 0.6 0.6 0.6 0.31088877 0.31088877 0.31088877 0.31088877 0.31088877 0.6 0.6 0.6 0.6 0.6 1.159324 0.2323997 0.2323997 0.2323997 0.2323997 0.24 0.0 0.0 0.0 0.0 0.0
0.71576214 0.71576214 1.1593208 0.6 0.71576214 0.71576214 1.1593208 0.763816 1.1593208 1.1593208 0.6 0.6 1.1593208 0.71576214 0.71576214 0.71576214 1.6303816 0.23239589 0.23239589 0.23239589 0.23239589 1.1593208 1.1593208 1.1593208 1.1593208 1.2810225 0.6 0.056405067 0.71576214 0.71576214 1.1593208 1.1593208 0.6 0.6 0.31088734 0.31088734 0.31088734 0.71576214 1.1593208 0.71576214 0.71576214 0.71576214 0.71576214 0.71576214 0.71576214 0.23239589 0.23239589 0.31323957 0.23239589 0.23239589 0.23239589 1.1593208 0.67349017 0.6 0.6 0.6 0.6 0.31088734 0.31088734 0.31088734 0.31088734 0.31088734 0.71576214 0.71576214 1.1593208 0.6 0.6 0.6 0.6 1.1593208 0.23239589 0.23239589 0.23239589 0.23239589 0.24 0.0 0.0 0.0 0.0 0.0
0.2323916 1.1593175 1.1593175 0.6 0.71576095 1.1593175 1.1593175 0.6 1.1593177 0.6 0.6 0.6 1.1593175 0.71576095 0.3108859 1.1593175 1.6303732 1.6303732 1.2810194 0.2323916 0.2323916 1.1593175 1.1593175 1.1593175 1.1593175 0.6 0.6690978 0.3108859 0.6 1.1593175 1.1593175 1.1593175 0.6 0.67348874 0.3108859 0.71576095 0.71576095 0.71576095 1.1593175 1.2810194 0.71576095 0.71576095 0.71576095 0.71576095 0.71576095 0.71576095 0.6 0.2323916 0.2323916 0.2323916 0.2323916 1.1593175 1.1593177 0.6 0.6 0.6 0.6 0.3108859 0.3108859 0.3108859 0.3108859 0.3108859 1.1593175 1.1593175 1.1593175 0.6 0.6 0.6 0.6 1.1593175 1.1593175 0.2323916 0.2323916 1.6303728 0.24 0.0 0.24 0.0 0.0 0.0
