Export/ASCII/RMeteo_SP_inch/RMeteo_2018_SP2_inch.asc
ncols         660
nrows         338
xllcorner     1476150
yllcorner     5017150
cellsize      100
NODATA_value  -9.9e-20
[rows 224 to 251 of 338, columns 441 to 503 of 660]
6.0663247 6.0663247 6.2765346 6.2064943 8.93199 8.618395 8.068397 8.068397 8.068397 8.618395 8.618395 8.618395 8.618395 8.618395 8.618395 8.93199 8.461665 9.03937 9.03937 9.03937 9.03937 9.03937 9.03937 9.03937 9.03937 9.03937 9.03937 9.03937 9.03937 9.03937 9.03937 8.758402 8.758402 6.2765346 6.2885036 6.2885036 6.2885036 5.5925984 0.0 0.0 6.2885036 6.2885036 6.2885036 6.2885036 6.2885036 8.73772 8.73772 8.711797 8.711797 8.73772 8.73772 8.73772 8.73772 8.73772 8.73772 8.73772 9.07874 9.07874 9.07874 9.07874 9.07874 9.07874 9.07874
6.0663247 8.068397 6.0663247 6.0663247 8.618395 8.618395 8.068397 8.068397 8.068397 8.068397 8.618395 8.618395 8.618395 8.618395 8.618395 8.758402 9.03937 9.03937 9.03937 9.03937 9.03937 9.03937 9.03937 9.03937 9.03937 9.03937 9.03937 9.03937 9.03937 9.03937 9.03937 9.03937 9.03937 8.758402 6.2885036 6.2885036 6.2885036 6.2885036 6.2885036 6.2885036 6.2885036 6.2885036 6.2885036 6.2885036 6.2885036 6.2885036 8.737721 8.711797 8.711797 8.73772 8.73772 8.73772 8.73772 8.73772 8.73772 8.73772 8.73772 9.07874 9.07874 9.07874 9.07874 9.07874 9.07874
6.0663247 8.068397 6.0663247 8.068397 8.618395 8.618395 8.618395 8.068397 8.068397 8.068397 8.068397 8.068397 8.758404 8.758404 8.758404 8.758404 0.0 8.758402 9.03937 8.93199 8.758404 9.03937 9.03937 9.03937 9.03937 9.03937 9.03937 9.03937 9.03937 9.03937 9.03937 9.03937 9.03937 8.758402 6.2885036 6.2885036 6.2885036 6.2885036 6.2885036 6.2885036 6.2885036 6.2885036 6.2885036 6.2885036 6.2885036 6.2885036 8.73772 8.711797 8.711797 8.737721 8.73772 8.73772 8.73772 8.73772 8.73772 8.73772 8.73772 8.73772 9.07874 9.047314 9.047314 9.07874 9.07874
6.0663247 8.068397 8.068397 6.0663247 6.2064943 6.2064943 8.618395 8.618395 8.068397 8.068397 8.068397 8.068397 8.758404 8.758404 8.758404 8.068397 0.0 8.758402 8.758404 8.618395 8.618395 9.03937 9.03937 9.03937 9.03937 9.03937 9.03937 9.03937 9.03937 9.03937 9.03937 9.03937 9.03937 8.758402 6.2885036 6.2885036 6.2885036 6.2885036 6.2885036 6.2885036 6.2885036 6.2885036 6.2885036 6.2885036 6.2885036 6.2885036 6.2885036 8.737721 8.737721 8.737721 8.73772 8.73772 8.73772 8.73772 8.73772 8.73772 8.73772 8.73772 9.07874 9.047314 9.047314 9.07874 9.07874
6.0663247 6.0663247 6.0663247 6.0663247 6.0663247 6.2064943 6.2064943 8.068397 8.068397 8.068397 8.068397 8.068397 8.068397 8.068397 8.068397 8.068397 8.068397 8.758404 8.068397 8.618395 8.618395 8.758404 8.618395 8.93199 8.758402 8.618395 8.618395 8.618395 8.758402 9.03937 9.03937 9.03937 8.758402 8.758402 8.18041 6.2885036 6.2885036 6.2885036 6.2885036 6.2885036 6.2885036 6.2885036 6.2885036 6.2885036 6.2885036 6.2885036 6.2885036 6.2885036 8.73772 8.73772 8.73772 8.73772 8.73772 8.73772 8.73772 8.73772 8.73772 8.73772 8.73772 9.07874 9.07874 9.07874 9.07874
6.255743 6.0663247 6.0663247 8.068397 8.068397 6.0663247 6.0663247 6.2064943 8.068397 8.068397 8.068397 8.068397 8.068397 8.068397 8.068397 8.068397 8.068397 8.068397 8.068397 8.758404 8.758404 8.758404 8.758404 8.7164345 8.758404 8.618395 8.618395 8.618395 8.618395 8.758402 9.03937 9.03937 9.03937 8.068397 8.18041 6.2885036 6.2885036 6.2885036 6.2885036 6.2885036 6.2885036 6.2885036 6.2885036 6.233497 6.233497 6.2885036 6.2885036 6.2885036 8.647426 8.647426 8.647426 8.647426 8.647426 8.711795 8.647426 8.647426 8.647426 8.73772 8.73772 8.73772 9.07874 8.73772 8.73772
8.068397 6.0663247 8.068397 8.068397 8.068397 8.068397 6.0663247 8.461665 8.758404 8.068397 8.068397 8.068397 8.068397 8.068397 8.068397 8.068397 8.068397 8.068397 8.068397 8.068397 8.7164345 8.758404 8.758404 8.7164345 8.618395 8.758404 8.618395 8.618395 8.618395 8.618395 8.93199 8.93199 8.93199 8.758402 8.73772 8.73772 8.73772 6.2885036 6.2885036 6.2885036 6.2885036 6.2885036 6.2885036 6.2835283 6.2835283 9.07874 6.2885036 6.2885036 6.233497 8.647426 8.647426 8.647426 8.647426 8.647426 8.647426 8.647426 8.647426 8.73772 8.73772 8.73772 8.73772 8.73772 8.73772
8.068397 8.068397 8.068397 8.068397 8.068397 8.068397 6.0663247 8.461665 8.461665 8.758404 8.758404 8.068397 8.068397 8.068397 8.068397 8.068397 8.068397 8.068397 8.068397 8.068397 8.758404 8.758404 8.758404 8.758404 8.618395 8.758404 8.758404 8.618395 8.618395 8.618395 8.93199 8.93199 8.93199 9.03937 8.73772 8.73772 8.73772 8.73772 8.737721 8.73772 6.2885036 6.2885036 6.2885036 6.2835283 6.2835283 8.974262 9.07874 6.2885036 9.07874 8.974262 8.647426 8.647426 8.647426 8.647426 8.647426 8.647426 8.647426 8.73772 8.73772 8.711797 8.73772 8.73772 8.73772
8.068397 8.068397 8.068397 8.068397 8.068397 8.068397 8.068397 6.0663247 9.03937 9.03937 8.7164345 8.93199 8.461665 8.461665 8.068397 8.068397 8.068397 8.068397 8.068397 8.068397 8.758404 8.758404 8.068397 8.758404 8.758404 8.758404 8.068397 8.618395 8.618395 8.618395 8.93199 8.93199 8.93199 9.03937 9.07874 8.73772 8.73772 8.73772 8.73772 8.73772 8.73772 6.2885036 6.2885036 6.2885036 6.233497 8.974262 9.07874 9.07874 9.07874 8.974262 8.974262 8.647426 8.647426 8.647426 8.647426 8.647426 8.647426 8.73772 8.73772 8.73772 8.73772 8.18041 8.18041
8.068397 8.068397 8.068397 8.068397 8.068397 8.068397 8.068397 6.0663247 6.0663247 8.461665 9.03937 9.014055 9.014055 8.461665 8.461665 8.068397 8.068397 8.068397 8.618395 8.618395 8.068397 8.068397 8.068397 8.758404 8.758404 8.758404 8.758404 8.758404 8.618395 8.618395 8.93199 8.93199 9.03937 9.014055 9.07874 8.73772 8.73772 8.73772 8.73772 8.73772 8.73772 6.2885036 6.2885036 6.2885036 6.2885036 9.07874 9.07874 9.07874 8.5519085 8.974262 8.974262 8.974262 8.974262 8.647426 8.731317 8.731317 8.647426 8.647426 8.73772 8.73772 8.73772 8.18041 8.647426
8.068397 8.068397 8.068397 8.068397 8.068397 6.0663247 8.068397 8.068397 6.0663247 8.461665 9.03937 9.03937 9.014055 9.014055 9.014055 8.461665 8.068397 8.068397 8.618395 8.618395 8.068397 8.068397 8.758404 8.758404 8.758404 8.758404 8.758404 8.758404 8.758404 8.618395 7.4389763 9.03937 8.93199 9.014055 9.047314 9.07874 8.73772 8.73772 8.73772 8.711797 8.711797 6.2835283 6.2885036 6.2885036 6.2885036 9.047313 9.07874 9.07874 8.5519085 8.5519085 8.5519085 9.07874 9.07874 9.07874 8.731317 8.647426 8.647426 8.647426 8.73772 8.73772 8.73772 8.647426 8.647426
8.068397 8.068397 8.068397 8.068397 8.068397 6.2064943 6.0663247 6.0663247 6.0663247 6.0663247 9.03937 9.03937 9.014055 9.014055 8.93199 8.461665 8.068397 8.758404 8.618395 8.758404 8.068397 8.068397 8.758404 8.758404 8.758404 8.758404 8.068397 8.068397 8.758402 8.758402 7.4389763 8.758402 8.758402 8.93199 9.047314 9.07874 8.73772 8.73772 8.73772 8.711797 8.711797 6.28353 6.28353 6.28353 6.28353 6.28353 9.07874 9.07874 9.07874 9.07874 8.5519085 8.5519085 8.974262 9.07874 9.07874 8.974262 8.974262 8.647426 8.73772 8.73772 8.647426 8.73772 8.647426
8.068397 8.068397 8.068397 8.068397 6.2064943 6.2064943 6.2064943 6.2064943 6.2064943 6.2765346 6.2765346 9.03937 9.03937 9.03937 9.03937 8.93199 8.93199 8.068397 8.618395 8.758404 8.758404 8.618395 8.758404 8.758404 8.758404 8.068397 8.068397 8.068397 8.068397 8.758402 8.758402 8.758402 8.758402 8.93199 9.047314 9.047314 8.711797 8.73772 8.73772 8.73772 8.737721 8.737721 6.28353 6.28353 6.28353 9.047313 9.07874 9.07874 9.07874 8.5519085 8.5519085 8.18041 8.5519085 8.974262 9.07874 8.974262 8.974262 8.647426 8.647426 8.647426 8.647426 8.73772 8.73772
8.068397 8.068397 8.068397 8.068397 6.2064943 6.2064943 6.2064943 6.2064943 6.2064943 6.0663247 6.2765346 6.2765346 9.03937 9.03937 9.03937 8.93199 8.93199 8.93199 8.618395 8.068397 8.068397 8.068397 8.618395 8.618395 8.068397 8.068397 8.068397 8.618395 8.618395 8.068397 8.758402 8.758402 8.758402 8.758402 9.07874 9.047314 9.047314 8.73772 8.73772 8.73772 8.73772 8.737721 6.28353 6.28353 9.047313 9.07874 9.07874 9.07874 9.07874 8.5519085 8.5519085 8.5519085 8.5519085 8.974262 8.974262 8.974262 8.974262 8.647426 8.647426 8.647426 8.647426 8.73772 8.73772
8.068397 8.068397 8.068397 8.068397 6.0663247 6.2064943 8.618395 6.2064943 6.2064943 6.2064943 6.2765346 6.2765346 9.03937 9.03937 9.03937 9.03937 8.93199 8.93199 9.014055 8.068397 8.068397 8.068397 8.618395 8.758404 8.068397 8.068397 8.068397 8.618395 8.618395 8.618395 8.068397 8.758402 8.758402 8.758402 9.07874 9.07874 9.07874 8.18041 8.18041 8.18041 8.18041 8.647426 8.974262 8.974262 9.047314 9.047314 9.07874 9.07874 9.07874 9.07874 9.07874 9.07874 8.974262 8.974262 8.974262 8.974262 8.647426 8.647426 8.647426 8.647426 8.647426 8.73772 8.73772
8.068397 8.068397 8.068397 8.068397 8.068397 8.618395 8.618395 8.618395 8.618395 6.2064943 6.2765346 6.2765346 6.2765346 9.03937 9.03937 9.03937 9.03937 8.93199 8.461665 8.068397 8.068397 8.068397 8.068397 8.068397 8.758404 8.758404 8.068397 8.068397 8.618395 8.068397 8.068397 8.068397 8.758402 8.758402 9.047314 9.047314 9.07874 8.5519085 8.18041 8.18041 8.647426 8.974262 9.047314 8.974262 9.047314 9.047314 9.07874 9.07874 9.07874 9.07874 9.07874 9.07874 9.07874 8.5519085 8.974262 8.974262 8.974262 8.974262 8.647426 8.647426 8.647426 8.73772 8.73772
8.068397 8.068397 8.068397 8.068397 8.068397 8.618395 8.618395 8.618395 8.618395 6.2064943 6.2765346 6.2765346 6.2765346 6.2765346 9.03937 9.03937 9.03937 8.93199 8.93199 8.461665 8.068397 8.068397 8.068397 8.068397 8.068397 8.068397 8.068397 8.068397 8.618395 8.618395 8.068397 8.068397 8.068397 8.068397 9.047314 9.047314 9.047314 9.07874 8.711797 8.711797 8.647426 8.974262 8.974262 9.047313 9.07874 9.07874 9.07874 9.07874 9.07874 9.07874 9.07874 9.07874 9.07874 8.5519085 8.5519085 8.974262 8.974262 8.5519085 8.647426 8.647426 8.647426 8.647426 8.73772
8.068397 8.068397 8.068397 8.7164345 8.7164345 8.618395 8.618395 8.618395 8.618395 6.2064943 6.2064943 6.2765346 6.2765346 6.2765346 6.2765346 9.03937 9.03937 9.03937 8.93199 8.93199 8.068397 8.068397 8.068397 8.068397 8.068397 8.068397 8.068397 8.068397 8.618395 8.618395 8.618395 8.068397 8.068397 8.068397 8.18041 8.18041 8.5519085 8.711797 8.711797 8.711797 8.73772 9.07874 9.07874 9.047313 9.07874 9.07874 9.07874 9.07874 9.07874 9.07874 9.07874 9.07874 9.07874 8.5519085 8.5519085 8.974262 8.974262 8.974262 8.647426 8.647426 8.647426 8.647426 8.73772
8.068397 8.068397 8.068397 8.758402 8.7164345 8.7164345 8.618395 8.618395 8.618395 6.2765346 6.2765346 6.2765346 6.2765346 6.2765346 6.2765346 6.2765346 9.03937 9.03937 8.93199 8.93199 8.7164345 8.068397 8.068397 8.068397 8.068397 8.068397 8.068397 8.068397 8.618395 8.618395 8.618395 8.068397 8.618395 8.618395 8.18041 8.18041 8.18041 8.18041 8.18041 8.18041 9.07874 9.07874 9.07874 9.07874 9.07874 9.07874 9.07874 9.07874 8.974262 8.974262 8.974262 9.07874 9.07874 9.07874 9.07874 9.07874 9.07874 8.647426 8.647426 8.647426 8.647426 8.647426 8.73772
8.068397 8.068397 8.068397 8.758402 8.7527485 8.7527485 8.758402 8.758402 8.758402 8.758402 6.2765346 6.2765346 6.2765346 6.2765346 6.2765346 6.2765346 9.03937 9.03937 9.03937 8.93199 9.014055 8.068397 8.618395 8.068397 8.068397 8.068397 8.7527485 8.7527485 8.618395 8.618395 8.618395 8.618395 8.618395 8.618395 8.647426 8.18041 8.18041 8.18041 8.18041 8.18041 8.18041 9.07874 9.07874 9.07874 9.07874 9.07874 9.07874 9.047314 9.047314 9.047314 8.974262 9.07874 9.07874 9.07874 9.07874 8.73772 8.73772 8.647426 8.647426 8.647426 8.647426 8.647426 8.73772
8.7164345 8.068397 8.068397 8.068397 8.758402 8.758402 8.758402 8.758402 8.758402 8.758402 6.2765346 6.2765346 6.2765346 6.2765346 6.2765346 6.2765346 6.2765346 9.03937 9.03937 8.93199 8.93199 8.618395 8.618395 8.618395 8.758404 8.758404 8.758404 8.758402 8.618395 8.618395 8.618395 8.618395 8.618395 8.618395 8.647426 8.647426 8.647426 8.647426 8.647426 8.18041 8.18041 9.07874 9.07874 9.07874 9.07874 7.69874 8.974262 9.047314 9.047314 9.07874 9.07874 9.07874 9.07874 9.07874 9.07874 8.73772 8.73772 8.73772 8.647426 8.647426 8.647426 8.647426 8.73772
8.068397 8.068397 8.068397 8.068397 8.758402 8.758402 8.758402 8.758402 8.758402 8.758402 8.758402 6.2765346 6.2765346 6.2765346 6.2765346 6.2765346 6.2765346 6.2765346 6.2765346 9.03937 8.93199 8.93199 8.618395 8.618395 8.618395 8.758404 7.4389763 7.4389763 8.618395 8.618395 8.618395 8.618395 8.618395 8.618395 8.647426 8.647426 8.647426 8.647426 8.647426 8.647426 8.18041 9.07874 9.07874 9.07874 9.07874 9.07874 7.69874 8.974262 9.07874 9.07874 9.07874 9.07874 9.07874 9.07874 9.07874 8.73772 8.73772 8.73772 8.73772 8.73772 8.73772 8.647426 8.737721
8.068397 8.068397 8.068397 8.068397 8.068397 8.758402 8.758402 8.758402 8.758402 8.758402 8.758402 8.758402 6.2765346 6.2765346 6.2765346 6.2765346 6.2765346 6.2765346 6.2765346 6.2765346 8.93199 8.93199 8.618395 8.618395 8.758404 8.758404 8.758402 7.4389763 8.618395 8.618395 8.618395 8.618395 8.618395 8.618395 8.647426 8.647426 8.647426 8.647426 8.647426 8.647426 8.18041 8.73772 9.07874 9.07874 9.07874 9.07874 9.07874 9.07874 9.07874 9.07874 9.07874 9.07874 9.07874 9.07874 9.07874 8.73772 8.73772 8.73772 8.73772 8.73772 8.73772 8.647426 8.647426
8.068397 8.068397 8.068397 8.068397 8.068397 8.068397 8.758402 8.758402 8.758402 8.758402 8.758402 8.758402 8.758402 6.2765346 6.2765346 6.2765346 6.2765346 6.2765346 6.2765346 6.2765346 6.2765346 6.2064943 6.2064943 6.2765346 8.758404 8.758404 8.758402 8.758404 8.618395 8.618395 8.618395 8.618395 8.618395 8.618395 8.647426 8.737721 8.737721 8.647426 8.647426 8.647426 8.18041 8.18041 9.07874 9.07874 9.07874 9.07874 9.07874 9.07874 9.07874 9.07874 9.07874 9.07874 9.07874 9.07874 9.07874 9.07874 8.73772 8.73772 8.73772 8.73772 8.73772 8.73772 8.73772
8.068397 8.068397 8.068397 8.068397 8.068397 8.068397 8.068397 8.758404 8.758402 8.758402 8.758402 8.758402 8.758402 6.255743 6.2765346 6.2765346 6.2765346 6.2765346 6.2765346 6.2765346 6.2765346 6.2064943 6.2064943 6.2765346 6.2765346 6.2765346 8.758402 8.758402 8.758404 8.618395 8.618395 8.618395 8.618395 8.618395 8.647426 8.18041 8.737721 8.737721 8.647426 8.647426 8.18041 8.711797 8.711797 9.07874 9.07874 9.07874 9.07874 9.07874 9.07874 9.047314 9.047314 9.07874 9.07874 9.07874 9.07874 9.07874 9.07874 8.73772 8.73772 8.73772 8.73772 8.73772 8.73772
8.068397 8.068397 8.068397 8.068397 8.068397 8.068397 8.068397 8.758404 8.758404 8.758402 8.758402 8.758402 8.7164345 8.7164345 8.618395 6.2765346 6.2765346 6.2765346 6.2765346 6.2765346 6.2765346 6.2064943 6.2064943 6.2765346 6.2765346 6.2765346 6.2765346 6.2765346 8.758402 8.068397 8.618395 8.618395 8.618395 8.618395 8.647426 8.73772 8.73772 8.737721 8.647426 8.647426 8.711797 8.711797 8.711797 8.73772 9.07874 9.07874 9.07874 9.07874 9.07874 9.07874 9.07874 9.07874 9.07874 9.07874 9.07874 9.07874 9.07874 9.07874 8.18041 8.18041 8.18041 8.73772 8.73772
8.068397 8.068397 8.068397 8.068397 8.068397 8.068397 8.068397 8.068397 8.758404 8.758402 8.758402 8.758402 8.716431 8.758404 8.758404 6.2765346 6.2765346 6.2765346 6.2765346 6.2765346 6.2765346 6.2064943 6.2064943 6.2064943 6.2765346 6.2765346 6.2765346 6.2765346 6.2765346 8.068397 8.068397 8.618395 8.618395 8.618395 8.647426 8.647426 8.73772 8.647426 8.647426 8.647426 8.711797 8.73772 8.73772 8.73772 9.07874 9.07874 9.07874 9.07874 9.07874 9.07874 9.07874 9.07874 7.69874 9.07874 9.07874 9.07874 9.07874 8.5519085 8.5519085 8.18041 8.18041 8.73772 8.73772
8.068397 8.068397 8.068397 8.068397 8.068397 8.068397 8.068397 8.068397 8.758404 8.758402 8.758402 8.758402 8.758402 8.758404 8.758404 6.2765346 6.2765346 6.2765346 6.2765346 6.2765346 6.2765346 6.2765346 6.2064943 6.2064943 6.2765346 6.2765346 6.2765346 6.2765346 6.2765346 8.068397 8.068397 8.618395 8.618395 8.068397 8.647426 8.647426 8.647426 8.647426 8.647426 8.647426 8.647426 8.73772 8.73772 8.73772 8.73772 9.07874 9.07874 9.07874 9.07874 9.07874 9.07874 0.0 9.07874 9.07874 9.07874 9.07874 9.07874 8.5519085 8.647426 8.647426 8.647426 8.647426 8.73772
