Export/ASCII/RMeteo_SP_inch/RMeteo_2018_SP2_inch.asc
ncols         660
nrows         338
xllcorner     1476150
yllcorner     5017150
cellsize      100
NODATA_value  -9.9e-20
[rows 196 to 223 of 338, columns 315 to 377 of 660]
8.158504 8.158504 8.158504 8.186111 8.186111 8.186111 8.186111 8.186111 8.186111 8.186111 8.186111 8.186111 8.186111 8.186111 8.186111 8.186111 8.186111 8.587633 8.587633 9.07135 9.188975 9.157841 9.157841 9.157841 8.795083 0.0 5.692519 6.331652 6.331652 6.331652 6.331652 6.331652 6.331652 6.331652 6.331652 9.07135 9.07135 8.699781 8.699781 8.699781 8.699781 8.699781 8.186111 8.186111 8.699781 8.836575 8.699781 8.836575 8.186111 8.186111 8.699781 8.699781 8.699781 8.186111 8.836575 8.836575 8.186111 8.699781 8.699781 8.186111 8.186111 8.186111 8.186111
8.158504 8.158504 8.158504 8.699781 8.836575 8.836575 8.186111 0.0 8.186111 8.186111 8.186111 8.186111 8.186111 8.186111 8.186111 8.186111 8.186111 8.587633 9.07135 9.07135 9.07135 9.157841 9.157841 9.157841 0.0 0.0 0.0 6.331652 6.331652 6.331652 6.331652 6.331652 6.331652 6.331652 6.331652 9.188975 9.07135 9.07135 9.07135 8.699781 8.699781 8.186111 8.186111 8.186111 8.699781 8.836575 8.836575 8.795083 8.186111 8.186111 8.699781 8.699781 8.699781 8.795083 8.836575 8.836575 8.186111 8.699781 8.699781 8.186111 8.186111 8.186111 8.186111
8.158504 8.802441 8.158504 8.186111 8.186111 8.186111 8.186111 8.186111 8.186111 8.186111 8.186111 8.186111 8.186111 8.186111 8.186111 8.186111 8.186111 8.587633 9.07135 9.07135 9.07135 9.07135 9.188975 6.331652 8.836575 8.836575 6.331652 6.331652 6.331652 6.331652 6.324234 6.324234 6.331652 6.331652 9.188975 9.188975 9.188975 9.07135 9.07135 8.699781 8.699781 8.699781 8.699781 8.699781 8.699781 8.699781 8.836575 8.795083 8.795083 8.186111 8.699781 8.699781 8.699781 8.836575 8.699781 8.699781 8.699781 8.699781 8.699781 8.699781 8.699781 8.699781 8.186111
8.158504 9.033078 8.158504 8.186111 8.186111 8.186111 8.699781 8.186111 8.186111 8.186111 8.186111 8.186111 8.186111 8.186111 8.186111 8.186111 8.186111 8.186111 8.587633 8.699781 8.699781 9.07135 9.188975 6.331652 8.836575 6.331652 6.331652 6.324234 6.324234 6.331652 6.324234 6.324234 6.331652 6.331652 9.188975 9.188975 9.188975 9.188975 9.07135 8.699781 8.699781 8.699781 8.699781 8.699781 8.699781 8.699781 8.699781 8.699781 8.795083 8.186111 8.186111 8.699781 8.699781 8.699781 8.699781 8.699781 8.699781 8.699781 8.699781 8.699781 8.186111 8.186111 8.699781
9.033078 9.033078 8.158504 8.186111 8.587633 8.587633 8.587633 8.186111 8.186111 8.186111 8.186111 8.186111 8.186111 8.186111 8.186111 8.186111 8.186111 8.186111 8.699781 9.07135 9.07135 9.07135 9.07135 6.144044 8.186111 6.144044 6.324234 6.324234 6.324234 6.331652 6.2724795 6.2724795 6.331652 9.188975 9.188975 9.157841 9.157841 9.157841 9.07135 9.07135 9.07135 9.07135 8.699781 8.699781 8.836575 8.836575 8.699781 8.699781 8.836575 8.186111 8.699781 8.699781 8.699781 8.699781 8.699781 8.699781 8.699781 8.699781 8.699781 8.699781 8.699781 8.699781 8.699781
8.802441 8.802441 9.222867 8.587633 8.587633 8.587633 8.186111 8.186111 8.186111 8.186111 8.186111 8.186111 8.699781 8.699781 8.186111 8.186111 8.186111 8.699781 8.699781 9.07135 9.07135 9.07135 6.2724795 6.144044 6.144044 6.144044 6.324234 6.331652 6.331652 6.331652 6.2724795 6.2724795 6.2724795 6.331652 9.188975 6.324234 6.324234 6.324234 6.331652 9.188975 9.07135 9.07135 8.699781 8.836575 8.836575 8.836575 8.836575 8.836575 8.186111 8.186111 8.699781 8.699781 8.699781 8.699781 8.699781 8.699781 8.699781 8.699781 8.699781 8.699781 8.699781 8.699781 8.699781
9.222867 8.612326 8.612326 8.587633 8.186111 8.186111 8.186111 8.186111 8.186111 8.587633 8.587633 8.699781 8.699781 8.836575 8.836575 8.699781 8.699781 8.699781 8.699781 9.07135 9.07135 9.07135 6.2724795 6.144044 6.144044 6.144044 6.331652 6.331652 6.331652 6.331652 6.331652 6.2724795 6.324234 6.324234 6.331652 6.331652 6.331652 6.331652 6.331652 6.331652 9.188975 9.188975 9.188975 8.836575 8.836575 8.836575 8.699781 8.699781 8.699781 8.699781 8.699781 8.699781 8.699781 8.699781 8.699781 8.699781 8.699781 8.699781 8.699781 8.699781 8.699781 8.699781 8.699781
9.222867 9.222867 8.158504 8.186111 8.186111 8.186111 8.587633 8.587633 8.587633 8.587633 8.587633 8.186111 8.699781 8.699781 8.699781 8.699781 8.699781 8.836575 8.699781 8.699781 9.07135 9.07135 9.07135 6.144044 6.144044 6.144044 6.144044 6.331652 6.331652 6.331652 6.331652 6.2724795 6.324234 6.324234 6.331652 6.331652 6.331652 6.331652 6.331652 6.331652 6.331652 9.188975 9.188975 8.836575 8.836575 8.836575 8.836575 8.699781 8.699781 8.836575 8.699781 8.699781 8.699781 8.699781 8.699781 8.699781 8.699781 8.699781 8.699781 8.699781 8.699781 8.699781 8.699781
9.222867 8.802441 8.158504 8.186111 8.186111 8.186111 8.587633 9.188975 9.188975 9.188975 8.836575 8.795083 8.699781 8.699781 8.699781 8.699781 8.699781 8.699781 8.699781 8.699781 9.07135 9.07135 6.2724795 6.324234 6.324234 6.144044 6.144044 8.587633 9.188975 8.836573 6.331652 6.331652 6.324234 6.331652 6.331652 6.324234 6.324234 6.331652 6.331652 6.331652 6.331652 9.188975 9.188975 9.188975 8.836575 8.836575 8.836575 8.836575 8.836575 8.836575 8.795083 8.699781 8.699781 8.699781 8.699781 8.699781 8.699781 8.699781 8.699781 8.699781 8.699781 8.699781 8.699781
8.802441 8.802441 8.158504 8.186111 8.186111 8.186111 8.587633 8.587633 9.188975 9.188975 8.699781 8.699781 8.699781 8.699781 8.699781 8.699781 8.699781 8.699781 8.699781 8.699781 8.699781 8.699781 9.07135 9.157841 9.157841 6.144044 6.144044 8.587633 9.188975 8.836573 8.836573 8.836573 6.331652 6.144044 6.144044 6.324234 6.324234 6.331652 6.331652 6.331652 6.331652 9.188975 9.188975 9.188975 9.188975 8.836575 8.836575 8.836575 8.836575 8.836575 8.795083 8.795083 8.699781 8.699781 8.699781 8.699781 8.699781 8.699781 8.699781 8.699781 8.699781 8.699781 8.699781
9.222867 8.802441 8.158504 8.186111 8.186111 8.186111 8.186111 9.07135 9.07135 9.188975 8.699781 8.699781 8.699781 8.699781 8.699781 8.699781 8.699781 8.699781 8.836575 8.836575 8.699781 8.699781 8.699781 9.07135 9.188975 8.587633 9.157841 9.157841 9.188975 8.836573 8.836573 8.836573 6.331652 6.144044 6.144044 6.144044 6.331652 6.331652 6.331652 6.331652 6.331652 6.331652 9.188975 9.188975 9.188975 9.188975 9.188975 8.836575 8.836575 8.699781 8.699781 8.836573 8.836575 8.699781 8.699781 8.699781 8.699781 8.699781 8.795083 8.699781 8.699781 8.699781 8.699781
9.222867 9.222867 8.802441 8.186111 8.186111 8.699781 8.699781 8.699781 8.699781 8.699781 8.699781 8.699781 8.186111 8.699781 8.699781 8.699781 8.699781 8.699781 8.699781 8.699781 8.699781 8.699781 8.699781 8.699781 8.795083 9.188975 9.157841 9.157841 9.188975 8.836573 8.836573 8.836573 8.836573 6.144044 6.144044 6.144044 6.144044 6.331652 6.331652 6.331652 6.331652 6.331652 9.188975 9.188975 9.188975 9.188975 9.188975 9.188975 8.836573 8.699781 8.699781 8.836573 8.699781 8.699781 8.836575 8.836575 8.836575 8.836575 8.795083 8.699781 8.699781 8.699781 8.699781
9.397636 9.222867 9.222867 8.699781 8.699781 8.699781 8.699781 8.699781 8.699781 8.836575 8.699781 8.699781 8.699781 8.699781 8.699781 8.699781 8.699781 8.699781 8.699781 8.699781 8.699781 8.699781 8.699781 8.699781 8.699781 9.07135 9.07135 9.188975 9.188975 8.836573 8.836573 8.836573 8.836573 8.836573 6.331652 6.144044 6.144044 6.331652 6.331652 6.331652 6.331652 6.331652 9.188975 9.188975 9.188975 9.188975 8.587633 6.144044 8.836573 8.699781 8.699781 8.836573 8.699781 8.699781 8.795083 8.699781 8.836575 6.3242354 8.795083 8.699781 8.699781 8.699781 8.699781
9.397636 9.397636 9.222867 9.07135 9.07135 8.699781 8.186111 8.699781 8.699781 8.699781 8.699781 8.699781 8.699781 8.699781 8.699781 8.699781 8.699781 8.699781 8.699781 8.699781 8.699781 8.699781 8.699781 8.699781 8.699781 8.699781 9.157841 9.188975 9.188975 9.188975 8.836573 8.836573 8.836573 8.795083 6.324234 6.331652 6.331652 6.331652 6.331652 6.331652 6.331652 6.331652 9.188975 9.188975 9.188975 9.188975 8.587633 8.587633 7.517794 8.699781 8.699781 8.836573 8.836573 8.836573 8.699781 8.699781 8.836575 6.3242354 6.324234 8.699781 8.699781 8.699781 8.699781
9.397636 9.222867 9.222867 9.07135 9.07135 8.699781 8.699781 8.699781 8.699781 8.699781 8.699781 8.699781 8.699781 8.186111 8.186111 8.186111 8.699781 8.699781 8.699781 8.699781 8.699781 8.699781 8.699781 8.699781 8.699781 8.699781 9.188975 9.188975 9.157841 9.157841 8.795083 8.836573 8.836573 8.795083 8.795083 6.324234 6.324234 6.331652 6.331652 6.331652 6.331652 9.188975 9.188975 9.188975 9.188975 9.188975 8.587633 6.2724795 8.699781 8.699781 8.699781 8.836573 8.836573 8.836573 8.699781 8.699781 8.186111 6.324234 6.324234 8.795083 8.795083 8.795082 8.186111
9.222867 9.222867 9.222867 9.07135 8.699781 8.699781 8.699781 8.699781 8.699781 8.699781 8.699781 8.699781 8.699781 8.186111 8.186111 8.699781 8.699781 8.699781 8.699781 8.699781 8.699781 8.699781 8.699781 8.699781 8.699781 8.699781 9.188975 9.188975 9.157841 9.157841 9.157841 8.836573 8.836573 8.836573 8.836573 6.324234 6.324234 9.188975 9.188975 9.188975 9.188975 9.188975 9.188975 9.188975 9.188975 9.188975 8.836573 8.699781 6.2724795 8.699781 8.699781 8.836573 8.836573 8.836573 8.699781 8.699781 6.144044 6.324234 8.795083 8.699781 8.699781 8.699781 8.186111
9.222867 9.222867 9.222867 9.07135 8.699781 8.699781 8.699781 9.07135 9.07135 9.07135 9.07135 8.587633 8.186111 8.186111 8.186111 8.699781 8.699781 8.699781 8.699781 8.699781 8.699781 8.699781 8.699781 8.699781 8.699781 8.795083 9.188975 9.188975 9.188975 9.157841 9.188975 9.188975 8.836573 8.836573 8.836573 8.836573 6.331652 6.331652 9.188975 9.188975 9.188975 9.188975 9.188975 9.188975 9.188975 9.188975 8.8299055 8.699781 6.2724795 8.699781 8.699781 8.836573 8.836573 8.836573 8.186111 8.186111 6.144044 6.144044 8.186111 8.699781 8.699781 8.699781 8.186111
6.258954 9.222867 9.222867 9.07135 8.699781 8.699781 8.699781 9.07135 9.07135 8.587633 9.188975 8.587633 8.186111 8.186111 8.186111 8.186111 8.699781 8.699781 8.699781 8.699781 8.699781 8.699781 8.699781 8.699781 8.836575 9.188975 9.188975 9.188975 9.188975 9.188975 9.188975 9.188975 8.836573 8.836573 8.836573 8.836573 8.836573 8.795083 9.157841 9.188975 9.188975 9.188975 9.188975 9.188975 9.188975 8.186111 6.2724795 8.699781 6.2724795 8.699781 8.699781 8.836573 8.836573 8.836573 8.836573 8.836573 6.144044 6.144044 8.186111 8.699781 8.699781 8.699781 8.699781
6.258954 9.222867 9.222867 9.07135 9.07135 9.07135 9.07135 9.07135 9.07135 9.07135 9.07135 9.07135 8.186111 8.186111 8.186111 8.186111 8.186111 8.186111 8.186111 8.186111 8.699781 8.699781 8.699781 8.699781 8.699781 9.07135 9.157841 9.188975 9.188975 9.188975 9.188975 9.188975 8.836573 8.836573 8.836573 8.836573 8.836573 9.157841 9.157841 0.0 9.188975 9.188975 9.188975 9.188975 9.157841 6.324234 6.2724795 6.2724795 6.2724795 8.699781 8.836573 8.836573 8.837469 8.836573 8.836573 8.836573 6.2724795 6.144044 8.186111 8.699781 8.699781 8.186111 8.699781
6.3781066 6.258954 9.222867 9.07135 9.07135 9.188975 9.188975 9.07135 8.699781 8.699781 9.07135 9.07135 8.186111 8.186111 8.186111 8.186111 8.186111 8.186111 8.186111 8.186111 8.699781 8.699781 8.699781 8.699781 9.07135 9.07135 9.07135 9.188975 9.188975 9.188975 9.188975 9.188975 9.188975 8.836573 8.836573 8.836573 8.836573 9.188975 9.188975 8.587633 9.188975 9.188975 9.188975 9.188975 9.157841 6.324234 6.2724795 6.2724795 6.2724795 6.331652 8.836573 8.836573 8.836573 8.836573 8.836573 6.2724795 6.2724795 6.2724795 8.699781 8.699781 8.699781 8.186111 8.699781
6.3781066 9.222867 8.802441 9.07135 9.188975 9.188975 9.188975 9.07135 9.07135 8.699781 9.07135 9.07135 8.587633 8.186111 8.186111 8.186111 8.186111 8.186111 8.186111 8.186111 8.186111 8.699781 8.699781 9.07135 9.07135 9.07135 9.07135 9.188975 9.188975 9.188975 9.188975 9.188975 9.188975 8.836573 8.836573 8.836573 8.836573 9.188975 9.188975 9.188975 9.188975 9.188975 9.188975 9.07135 6.2724795 6.2724795 6.331652 6.331652 6.331652 6.331652 6.331652 6.2724795 8.699781 8.699781 8.836573 6.2724795 6.2724795 8.699781 8.699781 8.699781 8.699781 8.699781 8.699781
6.3781066 9.222867 9.222867 9.07135 9.07135 9.188975 9.07135 8.699781 8.699781 8.699781 8.699781 9.07135 9.07135 8.186111 8.186111 8.186111 8.186111 8.186111 8.186111 8.186111 8.186111 9.07135 9.07135 9.07135 9.07135 9.07135 9.07135 9.07135 9.188975 9.188975 9.07135 9.07135 9.188975 9.188975 8.836573 8.836573 8.836573 9.188975 9.188975 9.188975 9.157841 9.157841 9.157841 9.07135 6.2724795 6.324234 6.331652 6.331652 6.331652 6.331652 6.2724795 6.2724795 8.699781 8.699781 8.836573 6.2724795 8.699781 8.699781 8.699781 8.699781 8.699781 8.699781 8.699781
6.3781066 6.258954 6.258954 6.331652 7.8089747 9.188975 9.07135 9.07135 8.699781 8.699781 8.699781 9.07135 9.07135 8.186111 8.186111 8.186111 8.186111 8.186111 8.186111 8.186111 8.795083 8.587633 8.587633 9.188975 9.07135 9.07135 9.07135 9.07135 9.07135 9.07135 9.07135 9.07135 9.188975 9.188975 9.188975 9.188975 9.188975 9.188975 9.188975 9.188975 9.188975 9.188975 9.157841 6.324234 6.324234 6.331652 6.331652 6.331652 6.331652 6.2724795 6.2724795 6.2724795 8.699781 8.699781 8.699781 6.2724795 8.699781 8.699781 8.699781 8.699781 8.699781 8.699781 8.699781
6.0765057 6.3781066 6.3781066 6.331652 7.8089747 7.8089747 9.188975 9.07135 9.07135 9.07135 9.07135 9.07135 9.07135 8.186111 8.186111 8.186111 8.186111 8.186111 8.587633 9.188975 8.836575 8.836575 9.188975 9.188975 9.188975 9.188975 9.07135 9.07135 9.07135 8.699781 9.07135 9.07135 9.188975 9.188975 9.188975 9.157841 9.157841 9.188975 9.188975 9.188975 9.188975 9.157841 9.07135 6.2724795 6.331652 6.331652 6.331652 6.331652 6.331652 6.2724795 6.2724795 0.0 8.699781 8.699781 8.699781 6.2724795 6.2724795 8.699781 8.699781 8.699781 8.699781 8.699781 8.699781
6.0765057 6.0765057 6.0765057 8.587633 7.8089747 7.8089747 9.188975 8.587633 8.587633 9.188975 9.188975 9.188975 9.07135 9.07135 8.186111 8.186111 8.186111 8.186111 8.186111 8.186111 8.587633 8.587633 8.587633 8.587633 9.07135 9.188975 9.07135 9.07135 8.699781 8.699781 9.07135 9.07135 9.188975 9.188975 9.188975 9.07135 9.07135 9.188975 9.188975 9.188975 9.157841 9.157841 9.07135 6.144044 5.692519 6.331652 6.331652 6.331652 6.331652 6.331652 6.331652 8.836573 8.795083 8.699781 8.699781 6.331652 6.2724795 8.699781 8.699781 8.699781 8.699781 8.699781 8.699781
6.0765057 6.0765057 6.0765057 8.587633 8.587633 9.188975 9.188975 7.8089747 9.188975 9.188975 8.587633 8.587633 8.587633 8.186111 8.186111 8.186111 8.186111 8.186111 8.186111 8.186111 8.587633 8.587633 8.587633 8.587633 8.836575 8.836575 9.188975 9.07135 8.699781 8.699781 9.07135 9.188975 9.188975 9.188975 9.07135 9.07135 9.07135 9.07135 9.07135 9.188975 9.157841 9.07135 6.2724795 6.144044 6.144044 6.144044 6.331652 6.331652 6.331652 6.331652 8.836573 8.836573 8.795083 8.795083 8.836573 6.331652 6.2724795 8.699781 8.699781 8.699781 8.699781 8.699781 8.699781
6.0765057 6.0765057 8.612326 8.587633 8.587633 9.188975 9.188975 7.8089747 9.188975 9.07135 8.587633 8.587633 8.587633 8.587633 8.186111 8.186111 8.186111 8.186111 8.186111 8.186111 8.186111 8.186111 8.186111 8.186111 8.836575 8.699781 8.699781 8.699781 8.699781 9.07135 9.07135 9.188975 9.188975 9.07135 9.07135 9.07135 9.07135 9.07135 9.07135 9.188975 9.157841 8.587633 6.144044 6.144044 6.144044 6.144044 6.144044 6.331652 6.331652 6.331652 8.836573 8.836573 8.836573 8.836573 8.836573 6.331652 6.2724795 8.699781 8.699781 8.699781 8.699781 8.186111 8.186111
6.0765057 6.0765057 8.612326 8.587633 9.188975 9.188975 9.188975 7.8089747 9.188975 8.587633 8.587633 8.587633 8.587633 8.587633 8.587633 8.186111 8.186111 8.186111 8.186111 8.186111 8.186111 8.186111 8.186111 8.186111 8.836575 8.699781 8.795083 8.699781 9.07135 9.188975 9.188975 9.157841 9.188975 9.07135 9.07135 9.188975 9.188975 9.07135 9.07135 9.07135 9.07135 6.144044 6.144044 6.144044 6.144044 6.144044 6.144044 6.331652 6.331652 6.331652 8.836573 8.836573 8.836573 8.836573 6.331652 6.331652 6.2724795 8.699781 8.699781 8.699781 8.699781 8.186111 8.186111
