Export/ASCII/RMeteo_SP_inch/RMeteo_2016_SP2_inch.asc
ncols         660
nrows         338
xllcorner     1476150
yllcorner     5017150
cellsize      100
NODATA_value  -9.9e-20
[rows 162 to 188 of 338, columns 183 to 243 of 660]
6.1991014 6.1991014 6.187441 6.187441 6.187441 6.9075136 6.9075136 6.8138914 6.8138914 6.952755 6.952755 6.9075136 6.9075136 6.952755 6.952755 6.952755 6.952755 6.952755 6.952755 6.952755 6.952755 6.8138914 6.8138914 6.8138914 6.8138914 6.952755 6.952755 6.952755 6.952755 6.952755 6.952755 6.8138914 6.952755 6.952755 6.952755 6.952755 6.952755 6.952755 6.952755 6.952755 6.952755 5.872756 6.952755 6.952755 5.872756 5.872756 5.872756 6.952755 5.872756 5.872756 6.952755 6.952755 6.952755 6.952755 6.952755 6.952755 6.8188977 6.8188977 6.8188977 6.8188977 6.8188977
6.1991014 6.1991014 6.199998 6.199998 6.199998 6.952755 6.4091573 6.4091573 6.952755 6.952755 6.952755 6.9075136 6.9075136 6.952755 6.952755 6.952755 6.952755 6.952755 6.952755 6.952755 6.952755 6.8138914 6.8138914 6.8138914 6.8138914 6.952755 6.952755 6.952755 6.952755 6.952755 6.952755 6.8138914 6.9075136 6.952755 6.952755 6.952755 5.872756 6.952755 6.952755 6.952755 6.952755 6.952755 6.952755 6.952755 5.872756 5.872756 5.872756 6.952755 6.952755 6.8138914 6.8138914 6.8138914 6.952755 6.952755 6.952755 6.952755 6.8188977 6.8188977 6.8188977 6.8188977 6.8188977
6.1991014 6.199998 6.199998 6.199998 6.199998 6.9075136 6.4091573 6.4091573 6.952755 6.952755 6.952755 6.952755 6.952755 6.952755 6.952755 6.952755 6.952755 6.952755 6.952755 6.952755 6.952755 6.952755 6.8138914 6.8138914 6.8138914 6.952755 6.952755 6.952755 6.952755 6.9075136 6.9075136 6.9075136 6.9075136 6.952755 6.952755 6.952755 6.952755 6.952755 6.952755 6.952755 5.872756 6.952755 6.952755 6.952755 5.872756 5.872756 6.952755 6.952755 6.952755 6.8138914 6.8138914 6.8138914 6.8138914 6.952755 6.952755 6.952755 6.8188977 6.8188977 6.8188977 6.8188977 6.8188977
6.199998 6.187441 6.187441 6.199998 6.157692 6.9075136 6.4091573 6.4091573 6.952755 6.952755 6.952755 6.952755 6.952755 6.952755 6.9075136 6.9075136 6.952755 6.952755 6.952755 6.9075136 6.9075136 6.952755 6.8138914 6.8138914 6.8138914 6.952755 6.952755 6.952755 6.952755 6.9075136 6.187441 6.9075136 6.9075136 6.952755 6.952755 6.952755 6.952755 6.952755 6.952755 6.952755 5.872756 6.952755 6.952755 6.952755 5.872756 5.872756 6.952755 6.952755 5.872756 6.952755 6.8138914 6.8138914 6.8138914 6.8138914 6.952755 6.952755 6.8188977 6.6955132 6.6955132 6.8188977 6.8188977
6.199998 6.199998 6.157692 6.199998 6.157692 6.8138914 6.4091573 6.8138914 6.8138914 6.8138914 6.8138914 6.952755 6.952755 6.952755 6.9075136 6.9075136 6.952755 6.952755 6.952755 6.9075136 6.9075136 6.952755 6.8138914 6.8138914 6.952755 6.952755 6.952755 6.952755 6.952755 6.8138914 6.9075136 6.9075136 6.8138914 6.952755 6.952755 6.952755 6.952755 6.9075136 6.952755 6.952755 5.872756 6.952755 6.9075136 6.9075136 6.952755 5.872756 5.872756 5.872756 5.872756 6.952755 6.952755 6.8138914 6.8138914 6.8138914 6.952755 6.952755 6.8188977 6.6955132 6.6955132 6.8188977 6.8188977
6.199998 6.199998 6.157692 6.187441 6.157692 6.157692 6.8138914 6.8138914 6.157692 6.8138914 6.8138914 6.952755 6.952755 6.8138914 6.952755 6.952755 6.952755 6.952755 6.952755 6.952755 5.872756 6.952755 6.952755 6.952755 6.9075136 6.9075136 6.952755 6.952755 6.952755 6.952755 6.952755 6.8138914 6.8138914 6.952755 6.952755 6.952755 6.8138914 6.8138914 6.952755 6.952755 6.952755 6.952755 6.9075136 6.9075136 5.872756 5.872756 6.952755 5.872756 5.872756 6.952755 6.952755 6.952755 6.8138914 6.952755 6.952755 6.952755 6.8188977 6.8188977 6.8188977 6.8188977 6.8188977
6.199998 6.199998 6.157692 6.199998 6.157692 6.157692 6.157692 6.157692 6.8138914 6.8138914 6.8138914 6.8138914 6.8138914 6.8138914 6.8138914 6.952755 6.952755 6.952755 6.952755 6.952755 5.872756 5.872756 6.952755 6.952755 6.8138914 6.8138914 6.952755 6.952755 6.952755 6.952755 6.952755 6.8138914 6.8138914 6.952755 6.952755 6.952755 6.8138914 6.8138914 6.952755 6.952755 6.952755 6.952755 5.872756 5.872756 5.872756 6.952755 6.952755 6.952755 5.872756 6.952755 6.952755 6.952755 6.952755 6.952755 6.952755 6.952755 6.8188977 6.8188977 6.8188977 6.8188977 6.8188977
6.199998 6.199998 6.199998 6.199998 6.199998 6.199998 6.199998 5.960586 6.157692 6.8138914 6.8138914 6.8138914 6.8138914 6.8138914 6.952755 6.952755 6.952755 6.952755 6.952755 5.872756 5.872756 5.872756 6.952755 6.952755 6.952755 6.952755 6.952755 6.952755 6.952755 6.952755 6.9075127 6.9075127 6.8138914 6.952755 6.952755 6.952755 6.8138914 6.952755 6.952755 6.952755 6.952755 5.872756 5.872756 5.872756 6.952755 6.952755 6.952755 6.952755 6.952755 6.952755 6.952755 6.952755 6.952755 6.9075127 6.8138914 6.8138914 6.8188977 6.8188977 6.8188977 6.8188977 6.8188977
6.199998 6.199998 6.199998 6.199998 6.199998 6.199998 6.199998 5.960586 6.199998 6.9075136 6.9075136 6.8138914 6.9075136 6.8138914 6.952755 6.9075127 6.952755 6.952755 6.952755 5.872756 5.872756 5.872756 6.952755 6.952755 6.952755 6.952755 6.952755 6.952755 6.952755 6.952755 6.9075127 6.9075127 6.8138914 6.952755 6.952755 6.952755 6.952755 6.952755 6.952755 6.952755 5.872756 5.872756 5.872756 6.952755 6.4091573 6.952755 6.952755 6.952755 6.952755 6.952755 6.952755 6.952755 6.952755 6.952755 6.8138914 6.9075136 6.8188977 6.8188977 6.8188977 6.8188977 6.8188977
6.199998 6.199998 6.199998 6.199998 6.199998 5.960586 6.199998 6.199998 6.199998 6.952755 6.952755 6.952755 6.9075136 6.952755 6.9075127 6.952755 6.952755 6.952755 6.952755 6.952755 6.952755 6.952755 6.952755 6.952755 6.952755 6.952755 6.952755 6.952755 6.952755 6.952755 6.952755 6.952755 6.952755 6.952755 6.952755 6.952755 6.952755 6.952755 5.872756 5.872756 5.872756 5.872756 5.872756 6.952755 6.4091573 6.952755 6.952755 6.952755 6.952755 6.952755 6.952755 6.952755 6.952755 6.952755 6.9075136 6.9075136 6.7812457 6.8188977 6.8188977 6.8188977 6.8188977
6.157692 6.157692 6.199998 6.199998 6.199998 5.960586 5.960586 5.960586 6.952755 6.952755 6.952755 6.952755 6.952755 6.9075136 6.9075136 6.952755 6.952755 6.952755 6.952755 6.952755 6.952755 6.952755 6.952755 6.952755 6.952755 6.952755 6.952755 4.588661 4.588661 6.952755 6.8138914 6.8138914 6.952755 6.952755 6.952755 6.952755 6.952755 5.872756 5.872756 5.872756 6.952755 6.952755 6.952755 6.952755 5.872756 5.872756 6.9075136 6.9075136 6.9075136 6.952755 6.952755 6.952755 6.952755 6.952755 6.952755 6.9075136 6.8188977 6.8188977 6.8188977 6.8188977 6.8188977
6.157692 6.157692 6.187441 6.187441 6.187441 6.199998 5.960586 6.4091573 6.952755 6.952755 6.952755 6.952755 6.952755 6.8138914 6.8138914 6.952755 6.952755 6.952755 6.952755 6.952755 6.952755 6.952755 6.952755 6.952755 6.952755 6.952755 4.588661 4.588661 4.588661 6.952755 6.8138914 6.8138914 5.872756 6.952755 6.952755 6.952755 5.872756 5.872756 5.872756 6.952755 6.952755 6.952755 6.9075136 6.9075136 6.952755 5.872756 6.9075136 6.9075136 6.9075136 6.952755 6.952755 6.952755 6.952755 6.952755 6.952755 6.952755 6.8188977 6.8188977 6.8188977 6.8188977 4.568976
6.199998 6.199998 6.187441 6.187441 6.187441 6.187441 6.187441 6.952755 6.952755 6.952755 6.952755 6.952755 6.952755 6.952755 6.952755 6.9075136 6.9075136 6.9075136 6.952755 6.952755 6.952755 6.952755 6.952755 6.952755 6.952755 4.588661 4.588661 4.588661 4.588661 6.952755 6.8138914 6.8138914 5.872756 6.952755 5.872756 5.872756 5.872756 6.952755 6.952755 6.952755 6.952755 6.952755 6.9075136 6.9075136 6.952755 5.872756 6.9075136 6.9075136 5.872756 6.952755 6.952755 6.952755 6.952755 6.952755 5.872756 6.952755 6.8188977 6.8188977 6.8188977 6.8188977 4.568976
6.199999 6.199998 6.199998 6.199998 6.199998 6.187441 6.199998 6.952755 6.952755 6.952755 6.952755 6.952755 6.952755 6.952755 6.9075136 6.9075136 6.9075136 6.9075136 6.952755 6.952755 6.952755 6.952755 6.952755 6.952755 6.952755 6.952755 4.588661 4.588661 4.588661 6.952755 6.952755 6.952755 6.952755 5.872756 5.872756 5.872756 6.952755 6.952755 6.952755 6.8138914 6.8138914 6.952755 6.952755 6.952755 6.952755 6.952755 6.952755 6.952755 5.872756 5.872756 6.952755 6.952755 6.952755 6.952755 5.872756 6.952755 6.8188977 6.8188977 6.8188977 6.8188977 6.8188977
6.199998 6.199998 6.157692 6.157692 6.952755 6.952755 6.952755 6.952755 6.952755 6.952755 6.952755 6.952755 6.952755 6.952755 6.9075136 6.9075136 6.952755 6.952755 6.952755 6.952755 6.952755 6.952755 6.952755 6.952755 6.952755 6.952755 4.588661 4.588661 6.952755 6.952755 6.952755 6.952755 5.872756 5.872756 6.9075136 6.9075136 6.9075136 6.952755 6.952755 6.8138914 6.8138914 6.8138914 6.952755 5.872756 6.952755 6.952755 6.952755 6.952755 5.872756 5.872756 6.952755 6.952755 6.952755 6.952755 6.952755 6.952755 6.8188977 6.8188977 6.8188977 6.8188977 6.8188977
6.199998 6.199998 6.157692 6.157692 6.9075136 6.952755 6.952755 6.952755 6.952755 6.952755 6.952755 6.952755 6.952755 6.952755 6.952755 6.952755 6.952755 6.952755 6.952755 6.952755 6.952755 6.952755 6.9075136 6.9075136 6.952755 6.952755 4.5845337 4.5845337 6.8138914 6.8138914 6.8138914 6.952755 6.9075136 6.952755 6.9075136 6.9075136 6.9075136 6.952755 6.952755 6.952755 6.8138914 6.8138914 6.952755 6.9075136 6.9075136 6.9075136 6.9075136 6.952755 6.952755 5.872756 6.952755 6.952755 6.952755 6.952755 6.952755 6.952755 6.8188977 6.8188977 6.8188977 6.8188977 6.8188977
6.199998 6.199998 6.199998 6.157692 6.8138914 6.8138914 6.952755 6.952755 6.8138914 6.8138914 6.952755 6.952755 6.952755 6.952755 6.9075136 6.9075136 6.199998 6.199998 6.199998 6.952755 6.952755 6.8138914 6.9075136 6.9075136 6.952755 6.952755 4.588661 4.5845337 6.8138914 6.8138914 6.8138914 6.952755 6.9075136 6.952755 6.952755 6.9075136 6.952755 6.952755 6.952755 6.952755 6.952755 5.872756 5.872756 6.9075136 6.9075136 6.9075136 6.9075136 6.952755 6.952755 6.952755 6.952755 6.952755 6.952755 6.8138914 6.8138914 6.952755 6.8188977 5.738897 6.8188977 6.8188977 6.8188977
6.199998 6.199998 6.199998 6.157692 6.8138914 6.8138914 6.8138914 6.952755 6.952755 6.8138914 6.952755 6.952755 6.952755 6.952755 6.187441 6.187441 6.187441 6.199998 5.21 5.872756 5.872756 6.8138914 6.8138914 6.8138914 6.952755 6.952755 6.9075136 4.5845337 4.572358 6.8138914 5.872756 5.872756 6.952755 6.952755 6.952755 6.952755 6.952755 6.952755 6.952755 6.952755 6.952755 5.872756 5.872756 6.9075127 5.872756 6.8138914 6.8138914 6.8138914 6.952755 6.952755 6.952755 6.9075136 6.9075136 6.8138914 6.8138914 6.952755 5.738897 5.738897 6.8188977 6.8188977 6.8188977
6.199998 6.199998 6.157692 6.157692 6.8138914 6.8138914 6.8138914 6.8138914 6.8138914 6.8138914 6.952755 6.952755 6.952755 6.952755 6.199998 6.199998 6.199998 5.21 5.21 5.872756 5.872756 6.8138914 6.952755 6.952755 6.952755 6.952755 6.952755 4.588661 4.588661 4.0196857 4.0196857 5.872756 6.952755 5.872756 6.952755 6.952755 6.952755 6.952755 6.199998 6.199998 6.199998 5.872756 5.872756 6.9075127 6.952755 6.8138914 6.8138914 6.8138914 6.8138914 6.952755 6.952755 6.9075136 6.9075136 6.8138914 6.952755 6.952755 6.8188977 5.738897 6.8188977 6.8188977 6.8188977
6.157692 6.157692 6.157692 6.157692 6.8138914 6.157692 6.8138914 6.8138914 6.8138914 6.8138914 6.952755 6.952755 6.952755 6.952755 6.199998 6.199998 6.199998 6.199998 5.21 5.21 5.21 6.199998 6.952755 6.952755 6.952755 6.952755 6.952755 4.588661 4.0196857 4.0196857 4.0196857 4.0196857 6.952755 5.872756 5.872756 6.199998 6.199998 6.199998 6.199998 6.199998 6.199998 6.952755 5.872756 6.8138914 6.8138914 6.8138914 6.8138914 6.8138914 6.8138914 6.8138914 6.952755 6.9075136 6.9075136 6.8138914 6.8138914 6.952755 6.8188977 4.568976 6.6955132 6.6955132 6.6955132
5.708005 5.708005 5.708005 5.9038267 6.4250283 6.4250283 6.4250283 6.4250283 6.4250283 6.4250283 6.519685 6.519685 6.519685 5.9283457 5.9283457 5.9283457 5.9283457 5.9283457 5.9283457 4.9383464 4.9383464 5.9283457 6.519685 6.519685 6.519685 4.57685 4.57685 4.57685 3.9795284 3.9795284 3.9795284 3.9795284 5.4396834 5.4396834 5.4396834 6.1023397 6.1023397 5.9283457 5.9283457 6.519685 6.519685 6.4250283 6.4250283 6.4250283 6.4250283 6.4250283 6.4250283 5.9038267 5.9038267 6.4250283 6.4250283 6.4250283 6.4250283 6.4250283 6.4250283 6.4250283 6.807087 4.5449686 4.5449686 6.6870923 6.6870923
5.708005 5.708005 5.708005 5.9283457 6.519685 5.4396834 6.519685 6.519685 6.519685 6.519685 6.519685 6.519685 6.519685 5.9283457 5.9283457 5.9283457 5.9283457 5.9283457 5.9283457 4.9383464 4.9383464 6.519685 6.519685 6.519685 6.519685 3.9795284 4.57685 3.9795284 3.9795284 3.9795284 3.9795284 3.9795284 6.519685 6.519685 5.4396834 6.1023397 6.1023397 6.519685 6.519685 6.519685 6.4250283 6.4250283 5.9038267 6.4250283 5.708005 5.708005 5.708005 5.9038267 5.9038267 5.9038267 6.4250283 6.4250283 5.9038267 5.9038267 6.4250283 6.4250283 4.5450397 4.5449686 4.5449686 4.0086627 4.545038
5.9038267 5.9038267 5.9038267 5.9222374 5.9283457 5.4396834 6.519685 6.519685 6.519685 6.519685 6.519685 6.519685 6.519685 6.519685 5.9283457 5.9283457 5.9283457 5.9283457 5.9283457 4.9383464 6.519685 6.519685 6.519685 6.519685 5.4396834 3.9795284 3.9795284 4.57685 4.57685 3.9795284 3.9795284 3.9795284 5.4396834 6.519685 5.4396834 5.4396834 6.519685 6.519685 6.519685 6.519685 6.4250283 6.4250283 5.9038267 5.708005 5.708005 5.708005 5.708005 5.708005 5.9038267 6.4250283 6.4250283 5.9038267 5.9038267 5.9038267 6.4250283 6.4250283 4.5449686 4.5449686 4.5450397 4.0086627 4.0086627
5.9038267 5.9283457 5.9283457 5.9283457 5.9283457 5.4396834 6.519685 6.519685 5.4396834 6.519685 6.519685 6.519685 6.519685 6.519685 5.9283457 5.9283457 5.9283457 5.9283457 5.9283457 5.9283457 6.519685 6.519685 6.519685 6.519685 5.4396834 3.9795284 4.57685 4.57685 4.57685 4.57685 5.9283457 4.57685 4.57685 5.4396834 6.519685 5.4396834 5.4396834 6.519685 6.519685 6.519685 6.4250283 6.4250283 5.9038267 5.708005 5.708005 5.708005 5.708005 6.1023397 6.4250283 6.4250283 6.4250283 6.4250283 5.9038267 5.9038267 5.9038267 4.5698576 4.5449686 4.5449686 4.5450397 4.0086627 4.0086627
5.9283457 5.9283457 5.9283457 5.9283457 5.9283457 5.9283457 6.519685 6.519685 6.519685 5.4396834 6.519685 6.519685 6.519685 6.519685 5.9283457 5.9283457 5.9283457 6.519685 6.519685 6.519685 6.519685 6.519685 6.519685 5.4396834 3.9795284 3.9795284 4.57685 4.57685 4.57685 4.57685 5.9283457 3.9795284 4.57685 6.519685 5.4396834 5.4396834 5.4396834 6.519685 6.519685 6.4250283 6.4250283 6.4250283 6.4250283 6.4250283 6.4250283 6.4250283 6.1023397 6.1023397 6.4250283 6.519685 6.4250283 6.4250283 6.4250283 6.4250283 4.5698576 4.5698576 4.5449686 4.545038 4.545038 4.5450397 4.5450397
5.9283457 5.9283457 5.9283457 5.9283457 5.9283457 5.9283457 5.4396834 6.519685 6.519685 6.519685 6.519685 6.519685 5.4396834 5.4396834 5.4396834 5.9283457 6.519685 6.519685 5.4396834 6.519685 6.519685 6.519685 5.4396834 5.4396834 3.9795284 3.9795284 4.57685 4.57685 4.57685 5.9283457 5.9283457 4.57685 4.57685 6.519685 6.519685 6.519685 6.519685 6.1023397 6.1023397 6.4250283 6.4250283 6.4250283 6.4250283 6.4250283 6.4250283 6.4250283 6.4250283 6.4250283 6.519685 6.519685 6.519685 6.4250283 6.4250283 6.4250283 6.519685 4.57685 6.807087 4.0086627 4.0086627 4.5450397 4.5450397
5.9283457 5.9283457 5.9283457 5.9283457 5.9283457 5.9283457 5.9283457 6.519685 6.519685 6.519685 6.519685 6.519685 5.4396834 5.4396834 6.519685 6.519685 6.519685 6.519685 6.519685 6.519685 6.519685 5.4396834 5.4396834 3.9795284 3.9795284 3.9795284 3.9795284 4.576056 4.576056 5.9283457 5.9283457 4.57685 4.57685 6.519685 6.1023397 6.1023397 6.1023397 6.1023397 5.708005 6.4250283 6.4250283 6.4250283 6.4250283 6.4250283 6.4250283 6.4250283 6.519685 6.519685 6.519685 6.519685 6.519685 6.519685 6.519685 6.519685 6.519685 6.519685 6.807087 6.807087 4.0086627 4.0086627 4.5450397
