Export/ASCII/RMeteo_SP_inch/RMeteo_2016_SP2_inch.asc
ncols         660
nrows         338
xllcorner     1476150
yllcorner     5017150
cellsize      100
NODATA_value  -9.9e-20
[rows 81 to 107 of 338, columns 366 to 426 of 660]
6.778712 6.309808 6.309808 6.5361 6.5361 6.309808 6.309808 6.309808 7.2029896 6.778712 7.2029896 6.309808 7.2029896 7.2029896 7.346457 7.2029896 6.778712 6.309808 6.309808 6.309808 6.309808 6.309808 6.309808 6.309808 6.309808 6.309808 6.309808 6.5361 6.5723844 6.5723844 6.526367 6.526367 6.526367 6.7815337 6.7815337 6.7815337 6.295182 7.4133854 7.4133854 7.4133854 6.7815337 6.7815337 6.295182 6.295182 6.295182 6.295182 6.295182 6.295182 6.295182 6.295182 6.295182 6.295182 6.295182 6.4960747 6.4960747 6.4960747 6.4960747 6.4960747 6.295182 6.295182 6.295182
6.309808 6.309808 6.309808 6.5361 6.5361 6.5361 6.309808 6.309808 6.778712 7.346457 7.346457 7.346457 7.346457 7.2029896 7.346457 7.2029896 7.2029896 6.5361 6.309808 6.309808 6.309808 6.309808 6.309808 6.309808 6.309808 6.309808 6.309808 6.309808 6.5723844 6.5723844 6.526367 6.526367 6.526367 6.295182 6.295182 6.295182 6.295182 7.4133854 7.4133854 7.4133854 7.4133854 6.7815337 6.7815337 6.295182 6.295182 6.295182 6.295182 6.295182 6.295182 6.295182 6.295182 6.295182 6.295182 6.295182 6.4960747 6.4960747 6.4960747 6.538583 6.295182 6.295182 6.295182
6.309808 6.309808 6.778712 6.778712 6.778712 7.2029896 6.309808 6.778712 7.2029896 7.346457 7.346457 7.346457 7.2029896 7.2029896 7.3004913 7.346457 7.2029896 6.309808 6.309808 6.309808 6.309808 6.309808 6.309808 6.309808 6.309808 6.309808 6.309808 6.5361 6.5897636 6.5723844 6.526367 6.526367 6.526367 6.526367 6.295182 6.295182 6.295182 6.7815337 7.4133854 7.4133854 7.4133854 7.4133854 6.7815337 6.295182 6.295182 6.295182 6.295182 6.295182 6.295182 6.295182 6.295182 6.295182 6.295182 6.295182 6.295182 6.295182 6.295182 6.295182 6.295182 6.295182 6.4960747
6.309808 6.309808 6.778712 6.778712 6.778712 7.346457 6.309808 6.778712 7.2029896 7.346457 7.346457 7.346457 7.2029896 7.3004913 7.3004913 7.3004913 7.2029896 6.309808 6.309808 6.309808 6.309808 6.309808 6.309808 6.309808 6.309808 6.309808 6.309808 6.5361 6.5897636 5.599763 6.526367 6.526367 6.526367 6.526367 6.295182 6.295182 6.295182 6.7815337 7.4133854 7.4133854 7.4133854 7.4133854 6.295182 6.295182 6.526367 6.295182 6.295182 6.295182 6.295182 6.295182 6.295182 6.295182 6.295182 6.295182 6.295182 6.4960747 6.538583 6.295182 6.295182 6.295182 6.4960747
6.5897636 6.5897636 6.778712 6.778712 7.346457 7.346457 6.309808 6.778712 7.2029896 7.346457 7.346457 7.346457 7.346457 7.346457 7.346457 7.346457 6.778712 6.778712 6.778712 6.778712 6.309808 6.309808 6.309808 6.309808 6.309808 6.309808 6.309808 6.5361 6.5897636 5.599763 5.5613384 5.5613384 6.526367 6.526367 6.7815337 6.7815337 6.7815337 6.7815337 7.4133854 7.4133854 7.4133854 6.7815337 6.295182 6.295182 6.526367 6.295182 6.295182 6.295182 6.295182 6.295182 6.295182 6.295182 6.295182 6.295182 6.295182 6.295182 6.295182 6.295182 6.295182 6.295182 6.4960747
6.5897636 7.346457 6.778712 6.778712 6.778712 7.346457 6.587557 7.2029896 7.2029896 7.346457 7.346457 7.346457 7.346457 7.346457 7.3462253 7.3462253 7.346457 6.778712 7.346457 6.778712 6.309808 6.309808 6.309808 6.309808 6.309808 6.309808 6.309808 6.309808 7.346457 7.346457 7.4133854 7.4133854 7.4133854 7.4133854 6.7815337 6.7815337 7.4133854 7.4133854 7.4133854 7.4133854 7.4133854 7.4133854 6.7815337 6.295182 6.538583 6.295182 6.295182 6.295182 6.295182 6.295182 6.295182 6.295182 6.295182 6.295182 6.4960747 6.295182 6.295182 6.538583 6.295182 6.295182 6.295182
7.2029896 7.346457 6.778712 6.778712 6.778712 7.2029896 6.5361 7.2029896 7.2029896 7.346457 7.346457 7.346457 7.346457 7.346457 6.587557 6.587557 7.3462253 7.346457 7.346457 6.778712 6.309808 6.309808 6.309808 6.309808 6.309808 6.309808 6.309808 6.309808 7.3004913 7.3004913 6.7815337 7.4133854 7.4133854 7.4133854 7.4133854 7.4133854 7.4133854 7.4133854 7.4133854 7.4133854 7.4133854 7.234038 7.234038 6.295182 6.295182 6.295182 6.295182 6.295182 6.295182 6.295182 6.295182 6.295182 6.295182 6.4960747 6.4960747 6.4960747 6.295182 6.295182 6.295182 6.295182 6.295182
7.2029896 7.346457 7.346457 7.2029896 7.2029896 7.2029896 6.5361 6.778712 7.2029896 7.346457 7.346457 7.346457 7.346457 7.3462253 6.587557 6.587557 7.3462253 6.778712 6.778712 6.778712 6.309808 6.309808 6.309808 6.5361 6.309808 6.309808 6.5361 6.309808 6.5723844 7.3004913 6.7815337 6.7815337 6.7815337 7.4133854 7.4133854 7.4133854 7.4133854 7.4133854 7.4133854 7.4133854 7.4133854 7.234038 6.4960747 6.295182 6.295182 6.295182 6.295182 6.295182 6.295182 6.295182 6.295182 6.295182 6.295182 6.4960747 6.4960747 6.295182 6.295182 6.295182 6.295182 6.295182 6.295182
7.2029896 7.2029896 7.2029896 7.2029896 7.2029896 6.5361 6.5361 6.778712 6.778712 6.778712 7.346457 7.346457 7.346457 6.587557 6.587557 6.587557 6.587557 6.778712 6.778712 6.778712 6.309808 6.309808 6.309808 6.309808 6.309808 6.309808 7.2029896 6.778712 7.3004913 7.3004913 6.7815337 7.4133854 7.4133854 7.4133854 7.4133854 7.4133854 7.4133854 7.4133854 7.4133854 7.4133854 7.234038 6.4960747 6.4960747 6.295182 6.295182 6.295182 6.295182 6.295182 6.295182 6.295182 6.295182 6.295182 6.295182 6.4960747 6.4960747 6.295182 6.295182 6.295182 6.4960747 6.4960747 6.295182
7.2029896 7.2029896 7.2029896 7.2029896 7.2029896 6.5361 6.778712 6.778712 6.309808 6.778712 6.778712 6.778712 7.2029896 7.346457 7.3462253 6.587557 7.346457 6.778712 6.778712 6.778712 6.309808 6.309808 6.309808 6.309808 6.309808 6.778712 7.2029896 7.346457 7.346457 7.3004913 7.346847 7.4133854 7.4133854 7.4133854 7.4133854 7.4133854 7.4133854 7.4133854 6.7815337 6.7815337 6.4960747 6.4960747 6.295182 6.295182 6.295182 6.295182 6.295182 6.295182 6.295182 6.4960747 6.295182 6.295182 6.295182 6.4960747 6.4960747 6.295182 6.295182 6.295182 6.4960747 6.4960747 6.4960747
7.2029896 7.346457 7.2029896 7.2029896 7.2029896 6.5361 6.778712 6.309808 6.309808 6.309808 6.309808 6.309808 7.2029896 7.2029896 7.346457 7.3462253 7.346457 7.346457 7.346457 6.778712 6.778712 6.778712 6.778712 6.778712 6.778712 6.778712 7.346457 7.346457 7.346457 7.3004913 7.346847 7.4133854 7.4133854 7.4133854 7.4133854 7.234038 7.234038 7.234038 7.234038 6.4960747 6.4960747 6.295182 6.295182 6.295182 6.295182 6.295182 6.295182 6.295182 6.295182 6.295182 6.295182 6.295182 6.295182 6.4960747 6.4960747 6.4960747 6.295182 6.295182 6.4960747 6.4960747 6.295182
7.2029896 6.778712 6.778712 6.778712 7.2029896 6.5361 6.309808 6.309808 6.309808 6.309808 6.309808 6.309808 6.5361 6.5361 7.346457 7.346457 7.346457 7.346457 7.346457 7.346457 6.778712 6.778712 6.778712 6.778712 6.778712 7.346457 7.346457 7.346457 7.346457 7.346457 7.4133854 7.4133854 7.4133854 6.295182 6.295182 6.4960747 6.4960747 6.4960747 6.4960747 6.4960747 6.4960747 6.4960747 6.295182 6.295182 6.295182 6.295182 6.295182 6.295182 6.295182 6.295182 6.295182 6.295182 6.4960747 6.4960747 6.4960747 6.4960747 6.295182 6.295182 6.295182 6.295182 6.295182
6.5361 6.309808 6.778712 6.778712 6.778712 7.2029896 6.309808 6.309808 6.309808 6.309808 6.309808 6.309808 6.5361 6.5361 7.346457 7.346457 7.346457 7.346457 7.346457 7.346457 7.346457 7.346457 7.346457 6.778712 6.778712 6.778712 6.778712 7.346457 7.346457 7.346457 7.4133854 7.4133854 6.7815337 6.7815337 6.295182 6.4960747 6.4960747 6.4960747 6.4960747 6.4960747 6.4960747 6.295182 6.295182 6.295182 6.295182 6.295182 6.295182 6.295182 6.295182 6.295182 6.295182 6.295182 6.295182 6.295182 6.295182 6.4960747 6.4960747 6.4960747 6.295182 6.295182 6.295182
6.5361 6.5361 6.309808 6.778712 6.778712 6.778712 7.2029896 6.5361 6.309808 6.309808 6.309808 6.309808 6.5361 6.5361 7.2029896 7.346457 7.346457 7.346457 7.346457 7.346457 7.346457 7.346457 7.346457 6.778712 6.309808 6.309808 6.309808 6.778712 6.778712 7.346457 7.4133854 7.4133854 6.7815337 6.7815337 6.295182 6.295182 6.4960747 6.4960747 6.4960747 6.4960747 6.4960747 6.4960747 6.295182 6.295182 6.295182 6.295182 6.295182 6.295182 6.295182 6.295182 6.295182 6.295182 6.295182 6.295182 6.295182 6.4960747 6.4960747 6.4960747 6.4960747 6.295182 6.295182
6.5361 6.5361 6.5361 6.309808 6.778712 6.778712 7.2029896 6.309808 6.309808 6.309808 6.309808 6.5361 6.5361 6.5361 7.2029896 7.346457 7.346457 7.346457 7.346457 7.346457 7.346457 7.2029896 7.2029896 6.778712 6.309808 6.309808 6.309808 6.309808 6.778712 7.346457 7.4133854 6.7815337 7.234038 6.295182 6.295182 6.295182 6.4960747 6.4960747 6.295182 6.4960747 6.4960747 6.4960747 6.295182 6.295182 6.295182 6.295182 6.295182 6.295182 6.295182 6.295182 6.295182 6.295182 6.295182 6.295182 6.295182 6.295182 6.526367 6.538583 6.295182 6.295182 6.295182
6.5361 6.5361 6.5361 6.309808 6.309808 7.2029896 7.2029896 7.2029896 6.309808 6.309808 6.309808 6.5361 6.5361 6.5361 7.2029896 7.346457 7.346457 7.346457 7.346457 7.346457 7.2029896 7.2029896 7.2029896 7.2029896 6.5361 6.309808 6.309808 6.309808 6.778712 7.346457 6.7815337 6.7815337 6.7815337 6.295182 6.295182 6.295182 6.295182 6.295182 6.295182 6.4960747 6.4960747 6.295182 6.295182 6.295182 6.295182 6.295182 6.295182 6.295182 6.295182 6.295182 6.295182 6.295182 6.295182 6.295182 6.295182 6.295182 6.295182 6.295182 6.295182 6.295182 6.295182
6.5361 6.5361 6.5361 6.309808 6.5361 6.309808 6.778712 7.346457 6.309808 6.5361 6.5361 6.5361 6.5361 7.2029896 7.2029896 7.346457 7.346457 7.346457 7.346457 7.346457 7.2029896 6.5361 6.5361 6.5361 6.5361 6.309808 6.309808 6.5897636 7.346457 7.346457 6.7815337 6.295182 7.234038 6.4960747 6.295182 6.295182 6.295182 6.295182 6.295182 6.295182 6.295182 6.295182 6.295182 6.295182 6.295182 6.295182 6.295182 6.295182 6.295182 6.295182 6.295182 6.295182 6.295182 6.7815337 6.7815337 6.7815337 6.295182 6.295182 6.295182 6.295182 6.295182
6.309808 6.5361 6.5361 6.309808 6.5361 6.309808 6.309808 6.778712 7.2029896 6.5361 7.2029896 6.5361 6.5361 6.309808 7.346457 6.778712 7.346457 7.346457 7.346457 7.346457 7.2029896 6.5361 6.5361 6.5361 6.5361 6.5361 7.346457 7.2029896 7.346457 7.346457 6.7815337 6.295182 7.234038 7.234038 6.4960747 6.4960747 6.4960747 6.295182 6.295182 6.295182 6.5376854 6.5376854 6.295182 6.295182 6.295182 6.295182 6.295182 6.4960747 6.4960747 6.295182 6.295182 6.295182 6.295182 6.7815337 6.7815337 6.7815337 6.295182 6.295182 6.295182 6.295182 6.295182
6.309808 6.5361 6.5361 6.309808 6.5361 6.309808 6.309808 6.309808 6.778712 7.2029896 7.2029896 7.346457 7.346457 6.309808 6.778712 6.778712 7.346457 6.778712 6.778712 7.346457 7.346457 6.5361 6.309808 6.309808 6.5361 7.2029896 7.2029896 7.2029896 7.2029896 6.778712 6.7815337 6.7815337 7.234038 7.234038 6.4960747 6.4960747 6.4960747 6.295182 6.295182 6.295182 6.295182 6.526367 6.295182 6.295182 6.295182 6.295182 6.295182 6.295182 6.295182 6.295182 6.295182 6.295182 6.7815337 6.7815337 6.7815337 6.7815337 6.7815337 6.295182 6.295182 6.295182 6.295182
6.309808 6.309808 6.5361 6.5361 6.5897636 6.309808 6.309808 6.309808 6.309808 6.309808 7.346457 7.346457 7.346457 6.5723844 6.778712 7.346457 7.346457 6.778712 6.309808 6.309808 6.5361 6.5361 6.309808 6.309808 6.5361 7.2029896 7.2029896 6.5361 7.2029896 6.778712 6.295182 6.4960747 7.234038 7.234038 6.4960747 6.4960747 6.295182 6.295182 6.295182 6.295182 6.295182 6.526367 6.295182 6.295182 6.295182 6.295182 6.295182 6.295182 6.295182 6.295182 6.295182 6.295182 6.295182 6.4960747 6.4960747 7.234038 6.7815337 6.7815337 6.7815337 6.295182 6.295182
6.5361 6.5361 6.5361 6.5361 6.5897636 6.309808 6.309808 6.309808 6.309808 6.309808 6.5723844 6.778712 7.346457 7.346457 7.346457 7.346457 7.346457 6.778712 6.309808 6.309808 6.5361 6.5361 6.309808 6.309808 6.5361 6.309808 6.778712 7.2029896 7.2029896 6.778712 6.295182 6.4960747 6.4960747 6.4960747 6.295182 6.295182 6.526367 6.295182 6.295182 6.295182 6.295182 6.526367 6.295182 6.295182 6.4960747 6.295182 6.295182 6.295182 6.295182 6.295182 6.295182 6.295182 6.295182 6.295182 6.4960747 7.234038 7.346847 6.7815337 6.7815337 6.7815337 6.7815337
6.5361 6.5361 6.5361 6.5361 6.5897636 6.5897636 6.5897636 6.309808 6.309808 6.309808 6.309808 6.778712 7.346457 7.3004913 7.2029896 7.2029896 7.346457 6.778712 6.778712 6.309808 6.309808 6.5361 6.309808 6.309808 6.309808 6.309808 6.309808 6.5361 6.5361 6.309808 6.295182 6.295182 6.295182 6.295182 6.295182 6.4960747 6.4960747 6.538583 6.295182 6.295182 6.295182 6.295182 6.295182 6.295182 6.4960747 6.295182 6.295182 6.295182 6.295182 6.295182 6.295182 6.295182 6.295182 6.295182 6.4960747 7.234038 7.4133854 7.4133854 7.234038 7.234038 6.7815337
6.1756763 6.154543 6.8196816 6.438283 5.978044 5.978044 5.978044 5.978044 5.978044 5.978044 5.978044 6.438283 6.948819 6.1756763 6.154543 6.8196816 6.948819 6.8196816 6.438283 5.978044 5.978044 5.978044 5.978044 5.978044 5.978044 5.978044 6.154543 6.154543 6.154543 6.154543 6.093005 5.926101 5.926101 5.926101 6.093005 6.093005 6.093005 5.926101 5.926101 5.926101 5.926101 5.926101 6.093005 6.093005 6.093005 6.093005 5.926101 5.926101 5.926101 5.926101 5.926101 5.926101 6.3465877 6.7006636 6.093005 6.7006636 6.7006636 6.818898 6.818898 6.818898 6.3465877
6.154543 6.8196816 6.948819 6.438283 6.438283 5.978044 5.978044 6.1842527 5.978044 5.978044 5.978044 6.948819 6.8196816 6.8196816 6.8196816 6.948819 6.948819 6.8196816 6.8196816 5.978044 5.978044 5.978044 5.978044 5.978044 5.978044 5.978044 5.978044 6.907987 6.907987 6.907987 6.780601 6.093005 5.926101 5.926101 6.093005 6.093005 6.093005 5.926101 5.926101 5.926101 5.926101 5.926101 5.926101 6.093005 6.093005 6.093005 5.926101 5.926101 5.926101 5.926101 5.926101 6.3465877 6.7006636 6.7006636 6.093005 6.093005 6.7006636 6.818898 6.818898 6.818898 6.3465877
6.8196816 6.438283 6.438283 6.948819 6.948819 5.978044 6.1842527 5.978044 5.978044 5.978044 5.978044 6.154543 6.8196816 6.8196816 6.948819 6.948819 6.948819 6.907987 6.8196816 6.438283 5.978044 5.978044 5.978044 5.978044 5.978044 5.978044 5.978044 6.438283 6.907987 6.907987 6.780601 6.3465877 5.926101 6.093005 6.093005 6.093005 5.926101 5.926101 5.926101 5.926101 5.926101 5.926101 6.093005 5.926101 5.926101 5.926101 5.926101 5.926101 5.926101 5.926101 5.926101 6.093005 6.7006636 6.7006636 6.7006636 6.7006636 6.7006636 6.7006636 6.8188844 6.1133857 5.926101
6.438283 5.978044 6.438283 6.948819 6.948819 5.978044 5.978044 5.978044 5.978044 5.978044 5.978044 6.154543 6.8196816 6.948819 6.948819 6.907987 6.907987 6.948819 6.8196816 6.438283 5.978044 5.978044 5.978044 5.978044 6.154543 6.154543 6.154543 6.438283 6.907987 6.907987 6.3465877 6.3465877 5.926101 6.093005 6.093005 6.093005 5.926101 5.926101 5.926101 5.926101 5.926101 5.926101 5.926101 5.926101 5.926101 5.926101 5.926101 5.926101 5.926101 5.926101 5.926101 6.093005 6.7006636 6.7006636 6.7006636 6.7006636 6.7006636 6.093005 6.1133857 6.1133857 6.1133857
5.978044 5.978044 6.438283 6.948819 6.154543 6.154543 5.978044 5.978044 5.978044 5.978044 6.948819 6.8196816 6.8196816 6.948819 6.948819 6.948819 6.907987 6.948819 6.8196816 6.8196816 6.438283 6.438283 5.978044 5.978044 6.154543 6.154543 6.154543 6.438283 6.438283 6.438283 6.3465877 5.926101 5.926101 6.093005 6.093005 6.093005 5.926101 5.926101 5.926101 5.926101 5.926101 6.093005 5.926101 5.926101 5.926101 5.926101 5.926101 5.926101 5.926101 5.926101 6.093005 6.093005 6.093005 6.093005 6.093005 5.926101 5.926101 6.093005 6.093005 6.093005 6.1133857
