Export/ASCII/RMeteo_SP_inch/RMeteo_2016_SP2_inch.asc
ncols         660
nrows         338
xllcorner     1476150
yllcorner     5017150
cellsize      100
NODATA_value  -9.9e-20
[rows 0 to 26 of 338, columns 122 to 182 of 660]
8.552339 8.552339 8.552339 8.552339 8.552339 8.552339 8.552339 8.552339 8.552339 8.552339 8.552339 9.033571 9.033571 9.033571 9.033571 9.033571 9.033571 9.73698 9.73698 9.73698 9.73698 9.73698 9.085307 9.73698 9.73698 9.033571 9.033571 9.033571 9.033571 9.033571 9.033571 9.033571 9.033571 9.033571 9.033571 9.033571 9.033571 9.73698 9.73698 8.964043 8.35738 8.35738 8.35738 8.35738 8.7880745 9.596541 8.7880745 8.7880745 8.7880745 8.7880745 9.596541 8.7880745 8.7880745 8.7880745 8.7880745 9.596541 9.596541 9.596541 9.596541 8.7880745 8.35738
8.552339 8.552339 8.552339 8.552339 8.552339 8.552339 8.552339 8.552339 8.552339 8.552339 8.552339 9.033571 9.033571 9.033571 9.033571 9.033571 9.033571 9.033571 9.73698 9.73698 9.085307 9.085307 9.085307 9.73698 9.73698 9.033571 9.73698 9.73698 9.033571 9.033571 9.033571 9.033571 9.033571 9.033571 9.033571 9.033571 9.73698 9.73698 9.085307 8.964043 8.35738 8.35738 8.35738 8.35738 8.964043 9.596541 9.596541 9.596541 8.7880745 8.7880745 8.7880745 8.7880745 8.7880745 8.7880745 8.7880745 8.7880745 9.596541 9.596541 9.596541 8.7880745 8.35738
8.552339 8.552339 8.552339 8.552339 9.145788 9.145788 8.552339 8.552339 8.552339 8.552339 8.552339 8.552339 9.033571 9.033571 9.033571 9.033571 9.033571 9.033571 9.033571 8.552339 9.085307 9.085307 9.085307 9.73698 9.73698 9.73698 9.73698 9.73698 9.73698 9.033571 9.033571 9.033571 9.033571 9.033571 9.033571 9.033571 9.73698 9.73698 9.033571 8.35738 8.35738 8.7880745 8.7880745 8.35738 8.964043 9.596541 9.596541 9.596541 8.7880745 8.7880745 8.7880745 8.7880745 8.7880745 8.7880745 8.7880745 8.964043 8.964043 8.964043 9.826771 9.596541 8.7880745
8.552339 8.552339 8.552339 9.033571 9.033571 8.552339 8.552339 8.552339 8.552339 8.552339 8.552339 9.033571 9.033571 9.033571 9.033571 9.033571 9.033571 9.033571 9.033571 8.552339 9.085307 9.085307 9.085307 9.73698 9.73698 9.73698 9.73698 9.73698 9.085307 9.73698 9.033571 9.033571 9.033571 9.033571 9.033571 9.033571 9.033571 9.033571 9.033571 8.7880745 8.7880745 8.7880745 8.7880745 8.964043 8.964043 9.596541 9.596541 9.596541 8.7880745 8.7880745 8.35738 8.862453 8.862453 8.35738 8.35738 8.964043 9.596541 8.964043 9.596541 9.596541 8.7880745
8.552339 8.552339 9.033571 9.033571 9.033571 8.552339 8.552339 9.033571 9.033571 9.033571 9.033571 9.033571 9.033571 9.033571 9.033571 9.033571 9.033571 9.033571 9.033571 9.033571 8.552339 9.085307 9.085307 9.085307 9.085307 9.085307 9.085307 9.085307 9.73698 9.73698 9.033571 9.033571 9.033571 9.033571 9.033571 9.033571 9.033571 9.033571 9.033571 8.7880745 8.7880745 8.7880745 8.7880745 9.596541 8.964043 8.964043 9.826771 9.596541 8.7880745 8.7880745 8.7880745 8.862453 8.862453 8.862453 8.7880745 9.596541 8.964043 8.964043 8.7880745 8.7880745 8.7880745
9.033571 8.552339 8.552339 9.033571 9.033571 9.033571 9.033571 9.033571 9.033571 9.033571 9.033571 9.033571 9.033571 9.033571 9.033571 9.033571 9.73698 9.033571 9.033571 9.033571 8.552339 8.552339 9.085307 9.085307 9.880869 9.085307 9.085307 9.085307 9.73698 9.033571 9.033571 9.033571 9.033571 9.033571 9.033571 9.033571 9.033571 9.145788 9.145788 8.7880745 8.7880745 8.7880745 8.7880745 8.7880745 8.7880745 8.964043 9.596541 9.596541 8.7880745 8.35738 8.7880745 8.862453 8.862453 8.7880745 8.7880745 8.7880745 8.35738 8.35738 8.35738 8.7880745 8.7880745
9.033571 9.033571 9.033571 9.033571 9.033571 9.033571 9.033571 9.033571 9.033571 9.033571 9.033571 9.033571 9.033571 9.033571 9.033571 9.033571 9.73698 9.73698 9.73698 9.033571 8.552339 9.085307 9.085307 9.085307 9.085307 9.085307 9.085307 9.085307 9.73698 9.033571 9.033571 9.033571 9.033571 9.033571 9.033571 9.033571 9.033571 9.033571 9.145788 8.35738 8.35738 8.7880745 8.7880745 8.7880745 8.7880745 8.7880745 8.7880745 8.7880745 8.7880745 8.35738 8.35738 8.882675 8.35738 8.35738 8.7880745 8.7880745 8.35738 8.35738 8.35738 8.7880745 8.7880745
9.033571 9.033571 9.033571 9.033571 9.033571 9.033571 9.033571 9.033571 9.033571 9.033571 9.033571 9.033571 9.033571 9.033571 9.033571 9.033571 9.73698 9.73698 9.73698 9.73698 8.552339 8.552339 9.085307 9.085307 9.085307 9.085307 9.085307 9.085307 9.085307 8.552339 8.552339 9.033571 9.73698 9.73698 9.73698 9.73698 9.033571 8.552339 8.552339 8.7880745 8.7880745 8.7880745 8.7880745 8.7880745 8.7880745 8.7880745 8.7880745 8.7880745 8.35738 8.35738 8.862453 8.882675 8.35738 8.35738 8.35738 8.35738 8.35738 8.862453 8.7880745 8.882675 8.882675
9.033571 9.033571 9.033571 9.033571 9.033571 9.033571 9.033571 9.033571 9.033571 9.033571 9.033571 9.033571 9.033571 9.033571 9.73698 9.73698 9.085307 9.73698 9.73698 9.73698 9.085307 8.552339 9.085307 9.085307 9.73698 9.033571 9.033571 9.085307 8.552339 8.552339 8.552339 8.552339 9.085307 9.085307 9.085307 9.085307 9.145788 9.145788 8.552339 8.7880745 8.7880745 8.7880745 8.7880745 8.7880745 8.7880745 8.7880745 8.7880745 8.7880745 8.7880745 8.862453 8.862453 8.35738 8.35738 8.35738 8.35738 8.35738 8.35738 8.862453 8.7880745 8.7880745 8.882675
8.552339 8.552339 9.73698 9.73698 9.033571 9.033571 9.033571 9.033571 9.033571 9.033571 9.033571 9.033571 9.033571 9.73698 9.73698 9.952755 9.952755 9.085307 9.73698 9.73698 9.73698 9.085307 8.552339 9.085307 9.73698 9.033571 9.033571 9.085307 9.085307 9.085307 8.552339 9.085307 9.085307 9.085307 9.085307 9.73698 9.880869 9.145788 9.145788 8.7880745 8.7880745 8.7880745 8.7880745 8.7880745 8.7880745 8.7880745 8.7880745 8.7880745 8.7880745 8.7880745 8.862453 8.35738 8.35738 8.35738 8.35738 8.35738 8.7880745 8.7880745 8.882675 8.35738 8.35738
9.175573 9.175573 9.952755 9.73698 9.73698 9.033571 9.033571 9.033571 9.033571 9.033571 9.033571 9.033571 9.73698 9.73698 9.880869 9.952755 9.952755 9.085307 9.085307 9.952755 9.952755 9.085307 9.085307 9.73698 9.73698 9.73698 9.73698 9.085307 9.085307 9.085307 8.552339 8.552339 8.552339 9.085307 9.085307 9.73698 9.73698 9.033571 9.033571 8.7880745 9.596541 9.596541 8.7880745 8.7880745 8.7880745 8.7880745 8.7880745 8.7880745 8.7880745 8.7880745 8.35738 8.35738 8.35738 8.35738 8.35738 8.35738 8.7880745 8.7880745 8.882675 8.35738 8.35738
9.175573 9.033571 9.952755 9.73698 9.73698 9.033571 9.033571 9.033571 9.033571 9.033571 9.033571 9.73698 9.880869 9.880869 9.952755 9.952755 9.085307 9.085307 9.085307 9.085307 9.952755 9.952755 9.952755 9.952755 9.952755 9.952755 9.952755 9.73698 9.73698 8.552339 9.033571 9.033571 9.033571 9.033571 9.73698 9.033571 9.033571 9.033571 9.033571 8.7880745 9.596541 9.596541 9.596541 8.7880745 8.7880745 8.7880745 8.7880745 8.7880745 8.7880745 8.7880745 8.7880745 8.35738 8.35738 8.35738 8.35738 8.35738 8.35738 8.7880745 8.7880745 8.7880745 8.35738
9.175573 9.033571 9.952755 9.73698 9.73698 9.033571 9.033571 9.033571 9.033571 9.033571 9.73698 9.73698 9.952755 8.572754 8.572754 9.085307 9.085307 9.085307 9.085307 9.085307 9.952755 9.952755 9.952755 8.572754 9.952755 9.952755 9.952755 9.73698 9.73698 9.033571 9.033571 9.73698 9.73698 9.033571 9.73698 9.73698 9.033571 9.033571 9.033571 8.7880745 9.596541 9.596541 9.596541 8.7880745 8.7880745 8.7880745 8.7880745 8.7880745 8.7880745 8.7880745 8.7880745 8.7880745 8.7880745 8.35738 8.35738 8.35738 8.35738 8.35738 8.35738 8.7880745 8.35738
9.033571 9.033571 9.175573 9.033571 9.033571 9.033571 9.033571 9.033571 9.73698 9.73698 9.73698 9.952755 9.880869 9.952755 9.952755 9.085307 9.085307 9.085307 9.952755 9.952755 9.952755 9.952755 9.952755 8.572754 9.952755 9.952755 9.73698 9.73698 9.73698 9.033571 9.033571 9.73698 9.952755 9.73698 9.73698 9.73698 9.033571 9.033571 9.033571 8.7880745 9.596541 9.596541 8.7880745 8.7880745 8.7880745 8.7880745 8.7880745 8.7880745 8.7880745 8.35738 8.35738 8.35738 8.35738 8.7880745 8.35738 8.35738 8.35738 8.35738 8.7880745 8.7880745 8.7880745
9.033571 8.552339 8.552339 9.033571 9.033571 9.033571 9.033571 9.033571 9.73698 9.880869 9.880869 9.952755 9.952755 9.952755 9.952755 9.73698 9.73698 9.952755 9.952755 9.952755 9.952755 9.952755 9.952755 8.572754 9.952755 9.73698 9.73698 9.033571 9.033571 9.033571 9.033571 9.73698 9.952755 9.73698 9.033571 9.73698 9.73698 9.73698 9.033571 8.7880745 8.7880745 8.7880745 8.7880745 8.7880745 8.7880745 8.7880745 8.7880745 8.7880745 8.35738 8.35738 8.35738 8.35738 8.35738 8.35738 8.35738 8.35738 8.35738 8.7880745 8.7880745 8.7880745 8.7880745
9.033571 8.552339 8.552339 9.033571 9.033571 9.033571 9.033571 9.033571 9.73698 9.73698 9.880869 9.952755 9.952755 9.952755 9.952755 9.952755 9.73698 9.952755 9.952755 9.952755 9.952755 9.952755 9.952755 9.952755 9.952755 9.73698 9.73698 9.033571 9.033571 9.033571 9.73698 9.73698 9.952755 9.73698 9.73698 9.73698 9.73698 9.73698 9.033571 8.7880745 8.7880745 8.7880745 8.7880745 8.7880745 8.7880745 8.35738 8.35738 8.7880745 8.35738 8.35738 8.35738 8.35738 8.35738 8.35738 8.35738 8.35738 8.35738 8.35738 8.7880745 8.7880745 8.35738
7.9651165 9.085307 9.73698 9.73698 9.033571 9.73698 9.73698 9.033571 9.033571 9.73698 9.73698 9.952755 9.952755 9.952755 9.952755 9.952755 9.952755 9.952755 9.952755 9.952755 9.952755 9.952755 9.952755 9.952755 9.952755 9.73698 9.73698 9.033571 9.033571 9.033571 9.033571 9.73698 9.73698 9.73698 9.73698 9.033571 9.73698 9.73698 9.033571 8.7880745 8.7880745 8.7880745 8.7880745 8.35738 8.35738 8.35738 8.35738 8.7880745 8.7880745 8.7880745 8.35738 8.35738 8.35738 8.35738 8.35738 8.964043 8.964043 8.7880745 8.7880745 8.7880745 8.35738
8.552339 9.085307 9.73698 9.73698 9.73698 9.952755 9.73698 9.73698 9.033571 9.73698 9.73698 9.952755 9.952755 9.952755 9.952755 9.952755 9.952755 9.952755 9.952755 9.952755 9.952755 9.952755 9.952755 9.952755 8.572754 8.572754 9.73698 9.033571 9.033571 9.033571 9.033571 9.73698 9.73698 9.033571 9.033571 9.73698 9.73698 9.73698 9.73698 8.7880745 8.7880745 8.7880745 8.7880745 8.35738 8.35738 8.35738 8.35738 8.7880745 8.7880745 8.7880745 8.7880745 8.35738 8.35738 8.35738 8.964043 9.596541 9.596541 9.596541 8.35738 8.35738 8.7880745
9.145788 9.085307 9.952755 9.952755 9.952755 9.952755 9.880869 9.73698 9.73698 9.73698 9.952755 9.880869 9.952755 9.952755 9.952755 9.952755 9.952755 9.952755 9.952755 9.952755 8.572754 9.952755 9.952755 9.952755 9.952755 9.952755 9.73698 9.73698 9.033571 9.033571 9.033571 9.033571 9.033571 9.033571 9.033571 9.73698 9.73698 9.73698 9.033571 8.7880745 8.7880745 8.7880745 8.7880745 8.35738 8.35738 8.35738 8.35738 8.35738 8.7880745 8.7880745 8.7880745 8.35738 8.35738 8.35738 8.964043 8.964043 9.826771 8.964043 8.35738 8.35738 8.7880745
9.880869 9.085307 9.085307 9.085307 9.952755 9.880869 9.880869 9.880869 9.73698 9.73698 9.952755 9.880869 9.880869 9.952755 9.952755 9.952755 9.952755 9.952755 9.952755 9.952755 9.952755 9.952755 9.952755 9.952755 9.952755 9.952755 9.952755 9.73698 9.033571 9.033571 9.73698 9.73698 9.033571 9.73698 9.73698 9.73698 9.73698 9.033571 9.033571 8.7880745 8.7880745 8.7880745 8.7880745 8.35738 8.35738 8.35738 8.35738 8.35738 8.35738 8.35738 8.7880745 8.35738 8.35738 8.35738 8.964043 8.964043 8.882675 8.7880745 8.862453 8.862453 8.7880745
9.952755 9.952755 9.085307 9.73698 9.73698 9.880869 9.880869 9.880869 9.952755 9.952755 9.952755 9.880869 9.880869 9.952755 9.952755 9.952755 9.952755 9.952755 9.952755 9.952755 9.952755 9.952755 9.952755 9.952755 9.952755 9.73698 9.73698 9.73698 9.033571 9.033571 9.73698 9.73698 9.73698 9.73698 9.73698 9.033571 9.033571 9.033571 9.033571 8.7880745 8.7880745 8.7880745 8.7880745 8.7880745 8.7880745 8.7880745 8.7880745 8.7880745 8.35738 8.35738 8.35738 8.35738 8.35738 8.35738 8.964043 8.964043 8.7880745 8.862453 8.862453 8.862453 8.862453
9.73698 9.73698 9.73698 9.73698 9.73698 9.73698 9.880869 9.73698 8.572754 9.73698 9.73698 9.085307 9.880869 9.952755 9.880869 9.880869 9.952755 9.952755 9.952755 9.952755 9.952755 9.952755 9.952755 9.952755 9.73698 9.73698 9.73698 9.73698 9.73698 9.085307 9.085307 9.73698 9.73698 9.73698 9.73698 9.033571 9.033571 9.033571 9.033571 8.35738 8.7880745 8.7880745 8.7880745 8.7880745 8.7880745 8.7880745 8.7880745 8.7880745 8.35738 8.35738 8.35738 8.35738 8.35738 8.35738 8.35738 8.35738 8.7880745 8.7880745 8.7880745 8.7880745 8.7880745
9.73698 9.73698 9.033571 9.033571 9.73698 9.73698 9.73698 9.73698 9.73698 9.73698 9.73698 9.73698 9.880869 9.952755 9.880869 9.880869 9.952755 9.952755 9.952755 9.952755 9.952755 9.952755 9.952755 9.952755 9.73698 9.73698 9.73698 9.085307 9.085307 9.085307 9.952755 9.73698 9.73698 9.73698 9.085307 9.033571 9.033571 9.033571 8.552339 8.35738 8.7880745 8.7880745 8.7880745 8.7880745 8.7880745 8.7880745 8.7880745 8.7880745 8.7880745 8.35738 8.35738 8.35738 8.35738 8.35738 8.35738 8.35738 8.7880745 8.7880745 8.7880745 8.7880745 8.7880745
9.73698 9.73698 9.033571 9.033571 9.033571 9.73698 9.033571 9.033571 9.73698 9.73698 9.73698 9.73698 9.085307 9.952755 9.952755 9.952755 9.952755 9.880869 9.952755 9.952755 9.952755 9.952755 9.952755 9.952755 9.952755 9.952755 9.085307 9.085307 9.952755 9.73698 9.73698 9.73698 9.73698 9.73698 9.085307 9.033571 9.033571 9.033571 9.033571 9.596541 9.596541 9.596541 8.7880745 8.35738 8.7880745 8.7880745 8.7880745 8.7880745 8.7880745 8.35738 8.35738 8.35738 8.35738 8.35738 8.35738 8.35738 8.7880745 8.862453 8.862453 8.7880745 8.7880745
7.6005316 7.4071717 7.1095476 7.1095476 7.1095476 7.6005316 8.091757 8.091757 7.4071717 8.091757 8.091757 8.091757 8.091757 8.259843 8.259843 8.259843 8.259843 8.2033825 8.2033825 8.259843 8.2033825 8.259843 8.259843 8.259843 8.259843 8.259843 8.259843 8.259843 7.6005316 8.091757 8.091757 8.091757 8.091757 7.6005316 7.6005316 7.4071717 7.4071717 7.4071717 8.091757 8.0653305 8.0653305 8.0653305 7.3938293 7.131898 7.3938293 7.3938293 7.131898 7.131898 7.131898 7.131898 7.131898 7.131898 7.131898 7.131898 7.131898 7.131898 7.131898 7.3938293 7.434588 7.131898 8.0653305
7.1095476 7.1095476 7.1095476 7.1095476 7.1095476 7.6005316 8.091757 8.091757 8.091757 8.091757 8.091757 8.091757 8.091757 8.091757 8.091757 8.091757 8.259843 7.089842 8.2033825 8.2033825 8.2033825 8.2033825 8.259843 8.259843 8.259843 8.259843 8.259843 7.6005316 7.6005316 7.6005316 7.6005316 8.091757 8.091757 7.6005316 8.091757 7.4071717 7.4071717 7.4071717 8.091757 8.0653305 8.0653305 8.0653305 7.3938293 7.3938293 7.131898 7.131898 7.3938293 7.131898 7.131898 7.131898 7.131898 7.131898 7.3938293 7.3938293 7.609178 7.609178 7.131898 7.3938293 8.0653305 7.609178 7.609178
7.1095476 7.1095476 7.1095476 7.1095476 7.1095476 8.091757 8.091757 8.091757 8.259843 8.259843 8.259843 8.091757 8.091757 8.091757 8.091757 8.091757 8.259843 8.259843 8.259843 8.2033825 8.2033825 8.091757 8.091757 8.259843 8.259843 8.259843 8.259843 8.259843 7.6005316 7.6005316 7.6005316 8.091757 8.259843 8.091757 8.091757 7.4071717 7.4071717 7.4071717 8.091757 8.0653305 8.0653305 7.3938293 7.3938293 7.3938293 7.3938293 7.3938293 7.3938293 7.3938293 7.131898 7.131898 7.131898 7.131898 7.131898 7.609178 8.0653305 7.609178 7.609178 8.0653305 8.0653305 8.0653305 8.224409
