Export/ASCII/RMeteo_SP_inch/RMeteo_2016_SP2_inch.asc
ncols         660
nrows         338
xllcorner     1476150
yllcorner     5017150
cellsize      100
NODATA_value  -9.9e-20
[rows 0 to 26 of 338, columns 549 to 609 of 660]
8.059055 8.059055 8.059055 8.059055 8.059055 8.01668 8.01668 8.070866 8.070866 8.070866 8.070866 8.070866 8.070866 8.070866 8.070866 7.634859 7.634859 8.070866 8.070866 8.070866 8.070866 4.764913 4.764913 4.764913 4.764913 4.764913 4.764913 4.764913 4.765039 4.765039 7.634859 7.634859 4.739719 6.793547 7.634859 8.070866 4.765039 4.765039 4.765039 4.765039 4.765039 4.765039 4.7630486 4.7630486 4.7630486 4.7630486 4.7630486 4.7649136 4.739719 4.739719 4.739719 4.7630486 8.01668 8.070866 2.5790548 2.5779448 2.5779448 2.5790548 2.5790548 7.1133833 2.5790548
8.059055 8.059055 8.059055 8.059055 7.8412824 8.01668 8.01668 8.068689 8.01668 8.01668 8.070866 8.070866 8.070866 8.070866 8.070866 7.634859 7.634859 8.070866 8.070866 8.070866 4.765039 4.764913 4.764913 4.764913 4.764913 4.764913 4.764913 8.070866 8.070866 8.070866 4.739719 4.739719 4.739719 7.634859 7.634859 4.765039 4.765039 4.765039 4.765039 4.765039 4.765039 4.765039 4.765039 4.765039 4.765039 4.7630486 4.7630486 4.764913 4.739719 4.739719 4.739719 4.739719 2.5790548 2.5790548 2.5790548 2.5790548 2.5790548 2.5790548 2.5790548 2.5790548 2.5779448
8.059055 8.059055 8.059055 8.059055 7.8412824 8.01668 8.01668 8.068689 8.070866 8.070866 8.070866 8.070866 8.070866 8.070866 8.070866 8.01668 8.01668 8.01668 4.765039 8.070866 4.7630486 4.7630486 4.764913 4.764913 4.764913 4.764913 4.764913 8.070866 8.070866 8.070866 4.765039 4.739719 4.739719 8.070866 8.070866 4.765039 4.765039 4.765039 4.765039 4.765039 4.765039 4.765039 4.765039 4.765039 4.765039 4.765039 4.7649136 4.764913 4.739719 4.739719 4.739719 4.739719 2.5790548 2.5790548 2.5790548 2.5790548 2.5790548 2.5790548 2.5790548 2.5790548 2.5779448
8.059055 8.059055 8.059055 8.059055 8.059055 8.01668 8.01668 8.070866 8.070866 8.070866 8.070866 8.070866 8.070866 8.070866 8.070866 8.070866 8.01668 7.634859 4.739719 7.634859 4.7630486 4.7630486 4.7630486 4.764913 4.764913 4.764913 8.068689 8.070866 7.634859 7.634859 4.765039 4.765039 4.765039 8.070866 4.765039 4.765039 4.765039 4.765039 4.765039 4.765039 4.765039 4.765039 4.765039 4.765039 4.765039 4.765039 4.7649136 4.7649136 4.765039 4.765039 4.765039 4.765039 2.5790548 2.5790548 2.5790548 2.5790548 2.5790548 2.5790548 2.5790548 2.5790548 2.5779448
8.059055 8.059055 8.059055 8.059055 8.059055 8.070866 8.070866 8.070866 7.634859 7.634859 7.634859 7.634859 7.634859 7.634859 7.634859 7.634859 7.634859 7.634859 6.793547 4.739719 4.765039 4.7630486 4.7630486 4.765039 4.765039 4.765039 8.070866 8.070866 7.634859 7.634859 4.765039 4.765039 4.739719 8.070866 4.765039 4.765039 4.765039 4.765039 4.765039 4.765039 4.765039 4.765039 4.765039 4.739719 4.764913 4.764913 4.7630486 4.7630486 4.765039 4.765039 4.765039 4.765039 8.070866 2.5790548 8.070866 8.070866 2.5790548 2.5790548 2.5790548 2.5790548 2.5790548
8.059055 8.059055 8.059055 8.059055 8.059055 8.070866 8.070866 8.070866 7.634859 7.634859 7.634859 6.793547 6.793547 7.634859 7.634859 7.634859 7.634859 7.634859 8.01668 4.7630486 4.765039 4.7630486 4.7630486 4.765039 4.765039 8.070866 8.070866 8.070866 8.070866 4.765039 4.765039 4.765039 4.739719 7.634859 4.765039 4.765039 4.765039 4.765039 4.765039 4.7630486 4.7630486 4.7630486 4.765039 4.739719 4.764913 4.7630486 4.7630486 4.7630486 4.765039 4.765039 4.764913 4.764913 8.068689 8.070866 8.070866 8.070866 8.070866 8.070866 2.5790548 2.5790548 2.5790548
8.059055 8.059055 8.059055 8.059055 8.059055 8.070866 8.070866 8.070866 7.634859 7.634859 7.634859 6.793547 6.793547 7.634859 7.634859 7.634859 8.01668 8.01668 8.01668 4.7630486 4.739719 4.765039 4.765039 4.765039 4.765039 8.070866 8.070866 8.070866 8.070866 8.070866 4.765039 4.765039 4.739719 4.739719 8.070866 4.765039 4.7630486 4.765039 4.765039 4.7630486 4.7630486 4.7630486 4.765039 4.7630486 4.7630486 7.055367 7.055367 4.7630486 4.7630486 4.7630486 4.7630486 4.739719 7.634859 7.634859 7.634859 8.070866 8.070866 8.070866 8.070866 8.070866 2.5790548
7.9752717 8.059055 8.059055 8.059055 8.059055 8.070866 8.070866 8.070866 8.01668 7.634859 7.634859 6.793547 6.793547 6.793547 6.793547 6.793547 7.055367 7.055367 8.01668 4.739719 4.739719 4.739719 4.765039 4.765039 4.765039 8.070866 8.070866 8.070866 8.070866 8.068689 4.764913 4.764913 4.765039 4.765039 8.070866 4.765039 4.7630486 4.7630486 4.7630486 4.7630486 4.7630486 4.7630486 4.7630486 4.7630486 6.793547 6.793547 6.793547 6.793547 7.055367 4.7630486 4.7630486 4.739719 6.793547 6.793547 7.634859 8.070866 8.070866 7.634859 8.070866 8.070866 8.068689
7.9752717 7.9752717 8.059055 8.059055 8.059055 8.070866 8.070866 8.01668 8.01668 7.634859 7.634859 8.01668 8.01668 7.055367 7.055367 7.055367 7.055367 7.055367 8.01668 4.739719 4.739719 4.739719 4.765039 4.765039 4.765039 8.070866 8.070866 8.070866 8.068689 8.068689 4.764913 4.764913 4.765039 4.765039 8.070866 4.765039 4.7630486 4.7630486 4.7630486 4.7630486 4.7630486 4.7630486 4.7630486 7.055367 6.793547 6.793547 6.793547 6.793547 7.055367 4.7630486 4.7630486 4.739719 7.634859 7.634859 7.634859 7.634859 7.634859 7.634859 7.634859 8.068689 8.068689
7.9752717 7.9752717 8.059055 8.059055 8.059055 8.070866 8.01668 8.01668 8.01668 7.634859 8.01668 8.01668 8.01668 7.055367 7.055367 7.055367 7.055367 8.01668 8.01668 8.01668 4.739719 4.739719 4.764913 8.070866 8.070866 8.070866 8.070866 8.070866 8.070866 4.765039 4.764913 4.765039 4.765039 4.765039 8.070866 8.070866 4.765039 4.7630486 4.7630486 4.7630486 4.7630486 4.7630486 4.7630486 4.7630486 7.055367 6.793547 6.793547 6.793547 6.793547 4.7630486 4.7630486 4.7630486 7.634859 7.634859 7.634859 7.634859 7.634859 6.793547 7.634859 8.070866 8.070866
8.059055 8.059055 8.059055 8.059055 8.059055 8.070866 8.070866 8.01668 8.01668 8.070866 8.01668 8.01668 8.01668 8.01668 8.01668 7.055367 7.055367 8.01668 8.01668 8.01668 8.01668 4.764913 4.764913 8.070866 7.634859 7.634859 8.070866 8.070866 8.070866 4.765039 4.739719 4.739719 4.765039 4.765039 8.070866 8.070866 4.765039 4.764913 4.7630486 4.7630486 4.765039 4.7630486 4.7630486 4.7630486 7.055367 7.055367 7.055367 6.793547 6.793547 7.055367 4.7630486 4.7630486 8.070866 8.070866 7.634859 7.634859 7.634859 6.793547 7.634859 7.634859 8.070866
8.059055 8.059055 8.059055 8.059055 7.032283 8.070866 8.070866 8.01668 8.070866 8.070866 8.070866 8.070866 8.01668 8.01668 8.01668 7.055367 7.055367 8.01668 7.634859 6.793547 8.01668 8.068689 8.068689 8.070866 7.634859 7.634859 8.070866 7.634859 4.739719 4.7630486 4.7630486 4.7630486 4.7630486 4.7630486 8.070866 8.070866 8.070866 8.068689 4.764913 4.764913 4.764913 4.765039 4.7630486 4.7630486 4.7630486 4.7630486 7.055367 7.055367 4.7630486 4.7630486 4.7630486 8.070866 8.070866 7.634859 7.634859 7.634859 7.634859 7.634859 7.634859 7.634859 8.070866
8.059055 8.059055 8.059055 8.059055 8.059055 8.070866 8.070866 8.070866 8.070866 7.634859 7.634859 7.634859 7.634859 8.01668 8.01668 8.01668 6.793547 6.793547 6.793547 6.793547 8.01668 8.01668 8.070866 8.070866 7.0964684 8.068689 8.01668 8.01668 7.055367 4.7630486 4.7630486 4.7630486 4.7630486 4.7630486 4.765039 8.070866 8.070866 8.070866 4.764913 4.764913 4.764913 4.765039 4.765039 4.7630486 4.7630486 4.7630486 4.7630486 4.7630486 4.7630486 4.7630486 4.7630486 8.070866 8.070866 7.634859 7.634859 7.634859 7.634859 7.634859 7.634859 7.634859 7.634859
7.8412824 8.059055 8.059055 8.059055 8.059055 8.070866 8.070866 8.070866 8.070866 7.634859 7.634859 7.634859 7.634859 8.01668 8.01668 8.01668 6.793547 6.793547 6.793547 6.793547 7.055367 7.634859 8.070866 8.070866 8.068689 8.068689 8.01668 8.01668 7.055367 4.7630486 4.7630486 4.7630486 4.7630486 4.3779526 8.070866 8.070866 8.070866 8.070866 8.070866 4.7630486 4.7630486 4.765039 4.765039 4.7630486 4.7630486 4.7630486 4.7630486 4.7630486 4.7630486 4.765039 8.070866 8.070866 8.070866 8.070866 8.070866 7.634859 7.634859 7.634859 7.634859 7.634859 7.634859
8.059055 8.059055 8.059055 8.059055 8.059055 8.070866 8.01668 8.070866 8.070866 7.634859 7.634859 6.793547 6.793547 8.01668 8.01668 8.01668 8.01668 6.793547 6.793547 6.793547 8.01668 8.01668 8.070866 8.070866 8.070866 7.634859 7.634859 8.01668 7.055367 4.7630486 4.7630486 4.765039 4.765039 4.3779526 6.991811 8.070866 8.070866 8.070866 8.070866 8.01668 4.765039 4.765039 4.765039 4.765039 4.765039 4.7630486 4.7630486 4.7630486 8.01668 8.070866 8.070866 8.070866 8.070866 8.070866 8.070866 8.070866 7.634859 7.634859 7.634859 7.634859 7.634859
8.059055 8.059055 8.059055 8.059055 8.059055 8.070866 8.01668 8.070866 8.070866 7.634859 6.793547 7.0964684 7.0964684 8.01668 7.055367 7.055367 7.055367 6.793547 7.634859 7.634859 8.01668 8.01668 8.070866 8.070866 8.070866 8.070866 8.070866 8.070866 4.7630486 4.7630486 4.765039 4.765039 4.765039 4.3779526 6.991811 8.070866 8.070866 8.070866 8.070866 8.070866 8.070866 8.070866 8.070866 8.070866 8.070866 8.070866 8.070866 8.070866 8.070866 8.070866 8.070866 8.070866 8.070866 8.070866 8.070866 8.070866 8.070866 8.070866 8.068689 7.634859 7.634859
8.059055 8.059055 8.059055 8.059055 8.059055 8.068689 8.01668 8.01668 8.070866 8.01668 8.01668 8.068689 8.068689 8.01668 8.01668 7.055367 8.01668 7.634859 7.634859 8.01668 8.068689 8.070866 8.070866 8.01668 8.01668 8.01668 8.01668 8.070866 4.3779526 4.3779526 4.765039 4.765039 4.3779526 4.3779526 6.991811 6.991811 8.070866 8.070866 8.070866 8.070866 8.070866 8.070866 8.070866 8.070866 8.070866 8.070866 8.070866 8.070866 8.070866 8.070866 8.070866 8.070866 8.070866 8.070866 8.070866 8.070866 8.070866 8.070866 8.070866 8.070866 8.070866
8.059055 8.059055 8.059055 8.059055 8.059055 8.070866 8.070866 8.070866 8.070866 8.070866 8.01668 8.068689 8.068689 8.01668 8.01668 8.070866 8.070866 8.070866 8.070866 8.070866 8.070866 8.070866 8.070866 8.01668 8.01668 8.01668 8.01668 8.070866 4.765039 4.765039 4.3779526 4.765039 4.765039 4.3779526 6.991811 6.991811 6.991811 8.070866 8.070866 8.070866 8.070866 8.070866 8.070866 8.070866 8.070866 8.070866 8.070866 8.070866 8.070866 8.070866 8.070866 8.070866 8.070866 8.070866 8.070866 8.070866 8.070866 8.070866 8.070866 8.070866 8.070866
8.059055 8.059055 8.059055 8.059055 8.059055 8.070866 8.070866 8.070866 8.070866 8.070866 8.070866 8.070866 8.070866 8.070866 8.01668 8.070866 8.070866 8.070866 8.070866 8.070866 8.070866 8.070866 8.01668 8.01668 8.01668 8.01668 8.01668 7.634859 7.634859 4.765039 4.3779526 4.765039 4.765039 4.765039 6.991811 6.991811 6.991811 8.070866 8.070866 8.070866 8.070866 8.070866 8.070866 8.070866 8.070866 8.070866 8.070866 8.070866 8.070866 8.070866 8.070866 8.070866 8.070866 8.070866 8.070866 8.070866 8.070866 8.070866 8.070866 8.070866 8.070866
8.059055 8.059055 7.9752717 7.9752717 8.059055 8.070866 8.070866 8.070866 8.070866 8.070866 8.070866 8.070866 8.01668 8.01668 8.070866 8.070866 8.070866 8.070866 8.070866 8.070866 8.070866 8.070866 8.01668 8.01668 8.01668 6.793547 6.793547 6.793547 7.634859 4.765039 4.765039 4.765039 4.765039 4.765039 4.3779526 6.991811 6.991811 8.070866 8.070866 8.070866 8.070866 8.070866 8.070866 8.070866 8.070866 8.070866 8.070866 8.070866 8.070866 8.070866 8.070866 8.070866 8.070866 8.070866 8.070866 8.070866 8.070866 8.070866 8.070866 8.070866 8.070866
8.059055 8.059055 7.9752717 7.9752717 8.059055 8.070866 8.070866 8.070866 8.070866 8.070866 8.070866 8.070866 8.01668 8.01668 8.070866 8.070866 8.070866 8.070866 8.070866 8.070866 8.070866 8.070866 8.070866 8.070866 8.070866 7.634859 6.793547 7.634859 8.070866 8.070866 4.765039 4.765039 4.765039 4.765039 4.765039 4.3779526 6.991811 8.070866 8.070866 8.070866 8.070866 8.070866 8.070866 8.070866 8.070866 8.070866 8.070866 8.070866 8.068689 7.634859 7.634859 7.634859 7.634859 8.070866 8.070866 8.070866 8.070866 8.070866 8.070866 8.070866 8.070866
8.059055 8.059055 8.059055 8.059055 8.059055 8.070866 8.070866 8.070866 8.070866 8.070866 8.070866 8.070866 8.070866 8.068689 8.01668 8.070866 8.070866 8.070866 8.070866 8.070866 8.070866 8.070866 8.070866 8.070866 8.070866 8.070866 8.070866 8.070866 6.991811 8.070866 4.7649136 4.739719 4.765039 4.765039 4.765039 4.765039 6.991811 8.070866 8.070866 8.070866 8.070866 8.070866 8.070866 8.070866 8.070866 8.070866 8.01668 8.01668 7.634859 7.634859 6.793547 6.793547 7.634859 7.634859 6.991811 8.070866 8.070866 8.070866 8.070866 7.634859 7.634859
8.059055 8.059055 8.059055 8.059055 8.059055 8.070866 8.070866 8.070866 8.070866 7.634859 8.070866 8.070866 8.01668 8.01668 8.01668 8.070866 8.070866 8.070866 8.070866 8.070866 8.070866 8.070866 8.070866 8.070866 8.070866 8.070866 8.068689 8.070866 8.070866 4.765039 4.7649136 4.739719 4.765039 4.3779526 4.765039 4.765039 6.991811 8.070866 8.070866 8.070866 8.070866 8.070866 8.070866 8.070866 8.070866 8.01668 8.01668 8.068689 8.068689 6.793547 6.793547 6.793547 7.634859 7.634859 8.070866 8.070866 7.634859 7.634859 7.634859 7.634859 7.634859
8.059055 8.059055 8.059055 8.059055 8.059055 8.070866 8.070866 8.070866 8.070866 7.634859 8.070866 8.01668 8.01668 8.01668 8.01668 8.01668 8.01668 8.070866 8.070866 8.070866 8.070866 8.070866 8.068689 8.068689 8.068689 8.068689 8.068689 8.068689 8.01668 4.765039 4.765039 4.739719 4.765039 4.765039 4.765039 4.765039 4.765039 6.991811 8.068689 8.068689 4.764913 8.070866 8.070866 8.070866 8.070866 8.070866 8.01668 8.01668 8.068689 6.793547 6.793547 7.634859 7.634859 7.634859 7.634859 7.634859 7.634859 7.634859 7.634859 6.793547 6.793547
6.2004724 7.271652 7.271652 7.271652 7.271652 7.3818893 7.3818893 7.3818893 7.34943 7.34943 7.34943 7.34943 6.544694 7.34943 7.34943 7.34943 7.34943 7.34943 7.3818893 7.3818893 7.34943 7.3818893 7.3818626 7.3818626 7.3818626 7.3818626 7.3818617 7.3818617 7.34943 4.655118 4.655118 4.655118 4.655118 4.655118 4.655118 4.655118 4.655118 4.655118 7.3818617 7.3818626 7.3818626 4.655117 7.3818893 7.3818893 7.3818893 7.3818893 7.3818893 7.3818893 7.3818893 7.0521293 7.0521293 7.0521293 6.3530855 7.0521293 7.0521293 6.3530855 6.3530855 6.3530855 7.0521293 7.0521293 6.3530855
7.271652 7.271652 7.271652 7.271652 7.271652 7.3818893 7.3818626 7.3818893 7.34943 7.34943 7.34943 6.544694 6.544694 6.544694 6.544694 6.544694 7.34943 7.34943 7.34943 7.34943 7.34943 7.34943 7.34943 7.3818626 7.3818893 7.3818626 7.3818626 7.3818626 7.34943 4.655118 4.655118 4.655118 4.655118 4.655118 4.655118 4.655118 4.655118 4.655118 6.3185825 7.3818893 7.3818626 4.655118 4.655118 7.3818893 7.3818893 7.34943 7.34943 7.34943 7.34943 7.0521293 7.0521293 6.3530855 6.3530855 7.0521293 7.0521293 6.3530855 7.0521293 7.0521293 7.0521293 7.0521293 7.0521293
7.271652 7.271652 7.271652 7.271652 7.271652 7.3818626 7.34943 7.34943 7.34943 7.34943 7.34943 7.34943 6.544694 6.544694 6.544694 6.544694 6.544694 7.34943 7.34943 6.544694 6.544694 6.544694 7.34943 7.3818626 7.3818617 7.3818617 7.3818626 7.3818626 7.34943 4.655118 4.655118 4.655118 4.655118 4.655118 4.655118 4.655118 4.655117 4.655117 6.3185825 7.3818893 7.3818893 4.655118 4.655118 4.655118 4.655118 7.34943 4.654781 7.34943 7.34943 7.34943 6.3530855 6.3530855 6.3530855 7.0521293 7.0521293 6.3530855 7.0521293 7.0521293 7.0521293 7.0521293 7.0521293
