Export/ASCII/RMeteo_SP_inch/RMeteo_2018_SP2_inch.asc
ncols         660
nrows         338
xllcorner     1476150
yllcorner     5017150
cellsize      100
NODATA_value  -9.9e-20
[rows 252 to 279 of 338, columns 315 to 377 of 660]
9.222867 6.341297 6.3781066 6.331652 6.331652 9.188975 9.188975 9.188975 9.188975 8.836573 8.836573 8.836573 9.188975 9.188975 9.188975 9.188975 9.188975 9.188975 9.188975 9.188975 9.188975 9.188975 8.836573 8.836573 8.836573 8.836573 8.836573 8.836573 8.836573 6.331652 6.331652 6.331652 6.331652 9.188975 9.188975 9.188975 9.188975 9.188975 8.587633 8.587633 8.587633 9.07135 8.699781 8.699781 8.699781 8.699781 8.699781 8.699781 8.699781 8.699781 9.07135 9.07135 9.07135 8.186111 8.186111 8.186111 8.186111 8.795083 8.186111 8.186111 8.186111 8.699781 8.699781
9.222867 6.258954 6.3781066 7.8089747 9.188975 9.188975 9.188975 9.188975 9.188975 9.188975 9.188975 9.188975 9.188975 9.157841 9.157841 9.157841 9.188975 9.188975 9.188975 9.188975 9.188975 9.188975 9.188975 8.836573 8.836573 8.836573 8.836573 8.836573 8.836573 8.836573 6.331652 6.331652 6.331652 9.188975 9.188975 9.188975 8.587633 8.587633 9.188975 9.188975 9.188975 9.07135 9.07135 8.699781 8.699781 8.699781 8.699781 8.699781 8.699781 9.07135 9.07135 9.07135 9.07135 8.186111 8.186111 8.186111 8.186111 8.186111 8.186111 8.186111 8.186111 8.699781 8.699781
8.802441 8.802441 9.222867 9.188975 9.188975 9.188975 9.188975 8.836573 9.188975 9.188975 9.188975 9.188975 9.188975 9.157841 9.157841 9.188975 9.188975 9.188975 9.188975 9.188975 9.188975 9.188975 9.188975 9.188975 8.836573 8.836573 8.836573 8.836573 8.836573 8.836573 6.331652 6.331652 6.331652 9.188975 8.587633 8.587633 8.587633 9.07135 9.07135 9.07135 9.188975 9.188975 9.07135 8.699781 8.699781 8.699781 8.699781 8.699781 8.699781 9.07135 9.07135 9.07135 8.587633 8.186111 8.186111 8.186111 8.186111 8.186111 8.186111 8.186111 8.699781 8.699781 8.699781
8.802441 8.802441 9.222867 9.07135 9.157841 9.157841 9.188975 8.836573 9.188975 9.188975 9.188975 9.188975 9.188975 9.188975 9.188975 9.188975 9.188975 9.188975 9.188975 9.188975 9.188975 9.188975 9.188975 9.188975 9.188975 9.188975 9.188975 9.188975 8.836573 9.188975 6.331652 6.2724795 6.2724795 9.188975 8.587633 8.587633 8.699781 8.699781 9.07135 9.07135 9.188975 9.188975 9.188975 8.836575 8.699781 8.699781 8.699781 8.699781 8.699781 8.699781 8.699781 9.07135 9.07135 9.07135 8.587633 8.186111 8.186111 8.186111 8.186111 8.186111 8.699781 8.699781 8.699781
8.802441 8.802441 9.222867 9.07135 9.157841 9.157841 9.188975 8.836573 9.188975 9.188975 9.188975 9.188975 9.188975 9.188975 9.188975 9.188975 9.188975 9.188975 9.188975 9.188975 9.188975 9.188975 9.157841 9.157841 9.157841 9.188975 9.188975 9.188975 9.188975 9.188975 9.188975 6.2724795 6.2724795 9.157841 8.587633 8.587633 9.07135 9.07135 9.07135 9.07135 9.188975 9.188975 8.699781 8.699781 8.699781 8.699781 8.699781 8.699781 9.07135 9.188975 9.07135 9.07135 9.07135 9.07135 8.587633 8.186111 8.186111 8.186111 8.186111 8.699781 8.699781 8.699781 8.699781
9.222867 9.222867 9.222867 9.188975 9.188975 9.188975 9.188975 7.517794 0.0 0.0 9.157841 9.188975 9.188975 9.188975 9.188975 9.188975 9.188975 9.188975 9.188975 9.188975 9.188975 9.188975 9.157841 9.188975 9.188975 9.157841 9.188975 9.188975 9.188975 9.188975 9.188975 8.699781 6.2724795 9.157841 9.157841 8.587633 9.188975 9.07135 8.699781 9.07135 9.07135 9.07135 8.699781 8.699781 8.699781 8.699781 8.699781 8.699781 9.07135 9.188975 9.07135 9.07135 9.07135 9.07135 8.186111 8.186111 8.186111 8.186111 8.186111 8.186111 8.699781 8.699781 8.699781
9.397636 9.397636 9.397636 9.188975 9.188975 9.188975 9.188975 7.8089747 7.8089747 0.0 9.157841 9.157841 9.188975 9.188975 9.188975 9.188975 9.188975 9.188975 9.188975 9.188975 9.188975 9.188975 9.157841 9.07135 9.157841 9.157841 9.188975 9.188975 9.188975 9.188975 9.188975 8.836573 6.331652 9.157841 9.07135 9.07135 8.699781 9.07135 9.07135 9.07135 9.07135 8.699781 8.699781 8.699781 8.699781 6.2724795 6.2724795 8.699781 9.07135 8.836575 8.836575 9.188975 8.587633 8.587633 8.186111 8.186111 8.186111 8.186111 8.186111 8.186111 8.186111 8.186111 8.699781
9.397636 9.397636 9.397636 9.188975 9.188975 9.188975 7.8089747 7.8089747 9.188975 8.795083 8.795083 8.795083 9.188975 9.188975 9.188975 9.188975 9.188975 9.188975 9.188975 9.188975 9.188975 9.188975 9.188975 9.07135 9.157841 9.157841 9.188975 9.188975 9.188975 9.188975 9.188975 8.836573 6.331652 6.331652 9.07135 8.699781 8.699781 8.699781 8.699781 8.699781 9.07135 6.2724795 8.699781 8.699781 6.2724795 6.2724795 6.2724795 6.2724795 9.07135 8.836575 8.836575 8.836575 8.587633 8.587633 8.186111 8.186111 8.186111 8.186111 8.836575 8.186111 8.186111 8.699781 8.699781
9.440947 9.440947 9.440947 9.358267 9.358267 9.358267 0.0 7.9782677 7.9782677 8.843805 8.843805 8.843805 9.358267 9.358267 9.358267 9.358267 9.358267 9.358267 9.358267 9.358267 9.358267 9.358267 9.358267 9.201293 9.201293 9.358267 9.358267 9.358267 9.358267 9.358267 9.358267 8.924118 8.924118 6.0994253 8.69921 8.69921 8.69921 8.69921 8.69921 6.0994253 6.2246184 6.0994253 6.0994253 6.0994253 6.0994253 6.0994253 6.0994253 6.2246184 9.358267 8.602061 8.602061 9.358267 8.602061 8.602061 8.602061 8.107442 8.107442 8.107442 8.107442 8.107442 8.107442 8.69921 8.69921
6.4641905 6.4641905 9.440947 9.358267 9.317942 9.358267 9.358267 0.0 7.9782677 7.9782677 8.843805 8.843805 8.924118 9.358267 9.358267 9.358267 9.358267 9.358267 9.358267 9.358267 9.358267 6.2246184 9.358267 9.358267 9.358267 9.358267 9.358267 9.358267 9.358267 9.358267 9.358267 8.924118 8.843805 8.69921 9.201293 9.201293 8.69921 8.69921 8.69921 6.0994253 6.0994253 6.0994253 6.0994253 6.0994253 5.9073877 5.9073877 8.924118 8.924118 8.924118 8.602061 8.602061 8.602061 8.602061 8.602061 9.201293 8.69921 8.69921 8.107442 8.107442 8.107442 8.107442 8.69921 8.69921
9.440947 9.440947 9.440947 9.317942 9.317942 9.317942 9.358267 9.358267 7.9782677 7.9782677 8.924118 8.924118 8.924118 9.358267 9.358267 9.358267 9.358267 9.358267 9.358267 9.358267 6.2246184 6.2246184 9.358267 9.358267 9.358267 9.358267 9.358267 9.358267 9.358267 9.358267 9.358267 9.358267 8.69921 8.69921 9.201293 9.201293 9.201293 8.69921 9.201293 6.0994253 6.0994253 6.0994253 6.0994253 6.0994253 6.0994253 6.0994253 8.924118 8.924118 8.924118 8.92412 8.107442 8.107442 8.602061 8.107442 8.602061 8.69921 8.69921 8.107442 8.107442 8.107442 8.107442 8.107442 8.107442
9.440947 9.440947 9.440947 9.358267 9.317942 9.317942 9.358267 9.358267 9.358267 9.358267 9.358267 8.924118 8.924118 9.358267 9.317942 9.317942 9.358267 9.358267 9.358267 9.358267 6.2246184 6.2246184 9.358267 9.358267 9.358267 9.358267 9.358267 9.358267 9.358267 9.358267 9.358267 9.358267 9.201293 9.201293 9.201293 9.358267 9.201293 9.201293 9.201293 8.107442 8.69921 8.69921 6.0994253 6.0994253 6.0994253 6.0994253 8.69921 8.924118 8.924118 8.924118 8.92412 8.92412 8.107442 8.602061 8.107442 8.69921 9.201293 8.107442 8.107442 8.107442 8.107442 8.107442 8.107442
9.440947 9.440947 9.440947 9.358267 9.358267 9.358267 9.358267 9.358267 9.358267 9.358267 9.358267 9.358267 8.924118 8.924118 9.317942 9.317942 9.358267 9.358267 9.358267 6.2246184 6.2246184 6.2246184 6.2246184 9.358267 9.358267 9.358267 9.358267 9.358267 9.358267 9.358267 9.358267 9.358267 9.201293 9.201293 9.317942 9.358267 9.201293 9.201293 8.69921 8.69921 8.92412 8.92412 8.69921 8.69921 8.69921 8.69921 8.92412 8.924118 8.924118 8.924118 8.924118 8.107442 8.107442 8.107442 8.602061 8.107442 8.602061 8.602061 8.107442 8.107442 8.107442 8.107442 8.107442
9.440947 9.440947 9.440947 9.358267 9.358267 9.358267 9.358267 9.358267 9.358267 9.358267 9.358267 9.358267 9.358267 8.924118 9.358267 9.358267 9.358267 9.358267 9.358267 6.2246184 6.2246184 6.2246184 6.2246184 9.358267 9.358267 9.358267 9.358267 9.358267 9.358267 9.358267 9.358267 9.358267 9.201293 9.201293 9.201293 9.201293 9.201293 9.201293 8.69921 8.69921 8.69921 8.92412 8.92412 8.924118 8.69921 8.69921 8.924118 8.924118 8.924118 8.924118 8.924118 8.924118 8.107442 8.107442 8.107442 9.201293 9.201293 8.69921 8.107442 8.107442 8.107442 8.107442 8.107442
9.440947 9.440947 9.440947 9.358267 9.358267 9.358267 9.358267 9.358267 9.358267 9.358267 9.358267 9.358267 8.602061 8.107442 8.602061 9.358267 9.358267 9.358267 9.358267 6.2246184 6.2246184 6.2246184 6.2246184 6.2246184 6.2246184 9.358267 9.358267 9.358267 9.358267 9.201293 9.201293 9.201293 9.201293 9.201293 9.201293 9.201293 9.201293 8.92412 8.843805 8.69921 8.69921 8.92412 8.924118 8.924118 8.924118 8.924118 8.924118 8.924118 8.924118 8.924118 8.924118 8.924118 8.924118 8.107442 8.107442 9.201293 9.201293 8.69921 8.92412 8.107442 8.107442 8.107442 8.107442
9.440947 9.440947 9.440947 9.358267 9.358267 9.358267 8.602061 9.358267 9.358267 9.201293 9.358267 8.602061 9.201293 8.69921 8.602061 8.602061 8.602061 8.602061 8.602061 5.9073877 5.9073877 5.9073877 6.2246184 6.2246184 6.2246184 6.2246184 9.358267 9.358267 9.201293 9.201293 8.69921 8.69921 9.201293 9.201293 9.201293 9.201293 9.201293 8.92412 8.843805 8.843805 7.608161 8.924118 8.924118 8.924118 8.924118 8.924118 8.924118 8.924118 8.924118 8.924118 8.924118 8.924118 8.924118 8.924118 8.69921 9.201293 9.201293 8.107442 8.107442 8.107442 8.107442 8.107442 8.107442
9.440947 9.440947 9.440947 9.358267 9.358267 9.358267 8.602061 9.201293 9.201293 9.201293 9.201293 9.201293 9.201293 8.69921 8.602061 8.602061 8.107442 8.107442 8.107442 8.107442 8.107442 5.9073877 6.1758957 6.1758957 6.2246184 6.2246184 9.358267 9.358267 9.201293 9.201293 9.201293 9.201293 8.69921 9.201293 9.201293 9.201293 9.201293 8.92412 7.608161 8.92412 8.69921 8.69921 8.924118 8.69921 8.69921 8.924118 8.924118 8.924118 8.924118 8.924118 8.924118 8.924118 8.924118 8.924118 8.69921 9.201293 8.602061 8.107442 8.107442 8.107442 8.92412 8.107442 8.107442
9.440947 9.440947 9.440947 9.358267 9.358267 9.358267 9.358267 9.201293 9.201293 9.201293 9.201293 9.201293 8.69921 8.69921 8.843805 8.843805 8.107442 8.107442 8.602061 8.602061 8.602061 5.9073877 6.1758957 6.1758957 6.2246184 6.2246184 6.2246184 9.358267 9.358267 9.358267 9.201293 9.201293 9.201293 9.201293 9.358267 9.201293 9.201293 9.358267 8.924118 8.69921 8.843805 8.843805 8.69921 8.69921 8.69921 8.924118 8.924118 8.69921 8.69921 8.69921 8.924118 8.924118 8.924118 8.924118 8.69921 8.69921 8.602061 8.92412 8.843805 8.843805 8.843805 8.843805 8.92412
9.440947 9.440947 9.440947 9.358267 9.358267 9.358267 9.358267 9.201293 9.201293 9.201293 9.201293 8.69921 8.69921 9.201293 9.317942 9.317942 8.107442 8.107442 8.107442 8.107442 8.602061 5.9073877 6.1758957 6.1758957 5.9073877 5.9073877 6.2246184 9.358267 9.358267 9.201293 9.358267 9.201293 9.201293 9.358267 9.358267 9.358267 9.358267 9.358267 8.924118 8.69921 9.317942 8.843805 8.69921 8.69921 8.924118 8.924118 8.69921 8.69921 8.69921 8.69921 8.924118 8.924118 8.924118 8.924118 8.924118 8.69921 9.358267 9.358267 9.317942 9.317942 8.843805 8.843805 8.843805
9.440947 9.440947 9.440947 9.358267 9.358267 9.358267 9.358267 9.201293 9.201293 9.358267 9.201293 9.201293 9.201293 9.201293 8.602061 8.602061 8.107442 8.107442 8.107442 8.107442 8.107442 8.602061 5.9073877 5.9073877 5.9073877 5.9073877 5.9073877 9.358267 9.358267 9.358267 9.358267 9.358267 9.358267 9.358267 9.358267 9.358267 9.358267 7.9782677 9.358267 9.358267 9.358267 8.924118 8.69921 8.69921 8.69921 8.69921 8.69921 8.69921 8.69921 8.69921 8.69921 8.924118 8.924118 8.924118 8.924118 8.69921 9.201293 9.358267 9.317942 9.317942 8.843805 8.843805 8.843805
9.440947 9.440947 9.440947 9.358267 9.358267 9.358267 9.201293 9.201293 9.201293 9.358267 9.201293 9.201293 9.201293 8.602061 8.602061 8.602061 8.107442 8.107442 8.107442 8.107442 8.602061 8.602061 8.602061 5.9073877 5.9073877 5.9073877 5.9073877 9.358267 9.201293 9.201293 9.358267 9.358267 9.358267 9.358267 9.358267 9.358267 9.358267 7.9782677 9.358267 9.358267 9.358267 8.924118 8.924118 8.924118 6.0994253 6.0994253 8.69921 8.69921 8.69921 8.69921 8.69921 8.69921 8.924118 8.924118 8.924118 8.69921 6.0994253 9.358267 9.358267 9.317942 8.843805 8.843805 8.843805
9.440947 9.440947 9.440947 9.358267 9.358267 9.358267 9.201293 9.201293 8.69921 9.201293 9.201293 9.201293 9.201293 8.602061 9.358267 8.602061 8.602061 8.602061 8.107442 8.107442 8.602061 8.602061 8.602061 8.602061 8.602061 8.107442 5.9073877 6.2246184 6.0994253 9.201293 9.358267 9.358267 9.358267 9.201293 9.358267 9.358267 9.358267 7.9782677 9.358267 9.358267 9.358267 9.358267 9.358267 9.358267 6.0994253 6.0994253 8.69921 8.69921 8.69921 8.69921 8.69921 8.69921 8.92412 8.92412 8.69921 8.69921 6.2246184 6.2246184 9.358267 8.843805 8.843805 8.843805 8.843805
9.440947 9.440947 9.440947 9.358267 9.358267 9.358267 9.358267 9.201293 9.201293 9.201293 9.201293 9.201293 8.602061 8.602061 8.602061 9.358267 8.602061 8.602061 8.602061 8.602061 8.602061 8.602061 8.602061 8.602061 8.602061 8.602061 5.9073877 6.2246184 6.0994253 9.358267 9.358267 9.358267 9.201293 9.201293 9.358267 6.2246184 6.2246184 7.9782677 9.358267 9.358267 9.358267 9.358267 9.317942 6.1758957 6.0994253 6.0994253 8.69921 8.69921 8.69921 8.69921 8.69921 8.69921 8.69921 8.69921 8.69921 8.924118 6.2246184 6.2246184 6.2246184 6.1758957 6.1758957 8.843805 8.843805
9.440947 9.440947 9.440947 9.358267 9.358267 9.358267 9.201293 9.201293 9.201293 9.201293 9.201293 9.201293 9.201293 8.602061 8.602061 9.358267 9.358267 9.358267 8.602061 8.602061 9.358267 9.358267 8.602061 9.358267 9.358267 9.358267 6.2246184 6.2246184 6.0994253 6.2246184 9.358267 9.358267 9.201293 9.201293 9.201293 6.2246184 6.2246184 6.2246184 9.358267 9.358267 9.358267 6.2246184 6.1758957 6.0994253 6.0994253 8.69921 8.69921 8.69921 8.69921 8.69921 8.69921 8.69921 8.69921 8.69921 8.69921 6.2246184 6.2246184 6.2246184 6.2246184 6.1758957 6.1758957 8.843805 8.843805
9.440947 9.440947 9.440947 9.358267 9.358267 9.358267 9.201293 9.201293 9.201293 9.201293 8.69921 9.201293 9.201293 9.201293 9.358267 9.358267 9.358267 9.358267 9.358267 9.358267 9.358267 9.358267 9.358267 9.358267 9.358267 9.358267 6.2246184 6.2246184 6.0994253 6.2246184 9.358267 9.358267 9.201293 9.201293 9.358267 6.2246184 6.2246184 6.2246184 9.358264 9.358267 9.358267 6.2246184 6.0994253 6.0994253 8.69921 8.69921 8.69921 8.69921 8.69921 8.69921 8.69921 8.69921 8.69921 8.69921 8.69921 6.2246184 6.2246184 6.2246184 6.2246184 6.2246184 6.1758957 8.843805 8.843805
9.440947 9.440947 9.440947 9.358267 9.358267 9.358267 9.201293 9.201293 8.69921 8.69921 8.69921 8.69921 9.201293 9.201293 9.358267 9.358267 9.358267 9.317942 9.317942 9.358267 9.358267 9.358267 9.358267 9.358267 9.358267 9.358267 9.201293 6.0994253 6.2246184 6.2246184 6.2246184 9.358267 9.358267 9.358267 9.358267 6.2246184 6.2246184 6.2246184 5.5161233 5.5161233 6.2246184 6.2246184 6.0994253 8.69921 8.69921 8.69921 8.69921 8.69921 8.69921 8.69921 8.69921 8.69921 8.69921 8.69921 8.69921 6.2246184 8.924118 8.924118 8.924118 8.924118 8.843805 8.843805 8.843805
9.440947 9.440947 9.440947 9.358267 9.358267 9.201293 9.201293 8.69921 8.69921 8.69921 8.69921 8.69921 9.201293 9.201293 9.358267 9.358267 9.358267 9.317942 9.317942 9.317942 9.358267 9.358267 9.358267 9.358267 9.358267 9.358267 9.201293 9.201293 6.2246184 6.2246184 6.2246184 9.358267 9.358267 9.358267 9.358267 9.358267 6.2246184 5.5161233 6.2246184 6.2246184 6.2246184 6.2246184 6.0994253 8.69921 8.69921 8.69921 8.107442 8.107442 8.92412 8.69921 8.69921 8.69921 8.69921 8.69921 8.69921 8.924118 8.924118 8.924118 8.924118 8.924118 8.843805 6.1758957 8.843805
9.440947 6.4280434 6.4280434 6.1758957 6.2246184 6.0994253 6.0994253 6.0994253 6.0994253 6.0994253 8.69921 8.69921 8.602061 8.602061 9.358267 9.358267 9.358267 9.317942 9.317942 9.358267 9.358267 9.358267 9.358267 9.358267 9.358267 9.358267 8.602061 8.602061 6.2246184 6.2246184 6.2246184 6.2246184 9.358267 9.358267 9.358267 9.358267 0.0 0.0 5.5161233 6.2246184 6.2246184 6.2246184 6.0994253 6.0994253 8.69921 8.107442 8.107442 8.107442 8.69921 8.69921 8.69921 8.69921 8.69921 8.69921 8.69921 8.924118 8.924118 8.924118 8.924118 8.924118 8.924118 6.1758957 6.1758957
