Export/ASCII/RMeteo_SP_inch/RMeteo_2018_SP2_inch.asc
ncols         660
nrows         338
xllcorner     1476150
yllcorner     5017150
cellsize      100
NODATA_value  -9.9e-20
[rows 168 to 195 of 338, columns 252 to 314 of 660]
9.456694 0.0 0.0 9.456694 9.456694 9.456694 9.398563 9.398563 9.456694 9.456694 9.456694 9.456694 8.106694 8.106694 9.456694 9.456694 9.456694 9.456694 9.243313 8.764643 8.764643 8.764643 8.764643 8.764643 8.937794 8.937794 9.021505 9.456694 9.456694 9.456694 9.021505 9.021505 7.736698 7.736698 9.021505 9.456694 9.456694 8.094322 8.094322 8.094322 8.574687 8.574687 8.574687 8.574687 8.764643 9.243313 9.398563 9.456694 9.398563 9.398563 9.243313 9.243313 8.764643 8.764643 8.764643 8.094322 8.094322 8.094322 8.094322 8.094322 8.094322 8.094322 8.094322
9.0036125 9.0036125 9.0036125 9.0036125 9.456694 9.456694 9.398563 9.456694 9.456694 9.456694 9.456694 9.456694 9.456694 8.106694 9.456694 9.456694 9.456694 9.456694 9.243313 9.243313 6.2727375 8.764643 8.764643 8.764643 8.764643 8.937794 8.106694 9.456694 9.456694 9.456694 9.456694 7.736698 7.736698 9.021505 8.937794 9.398563 9.456694 8.574687 8.094322 8.094322 8.094322 8.574687 8.574687 8.574687 8.094322 8.574687 9.456694 9.456694 9.398563 9.398563 9.456694 9.243313 9.456694 9.243313 8.764643 8.094322 8.094322 8.094322 8.094322 8.094322 8.094322 8.094322 8.094322
9.0036125 9.0036125 9.0036125 9.0036125 9.398563 9.398563 9.456694 9.456694 9.456694 9.456694 9.456694 9.456694 9.456694 8.106694 8.106694 9.456694 9.456694 9.456694 9.456694 6.3699336 6.2727375 8.764643 8.764643 9.243313 9.243313 9.456694 8.106694 8.106694 9.456694 9.456694 9.456694 9.021505 7.736698 7.736698 8.937794 8.937794 9.456694 9.456694 8.094322 8.094322 8.094322 8.574687 9.456694 8.574687 8.574687 8.574687 8.764643 8.764643 9.398563 9.398563 9.456694 9.456694 9.398563 9.243313 9.243313 8.094322 8.094322 8.094322 8.094322 8.094322 8.094322 8.094322 8.094322
0.0 0.0 9.0036125 9.0036125 8.937794 9.398563 9.456694 9.456694 9.456694 9.456694 9.456694 9.456694 9.456694 8.106694 8.106694 9.456694 9.456694 9.456694 9.456694 6.3699336 6.2727375 8.764643 8.764643 9.021505 9.456694 9.456694 9.456694 8.106694 8.106694 9.456694 9.456694 9.021505 9.021505 7.736698 9.021505 7.736698 8.937794 8.937794 9.021505 9.021505 9.021505 9.021505 9.456694 9.398563 9.398563 9.456694 9.456694 9.456694 9.456694 9.456694 9.456694 9.398563 9.398563 9.398563 9.243313 8.094322 8.094322 8.094322 8.094322 8.094322 8.764643 9.021509 8.094322
9.456694 9.456694 9.456694 9.456694 9.456694 9.398563 9.456694 9.456694 9.456694 9.456694 9.456694 9.456694 9.398563 9.398563 9.398563 9.456694 9.456694 9.456694 9.456694 9.456694 6.3699336 9.021505 9.021505 9.021505 9.456694 9.456694 9.456694 8.106694 8.106694 9.456694 9.456694 9.456694 9.021505 8.764643 8.764643 9.021505 8.937794 8.937794 9.021505 9.021505 9.021505 9.021505 9.021505 9.398563 9.398563 9.398563 9.456694 9.456694 8.574687 8.937794 8.937794 8.574687 9.398563 9.398563 9.243313 8.574687 8.574687 8.574687 8.764643 8.764643 8.764643 9.021509 9.021509
9.456694 9.456694 9.456694 9.456694 9.456694 9.456694 9.456694 9.456694 9.456694 9.456694 9.456694 8.574687 8.574687 9.398563 9.398563 9.456694 9.456694 9.456694 9.243313 9.456694 9.456694 9.021505 9.021505 9.021505 9.456694 9.456694 9.456694 9.456694 8.106694 8.106694 8.106694 9.243313 9.243313 8.764643 8.764643 9.021505 8.937794 8.937794 9.021505 9.021505 9.021505 9.021505 9.021505 8.764643 9.398563 9.398563 9.456694 8.574687 8.094322 8.094322 8.094322 8.094322 8.574687 9.456694 9.456694 9.456694 9.456694 9.243313 9.243313 9.243313 9.243313 8.764643 8.764643
9.456694 9.456694 9.456694 9.456694 9.456694 9.456694 9.456694 9.456694 9.456694 9.456694 9.456694 9.243313 9.243313 9.243313 9.398563 9.398563 9.243313 9.243313 9.243313 9.243313 9.456694 6.3699336 9.021505 9.021505 9.456694 9.456694 9.456694 9.456694 8.106694 9.456694 9.456694 8.764643 8.764643 8.764643 9.021505 9.021505 9.021505 9.021505 9.021505 9.021505 8.764643 8.764643 8.764643 8.764643 8.764643 9.456694 9.456694 8.574687 8.094322 8.094322 8.094322 8.094322 8.094322 8.574687 8.574687 9.456694 8.574687 9.243313 9.243313 9.243313 9.243313 9.243313 9.243313
9.456694 9.456694 9.456694 9.456694 9.456694 9.456694 9.456694 9.456694 9.456694 9.456694 9.456694 9.243313 9.243313 9.243313 9.243313 9.243313 9.243313 8.764643 9.243313 9.456694 9.456694 6.3699336 9.021505 8.937794 9.456694 9.456694 9.456694 9.456694 9.456694 9.456694 9.456694 9.021505 8.764643 8.764643 9.021509 9.456694 9.456694 9.021509 8.764643 8.764643 8.764643 8.764643 8.764643 8.764643 8.764643 9.024519 9.456694 8.574687 8.574687 8.094322 8.094322 8.094322 8.094322 8.574687 8.574687 9.456694 9.456694 9.243313 9.243313 9.243313 9.243313 9.456694 9.243313
9.456694 9.456694 9.456694 9.456694 9.456694 9.456694 9.456694 9.456694 9.456694 9.456694 9.456694 9.243313 9.243313 9.243313 8.764643 8.764643 8.764643 8.764643 9.243313 9.243313 9.243313 6.3699336 6.3699336 8.937794 9.398563 9.456694 9.456694 9.456694 9.456694 9.456694 9.456694 9.021505 9.021505 9.021505 9.021505 9.456694 9.456694 9.456694 8.764643 8.764643 8.764643 8.764643 8.764643 8.764643 8.764643 8.764643 9.456694 9.456694 8.574687 8.094322 8.094322 8.094322 8.574687 8.574687 9.456694 9.243313 9.243313 9.243313 8.574687 9.243313 9.243313 9.456694 9.456694
9.456694 9.456694 9.456694 9.456694 9.456694 9.456694 9.456694 9.456694 9.456694 9.243313 9.243313 9.243313 9.243313 8.764643 8.764643 8.764643 8.764643 8.764643 8.764643 9.243313 9.243313 6.350004 6.350004 6.041786 9.398563 9.398563 9.456694 9.456694 9.456694 9.456694 9.456694 9.456694 9.021505 9.021505 9.021505 9.021505 9.456694 9.456694 9.021509 8.764643 8.764643 8.764643 9.243313 8.764643 8.764643 8.937794 9.456694 9.456694 8.094322 8.094322 8.094322 8.094322 8.574687 8.574687 8.574687 8.574687 9.243313 9.243313 8.574687 8.574687 9.243313 9.456694 8.574687
6.3699336 6.3699336 9.456694 9.456694 9.456694 9.456694 9.456694 9.456694 9.456694 9.456694 9.243313 9.243313 9.243313 8.764643 8.764643 8.764643 8.764643 8.764643 8.764643 9.243313 9.243313 9.398563 6.350004 9.398563 9.398563 9.398563 9.398563 9.456694 9.456694 9.456694 9.456694 9.456694 9.021505 9.021505 9.021505 9.021505 9.456694 9.456694 9.021509 8.764643 8.764643 8.764643 8.764643 8.764643 8.764643 8.764643 8.937792 9.021505 9.021505 8.094322 8.094322 8.094322 8.094322 8.574687 8.574687 8.574687 9.243313 8.764643 8.094322 8.094322 9.243313 9.243313 9.456694
6.3699336 6.3699336 9.456694 9.456694 9.398563 9.398563 9.398563 9.456694 9.456694 9.398563 9.243313 8.764643 8.764643 8.764643 8.764643 8.764643 8.764643 8.764643 9.243313 9.243313 9.243313 9.398563 9.398563 9.398563 9.398563 9.398563 9.456694 9.456694 9.456694 9.456694 9.456694 9.456694 9.456694 9.021505 9.021505 9.021505 9.0036125 9.456694 9.021509 8.764643 8.764643 8.764643 8.764643 8.764643 8.764643 8.937792 8.937792 9.021505 8.937794 8.937794 8.094322 8.094322 8.094322 8.094322 8.094322 8.574687 8.574687 9.243313 8.094322 8.094322 8.764643 9.243313 9.456694
9.021505 6.3699336 9.398563 9.398563 9.398563 9.398563 9.398563 8.937794 9.398563 9.398563 9.243313 9.243313 8.764643 8.764643 8.764643 8.764643 9.456694 9.243313 9.243313 9.243313 9.243313 9.398563 9.243313 6.370952 9.398563 9.398563 9.456694 9.456694 9.456694 9.456694 9.456694 9.456694 9.456694 9.456694 9.021505 9.021505 9.0036125 9.456694 9.021505 8.764643 8.764643 9.243313 9.243313 9.398563 9.021505 8.937792 9.021505 9.021505 8.937794 8.937794 9.021505 8.094322 8.094322 8.094322 8.094322 8.094322 8.574687 8.574687 8.094322 8.094322 8.764643 9.243313 9.243313
9.021505 6.3699336 9.456694 9.456694 9.456694 9.456694 9.398563 9.398563 9.398563 9.456694 9.243313 9.243313 9.243313 8.764643 8.764643 8.764643 9.456694 9.456694 9.456694 9.243313 9.456694 9.243313 9.243313 9.398563 9.398563 9.398563 9.456694 9.456694 9.456694 9.021505 9.021505 9.456694 9.456694 9.456694 9.021505 9.021505 9.021509 9.456694 9.456694 9.456694 9.456694 9.456694 9.398563 9.398563 8.937792 8.937792 9.021505 9.021505 9.021505 9.021509 9.021509 9.021509 8.094322 8.094322 8.094322 8.094322 8.094322 8.094322 8.094322 8.094322 8.094322 8.094322 8.094322
9.033076 9.033076 9.397636 9.397636 9.397636 9.397636 9.397636 9.397636 9.397636 9.354442 9.354442 9.222867 9.222867 8.802441 8.802441 8.802441 9.222867 9.222867 9.397636 9.397636 8.612326 8.612326 9.397636 9.354442 9.354442 9.397636 9.397636 9.397636 9.397636 9.397636 9.033076 9.397636 9.397636 9.397636 9.033076 9.033078 8.158504 8.612326 9.397636 9.397636 9.397636 9.397636 9.354442 9.397636 6.3781066 6.3412986 9.033076 9.033076 9.033076 9.033078 9.02234 9.033078 8.158504 8.158504 8.158504 9.033078 8.158504 8.158504 8.158504 8.158504 8.158504 8.158504 8.158504
9.033076 9.033076 9.397636 9.397636 9.397636 9.397636 9.397636 9.397636 9.397636 9.397636 9.354442 9.222867 9.222867 9.222867 9.222867 9.222867 9.354442 9.397636 9.222867 8.802441 8.612326 8.612326 8.612326 9.354442 9.354442 9.397636 9.397636 9.397636 9.397636 9.397636 9.033076 9.033076 9.033076 9.033076 9.033076 9.033076 8.158504 8.612326 9.397636 9.397636 9.397636 9.397636 9.397636 6.3781066 6.3781066 9.033076 9.033076 8.970322 8.970322 9.02234 9.033078 9.033078 9.033078 8.802441 8.158504 8.158504 8.802441 8.802441 8.158504 8.158504 8.158504 8.802441 8.158504
9.033076 9.033076 9.033076 9.033076 9.397636 9.397636 9.397636 9.397636 9.397636 9.397636 9.397636 9.397636 9.222867 9.222867 9.397636 9.397636 9.354442 9.397636 8.612326 8.158504 8.158504 8.158504 9.222867 9.222867 8.612326 9.397636 9.397636 9.397636 9.397636 9.033076 9.033076 9.033076 9.033076 9.033076 9.033076 9.033076 9.033076 7.684644 9.397636 9.397636 9.397636 6.3781066 6.3781066 6.3781066 6.3781066 9.033076 9.033076 8.970322 8.970322 8.970322 9.033078 9.033078 8.802441 8.802441 8.158504 8.158504 8.802441 8.802441 8.158504 8.158504 8.158504 8.158504 8.158504
9.033076 9.033076 9.033076 9.033076 9.033076 9.222867 9.222867 9.222867 9.397636 9.397636 9.397636 9.397636 9.397636 9.397636 9.397636 9.397636 8.612326 8.612326 8.158504 8.158504 8.158504 8.158504 8.802441 8.802441 8.612326 9.397636 9.397636 9.397636 9.397636 9.033076 9.033076 9.033076 9.033076 9.033076 9.033076 9.033076 9.033076 8.970322 9.397636 9.397636 6.3781066 6.3781066 6.3781066 6.3781066 6.3781066 9.033076 9.033076 9.033076 6.341297 8.158504 7.684644 9.02234 8.802441 8.802441 8.802441 8.802441 8.802441 8.158504 8.158504 8.158504 8.158504 8.158504 8.158504
6.3781066 9.033076 9.033076 9.033076 9.033076 9.397636 9.222867 9.354442 9.397636 9.397636 9.397636 9.397636 9.354442 9.397636 9.397636 9.397636 8.612326 8.158504 8.158504 8.158504 8.158504 8.158504 8.158504 8.158504 8.612326 8.612326 9.397636 9.397636 9.397636 9.397636 9.033076 9.033076 9.033076 9.033076 9.033076 9.033076 8.970322 8.970322 9.033076 9.397636 6.3781066 6.3781066 6.3781066 6.3781066 6.3781066 9.033076 9.033076 9.033076 6.0765057 6.0765057 8.158504 8.158504 9.02234 8.802441 8.802441 8.158504 8.802441 8.802441 8.802441 8.158504 8.158504 8.158504 8.158504
6.3781066 8.802441 8.802441 9.033076 9.033076 9.397636 9.354442 9.354442 9.397636 9.397636 9.354442 9.354442 9.354442 9.397636 9.397636 9.397636 8.612326 8.612326 8.612326 8.612326 6.0765057 8.158504 8.158504 8.158504 8.158504 8.612326 8.612326 9.397636 9.397636 9.397636 9.033076 9.033076 9.033076 9.033076 9.033076 9.033076 8.970322 8.970322 8.970322 9.397636 6.3781066 6.3781066 6.3781066 6.3781066 6.3781066 9.033076 8.158504 8.158504 6.0765057 6.0765057 6.0765057 9.033078 8.802441 8.802441 8.802441 8.802441 8.802441 8.802441 8.802441 8.158504 8.158504 8.158504 8.158504
6.3781066 8.802441 8.802441 9.033076 9.033076 9.397636 9.354442 9.354442 9.354442 9.354442 9.222867 9.222867 9.222867 9.397636 9.397636 9.397636 8.612326 8.612326 8.612326 6.0765057 6.0765057 8.158504 8.158504 8.158504 8.158504 8.158504 8.612326 9.397636 9.397636 9.397636 9.033076 9.033076 9.033076 9.033076 9.033076 9.033076 9.033076 8.97032 9.033078 8.970322 9.397636 9.397636 6.3781066 6.3781066 6.3781066 9.033076 9.033076 8.158504 8.158504 6.0765057 6.0765057 6.0765057 6.258954 8.802441 8.802441 8.802441 8.802441 8.802441 8.802441 8.802441 9.033078 9.033078 8.158504
6.3781066 9.033076 8.802441 9.033076 9.033076 9.397636 9.397636 9.397636 9.354442 9.354442 9.222867 9.222867 9.222867 9.397636 9.397636 9.397636 9.397636 8.612326 8.612326 6.0765057 6.0765057 6.0765057 8.158504 8.158504 8.158504 8.158504 8.612326 8.612326 9.397636 9.397636 9.033076 9.033078 9.033076 9.033076 9.033076 9.033076 8.97032 9.033078 8.970322 8.970322 9.354442 9.397636 6.3781066 6.3781066 6.3781066 9.033076 9.033076 8.158504 8.158504 6.0765057 6.0765057 6.0765057 6.258954 6.258954 8.802441 8.802441 8.802441 8.802441 8.802441 8.802441 9.033078 8.158504 8.158504
6.3781066 9.033076 9.033076 9.033076 9.033076 9.397636 9.397636 9.397636 9.397636 9.397636 9.397636 6.3781066 6.3781066 9.397636 9.397636 9.397636 6.3781066 6.3781066 6.0765057 6.0765057 8.158504 8.158504 8.158504 8.158504 8.158504 8.158504 8.158504 8.612326 8.612326 9.397636 9.033076 9.033078 9.033078 7.684644 7.684644 9.033076 9.033076 9.033078 9.033078 8.970322 9.354442 9.397636 9.397636 6.3781066 6.3781066 6.3781066 9.033076 9.033076 8.158504 6.0765057 6.0765057 6.3781066 6.258954 6.258954 8.802441 8.802441 8.802441 8.802441 8.802441 8.802441 9.033078 9.033078 8.158504
6.3781066 9.033076 9.033076 9.033076 9.033076 9.033076 9.397636 9.222867 9.222867 9.222867 6.258954 6.3781066 6.3781066 6.3781066 6.3781066 6.3781066 6.3781066 6.3781066 6.0765057 6.0765057 8.158504 8.158504 8.158504 8.158504 8.158504 8.158504 8.158504 8.158504 9.354442 9.354442 9.033076 9.033076 9.033078 9.033078 9.033078 7.684644 7.684644 0.0 9.033078 9.033078 9.033078 9.397636 9.397636 6.3781066 6.3781066 6.3781066 6.3781066 6.3781066 6.3781066 6.3781066 6.3781066 6.341297 6.258954 6.258954 6.258954 8.802441 8.802441 8.802441 8.802441 9.033078 9.033078 9.033078 8.158504
6.3781066 9.033076 9.033076 9.033076 9.033076 8.158504 8.612326 9.222867 9.222867 9.222867 6.258954 6.258954 6.3781066 6.3781066 6.3781066 6.3781066 6.3781066 6.3781066 6.3781066 6.0765057 8.158504 8.158504 8.158504 8.158504 8.158504 8.158504 8.158504 8.158504 8.970322 8.970322 9.033076 9.033076 9.033078 9.02234 9.02234 9.02234 9.033078 0.0 9.033078 9.033078 9.033078 0.0 9.397636 6.3781066 6.3781066 6.3781066 6.3781066 6.3781066 6.3781066 6.3781066 6.0765057 6.341297 6.341297 6.258954 6.258954 6.258954 8.802441 8.802441 8.802441 8.802441 8.802441 9.033078 9.033078
6.3781066 9.397636 9.033076 9.033076 8.158504 8.158504 8.612326 9.222867 9.222867 9.222867 6.258954 6.3781066 6.3781066 6.3781066 6.3781066 6.3781066 6.3781066 6.3781066 6.3781066 6.0765057 6.0765057 8.158504 6.0765057 6.0765057 6.0765057 8.158504 8.158504 9.033076 9.033076 9.033076 9.033076 9.033078 9.033076 9.02234 9.02234 9.02234 9.033078 0.0 9.033078 9.033078 9.033078 9.033078 9.397636 6.3781066 6.3781066 6.3781066 6.3781066 6.3781066 6.3781066 6.3781066 6.3781066 6.0765057 6.0765057 6.258954 6.258954 6.258954 8.158504 8.158504 8.158504 8.802441 8.802441 9.033078 8.158504
6.3781066 9.397636 9.397636 9.033076 9.033076 8.158504 9.033076 9.397636 9.397636 9.397636 6.3781066 6.3781066 6.3781066 6.3781066 6.3781066 6.3781066 6.3781066 6.3781066 6.3781066 6.3781066 6.0765057 6.0765057 6.0765057 6.0765057 6.0765057 9.033076 9.033076 9.033076 9.033076 9.033078 9.033078 9.033078 9.033078 9.033078 9.02234 9.02234 0.0 0.0 9.033078 9.033078 9.033078 9.033078 9.033078 6.3781066 6.3781066 6.3781066 6.3781066 6.3781066 6.3781066 6.3781066 6.0765057 6.0765057 6.0765057 6.3781066 6.0765057 6.0765057 6.0765057 8.158504 8.158504 8.802441 8.158504 8.158504 8.158504
6.3781066 6.3781066 9.397636 9.033076 9.033076 9.033076 9.033076 9.397636 9.397636 6.3781066 6.3781066 6.3781066 6.3781066 6.3781066 6.3781066 6.3781066 6.3781066 6.3781066 6.3781066 6.3781066 6.0765057 6.0765057 6.0765057 6.3781066 6.3781066 6.3781066 9.033078 9.033076 9.033076 9.033078 9.033078 9.033078 9.033078 9.033078 9.02234 9.02234 0.0 0.0 7.684644 7.684644 9.033078 9.033078 9.033078 6.3781066 6.341297 6.3781066 6.3781066 6.3781066 6.3781066 6.0765057 6.0765057 9.033078 9.033078 6.0765057 6.0765057 6.0765057 8.612326 8.612326 8.158504 8.158504 8.802441 8.158504 8.158504
