Export/ASCII/RMeteo_tot/p10_sum_tot.asc
ncols         660
nrows         338
xllcorner     1476100.0
yllcorner     5017100.0
cellsize      100
NODATA_value  -9999
[rows 162 to 188 of 338, columns 61 to 121 of 660]
3.6029146 3.6029146 3.6029146 3.6029146 3.6029146 3.3172238 3.5448585 3.6002462 3.602837 3.6029146 3.6029146 3.6029146 3.3172238 3.5448585 3.499268 3.8136983 3.1966038 3.2270834 3.8160508 3.8160508 3.8945816 3.7541866 3.7900915 3.8029892 3.7541866 3.241922 3.7541866 3.8181143 3.8181143 3.8181143 3.7541866 3.8181143 3.8181143 3.241922 3.241922 3.241922 3.241922 3.8181143 3.241922 3.241922 2.966445 2.9305944 2.8726513 2.9656906 2.9697642 2.8726513 2.94441 2.8726513 3.4646032 3.3221934 2.9538298 2.8726513 3.065889 2.8726513 2.9697642 2.8726513 2.8726513 2.8726513 2.9862418 2.8726513 2.8726513
3.3172238 3.3172238 3.5448585 3.6002462 3.602837 3.3172238 3.3172238 3.5448585 3.3172238 3.5448585 3.3172238 3.5448585 3.6002462 3.3172238 3.1966038 3.5178957 3.1966038 3.4694452 3.8160508 3.876855 3.8160508 3.7541866 3.8029892 3.7541866 3.8181143 3.2622397 3.7541866 0.0 3.8950937 3.8181143 3.8029892 3.7541866 3.8181143 3.241922 3.241922 3.241922 3.241922 3.9288535 3.431027 3.3179102 2.8726513 2.8726513 2.8726513 2.9803424 2.8726513 2.8726513 2.9616945 3.241922 3.6591654 3.2821848 3.4050367 3.2821848 3.2943869 2.8726513 2.9763827 2.8726513 3.1076038 2.8726513 2.94441 2.8726513 2.973757
3.6002462 3.602837 3.6029146 3.6029146 3.6029146 3.6029146 3.6029146 3.6029146 3.3172238 3.5448585 3.6002462 3.602837 3.6029146 4.07744 3.8051622 3.1966038 3.1966038 3.5965974 3.2270834 3.8160508 3.8160508 3.8409848 3.8499424 3.8181143 3.8181143 3.8181143 3.7541866 3.7541866 3.8181143 3.8409848 3.8181143 3.8181143 3.8950937 3.8181143 3.8181143 3.241922 4.464378 3.241922 3.241922 3.241922 2.8726513 2.9305944 2.94441 2.8726513 2.8726513 3.2821848 3.50567 3.8181143 4.6876574 3.8181143 3.6549122 3.2821848 3.6873653 2.94441 2.8726513 2.9954104 2.8726513 2.8726513 2.931762 3.0563056 2.8726513
3.6029146 3.6029146 3.6029146 3.6029146 3.6029146 3.6029146 3.6029146 3.6029146 3.6029146 3.6029146 3.6029146 3.6029146 3.6029146 3.6029146 3.6029146 3.1966038 3.693975 3.1966038 3.4694452 3.8160508 3.9013114 3.8181143 3.8181143 3.8181143 3.8181143 3.241922 3.257514 0.0 3.8181143 3.8950937 3.8181143 3.8181143 3.8181143 3.8181143 4.278891 3.917871 3.241922 3.241922 3.241922 3.3129292 3.241922 3.5382285 3.3627696 3.2821848 3.5165856 3.2821848 4.3588176 3.8181143 3.8191924 4.476439 3.8181143 4.9493685 3.8181143 3.9333296 3.241922 3.3723457 3.241922 2.8726513 2.9967544 2.8726513 2.9305944
3.5448585 3.6002462 3.3172238 3.3172238 3.5448585 3.6002462 3.602837 3.3172238 3.3172238 3.5448585 3.6002462 3.602837 3.3172238 3.5448585 3.578039 4.061027 3.1998024 3.1966038 3.6441824 3.1966038 3.8160508 3.8181143 3.431027 3.241922 3.241922 3.241922 3.241922 3.241922 3.8181143 3.8181143 3.8181143 3.8950937 3.8181143 3.8368015 3.241922 3.241922 3.241922 3.241922 3.241922 3.8181143 4.3264613 3.8181143 4.1598516 3.8181143 4.554516 3.8181143 3.8181143 3.8181143 3.8181143 3.8181143 3.8181143 3.8203046 3.8181143 3.8181143 3.8181143 3.578291 2.8726513 2.9305944 2.8726513 2.8726513 2.9771142
3.6029146 3.6029146 3.6029146 3.3172238 3.5448585 3.6002462 3.602837 3.6029146 3.6029146 3.6029146 3.6029146 3.6029146 3.6029146 3.6029146 3.6029146 3.683242 3.1966038 3.7786593 3.1966038 3.1966038 3.8462381 3.8181143 3.241922 3.241922 3.241922 3.241922 3.241922 3.431027 3.8181143 3.8181143 3.8181143 3.8181143 3.8181143 3.8181143 3.241922 3.241922 3.241922 3.241922 3.241922 3.241922 3.8950937 3.8181143 3.8181143 3.8191924 3.8181143 3.8181143 3.8181143 3.8181143 3.8181143 3.8181143 3.241922 3.8950937 3.241922 3.2607517 3.2420473 3.241922 3.241922 2.973757 2.8726513 3.0376792 2.8726513
3.3172238 3.5448585 3.6002462 3.602837 3.6029146 3.6029146 3.6029146 3.6029146 3.3172238 3.5448585 3.3172238 3.5448585 3.6002462 3.602837 3.6029146 3.6029146 3.9031625 4.5691648 4.336351 4.336351 3.908157 3.8181143 3.8181143 3.8181143 3.8181143 3.241922 3.241922 3.8181143 3.8181143 3.8181143 3.8181143 3.8181143 3.8181143 3.241922 3.431027 3.241922 3.241922 3.241922 3.241922 3.8181143 3.8181143 3.8181143 3.8181143 3.8181143 3.8181143 3.8181143 3.8181143 3.8181143 3.8181143 3.8181143 3.241922 3.241922 3.241922 3.241922 3.241922 3.241922 3.3281353 3.241922 2.8726513 2.9606137 2.8726513
3.6002462 3.602837 3.3172238 3.3172238 3.5448585 3.3172238 3.3172238 3.5448585 3.6002462 3.602837 3.3172238 3.5448585 3.6002462 3.602837 3.3172238 3.5448585 3.3172238 3.5528963 3.616356 3.6231303 3.6333153 4.2821093 3.8181143 3.8181143 3.8181143 3.8181143 3.8181143 3.8950937 3.8181143 3.8181143 3.8950937 3.8181143 3.8181143 3.431027 3.241922 3.241922 3.241922 3.431027 3.241922 3.8950937 3.8181143 3.8950937 3.8181143 3.8950937 3.8181143 3.8181143 3.8181143 3.241922 3.241922 3.241922 3.241922 3.8181143 3.241922 3.241922 3.241922 3.241922 3.7541866 3.241922 2.9656906 2.8726513 2.8726513
3.6002462 3.602837 3.6029146 3.6029146 3.3172238 3.3172238 3.5448585 3.6002462 3.602837 3.6029146 3.6029146 3.6029146 3.3172238 3.3172238 3.5448585 3.6002462 3.602837 3.6029146 3.6029146 3.6029146 3.6059554 3.7541866 3.8181143 3.8181143 3.8181143 3.8181143 3.8181143 3.8181143 3.7541866 3.241922 3.241922 3.8181143 3.8950937 3.8181143 3.8181143 3.8181143 3.8181143 3.241922 3.241922 3.8181143 3.8181143 3.8181143 3.8181143 3.8181143 3.8181143 3.8181143 3.431027 3.241922 3.431027 3.241922 3.241922 3.8181143 4.278891 3.241922 3.431027 3.8181143 4.281081 3.241922 3.3650453 2.8726513 3.0376792
3.5448585 3.3172238 3.5448585 3.6002462 3.602837 3.6029146 3.6029146 3.3172238 3.5448585 3.6002462 3.3172238 3.5448585 3.6002462 3.602837 3.6029146 3.6029146 3.6029146 3.6029146 3.6029146 3.6029146 3.6029146 3.567598 4.226927 3.8181143 3.8409848 3.7541866 3.8181143 3.8181143 3.8409848 3.241922 3.241922 3.8181143 3.8181143 3.241922 3.8181143 3.8181143 3.8181143 3.241922 3.241922 3.241922 3.241922 3.241922 3.2607517 3.8181143 3.8181143 3.8181143 3.241922 3.241922 3.241922 3.241922 3.8181143 3.8181143 3.2509496 3.241922 3.241922 3.2904515 3.241922 3.241922 3.3129292 3.8181143 3.4387758
3.6029146 3.6029146 3.6029146 3.6029146 3.6029146 3.6029146 3.6029146 3.6029146 3.6029146 3.6029146 3.6029146 3.6029146 3.6029146 3.6029146 3.6029146 3.6029146 3.6029146 3.6029146 3.3172238 3.5448585 3.6002462 3.6580975 3.2042735 3.7541866 3.9288535 3.241922 3.241922 3.241922 3.8181143 3.8181143 3.8181143 3.8181143 3.8181143 3.241922 3.241922 3.8181143 3.8181143 3.241922 3.241922 3.241922 3.241922 3.241922 3.241922 3.241922 3.241922 3.241922 3.241922 3.241922 3.241922 3.241922 3.241922 3.241922 3.241922 3.241922 3.8181143 3.8181143 3.241922 3.241922 3.8181143 3.8181143 3.8181143
3.5448585 3.3172238 3.5448585 3.6002462 3.602837 3.3172238 3.5448585 3.6002462 3.3172238 3.3172238 3.5448585 3.6002462 3.3172238 3.3172238 3.5448585 3.3172238 3.3172238 3.3172238 3.5448585 3.3172238 3.3172238 3.508562 3.5630817 3.1625535 4.464378 3.241922 3.241922 3.241922 3.8950937 3.8181143 3.8181143 3.8181143 3.8181143 3.8181143 3.241922 3.8181143 3.8181143 3.8181143 3.241922 3.431027 3.241922 3.8181143 3.8181143 3.241922 3.241922 3.241922 3.241922 3.241922 3.241922 3.8181143 3.8181143 3.8181143 3.8181143 3.8181143 3.8181143 3.241922 3.241922 3.241922 3.241922 3.8950937 3.8181143
3.6029146 3.6029146 3.6029146 3.6029146 3.6029146 3.6029146 3.6029146 3.6029146 3.6029146 3.6029146 3.6029146 3.6029146 3.6029146 3.6029146 3.6029146 3.6029146 3.6029146 3.6029146 3.6029146 3.6029146 3.6029146 3.567598 3.8409898 3.6352618 3.1625535 3.9288535 3.241922 3.241922 3.8181143 3.8181143 3.8181143 3.8950937 3.8181143 3.8181143 3.2607517 3.8181143 3.8181143 3.8181143 3.241922 3.241922 3.241922 3.241922 3.241922 3.241922 3.241922 3.8181143 3.8181143 3.8181143 3.8181143 3.8181143 3.8181143 3.8181143 3.8181143 3.8181143 3.8181143 3.241922 3.241922 3.8181143 3.8181143 3.8181143 3.8181143
3.6002462 3.602837 3.6029146 3.6029146 3.6029146 3.6029146 3.6029146 3.6029146 3.6029146 3.6029146 3.6029146 3.6029146 3.6029146 3.6029146 3.3172238 3.3172238 3.3172238 3.5448585 3.6002462 3.602837 3.3172238 3.2821846 3.2821846 3.600206 3.3221934 3.2947512 3.241922 3.241922 3.241922 3.241922 3.241922 3.241922 3.241922 3.241922 3.241922 3.241922 3.241922 3.241922 3.241922 3.241922 3.241922 3.241922 3.241922 3.8181143 3.8181143 3.8181143 3.8181143 3.8181143 3.8181143 3.8181143 3.8181143 3.8181143 3.8181143 3.8181143 3.2821848 3.8181143 3.8181143 3.8181143 3.8181143 3.8181143 3.8181143
3.6002462 3.3172238 3.3172238 3.5448585 3.6002462 3.3172238 3.5448585 3.3172238 3.3172238 3.5448585 3.3172238 3.3172238 3.5448585 3.3172238 3.3172238 3.5448585 3.6002462 3.3172238 3.5448585 3.6002462 3.602837 3.567598 3.565895 3.5579526 3.3221934 3.403211 3.241922 3.431027 3.241922 3.241922 3.241922 3.241922 3.5802124 3.241922 3.241922 3.8181143 3.8181143 3.8181143 3.8181143 3.8181143 3.241922 3.241922 3.241922 3.8181143 3.8950937 3.8181143 3.8181143 3.8181143 3.8950937 3.8181143 3.8950937 3.8181143 3.8950937 3.8181143 3.5009053 3.8181143 3.8181143 3.8181143 3.8181143 3.8181143 3.8181143
3.6029146 3.6029146 3.6029146 3.6029146 3.6029146 3.6029146 3.6029146 3.6029146 3.6029146 3.6029146 3.6029146 3.6029146 3.6029146 3.6029146 3.6029146 3.6029146 3.6029146 3.6029146 3.6029146 3.6029146 3.6029146 3.567598 3.2821846 3.5009048 3.8474445 3.7070706 3.241922 3.241922 3.241922 3.241922 3.8181143 3.8181143 3.8181143 3.241922 3.241922 3.8181143 3.8950937 3.8181143 3.8181143 3.8181143 3.8181143 3.8181143 3.2821848 2.9402554 2.8726513 3.8181143 3.8181143 3.8181143 3.8181143 3.8181143 3.8181143 3.8181143 3.8181143 3.8181143 4.575704 3.2821848 3.8950937 3.8181143 3.8181143 3.8181143 4.278891
3.6029146 3.6029146 3.6029146 3.6029146 3.6029146 3.6029146 3.6029146 3.6029146 3.6029146 3.6029146 3.6029146 3.6029146 3.6029146 3.6029146 3.6029146 3.3172238 3.5448585 3.6002462 3.602837 3.6029146 3.6029146 3.567598 3.565895 3.5579526 3.6441185 3.3221934 0.0 4.281081 3.8181143 3.8181143 3.8181143 3.241922 3.8181143 3.241922 3.241922 3.8181143 3.8181143 3.241922 3.241922 3.8181143 3.8181143 3.8181143 4.336008 2.8726513 3.8181143 3.241922 3.241922 3.8181143 3.8181143 3.8181143 3.8181143 3.8950937 3.8181143 3.8193963 3.8181143 3.2821848 2.8726513 3.2821848 3.8181143 3.8368015 3.241922
3.6029146 3.6029146 3.6029146 3.6029146 3.6029146 3.6029146 3.6029146 3.3172238 3.5448585 3.6002462 3.602837 3.6029146 3.6029146 3.6029146 3.6029146 3.6029146 3.6029146 3.6029146 3.6029146 3.6029146 3.6029146 3.567598 3.565895 3.5579526 3.6441185 3.3221934 0.0 3.9261925 3.8950937 3.241922 3.241922 3.241922 3.8181143 3.431027 3.241922 3.8181143 3.8181143 3.241922 3.241922 3.8181143 3.8181143 3.8206737 3.8181143 3.8181143 3.8181143 3.241922 3.241922 3.241922 3.8181143 3.8181143 3.8181143 3.8181143 3.8181143 3.8181143 3.241922 3.4649656 3.241922 3.0398455 2.8726513 3.8181143 3.241922
3.3172238 3.5448585 3.3172238 3.5448585 3.3172238 3.5448585 3.3172238 3.5448585 3.3172238 3.3172238 3.5448585 3.3172238 3.5448585 3.6002462 3.3172238 3.5448585 3.3172238 3.3172238 3.5448585 3.3172238 3.5448585 3.5649521 3.2821846 3.5009048 3.7038875 3.5911646 3.3221934 0.0 3.7541866 3.241922 3.241922 3.8181143 3.8181143 3.8181143 3.8181143 3.8181143 3.8181143 3.241922 3.241922 3.8181143 3.8181143 3.8181143 3.8181143 3.8181143 3.8181143 3.241922 3.241922 4.1598516 3.2821848 3.8181143 3.8950937 3.8181143 3.8181143 3.8181143 3.241922 3.241922 3.3275821 3.241922 3.8181143 3.2821848 3.2821848
3.6029146 3.6029146 3.6029146 3.6029146 3.6029146 3.6029146 3.6029146 3.6029146 3.6029146 3.6029146 3.6029146 3.6029146 3.6029146 3.6029146 3.6029146 3.6029146 3.6029146 3.6029146 3.6029146 3.6029146 3.6029146 3.567598 3.565895 3.5579526 3.6441185 3.3221934 3.3221934 3.3221934 3.1861422 3.7541866 3.8181143 3.8181143 3.8181143 3.8181143 3.8181143 3.8181143 3.8181143 3.8181143 3.8181143 3.8181143 3.8181143 3.8181143 3.8181143 3.8181143 4.1598516 3.2821848 3.8181143 3.8181143 3.8181143 3.2821848 3.8181143 3.8181143 3.8181143 3.241922 3.241922 3.241922 3.241922 3.241922 4.1598516 3.8181143 3.8181143
3.4870012 3.4870012 3.4870012 3.4870012 3.4870012 3.4870012 3.4870012 3.216332 3.4421003 3.4840012 3.216332 3.4421003 3.4840012 3.216332 3.4421003 3.216332 3.4421003 3.4840012 3.216332 3.216332 3.4421003 3.1989737 3.40931 3.4509342 3.4534225 3.5669403 3.2338095 3.5088427 3.5036788 3.6526008 3.6936276 3.6936276 3.6936276 3.6936276 3.6936276 3.6936276 3.7668364 3.6936276 3.6936276 3.6936276 3.6936276 3.6936276 3.6936276 3.6936276 3.6936276 3.198973 3.6936276 3.6936276 4.0383873 3.6936276 3.6936276 3.6936276 3.6936276 3.1435325 3.1435325 3.1435325 3.6936276 3.6936276 3.6936276 3.6936276 3.8102856
3.4421003 3.216332 3.216332 3.216332 3.4421003 3.216332 3.216332 3.4421003 3.216332 3.4421003 3.4840012 3.4870012 3.4870012 3.4870012 3.4870012 3.4870012 3.216332 3.4421003 3.4840012 3.4870012 3.4870012 3.4688153 3.1989737 3.40931 3.1989737 3.40931 3.2338095 3.2338095 3.5961483 3.2524867 3.628199 3.647584 3.628199 3.6936276 3.6936276 3.6936276 3.6936276 3.6936276 3.6936276 3.6936276 3.6936276 3.6936276 3.6936276 3.6936276 3.8294487 3.6936276 3.6936276 3.7668364 3.6936276 3.6936276 3.7668364 3.6936276 3.7668364 3.1435325 3.6936276 3.3182058 3.6936276 3.6936276 3.6936276 3.6936276 3.6936276
3.4870012 3.4870012 3.4870012 3.4870012 3.4870012 3.4870012 3.4870012 3.4870012 3.4870012 3.216332 3.4421003 3.4840012 3.4870012 3.4870012 3.216332 3.4421003 3.4840012 3.4870012 3.4870012 3.4870012 3.4870012 3.4688153 3.4557478 3.4537416 3.4534225 3.6029015 3.4967916 3.2338095 3.709074 3.4967916 3.093383 3.647584 3.628199 3.8294487 3.6936276 3.6936276 3.7668364 3.6936276 3.6936276 3.6936276 3.7668364 3.6936276 3.6936276 3.6970577 3.6936276 3.6936276 3.6936276 3.6936276 3.6936276 3.7668364 3.6936276 3.6936276 3.6936276 3.198973 3.6936276 3.6936276 3.6936276 3.6936276 3.6936276 3.6936276 3.6936276
3.4870012 3.4870012 3.4870012 3.4870012 3.4870012 3.4870012 3.4870012 3.4870012 3.4870012 3.216332 3.4421003 3.4840012 3.4870012 3.4870012 3.216332 3.4421003 3.4840012 3.4870012 3.4870012 3.216332 3.4421003 3.4658353 3.4557478 3.4537416 3.4534225 3.4534225 3.5465977 3.6072965 3.7550743 3.5740745 3.3378098 3.647584 3.647584 3.631629 3.6936276 3.6936276 3.6936276 3.628199 3.6936276 3.6936276 3.6936276 3.6936276 3.6936276 3.6936276 3.6936276 3.7668364 3.6936276 3.6936276 3.6936276 3.6936276 3.6936276 3.6936276 3.6936276 3.4093084 3.2117012 3.6936276 3.7668364 3.6936276 3.6936276 3.6936276 3.6936276
3.4870012 3.4870012 3.4870012 3.4870012 3.4870012 3.4870012 3.4870012 3.4870012 3.4870012 3.4870012 3.4870012 3.4870012 3.4870012 3.4870012 3.4870012 3.4870012 3.4870012 3.4870012 3.4870012 3.4870012 3.4870012 3.4688153 3.4557478 3.4537416 3.4534225 3.4534225 3.6242213 3.5871427 3.7719438 3.5999658 3.5755696 3.093383 3.6861458 3.628199 3.6936276 3.6936276 3.6669688 3.628199 3.6936276 3.6936276 3.7668364 3.6936276 3.6936276 3.6936276 3.6936276 3.6936276 3.6936276 3.6936276 3.6936276 3.6936276 4.0080795 3.198973 3.6936276 4.344153 3.6936276 3.6936276 3.6936276 3.6936276 3.6936276 3.6936276 3.6936276
3.4870012 3.4870012 3.4870012 3.4870012 3.4870012 3.4870012 3.4870012 3.4870012 3.4870012 3.4870012 3.4870012 3.4870012 3.4870012 3.4870012 3.4870012 3.4870012 3.4870012 3.4870012 3.4870012 3.4870012 3.4870012 3.4688153 3.4557478 3.4537416 3.4534225 3.4534225 3.4534225 3.8054705 3.2338095 3.2338095 3.6097791 3.3378098 3.647584 3.628199 3.647584 3.628199 3.628199 3.628199 3.6936276 3.6936276 3.6936276 3.6936276 3.6936276 3.6936276 3.6936276 3.6936276 3.6936276 3.6936276 3.6936276 3.6936276 3.6936276 3.1435325 3.2002492 3.6936276 3.6936276 3.6936276 3.6936276 3.6936276 3.6936276 3.6936276 3.6936276
3.4840012 3.216332 3.4421003 3.216332 3.4421003 3.216332 3.4421003 3.4840012 3.4870012 3.4870012 3.4870012 3.4870012 3.4870012 3.4870012 3.4870012 3.4870012 3.216332 3.4421003 3.4840012 3.4870012 3.4870012 3.4688153 3.4557478 3.4537416 3.1989737 3.40931 3.1989737 3.5131967 3.4509025 3.5148237 3.2338095 3.552096 3.093383 3.647584 3.647584 3.6669688 3.647584 3.628199 3.628199 3.6936276 3.6936276 3.6936276 3.6936276 3.6936276 3.6936276 3.6936276 3.6936276 3.6936276 3.6936276 3.6936276 3.1435325 3.3158348 3.1435325 3.6936276 3.6936276 3.6936276 3.6936276 3.6936276 3.6936276 3.6936276 3.6948702
