Export/ASCII/RMeteo_tot/p10_sum_tot.asc
ncols         660
nrows         338
xllcorner     1476100.0
yllcorner     5017100.0
cellsize      100
NODATA_value  -9999
[rows 189 to 215 of 338, columns 488 to 548 of 660]
3.3960264 3.3960264 3.3960264 3.3960264 3.3960264 3.3960264 3.3960264 3.3960264 3.4641588 3.4641588 3.4641588 3.3960264 3.3960264 3.3960264 3.3960264 0.0 3.3960264 3.3960264 3.3960264 3.3960264 3.3960264 3.3960264 3.3960264 3.3960264 2.9848661 2.9848661 2.9848661 2.6763458 2.729318 2.729318 2.9848661 2.9848661 3.3960264 3.3960264 3.3960264 3.3960264 3.3960264 3.3960264 3.3960264 3.3960264 2.7402287 2.0107312 2.3422775 2.1881526 1.9669937 2.9848661 3.0510008 3.0484223 2.7361512 3.0484223 2.9848661 2.9848661 2.9848661 2.9848661 3.3960264 2.9848661 2.9848661 2.9848661 3.3960264 3.3960264 3.3960264
3.3960264 3.3960264 3.3960264 3.3960264 3.3960264 3.3960264 3.3960264 3.3960264 3.4641588 3.4641588 3.4641588 3.3960264 3.3960264 3.3960264 2.9848661 2.9848661 3.3960264 3.3960264 3.3960264 3.3960264 3.3960264 3.3960264 3.3960264 2.9848661 2.9848661 2.6763458 2.6763458 2.729318 2.7320743 2.7320743 2.9848661 2.9848661 3.3960264 3.3960264 2.9848661 2.9848661 3.3960264 3.3960264 3.3960264 3.3960264 2.7420902 2.4178777 2.5583425 1.9226669 2.3060606 2.9848661 2.9848661 2.9848661 3.0510008 2.9848661 2.9848661 2.9848661 2.9848661 2.9848661 3.3960264 2.9848661 2.9848661 2.9848661 2.9848661 3.3960264 3.3960264
3.3960264 3.3960264 3.3960264 3.3960264 2.9848661 2.9848661 3.3960264 3.3960264 3.4641588 2.6763458 2.9848661 3.3960264 3.3960264 3.3960264 2.9848661 2.9848661 3.3960264 3.3960264 3.3960264 3.3960264 3.3960264 3.3960264 2.9848661 2.9848661 2.6763458 2.729318 2.729318 2.7320743 2.7320743 3.0510008 2.9848661 2.9848661 2.9848661 3.3960264 2.9848661 2.9848661 3.3960264 3.3960264 3.3960264 3.3960264 2.7425747 2.6314082 2.6782863 2.180974 3.6369016 2.9848661 2.9848661 2.9848661 2.9848661 2.9848661 2.6763458 2.9848661 2.9848661 2.9848661 3.3960264 2.9848661 2.9848661 3.3960264 3.3960264 3.3960264 3.3960264
3.3960264 3.4641588 2.9848661 2.9848661 2.9848661 2.9848661 3.3960264 2.9848661 2.9848661 2.729318 2.9848661 3.3960264 3.3960264 3.3960264 3.3960264 3.3960264 3.3960264 3.3960264 3.3960264 3.3960264 3.3960264 3.3960264 2.9848661 2.6763458 2.729318 2.7320743 2.7320743 3.091223 2.7320743 2.9848661 3.4641588 2.9848661 2.9848661 3.3960264 3.3960264 3.3960264 3.3960264 3.3960264 3.3960264 3.3960264 2.7425003 2.7084076 2.0107312 2.2310226 1.9226669 2.9848661 2.9848661 2.9848661 2.9848661 2.9848661 2.6763458 3.0484223 2.9848661 2.9848661 3.3960264 2.9848661 2.9848661 3.3960264 3.3960264 3.3960264 3.3960264
3.3960264 3.3960264 3.4641588 2.9848661 2.9848661 2.9848661 3.3960264 2.9848661 2.9848661 3.0510008 2.9848661 3.3960264 3.3960264 3.3960264 2.9848661 2.9848661 3.3960264 3.3960264 3.3960264 3.3960264 2.9848661 2.9848661 2.9848661 2.6763458 2.7320743 2.7320743 2.6763458 2.6763458 2.6763458 3.0510008 3.4641588 2.9848661 2.9848661 2.9848661 3.3960264 3.3960264 3.3960264 3.3960264 3.3960264 3.3960264 2.0107312 2.7402287 2.0158274 2.3585398 1.9226669 2.9848661 2.9848661 2.9848661 2.6763458 2.6763458 2.729318 2.9848661 2.9848661 2.9848661 3.3960264 3.3960264 2.9848661 3.3960264 3.3960264 3.3960264 3.3960264
3.3960264 3.3960264 3.4641588 3.4641588 2.9848661 3.3960264 3.3960264 3.3960264 2.9848661 2.9848661 2.9848661 3.3960264 3.3960264 2.9848661 2.9848661 2.9848661 2.9848661 2.9848661 3.4641588 2.9848661 2.9848661 2.9848661 2.9848661 2.729318 2.7320743 2.6763458 2.7691538 2.729318 2.729318 2.9848661 3.4641588 2.9848661 2.9848661 2.9848661 3.3960264 3.3960264 3.3960264 3.3960264 3.3960264 3.3960264 2.4178777 2.7420902 2.435559 2.5918415 2.180974 2.9848661 2.9848661 2.6763458 2.729318 2.729318 2.7320743 2.9848661 2.9848661 2.9848661 2.9848661 3.3960264 2.9848661 2.9848661 3.3960264 3.3960264 3.3960264
3.3960264 2.9848661 2.9848661 2.9848661 2.9848661 3.3960264 2.9848661 3.3960264 3.3960264 3.3960264 3.3960264 3.3960264 3.3960264 2.9848661 2.9848661 2.9848661 2.9848661 2.9848661 3.4641588 2.9848661 2.9848661 2.9848661 2.9848661 2.7320743 2.7320743 2.729318 2.7361512 2.7320743 2.7320743 2.6763458 2.9848661 3.4641588 2.9848661 2.9848661 2.9848661 3.3960264 3.3960264 3.3960264 3.3960264 3.3960264 2.6314082 2.0107312 2.6655378 2.7352521 2.0107312 4.104716 2.6763458 2.729318 2.7320743 2.7320743 2.7320743 2.9848661 2.9848661 2.9848661 2.9848661 3.3960264 2.9848661 2.9848661 3.3960264 3.3960264 3.3960264
3.3960264 2.9848661 2.6763458 2.9848661 2.9848661 3.3960264 3.3960264 3.3960264 3.3960264 3.3960264 3.3960264 3.3960264 3.3960264 2.9848661 2.9848661 2.9848661 2.9848661 2.9848661 2.9848661 2.9848661 2.9848661 2.9848661 2.9848661 2.7320743 2.7320743 2.7320743 2.7320743 2.7320743 2.7320743 2.729318 2.9848661 2.9848661 2.9848661 2.6763458 2.9848661 2.9848661 3.3960264 3.3960264 3.3960264 3.3960264 2.7084076 2.4178777 2.0107312 2.9335427 2.4178777 1.9226669 2.729318 2.7320743 2.7320743 2.7320743 2.7320743 2.6763458 2.9848661 2.9848661 2.9848661 2.9848661 3.3960264 2.9848661 3.4641588 3.4641588 3.4641588
2.9848661 2.9848661 2.729318 2.6763458 2.9848661 3.3960264 3.3960264 3.3960264 3.3960264 3.3960264 3.3960264 3.3960264 3.3960264 3.3960264 3.3960264 2.9848661 2.9848661 2.9848661 2.9848661 2.9848661 2.9848661 2.9848661 2.9848661 3.0510008 2.7320743 2.7320743 2.7320743 2.7320743 2.7320743 2.7320743 2.6763458 2.6763458 2.9848661 3.0484223 2.9848661 2.9848661 3.3960264 3.3960264 3.3960264 3.3960264 5.0947824 2.6314082 2.4178777 3.0580168 2.6314082 2.180974 2.7320743 2.7320743 2.7320743 2.7320743 2.7320743 2.6763458 3.0484223 2.9848661 2.9848661 2.9848661 2.9848661 2.9848661 2.6763458 3.001037 3.001037
3.3960264 2.9848661 2.7320743 2.729318 2.9848661 2.9848661 3.3960264 3.3960264 3.3960264 3.3960264 3.3960264 3.3960264 3.3960264 3.3960264 3.3960264 2.9848661 2.9848661 3.3960264 3.3960264 3.3960264 2.9848661 2.9848661 2.9848661 2.9848661 2.7320743 2.7320743 2.7320743 2.6763458 2.6763458 2.77087 2.6763458 3.0484223 2.9848661 2.9848661 2.9848661 2.9848661 3.3960264 3.3960264 3.3960264 3.3960264 2.9848661 2.7084076 2.6314082 2.9272892 2.7084076 1.9226669 1.9226669 3.0510008 3.0510008 2.9848661 2.77087 2.729318 2.9848661 2.9848661 2.9848661 2.6763458 2.6763458 2.9848661 2.729318 3.2637966 3.2637966
3.3960264 2.9848661 2.7320743 2.6763458 2.6763458 2.6763458 2.9848661 3.3960264 3.3960264 3.3960264 3.3960264 3.3960264 3.3960264 3.3960264 3.3960264 3.3960264 3.3960264 3.3960264 3.4641588 3.4641588 3.3960264 3.3960264 3.3960264 2.9848661 3.0510008 3.0510008 2.9848661 3.104818 2.9848661 3.0554802 3.0484223 2.9848661 2.9848661 2.9848661 2.9848661 3.3960264 3.4641588 3.4641588 3.4641588 3.4641588 2.9848661 2.0107312 2.7084076 2.7863412 2.0107312 2.180974 2.180974 2.0107312 2.9848661 2.9848661 2.7361512 2.6763458 2.6763458 2.6763458 2.6763458 2.9848661 3.0484223 2.6763458 2.7320743 3.297174 2.975499
3.3960264 2.9848661 2.6763458 2.729318 2.9848661 2.9848661 2.9848661 3.3960264 3.3960264 3.3960264 3.3960264 3.3960264 3.3960264 3.3960264 3.3960264 3.3960264 3.3960264 3.3960264 2.9848661 2.9848661 2.9848661 2.9848661 2.9848661 2.9848661 2.9848661 3.3960264 3.3960264 3.3960264 3.3960264 3.3960264 3.3960264 2.9848661 2.9848661 2.9848661 2.9848661 2.9848661 2.9848661 2.9848661 3.4641588 3.4641588 2.9848661 4.4804335 2.7402287 2.0107312 2.4178777 2.0107312 2.4473622 2.4178777 3.3960264 2.9848661 2.7320743 3.0484223 3.0484223 3.0484223 2.9848661 2.9848661 2.6763458 2.729318 2.6763458 2.8420138 3.1963575
2.9848661 2.9848661 2.729318 2.6763458 2.9848661 2.9848661 2.9848661 3.3960264 3.3960264 3.3960264 3.3960264 3.3960264 3.3960264 3.3960264 3.3960264 3.3960264 3.3960264 3.3960264 2.9848661 2.9848661 2.9848661 2.9848661 2.6763458 2.9848661 2.9848661 3.3960264 3.3960264 3.3960264 3.3960264 3.3960264 3.3960264 3.3960264 3.3960264 2.9848661 2.9848661 2.9848661 2.9848661 2.9848661 2.9848661 2.9848661 2.9848661 2.9848661 2.5586991 2.0158274 2.7124457 2.4178777 2.7016492 1.9226669 1.9226669 1.9226669 3.0510008 2.9848661 3.3960264 3.3960264 2.9848661 2.6763458 2.729318 2.7320743 2.729318 2.736183 3.2309551
3.3960264 2.9848661 3.0510008 3.0484223 2.9848661 2.9848661 3.3960264 3.3960264 3.3960264 3.3960264 3.3960264 3.3960264 3.3960264 3.3960264 3.3960264 3.3960264 3.3960264 3.3960264 2.9848661 2.9848661 2.9848661 2.9848661 3.0484223 2.9848661 3.3960264 3.3960264 3.3960264 3.3960264 3.3960264 3.3960264 3.3960264 3.3960264 3.3960264 2.9848661 2.6763458 2.6763458 2.9848661 2.9848661 2.9848661 2.9848661 2.9848661 2.9848661 3.590192 3.7444544 2.9065325 2.0107312 2.6314082 2.621016 2.180974 2.180974 2.0107312 3.3960264 3.3960264 2.975499 2.6763458 2.729318 2.7320743 2.7320743 2.7320743 2.7320743 3.233303
2.6763458 2.9848661 3.3960264 2.9848661 2.9848661 3.3960264 3.3960264 3.3960264 3.3960264 3.3960264 3.3960264 3.3960264 3.3960264 3.3960264 3.3960264 3.3960264 3.3960264 3.3960264 3.3960264 3.3960264 2.9848661 2.9848661 2.9848661 3.3960264 3.3960264 3.3960264 3.3960264 3.3960264 3.3960264 3.3960264 3.3960264 3.3960264 3.3960264 2.9848661 2.729318 2.6763458 2.9848661 2.9848661 3.3960264 3.3960264 3.3960264 3.3960264 2.9848661 2.9848661 3.3960264 4.4804335 2.0107312 2.7084076 2.3422775 2.3422775 2.0107312 3.3960264 2.975499 3.1963575 2.729318 2.6763458 2.6763458 2.7320743 2.7320743 2.7320743 2.8339608
2.729318 2.9848661 3.3960264 3.3960264 3.3960264 3.3960264 3.3960264 3.3960264 3.3960264 3.3960264 3.3960264 3.3960264 3.3960264 3.3960264 3.3960264 3.3960264 3.3960264 3.3960264 3.3960264 3.3960264 3.3960264 3.3960264 3.3960264 3.3960264 3.3960264 3.3960264 3.3960264 3.3960264 3.3960264 3.3960264 3.3960264 3.3960264 3.3960264 2.9848661 2.7320743 2.729318 2.6763458 2.9848661 2.9848661 3.3960264 3.3960264 3.3960264 2.9848661 3.3960264 3.3960264 3.3960264 2.4178777 2.0107312 2.7402287 2.6851296 2.4178777 2.0107312 3.1963575 3.2309551 3.0662005 3.0645533 2.729318 2.7320743 2.7320743 2.7320743 2.736183
3.0510008 2.9848661 2.9848661 3.3960264 3.3960264 3.3960264 3.3960264 3.3960264 3.3960264 3.3960264 3.3960264 3.3960264 3.3960264 3.3960264 3.3960264 3.3960264 3.3960264 3.3960264 3.3960264 3.3960264 3.3960264 3.3960264 3.3960264 3.3960264 3.3960264 3.3960264 3.3960264 3.3960264 2.9848661 2.9848661 2.9848661 3.3960264 3.3960264 2.9848661 2.7320743 2.7320743 2.729318 2.9848661 2.9848661 2.9848661 3.3960264 3.3960264 3.3960264 3.3960264 3.3960264 3.3960264 4.9206166 2.0107312 2.8143308 2.8931746 2.6314082 2.4178777 2.8328946 2.6763458 3.2041068 3.2041068 2.7320743 2.7320743 2.7320743 2.7320743 2.7320743
3.3960264 3.3960264 3.3960264 3.3960264 3.3960264 3.3960264 3.3960264 3.3960264 3.3960264 3.3960264 3.3960264 3.3960264 3.3960264 3.3960264 3.3960264 3.3960264 3.3960264 3.3960264 3.3960264 3.3960264 3.3960264 3.3960264 3.3960264 3.3960264 3.3960264 3.3960264 3.3960264 3.3960264 3.3960264 2.9848661 2.9848661 3.3960264 3.3960264 2.9848661 3.0510008 2.7320743 2.9848661 2.9848661 2.9848661 2.9848661 2.9848661 2.9848661 3.3960264 3.3960264 3.3960264 3.3960264 3.3960264 2.0107312 2.7095697 2.6722665 2.0107312 1.9226669 2.736183 2.729318 3.231915 3.231915 2.6763458 2.7320743 2.7320743 2.6763458 3.0510008
3.3960264 3.3960264 3.3960264 3.3960264 3.3960264 3.3960264 3.3960264 3.3960264 3.3960264 3.3960264 3.3960264 3.3960264 3.3960264 3.3960264 3.3960264 3.3960264 3.3960264 3.3960264 3.3960264 3.3960264 3.3960264 3.3960264 3.3960264 3.3960264 3.3960264 3.3960264 3.3960264 3.3960264 3.3960264 3.3960264 3.3960264 3.3960264 3.3960264 3.3960264 2.9848661 2.7320743 2.9848661 2.9848661 2.9848661 2.9848661 2.9848661 2.9848661 3.3960264 3.3960264 3.3960264 3.3960264 3.3960264 1.9226669 2.3087952 2.2798362 2.4178777 2.2880487 1.9669937 3.0662005 3.2330499 3.2330499 3.0645533 2.7320743 2.7320743 2.729318 3.3960264
3.3960264 3.3960264 3.3960264 3.3960264 3.3960264 3.3960264 3.3960264 3.3960264 3.3960264 3.3960264 3.3960264 3.3960264 3.3960264 3.3960264 3.3960264 3.3960264 3.3960264 3.3960264 3.3960264 3.3960264 3.3960264 3.3960264 3.3960264 3.3960264 3.3960264 3.3960264 3.3960264 3.3960264 3.3960264 3.3960264 3.3960264 3.3960264 3.3960264 3.3960264 2.9848661 3.0510008 2.9848661 2.9848661 2.6763458 2.9848661 2.9848661 3.3960264 3.3960264 3.3960264 3.3960264 3.3960264 3.3960264 2.9848661 2.2432265 2.2440028 2.6314082 2.5446534 2.0107312 3.2041068 3.2330499 3.2330499 3.2041068 3.001037 3.091223 3.091223 2.6763458
3.3960264 3.3960264 3.3960264 3.3960264 3.3960264 3.3960264 3.3960264 3.3960264 3.3960264 3.3960264 3.3960264 3.3960264 3.3960264 3.3960264 3.3960264 3.3960264 3.3960264 3.3960264 3.3960264 3.3960264 3.3960264 3.3960264 3.3960264 3.3960264 3.3960264 3.3960264 3.3960264 3.3960264 3.3960264 3.3960264 3.3960264 3.3960264 3.3960264 3.3960264 2.9848661 2.9848661 2.6763458 2.6763458 2.6763458 2.729318 2.9848661 2.9848661 3.3960264 3.3960264 3.3960264 3.3960264 3.3960264 2.9848661 2.2399173 2.3508422 2.0107312 2.829395 4.4804335 3.6825047 3.6841328 3.1842215 3.1836576 3.1854067 2.6763458 3.277293 2.729318
3.3960264 3.3960264 3.3960264 3.3960264 3.3960264 3.3960264 3.3960264 3.3960264 3.3960264 3.3960264 3.3960264 3.3960264 3.3960264 3.3960264 3.4423711 3.3960264 3.3960264 3.3960264 3.3960264 3.3960264 3.3960264 3.3960264 0.0 0.0 2.9848661 3.3960264 3.3960264 3.3960264 3.3960264 3.3960264 3.3960264 3.3960264 3.3960264 3.3960264 2.9848661 2.9848661 2.6763458 2.729318 3.0484223 3.0510008 2.6763458 2.9848661 2.9848661 3.3960264 3.3960264 3.3960264 3.3960264 3.3960264 3.3960264 2.0107312 2.4178777 3.0019083 3.3960264 2.9848661 2.9848661 2.9848661 2.9848661 2.6763458 2.6763458 2.870575 2.6763458
3.3960264 3.3960264 3.3960264 3.3960264 3.3960264 3.3960264 3.3960264 3.3960264 3.3960264 3.3960264 3.3960264 3.3960264 3.3960264 3.3960264 3.3960264 3.3960264 3.3960264 3.5244465 3.3960264 2.9848661 3.3960264 2.9848661 0.0 2.9848661 2.9848661 2.9848661 3.3960264 3.3960264 3.3960264 3.3960264 3.3960264 3.3960264 3.3960264 3.3960264 3.7437723 2.9848661 2.6763458 2.9848661 2.9848661 2.9848661 2.6763458 2.6763458 2.9848661 3.3960264 3.3960264 3.3960264 3.3960264 3.3960264 3.3960264 3.3960264 3.3960264 2.975499 2.9848661 2.9848661 3.3960264 2.9848661 2.6763458 2.729318 2.6763458 2.7365065 2.729318
2.975499 3.3960264 3.3960264 3.3960264 3.3960264 2.9848661 2.9848661 3.3960264 2.9848661 3.3960264 3.3960264 3.3960264 3.3960264 3.3960264 3.3960264 3.3960264 3.3960264 3.3960264 2.9848661 2.9848661 2.9848661 2.9848661 2.9848661 2.9848661 2.9848661 2.9848661 3.3960264 3.3960264 3.3960264 3.3960264 3.3960264 3.3960264 3.3960264 3.3960264 3.3960264 2.9848661 3.0484223 2.9848661 2.9848661 2.9848661 3.0484223 2.9848661 2.9848661 3.3960264 3.3960264 3.3960264 3.3960264 2.9848661 2.9848661 3.4641588 2.975499 2.975499 2.9848661 2.9848661 2.9848661 2.6763458 2.729318 2.6763458 2.729318 2.7320743 2.7320743
3.1963575 3.3960264 3.3960264 3.3960264 2.9848661 2.9848661 2.9848661 3.3960264 2.9848661 3.3960264 3.3960264 3.3960264 3.3960264 3.3960264 3.3960264 3.3960264 3.3960264 3.3960264 2.9848661 2.9848661 3.3960264 2.9848661 2.9848661 2.9848661 2.9848661 2.9848661 3.3960264 3.3960264 3.3960264 3.3960264 3.3960264 3.3960264 3.3960264 3.3960264 3.3960264 3.3960264 2.9848661 2.9848661 2.9848661 3.3960264 3.3960264 2.9848661 2.9848661 2.9848661 2.9848661 2.9848661 2.9848661 2.9848661 2.6763458 3.001037 2.8132896 2.8132896 2.9848661 2.9848661 2.9848661 2.729318 2.7320743 2.729318 2.7320743 2.7320743 2.7320743
2.975499 2.975499 3.3960264 3.3960264 2.9848661 2.9848661 2.9848661 3.3960264 2.9848661 3.3960264 3.3960264 3.3960264 3.3960264 3.3960264 3.3960264 3.3960264 3.3960264 3.3960264 3.3960264 3.3960264 3.3960264 2.9848661 2.9848661 2.9848661 2.9848661 2.9848661 2.9848661 3.3960264 3.3960264 3.3960264 3.3960264 3.3960264 3.3960264 3.3960264 3.3960264 3.3960264 3.3960264 2.9848661 2.9848661 2.9848661 2.9848661 2.9848661 2.9848661 2.9848661 2.9848661 2.9848661 2.9848661 2.6763458 2.729318 2.8326054 2.736183 2.9848661 2.9848661 2.9848661 2.9848661 2.7320743 2.7320743 2.7320743 2.7320743 2.7320743 2.7320743
3.1963575 3.1963575 3.3960264 3.3960264 3.3960264 3.3960264 3.3960264 3.3960264 3.3960264 3.3960264 3.3960264 3.3960264 3.3960264 3.3960264 3.3960264 3.3960264 3.3960264 3.3960264 3.3960264 3.3960264 3.3960264 3.3960264 2.9848661 2.9848661 2.9848661 2.9848661 2.9848661 3.3960264 3.3960264 3.3960264 3.3960264 3.3960264 3.3960264 3.3960264 3.3960264 3.3960264 3.3960264 2.9848661 2.6763458 2.9848661 2.9848661 2.9848661 2.9848661 2.9848661 2.9848661 2.6763458 2.6763458 2.729318 2.7320743 2.7365065 2.7320743 2.6763458 3.3960264 3.3960264 2.975499 2.7320743 2.7320743 2.7320743 2.6763458 2.7320743 2.6763458
