Export/ASCII/RMeteo_tot/p10_sum_tot.asc
ncols         660
nrows         338
xllcorner     1476100.0
yllcorner     5017100.0
cellsize      100
NODATA_value  -9999
[rows 0 to 26 of 338, columns 366 to 426 of 660]
3.0399206 3.4421368 4.1808186 3.4421368 3.4421368 3.0399206 3.4421368 3.4421368 4.063797 4.063797 4.063797 4.063797 3.4421368 3.0399206 3.0399206 3.4421368 3.4421368 3.4421368 3.4421368 3.4421368 3.0399206 3.0399206 3.4421368 3.4421368 3.0399206 3.0937934 3.0399206 3.0399206 3.0399206 3.0399206 2.9661474 2.9661474 2.9661474 2.9661474 2.9661474 2.9661474 3.3452039 3.3452039 3.3452039 3.3452039 3.3452039 3.3452039 2.9661474 2.9661474 3.3452039 3.3452039 3.3452039 3.3452039 3.3452039 3.3452039 3.3452039 3.3452039 2.9661474 2.9661474 2.9661474 2.9661474 2.9661474 2.9661474 2.9661474 2.9661474 2.9661474
3.0937934 3.4421368 4.0780983 3.4421368 3.0399206 3.0937934 3.4421368 3.4421368 4.063797 3.4421368 3.4421368 3.4421368 3.4421368 3.0399206 3.5650084 3.4421368 3.4421368 3.4421368 3.4421368 3.4421368 3.5107896 3.171345 3.4421368 3.4421368 3.0399206 3.0399206 3.0399206 3.0937934 3.0937934 3.0937934 3.0260572 3.0260572 3.0260572 3.0260572 3.0260572 3.4169872 3.3452039 3.3452039 3.3452039 3.3452039 3.3452039 3.3452039 3.0260572 3.0260572 3.3452039 3.3452039 3.3452039 3.3452039 2.9661474 2.9661474 2.9661474 2.9661474 2.9661474 3.0507967 3.0260572 3.0260572 3.0260572 3.0260572 2.9661474 2.9661474 2.9661474
3.0399206 3.4421368 3.9960358 3.4421368 3.5107896 3.5122352 3.4421368 3.4421368 4.0649695 3.4421368 3.4421368 3.4421368 3.0399206 3.0937934 3.0399206 3.4421368 3.4421368 3.4421368 3.4421368 3.4421368 3.4421368 3.5692413 3.4421368 3.4421368 3.0937934 3.5107896 3.5107896 3.5122352 3.09503 3.139334 2.9661474 3.0232081 3.0232081 3.4145043 3.4145043 3.3452039 3.3452039 3.3452039 3.3452039 3.3452039 2.9661474 2.9661474 3.0232081 3.0232081 3.3452039 3.3452039 3.3452039 3.3452039 3.0260572 3.0260572 3.0260572 3.5129592 3.0260572 3.033209 3.0232081 2.9661474 3.051849 3.0232081 3.0260572 3.0260572 3.0260572
3.4421368 3.4421368 3.4569812 3.4421368 3.4421368 3.4421368 3.4421368 3.442336 3.4421368 3.4421368 3.4421368 3.4421368 3.0937934 3.09503 3.0937934 3.4421368 3.4421368 3.4421368 3.4421368 3.4421368 3.4421368 3.4421368 3.4421368 3.4421368 3.5122352 3.4421368 3.4421368 3.4421368 3.5122352 3.1158822 2.9661474 3.0232081 3.0232081 3.3452039 3.3452039 3.3452039 3.9226005 3.3452039 3.3452039 3.3452039 3.0260572 3.0260572 3.0232081 3.0232081 3.3452039 3.3452039 3.3452039 3.3452039 3.4145043 2.9661474 3.051849 3.7217805 3.0232081 3.0232081 2.9661474 3.0260572 3.033209 3.0232081 2.9661474 3.0232081 3.0232081
4.063797 4.0649695 4.063797 3.4421368 3.4421368 3.4421368 3.4421368 4.063797 3.4421368 3.4421368 3.4421368 3.4421368 3.5122352 3.5122352 3.5122352 3.0399206 3.0399206 3.0399206 3.4421368 3.4421368 3.4421368 3.4421368 3.4421368 3.4421368 3.4421368 3.4421368 4.1808186 3.4421368 3.4421368 3.5122352 3.4169872 3.0232081 3.0232081 3.3452039 3.3452039 3.3452039 3.9226005 3.3452039 3.3452039 3.3452039 3.4145043 3.0232081 3.0232081 3.0232081 3.3452039 3.3452039 4.0314655 3.3452039 3.3452039 3.0260572 2.9661474 3.7518058 2.9661474 2.9661474 3.0513403 2.9661474 3.0232081 3.0232081 2.9661474 3.0232081 3.0232081
4.063797 4.063797 4.063797 3.4421368 3.4421368 3.4421368 3.4421368 3.4421368 3.4421368 3.4421368 3.4421368 3.4421368 3.4421368 3.4421368 3.4421368 3.0399206 3.5107896 3.5107896 3.4421368 3.4421368 3.4421368 3.4421368 3.4421368 3.4421368 3.4421368 3.4421368 3.4522085 3.4421368 3.4421368 3.4421368 3.4665892 2.9661474 3.0232081 3.3452039 3.3452039 3.3452039 3.3452039 3.3452039 3.9226005 3.3452039 3.3452039 3.3452039 3.4145043 3.4145043 3.3452039 3.3452039 3.3452039 3.3452039 3.9226005 4.037353 2.9661474 3.1570382 3.0260572 2.9661474 3.033209 2.9661474 2.9661474 3.051849 2.9661474 3.0232081 2.9661474
3.442336 3.442336 3.442336 3.652322 3.4421368 3.4421368 3.4421368 3.4421368 3.4421368 3.4421368 4.063797 4.063797 4.063797 3.4421368 3.4421368 3.5107896 3.4421368 3.4421368 3.4421368 3.4421368 3.4421368 3.4421368 3.4421368 3.4421368 3.4421368 3.8031623 3.0399206 3.0399206 3.0399206 3.4421368 3.3452039 2.9661474 3.0232081 3.3452039 3.3452039 3.3452039 3.3452039 3.3452039 3.3452039 3.3452039 3.3452039 3.3452039 3.3452039 3.3452039 3.3452039 3.3452039 3.3452039 3.3452039 3.9226005 3.9226005 3.4169872 3.4243138 3.3452039 3.4665892 3.0232081 3.0260572 3.0260572 3.033209 3.0260572 2.9661474 3.0513403
3.4421368 3.4421368 3.0399206 3.4421368 3.4421368 3.4421368 3.4421368 3.4421368 3.4421368 3.0399206 4.0649695 4.1827826 4.1827826 4.063797 4.063797 3.4421368 3.4421368 3.4421368 3.4421368 3.652322 3.4421368 3.4421368 3.4421368 3.4421368 3.4421368 3.4421368 3.0399206 3.5107896 3.5107896 3.0399206 2.9661474 2.9661474 3.0232081 2.9661474 3.3452039 3.3452039 3.3452039 3.3452039 3.3452039 3.3452039 3.3452039 3.3452039 3.3452039 3.3452039 3.3452039 3.3452039 3.9226005 3.9226005 3.3452039 3.9226005 3.3452039 3.3452039 3.3452039 3.3452039 3.3452039 3.0232081 3.0232081 2.9661474 3.0232081 2.9661474 3.033209
3.4421368 3.4421368 3.5107896 3.4421368 3.4421368 3.4421368 3.4421368 3.9937923 3.0399206 3.0937934 3.0400283 4.1808186 3.4577928 3.442336 4.0649695 3.4421368 3.4421368 3.4421368 4.063797 4.063797 4.063797 3.4421368 3.4421368 3.4421368 3.4421368 3.4421368 3.5107896 3.4421368 3.4421368 3.0937934 3.0260572 3.073145 2.9661474 3.0260572 3.3452039 3.3452039 3.3452039 3.3452039 3.3452039 3.3452039 3.3452039 3.3452039 3.3452039 3.3452039 3.3452039 3.3452039 3.9226005 3.9226005 3.3452039 3.3452039 3.848922 3.3452039 3.3452039 3.3452039 3.3452039 3.0232081 3.0232081 2.9661474 3.0513403 3.0260572 3.0232081
3.4421368 3.4421368 3.4421368 3.4421368 3.4421368 3.4421368 3.4421368 3.0520632 3.6262891 3.09503 3.0937934 3.4522085 3.4421368 3.4421368 3.442336 3.4421368 3.4421368 3.4421368 4.0649695 4.0649695 4.0649695 3.4421368 4.063797 3.4421368 3.652322 3.4421368 3.4421368 3.4421368 3.4421368 3.09503 3.0232081 3.0406637 2.9661474 3.0232081 2.9661474 3.3452039 3.3452039 3.3452039 3.3452039 3.3452039 3.3452039 3.9226005 3.3452039 3.3452039 3.3452039 3.3452039 3.9226005 3.9226005 3.3452039 3.3452039 3.940866 3.3452039 3.3452039 3.3452039 2.9661474 3.0232081 3.0232081 3.0260572 3.033209 2.9661474 3.051849
3.4421368 3.4421368 3.4421368 3.4421368 3.4421368 3.4421368 3.7607558 3.0399206 3.2164292 3.5530994 3.0399206 3.5530994 3.4421368 3.4421368 3.4421368 3.4421368 3.4421368 3.4421368 4.0649695 4.0649695 4.063797 4.063797 4.0649695 4.063797 4.063797 3.4421368 3.4421368 3.4421368 3.4421368 3.5122352 3.4145043 3.4145043 3.4169872 3.3452039 3.3452039 3.3452039 3.3452039 3.9226005 3.9226005 3.9226005 3.9226005 3.9226005 3.9226005 3.3452039 3.3452039 3.3452039 3.3452039 3.3452039 3.3452039 3.3452039 3.9226005 3.3452039 3.3452039 3.3452039 3.3452039 2.9661474 2.9661474 3.0232081 3.0232081 3.0260572 3.033209
3.0399206 3.4421368 3.4421368 3.4421368 3.4421368 3.4421368 3.4421368 4.063797 3.6396728 3.8125088 3.6262891 3.2006192 4.063797 4.063797 4.1808186 4.1808186 4.063797 4.063797 4.0649695 4.0649695 4.0649695 4.0649695 4.0649695 4.0649695 3.442336 3.4421368 3.4421368 3.5107896 3.0399206 3.4421368 3.3452039 3.9226005 3.9226005 3.9226005 3.9226005 3.3452039 3.3452039 3.9226005 3.9226005 3.9226005 3.9226005 3.9226005 3.9226005 3.9226005 3.3452039 3.3452039 3.3452039 2.9661474 3.3452039 3.3452039 3.9226005 3.3452039 3.3452039 3.3452039 3.3452039 3.4169872 3.0260572 2.9661474 3.051849 3.0232081 3.0232081
3.0937934 3.4421368 3.4421368 3.4421368 3.4421368 3.4421368 3.4421368 4.0649695 3.4421368 3.2610528 4.72136 4.3326044 4.1808186 4.1827826 4.063797 4.0780983 4.0649695 4.063797 4.063797 4.0649695 4.0649695 4.0649695 4.063797 3.442336 3.4421368 3.0399206 3.0399206 3.4421368 3.4421368 3.4421368 4.0314655 3.9226005 3.9226005 3.9226005 3.9226005 3.9226005 3.9226005 3.9226005 3.9226005 3.9226005 3.9226005 3.9226005 3.9226005 3.9226005 3.3452039 3.3452039 2.9661474 3.0260572 2.9661474 3.3452039 3.3452039 3.3452039 3.3452039 3.3452039 3.3452039 3.3452039 3.3452039 3.3452039 3.4253247 2.9661474 3.0232081
3.09503 3.0399206 3.1294937 3.4421368 3.4421368 3.4421368 3.4421368 4.0649695 4.063797 3.1042395 4.22381 4.197387 4.19638 3.4421368 3.4523861 3.442336 4.0649695 4.0649695 4.0649695 4.0649695 4.0649695 4.0649695 3.442336 3.4421368 3.4421368 3.5107896 3.0937934 3.4421368 3.4421368 3.4421368 3.3526654 3.3452039 3.9226005 3.9226005 3.9226005 3.9226005 3.9226005 3.9226005 3.9226005 3.9226005 3.9226005 3.9226005 3.9226005 3.9226005 3.3452039 3.3452039 3.0260572 3.0232081 3.0260572 2.9661474 2.9661474 2.9661474 2.9661474 2.9661474 2.9661474 3.3452039 3.3452039 3.3452039 3.3452039 3.4169872 3.3452039
3.0399206 3.0937934 3.1139905 3.0399206 3.4421368 4.063797 3.9937923 4.0649695 4.063797 3.0399206 3.4524736 3.4421368 3.4421368 3.4421368 3.4421368 3.4421368 4.063797 4.063797 4.063797 4.0649695 4.146581 3.4421368 3.4421368 3.4421368 3.4421368 3.4421368 3.09503 3.0399206 3.4421368 3.4421368 3.3452039 3.3452039 3.9226005 3.3452039 3.3452039 3.9226005 3.9226005 3.9226005 3.9226005 3.9226005 3.9226005 3.9226005 3.9226005 3.9226005 3.3452039 3.3452039 3.0232081 3.0232081 3.0232081 3.0260572 3.0260572 3.0260572 2.9661474 3.0507967 3.0260572 3.3452039 3.3452039 3.3452039 3.3452039 2.9661474 3.3452039
3.0937934 3.09503 3.097254 3.0937934 3.4638138 3.4421368 3.4569812 4.0649695 3.442336 4.063797 3.4421368 3.4421368 3.4421368 3.4421368 3.4421368 3.4421368 4.0649695 4.0649695 4.0649695 4.0649695 4.06641 3.4421368 3.0399206 3.4421368 3.4421368 3.4421368 3.5122352 3.0937934 3.0399206 3.0399206 3.3452039 3.3452039 3.3452039 3.3452039 3.3452039 3.3452039 3.9226005 3.9226005 3.9226005 3.3452039 3.3452039 3.3452039 3.3452039 3.3452039 3.3452039 3.3452039 3.0232081 3.3452039 3.3452039 3.0232081 3.0232081 2.9661474 3.0260572 3.033209 2.9661474 2.9661474 2.9661474 2.9661474 2.9661474 2.9661474 3.3452039
3.5122352 3.5122352 3.5122352 3.5122352 3.4421368 3.4421368 3.4421368 4.063797 3.4421368 3.4421368 3.4421368 3.4421368 3.4421368 3.4421368 3.0399206 3.4421368 4.063797 4.063797 3.4425197 3.442336 3.442336 3.4421368 3.0937934 3.4421368 3.4421368 3.4421368 3.8639169 3.0399206 3.0937934 3.0937934 3.3452039 3.3452039 3.3452039 3.3452039 3.3452039 3.3452039 3.9226005 3.9226005 3.9226005 3.3452039 3.3452039 3.3452039 3.3452039 3.3452039 3.3452039 3.3452039 2.9661474 3.4145043 3.3452039 3.0232081 3.0232081 3.0260572 3.3452039 3.0232081 3.0260572 3.0260572 2.9661474 3.0507967 3.0260572 3.0260572 3.3452039
3.4421368 4.063797 4.063797 4.063797 3.4421368 3.4421368 3.442336 3.4421368 3.4421368 3.0399206 3.0399206 3.0399206 3.4421368 3.4421368 3.5107896 3.4421368 4.0649695 4.063797 3.4421368 3.0399206 3.4421368 3.4421368 3.0399206 3.0399206 3.0399206 3.0399206 3.0400872 3.0399206 3.0399206 3.09503 2.9661474 3.3452039 3.3452039 3.3452039 3.3452039 3.3452039 4.0314655 3.3452039 3.3452039 3.3452039 3.3452039 3.3452039 3.3452039 3.3452039 3.3452039 3.3452039 3.4169872 3.3452039 3.3452039 3.0232081 3.0232081 3.4145043 3.3452039 2.9661474 3.051849 3.0232081 3.0260572 3.033209 2.9661474 3.051849 2.9661474
3.4425197 4.063797 4.0649695 4.0649695 3.9937923 3.4421368 3.4421368 3.4421368 3.4421368 3.0937934 3.0937934 3.5107896 3.4421368 3.4421368 4.063797 4.063797 3.442336 3.442336 3.4421368 3.0937934 3.0399206 3.0399206 3.0937934 3.0937934 3.0937934 3.0937934 3.0937934 3.0937934 3.0937934 3.09503 3.0260572 2.9661474 3.3452039 3.3452039 3.3452039 3.3452039 2.9661474 2.9661474 3.3452039 3.3452039 3.3452039 3.3452039 4.0314655 4.0314655 3.3452039 3.3452039 3.3452039 3.3452039 2.9661474 3.0232081 3.0232081 3.3452039 3.3452039 3.0260572 2.9661474 2.9661474 3.051849 2.9661474 2.9661474 2.9661474 3.033209
4.063797 4.063797 4.0649695 4.0649695 4.0204406 3.4421368 3.4421368 3.4421368 3.4421368 3.0399206 3.09503 3.4421368 3.4421368 3.4421368 4.0649695 4.063797 3.4421368 3.4421368 3.4421368 3.09503 3.0937934 3.0399206 3.0399206 3.09503 3.09503 3.0399206 3.0399206 3.09503 3.0399206 3.09503 3.0232081 3.0260572 3.3452039 3.3452039 2.9661474 2.9661474 2.9661474 2.9661474 2.9661474 3.3452039 3.3452039 3.3452039 3.3452039 3.3452039 3.3452039 3.3452039 2.9661474 2.9661474 2.9661474 2.9661474 3.0232081 2.9661474 3.3452039 3.0232081 2.9661474 3.0260572 2.9661474 2.9661474 2.9661474 3.0260572 2.9661474
4.0649695 4.0649695 3.4425197 3.4421368 3.4569812 3.4421368 3.0399206 3.0399206 3.0399206 3.0937934 3.4421368 3.4421368 3.4421368 3.4421368 4.0649695 4.0649695 3.4421368 3.4421368 3.4421368 3.5122352 3.09503 3.0937934 3.0937934 3.09503 3.09503 3.0399206 3.0937934 3.09503 3.0937934 3.09503 3.0232081 3.0232081 2.9661474 2.9661474 3.0260572 3.0260572 3.0260572 3.0260572 3.0260572 3.3452039 3.3452039 3.3452039 3.3452039 3.3452039 3.3452039 2.9661474 3.0260572 3.0260572 3.0260572 3.0260572 3.0232081 3.0260572 2.9661474 2.9661474 3.0513403 3.0232081 3.0260572 3.0260572 2.9661474 3.0513403 3.4169872
4.063797 4.0649695 4.063797 3.4421368 3.4421368 3.4421368 3.5107896 3.5107896 3.5107896 3.5122352 3.4421368 3.4421368 4.1808186 4.063797 4.0649695 4.0649695 4.063797 3.4421368 3.4421368 3.4421368 3.09503 3.09503 3.09503 3.09503 3.0399206 3.0937934 3.09503 3.09503 3.09503 3.09503 3.0232081 2.9661474 3.0260572 3.0260572 3.0232081 3.0232081 3.0232081 3.0232081 3.0232081 2.9661474 3.3452039 3.3452039 3.3452039 2.9661474 2.9661474 3.0260572 3.0232081 3.0232081 3.0232081 3.0232081 3.0232081 3.0232081 3.0260572 3.0260572 3.033209 3.3452039 3.467227 3.4145043 3.0260572 3.4253247 3.3452039
3.442336 3.442336 4.0649695 4.063797 3.4421368 3.4421368 3.652322 3.4421368 3.4421368 3.4421368 3.4421368 3.4421368 3.4522085 4.0649695 4.0649695 4.0649695 4.0649695 3.4421368 3.4421368 3.4421368 3.09503 3.09503 3.09503 3.09503 3.0937934 3.09503 3.09503 3.09503 3.0399206 3.09503 3.0232081 3.0260572 3.0232081 3.4145043 3.3452039 2.9661474 3.0232081 3.0232081 3.3452039 3.4169872 3.3452039 3.3452039 3.3452039 3.3452039 3.0260572 3.0232081 2.9661474 2.9661474 3.0232081 3.0232081 2.9661474 2.9661474 3.0232081 2.9661474 2.9661474 3.3452039 3.3452039 3.3452039 3.0232081 3.3452039 3.3452039
3.4421368 3.4421368 4.0649695 4.0649695 3.4421368 3.4421368 3.4421368 3.9937923 3.4421368 3.4421368 3.4421368 3.4421368 3.4421368 3.4421368 4.063797 4.0649695 4.0649695 3.4421368 3.4421368 3.4421368 3.5122352 3.09503 3.0399206 3.0399206 3.09503 3.09503 3.09503 3.0399206 3.0399206 3.09503 3.0232081 3.0232081 3.0232081 3.3452039 3.3452039 2.9661474 3.0232081 3.4145043 3.3452039 3.3452039 3.3452039 3.3452039 3.3452039 3.3452039 3.3452039 3.4145043 2.9661474 3.0260572 3.0232081 3.0232081 3.0260572 3.0260572 3.0232081 2.9661474 3.4659185 3.3452039 3.3452039 3.3452039 3.3452039 3.4145043 3.3452039
3.7845085 3.7845085 3.7845085 3.7858243 3.718424 3.718424 3.718424 3.808638 3.2341435 3.2341435 3.2341435 3.7845085 3.7845085 3.7845085 3.7858243 3.7858243 3.7858243 3.7845085 3.2341435 3.2341435 3.2341435 2.9470263 2.9452784 2.9452784 2.8894353 2.9470263 2.8894353 2.9452784 2.9452784 2.8894353 2.8267565 2.8267565 3.2506022 3.1740968 3.1740968 2.882913 2.8267565 3.1740968 3.1740968 3.1740968 3.1740968 3.1740968 3.1740968 3.1740968 3.1740968 3.1740968 2.882913 2.883717 2.883717 2.883717 2.883717 2.883717 3.2506022 3.2497132 3.1740968 3.1740968 3.1740968 3.1740968 3.1740968 3.1740968 3.1740968
3.2341435 3.2341435 3.2341435 3.7845085 3.7318327 3.2443135 3.7977595 3.7845085 3.2341435 3.2341435 3.2341435 3.8928945 3.7845085 3.7845085 3.7845085 3.7845085 3.7845085 3.2341435 3.2341435 3.2341435 2.8894353 2.9417393 2.8894353 2.9417393 2.936885 2.8894353 2.936885 2.9417393 2.8894353 2.936885 2.8794835 2.8267565 3.1740968 3.1740968 3.1740968 3.1740968 3.1740968 3.1740968 3.1740968 3.1740968 3.6833918 3.1740968 3.1740968 3.1740968 3.1740968 3.1740968 2.8836436 2.8267565 2.8836436 2.8267565 2.8836436 2.8267565 3.1740968 3.1740968 3.1740968 3.1740968 3.1740968 3.1740968 3.7832954 3.7832954 3.6833918
3.2341435 3.2341435 3.2341435 3.2341435 3.2443135 3.2341435 3.7845085 3.7845085 3.7845085 3.2341435 3.2341435 3.8974178 3.7845085 3.7845085 3.2341435 3.2341435 3.2341435 3.2341435 3.2341435 3.2341435 2.936885 2.9402206 2.936885 2.9402206 2.9402206 2.936885 2.8894353 2.9402206 2.936885 2.9402206 2.8827848 2.8794835 2.8267565 3.1740968 3.1740968 3.1740968 3.1740968 2.8267565 3.1740968 3.6833918 3.6833918 3.1740968 3.1740968 3.6833918 3.6833918 3.1740968 3.248495 2.8794835 2.8827848 2.8794835 2.8827848 3.2443051 3.1740968 3.1740968 3.1740968 2.8267565 3.1740968 3.1740968 3.784183 3.7832954 3.1749837
