Export/ASCII/RMeteo_tot/p10_sum_tot.asc
ncols         660
nrows         338
xllcorner     1476100.0
yllcorner     5017100.0
cellsize      100
NODATA_value  -9999
[rows 270 to 296 of 338, columns 305 to 365 of 660]
3.3198767 2.2301867 4.6399984 3.557853 3.557853 2.122826 3.557853 3.557853 3.557853 3.557853 3.557853 3.557853 3.557853 3.5135603 3.5135603 3.5135603 3.5135603 3.048651 3.048651 3.048651 3.048651 2.738109 2.7881951 3.1127057 3.1127057 3.1127057 2.7881951 2.790969 2.738109 2.738109 3.048651 2.260235 1.9946247 2.401967 2.3847597 2.3847597 2.5063276 3.5135603 3.5135603 3.048651 3.048651 3.048651 3.048651 3.5135603 3.5135603 3.5135603 3.5999491 3.5999491 3.0827582 2.8923655 3.048651 2.790827 2.7881951 2.790969 3.1558652 3.1601462 2.879576 2.8751929 2.790827 2.790827 3.3491657
3.108551 2.2297704 4.7835884 3.557853 3.557853 2.122826 4.6399984 3.557853 3.557853 3.557853 3.557853 3.557853 3.557853 3.5135603 3.5135603 3.5135603 3.5135603 3.048651 3.048651 3.5999491 3.048651 3.1127057 3.115997 3.048651 3.048651 3.048651 2.790969 2.790969 2.7881951 2.7881951 2.738109 3.5285885 2.260235 2.3832195 1.9946247 2.3244379 2.5454314 3.5135603 3.5135603 3.048651 3.048651 3.5135603 3.5135603 3.5135603 3.5135603 3.5135603 3.5135603 3.4333785 3.8114657 3.5135603 3.6279106 3.0827582 2.790969 2.790969 2.790969 2.879565 2.879565 2.790827 2.790827 2.8199625 2.738109
3.36001 2.210298 2.5889285 3.557853 2.122826 3.557853 4.6399984 3.557853 3.557853 3.557853 3.557853 3.557853 3.557853 3.5135603 3.5135603 3.5135603 3.048651 3.048651 3.048651 3.5999491 3.048651 3.048651 3.048651 3.048651 3.048651 3.048651 2.790969 2.738109 2.738109 2.790969 3.048651 3.048651 3.048651 2.3078108 1.9946247 1.9946247 2.339127 3.5135603 3.048651 3.048651 3.5135603 3.5135603 3.5135603 3.5135603 3.5135603 3.5135603 3.5135603 3.4334803 3.5135603 3.5135603 3.5135603 3.0827582 3.29473 3.1601462 2.032432 2.032432 2.790827 2.790827 2.738109 2.738109 2.790943
3.36001 2.5819442 2.122826 2.747669 2.122826 4.6399984 3.557853 3.557853 3.557853 3.557853 3.557853 3.557853 3.557853 3.5135603 3.5135603 3.5135603 3.048651 3.048651 2.738109 3.048651 3.048651 3.048651 3.048651 3.048651 3.5135603 3.048651 3.048651 3.1584997 2.7881951 2.790969 3.048651 3.048651 3.048651 3.5422707 3.048651 3.0946217 2.30541 2.0916362 1.9946247 3.048651 3.5135603 3.5135603 3.5135603 3.048651 3.5135603 3.5135603 3.5135603 3.4333785 3.5135603 3.5135603 3.5135603 3.5135603 3.8114657 3.8569722 2.0841267 2.2659955 2.738109 2.8199625 2.738109 2.7881951 2.7881951
3.4673116 2.122826 2.5253785 3.557853 5.2246804 4.6399984 3.557853 3.557853 3.557853 3.557853 3.557853 3.557853 3.557853 3.5135603 3.5135603 3.5135603 3.5135603 3.048651 3.048651 3.1127057 3.048651 3.048651 3.048651 3.048651 3.048651 3.5135603 3.048651 3.048651 3.115997 3.115997 3.048651 3.048651 3.048651 3.048651 3.048651 3.1258707 2.3026493 2.5128012 1.9946247 4.106932 3.5135603 3.5135603 3.048651 3.048651 3.5135603 2.0916362 2.0916362 3.4334803 3.5135603 3.5135603 3.5135603 3.5135603 3.048651 1.9946247 1.9946247 2.278063 3.1572645 2.790943 2.7881951 2.738109 2.790969
2.953727 2.5253785 2.122826 3.557853 3.557853 3.0815308 3.0815308 3.0815308 3.557853 3.557853 3.557853 3.557853 3.557853 3.5135603 3.5135603 3.5135603 3.048651 3.048651 3.048651 3.048651 3.048651 3.048651 3.048651 3.048651 3.048651 3.5135603 3.5135603 3.5135603 3.048651 3.048651 3.5135603 3.5135603 3.048651 3.5135603 3.5135603 3.5135603 2.4274576 2.7333958 2.260235 2.0916362 3.5135603 3.5135603 3.048651 3.048651 3.048651 2.5063276 2.5063276 2.0917382 3.5135603 3.5135603 3.5135603 2.0916362 1.9946247 1.9946247 2.260235 3.3940551 2.806416 2.790969 2.790969 2.7881951 2.738109
2.807453 2.7198153 2.5253785 3.557853 3.557853 3.0815308 3.0815308 3.0815308 3.557853 3.557853 3.557853 3.557853 3.557853 3.5135603 3.5135603 3.5135603 3.048651 3.048651 3.048651 3.048651 2.738109 3.048651 3.048651 3.048651 3.5135603 3.5135603 3.5135603 3.5135603 3.5135603 3.5135603 3.5135603 3.5135603 3.5135603 3.5135603 3.5135603 3.5135603 2.6528702 2.8598707 2.293514 2.5063276 3.5135603 3.5135603 3.048651 3.048651 3.5135603 2.704715 2.704715 2.5063276 3.5999491 3.5135603 3.5135603 2.0964851 2.3847597 2.260235 3.3938737 2.823646 2.790969 2.790969 2.790969 2.790969 2.7881951
2.806245 2.8010504 2.122826 3.557853 3.557853 3.557853 3.0815308 3.557853 3.557853 3.557853 3.557853 3.557853 3.557853 3.5135603 3.5135603 3.5135603 3.048651 3.048651 2.738109 2.738109 2.7881951 2.738109 3.048651 3.048651 3.5135603 3.5135603 3.5135603 3.048651 3.048651 3.5135603 3.5135603 3.5135603 3.5135603 3.5135603 3.5135603 3.5135603 4.2047963 2.7365856 2.4208732 2.704715 2.0916362 3.5135603 3.5135603 3.5135603 3.5135603 2.7813551 2.7813551 2.704715 2.0002532 2.0002532 2.0964851 2.0964851 2.4000964 3.4398055 2.823646 2.790969 2.790969 2.738109 2.738109 2.738109 2.738109
3.1925242 2.8286257 2.5253785 2.122826 2.122826 3.557853 3.557853 3.557853 3.557853 3.557853 3.557853 3.557853 3.557853 3.5135603 3.5135603 3.048651 3.048651 2.738109 2.7881951 2.7881951 2.738109 2.790969 3.1127057 3.048651 3.5135603 3.5135603 3.5135603 3.048651 3.048651 3.048651 3.5135603 3.5135603 3.5135603 3.5135603 3.5135603 3.5135603 3.048651 3.604166 2.6276176 2.7813551 2.5063276 3.5135603 3.5135603 3.5135603 3.5135603 5.1800084 2.806404 2.710977 2.479202 2.485082 2.524227 2.0964851 2.5040073 2.738109 2.738109 2.738109 2.738109 2.738109 3.109934 2.738109 2.738109
3.331269 2.8308315 2.7198153 2.5253785 2.122826 2.5253785 3.557853 3.557853 3.557853 3.557853 3.557853 2.0197017 2.0197017 1.9946247 2.0916362 1.9946247 1.9946247 1.9946247 1.9946247 1.9946247 2.790969 2.738109 3.115997 3.048651 3.5135603 3.5135603 3.5135603 3.048651 3.048651 3.5135603 3.5135603 3.5135603 3.5135603 3.5135603 3.5135603 3.5135603 3.048651 3.048651 2.746273 2.806404 2.704715 2.0916362 3.5135603 3.5135603 3.5135603 3.5135603 0.0 0.0 2.633395 2.0964851 2.8616998 2.524227 2.4070961 2.0301514 2.7881951 2.7881951 2.7881951 2.7881951 2.894841 2.7881951 2.738109
3.108551 2.122826 2.122826 5.2156706 2.5253785 2.122826 2.122826 3.557853 3.557853 3.557853 2.122826 2.122826 2.277877 2.2974973 2.4217958 2.5063276 2.4700305 2.0916362 2.0964851 2.260235 3.476752 2.738109 3.1127057 3.048651 3.4333785 3.5135603 3.5135603 2.738109 3.0827582 3.5135603 3.5135603 3.5135603 3.5135603 3.5135603 3.5135603 3.048651 3.048651 3.048651 2.6139133 2.809812 2.7813551 2.5063276 2.0916362 2.0916362 3.5135603 0.0 0.0 0.0 2.7158935 2.5182343 3.094403 2.7491593 2.4369133 2.2659955 2.790969 2.790969 2.790969 2.790969 2.738109 2.8207493 2.7881951
3.108551 2.5248609 2.5253785 2.122826 5.0698495 2.5253785 2.3995657 2.122826 2.122826 2.122826 2.5253785 2.5253785 2.122826 2.0916362 2.5063276 2.8700702 2.0916362 2.7419167 2.5063276 2.5182343 3.5285885 3.048651 3.1127057 3.048651 2.9515357 2.9516377 3.0827582 3.1558652 3.0827582 3.8114657 3.5135603 3.5135603 3.5135603 3.5135603 3.5135603 3.048651 3.048651 3.048651 2.340919 2.8107243 2.806404 2.0002532 0.0 2.4278376 2.0002532 0.0 0.0 3.109934 4.7438965 2.7193732 3.1626093 2.873854 2.0964851 3.109934 2.738109 3.109934 3.109934 2.790969 2.738109 2.738109 2.790969
3.3198767 2.7336679 2.7198153 2.5253785 3.557853 4.070179 2.3527174 2.3995657 2.5253785 2.5253785 2.7198153 2.7198153 2.122826 2.498142 2.0916362 2.0916362 3.1009445 2.5063276 2.8043077 2.704715 2.7193732 3.048651 3.048651 3.0827582 3.0827582 3.3377512 3.4118824 3.0827582 3.303718 3.29473 3.0827582 3.5135603 3.5135603 3.5135603 3.048651 3.048651 3.048651 3.048651 2.3042893 2.8107538 2.809812 0.0 0.0 2.6111908 2.395266 0.0 0.0 3.3805323 4.511521 2.720232 3.9267316 4.812638 2.524227 3.3805323 3.109934 3.3938203 3.3805323 3.1889255 2.7881951 2.7881951 2.790969
3.3569622 4.45934 4.407786 2.7198153 2.122826 3.0815308 3.588 3.6211371 2.7198153 3.108551 4.407786 4.407786 3.9240818 2.0916362 2.5063276 2.0916362 2.5063276 3.0964527 2.704715 2.0916362 2.7813551 4.3814015 2.738109 3.0827582 3.29473 3.4279768 3.0827582 3.4222105 3.29473 3.3316703 3.3307586 3.29473 3.0827582 3.5135603 3.048651 3.048651 3.048651 3.048651 1.9946247 2.8104658 2.8107243 2.0002532 0.0 2.7347538 2.6151352 2.0002532 0.0 3.9598613 3.4405892 4.220496 2.8113832 3.0884135 2.9515357 4.500238 3.3805323 3.491924 3.0827582 3.3959303 2.790969 2.790969 2.790969
3.108551 3.4689255 3.108551 2.122826 2.5253785 2.122826 2.0197017 3.557853 5.2156706 3.3198767 3.108551 3.6451774 3.4297087 3.9037387 2.0916362 2.704715 2.5063276 2.704715 2.9042158 2.7813551 2.5063276 4.397364 3.4414802 3.1558652 3.4222624 3.0827582 3.4146206 3.29473 3.3436985 3.3307586 3.3335214 3.0827582 2.896657 2.8751929 3.048651 3.048651 3.5135603 3.5135603 2.0916362 2.0916362 2.0916362 2.479202 0.0 2.827486 2.0002532 2.395266 2.0002532 2.0064511 2.0916362 2.738109 3.5999491 3.7143433 3.3776543 3.6943078 3.109934 3.4731438 3.0827582 3.405332 3.109934 3.5999491 2.790969
3.3198767 3.3692667 3.8631926 2.5253785 2.7198153 2.5253785 2.3947248 2.122826 2.122826 3.3569622 3.108551 3.108551 3.4836793 3.0827582 3.4032476 3.0827582 4.3670406 2.0916362 2.7813551 2.0916362 2.806404 3.0827582 3.4407659 3.303718 3.0827582 3.4136586 3.0827582 3.3408506 3.3307586 3.3335214 3.3335214 2.8975565 2.8751929 2.790827 2.790827 3.048651 3.5135603 3.5135603 2.0916362 2.5906565 2.5063276 2.708336 2.0002532 0.0 2.479202 2.69491 2.485082 2.4866993 2.0964851 2.5061045 3.5999491 3.5999491 4.1243925 4.1835265 3.8810077 4.0000067 3.8114657 3.876927 3.8810077 3.048651 3.115997
3.3569622 3.108551 3.9152312 5.0698495 2.8010504 2.7198153 2.636164 2.5253785 2.122826 3.9240818 3.36001 3.3198767 3.3198767 3.3428812 3.29473 3.0827582 3.29473 3.4404821 2.0916362 2.0916362 2.5063276 3.0827582 3.4352384 3.0827582 3.3316703 3.29473 3.3408506 3.8114657 3.8602853 3.8602853 3.8602853 3.254087 3.1167066 3.1615083 2.738109 2.790969 3.0827582 3.0827582 2.0916362 2.5063276 2.954172 2.789728 2.395266 0.0 2.708336 2.0916362 2.9529433 2.7374527 2.524227 2.7042906 2.0002532 3.4333785 3.4368775 2.9515357 3.5135603 3.5135603 3.5135603 3.5135603 3.5135603 3.5135603 3.048651
3.4673116 3.3198767 3.108551 3.108551 4.439425 5.2156706 2.7564058 2.122826 4.276145 3.9240818 3.4297087 3.36001 3.3569622 3.3292234 3.33647 3.3307586 3.29473 3.3307586 2.2162445 3.9037387 3.9037387 4.2868176 3.0827582 3.4149191 3.29473 3.3335214 3.8569722 3.8602853 3.5135603 3.5135603 3.5135603 3.048651 3.048651 2.738109 2.738109 2.7881951 3.1601462 3.29473 3.29473 2.5063276 2.704715 3.1869166 2.7007792 2.0964851 2.798317 2.5063276 2.0916362 3.1898153 2.7491593 2.789951 2.395266 0.0 0.0 0.0 0.0 0.0 3.5135603 3.5135603 3.5135603 3.5135603 3.5135603
3.108551 3.445986 3.3569622 3.3198767 3.3198767 3.469742 5.2328835 4.6399984 3.108551 3.4660935 3.4297087 3.37009 3.108551 3.0827582 3.0827582 3.0827582 3.0827582 3.0827582 2.0916362 3.0827582 3.0827582 3.0827582 3.0827582 3.0827582 3.0827582 3.3307586 3.5135603 3.5135603 3.5135603 3.5135603 3.048651 3.048651 2.738109 2.738109 2.738109 2.0301514 2.032432 3.0827582 3.0827582 3.3307586 2.0916362 2.0916362 3.2461271 2.524227 2.0002532 2.8530343 2.0916362 2.0916362 3.3425064 2.8137424 2.0002532 0.0 0.0 0.0 0.0 0.0 3.5135603 3.5135603 3.5135603 3.0827582 2.0916362
3.3569622 3.3198767 3.3705635 3.36001 3.3569622 3.3569622 3.3701265 3.0815308 3.2591255 3.557853 3.9256647 3.37009 3.3601046 3.2921731 3.29473 3.29473 3.29473 3.29473 2.1858566 2.3875499 2.738109 3.29473 3.29473 3.29473 3.29473 3.29473 3.8602853 3.5135603 3.5135603 3.048651 3.048651 3.048651 2.738109 2.7881951 2.7881951 2.0301514 2.2659955 2.3800516 2.1858566 2.1858566 2.2069218 2.5906565 3.0973797 2.0916362 2.74277 2.479202 2.8556376 2.5063276 2.5063276 3.3470135 2.479202 3.5135603 3.5135603 3.5135603 3.5135603 3.5135603 3.5135603 3.5135603 3.5135603 3.29473 3.9037387
3.557853 3.557853 3.9115577 3.9151187 3.9151187 3.36001 3.36001 2.9051726 2.7525473 3.0815308 3.557853 2.122826 3.3601046 3.3321679 3.3334193 3.3307586 3.3307586 3.3307586 2.5616548 1.9946247 3.1994889 3.1558652 3.3307586 3.3307586 3.3307586 3.3307586 3.8569722 3.5135603 3.048651 3.048651 3.048651 2.738109 2.738109 2.7881951 2.790969 2.790969 3.1011744 2.4134545 2.6141076 2.5621269 2.6630335 2.8753903 2.942009 2.5063276 2.0916362 2.7588792 2.708336 2.829725 2.704715 2.704715 3.2748137 3.5135603 3.5135603 3.5135603 3.5135603 3.5135603 3.5135603 3.5135603 3.5135603 3.3307586 2.738109
3.557853 3.557853 3.557853 3.557853 3.557853 3.108551 3.36001 2.9051416 2.8363967 3.557853 3.557853 3.557853 3.9240818 3.3321679 3.33647 3.3339453 3.3335214 3.4450865 3.0827582 2.5819175 3.0946217 3.1728563 3.303718 3.3335214 3.0827582 3.0827582 3.0827582 3.0827582 2.738109 2.738109 2.738109 2.738109 2.7881951 2.738109 2.790969 2.738109 3.1601462 3.0827582 2.6251686 2.7299237 2.0916362 2.922444 3.0693822 2.0916362 2.5063276 2.0916362 2.0916362 2.0916362 2.8155231 4.3670406 3.5135603 6.134177 3.5135603 3.5135603 3.5135603 3.5135603 3.5135603 3.5135603 3.5135603 3.3335214 2.7881951
3.557853 3.557853 3.557853 3.557853 3.557853 3.557853 3.3198767 3.36001 3.1955504 3.676062 3.557853 3.557853 3.108551 3.3993406 3.33647 3.3339453 3.4450865 3.0827582 3.4244697 2.0810142 3.2118242 3.1724734 3.3047507 3.3316703 3.3335214 3.29473 3.29473 2.9320686 2.738109 3.1558652 3.1558652 2.7881951 2.7881951 2.790969 2.7881951 2.790969 3.1558652 3.303718 4.3499284 2.0916362 2.7875412 2.5063276 2.9139068 3.1818473 2.0916362 2.5063276 2.0002532 2.5063276 4.40363 3.0827582 3.5135603 3.5135603 3.5135603 3.5135603 3.5135603 3.5135603 3.5135603 3.5135603 3.0827582 3.0827582 2.790969
3.557853 3.557853 3.557853 3.557853 3.557853 3.557853 3.108551 3.3569622 3.36001 3.8782427 3.557853 3.557853 3.3198767 3.0827582 3.0827582 3.4453633 3.0827582 2.2531195 2.1858566 1.9946247 3.1149848 3.1728563 3.0827582 3.3316703 3.3335214 3.3335214 2.9613252 2.738109 3.183431 3.1558652 3.303718 3.303718 2.790969 2.790969 2.790969 2.790969 2.790969 2.9533927 2.738109 3.5273316 2.5063276 2.8067005 2.704715 2.8494647 3.187552 2.704715 2.0916362 2.7655919 3.4395595 3.0827582 3.29473 3.5135603 3.5135603 3.5135603 3.5135603 3.5135603 3.5135603 3.0827582 3.29473 3.0827582 3.1601462
3.557853 3.557853 3.557853 3.0815308 3.0815308 3.0815308 3.557853 3.8631926 3.9151187 3.9151187 2.122826 2.122826 2.2297704 2.0916362 2.2073517 2.0916362 2.0916362 2.0916362 2.5945537 2.0916362 2.0916362 2.0916362 3.0827582 3.29473 3.0827582 2.8975565 2.738109 3.0827582 3.1558652 3.0827582 3.0827582 3.3316703 3.3316703 3.1601462 3.0827582 2.790969 2.790969 2.790969 2.738109 3.1558652 3.3584604 2.0916362 2.80984 2.0916362 2.0916362 3.1830587 2.0916362 4.7325506 3.3460371 3.0827582 3.5135603 3.8569722 3.5135603 3.5135603 3.5135603 3.5135603 3.5135603 3.29473 3.3307586 3.0827582 3.303718
3.0815308 3.0815308 3.0815308 3.0815308 3.0815308 3.0815308 3.557853 3.557853 3.557853 3.557853 3.557853 2.5253785 2.678889 2.5063276 2.0916362 2.5851626 2.5063276 2.5063276 2.5063276 2.7374048 2.5063276 2.5063276 2.5063276 3.29473 2.951526 2.738109 2.790827 3.1558652 3.29473 3.303718 3.29473 3.29473 3.3335214 3.3335214 3.303718 2.8940628 2.738109 2.7881951 2.8199625 3.1558652 3.303718 2.2069218 2.5063276 2.8107255 2.5906565 2.0916362 3.202017 3.9037387 3.6103106 3.29473 3.5135603 3.5135603 3.5135603 3.5135603 3.5135603 3.5135603 3.5135603 3.3307586 3.3335214 3.29473 3.3316703
2.0197017 2.0197017 2.0197017 2.277877 2.0197017 2.3947248 3.557853 3.557853 3.557853 3.557853 3.557853 5.0698495 3.557853 5.586512 2.704715 2.5063276 2.7645524 2.704715 2.704715 2.704715 2.7878466 2.704715 2.704715 2.7045121 2.738109 2.807482 3.1558652 3.1601462 3.303718 3.3307586 3.3316703 3.3307586 3.3307586 3.3335214 3.4442425 3.0827582 2.7986758 2.738109 2.7881951 3.2083719 3.303718 2.2069218 2.569924 2.9281316 2.0916362 2.9435432 2.5063276 3.0192225 3.4032476 3.5378995 2.0916362 3.5135603 3.5135603 3.5135603 3.5135603 3.5135603 3.5135603 3.8602853 3.3335214 3.0827582 3.4442425
