Export/ASCII/RMeteo_tot/p1BIS_sum_tot.asc
ncols         660
nrows         338
xllcorner     1476100.0
yllcorner     5017100.0
cellsize      100
NODATA_value  -9999
[rows 162 to 188 of 338, columns 180 to 239 of 660]
2.8148127 3.113699 3.243779 3.243779 3.243779 3.2033494 3.2033494 3.2033494 3.7021894 3.7021894 3.5692444 3.5692444 3.8368158 3.8368158 3.7021894 3.7021894 3.8368158 3.8368158 3.8368158 3.8368158 3.8368158 3.8368158 3.8368158 3.8368158 3.5692444 3.5692444 3.5692444 3.5692444 3.8368158 3.8368158 3.8368158 3.8368158 3.8368158 3.8368158 3.5692444 3.8368158 3.8368158 3.8368158 3.8368158 3.8368158 3.8368158 3.8368158 3.8368158 3.8368158 3.4123828 3.8368158 3.8368158 3.4123828 3.4123828 3.4123828 3.8368158 3.4123828 3.4123828 3.8368158 3.8368158 3.8368158 3.8368158 3.8368158 3.8368158 3.800225
3.113699 3.113699 3.243779 3.243779 3.243779 3.2569985 3.2569985 3.2569985 3.8368158 3.1672945 3.1672945 3.8368158 3.8368158 3.8368158 3.7021894 3.7021894 3.8368158 3.8368158 3.8368158 3.8368158 3.8368158 3.8368158 3.8368158 3.8368158 3.5692444 3.5692444 3.5692444 3.5692444 3.8368158 3.8368158 3.8368158 3.8368158 3.8368158 3.8368158 3.5692444 3.7021894 3.8368158 3.8368158 3.8368158 3.4123828 3.8368158 3.8368158 3.8368158 3.8368158 3.8368158 3.8368158 3.8368158 3.4123828 3.4123828 3.4123828 3.8368158 3.8368158 3.5692444 3.5692444 3.5692444 3.8368158 3.8368158 3.8368158 3.8368158 3.800225
3.113699 3.113699 3.113699 3.243779 3.2569985 3.2569985 3.2569985 3.2569985 3.7021894 3.1672945 3.1672945 3.8368158 3.8368158 3.8368158 3.8368158 3.8368158 3.8368158 3.8368158 3.8368158 3.8368158 3.8368158 3.8368158 3.8368158 3.8368158 3.8368158 3.5692444 3.5692444 3.5692444 3.8368158 3.8368158 3.8368158 3.8368158 3.7021894 3.7021894 3.7021894 3.7021894 3.8368158 3.8368158 3.8368158 3.8368158 3.8368158 3.8368158 3.8368158 3.4123828 3.8368158 3.8368158 3.8368158 3.4123828 3.4123828 3.8368158 3.8368158 3.8368158 3.5692444 3.5692444 3.5692444 3.5692444 3.8368158 3.8368158 3.8368158 3.800225
3.113699 3.113699 3.113699 3.2569985 3.2033494 3.2033494 3.2569985 3.113699 3.7021894 3.1672945 3.1672945 3.8368158 3.8368158 3.8368158 3.8368158 3.8368158 3.8368158 3.7021894 3.7021894 3.8368158 3.8368158 3.8368158 3.7021894 3.7021894 3.8368158 3.5692444 3.5692444 3.5692444 3.8368158 3.8368158 3.8368158 3.8368158 3.7021894 3.2033494 3.7021894 3.7021894 3.8368158 3.8368158 3.8368158 3.8368158 3.8368158 3.8368158 3.8368158 3.4123828 3.8368158 3.8368158 3.8368158 3.4123828 3.4123828 3.8368158 3.8368158 3.4123828 3.8368158 3.5692444 3.5692444 3.5692444 3.5692444 3.8368158 3.8368158 3.800225
3.2569985 3.2569985 3.2569985 3.2569985 3.2569985 3.113699 3.2569985 3.113699 3.5692444 3.1672945 3.5692444 3.5692444 3.5692444 3.5692444 3.8368158 3.8368158 3.8368158 3.7021894 3.7021894 3.8368158 3.8368158 3.8368158 3.7021894 3.7021894 3.8368158 3.5692444 3.5692444 3.8368158 3.8368158 3.8368158 3.8368158 3.8368158 3.5692444 3.7021894 3.7021894 3.5692444 3.8368158 3.8368158 3.8368158 3.8368158 3.7021894 3.8368158 3.8368158 3.4123828 3.8368158 3.7021894 3.7021894 3.8368158 3.4123828 3.4123828 3.4123828 3.4123828 3.8368158 3.8368158 3.5692444 3.5692444 3.5692444 3.8368158 3.8368158 3.800225
3.113699 3.113699 3.2569985 3.2569985 3.2569985 3.113699 3.2033494 3.113699 3.113699 3.5692444 3.5692444 3.113699 3.5692444 3.5692444 3.8368158 3.8368158 3.5692444 3.8368158 3.8368158 3.8368158 3.8368158 3.8368158 3.8368158 3.4123828 3.8368158 3.8368158 3.8368158 3.7021894 3.7021894 3.8368158 3.8368158 3.8368158 3.8368158 3.8368158 3.5692444 3.5692444 3.8368158 3.8368158 3.8368158 3.5692444 3.5692444 3.8368158 3.8368158 3.8368158 3.8368158 3.7021894 3.7021894 3.4123828 3.4123828 3.8368158 3.4123828 3.4123828 3.8368158 3.8368158 3.8368158 3.5692444 3.8368158 3.8368158 3.8368158 3.800225
3.113699 3.113699 3.113699 3.2569985 3.2569985 3.113699 3.2569985 3.113699 3.113699 3.113699 3.113699 3.5692444 3.5692444 3.5692444 3.5692444 3.5692444 3.5692444 3.5692444 3.8368158 3.8368158 3.8368158 3.8368158 3.8368158 3.4123828 3.4123828 3.8368158 3.8368158 3.5692444 3.5692444 3.8368158 3.8368158 3.8368158 3.8368158 3.8368158 3.5692444 3.5692444 3.8368158 3.8368158 3.8368158 3.5692444 3.5692444 3.8368158 3.8368158 3.8368158 3.8368158 3.4123828 3.4123828 3.4123828 3.8368158 3.8368158 3.8368158 3.4123828 3.8368158 3.8368158 3.8368158 3.8368158 3.8368158 3.8368158 3.8368158 3.800225
3.2569985 3.113699 3.113699 3.2569985 3.2569985 3.2569985 3.2569985 3.2569985 3.2569985 3.2569985 2.8148127 3.113699 3.5692444 3.5692444 3.5692444 3.5692444 3.5692444 3.8368158 3.8368158 3.8368158 3.8368158 3.8368158 3.4123828 3.4123828 3.4123828 3.8368158 3.8368158 3.8368158 3.8368158 3.8368158 3.8368158 3.8368158 3.8368158 3.7021894 3.7021894 3.5692444 3.8368158 3.8368158 3.8368158 3.5692444 3.8368158 3.8368158 3.8368158 3.8368158 3.4123828 3.4123828 3.4123828 3.8368158 3.8368158 3.8368158 3.8368158 3.8368158 3.8368158 3.8368158 3.8368158 3.8368158 3.7021894 3.5692444 3.5692444 3.800225
3.113699 3.113699 3.113699 3.2569985 3.2569985 3.2569985 3.2569985 3.2569985 3.2569985 3.2569985 2.8148127 3.2569985 3.7021894 3.7021894 3.5692444 3.7021894 3.5692444 3.8368158 3.7021894 3.8368158 3.8368158 3.8368158 3.4123828 3.4123828 3.4123828 3.8368158 3.8368158 3.8368158 3.8368158 3.8368158 3.8368158 3.8368158 3.8368158 3.7021894 3.7021894 3.5692444 3.8368158 3.8368158 3.8368158 3.8368158 3.8368158 3.8368158 3.8368158 3.4123828 3.4123828 3.4123828 3.8368158 3.1672945 3.8368158 3.8368158 3.8368158 3.8368158 3.8368158 3.8368158 3.8368158 3.8368158 3.8368158 3.5692444 3.7021894 3.800225
3.113699 3.113699 3.2569985 3.2569985 3.2569985 3.2569985 3.2569985 3.2569985 2.8148127 3.2569985 3.2569985 3.2569985 3.8368158 3.8368158 3.8368158 3.7021894 3.8368158 3.7021894 3.8368158 3.8368158 3.8368158 3.8368158 3.8368158 3.8368158 3.8368158 3.8368158 3.8368158 3.8368158 3.8368158 3.8368158 3.8368158 3.8368158 3.8368158 3.8368158 3.8368158 3.8368158 3.8368158 3.8368158 3.8368158 3.8368158 3.8368158 3.4123828 3.4123828 3.4123828 3.4123828 3.4123828 3.8368158 3.1672945 3.8368158 3.8368158 3.8368158 3.8368158 3.8368158 3.8368158 3.8368158 3.8368158 3.8368158 3.7021894 3.7021894 3.6805167
3.113699 3.113699 3.113699 3.113699 3.113699 3.2569985 3.2569985 3.2569985 2.8148127 2.8148127 2.8148127 3.8368158 3.8368158 3.8368158 3.8368158 3.8368158 3.7021894 3.7021894 3.8368158 3.8368158 3.8368158 3.8368158 3.8368158 3.8368158 3.8368158 3.8368158 3.8368158 3.8368158 3.8368158 3.8368158 2.1417308 2.1417308 3.8368158 3.5692444 3.5692444 3.8368158 3.8368158 3.8368158 3.8368158 3.8368158 3.4123828 3.4123828 3.4123828 3.8368158 3.8368158 3.8368158 3.8368158 3.4123828 3.4123828 3.7021894 3.7021894 3.7021894 3.8368158 3.8368158 3.8368158 3.8368158 3.8368158 3.8368158 3.7021894 3.800225
3.2569985 3.113699 3.2569985 3.113699 3.113699 3.2033494 3.2033494 3.2033494 3.2569985 2.8148127 3.1672945 3.8368158 3.8368158 3.8368158 3.8368158 3.8368158 3.5692444 3.5692444 3.8368158 3.8368158 3.8368158 3.8368158 3.8368158 3.8368158 3.8368158 3.8368158 3.8368158 3.8368158 3.8368158 2.1417308 2.1417308 2.1417308 3.8368158 3.5692444 3.5692444 3.4123828 3.8368158 3.8368158 3.8368158 3.4123828 3.4123828 3.4123828 3.8368158 3.8368158 3.8368158 3.7021894 3.7021894 3.8368158 3.4123828 3.7021894 3.7021894 3.7021894 3.8368158 3.8368158 3.8368158 3.8368158 3.8368158 3.8368158 3.8368158 3.800225
2.8148127 2.8148127 3.2569985 3.2569985 3.2569985 3.2033494 3.2033494 3.2033494 3.2033494 3.2033494 3.8368158 3.8368158 3.8368158 3.8368158 3.8368158 3.8368158 3.8368158 3.8368158 3.7021894 3.7021894 3.7021894 3.8368158 3.8368158 3.8368158 3.8368158 3.8368158 3.8368158 3.8368158 2.1417308 2.1417308 2.1417308 2.1417308 3.8368158 3.5692444 3.5692444 3.4123828 3.8368158 3.4123828 3.4123828 3.4123828 3.8368158 3.8368158 3.8368158 3.8368158 3.8368158 3.7021894 3.7021894 3.8368158 3.4123828 3.7021894 3.7021894 3.4123828 3.8368158 3.8368158 3.8368158 3.8368158 3.8368158 3.4123828 3.8368158 3.800225
2.8148127 2.8148127 3.2569985 3.2569985 3.2569985 3.2569985 3.2569985 3.2569985 3.2033494 3.2569985 3.8368158 3.8368158 3.8368158 3.8368158 3.8368158 3.8368158 3.8368158 3.7021894 3.7021894 3.7021894 3.7021894 3.8368158 3.8368158 3.8368158 3.8368158 3.8368158 3.8368158 3.8368158 3.8368158 2.1417308 2.1417308 2.1417308 3.8368158 3.8368158 3.8368158 3.8368158 3.4123828 3.4123828 3.4123828 3.8368158 3.8368158 3.8368158 3.5692444 3.5692444 3.8368158 3.8368158 3.8368158 3.8368158 3.8368158 3.8368158 3.8368158 3.4123828 3.4123828 3.8368158 3.8368158 3.8368158 3.8368158 3.4123828 3.8368158 3.800225
2.8148127 2.8148127 3.2569985 3.2569985 3.2569985 3.113699 3.113699 3.8368158 3.8368158 3.8368158 3.8368158 3.8368158 3.8368158 3.8368158 3.8368158 3.8368158 3.8368158 3.7021894 3.7021894 3.8368158 3.8368158 3.8368158 3.8368158 3.8368158 3.8368158 3.8368158 3.8368158 3.8368158 3.8368158 2.1417308 2.1417308 3.8368158 3.8368158 3.8368158 3.8368158 3.4123828 3.4123828 3.7021894 3.7021894 3.7021894 3.8368158 3.8368158 3.5692444 3.5692444 3.5692444 3.8368158 3.4123828 3.8368158 3.8368158 3.8368158 3.8368158 3.4123828 3.4123828 3.8368158 3.8368158 3.8368158 3.8368158 3.8368158 3.8368158 3.800225
2.8148127 2.8148127 3.2569985 3.2569985 3.2569985 3.113699 3.113699 3.7021894 3.8368158 3.8368158 3.8368158 3.8368158 3.8368158 3.8368158 3.8368158 3.8368158 3.8368158 3.8368158 3.8368158 3.8368158 3.8368158 3.8368158 3.8368158 3.8368158 3.8368158 3.7021894 3.7021894 3.8368158 3.8368158 2.1301472 2.1301472 3.5692444 3.5692444 3.5692444 3.8368158 3.7021894 3.8368158 3.7021894 3.7021894 3.7021894 3.8368158 3.8368158 3.8368158 3.5692444 3.5692444 3.8368158 3.7021894 3.7021894 3.7021894 3.7021894 3.8368158 3.8368158 3.4123828 3.8368158 3.8368158 3.8368158 3.8368158 3.8368158 3.8368158 3.800225
3.113699 3.113699 3.2569985 3.2569985 3.2569985 3.2569985 3.113699 3.5692444 3.5692444 3.8368158 3.8368158 3.5692444 3.5692444 3.8368158 3.8368158 3.8368158 3.8368158 3.7021894 3.7021894 3.2569985 3.2569985 3.2569985 3.8368158 3.8368158 3.5692444 3.7021894 3.7021894 3.8368158 3.8368158 2.1417308 2.1301472 3.5692444 3.5692444 3.5692444 3.8368158 3.7021894 3.8368158 3.8368158 3.7021894 3.8368158 3.8368158 3.8368158 3.8368158 3.8368158 3.4123828 3.4123828 3.7021894 3.7021894 3.7021894 3.7021894 3.8368158 3.8368158 3.8368158 3.8368158 3.8368158 3.8368158 3.5692444 3.5692444 3.8368158 3.800225
3.113699 3.113699 3.2569985 3.2569985 3.2569985 3.2569985 3.113699 3.5692444 3.5692444 3.5692444 3.8368158 3.8368158 3.5692444 3.8368158 3.8368158 3.8368158 3.8368158 3.2033494 3.2033494 3.2033494 3.2569985 2.8762982 3.4123828 3.4123828 3.5692444 3.5692444 3.5692444 3.8368158 3.8368158 3.7021894 2.1301472 2.106345 3.5692444 3.4123828 3.4123828 3.8368158 3.8368158 3.8368158 3.8368158 3.8368158 3.8368158 3.8368158 3.8368158 3.8368158 3.4123828 3.4123828 3.7021894 3.4123828 3.5692444 3.5692444 3.5692444 3.8368158 3.8368158 3.8368158 3.7021894 3.7021894 3.5692444 3.5692444 3.8368158 3.375602
3.113699 3.113699 3.113699 3.2569985 3.2569985 3.113699 3.113699 3.5692444 3.5692444 3.5692444 3.5692444 3.5692444 3.5692444 3.8368158 3.8368158 3.8368158 3.8368158 3.2569985 3.2569985 3.2569985 2.8762982 2.8762982 3.4123828 3.4123828 3.5692444 3.8368158 3.8368158 3.8368158 3.8368158 3.8368158 2.1417308 2.1417308 1.9120209 1.9120209 3.4123828 3.8368158 3.4123828 3.8368158 3.8368158 3.8368158 3.8368158 3.2569985 3.2569985 3.2569985 3.4123828 3.4123828 3.7021894 3.8368158 3.5692444 3.5692444 3.5692444 3.5692444 3.8368158 3.8368158 3.7021894 3.7021894 3.5692444 3.8368158 3.8368158 3.800225
3.113699 2.8148127 2.8148127 3.113699 3.113699 3.113699 3.113699 3.5692444 3.113699 3.5692444 3.5692444 3.5692444 3.5692444 3.8368158 3.8368158 3.8368158 3.8368158 3.2569985 3.2569985 3.2569985 3.2569985 2.8762982 2.8762982 2.8762982 3.2569985 3.8368158 3.8368158 3.8368158 3.8368158 3.8368158 2.1417308 1.9120209 1.9120209 1.9120209 1.9120209 3.8368158 3.4123828 3.4123828 3.2569985 3.2569985 3.2569985 3.2569985 3.2569985 3.2569985 3.8368158 3.4123828 3.5692444 3.5692444 3.5692444 3.5692444 3.5692444 3.5692444 3.5692444 3.8368158 3.7021894 3.7021894 3.5692444 3.5692444 3.8368158 3.800225
3.1289763 2.7912748 2.7912748 2.7912748 2.7912748 2.7912748 3.080756 3.510586 3.510586 3.510586 3.510586 3.510586 3.510586 3.7595654 3.7595654 3.7595654 3.216535 3.216535 3.216535 3.216535 3.216535 3.216535 2.8312285 2.8312285 3.216535 3.7595654 3.7595654 3.7595654 2.1443145 2.1443145 2.1443145 1.9068749 1.9068749 1.9068749 1.9068749 3.331282 3.331282 3.331282 3.1289763 3.1289763 3.216535 3.216535 3.7595654 3.7595654 3.510586 3.510586 3.510586 3.510586 3.510586 3.510586 3.080756 3.080756 3.510586 3.510586 3.510586 3.510586 3.510586 3.510586 3.510586 3.710751
3.1289763 2.7912748 2.7912748 2.7912748 2.7912748 2.7912748 3.216535 3.7595654 3.331282 3.7595654 3.7595654 3.7595654 3.7595654 3.7595654 3.7595654 3.7595654 3.216535 3.216535 3.216535 3.216535 3.216535 3.216535 2.8312285 2.8312285 3.7595654 3.7595654 3.7595654 3.7595654 1.9068749 2.1443145 1.9068749 1.9068749 1.9068749 1.9068749 1.9068749 3.7595654 3.7595654 3.331282 3.1289763 3.1289763 3.7595654 3.7595654 3.7595654 3.510586 3.510586 3.080756 3.510586 2.7912748 2.7912748 2.7912748 3.080756 3.080756 3.080756 3.510586 3.510586 3.080756 3.080756 3.510586 3.510586 2.1436589
3.216535 3.080756 3.080756 3.080756 3.080756 3.080756 3.1689477 3.216535 3.331282 3.7595654 3.7595654 3.7595654 3.7595654 3.7595654 3.7595654 3.7595654 3.7595654 3.216535 3.216535 3.216535 3.216535 3.216535 2.8312285 3.7595654 3.7595654 3.7595654 3.7595654 3.331282 1.9068749 1.9068749 2.1443145 2.1443145 1.9068749 1.9068749 1.9068749 3.331282 3.7595654 3.331282 3.331282 3.7595654 3.7595654 3.7595654 3.7595654 3.510586 3.510586 3.080756 2.7912748 2.7912748 2.7912748 2.7912748 2.7912748 3.080756 3.510586 3.510586 3.080756 3.080756 3.080756 3.510586 3.510586 2.1096816
3.216535 3.216535 3.080756 3.080756 3.216535 3.216535 3.2165353 3.216535 3.331282 3.7595654 3.7595654 3.331282 3.7595654 3.7595654 3.7595654 3.7595654 3.7595654 3.216535 3.216535 3.216535 3.216535 3.216535 3.216535 3.7595654 3.7595654 3.7595654 3.7595654 3.331282 1.9068749 2.1443145 2.1443145 2.1443145 2.1443145 3.216535 2.1443145 2.1443145 3.331282 3.7595654 3.331282 3.331282 3.7595654 3.7595654 3.7595654 3.510586 3.510586 3.080756 2.7912748 2.7912748 2.7912748 2.7912748 3.1289763 3.510586 3.510586 3.510586 3.510586 3.080756 3.080756 3.080756 2.111557 2.1096816
3.216535 3.216535 3.2165353 3.2165353 3.216535 3.216535 3.2165353 3.216535 3.216535 3.7595654 3.7595654 3.7595654 3.331282 3.7595654 3.7595654 3.7595654 3.7595654 3.216535 3.216535 3.216535 3.7595654 3.7595654 3.7595654 3.7595654 3.7595654 3.7595654 3.331282 1.9068749 1.9068749 2.1443145 2.1443145 2.1443145 2.1443145 3.216535 1.9068749 2.1443145 3.7595654 3.331282 3.331282 3.331282 3.7595654 3.7595654 3.510586 3.510586 3.510586 3.510586 3.510586 3.510586 3.510586 3.1289763 3.1289763 3.510586 3.7595654 3.510586 3.510586 3.510586 3.510586 2.111557 2.111557 2.1096816
3.216535 3.216535 3.216535 3.216535 3.216535 3.216535 3.2165353 3.216535 3.216535 3.331282 3.7595654 3.7595654 3.7595654 3.7595654 3.7595654 3.331282 3.331282 3.331282 3.216535 3.7595654 3.7595654 3.331282 3.7595654 3.7595654 3.7595654 3.331282 3.331282 1.9068749 1.9068749 2.1452262 2.1443145 2.1443145 3.216535 3.216535 2.1443145 2.1443145 3.7595654 3.7595654 3.7595654 3.7595654 3.1289763 3.1289763 3.510586 3.510586 3.510586 3.510586 3.510586 3.510586 3.510586 3.510586 3.510586 3.7595654 3.7346747 3.7346747 3.510586 3.510586 3.510586 3.7595654 2.1443145 3.710751
3.7595654 3.7595654 3.2165353 3.216535 3.216535 3.216535 3.216535 3.216535 3.216535 3.216535 3.7595654 3.7595654 3.7595654 3.7595654 3.7595654 3.331282 3.331282 3.7595654 3.7595654 3.7595654 3.7595654 3.7595654 3.7595654 3.7595654 3.331282 3.331282 1.9068749 1.9068749 1.9068749 1.9068749 2.1335986 2.1335986 3.216535 3.216535 2.1443145 2.1443145 3.7595654 3.1289763 3.1289763 3.1289763 3.1289763 2.7912748 3.510586 3.510586 3.510586 3.510586 3.510586 3.510586 3.510586 3.7595654 3.7595654 3.7595654 3.7346747 3.7346747 3.7595654 3.7595654 3.7595654 3.7595654 3.7595654 3.710751
