Export/ASCII/RMeteo_tot/p1BIS_sum_tot.asc
ncols         660
nrows         338
xllcorner     1476100.0
yllcorner     5017100.0
cellsize      100
NODATA_value  -9999
[rows 27 to 53 of 338, columns 300 to 359 of 660]
3.2601595 3.7238455 3.7238455 2.1928139 2.2278047 2.2278047 2.2278047 2.2278047 2.0059066 2.0059066 2.2155302 2.2155302 2.0059066 2.0059066 2.2278047 2.2278047 2.2278047 2.2278047 2.1838162 2.1838162 2.1838162 2.1838162 2.1838162 2.1838162 2.1838162 2.0632532 2.0632532 1.9617723 1.9617723 2.148826 2.148826 2.148826 2.8894348 2.8894348 3.2341437 3.7669668 3.7669668 3.8714397 3.8714397 3.6357617 3.8714397 3.8714397 3.8974183 3.8714397 3.6357617 3.6357617 3.6357617 3.192811 3.192811 3.192811 3.192811 2.8894348 3.2341437 3.2341437 3.6357617 3.6357617 3.6357617 3.192811 3.192811 3.192811
3.2601595 3.2996957 4.0083737 2.2278047 2.2278047 2.2278047 2.1059372 2.1059372 2.1059372 2.1059372 2.0059066 2.0059066 2.2278047 2.2278047 2.0059066 2.0059066 2.2278047 2.2278047 2.1838162 2.1838162 2.1838162 2.1838162 2.1838162 2.1838162 2.1838162 2.1838162 2.1838162 1.9617723 1.9617723 1.9617723 2.148826 2.148826 2.8894348 3.3433373 3.2341437 3.8974183 3.2341437 3.2341437 3.8714397 3.8714397 3.8714397 3.3278549 3.3278549 3.3278549 3.2341437 3.2341437 3.2341437 2.8894348 2.8894348 3.192811 3.192811 2.8894348 2.8894348 3.192811 3.192811 3.192811 3.192811 3.192811 3.192811 3.192811
3.7238455 3.2996957 3.2996957 2.1059372 2.1059372 2.1059372 2.1059372 2.9390342 2.9390342 2.1059372 2.0059066 2.0059066 2.1059372 2.2155302 2.2155302 2.0059066 2.0059066 2.0059066 1.9617723 2.1838162 2.1838162 2.1838162 2.1838162 2.1838162 2.1838162 1.9617723 1.9617723 1.9617723 1.9617723 2.1838162 2.1838162 2.148826 3.6357617 3.2341437 3.2341437 3.2341437 3.2341437 3.2341437 3.8714397 3.6357617 3.8714397 3.3278549 3.3278549 3.3278549 2.8894348 3.2341437 3.2341437 2.8894348 2.8894348 2.8894348 3.192811 3.192811 3.192811 3.192811 3.192811 3.192811 3.192811 3.192811 3.192811 3.192811
3.7238455 3.7238455 3.7238455 2.9390342 2.9390342 2.9390342 2.9390342 2.9390342 2.9390342 2.1059372 2.1059372 2.1059372 2.1059372 2.2155302 3.3603764 2.1059372 2.0059066 2.0059066 1.9617723 2.1838162 2.1838162 2.1838162 2.1838162 2.1838162 2.1838162 1.9617723 1.9617723 1.9617723 1.9617723 2.1838162 2.148826 2.148826 3.6357617 3.6357617 3.6357617 3.6357617 3.6357617 3.6357617 3.6357617 3.6357617 3.6357617 3.192811 3.192811 2.8894348 2.8894348 3.192811 3.192811 3.192811 3.3278549 2.8894348 3.192811 3.192811 3.192811 3.192811 3.192811 3.192811 3.192811 3.192811 3.192811 3.192811
3.7238455 3.2601595 3.7238455 3.2601595 2.9390342 2.9390342 2.9390342 2.9390342 2.9390342 2.1059372 2.1059372 2.1059372 2.9390342 2.9390342 2.9390342 2.9390342 2.0059066 2.0059066 2.1716166 2.1716166 2.1716166 2.1716166 2.1838162 2.1838162 2.1838162 1.9617723 1.9617723 1.9617723 1.9617723 2.1838162 2.148826 2.148826 3.6357617 3.192811 3.192811 3.192811 3.192811 3.192811 3.192811 3.192811 3.192811 3.192811 3.192811 3.192811 3.192811 3.192811 3.192811 3.192811 3.192811 3.192811 3.192811 3.192811 3.192811 3.192811 3.192811 3.192811 3.192811 3.192811 3.192811 3.192811
3.2601595 3.2601595 3.2601595 3.2601595 2.9390342 2.9390342 2.9390342 2.1059372 2.1059372 2.1059372 2.1059372 2.9390342 2.1059372 2.1059372 2.9390342 2.9390342 2.1059372 2.1059372 1.9617723 2.1716166 2.148826 2.148826 2.1838162 2.1838162 2.1838162 2.1838162 2.1838162 1.9617723 1.9617723 2.1838162 2.1838162 2.148826 3.6357617 3.192811 3.192811 2.8894348 2.8894348 2.8894348 3.192811 3.192811 3.192811 3.192811 3.192811 3.192811 3.192811 3.192811 3.192811 3.192811 3.192811 3.192811 3.192811 3.192811 3.192811 3.192811 3.192811 3.192811 3.192811 3.192811 3.192811 3.192811
3.2601595 3.2601595 3.2601595 2.9390342 2.9390342 2.9390342 2.9390342 2.1059372 2.0059066 2.1059372 2.1059372 2.1059372 2.1059372 2.1059372 2.1059372 2.1059372 2.1059372 2.0059066 1.9617723 2.148826 2.148826 2.148826 2.148826 1.9617723 1.9617723 2.1838162 2.1838162 1.9617723 1.9617723 2.1838162 2.1838162 2.148826 3.6357617 3.192811 3.192811 2.8894348 2.8894348 2.8894348 3.192811 3.192811 3.192811 3.192811 3.192811 3.192811 3.192811 3.192811 3.192811 3.192811 3.192811 3.192811 3.192811 3.192811 3.192811 3.192811 3.192811 3.192811 3.192811 3.192811 3.192811 3.192811
3.2601595 2.9390342 2.9390342 3.2601595 2.9390342 2.1059372 2.1059372 2.1059372 2.0059066 2.0059066 2.0059066 2.0059066 2.0059066 2.0059066 2.1059372 2.0059066 2.0059066 2.0059066 1.9617723 1.9617723 2.148826 2.148826 2.148826 1.9617723 1.9617723 1.9617723 2.1716166 2.1716166 2.1716166 2.1838162 2.148826 2.148826 3.192811 3.192811 3.192811 3.192811 3.192811 3.192811 3.192811 3.192811 3.192811 3.192811 3.192811 3.192811 3.192811 3.192811 3.192811 3.192811 3.192811 3.192811 3.192811 3.192811 3.192811 3.192811 3.192811 3.6357617 3.6357617 3.6357617 3.192811 3.192811
2.9390342 2.9390342 2.9390342 2.9390342 2.1059372 2.1059372 2.0059066 2.0059066 2.0059066 2.0059066 2.2155302 2.2155302 2.2155302 2.1928139 2.1928139 2.1928139 2.1059372 2.1059372 2.0632532 2.0632532 2.1838162 2.1838162 2.1838162 1.9617723 1.9617723 1.9617723 2.1716166 2.1716166 2.1716166 2.1838162 2.148826 2.0632532 2.8894348 2.8894348 2.8894348 3.2341437 3.6357617 3.6357617 3.192811 3.192811 3.192811 3.192811 3.192811 3.192811 3.192811 3.192811 3.192811 3.192811 3.192811 3.192811 3.192811 3.192811 3.192811 3.6357617 3.6357617 3.6357617 3.6357617 3.6357617 3.6357617 3.6357617
2.9390342 2.9390342 2.9390342 3.2996957 2.1059372 2.0059066 2.0059066 2.0059066 2.2278047 2.2278047 2.2155302 2.2155302 2.2155302 2.1928139 2.1928139 2.1928139 2.1059372 2.9390342 2.8894348 2.0632532 2.1716166 2.1716166 2.1838162 1.9617723 1.9617723 1.9617723 1.9617723 2.1716166 2.1716166 2.148826 2.148826 2.0632532 2.8894348 2.8894348 2.8894348 3.2341437 3.6357617 3.6357617 3.192811 3.192811 3.192811 3.192811 3.192811 3.192811 3.192811 2.8894348 3.192811 3.6357617 3.6357617 3.6357617 3.6357617 3.6357617 3.6357617 3.6357617 3.6357617 3.6357617 3.6357617 3.2341437 3.6357617 3.6357617
2.9390342 2.9390342 2.9390342 2.9390342 2.1928139 2.1928139 2.0059066 2.2278047 2.2278047 2.1059372 2.1059372 2.1059372 2.0059066 2.0059066 2.0059066 2.1059372 2.9390342 2.9390342 2.8894348 2.0632532 2.1716166 2.1716166 2.1838162 2.1838162 2.1838162 2.148826 2.148826 2.148826 2.148826 2.148826 2.148826 2.0632532 3.2341437 2.8894348 2.8894348 3.2341437 3.6357617 3.6357617 3.192811 3.192811 3.192811 3.192811 3.192811 3.192811 3.192811 2.8894348 2.8894348 3.2341437 3.2341437 3.6357617 3.6357617 3.2341437 3.6357617 3.6357617 3.8974183 3.2341437 3.2341437 3.2341437 3.2341437 3.6357617
2.9390342 2.9390342 2.9390342 2.9390342 3.2601595 2.1928139 3.2601595 2.0059066 2.0059066 2.1059372 2.1059372 2.1059372 2.1059372 2.2155302 2.2155302 2.1059372 2.9390342 3.2601595 3.192811 2.0632532 2.1716166 2.1716166 2.1838162 2.1838162 2.148826 2.148826 2.148826 2.148826 2.148826 2.148826 3.6357617 3.2341437 3.2341437 3.192811 3.192811 3.192811 3.192811 3.192811 3.192811 3.192811 2.8894348 2.8894348 2.8894348 2.8894348 2.8894348 2.8894348 2.8894348 3.6357617 3.6357617 3.6357617 3.6357617 3.6357617 3.6357617 3.192811 3.192811 2.8894348 2.8894348 2.8894348 2.8894348 2.8894348
2.9390342 2.9390342 2.9390342 2.9390342 2.9390342 3.2601595 3.2601595 2.0059066 2.2155313 2.2155313 2.1059372 2.1059372 2.1059372 2.2155302 2.2155302 2.0059066 2.2278047 2.1928139 3.192811 3.192811 3.192811 2.148826 2.171617 2.148826 2.148826 2.148826 2.171617 2.148826 2.1716166 2.148826 3.6357617 3.2341437 3.6357617 3.192811 3.192811 3.192811 3.192811 3.192811 3.192811 3.192811 2.8894348 2.8894348 2.8894348 2.8894348 2.8894348 3.2341437 3.6357617 3.6357617 3.6357617 3.6357617 3.6357617 3.192811 3.192811 3.192811 3.192811 3.192811 2.8894348 2.8894348 3.192811 3.192811
2.9390342 2.9390342 2.9390342 2.9390342 3.2601595 3.2601595 3.2601595 2.1928139 2.2155313 2.2155313 2.2155313 2.0059066 2.1928139 2.0059066 2.0059066 2.0059066 2.2278047 2.1928139 2.148826 1.9617723 1.9617723 1.9617723 2.171617 2.1838162 2.148826 2.148826 2.1838162 2.1716166 2.1716166 2.148826 2.8894348 3.2341437 2.8894348 3.192811 3.192811 3.192811 3.192811 3.192811 3.192811 2.8894348 2.8894348 2.8894348 2.8894348 2.8894348 3.2341437 3.6357617 3.6357617 3.192811 3.192811 3.192811 2.8894348 3.192811 2.8894348 2.8894348 2.8894348 3.192811 2.8894348 2.8894348 3.192811 3.192811
2.9390342 2.9390342 2.9390342 3.2601595 3.2601595 3.2601595 3.3603764 2.1928139 2.1928139 2.1928139 2.1928139 2.2278047 2.1928139 2.0059066 2.0059066 2.0059066 2.2278047 2.2155313 1.9617723 1.9617723 2.1716166 2.1716166 2.1838162 2.1838162 2.148826 2.148826 2.1838162 2.1838162 2.1838162 3.6357617 2.8894348 2.8894348 2.8894348 3.192811 3.192811 3.192811 3.192811 3.192811 3.192811 3.192811 2.8894348 2.8894348 2.8894348 3.2341437 3.6357617 3.6357617 3.192811 3.192811 3.192811 3.192811 3.192811 3.192811 2.8894348 2.8894348 2.8894348 2.8894348 2.8894348 2.8894348 3.192811 3.192811
3.2601595 3.2601595 3.2601595 3.2601595 3.2601595 3.2601595 3.2601595 3.2601595 2.1928139 2.1928139 2.1928139 2.2278047 2.1928139 2.1928139 2.0059066 2.2155313 2.2155313 2.2155313 2.171617 1.9617723 1.9617723 1.9617723 2.1838162 2.1838162 2.1716166 2.1716166 2.1838162 2.1838162 1.9617723 3.6357617 3.192811 2.8894348 3.2341437 3.6357617 3.192811 3.192811 3.6357617 3.6357617 3.192811 2.8894348 2.8894348 2.8894348 3.2341437 3.2341437 3.6357617 2.8894348 2.8894348 3.192811 3.192811 3.192811 3.192811 3.192811 3.192811 2.8894348 2.8894348 2.8894348 3.192811 3.192811 3.192811 3.192811
3.2601595 3.2601595 3.2601595 3.2601595 3.2601595 3.2601595 3.2601595 3.2601595 3.2601595 2.1928139 2.1928139 2.2278047 2.2278047 2.2278047 2.2278047 2.2278047 2.2278047 2.2278047 2.1838162 2.1838162 2.1838162 2.1838162 2.1838162 2.1838162 2.1838162 2.0632532 2.0632532 2.1838162 2.1848807 3.6357617 3.192811 2.8894348 3.2341437 3.2341437 3.2341437 2.8894348 3.2341437 3.2341437 2.8894348 2.8894348 2.8894348 3.2341437 3.6357617 3.6357617 3.6357617 2.8894348 2.8894348 2.8894348 3.192811 3.192811 3.192811 3.192811 3.192811 3.192811 2.8894348 2.8894348 3.192811 3.192811 3.192811 3.192811
3.2601595 3.2601595 3.2601595 3.2601595 3.2601595 3.2601595 3.2601595 3.2601595 3.2601595 2.1928139 2.2155302 2.1928139 2.2278047 2.2278047 2.2278047 2.2278047 2.2278047 2.2278047 2.1838162 2.1838162 2.1838162 2.1838162 2.1838162 2.1838162 2.0632532 2.0632532 3.2341437 3.2341437 3.8974183 3.6357617 3.6357617 2.8894348 2.8894348 3.2341437 3.6357617 2.8894348 3.2341437 3.2341437 2.8894348 2.8894348 3.2341437 3.6357617 3.6357617 3.6357617 3.6357617 3.2341437 3.2341437 3.2341437 3.6357617 3.6357617 3.6357617 3.192811 3.192811 3.192811 3.192811 3.192811 3.192811 2.8894348 3.192811 3.192811
3.2601595 3.2601595 3.2601595 3.2601595 3.2601595 3.2601595 3.2601595 3.2601595 2.1928139 2.2155302 2.2155302 2.2155302 2.1928139 2.2278047 2.2278047 2.2278047 2.2278047 2.2278047 2.1838162 2.1838162 2.1838162 2.1838162 2.1838162 2.0632532 2.0632532 2.8894348 2.0632532 3.2341437 3.6357617 3.6357617 3.6357617 3.6357617 3.6357617 3.192811 3.6357617 3.192811 2.8894348 3.2844157 3.7669668 3.6357617 3.6357617 3.6357617 3.6357617 3.6357617 3.6357617 3.7669668 3.2341437 3.2341437 3.2341437 3.6357617 3.6357617 3.192811 3.192811 3.6357617 3.192811 3.2844157 3.2844157 3.3433373 3.192811 3.192811
3.2601595 3.2601595 3.2601595 3.2601595 3.2601595 2.9390342 3.2996957 3.7238455 3.7238455 2.2155302 3.3603764 2.2155302 2.2155302 2.2278047 2.2278047 2.2278047 2.1928139 2.2155302 2.1716166 2.1838162 2.1838162 2.1838162 2.1838162 2.0632532 2.0632532 2.0632532 2.0632532 3.8974183 3.6357617 3.6357617 3.6357617 3.2341437 3.6357617 3.192811 3.6357617 3.6357617 3.2341437 3.7669668 3.6357617 3.6357617 3.6357617 3.192811 3.6357617 3.6357617 3.6357617 3.2341437 3.2341437 3.6357617 3.2341437 3.6357617 3.6357617 3.192811 3.192811 3.2341437 3.2341437 3.2844157 3.2844157 2.8894348 2.8894348 3.192811
3.2601595 3.2601595 3.2601595 3.2601595 3.2601595 3.7238455 3.2996957 4.0083737 4.0083737 2.2278047 2.2278047 2.0059066 2.1928139 2.1928139 2.2278047 2.2278047 2.1928139 2.2155302 2.1716166 2.1838162 2.1838162 2.1838162 2.1838162 2.1838162 2.0632532 2.0632532 2.1838162 3.6357617 3.6357617 3.6357617 3.6357617 2.8894348 3.192811 3.192811 3.192811 3.6357617 3.2341437 3.7669668 3.6357617 3.6357617 3.6357617 3.6357617 3.6357617 3.6357617 3.2341437 3.2341437 3.2341437 3.6357617 3.2341437 3.6357617 3.192811 3.192811 3.6357617 3.2341437 3.2341437 3.2844157 2.8894348 2.8894348 2.8894348 3.192811
3.2601595 3.2601595 3.410115 3.410115 3.2601595 3.7238455 4.0083737 4.0083737 3.865389 2.2278047 2.2278047 2.2278047 2.2278047 2.1928139 2.1928139 2.2278047 2.2278047 2.2278047 2.1838162 2.1838162 2.1838162 1.9617723 1.9617723 1.9617723 2.1838162 2.1838162 2.1838162 3.2341437 3.2341437 2.8894348 2.8894348 2.8894348 2.8894348 3.2341437 3.2341437 3.2341437 3.2341437 3.4694645 3.8974183 3.8974183 3.8974183 3.2341437 3.6357617 3.8974183 3.7669668 3.2341437 3.2341437 3.6357617 3.8974183 3.6357617 3.6357617 3.6357617 3.2341437 3.2341437 3.2341437 2.8894348 2.8894348 2.8894348 2.8894348 3.192811
3.2601595 3.2601595 3.2601595 3.2601595 3.7238455 3.7238455 4.0083737 4.0083737 3.865389 3.865389 2.2155313 2.2278047 2.2278047 2.2278047 2.1928139 2.1928139 2.2278047 2.2278047 2.1838162 2.1838162 2.1838162 2.1838162 1.9617723 1.9617723 2.1838162 2.1838162 2.1838162 3.2341437 3.2341437 3.2341437 3.2341437 3.2341437 3.2341437 3.2341437 3.2341437 3.8974183 3.8714397 3.8714397 3.8714397 3.8714397 3.8714397 3.2341437 3.2341437 3.2341437 3.7669668 3.2341437 3.6357617 3.6357617 3.8974183 3.8974183 3.2341437 3.2341437 2.8894348 2.8894348 2.8894348 2.8894348 2.8894348 2.8894348 2.8894348 3.192811
3.2601595 3.7238455 3.7238455 3.7238455 3.7238455 4.0083737 4.0083737 4.0083737 3.865389 3.865389 2.2155313 2.2278047 2.2278047 2.1059372 2.1059372 2.1928139 2.0059066 2.2278047 2.1838162 2.1838162 2.1838162 1.9617723 1.9617723 1.9617723 2.1838162 2.1838162 2.1838162 3.2341437 3.2341437 3.2341437 3.2341437 3.2341437 3.2341437 3.2341437 3.8974183 3.8974183 3.8714397 3.8714397 3.3278549 3.3278549 3.3278549 3.3278549 3.3278549 3.6357617 3.6357617 3.6357617 3.8974183 3.6357617 3.8974183 3.8974183 3.2341437 2.8894348 2.8894348 2.8894348 2.8894348 2.8894348 2.8894348 3.192811 3.192811 3.192811
3.2601595 3.7238455 3.7238455 3.7238455 3.7238455 3.7238455 4.0083737 4.0083737 4.0083737 4.0083737 2.2278047 2.2278047 2.1059372 2.1059372 2.1059372 2.1928139 2.1928139 2.2278047 2.1838162 2.1838162 2.1838162 2.1838162 2.1838162 2.1838162 2.1838162 2.1838162 2.171617 3.6357617 3.6357617 3.6357617 3.2341437 3.2341437 3.2341437 3.8974183 3.8974183 3.8974183 3.8714397 3.8714397 3.8714397 3.3278549 3.3278549 3.3278549 3.3278549 3.6357617 3.192811 3.192811 3.192811 3.6357617 3.6357617 3.6357617 3.6357617 3.2341437 2.8894348 3.192811 2.8894348 2.8894348 2.8894348 3.192811 3.192811 3.192811
3.2601595 3.2601595 2.9390342 3.2996957 3.865389 3.865389 3.865389 4.0083737 4.0083737 4.0083737 4.0083737 2.2278047 2.1059372 2.1059372 2.1059372 2.2278047 2.1928139 2.2155302 2.1716166 2.1716166 2.1838162 2.1838162 2.1838162 1.9617723 2.1838162 2.1838162 2.171617 3.7669668 3.7669668 3.6357617 3.6357617 3.8974183 3.8974183 3.8974183 3.8974183 3.8974183 3.8714397 3.8714397 3.8714397 3.3278549 3.3278549 3.3278549 3.192811 3.192811 3.192811 3.192811 3.192811 3.192811 3.192811 3.192811 3.6357617 3.2341437 2.8894348 3.192811 2.8894348 2.8894348 2.8894348 3.192811 3.192811 3.192811
3.2601595 2.9390342 2.9390342 2.9390342 3.3603764 3.3603764 3.865389 4.0083737 4.0083737 4.0083737 4.0083737 2.2278047 2.1059372 2.1059372 2.2278047 2.2278047 2.2278047 2.1928139 2.1716166 2.148826 2.1838162 2.1838162 2.1838162 2.1838162 2.1838162 2.1838162 2.171617 3.7669668 3.7669668 3.6357617 3.7669668 3.8974183 3.8974183 3.8974183 3.8974183 3.8974183 3.8974183 3.8714397 3.8714397 3.3278549 3.3278549 3.3278549 3.192811 3.192811 3.192811 3.192811 3.192811 3.192811 3.192811 3.192811 3.6357617 3.6357617 3.192811 3.192811 3.192811 3.2341437 2.8894348 2.8894348 3.192811 3.192811
