Export/ASCII/RMeteo_tot/p1BIS_sum_tot.asc
ncols         660
nrows         338
xllcorner     1476100.0
yllcorner     5017100.0
cellsize      100
NODATA_value  -9999
[rows 81 to 107 of 338, columns 600 to 659 of 660]
3.5695217 3.5695217 3.5695217 3.5695217 3.5695217 3.3893008 3.3893008 3.5695217 3.5695217 3.3893008 3.3893008 3.3893008 2.9680607 2.9680607 3.3893008 3.3893008 3.3893008 3.3893008 3.3893008 3.3893008 3.3893008 3.0703194 3.0703194 2.7331195 2.7331195 3.0703194 3.0703194 3.0703194 3.5695217 3.1456683 3.5695217 3.5695217 3.062038 3.062038 3.4675953 3.4675953 3.4675953 3.4854918 3.4854918 3.4854918 3.4854918 3.4854918 3.3027122 2.9034104 2.9930644 3.4854918 3.3027122 3.3027122 2.9034104 2.9034104 3.3027122 3.4854918 3.4854918 3.0191455 3.0191455 3.0191455 3.0191455 3.0191455 3.0191455 3.0191455
3.5695217 3.5695217 3.5695217 3.5695217 3.5695217 3.5695217 3.5695217 3.5695217 3.3893008 3.3893008 3.3893008 3.3893008 3.3893008 2.9680607 3.3893008 3.3893008 3.4828382 3.0703194 3.3893008 3.3893008 3.3893008 3.0703194 3.0703194 2.7331195 2.7331195 3.0703194 3.0703194 3.0703194 3.0703194 3.5695217 3.5695217 3.5695217 3.4854918 3.4854918 3.4854918 3.4854918 3.4854918 3.4854918 3.4854918 3.4854918 2.9930644 2.9930644 2.9930644 3.3027122 2.976346 3.3027122 3.3027122 3.3027122 2.9034104 2.9034104 3.3027122 3.062038 3.4854918 3.062038 3.0191455 3.0191455 3.0191455 3.0191455 3.0191455 3.0191455
3.5695217 3.5695217 3.5695217 3.5695217 3.5695217 0.0 0.0 3.3893008 3.3893008 3.3893008 3.3893008 3.3893008 3.3893008 3.3893008 3.3893008 3.4828382 3.4828382 3.4828382 3.4828382 3.0703194 3.3893008 3.0703194 3.0703194 3.0703194 2.7331195 2.7331195 2.7331195 2.7331195 3.0703194 3.5695217 3.5695217 3.4828382 3.3957841 3.3957841 3.4854918 3.4854918 3.4854918 3.4854918 3.4854918 3.4854918 3.4854918 2.9930644 2.9930644 3.3027122 2.976346 3.3027122 3.3027122 3.3027122 2.9034104 2.9034104 3.3027122 3.062038 3.4854918 3.062038 3.0191455 3.0191455 3.0191455 3.0191455 3.0191455 3.0191455
3.5695217 3.5695217 3.5695217 3.5695217 3.5695217 0.0 0.0 3.3893008 3.3893008 3.3893008 3.3893008 3.3893008 3.3893008 3.3893008 3.4828382 3.4828382 3.4828382 3.4828382 3.4828382 3.5695217 3.5695217 3.5695217 3.3893008 3.0703194 3.0703194 3.4828382 3.0424771 3.0424771 3.0703194 3.5695217 3.4828382 3.4828382 3.3957841 3.3957841 3.4854918 3.4854918 3.3957841 3.4854918 3.3027122 3.3027122 3.3027122 3.3027122 3.3027122 3.3027122 3.3957841 3.3027122 2.9930644 3.3027122 2.9034104 2.9034104 2.9034104 2.9930644 3.4854918 3.4854918 3.0191455 3.0191455 3.0191455 3.0191455 3.0191455 3.0191455
3.5695217 3.5695217 3.5695217 3.5695217 3.5695217 3.5695217 3.5695217 3.5695217 3.5695217 3.5695217 3.5695217 3.5695217 3.5695217 3.3893008 3.5695217 3.5695217 3.4828382 3.4828382 3.4828382 3.5695217 3.5695217 3.5695217 3.5695217 3.5695217 3.0703194 3.0703194 3.4828382 3.4828382 3.0703194 3.0703194 3.4828382 3.4828382 3.3957841 3.4854918 3.4854918 3.4854918 3.3957841 3.4854918 3.3027122 3.3027122 3.3027122 3.3027122 3.3027122 3.3027122 3.3027122 3.3027122 3.3027122 2.9034104 2.9034104 2.9034104 2.6375978 2.9930644 2.9930644 2.9930644 3.4854918 3.0191455 3.0191455 3.0191455 3.0191455 3.0191455
3.0703194 3.0703194 3.3893008 3.3893008 3.3893008 3.3893008 3.3893008 3.3893008 3.4828377 3.5695217 3.5695217 3.5695217 3.5695217 3.5695217 3.5695217 3.0703194 3.4828382 3.4828382 3.4828382 3.5695217 3.5695217 3.5695217 3.5695217 3.4828382 3.4828382 3.5695217 3.0703194 3.0703194 3.0703194 3.0703194 3.0703194 3.4828382 3.3957841 3.4854918 2.9930644 2.9930644 2.9930644 3.3027122 3.3027122 3.3027122 3.3027122 3.3027122 3.3027122 2.9034104 2.9034104 2.9034104 2.9034104 2.9034104 2.9034104 2.9034104 2.674895 2.9930644 2.9930644 2.9930644 3.4854918 3.4854918 3.0191455 3.0191455 3.0191455 3.0191455
3.4828382 3.0703194 3.3893008 3.3893008 3.3893008 2.9680607 3.3893008 3.3893008 3.3893008 3.4828377 3.5695217 3.5695217 3.5695217 3.5695217 3.5695217 3.5695217 3.4828382 3.5695217 3.4828377 3.4828382 3.4828382 3.5695217 3.5695217 3.4828382 3.5695217 3.5695217 3.5695217 3.5695217 3.0703194 3.0703194 3.0703194 3.0703194 3.3957841 3.3957841 2.9930644 2.9930644 2.9930644 3.3027122 2.9034104 2.9034104 2.9034104 2.9034104 2.9034104 2.9034104 2.9034104 2.9034104 2.9034104 2.9034104 3.0094695 3.0191443 3.0191443 2.6375978 3.4854918 3.4854918 3.4854918 3.4854918 3.0191455 3.0191455 3.0191455 3.0191455
3.4828382 3.0703194 3.3893008 2.9680607 2.9680607 3.3893008 3.3893008 3.3893008 3.3893008 3.4828377 3.5695217 3.5695217 3.5695217 3.5695217 3.5695217 3.5695217 3.4828382 3.5695217 3.4828382 3.5695217 3.4828382 3.4828382 3.5695217 3.4828382 3.5695217 3.5695217 3.5695217 3.5695217 3.5695217 3.5695217 3.0703194 3.0703194 2.674895 2.674895 2.674895 2.9930644 3.3027122 3.3027122 2.9034104 2.9034104 2.9034104 2.9034104 2.9034104 2.9034104 2.9034104 2.9034104 2.9034104 2.9034104 2.9034104 2.9034104 3.0191443 3.062038 3.4854918 3.4854918 3.4854918 3.4854918 3.0191455 3.0191455 3.0191455 3.0191455
3.5695217 3.3893008 3.3893008 2.9680607 2.9680607 2.9680607 3.3893008 3.4828382 3.3893008 3.4828377 3.4828377 3.4828382 3.4828382 3.5695217 3.5695217 3.5695217 3.4828382 3.4828382 3.4828382 3.4828382 3.4828382 3.4828382 3.5695217 3.5695217 3.5695217 3.5695217 3.5695217 3.5695217 3.5695217 3.0703194 3.0703194 2.7331195 2.674895 2.674895 2.9930644 2.9930644 3.3027122 3.3027122 2.9034104 2.9034104 2.9034104 3.3027122 2.9930644 2.9930644 2.9034104 2.9034104 2.674895 2.9034104 2.9034104 2.9034104 3.0191443 3.4854918 3.4854918 3.4854918 3.4854918 3.062038 3.0191455 3.0191455 3.0191455 3.0191455
3.3893008 3.3893008 3.3893008 2.9680607 2.9680607 3.3893008 3.3893008 3.4828382 3.3893008 3.4828377 3.5695217 3.4828382 3.4828382 3.4828382 3.5695217 3.5695217 3.4828382 3.5695217 3.5695217 3.3893008 3.3893008 3.5695217 3.5695217 3.5695217 3.5695217 3.0703194 3.5695217 3.5695217 3.0703194 3.0703194 3.0703194 2.7331195 2.9034104 2.9034104 3.3027122 3.3027122 3.3027122 3.3027122 2.9034104 2.9034104 2.9034104 3.3027122 2.9930644 2.9930644 3.3027122 3.3027122 2.9930644 2.674895 2.674895 2.9034104 2.9930644 3.4854918 3.4854918 3.4854918 3.4854918 3.3957841 3.0191455 3.0191455 3.0191455 3.0191455
3.3893008 3.3893008 2.9680607 2.9680607 2.9680607 3.3893008 3.5695217 3.5695217 3.5695217 3.5695217 3.5695217 3.5695217 3.5695217 3.5695217 3.4828382 3.4828382 3.5695217 3.5695217 3.5695217 3.3893008 3.3893008 3.5695217 3.5695217 3.5695217 3.5695217 3.0703194 3.0703194 3.0703194 3.0703194 2.7331195 2.7331195 2.7331195 2.9034104 2.9034104 2.9034104 2.9034104 2.9034104 2.9034104 2.674895 2.674895 2.9034104 2.674895 2.9930644 3.4854918 2.9930644 2.9930644 2.9930644 2.674895 2.674895 2.674895 2.9930644 3.4854918 3.4854918 3.4854918 3.4854918 3.0191455 3.0191455 3.0191455 3.0191455 3.0191455
3.3893008 3.3893008 2.9680607 2.9680607 3.3893008 3.3893008 3.5695217 3.5695217 3.5695217 3.5695217 3.5695217 3.5695217 3.5695217 3.5695217 3.5778637 3.5695217 3.5695217 3.5695217 3.5695217 3.5695217 3.5695217 3.5695217 3.5695217 3.5695217 3.0703194 3.0703194 3.0703194 2.7331195 2.7331195 2.7331195 2.7331195 2.7331195 2.9034104 2.9034104 2.9034104 2.9034104 2.9034104 2.9034104 2.674895 2.674895 2.674895 2.674895 2.9930644 2.9930644 2.9930644 2.9930644 2.674895 2.674895 2.674895 2.9930644 2.9930644 2.9930644 3.4854918 3.4854918 3.0191455 3.0191455 3.0191455 3.0191455 3.0191455 3.0191455
3.3893008 3.3893008 2.9680607 2.9680607 3.3893008 3.3893008 3.5695217 3.5695217 3.5695217 3.0703194 3.0703194 3.5695217 3.5695217 3.5695217 3.5695217 3.5695217 3.5695217 3.5695217 3.5695217 3.5695217 3.5695217 3.5695217 3.5695217 3.5695217 3.4828382 3.0703194 3.0703194 2.7331195 2.7331195 3.4828382 3.4828382 3.0703194 2.9930644 2.9930644 3.3027122 3.3027122 2.9034104 2.9034104 2.9034104 2.674895 2.674895 2.674895 2.674895 2.9930644 2.9930644 2.9930644 2.674895 2.674895 2.674895 2.9930644 3.062038 3.4854918 3.4854918 3.0191455 3.0191455 3.0191455 3.0191455 3.0191455 3.0191455 3.0191455
3.3893008 3.3893008 2.9680607 3.3893008 3.3893008 3.5695217 3.5695217 3.5695217 3.5695217 3.0703194 3.0703194 3.5695217 3.5695217 3.5695217 3.5695217 3.5695217 3.5695217 3.5695217 3.5695217 3.5695217 3.5695217 3.5695217 3.5695217 3.5695217 3.5695217 3.5695217 3.0703194 3.0703194 3.0703194 3.4828382 3.4828382 3.3893008 3.3957841 3.4854918 3.3027122 3.3027122 2.9034104 2.9034104 2.9034104 2.674895 2.674895 2.674895 2.674895 2.674895 2.674895 2.674895 2.674895 2.9930644 2.9930644 3.062038 3.3957841 3.3957841 3.0191455 3.0191455 3.0191455 3.0191455 3.0191455 3.0191455 3.0191455 3.0191455
3.5695217 3.3893008 3.3893008 3.3893008 3.3893008 3.4828382 3.4828382 3.5695217 3.5695217 3.5695217 3.5695217 3.5695217 3.5695217 3.5695217 3.5695217 3.5695217 3.5695217 3.5695217 3.5695217 3.5695217 3.5695217 3.5695217 3.5695217 3.5695217 3.5695217 3.5695217 3.5695217 3.5695217 3.5695217 3.4828382 3.5695217 3.3893008 3.4854918 3.4854918 3.3027122 3.3027122 2.9034104 2.9034104 2.9034104 2.674895 2.674895 2.674895 2.674895 2.674895 2.674895 2.674895 2.976346 0.0 3.062038 3.4854918 3.3957841 3.0191455 3.0191455 3.0191455 3.0191455 3.0191455 3.0191455 3.0191455 3.0191455 3.0191455
3.3893008 3.4828382 3.4828382 3.3893008 3.3893008 3.5695217 3.5695217 3.5695217 3.5695217 3.5695217 3.5695217 3.3893008 3.3893008 3.0703194 3.0703194 3.0703194 3.5695217 3.5695217 3.5695217 3.5695217 3.5695217 3.5695217 3.5695217 3.5695217 3.5695217 3.5695217 3.5695217 3.5695217 3.5695217 3.5695217 3.5695217 3.3893008 3.3957841 3.3957841 3.3027122 2.9034104 2.9034104 2.9034104 2.674895 2.674895 2.674895 2.674895 2.674895 2.674895 2.976346 2.9930644 3.4854918 3.3957841 3.062038 3.3027122 3.0191455 3.0191455 3.0191455 3.0191455 3.0191455 3.0191455 3.0191455 3.0191455 3.0191455 3.0191455
3.5695217 3.5695217 3.0703194 3.0703194 3.0703194 3.0703194 3.5695217 3.5695217 3.5695217 3.5695217 3.5695217 3.3893008 3.3893008 3.0703194 3.0703194 3.0703194 3.5695217 3.5695217 3.5695217 3.5695217 3.5695217 3.5695217 3.5695217 3.5695217 3.5695217 3.5695217 3.5695217 3.5695217 3.5695217 3.5695217 3.5695217 3.3893008 3.3957841 3.3957841 3.3027122 3.3027122 3.3027122 2.9034104 2.674895 2.674895 2.674895 2.674895 2.9034104 2.976346 3.4854918 3.4854918 3.4854918 3.4854918 3.3027122 3.3027122 3.0191455 3.0191455 3.0191455 3.0191455 3.0191455 3.0191455 3.0191455 3.0191455 3.0191455 3.0191455
3.0703194 3.0703194 3.0703194 3.0703194 2.7331195 3.0703194 3.0703194 3.5695217 3.5695217 3.5695217 3.5695217 3.3893008 3.3893008 3.3893008 3.0703194 3.0703194 3.5695217 3.5695217 3.5695217 3.5695217 3.5695217 3.5695217 3.5695217 3.5695217 3.5695217 3.5695217 3.5695217 3.5695217 3.5695217 3.5695217 3.5695217 3.3893008 3.3027122 3.4854918 3.4854918 3.3027122 3.3027122 3.3027122 2.674895 2.674895 2.674895 3.3027122 2.9034104 3.4854918 3.4854918 3.4854918 3.4854918 3.3957841 3.3027122 3.0191455 3.0191455 3.0191455 3.0191455 3.0191455 3.0191455 3.0191455 3.0191455 3.0191455 3.0191455 3.0191455
3.0703194 3.0703194 3.0703194 2.7331195 3.0703194 2.7331195 3.0703194 3.5695217 3.5695217 3.5695217 3.5695217 3.3893008 3.3893008 3.3893008 3.0703194 3.5695217 3.5695217 3.5695217 3.5695217 3.5695217 3.5695217 3.5695217 3.5695217 3.5695217 3.5695217 3.5695217 3.5695217 3.5695217 3.5695217 3.5695217 3.5695217 3.3893008 3.3027122 3.3027122 3.4854918 3.3027122 3.4854918 2.9930644 2.9930644 2.674895 3.3027122 3.3027122 3.4854918 3.4854918 3.4854918 3.4854918 3.4854918 3.0191455 3.0191455 3.0191455 3.0191455 3.0191455 3.0191455 3.0191455 3.0191455 3.0191455 3.0191455 3.0191455 3.0191455 3.0191455
3.5695217 3.5695217 3.0703194 3.0703194 3.0703194 3.0703194 3.0703194 3.5695217 3.5695217 3.5695217 3.5695217 3.3893008 3.3893008 3.3893008 3.5695217 3.5695217 3.5695217 3.5695217 3.5695217 3.5695217 3.5695217 3.5695217 3.5695217 3.5695217 3.5695217 3.5695217 3.5695217 3.5695217 3.5695217 3.5695217 3.5695217 3.5695217 3.3027122 3.3027122 3.3027122 3.3027122 3.3027122 2.9930644 2.9930644 2.9930644 3.3027122 3.4854918 3.4854918 3.4854918 3.4854918 3.4854918 3.0191455 3.0191455 3.0191455 3.0191455 3.0191455 3.0191455 3.0191455 3.0191455 3.0191455 3.0191455 3.0191455 3.0191455 3.0191455 3.0191455
3.5695217 3.5695217 3.0703194 3.0703194 3.0703194 3.0703194 3.0703194 3.5695217 3.5695217 3.5695217 3.5695217 3.3893008 3.3893008 3.3893008 3.3893008 3.5695217 3.5695217 3.5695217 3.5695217 3.5695217 3.5695217 3.5695217 3.5695217 3.5695217 3.5695217 3.5695217 3.5695217 3.5695217 3.5695217 3.5695217 3.5695217 3.5695217 2.6375978 2.9034104 3.3027122 3.3027122 3.3027122 3.3027122 2.9034104 3.3027122 3.3027122 3.4854918 3.4854918 3.4854918 3.4854918 3.0191455 3.0191455 3.0191455 3.0191455 3.0191455 3.0191455 3.0191455 3.0191455 3.0191455 3.0191455 3.0191455 3.0191455 3.0191455 3.0191455 3.0191455
2.9680607 3.5695217 3.5695217 3.5695217 3.5695217 3.5695217 3.5695217 3.5695217 3.5695217 3.5695217 3.5695217 3.3893008 3.3893008 3.3893008 3.3893008 3.5695217 3.5695217 3.5695217 3.5695217 3.5695217 3.5695217 3.5695217 3.5695217 3.5695217 3.5695217 3.5695217 3.0703194 3.0703194 3.5695217 3.5695217 3.5695217 3.4828377 3.3957841 2.976346 2.976346 2.9034104 2.9034104 2.9034104 2.9034104 3.3027122 3.4854918 3.4854918 3.4854918 3.4854918 3.0191455 3.0191455 3.0191455 3.0191455 3.0191455 3.0191455 3.0191455 3.0191455 3.0191455 3.0191455 3.0191455 3.0191455 3.0191455 3.0191455 3.0191455 3.0191455
2.6728637 2.6728637 2.9975696 3.4647436 3.4647436 3.4647436 3.4647436 3.4647436 3.4647436 3.4647436 3.4647436 3.2969708 3.2969708 2.886156 3.2969708 3.4499867 3.4499867 3.4647436 3.4647436 3.4647436 3.4647436 3.4647436 3.4647436 3.4647436 3.4647436 3.4647436 2.9933703 2.9933703 3.4647436 3.4647436 3.2969708 3.3850546 3.2725883 2.8601413 2.8601413 2.8601413 2.8601413 2.7968514 2.7968514 2.7968514 3.3465736 3.2725883 3.2725883 2.9284325 2.89973 2.89973 2.89973 2.89973 2.89973 2.89973 2.89973 2.89973 2.89973 2.89973 2.89973 2.89973 2.89973 2.89973 2.89973 2.89973
2.6728637 2.886156 2.886156 3.4647436 3.4647436 3.4647436 3.4647436 3.4647436 3.4647436 3.4647436 3.2969708 2.9933703 2.9933703 2.6728637 3.2969708 3.2969708 3.4647436 3.4647436 3.4647436 3.4647436 3.4647436 3.4647436 3.4647436 3.4647436 3.2969708 3.2969708 2.9933703 2.9933703 3.2969708 3.2969708 3.2969708 3.2969708 3.1891453 3.1891453 2.7968514 2.7968514 2.7968514 2.7968514 2.7968514 2.7968514 3.1891453 3.2725883 3.2725883 2.9284325 2.89973 2.89973 2.89973 2.89973 2.89973 2.89973 2.89973 2.89973 2.89973 2.89973 2.89973 2.89973 2.89973 2.89973 2.89973 2.89973
3.3850546 2.886156 2.886156 3.4647436 3.4647436 3.4647436 3.4647436 3.4647436 3.4647436 3.2969708 2.9933703 2.6728637 2.6728637 2.6728637 3.3850546 3.3850546 3.4647436 3.4647436 3.4647436 3.4647436 3.2969708 3.2969708 3.2969708 3.2969708 3.2969708 3.2969708 3.4647436 3.4647436 2.9933703 2.9933703 2.9933703 3.4647436 2.8970022 3.1891453 2.7968514 2.7968514 3.1891453 3.1891453 3.1891453 3.1891453 3.1891453 3.2725883 3.2725883 2.9284325 3.3465736 2.89973 2.89973 2.89973 2.89973 2.89973 2.89973 2.89973 2.89973 2.89973 2.89973 2.89973 2.89973 2.89973 2.89973 2.89973
2.9975696 2.886156 2.886156 3.4647436 3.4647436 3.4647436 3.4647436 3.4647436 3.4647436 3.2969708 2.6728637 2.6728637 2.6728637 2.6728637 2.6728637 2.9975696 3.4647436 3.2969708 3.2969708 3.2969708 3.2969708 3.2969708 3.4647436 3.4647436 3.3850546 3.3850546 3.4647436 3.4647436 2.9933703 2.9933703 2.9933703 2.6728637 2.5939927 2.8970022 2.8970022 3.1891453 3.1891453 2.7968514 3.1891453 3.1891453 3.1891453 3.1891453 3.1891453 3.2725883 3.2725883 2.89973 2.89973 2.89973 2.89973 2.89973 2.89973 2.89973 2.89973 2.89973 2.89973 2.89973 2.89973 2.89973 2.89973 2.89973
2.9530966 2.886156 2.6728637 2.9933703 3.3850546 3.3850546 3.3850546 3.4647436 3.2969708 3.2969708 2.886156 2.886156 2.9975696 3.2969708 3.2969708 3.2969708 3.2969708 3.2969708 3.2969708 3.4647436 3.4647436 3.4647436 3.4647436 3.4647436 3.3850546 3.3850546 3.4647436 3.4647436 3.4647436 3.4647436 2.9933703 2.9933703 2.8970022 2.8970022 3.2725883 3.1891453 3.1891453 3.1891453 3.1891453 3.2725883 3.2725883 2.9284325 3.1891453 3.1891453 2.89973 2.89973 2.89973 2.89973 2.89973 2.89973 2.89973 2.89973 2.89973 2.89973 2.89973 2.89973 2.89973 2.89973 2.89973 2.89973
