Export/ASCII/RMeteo_tot/p1BIS_sum_tot.asc
ncols         660
nrows         338
xllcorner     1476100.0
yllcorner     5017100.0
cellsize      100
NODATA_value  -9999
[rows 243 to 269 of 338, columns 180 to 239 of 660]
2.7912748 2.7912748 2.7912748 3.216535 3.216535 3.216535 3.216535 3.7595654 3.7595654 3.7595654 3.7595654 3.7595654 3.7595654 3.7595654 3.7595654 3.7595654 3.7595654 3.7595654 3.7595654 3.7595654 3.216535 3.080756 3.080756 3.7595654 3.7595654 3.7595654 3.7595654 3.510586 3.510586 3.510586 3.510586 3.7595654 3.7595654 3.7595654 3.7595654 3.7595654 3.7595654 3.7595654 3.7595654 3.7595654 3.7595654 3.510586 3.510586 3.510586 3.510586 3.080756 3.080756 3.510586 1.2631934 1.2678094 1.2678094 3.7595654 3.7595654 2.1443145 2.1443145 2.1443145 2.1443145 2.1335986 2.1335986 2.1436589
2.7912748 2.7912748 3.1689482 3.216535 3.216535 3.216535 3.216535 3.216535 3.216535 3.7595654 3.7595654 3.7595654 3.7595654 3.510586 3.510586 3.7595654 3.7595654 3.7595654 3.7595654 3.7595654 3.216535 3.216535 3.7595654 3.7595654 3.7595654 3.7595654 3.7595654 3.7595654 3.510586 3.7595654 3.7595654 3.7595654 3.7595654 3.7595654 3.7595654 3.7595654 3.7595654 3.7595654 3.7595654 3.7595654 3.7595654 3.7595654 3.510586 3.510586 3.510586 3.510586 3.510586 3.510586 1.2631934 1.2631934 1.2631934 3.7595654 3.7595654 2.1443145 2.1443145 2.1443145 2.1335986 2.1335986 2.1335986 2.1436589
2.7912748 3.1689482 3.1689482 3.216535 3.216535 3.216535 3.216535 3.1689482 3.216535 3.216535 3.7595654 3.7595654 3.7595654 3.510586 3.635759 3.7595654 3.7595654 3.7595654 3.7595654 3.7595654 3.7595654 3.216535 3.7595654 3.7595654 3.7595654 3.7595654 3.7595654 3.7595654 3.7595654 3.7595654 3.7595654 3.7595654 3.7595654 3.7595654 3.7595654 3.7595654 3.7595654 3.7595654 3.7595654 3.7595654 3.7595654 3.7595654 3.7595654 3.510586 3.510586 3.1289763 3.510586 3.510586 1.2631934 1.2631934 1.2631934 1.2678094 3.7595654 2.1443145 2.1443145 2.1443145 2.1443145 2.1335986 2.1443145 2.1436589
2.7912748 3.1689482 3.1689482 3.216535 3.216535 3.216535 3.216535 3.1689482 3.1689482 3.216535 3.216535 3.216535 3.7595654 3.635759 3.635759 3.635759 3.7595654 3.7595654 3.635759 3.635759 3.7595654 3.7595654 3.7595654 3.7595654 3.7595654 3.7595654 3.7595654 3.7595654 3.7595654 3.7595654 3.7595654 3.7595654 3.7595654 3.7595654 3.7595654 3.7595654 3.7595654 3.7595654 3.7595654 3.7595654 3.7595654 3.7595654 3.7595654 3.7595654 3.510586 3.510586 3.510586 3.510586 1.2631934 1.2631934 1.2631934 1.2678094 3.7595654 3.7595654 2.1443145 2.1443145 2.1443145 2.1443145 2.1443145 2.1436589
2.7912748 3.216535 3.216535 3.216535 3.216535 3.216535 3.216535 3.216535 3.1689482 3.216535 3.216535 3.216535 3.216535 3.635759 3.635759 3.7595654 3.7595654 3.7595654 3.635759 3.635759 3.7595654 3.7595654 3.7595654 3.7595654 3.7595654 3.7595654 3.7595654 3.7595654 3.7595654 3.7595654 3.7595654 3.7595654 3.7595654 3.635759 3.635759 3.635759 3.7595654 3.7595654 3.7595654 3.7595654 3.7595654 3.7595654 3.7595654 3.510586 3.510586 3.510586 3.080756 1.2631934 1.2631934 1.2631934 1.2631934 1.2678094 3.7595654 3.7595654 3.7595654 2.1443145 2.1443145 2.1443145 3.1689482 3.1958222
2.7912748 2.7912748 3.216535 3.216535 3.216535 3.216535 3.216535 3.216535 3.216535 3.216535 3.216535 3.216535 3.216535 3.216535 3.7595654 3.7595654 3.7595654 3.7595654 3.7595654 3.7595654 3.7595654 3.7595654 3.7595654 3.7595654 3.7595654 3.7595654 3.7595654 3.7595654 3.7595654 3.7595654 3.7595654 3.7595654 3.7595654 3.635759 3.635759 3.635759 3.7595654 3.7595654 3.7595654 3.7595654 3.7595654 3.7595654 3.7595654 3.510586 3.510586 3.080756 3.080756 1.2631934 1.2631934 1.2631934 1.2631934 1.2678094 3.7595654 3.7595654 2.1443145 2.1443145 2.1443145 2.1443145 3.1689482 3.1958222
3.080756 2.7912748 3.216535 3.216535 3.216535 3.216535 3.216535 3.216535 3.216535 3.216535 3.216535 3.216535 3.216535 3.216535 3.7595654 3.7595654 3.7595654 3.7595654 3.635759 3.7595654 3.7595654 3.7595654 3.7595654 3.7595654 3.7595654 3.7595654 3.7595654 3.7595654 3.7595654 3.7595654 3.7595654 3.7595654 3.7595654 3.635759 3.635759 3.635759 3.7595654 3.7595654 3.7595654 3.7595654 3.7595654 3.7595654 3.510586 3.510586 3.510586 1.2631934 3.080756 1.2631934 1.2631934 1.2631934 1.2631934 1.2631934 3.7595654 3.7595654 2.1443145 2.1443145 2.1443145 3.216535 3.216535 3.1958222
3.080756 3.2165353 3.2165353 3.216535 3.216535 3.216535 3.216535 3.216535 3.216535 3.216535 3.216535 3.216535 3.216535 3.216535 3.216535 3.7595654 3.7595654 3.635759 3.635759 3.7595654 3.7595654 3.7595654 3.7595654 3.7595654 3.7595654 3.7595654 3.7595654 3.7595654 3.7595654 3.7595654 3.7595654 3.7595654 3.7595654 3.7595654 3.7595654 3.7595654 3.7595654 3.7595654 3.7595654 3.7595654 3.7595654 3.7595654 3.510586 3.510586 3.1289763 1.2631934 3.080756 3.080756 1.2631934 1.2631934 1.2631934 3.510586 3.7595654 3.7595654 3.7595654 2.1443145 2.1443145 3.080756 3.216535 3.1958222
2.7912748 2.7912748 2.7912748 2.7912748 3.216535 3.216535 3.216535 3.216535 3.216535 3.216535 3.216535 3.216535 3.216535 3.216535 3.216535 3.216535 3.7595654 3.7595654 3.635759 3.635759 3.7595654 3.7595654 3.7595654 3.7595654 3.7595654 3.7595654 3.7595654 3.7595654 3.7595654 3.7595654 3.7595654 3.7595654 3.7595654 3.7595654 3.7595654 3.7595654 3.7595654 3.7595654 3.7595654 3.635759 3.635759 1.2658541 1.2678094 1.2678094 1.2678094 1.2631934 1.2631934 1.2631934 1.2631934 1.2678094 3.7595654 3.7595654 3.7595654 3.7595654 3.7595654 3.7595654 3.7595654 3.080756 3.080756 3.1958222
2.7912748 2.7912748 2.7912748 2.7912748 3.216535 3.216535 3.216535 3.216535 3.216535 3.216535 3.216535 3.216535 3.216535 3.216535 3.216535 3.216535 3.7595654 3.7595654 3.7595654 3.7595654 3.7595654 3.331282 3.7595654 3.7595654 3.7595654 3.7595654 3.7595654 3.7595654 3.7595654 3.7595654 3.7595654 3.7595654 3.7595654 3.7595654 3.7595654 3.7595654 3.7595654 3.7595654 3.7595654 3.635759 1.2658541 1.2658541 1.2678094 1.2678094 1.2678094 1.2631934 1.2631934 1.2631934 1.2678094 1.2678094 3.7595654 3.7595654 3.7595654 3.7595654 3.7595654 3.7595654 3.7595654 3.7595654 3.216535 3.1958222
2.7912748 2.7912748 2.7912748 3.2165353 3.7595654 3.7595654 3.216535 3.216535 3.216535 3.216535 3.216535 3.216535 3.216535 3.216535 3.216535 3.216535 3.7595654 3.7595654 3.7595654 3.7595654 3.7595654 3.7595654 3.331282 3.7595654 3.7595654 3.7595654 3.7595654 3.7595654 3.7595654 3.7595654 3.7595654 3.7595654 3.7595654 3.7595654 3.7595654 3.7595654 3.7595654 3.7595654 3.7595654 3.7595654 1.2678094 1.2678094 1.2678094 1.2678094 1.2678094 1.2678094 1.2631934 1.2673823 1.2678094 1.2678094 3.216535 3.7595654 3.7595654 3.7595654 3.7595654 3.7595654 3.7595654 3.7595654 3.7595654 3.1958222
2.7912748 2.7912748 3.216535 3.216535 3.7595654 3.7595654 3.7595654 3.216535 3.216535 3.216535 3.216535 3.216535 3.216535 3.216535 3.216535 3.216535 3.7595654 3.7595654 3.7595654 3.7595654 3.7595654 3.510586 3.510586 3.331282 3.331282 3.7595654 3.7595654 3.7595654 3.7595654 3.7595654 3.7595654 3.7595654 3.7595654 3.7595654 3.7595654 3.7595654 3.7595654 3.7595654 3.7595654 3.7595654 1.2678094 1.2678094 1.2678094 1.2678094 1.2678094 1.2678094 1.2678094 2.7912748 2.7912748 3.216535 3.216535 3.7595654 3.216535 3.216535 3.216535 3.216535 3.216535 3.216535 3.216535 3.1958222
3.2165353 3.216535 3.216535 3.216535 3.216535 3.7595654 3.7595654 3.7595654 3.216535 3.216535 3.216535 3.216535 3.216535 3.216535 3.216535 3.216535 3.216535 3.7595654 3.7595654 3.635759 3.635759 3.635759 3.635759 3.635759 3.331282 3.7595654 3.7595654 3.7595654 3.7595654 3.7595654 3.7595654 3.7595654 3.7595654 3.7595654 3.7595654 3.7595654 3.7595654 3.7595654 3.7595654 1.2678094 1.2678094 1.2658541 1.2658541 1.2678094 1.2678094 1.2678094 1.2678094 2.7912748 2.7912748 3.216535 3.216535 3.216535 3.216535 3.216535 3.216535 2.8312285 2.8312285 3.216535 3.216535 3.1958222
3.7595654 3.7595654 3.216535 3.216535 2.8312285 3.331282 3.7595654 3.7595654 3.7595654 3.216535 3.216535 3.216535 3.216535 3.216535 3.216535 3.216535 3.216535 3.7595654 3.7595654 3.635759 3.635759 3.635759 3.635759 3.7595654 3.331282 3.331282 3.7595654 3.7595654 3.7595654 3.7595654 3.7595654 3.7595654 3.7595654 3.7595654 3.7595654 3.7595654 3.7595654 3.7595654 3.7595654 1.2678094 1.2678094 1.2678094 1.2658541 1.2678094 1.2678094 1.2678094 1.2678094 3.216535 3.216535 3.216535 3.1689482 3.1689482 3.216535 3.216535 3.216535 3.216535 3.216535 3.216535 3.080756 3.1958222
3.7595654 3.7595654 3.7595654 2.8312285 3.216535 3.216535 3.7595654 3.7595654 3.7595654 3.7595654 3.216535 3.216535 3.216535 3.216535 3.216535 3.216535 3.216535 3.216535 3.7595654 3.7595654 3.7595654 3.7595654 3.7595654 3.7595654 3.7595654 3.7595654 3.7595654 3.7595654 3.7595654 3.7595654 3.7595654 3.7595654 3.7595654 1.2678094 1.2678094 1.2678094 1.2678094 1.2678094 3.7595654 1.2678094 1.2678094 1.2678094 1.2678094 1.2678094 1.2678094 1.2678094 1.2678094 3.216535 3.216535 2.7912748 3.1689482 3.1689482 3.216535 3.216535 3.216535 3.216535 3.216535 3.080756 3.080756 3.0691934
3.7595654 3.7595654 3.7595654 3.216535 3.216535 3.216535 3.7595654 3.7595654 3.7595654 3.7595654 3.7595654 3.216535 3.216535 3.216535 3.216535 3.216535 3.216535 3.216535 3.7595654 3.7595654 3.7595654 3.7595654 3.7595654 3.7595654 3.7595654 3.7595654 3.7595654 3.7595654 1.2678094 3.7595654 1.2678094 1.2678094 1.2678094 1.2678094 1.2678094 1.2678094 1.2678094 1.2678094 1.2678094 1.2678094 1.2678094 1.2678094 1.2678094 1.2658541 1.2678094 1.2678094 1.2678094 3.216535 3.216535 2.7912748 2.7912748 2.7912748 2.7912748 3.216535 3.216535 3.216535 3.216535 3.080756 3.080756 3.0691934
3.7595654 3.7595654 3.7595654 3.7595654 3.216535 3.216535 3.216535 3.7595654 3.7595654 3.635759 3.635759 3.7595654 3.635759 3.080756 3.080756 3.216535 3.216535 3.216535 3.216535 3.7595654 3.7595654 3.7595654 3.7595654 3.7595654 3.7595654 3.7595654 3.7595654 3.7595654 1.2678094 1.2678094 1.2678094 1.2678094 1.2678094 1.2678094 1.2678094 1.2678094 1.2678094 1.2678094 1.2678094 1.2678094 1.2678094 1.2678094 1.2658541 1.2658541 1.2678094 1.2678094 1.2678094 3.216535 2.7912748 2.7912748 2.7912748 2.7912748 2.7912748 3.216535 3.216535 3.2165353 3.216535 3.080756 3.080756 3.0691934
3.700609 3.700609 3.700609 3.700609 3.1687062 3.1687062 3.1687062 3.700609 3.700609 3.57869 3.57869 3.57869 3.57869 3.126538 3.041499 3.1687062 3.1687062 3.1687062 3.1687062 3.700609 3.700609 3.700609 3.700609 3.700609 3.700609 3.700609 3.700609 3.700609 3.700609 1.2607157 1.2607157 1.2607157 1.2607157 1.2607157 1.2607157 1.2607157 1.2607157 1.2607157 1.2607157 1.2607157 1.2607157 1.2607157 1.2561026 1.2561026 1.2607157 1.2607157 3.1687062 3.1687062 2.7611167 2.7611167 2.7611167 2.7611167 3.041499 3.1687062 3.1588962 3.1588962 3.041499 3.041499 3.041499 3.0174847
3.700609 3.700609 3.700609 3.700609 3.1687062 3.1687062 3.1687062 3.1687062 3.700609 3.700609 3.57869 3.126538 3.57869 3.57869 3.700609 3.1687062 3.1687062 3.1687062 3.1687062 3.700609 3.700609 3.700609 3.700609 3.700609 3.700609 3.700609 3.700609 3.700609 3.700609 1.2607157 1.2607157 1.2607157 1.2607157 1.2561026 1.2607157 1.2607157 1.2607157 1.2607157 1.2607157 1.2607157 1.2607157 1.2607157 1.2607157 1.2607157 1.2607157 1.2607157 3.1687062 3.1687062 3.1687062 3.1687062 3.1687062 3.1687062 3.041499 3.041499 3.1687062 3.1687062 3.041499 3.041499 3.041499 3.0174847
3.700609 3.700609 3.700609 3.700609 3.1687062 3.1687062 3.1687062 3.1687062 3.1687062 3.57869 3.57869 3.57869 3.57869 3.700609 3.700609 3.700609 3.1687062 3.1687062 3.1687062 3.1687062 3.700609 3.700609 3.700609 3.700609 3.700609 3.700609 3.57869 3.57869 3.700609 1.2607157 1.2607157 1.2607157 1.2588959 1.2588959 1.2561026 1.2607157 1.2607157 1.2607157 1.2607806 1.260761 1.2607157 1.2607157 1.2607157 1.2607157 1.2607157 1.2607157 3.1687062 3.1687062 3.1687062 3.1687062 3.1687062 3.1687062 3.041499 3.041499 3.1687062 3.041499 3.041499 3.041499 3.041499 3.0174847
3.700609 3.700609 3.700609 3.700609 3.1687062 3.1687062 3.1687062 3.1687062 3.1687062 3.1687062 3.1687062 3.700609 3.700609 3.700609 3.700609 3.700609 3.700609 3.1687062 3.1687062 3.1687062 3.700609 3.700609 3.700609 3.700609 3.700609 3.700609 3.57869 3.57869 3.700609 3.700609 1.2607157 1.2607157 1.2588959 1.2588959 1.2588959 1.2607157 1.2588959 1.2588959 1.260761 1.260761 1.260761 1.1591747 1.2607157 1.2607157 1.2607157 1.2607157 3.1687062 3.1687062 3.1687062 3.1687062 3.1687062 3.1687062 3.1687062 3.041499 3.041499 3.041499 3.041499 3.041499 3.041499 3.0174847
3.700609 3.700609 3.700609 3.700609 3.1687062 3.1687062 3.1687062 3.1687062 3.1687062 3.1687062 3.1687062 3.700609 3.700609 3.700609 3.700609 3.700609 3.700609 3.700609 3.1687062 3.1687062 3.700609 3.700609 3.4559064 3.4559064 3.0821145 3.4559064 3.4559064 3.57869 3.700609 3.700609 1.2607157 1.2607157 1.2588959 1.2588959 1.2588959 1.2607157 1.2588959 1.2588959 1.260761 1.260761 1.260761 1.1591747 1.2607157 1.2607157 1.2607157 1.2607157 3.1687062 3.1687062 3.1687062 3.1687062 3.1687062 3.1687062 3.1687062 3.1687062 3.041499 3.041499 3.041499 3.4559064 3.4559064 3.0174847
3.57869 3.57869 3.700609 3.57869 3.1687062 3.1687062 3.1687062 3.1687062 3.1687062 3.1687062 3.1687062 3.57869 3.57869 3.700609 3.700609 3.700609 3.0821145 3.0821145 2.7611167 3.1687062 3.041499 3.4559064 3.4559064 3.4559064 3.4559064 3.4559064 3.4559064 3.4559064 3.700609 3.700609 1.2607157 1.2607157 1.2588959 1.2607157 1.2607157 1.2607157 1.260761 1.260761 1.2607157 1.2607157 1.2607157 1.2607157 1.2607157 1.2607157 1.2607157 1.2607157 3.126538 3.126538 3.1687062 3.1687062 3.1687062 3.1687062 3.1687062 3.1687062 3.041499 3.041499 3.4559064 3.4559064 3.57869 3.432568
3.57869 3.57869 3.700609 3.57869 3.1687062 3.1687062 3.1687062 3.1687062 3.1687062 3.1687062 3.1687062 3.57869 3.57869 3.700609 3.700609 3.700609 3.0821145 3.0821145 3.0821145 2.7611167 3.041499 3.4559064 3.4559064 3.041499 3.4559064 3.4559064 3.700609 3.700609 3.700609 3.700609 3.700609 1.2607157 1.2607157 1.2607157 1.2607157 1.2607157 1.260761 1.260761 1.2607157 1.2607157 1.2607157 1.2607157 1.2607157 1.2607157 1.2607157 3.1687062 3.126538 3.126538 3.1687062 3.1687062 3.1687062 3.126538 3.126538 3.1687062 3.1687062 3.041499 3.0821145 3.0821145 3.700609 3.6484733
3.4559064 3.57869 3.700609 3.700609 3.1687062 3.1687062 3.1687062 3.1687062 3.1687062 3.1687062 3.1687062 3.1687062 3.700609 3.700609 3.700609 3.700609 3.0821145 3.0821145 3.0821145 2.7611167 2.7611167 3.041499 3.4559064 3.4559064 3.4559064 3.4559064 3.700609 3.700609 3.700609 3.700609 3.700609 3.700609 1.2607157 1.2607157 1.2607157 1.2607157 1.260761 1.260761 1.2607157 1.2607157 1.2607157 1.2607157 1.2607157 1.2607157 1.2588959 1.2588959 3.1687062 3.1687062 3.1687062 3.1687062 3.126538 3.126538 3.126538 3.1687062 3.1687062 3.041499 3.041499 3.0821145 3.700609 3.6484733
3.4559064 3.700609 3.700609 3.700609 3.1687062 3.1687062 3.1687062 3.1687062 3.1687062 3.1687062 3.1687062 3.1687062 3.1687062 3.700609 3.700609 3.0821145 3.0821145 3.0821145 2.7611167 2.7611167 2.7611167 2.7611167 3.4559064 3.4559064 3.700609 3.700609 3.700609 3.700609 3.700609 3.700609 3.700609 3.700609 1.2607157 1.2607157 1.2607157 1.2607157 1.260761 1.260761 1.2607157 1.2607157 1.2607157 1.2607157 1.2607157 1.2607157 1.2588959 1.2588959 3.1687062 3.1687062 3.1687062 3.1687062 3.1687062 3.126538 3.1687062 3.1687062 3.1687062 3.1687062 3.041499 3.041499 3.700609 3.6484733
3.4559064 3.4559064 3.700609 3.700609 3.700609 3.1687062 3.1687062 3.1687062 3.1687062 3.1687062 3.1687062 3.1687062 3.1687062 3.700609 3.700609 3.0821145 3.0821145 3.0821145 3.0821145 3.0821145 2.7611167 2.7611167 3.700609 3.700609 3.700609 3.700609 3.700609 3.700609 3.700609 3.700609 3.700609 3.700609 1.2607157 1.2607157 1.2607157 1.2607157 1.2607157 1.2607157 1.2607157 1.2607157 1.2607157 1.2607157 1.1591747 1.1591747 1.2607157 1.2561026 3.1687062 3.1687062 3.1687062 3.1687062 3.1687062 3.1687062 3.1687062 3.1687062 3.1687062 3.1687062 3.1687062 3.041499 3.4559064 3.6484733
