Export/ASCII/RMeteo_tot/p2_sum_tot.asc
ncols         660
nrows         338
xllcorner     1476100.0
yllcorner     5017100.0
cellsize      100
NODATA_value  -9999
[rows 0 to 26 of 338, columns 420 to 479 of 660]
2.9661474 2.9661474 2.9661474 2.9661474 2.9661474 2.9661474 2.9661474 2.9661474 2.9661474 2.9661474 2.9661474 2.9661474 2.9661474 2.9661474 3.2774677 3.2774677 3.2774677 3.2774677 3.2774677 3.2774677 3.2774677 3.3452036 4.0314655 4.0314655 3.9042275 3.7668502 3.7668502 3.7668502 3.7668502 3.2774677 3.2774677 3.2774677 2.9661474 2.9661474 3.3452036 4.0314655 4.0314655 3.3743207 3.3743207 3.3743207 3.9042275 3.9042275 3.9042275 3.9042275 3.9042275 3.9042275 3.9042275 4.0314655 4.0314655 4.0314655 4.0314655 4.0314655 4.0314655 2.9661474 3.2774677 3.1724284 3.1724284 3.1724284 3.1724284 3.6426632
2.9661474 2.9661474 2.9661474 2.9661474 2.9661474 2.9661474 2.9661474 2.9661474 2.9661474 2.9661474 2.9661474 2.9661474 2.9661474 2.9661474 2.9661474 2.9661474 2.9661474 2.9661474 3.2774677 2.9661474 3.3452036 3.3452036 4.0314655 3.7668502 3.7668502 3.7668502 3.7668502 3.7668502 3.2774677 3.2774677 3.2774677 3.2774677 2.9661474 2.9661474 2.9661474 4.0314655 4.0314655 3.4378743 3.4378743 3.4378743 4.0314655 3.9042275 3.9042275 3.9042275 3.9042275 3.9042275 3.9042275 4.0314655 4.0314655 4.0314655 4.0314655 4.0314655 4.0314655 2.9661474 2.9661474 2.8843572 3.1724284 3.1724284 3.1724284 3.6426632
2.9661474 2.9661474 2.9661474 2.9661474 2.9661474 2.9661474 2.9661474 2.9661474 2.9661474 2.9661474 2.9661474 2.9661474 2.9661474 2.9661474 2.9661474 2.9661474 2.9661474 2.9661474 2.9661474 2.9661474 3.3452036 3.3452036 4.0314655 3.7668502 3.7668502 3.2774677 3.2774677 3.2774677 3.2774677 3.2774677 3.2774677 3.2774677 3.3452036 3.3452036 3.3452036 4.0314655 4.0314655 3.4378743 3.4378743 3.4378743 4.0314655 4.0314655 4.0314655 4.0314655 4.0314655 3.9042275 3.9042275 4.0314655 4.0314655 4.0314655 4.0314655 4.0314655 4.0314655 2.9661474 2.9661474 2.8843572 2.8843572 3.1724284 3.1724284 3.6426632
2.9661474 2.9661474 2.9661474 2.9661474 2.9661474 2.9661474 2.9661474 2.9661474 2.9661474 2.9661474 3.2774677 2.9661474 2.9661474 2.9661474 2.9661474 2.9661474 2.9661474 2.9661474 2.9661474 2.9661474 3.3452036 3.3452036 4.0314655 3.7668502 3.7668502 3.7668502 3.2774677 3.2774677 3.2774677 3.2774677 3.7668502 3.7668502 3.7668502 4.0314655 4.0314655 4.0314655 4.0314655 3.4378743 3.4378743 3.4378743 4.0314655 4.0314655 4.0314655 4.0314655 4.0314655 3.9042275 3.9042275 4.0314655 4.0314655 4.0314655 4.0314655 4.0314655 3.7668502 2.9661474 2.9661474 2.8843572 2.8843572 3.1724284 3.1724284 3.1724284
2.9661474 2.9661474 2.9661474 2.9661474 2.9661474 2.9661474 2.9661474 2.9661474 2.9661474 2.9661474 3.2774677 2.9661474 2.9661474 2.9661474 2.9661474 2.9661474 2.9661474 2.9661474 2.9661474 3.7668502 3.7668502 3.7668502 4.0314655 3.7668502 3.7668502 3.7668502 3.2774677 3.2774677 3.7668502 3.7668502 3.7668502 4.0314655 4.0314655 4.0314655 4.0314655 4.0314655 4.0314655 3.4378743 3.4378743 4.0314655 4.0314655 3.7668502 3.7668502 4.0314655 4.0314655 4.0314655 3.9042275 4.0314655 4.0314655 4.0314655 4.0314655 4.0314655 3.7668502 2.9661474 2.9661474 2.8843572 3.1724284 3.1724284 3.1724284 3.1724284
2.9661474 2.9661474 2.9661474 2.9661474 3.2774677 2.9661474 2.9661474 2.9661474 3.2774677 3.2774677 3.2774677 3.2774677 2.9661474 2.9661474 2.9661474 3.2774677 3.2774677 3.2774677 3.7668502 3.7668502 3.7668502 3.7668502 3.3452036 3.7668502 3.7668502 3.2774677 3.2774677 3.2774677 3.7668502 4.0314655 4.0314655 4.0314655 4.0314655 3.9042275 3.9042275 4.0314655 4.0314655 3.4378743 3.4378743 3.7668502 3.7668502 3.7668502 3.7668502 4.0314655 4.0314655 4.0314655 4.0314655 4.0314655 4.0314655 4.0314655 4.0314655 3.7668502 2.9661474 2.9661474 2.9661474 2.8843572 3.1724284 3.1724284 3.1724284 3.1724284
3.2774677 2.9661474 2.9661474 2.9661474 2.9661474 3.2774677 3.2774677 3.2774677 3.2774677 3.2774677 3.2774677 3.2774677 3.2774677 3.2774677 3.2774677 3.2774677 2.9661474 3.2774677 3.7668502 3.7668502 3.9042275 3.3452036 3.3452036 3.7668502 3.7668502 3.2774677 3.2774677 3.2774677 3.7668502 4.0314655 4.0314655 4.0314655 4.0314655 3.9042275 3.9042275 4.0314655 4.0314655 3.4378743 3.4378743 3.7668502 3.7668502 3.7668502 4.0314655 4.0314655 4.0314655 4.0314655 4.0314655 4.0314655 4.0314655 4.0314655 4.0314655 3.7668502 2.9661474 2.9661474 2.9661474 3.1724284 3.1724284 3.1724284 3.1724284 3.1724284
3.7668502 2.9661474 2.9661474 2.9661474 2.9661474 2.9661474 2.9661474 3.2774677 3.2774677 3.2774677 3.2774677 3.2774677 3.2774677 3.2774677 3.2774677 3.2774677 3.2774677 3.2774677 3.7668502 3.7668502 3.9042275 3.3452036 3.3452036 3.7668502 3.7668502 3.2774677 3.2774677 3.2774677 3.7668502 4.0314655 4.0314655 4.0314655 4.0314655 4.0314655 4.0314655 4.0314655 4.0314655 3.4378743 3.4378743 3.7668502 3.7668502 3.7668502 4.0314655 4.0314655 4.0314655 4.0314655 4.0314655 3.9042275 3.9042275 3.9042275 4.0314655 3.3452036 2.9661474 2.9661474 2.9661474 3.1724284 3.1724284 3.1724284 3.6426632 3.6426632
3.7668502 2.9661474 2.9661474 2.9661474 2.9661474 2.9661474 3.2774677 3.2774677 3.2774677 3.2774677 3.2774677 3.2774677 3.2774677 3.2774677 3.2774677 3.2774677 3.2774677 3.2774677 3.7668502 3.7668502 3.3452036 2.9661474 2.9661474 3.2774677 3.2774677 3.2774677 3.2774677 3.2774677 3.7668502 4.0314655 4.0314655 4.0314655 4.0314655 4.0314655 4.0314655 4.0314655 3.4378743 3.4378743 3.4378743 3.7668502 3.7668502 4.0314655 4.0314655 4.0314655 4.0314655 4.0314655 4.0314655 4.0314655 3.9042275 3.9042275 4.0314655 3.3452036 3.3452036 2.9661474 2.9661474 3.1724284 3.1724284 3.1724284 3.6426632 3.6426632
2.9661474 2.9661474 2.9661474 2.9661474 2.9661474 2.9661474 3.2774677 3.2774677 3.2774677 3.2774677 3.2774677 3.2774677 3.2774677 3.2774677 3.2774677 3.2774677 3.2774677 3.2774677 3.2774677 3.2774677 2.9661474 2.9661474 2.9661474 2.9661474 3.2774677 3.2774677 3.2774677 3.2774677 3.7668502 4.0314655 4.0314655 4.0314655 4.0314655 4.0314655 4.0314655 4.0314655 3.4378743 3.4378743 3.4378743 3.7668502 3.7668502 4.0314655 4.0314655 4.0314655 4.0314655 4.0314655 4.0314655 4.0314655 4.0314655 4.0314655 4.0314655 3.3452036 2.9661474 2.9661474 2.9661474 2.8843572 2.8843572 2.8843572 2.8843572 2.8843572
3.3452036 2.9661474 2.9661474 2.9661474 2.9661474 2.9661474 3.2774677 3.2774677 3.2774677 3.7668502 3.2774677 3.2774677 3.2774677 3.3452036 3.7668502 3.7668502 3.2774677 3.2774677 3.2774677 3.2774677 2.9661474 2.9661474 2.9661474 2.9661474 3.2774677 3.3743207 3.2774677 3.2774677 3.2774677 3.7668502 4.0314655 4.0314655 4.0314655 4.0314655 4.0314655 4.0314655 3.4378743 3.4378743 3.4378743 4.0314655 3.7668502 4.0314655 4.0314655 4.0314655 4.0314655 4.0314655 4.0314655 4.0314655 4.0314655 4.0314655 3.7668502 3.7668502 3.2774677 2.9661474 2.9661474 2.8843572 2.8843572 2.8843572 3.2506163 3.2506163
3.3452036 3.3452036 2.9661474 2.9661474 2.9661474 2.9661474 3.2774677 3.2774677 3.7668502 3.7668502 3.7668502 3.7668502 3.7668502 3.7668502 3.7668502 3.7668502 3.2774677 3.2774677 3.2774677 3.2774677 3.2774677 3.2774677 2.9661474 2.9661474 3.3743207 3.3743207 3.2774677 3.2774677 3.2774677 3.7668502 4.0314655 4.0314655 4.0314655 4.0314655 4.0314655 4.0314655 3.4378743 3.4378743 3.4378743 4.0314655 4.0314655 4.0314655 4.0314655 4.0314655 4.0314655 4.0314655 4.0314655 4.0314655 4.0314655 4.0314655 3.7668502 3.2774677 3.2774677 3.2774677 3.2774677 2.8843572 2.8843572 3.2506163 3.2506163 3.2506163
3.3452036 3.3452036 3.3452036 3.3452036 3.3452036 2.9661474 2.9661474 3.2774677 3.7668502 3.7668502 3.3452036 3.7668502 3.7668502 3.7668502 3.7668502 3.7668502 3.7668502 3.2774677 3.2774677 3.2774677 3.2774677 3.2774677 3.2774677 3.2774677 3.2774677 3.2774677 3.2774677 3.2774677 3.2774677 3.7668502 4.0314655 4.0314655 4.0314655 4.0314655 4.0314655 4.0314655 4.0314655 4.0314655 4.0314655 4.0314655 4.0314655 4.0314655 4.0314655 4.0314655 4.0314655 4.0314655 4.0314655 4.0314655 4.0314655 3.7668502 3.7668502 3.2774677 3.2774677 3.2774677 2.9661474 2.8843572 2.8843572 3.3184555 3.3184555 3.2506163
3.2774677 3.7668502 3.7668502 3.3452036 3.7668502 3.3452036 3.3452036 2.9661474 2.9661474 3.3452036 3.7668502 3.7668502 3.7668502 3.7668502 3.7668502 3.7668502 3.7668502 3.2774677 3.2774677 3.2774677 3.2774677 3.2774677 3.2774677 3.2774677 3.2774677 3.2774677 3.2774677 3.2774677 3.2774677 3.7668502 4.0314655 4.0314655 4.0314655 4.0314655 4.0314655 4.0314655 4.0314655 4.0314655 4.0314655 4.0314655 3.9042275 3.9042275 4.0314655 4.0314655 4.0314655 4.0314655 4.0314655 4.0314655 4.0314655 3.7668502 3.2774677 3.2774677 3.2774677 3.2774677 2.9661474 3.2506163 3.2506163 3.3184555 2.8843572 2.8843572
3.2774677 3.7668502 3.7668502 3.7668502 3.7668502 3.2774677 3.3452036 3.3452036 3.4218729 2.9661474 3.2774677 3.2774677 3.7668502 3.7668502 3.2774677 3.2774677 3.2774677 3.2774677 3.2774677 3.2774677 3.2774677 3.2774677 3.2774677 3.2774677 3.2774677 3.2774677 3.2774677 3.2774677 2.9661474 3.2774677 3.7668502 4.0314655 4.0314655 4.0314655 4.0314655 3.9042275 4.0314655 4.0314655 4.0314655 4.0314655 4.0314655 4.0314655 4.0314655 4.0314655 4.0314655 4.0314655 4.0314655 4.0314655 4.0314655 3.7668502 3.7668502 3.7668502 3.7668502 3.7668502 3.3452036 3.2506163 3.8859334 3.3184555 2.8843572 2.8843572
3.2774677 3.2774677 3.2774677 3.2774677 3.2774677 3.2774677 3.7668502 3.3452036 3.7668502 3.3452036 3.3452036 3.7668502 3.2774677 3.7668502 3.7668502 3.7668502 3.7668502 3.2774677 3.2774677 3.2774677 3.2774677 3.2774677 3.2774677 3.2774677 3.2774677 3.2774677 3.2774677 2.9661474 2.9661474 2.9661474 3.7668502 4.0314655 4.0314655 4.0314655 4.0314655 3.9042275 3.9042275 4.0314655 4.0314655 4.0314655 4.0314655 4.0314655 4.0314655 4.0314655 4.0314655 4.0314655 4.0314655 4.0314655 3.7668502 3.7668502 3.7668502 3.7668502 3.9042275 3.3452036 3.3452036 3.2506163 3.8859334 3.8859334 3.2506163 2.8843572
3.2774677 3.2774677 3.2774677 3.2774677 3.2774677 3.2774677 3.7668502 3.3452036 3.3452036 3.3452036 3.3452036 3.9042275 3.7668502 3.7668502 3.7668502 3.7668502 3.7668502 3.7668502 3.7668502 3.2774677 3.2774677 3.2774677 3.2774677 3.2774677 3.2774677 3.2774677 3.2774677 2.9661474 3.2774677 3.2774677 3.7668502 4.0314655 4.0314655 4.0314655 4.0314655 4.0314655 4.0314655 4.0314655 4.0314655 4.0314655 4.0314655 4.0314655 4.0314655 4.0314655 4.0314655 4.0314655 4.0314655 3.7668502 3.7668502 3.7668502 3.7668502 3.9042275 4.0314655 3.9042275 3.9042275 3.8859334 3.8859334 3.8859334 3.2506163 3.2506163
3.2774677 3.2774677 3.2774677 3.2774677 3.2774677 3.2774677 3.2774677 3.7668502 3.3452036 3.5883534 4.0314655 3.9042275 3.9042275 3.7668502 3.7668502 3.7668502 3.7668502 3.7668502 3.7668502 3.2774677 3.2774677 3.2774677 3.2774677 3.2774677 3.2774677 3.2774677 3.2774677 3.2774677 3.2774677 3.2774677 3.7668502 4.0314655 4.0314655 4.0314655 4.0314655 4.0314655 4.0314655 4.0314655 4.0314655 4.0314655 4.0314655 4.0314655 4.0314655 4.0314655 4.0314655 4.0314655 4.0314655 3.7668502 3.2774677 3.7668502 3.7668502 3.9042275 3.9042275 3.9042275 3.9042275 3.7671382 3.8859334 3.8859334 3.2506163 3.2506163
2.9661474 3.2774677 3.2774677 3.2774677 3.2774677 3.2774677 3.2774677 3.2774677 3.3452036 3.3452036 4.0314655 3.9042275 3.3452036 3.7668502 3.7668502 3.7668502 3.7668502 3.7668502 3.7668502 3.2774677 3.2774677 3.2774677 3.2774677 3.2774677 3.2774677 3.2774677 3.2774677 3.2774677 3.2774677 3.2774677 3.7668502 3.3452036 4.0314655 4.0314655 4.0314655 4.0314655 4.0314655 4.0314655 4.0314655 4.0314655 4.0314655 4.0314655 4.0314655 4.0314655 4.0314655 4.0314655 3.7668502 3.7668502 3.7668502 3.7668502 3.7668502 3.9042275 3.3452036 3.7668502 3.9042275 3.7671382 3.7671382 3.7671382 3.7671382 3.7671382
2.9661474 3.2774677 3.2774677 3.2774677 3.2774677 3.2774677 3.2774677 3.2774677 3.2774677 3.3452036 4.0314655 4.0314655 3.3452036 3.3452036 4.0314655 3.7668502 3.7668502 3.7668502 3.2774677 3.2774677 3.2774677 3.2774677 3.2774677 3.2774677 3.2774677 3.2774677 3.2774677 3.2774677 3.2774677 3.2774677 3.7668502 3.7668502 4.0314655 4.0314655 4.0314655 4.0314655 4.0314655 4.0314655 4.0314655 4.0314655 4.0314655 4.0314655 4.0314655 4.0314655 4.0314655 3.7668502 3.7668502 3.2774677 3.2774677 3.7668502 3.9042275 3.9042275 3.7668502 3.7668502 3.2774677 3.1724284 3.1724284 3.6426632 3.6426632 3.7671382
3.2774677 3.2774677 3.2774677 3.2774677 3.2774677 3.2774677 3.7668502 3.7668502 3.2774677 3.3452036 3.3452036 3.3452036 3.3452036 3.3452036 3.4378743 2.9661474 2.9661474 3.2774677 3.2774677 3.2774677 3.2774677 2.9661474 3.2774677 3.2774677 3.2774677 2.9661474 3.2774677 3.2774677 3.2774677 3.2774677 3.2774677 3.7668502 4.0314655 4.0314655 4.0314655 4.0314655 4.0314655 4.0314655 3.3452036 3.7668502 3.7668502 4.0314655 4.0314655 3.7668502 3.7668502 3.7668502 3.2774677 3.2774677 3.7668502 3.7668502 3.4378738 3.7668502 3.7668502 3.7668502 3.2774677 3.1724284 3.1724284 3.1724284 2.8843572 3.6426632
3.2774677 3.7668502 3.7668502 3.7668502 3.2774677 3.7668502 3.3452036 3.7668502 3.2774677 3.7668502 3.3452036 3.3452036 3.3452036 3.9042275 3.3743207 2.9661474 2.9661474 2.9661474 3.2774677 3.2774677 3.2774677 3.2774677 3.2774677 3.2774677 3.2774677 3.2774677 3.2774677 3.2774677 3.2774677 3.2774677 3.2774677 3.7668502 4.0314655 4.0314655 3.7668502 3.7668502 3.7668502 4.0314655 3.7668502 3.7668502 3.2774677 3.2774677 3.2774677 3.2774677 3.2774677 3.2774677 3.2774677 3.7668502 3.7668502 3.7668502 3.2774677 3.2774677 3.2774677 3.2774677 3.2774677 3.1724284 3.1724284 3.1724284 3.1724284 3.6426632
3.2774677 3.7668502 3.7668502 3.7668502 3.2774677 3.7668502 3.7668502 3.7668502 3.7668502 3.7668502 3.7668502 3.9042275 3.9042275 3.9042275 3.9042275 3.7668502 3.7668502 4.0314655 3.7668502 3.7668502 2.9661474 3.2774677 3.2774677 3.2774677 3.2774677 3.2774677 3.2774677 3.2774677 3.2774677 3.2774677 3.2774677 3.7668502 3.7668502 4.0314655 3.7668502 3.2774677 3.7668502 3.7668502 3.7668502 3.2774677 3.2774677 3.2774677 3.2774677 3.2774677 3.2774677 3.2774677 3.2774677 3.7668502 4.0314655 3.7668502 3.2774677 3.2774677 3.2774677 3.2774677 3.2774677 3.1724284 3.1724284 3.6426632 3.6426632 3.6426632
3.7668502 3.7668502 3.7668502 3.9042275 3.7668502 3.7668502 3.7668502 3.7668502 3.7668502 3.7668502 4.0314655 3.5883534 3.3452036 3.3452036 3.3452036 3.7668502 3.7668502 4.0314655 3.7668502 3.7668502 3.3452036 3.2774677 3.2774677 3.2774677 3.2774677 3.2774677 3.2774677 2.9661474 2.9661474 3.2774677 3.2774677 3.2774677 3.7668502 3.7668502 3.7668502 3.2774677 3.7668502 3.7668502 3.2774677 3.2774677 3.2774677 3.2774677 3.2774677 3.2774677 3.2774677 3.2774677 3.2774677 3.7668502 3.7668502 3.7668502 3.2774677 3.2774677 3.2774677 3.2774677 3.2774677 3.1724284 3.1724284 3.6426632 3.6426632 3.6426632
3.5484827 3.5484827 3.5484827 3.6676416 3.5484827 3.5484827 3.7608955 3.7608955 3.6676416 3.7832954 3.7832954 3.3519318 3.1740966 3.1740966 3.5484827 3.5484827 3.5484827 3.6676416 3.5484827 3.5484827 3.5484827 3.5484827 3.0983067 3.0983067 3.0983067 3.0983067 2.8267565 2.8267565 2.8267565 2.8267565 2.8267565 2.8267565 2.8267565 3.1740966 3.1740966 2.8267565 3.5484827 3.5484827 3.0983067 3.0983067 3.0983067 3.0983067 3.0983067 3.0983067 3.0983067 3.0983067 3.0983067 2.8267565 3.0983067 3.0983067 3.0983067 3.0983067 3.0983067 3.0983067 3.0983067 3.030838 3.030838 3.4593093 3.4593093 3.4593093
3.5484827 3.1740966 3.1740966 3.1740966 3.6676416 3.6676416 3.7905965 3.6676416 3.6676416 3.1740966 3.1740966 3.7832954 3.6676416 3.5484827 3.5484827 3.5484827 3.6676416 3.6676416 3.6676416 3.5484827 3.5484827 3.5484827 3.0983067 3.0983067 3.0983067 3.0983067 2.8267565 2.8267565 2.8267565 2.8267565 2.8267565 2.8267565 2.8267565 2.8267565 2.8267565 2.8267565 3.0983067 3.0983067 3.0983067 3.0983067 2.8267565 2.8267565 3.0983067 3.0983067 3.0983067 3.0983067 3.0983067 3.0983067 3.0983067 3.0983067 3.0983067 3.0983067 3.0983067 3.0983067 3.0983067 3.030838 3.4593093 3.4593093 3.4593093 3.664937
3.5484827 2.8267565 3.1740966 3.1740966 3.6676416 3.6676416 3.6676416 3.6676416 3.6676416 3.1740966 3.1740966 3.7832954 3.5484827 3.5484827 3.5484827 3.5484827 3.1740966 3.5484827 3.5484827 3.7905965 3.5484827 3.5484827 3.5484827 3.0983067 3.0983067 3.0983067 3.0983067 3.0983067 2.8267565 2.8267565 2.8267565 2.8267565 2.8267565 2.8267565 2.8267565 3.0983067 2.8267565 2.8267565 3.0983067 2.8267565 2.8267565 2.8267565 2.8267565 3.0983067 3.0983067 3.0983067 3.0983067 3.5484827 3.5484827 3.180145 3.0983067 3.0983067 3.0983067 3.0983067 3.0983067 3.030838 3.4593093 3.4593093 3.4593093 3.564475
