Export/ASCII/RMeteo_tot/p2_sum_tot.asc
ncols         660
nrows         338
xllcorner     1476100.0
yllcorner     5017100.0
cellsize      100
NODATA_value  -9999
[rows 297 to 323 of 338, columns 360 to 419 of 660]
3.59995 3.59995 3.59995 3.1099339 3.1099339 3.1099339 3.1099339 3.1099339 3.1099339 3.1099339 3.59995 3.59995 3.59995 3.49975 3.49975 3.49975 3.59995 3.59995 3.59995 3.59995 3.59995 3.59995 3.59995 3.59995 3.0486517 3.0486517 3.0486517 3.0486517 3.3928378 3.3928378 3.3928378 3.3928378 2.994865 2.994865 2.994865 2.994865 2.9370618 2.9370618 3.3310773 3.5159242 3.5159242 3.5159242 3.5159242 3.5159242 3.5159242 3.5159242 3.5159242 3.5159242 3.5159242 3.5159242 3.5159242 2.0451212 2.0451212 2.0364783 2.0364783 3.4297843 3.5159242 3.5159242 3.5159242 3.5159242
3.59995 3.59995 3.59995 3.1099339 3.1099339 3.1099339 3.1099339 3.1099339 3.1099339 3.1099339 3.1099339 3.1099339 3.59995 3.59995 3.59995 3.59995 3.59995 3.59995 3.59995 3.59995 3.59995 3.59995 3.59995 3.0486517 3.0486517 2.7381082 2.7381082 3.0486517 3.0486517 3.0486517 3.3928378 3.3928378 3.3928378 2.994865 2.994865 2.994865 3.3310773 3.3310773 3.3310773 3.5159242 3.5159242 3.5159242 3.5159242 3.5159242 3.5159242 3.5159242 3.5159242 3.5159242 3.5159242 3.5159242 3.5159242 2.0451212 2.0451212 2.0364783 2.0364783 2.0364783 2.0451212 3.5159242 3.5159242 3.5159242
3.59995 3.59995 3.59995 3.1099339 3.1099339 3.1099339 3.1099339 3.1099339 3.1099339 3.1099339 3.1099339 3.1099339 3.59995 3.59995 3.59995 3.59995 3.59995 3.59995 3.59995 3.59995 3.59995 3.59995 3.59995 3.59995 3.3928378 3.3928378 2.994865 2.7381082 2.7381082 3.0486517 3.0486517 3.0486517 3.3928378 3.3928378 2.994865 2.994865 3.3310773 3.3310773 3.3310773 3.5159242 3.5159242 3.5159242 3.5159242 3.5159242 3.5159242 3.5159242 3.5159242 3.5159242 3.5159242 3.4297843 3.4297843 2.0364783 2.0451212 2.0451212 2.0451212 2.0451212 2.0451212 3.5159242 3.5159242 3.5159242
3.59995 3.59995 3.59995 3.59995 3.1099339 3.1099339 3.1099339 3.1099339 3.1099339 3.1099339 3.1099339 3.1099339 3.1099339 3.59995 3.59995 3.59995 3.59995 3.59995 3.59995 3.59995 3.59995 3.59995 3.59995 3.59995 3.3928378 2.994865 3.3928378 3.59995 3.0486517 3.0486517 2.7381082 3.0486517 3.0486517 3.3928378 3.3928378 3.3928378 3.5159242 3.5159242 3.0020728 3.5159242 3.5159242 3.5159242 3.5159242 3.5159242 3.5159242 3.5159242 3.5159242 3.5159242 3.5159242 3.4297843 3.4297843 2.0364783 2.0364783 2.0451212 1.791299 2.0451212 2.0451212 2.0451212 3.5159242 3.5159242
3.0486517 3.59995 3.59995 3.59995 3.1099339 3.1099339 3.1099339 3.1099339 3.1099339 3.1099339 3.1099339 3.1099339 3.1099339 3.1099339 3.1099339 3.59995 3.59995 3.59995 3.59995 3.59995 3.59995 3.59995 3.59995 3.59995 3.3928378 2.994865 3.3928378 3.0486517 3.0486517 3.0486517 2.7381082 2.7381082 3.0486517 3.0486517 3.3928378 3.3928378 3.5159242 3.5159242 3.0020728 3.5159242 3.5159242 3.5159242 3.5159242 3.5159242 3.5159242 3.5159242 3.5159242 3.5159242 3.4297843 3.4297843 3.4297843 3.4297843 3.5159242 2.0451212 2.0451212 2.0451212 2.0451212 2.0451212 2.0451212 3.5159242
3.0486517 3.59995 3.59995 3.59995 3.59995 3.1099339 3.1099339 3.1099339 3.1099339 3.1099339 3.1099339 3.1099339 3.1099339 3.1099339 3.1099339 3.1099339 3.59995 3.59995 3.59995 3.59995 3.59995 3.59995 3.59995 3.59995 3.3928378 3.3928378 3.0486517 3.0486517 3.0486517 3.0486517 2.7381082 2.7381082 2.7381082 1.9946245 3.0486517 3.59995 3.5159242 3.0020728 3.5159242 3.5159242 3.5159242 3.5159242 3.5159242 3.5159242 3.5159242 3.5159242 3.5159242 3.5159242 3.5159242 3.4297843 3.4297843 3.5159242 3.5159242 2.0451212 2.0451212 2.0451212 1.791299 2.0451212 2.0451212 2.0451212
2.0964851 3.59995 3.59995 3.59995 3.59995 3.59995 3.59995 3.1099339 3.1099339 3.1099339 3.1099339 3.1099339 3.1099339 3.1099339 3.1099339 3.1099339 3.1099339 3.1099339 3.59995 3.59995 3.59995 3.59995 3.59995 3.59995 3.59995 3.59995 3.0486517 3.0486517 3.0486517 2.7381082 2.7381082 2.7381082 2.7381082 3.0486517 3.0486517 3.59995 3.0020728 3.5159242 3.5159242 3.5159242 3.5159242 3.5159242 3.5159242 3.5159242 3.5159242 3.5159242 3.5159242 3.5159242 3.5159242 3.5159242 3.5159242 3.5159242 3.5159242 3.5159242 3.5159242 2.0451212 1.791299 2.0451212 2.0451212 2.0451212
2.0964851 3.59995 3.59995 3.59995 3.59995 3.59995 3.59995 3.59995 3.1099339 3.1099339 3.1099339 3.1099339 3.1099339 3.1099339 3.1099339 3.1099339 3.1099339 3.1099339 3.1099339 3.1099339 3.59995 3.59995 3.59995 3.59995 3.59995 3.0486517 3.0486517 2.7381082 2.7381082 2.7381082 2.7381082 2.7381082 2.7381082 3.0486517 3.3928378 3.3928378 3.0020728 3.5159242 3.5159242 3.5159242 3.5159242 3.5159242 3.5159242 3.5159242 3.5159242 3.5159242 3.5159242 3.0486882 3.0486882 3.0486882 3.0486882 3.0486882 3.5159242 3.5159242 3.5159242 3.5159242 2.0451212 2.0451212 2.0451212 2.0364792
2.0964851 2.0964851 3.59995 3.59995 3.59995 3.0486517 3.0486517 3.59995 3.59995 3.1099339 3.1099339 3.1099339 3.1099339 3.1099339 3.1099339 3.1099339 3.1099339 3.1099339 3.1099339 3.1099339 3.59995 3.59995 3.59995 3.59995 3.0486517 3.0486517 3.0486517 2.7381082 2.7381082 2.7381082 2.7381082 2.7381082 2.7381082 3.0486517 3.0486517 3.0486517 3.4297843 3.5159242 3.5159242 3.5159242 3.5159242 3.5159242 3.0486882 3.0486882 3.0486882 3.0486882 3.0486882 3.0486882 3.0486882 3.0486882 3.0486882 3.0486882 3.0486882 3.5159242 3.5159242 3.5159242 2.0451212 2.0451212 2.0451212 2.0451212
2.0964851 2.0964851 2.0964851 3.0486517 3.0486517 3.0486517 2.7381082 3.0486517 2.0964851 3.1099339 3.1099339 3.1099339 3.1099339 3.1099339 3.1099339 3.1099339 3.1099339 3.1099339 3.1099339 3.1099339 3.59995 3.59995 3.59995 3.59995 3.0486517 3.0486517 3.0486517 3.0486517 2.7381082 2.7381082 1.9946245 1.9946245 3.0486517 3.0486517 3.0486517 3.49975 3.4297843 3.0486882 3.0486882 3.5159242 3.5159242 3.0486882 3.0486882 3.0486882 3.0486882 3.0486882 3.0486882 3.0486882 3.0486882 3.0486882 3.0486882 3.0486882 3.0486882 3.5159242 3.5159242 3.5159242 2.0451212 2.0451212 2.0451212 2.0364792
2.0964851 2.0964851 2.0964851 1.9946245 2.0861702 1.9946245 2.7381082 1.9946245 1.9946245 3.1099339 3.1099339 3.1099339 3.1099339 2.7177365 3.1099339 3.1099339 3.1099339 3.1099339 3.1099339 3.1099339 3.1099339 3.1099339 3.59995 3.59995 3.59995 3.0486517 3.0486517 3.0486517 3.0486517 2.7381082 3.0486517 1.9946245 3.0486517 3.3928378 3.0486517 3.49975 2.7053797 3.0486882 3.0486882 3.0486882 3.0486882 3.0486882 3.0486882 3.0486882 3.0486882 3.0486882 3.0486882 3.0486882 3.0486882 3.0486882 3.0486882 3.0486882 3.0486882 3.5159242 2.0451212 2.0451212 2.0451212 2.0451212 2.0364792 2.0451212
2.0964851 2.0964851 2.0861702 2.0861702 2.0861702 2.0861702 2.7381082 1.9946245 1.9946245 3.1099339 3.1099339 3.1099339 3.1099339 3.1099339 2.7177365 3.1099339 3.1099339 3.1099339 3.1099339 3.1099339 3.1099339 3.1099339 3.1099339 3.59995 3.59995 3.59995 3.59995 3.0486517 3.0486517 3.0486517 3.0486517 3.0486517 2.0964851 3.59995 3.0486517 3.0486517 2.7053797 2.7053797 3.0486882 3.0486882 3.0486882 3.0486882 3.0486882 3.0486882 3.0486882 3.0486882 3.0486882 3.0486882 3.0486882 3.0486882 3.0486882 3.0486882 3.0486882 3.5159242 2.0451212 2.0451212 2.0451212 2.0451212 2.0451212 2.0451212
2.0964851 2.0964851 2.0861702 2.0861702 2.0861702 1.9946245 1.9946245 1.9946245 2.7381082 3.1099339 3.1099339 3.1099339 3.1099339 3.1099339 3.1099339 2.7177365 2.7177365 3.1099339 3.1099339 3.1099339 3.1099339 3.1099339 3.1099339 3.1099339 3.59995 3.59995 3.59995 3.59995 3.0486517 3.0486517 3.3928378 3.3928378 2.0964851 3.0486517 3.0486517 2.7381082 1.9508004 3.0486882 3.0486882 3.0486882 3.0486882 3.0486882 3.0486882 3.0486882 3.0486882 3.0486882 3.0486882 3.0486882 3.0486882 3.0486882 2.9370618 2.9370618 2.9370618 3.3310773 3.5159242 3.5159242 3.5159242 3.0486882 3.0486882 3.0486882
3.59995 2.0964851 2.0964851 2.0964851 2.0861702 1.9946245 1.9946245 1.9946245 2.7381082 2.994865 3.1099339 3.1099339 3.1099339 3.1099339 3.1099339 3.1099339 3.1099339 3.1099339 3.1099339 3.1099339 3.1099339 3.1099339 3.1099339 3.1099339 3.1099339 3.1099339 2.994865 3.3928378 3.59995 3.3928378 3.3928378 3.59995 3.59995 1.9946245 2.7381082 2.7381082 1.9508004 3.0486882 3.0486882 2.6612108 2.7053797 2.7053797 3.0486882 3.0486882 3.0486882 3.0486882 3.0486882 3.0486882 3.0486882 3.0486882 3.0044456 3.0044456 3.4297843 3.3310773 3.5159242 3.5159242 3.0486882 3.0486882 3.0486882 3.0486882
3.59995 1.8422133 2.0964851 2.0964851 2.0964851 1.8422133 1.9946245 1.9946245 1.9946245 2.994865 3.1099339 3.1099339 3.1099339 3.1099339 3.1099339 3.1099339 3.1099339 3.1099339 3.1099339 3.1099339 3.1099339 3.1099339 3.1099339 3.1099339 3.1099339 3.1099339 2.0632496 2.994865 3.1099339 3.59995 3.3928378 3.59995 3.59995 2.0964851 2.7381082 1.9946245 1.9508004 3.0486882 3.0486882 2.6612108 2.7053797 2.7053797 2.7053797 2.7053797 2.9370618 2.9370618 3.0486882 3.0486882 3.0486882 3.0486882 3.0044456 3.0044456 3.4297843 3.5159242 3.5159242 3.5159242 3.0486882 3.0486882 3.0486882 3.0486882
3.59995 3.59995 3.1618774 1.8422133 1.8422133 1.8422133 1.9946245 1.9946245 1.9946245 2.0964851 3.1099339 3.1099339 3.1099339 2.7381082 1.9946245 2.0964851 2.0964851 3.1099339 3.1099339 3.1099339 3.1099339 3.1099339 3.1099339 3.1099339 2.0964851 2.0964851 2.0964851 2.0964851 2.0964851 2.0964851 3.3928378 3.59995 3.0486517 2.7381082 2.7381082 1.9946245 2.0451212 3.0486882 3.0486882 2.7053797 2.7053797 2.7053797 2.7053797 2.9370618 2.9370618 2.9370618 2.7053797 3.0486882 3.0486882 3.0486882 3.0486882 3.5159242 3.5159242 3.5159242 3.5159242 3.5159242 3.0486882 3.0486882 3.0486882 3.0486882
3.59995 3.59995 3.59995 3.59995 3.59995 2.0964851 2.0964851 1.8422133 1.8422133 2.0964851 2.0964851 2.0964851 2.0964851 1.9946245 1.9946245 2.0964851 2.0964851 2.0964851 2.0964851 2.0964851 2.0964851 2.0964851 2.0964851 2.0964851 2.0964851 2.0964851 2.0964851 2.0964851 2.0632496 2.0632496 3.3928378 3.0486517 1.9946245 2.7381082 2.7381082 2.0964851 2.0451212 3.0486882 3.0486882 2.7053797 2.7053797 2.9370618 2.9370618 2.9370618 3.0486882 2.7053797 2.7053797 3.0486882 3.0486882 3.0486882 3.0486882 3.5159242 3.5159242 3.5159242 3.5159242 3.5159242 3.0486882 3.0486882 3.0486882 3.0486882
3.59995 3.59995 3.59995 3.59995 3.59995 3.59995 2.0964851 1.8422133 1.8422133 1.8422133 1.8422133 1.8422133 1.9946245 1.9946245 2.7381082 3.1099339 2.0964851 2.0964851 2.0964851 2.0964851 2.0964851 2.0964851 2.0964851 2.0964851 2.0964851 2.0964851 2.0964851 2.0632496 2.0632496 2.0964851 2.0964851 2.0632496 1.9946245 1.9946245 1.9946245 2.0964851 2.0451212 3.0486882 3.0486882 2.7053797 2.7053797 2.9370618 3.0044456 3.0044456 3.0044456 3.0486882 2.7053797 2.7053797 3.0486882 3.0486882 3.0486882 3.0486882 3.0486882 3.5159242 3.0486882 3.0486882 3.0486882 3.0486882 3.0486882 3.0486882
3.59995 3.59995 3.59995 3.59995 3.59995 3.59995 3.59995 2.0964851 1.8422133 1.8422133 1.8422133 1.8422133 1.8422133 1.8422133 1.8422133 1.8422133 2.0964851 2.0964851 2.0964851 2.0964851 2.0964851 2.0964851 2.0964851 2.0964851 2.0964851 2.0964851 2.0964851 2.0632496 2.0632496 2.0964851 2.0632496 2.0632496 2.0632496 1.9946245 1.9946245 2.0964851 2.0451212 3.0486882 3.0486882 2.7053797 2.7053797 2.9370618 3.0044456 3.0044456 3.0044456 3.0486882 2.7053797 2.7053797 2.7053797 2.9370618 2.9370618 3.0486882 3.0486882 3.0486882 3.0486882 3.0486882 3.0486882 3.0486882 3.0486882 3.0486882
3.59995 3.59995 3.59995 3.59995 3.59995 3.59995 3.59995 2.0964851 2.0964851 1.8422133 1.8422133 1.8422133 1.8422133 1.8422133 1.8422133 1.8422133 1.8422133 2.0964851 2.0964851 2.0964851 2.0964851 2.0964851 2.0964851 2.0964851 2.0964851 2.0964851 2.0632496 2.0632496 2.0964851 2.0964851 2.0632496 2.0632496 2.0964851 2.0632496 2.0632496 2.0632496 2.9370618 2.7053797 2.7053797 2.7053797 2.9370618 2.9370618 3.0044456 3.0044456 3.0044456 2.7053797 2.9370618 2.9370618 2.9370618 2.9370618 2.9370618 3.0486882 3.0486882 3.0486882 3.0486882 3.0486882 3.0486882 3.0486882 3.0486882 3.0486882
3.59995 3.59995 3.59995 3.49975 3.59995 3.59995 3.59995 2.0964851 2.0964851 2.0964851 2.0964851 1.8422133 1.8422133 1.8422133 1.8422133 2.0964851 2.0964851 2.0964851 2.0964851 2.0964851 2.0964851 2.0964851 2.0964851 2.0964851 2.0964851 2.0964851 2.0632496 2.0964851 2.0964851 2.0964851 2.0632496 2.0964851 2.0964851 2.0964851 2.0964851 2.0964851 2.9370618 2.9370618 3.0044456 3.0044456 2.9370618 2.7053797 2.7053797 2.7053797 2.7053797 2.9370618 2.9370618 2.9370618 3.0486882 3.0486882 3.0486882 3.0486882 3.0486882 3.0486882 3.0486882 3.0486882 3.0486882 3.0486882 3.0486882 3.0486882
3.59995 3.59995 3.49975 3.49975 3.49975 3.59995 2.0964851 2.0964851 2.0964851 2.0964851 2.0964851 2.0964851 2.0964851 2.0964851 2.0964851 2.0964851 2.0964851 3.1099339 2.0964851 2.0964851 2.0964851 2.0964851 2.0964851 2.0964851 2.0964851 2.0632496 2.0632496 2.0964851 2.0964851 2.0632496 2.0632496 2.0964851 2.0964851 2.0964851 2.0964851 3.1099339 2.9370618 2.9370618 3.0044456 3.0044456 2.9370618 3.0486882 3.0486882 2.7053797 2.7053797 3.0486882 3.0486882 3.0486882 3.0486882 3.0486882 3.0486882 3.0486882 3.0486882 3.0486882 3.0486882 3.0486882 3.0486882 3.0486882 3.0486882 3.0486882
3.59995 3.59995 3.49975 3.49975 3.49975 3.59995 2.0964851 3.59995 2.0964851 2.0964851 2.0964851 2.0964851 2.0964851 2.0964851 3.1099339 3.1099339 3.59995 3.59995 2.0964851 2.0964851 2.0964851 2.0964851 2.0861702 2.0861702 2.0861702 2.0632496 2.0632496 2.0964851 2.0964851 2.0632496 2.0964851 2.0964851 2.0964851 2.0964851 2.0964851 2.994865 2.9370618 2.9370618 3.0486882 3.0486882 3.0486882 3.0486882 3.0486882 3.0486882 3.0486882 3.0486882 3.0486882 3.0486882 3.0486882 3.0486882 3.0486882 3.0486882 3.0486882 3.0486882 3.0486882 3.0486882 3.0486882 3.0486882 3.0486882 3.0486882
3.49975 3.59995 3.59995 3.59995 3.59995 3.59995 3.59995 3.59995 2.0964851 2.0964851 2.0964851 2.0964851 2.0964851 3.1099339 3.1099339 3.59995 3.59995 3.59995 2.0964851 2.0964851 2.0964851 2.994865 2.0861702 2.0861702 2.0861702 2.0632496 2.0632496 2.0964851 2.0632496 2.0632496 2.0964851 2.0964851 2.0964851 2.0632496 2.0632496 2.0632496 2.9370618 2.9370618 2.9370618 3.0486882 3.0486882 3.0486882 3.0486882 3.0486882 3.0486882 3.0486882 3.0486882 3.0486882 3.0486882 3.0486882 3.0486882 3.0486882 3.0486882 3.0486882 3.0486882 3.036836 2.0434892 2.0451212 3.0486882 3.0486882
3.1099339 3.59995 3.59995 3.59995 3.59995 3.59995 3.59995 3.59995 3.59995 2.0964851 2.0964851 2.0964851 2.0964851 2.0964851 2.0964851 3.59995 3.59995 3.59995 2.0964851 2.0964851 2.0964851 2.0964851 2.0632496 2.0632496 2.0632496 2.0632496 2.0632496 2.0632496 2.0632496 2.0632496 2.0964851 2.0964851 2.0964851 2.0632496 2.0632496 2.994865 2.9370618 2.9370618 2.9370618 3.0486882 3.0486882 3.0486882 3.0486882 3.0486882 3.0486882 3.0486882 3.0486882 3.0486882 3.0486882 3.0486882 3.0044456 3.0044456 3.0044456 3.0486882 3.0486882 2.0434892 2.0434892 2.0451212 3.0486882 3.0486882
3.1099339 3.1099339 3.1099339 3.59995 3.59995 3.59995 3.59995 3.59995 3.59995 2.0964851 2.0964851 2.0964851 2.0964851 2.0964851 2.0964851 2.0964851 3.59995 3.59995 2.0964851 2.0964851 2.0964851 2.0632496 2.0632496 2.0632496 2.0632496 2.0632496 2.0861702 2.0632496 2.0632496 2.0964851 2.0964851 2.0964851 2.0964851 2.0632496 2.994865 2.994865 2.9370618 2.9370618 2.9370618 3.0486882 3.0486882 3.0486882 3.0486882 3.0486882 3.0486882 3.0486882 3.0486882 3.0486882 3.0044456 3.0486882 3.0044456 3.0044456 3.0044456 3.0486884 3.036836 2.0434892 2.0434892 2.0434892 3.0486882 3.0486882
3.1099339 3.1099339 3.1099339 3.59995 3.59995 3.59995 3.59995 3.59995 3.59995 2.0964851 2.0861702 2.0861702 2.0861702 2.0964851 2.0964851 2.0964851 2.0964851 2.0964851 3.59995 2.0964851 2.0964851 2.0964851 2.0964851 2.0964851 2.0964851 1.9946245 1.9946245 2.0632496 2.0632496 2.0632496 2.0632496 2.0964851 2.0964851 2.0632496 2.0632496 2.994865 2.9370618 2.9370618 2.9370618 2.9370618 2.7053797 3.0486882 2.7053797 3.0486882 3.0486882 3.0486882 3.0486882 3.0486882 3.0044456 3.0486882 3.0486884 3.0044456 3.0044456 3.0486884 3.036836 2.0434892 2.0434892 2.0434892 2.0451212 3.0486882
