Export/ASCII/RMeteo_tot/p2_sum_tot.asc
ncols         660
nrows         338
xllcorner     1476100.0
yllcorner     5017100.0
cellsize      100
NODATA_value  -9999
[rows 162 to 188 of 338, columns 300 to 359 of 660]
3.559766 3.559766 3.559766 3.559766 3.775709 3.559766 3.1131005 3.1131005 3.1131005 2.8273282 2.8273282 2.8273282 3.1131005 3.559766 3.7964714 3.6805167 3.6805167 3.7964714 3.7530441 3.7530441 3.7530441 3.7530441 3.7530441 3.7530441 3.1645968 3.176573 3.176573 3.0976543 3.0976543 3.2223547 3.2223547 3.2223547 3.2223547 3.2223547 3.2223547 3.7530441 3.6438284 3.6438284 3.1645968 2.8229494 2.8229494 2.8229494 2.8229494 2.8229494 2.8229494 2.8229494 2.8229494 2.8229494 2.8229494 2.8229494 2.8229494 2.8229494 2.8229494 2.8229494 3.0976543 3.0976543 3.0976543 2.8229494 2.8229494 2.8229494
3.1131005 3.1131005 3.559766 3.1827319 3.2344947 3.559766 3.559766 3.1131005 3.246276 3.246276 2.8273282 2.8273282 3.1827319 3.1827319 3.7964714 3.7964714 0.0 3.7964714 3.7530441 3.7530441 3.7530441 3.6438284 3.6438284 3.1645968 3.1645968 3.5286777 3.0976543 3.0976543 3.0976543 3.2223547 3.2223547 3.2223547 3.2223547 3.2223547 3.2223547 3.7530441 3.6438284 3.6438284 3.1645968 2.8229494 2.8229494 2.8229494 2.8229494 2.8229494 2.8229494 2.8229494 2.8229494 2.8229494 2.8229494 2.8229494 2.8229494 2.8229494 2.8229494 2.8229494 2.8229494 2.8229494 2.8229494 2.8229494 2.8229494 2.8229494
3.1131005 3.1131005 3.559766 3.1827319 3.775709 3.775709 3.1131005 2.8273282 2.8273282 2.8273282 2.8273282 2.8273282 2.8273282 3.1827319 3.1827319 3.1827319 3.7964714 0.0 3.5286777 3.5286777 3.7530441 3.7530441 3.1645968 3.1645968 2.8229494 2.8229494 3.0976543 3.0976543 3.0976543 3.176573 3.2223547 3.2223547 3.2223547 3.2223547 3.2223547 3.1645968 3.1645968 3.1645968 2.8229494 2.8229494 2.8229494 2.8229494 2.8229494 2.8229494 2.8229494 2.8229494 2.8229494 2.8229494 2.8229494 2.8229494 2.8229494 2.8229494 2.8229494 2.8229494 2.8229494 2.8229494 2.8229494 2.8229494 2.8229494 2.8229494
3.559766 3.559766 3.559766 3.559766 3.559766 3.559766 3.1131005 2.8273282 2.8273282 2.8273282 2.8273282 2.8273282 2.8273282 2.8273282 3.1827319 3.1827319 3.7964714 3.7964714 3.5286777 3.5286777 3.5286777 3.5286777 3.5286777 3.1645968 2.8229494 2.8229494 3.0976543 3.0976543 3.0976543 3.176573 3.176573 3.2223547 3.0976543 2.8229494 2.8229494 2.8229494 2.8229494 2.8229494 2.8229494 2.8229494 3.0976543 2.8229494 2.8229494 2.8229494 2.8229494 2.8229494 2.8229494 2.8229494 2.8229494 2.8229494 2.8229494 2.8229494 2.8229494 2.8229494 2.8229494 2.8229494 2.8229494 2.8229494 2.8229494 2.8229494
3.559766 3.559766 3.559766 3.559766 3.1131005 3.1131005 3.1131005 2.8273282 2.8273282 2.8273282 2.8273282 2.8273282 2.8273282 2.8273282 3.1827319 3.1827319 3.1827319 3.7964714 3.7530441 3.1645968 3.0976543 3.0976543 3.1645968 2.8229494 2.8229494 2.8229494 3.0976543 3.0976543 3.0976543 3.5286777 3.0976543 3.0976543 3.0976543 3.0976543 2.8229494 2.8229494 2.8229494 3.0976543 2.8229494 3.0976543 2.8229494 2.8229494 2.8229494 2.8229494 2.8229494 2.8229494 2.8229494 3.2223547 2.8229494 2.8229494 2.8229494 2.8229494 2.8229494 2.8229494 2.8229494 2.8229494 2.8229494 2.8229494 2.8229494 2.8229494
3.559766 3.559766 3.559766 3.1131005 3.1131005 3.1131005 3.1131005 2.8273282 2.8273282 2.8273282 2.8273282 3.246276 2.8273282 2.8273282 2.8273282 2.8273282 2.8273282 3.1131005 3.5286777 3.1645968 3.0976543 3.0976543 2.8229494 2.8229494 2.8229494 2.8229494 2.8229494 3.5286777 3.5286777 3.5286777 3.5286777 3.5286777 3.0976543 3.0976543 2.8229494 2.8229494 3.0976543 2.8229494 2.8229494 2.8229494 2.8229494 2.8229494 2.8229494 2.8229494 2.8229494 2.8229494 2.8229494 2.8229494 3.2223547 3.2223547 3.2223547 2.8229494 2.8229494 2.8229494 2.8229494 3.2223547 2.8229494 2.8229494 2.8229494 2.8229494
3.6805167 3.6805167 3.559766 3.559766 3.1131005 3.1131005 3.1131005 2.8273282 2.8273282 2.8273282 2.8273282 2.8273282 2.8273282 2.8273282 2.8273282 2.8273282 3.1131005 3.559766 3.5286777 3.5286777 3.0976543 3.0976543 3.0976543 3.2223547 3.2223547 3.2223547 2.8229494 3.6438284 3.5286777 3.5286777 3.5286777 3.5286777 3.7530441 3.0976543 2.8229494 2.8229494 2.8229494 2.8229494 2.8229494 3.0976543 2.8229494 2.8229494 2.8229494 2.8229494 2.8229494 2.8229494 2.8229494 2.8229494 3.2223547 3.2223547 3.2223547 3.2223547 2.8229494 2.8229494 2.8229494 2.8229494 2.8229494 2.8229494 2.8229494 2.8229494
3.6805167 3.6805167 3.7964714 3.559766 3.7964714 3.559766 3.1131005 2.8273282 2.8273282 2.8273282 2.8273282 2.8273282 2.8273282 2.8273282 2.8273282 3.1827319 3.559766 3.559766 3.0976543 3.0976543 3.0976543 3.0976543 3.0976543 3.0976543 3.2223547 3.7530441 3.7530441 3.6438284 3.7530441 3.5286777 3.5286777 3.5286777 3.5286777 3.0976543 3.0976543 3.0976543 3.0976543 3.0976543 3.0976543 3.0976543 2.8229494 2.8229494 2.8229494 2.8229494 2.8229494 2.8229494 2.8229494 2.8229494 3.2223547 3.2223547 3.2223547 2.8229494 2.8229494 2.8229494 2.8229494 2.8229494 2.8229494 2.8229494 3.2223547 3.2223547
3.6805167 3.6805167 3.7964714 3.7964714 3.6805167 3.559766 3.559766 2.8273282 2.8273282 2.8273282 2.8273282 2.8273282 2.8273282 2.8273282 2.8273282 3.559766 3.559766 3.559766 3.0976543 3.0976543 3.0976543 3.5286777 3.5286777 3.5286777 3.7530441 3.5286777 3.5286777 3.5286777 3.5286777 3.5286777 3.5286777 3.0976543 3.0976543 3.0976543 3.0976543 3.0976543 3.0976543 3.0976543 3.0976543 3.0976543 3.0976543 3.0976543 2.8229494 2.8229494 2.8229494 2.8229494 2.8229494 2.8229494 3.2223547 3.2223547 3.2223547 2.8229494 2.8229494 2.8229494 2.8229494 2.8229494 2.8229494 2.8229494 3.2223547 3.2223547
3.7964714 3.7964714 3.7964714 3.6805167 3.6805167 3.6805167 3.559766 2.8273282 2.8273282 2.8273282 2.8273282 2.8273282 3.1131005 3.246276 2.8273282 3.1131005 3.559766 3.559766 3.5286777 3.5286777 3.5286777 3.5286777 3.5286777 3.5286777 3.5286777 3.5286777 3.0976543 3.0976543 3.0976543 3.0976543 3.0976543 3.0976543 3.0976543 3.0976543 3.0976543 3.0976543 3.0976543 3.2223547 3.0976543 3.0976543 3.0976543 3.0976543 2.8229494 2.8229494 2.8229494 2.8229494 2.8229494 2.8229494 2.8229494 2.8229494 2.8229494 2.8229494 2.8229494 2.8229494 2.8229494 2.8229494 2.8229494 2.8229494 2.8229494 3.176573
3.1827319 3.1963806 3.1963806 3.1827319 3.6805167 3.6805167 3.559766 3.1827319 3.1827319 3.1827319 3.1131005 3.1131005 3.1131005 3.246276 3.246276 3.1131005 3.559766 3.559766 3.5286777 3.5286777 3.5286777 3.5286777 3.5286777 3.0976543 3.0976543 3.0976543 3.0976543 3.0976543 3.2223547 3.0976543 3.0976543 3.0976543 3.0976543 3.0976543 3.0976543 3.0976543 3.0976543 3.0976543 3.0976543 3.0976543 2.8229494 3.2223547 2.8229494 2.8229494 2.8229494 2.8229494 2.8229494 2.8229494 2.8229494 2.8229494 2.8229494 2.8229494 2.8229494 2.8229494 2.8229494 2.8229494 2.8229494 2.8229494 2.8229494 2.8229494
2.8273282 2.8273282 2.8273282 2.8273282 3.1827319 3.7964714 3.7964714 3.7964714 3.7964714 3.559766 3.559766 3.559766 3.559766 3.1131005 3.1131005 3.246276 3.1131005 3.559766 3.5286777 3.5286777 3.5286777 3.5286777 3.5286777 3.5286777 3.0976543 3.2223547 3.2223547 2.8229494 2.8229494 3.0976543 3.5286777 3.5286777 3.0976543 3.5286777 3.5286777 3.0976543 3.0976543 3.0976543 3.0976543 3.0976543 3.0976543 3.0976543 2.8229494 2.8229494 2.8229494 2.8229494 2.8229494 2.8229494 2.8229494 2.8229494 2.8229494 2.8229494 2.8229494 2.8229494 2.8229494 2.8229494 2.8229494 2.8229494 2.8229494 2.8229494
2.8273282 2.8273282 2.8273282 2.8273282 2.8273282 3.1827319 3.1827319 3.7964714 3.1827319 3.559766 3.559766 3.559766 3.559766 3.559766 3.559766 3.1131005 3.1131005 3.1131005 3.5286777 3.5286777 3.5286777 3.1645968 3.1645968 3.1645968 3.7530441 3.2223547 3.2223547 3.1645968 3.7530441 3.5286777 3.5286777 3.5286777 3.5286777 3.5286777 3.5286777 3.5286777 3.0976543 3.0976543 3.0976543 3.0976543 3.0976543 3.0976543 3.0976543 2.8229494 2.8229494 2.8229494 2.8229494 2.8229494 2.8229494 2.8229494 2.8229494 2.8229494 2.8229494 2.8229494 2.8229494 2.8229494 2.8229494 2.8229494 2.8229494 2.8229494
3.1827319 2.8273282 2.8273282 2.8273282 2.8273282 3.1827319 3.1827319 3.7964714 3.7964714 3.559766 3.559766 3.559766 3.559766 3.7964714 3.559766 3.559766 3.559766 3.559766 3.5286777 3.5286777 3.1645968 3.1645968 3.1645968 3.1645968 3.7530441 3.6438284 3.6438284 3.6438284 3.7530441 3.1645968 3.1645968 3.1645968 3.5286777 3.5286777 3.7530441 3.5286777 3.0976543 3.0976543 3.0976543 3.0976543 3.0976543 3.0976543 3.0976543 2.8229494 2.8229494 2.8229494 2.8229494 2.8229494 2.8229494 2.8229494 2.8229494 2.8229494 2.8229494 2.8229494 2.8229494 2.8229494 2.8229494 2.8229494 2.8229494 2.8229494
3.1827319 2.8273282 2.8273282 2.8273282 3.1827319 3.1827319 3.7964714 3.559766 3.559766 3.559766 3.1827319 3.559766 3.559766 3.7964714 3.7964714 3.7964714 3.7964714 3.7964714 3.7530441 3.1645968 3.1645968 3.1645968 3.1645968 3.1645968 3.7530441 3.6438284 3.6438284 3.7530441 3.7530441 3.1645968 3.1645968 3.1645968 3.3178954 3.176573 3.7530441 3.5286777 3.0976543 3.0976543 3.0976543 3.0976543 3.0976543 3.0976543 3.0976543 3.0976543 2.8229494 2.8229494 2.8229494 2.8229494 2.8229494 2.8229494 2.8229494 2.8229494 2.8229494 2.8229494 2.8229494 2.8229494 2.8229494 2.8229494 2.8229494 2.8229494
2.8273282 2.8273282 2.8273282 2.8273282 3.1827319 3.1827319 3.1827319 3.1827319 3.559766 3.559766 3.1827319 3.1827319 3.559766 3.7964714 3.1827319 3.1827319 3.7964714 3.7964714 3.1645968 3.1645968 3.1645968 3.1645968 3.1645968 3.7530441 3.7530441 3.7530441 3.7530441 3.7530441 3.6438284 3.1645968 3.1645968 3.1645968 3.3178954 3.6438284 3.7530441 3.5286777 3.5286777 3.0976543 3.0976543 2.8229494 3.0976543 3.0976543 3.0976543 3.0976543 2.8229494 2.8229494 2.8229494 2.8229494 2.8229494 2.8229494 2.8229494 2.8229494 2.8229494 2.8229494 2.8229494 2.8229494 2.8229494 2.8229494 2.8229494 2.8229494
3.246276 2.8273282 2.8273282 2.8273282 2.8273282 3.1827319 3.1827319 3.1827319 3.559766 3.1131005 2.8273282 2.8273282 3.559766 3.559766 3.7964714 3.7964714 3.7964714 3.7964714 3.1645968 3.1645968 3.7530441 3.7530441 3.7530441 3.7530441 2.8229494 3.7530441 3.7530441 3.7530441 3.6438284 3.6438284 3.7530441 3.7530441 3.1645968 3.1645968 3.7530441 3.7530441 3.5286777 3.0976543 2.8229494 3.0976543 3.0976543 3.0976543 3.0976543 3.0976543 3.0976543 2.8229494 2.8229494 2.8229494 2.8229494 2.8229494 2.8229494 2.8229494 2.8229494 2.8229494 2.8229494 2.8229494 2.8229494 2.8229494 2.8229494 2.8229494
3.1963806 3.1963806 2.8273282 2.8273282 2.8273282 2.8273282 2.8273282 3.1827319 3.1827319 3.559766 2.8273282 2.8273282 3.1131005 3.559766 3.775709 3.7964714 3.7964714 3.7964714 3.7530441 3.7530441 3.7530441 3.7530441 3.7530441 2.8229494 2.8229494 3.7530441 3.7530441 3.7530441 3.7530441 3.7530441 3.7530441 3.7530441 3.1645968 2.8229494 3.176573 3.7530441 3.5286777 3.5286777 2.8229494 3.0976543 3.0976543 3.0976543 3.0976543 3.0976543 3.0976543 2.8229494 2.8229494 2.8229494 2.8229494 2.8229494 2.8229494 2.8229494 2.8229494 2.8229494 2.8229494 2.8229494 2.8229494 3.2223547 3.2223547 3.0976543
3.1963806 3.1963806 3.246276 2.8273282 2.8273282 2.8273282 2.8273282 2.8273282 3.1827319 3.1827319 2.8273282 2.8273282 3.1131005 3.559766 3.559766 3.1827319 3.1827319 3.1827319 3.1645968 3.7530441 3.7530441 3.7530441 2.8229494 2.8229494 2.8229494 3.7530441 3.7530441 3.7530441 3.7530441 3.7530441 3.7530441 2.8229494 2.8229494 2.8229494 3.176573 3.7530441 3.7530441 3.5286777 2.8229494 3.0976543 3.0976543 3.0976543 3.0976543 3.0976543 3.0976543 3.0976543 2.8229494 2.8229494 2.8229494 2.8229494 2.8229494 2.8229494 2.8229494 2.8229494 3.2223547 3.2223547 3.0976543 2.8229494 3.0976543 3.0976543
3.246276 3.246276 3.246276 3.246276 2.8273282 2.8273282 2.8273282 2.8273282 2.8273282 2.8273282 2.8273282 2.8273282 2.8273282 2.8273282 2.8273282 2.8273282 2.8273282 2.8273282 3.1645968 3.7530441 3.7530441 2.8229494 2.8229494 2.8229494 2.8229494 2.8229494 3.7530441 3.7530441 3.7530441 2.8229494 2.8229494 3.176573 3.2223547 2.8229494 3.2223547 3.211437 3.211437 2.8229494 3.0976543 3.0976543 3.0976543 3.0976543 3.0976543 2.8229494 2.8229494 3.0976543 2.8229494 2.8229494 3.0976543 3.0976543 2.8229494 2.8229494 2.8229494 3.0976543 3.0976543 2.8229494 2.8229494 2.8229494 2.8229494 2.8229494
3.1958222 3.1958222 3.1852136 3.1958222 2.7958796 2.7958796 2.7958796 3.1958222 2.7958796 2.7958796 2.7958796 2.7958796 2.7958796 2.7958796 2.7958796 2.7958796 2.7958796 2.7958796 2.757252 2.757252 2.757252 2.757252 2.757252 2.757252 2.757252 2.757252 3.1389415 2.757252 2.757252 2.757252 2.757252 3.1389415 3.1389415 3.1389415 3.1389415 3.1301105 3.0219338 3.0219338 3.0219338 3.0219338 3.0994015 2.757252 2.757252 2.757252 2.757252 2.757252 2.757252 2.757252 3.0219338 3.0219338 3.0219338 2.757252 2.757252 3.0219338 2.757252 2.757252 2.757252 2.757252 2.757252 2.757252
3.1507113 3.1852136 3.1958222 3.1958222 3.1958222 3.0691934 2.7958796 2.7958796 3.0691934 3.0691934 2.7958796 2.7958796 2.7958796 3.0691934 2.7958796 2.7958796 2.7958796 2.7958796 2.757252 2.757252 2.757252 2.757252 3.0752487 2.757252 2.757252 2.757252 3.1389415 2.757252 2.757252 2.757252 2.757252 3.1389415 2.757252 2.757252 2.757252 2.757252 3.0219338 3.0219338 3.0219338 3.0219338 2.757252 2.757252 2.757252 2.757252 2.757252 2.757252 2.757252 2.757252 2.757252 3.0219338 3.0219338 2.757252 2.757252 2.757252 2.757252 2.757252 2.757252 2.757252 2.757252 2.757252
3.1507113 3.1507113 3.1958222 3.1958222 3.0691934 3.0691934 2.7958796 2.7958796 3.0691934 3.0691934 2.7958796 2.7958796 2.7958796 2.7958796 2.7958796 2.7958796 2.7958796 2.7958796 2.757252 2.757252 3.0752487 3.6490395 3.6490395 3.6490395 2.757252 2.757252 3.1389415 2.757252 2.757252 2.757252 2.757252 2.757252 2.757252 2.757252 2.757252 3.0219338 3.0219338 3.0219338 3.0219338 3.0219338 2.757252 2.757252 2.757252 2.757252 2.757252 3.0219338 2.757252 2.757252 3.0219338 3.0219338 2.757252 2.757252 2.757252 3.1389415 2.757252 2.757252 2.757252 2.757252 2.757252 2.757252
2.133764 2.7958796 2.8070161 3.1852136 3.0691934 3.0691934 3.0691934 3.0691934 3.0691934 2.7958796 2.7958796 2.7958796 2.7958796 2.7958796 2.7958796 2.7958796 3.0691934 2.7958796 3.0219338 2.757252 2.757252 3.6490395 3.6490395 3.6490395 3.6490395 3.6490395 2.757252 2.757252 2.757252 2.757252 3.0994015 3.0994015 2.757252 2.757252 2.757252 3.0219338 3.0219338 2.757252 3.0219338 3.0219338 2.757252 2.757252 2.757252 3.0219338 3.0219338 2.757252 3.0219338 3.0219338 3.0219338 3.0219338 2.757252 2.757252 2.757252 2.757252 2.757252 2.757252 2.757252 2.757252 2.757252 2.757252
2.0341814 2.0341814 2.7958796 2.7958796 3.1852136 3.0691934 3.0691934 2.7958796 3.0691934 3.0691934 3.0691934 2.7958796 2.7958796 2.7958796 2.7958796 2.7958796 3.0691934 3.0691934 3.0219338 2.757252 3.6490395 3.6490395 3.6490395 3.6490395 3.6490395 3.0752487 2.757252 2.757252 2.757252 3.0219338 3.1389415 2.757252 2.757252 2.757252 2.757252 2.757252 2.757252 2.757252 2.757252 3.0219338 2.757252 2.757252 3.0219338 3.0219338 3.0219338 3.0219338 3.0219338 3.0219338 3.0219338 3.0219338 3.0219338 2.757252 2.757252 2.757252 3.0219338 2.757252 2.757252 2.757252 2.757252 2.757252
2.0341814 2.0341814 2.0341814 3.1958222 3.0691934 3.0691934 3.0691934 3.0691934 3.0691934 3.0691934 3.0691934 2.7958796 2.7958796 2.7958796 2.7958796 2.7958796 3.0691934 3.0691934 3.0219338 3.0219338 3.6490395 3.6490395 3.6490395 3.6490395 3.0752487 2.757252 2.757252 2.757252 3.0219338 3.0219338 3.0219338 3.1389415 2.757252 2.757252 2.757252 2.757252 2.757252 2.757252 3.0219338 3.0219338 3.0219338 3.0219338 3.0219338 3.0219338 3.0219338 3.0219338 3.0219338 3.0219338 3.0219338 3.0219338 2.757252 2.757252 2.757252 3.0219338 3.0219338 3.0219338 2.757252 2.757252 2.757252 2.757252
2.7958796 2.0341814 2.0341814 2.0341814 2.1096816 3.0691934 3.0691934 3.0691934 3.0691934 3.0691934 3.0691934 3.0691934 3.1958222 3.1958222 2.7958796 3.0691934 3.0691934 3.0691934 3.0219338 3.0219338 3.6490395 3.6490395 3.6490395 3.0752487 3.0752487 2.757252 2.757252 3.0219338 3.0219338 3.0219338 3.0219338 2.757252 2.757252 2.757252 2.757252 2.757252 2.757252 3.0219338 3.0219338 3.0219338 3.0219338 3.0219338 3.0219338 3.0219338 3.0219338 3.0219338 3.0219338 3.0219338 3.0219338 3.0219338 3.1389415 3.0219338 3.0219338 3.0219338 3.0219338 3.0219338 2.757252 2.757252 2.757252 2.757252
