Export/ASCII/RMeteo_tot/p3_sum_tot.asc
ncols         660
nrows         338
xllcorner     1476150
yllcorner     5017150
cellsize      100
NODATA_value  -9999
[rows 175 to 199 of 338, columns 522 to 579 of 660]
2.0367253 2.0367253 3.5067172 3.5067172 3.5067172 2.0367253 2.0367253 2.0367253 2.0367253 3.5067172 3.5067172 3.5067172 3.5067172 3.5067172 2.9907308 2.9907308 2.9907308 2.9907308 2.9907308 3.5067172 3.5067172 2.9907308 2.9907308 2.9907308 2.9907308 2.9907308 2.9907308 2.9907308 3.5067172 2.9907308 2.9907308 2.6809473 2.6728637 2.6728637 1.9272124 1.9272124 1.9272124 1.9272124 2.0167043 2.0167043 2.0167043 2.0167043 2.0167043 2.0167043 2.0167043 3.4647436 3.4647436 3.4647436 3.4647436 3.4647436 3.4647436 3.4647436 3.4647436 3.042766 3.4647436 2.997569 2.997569 2.997569
2.0367253 2.0367253 2.0367253 2.9907308 2.9907308 3.5067172 2.0367253 2.0367253 2.0367253 3.5067172 2.9907308 2.9907308 2.9907308 2.9907308 2.9907308 2.9907308 2.9907308 3.5067172 3.5067172 3.5067172 3.5067172 2.9907308 2.9907308 2.9907308 2.9907308 2.9907308 3.5067172 2.9907308 3.5067172 2.9907308 2.9907308 2.6809473 2.6728637 2.6728637 2.9933703 1.9272124 1.9272124 2.0167043 2.0167043 2.0167043 2.0167043 2.0167043 2.0167043 2.0167043 3.4647436 3.4647436 3.4647436 3.4647436 3.4647436 3.4647436 3.4647436 3.4647436 3.4647436 3.4647436 2.9975696 2.997569 2.997569 2.997569
2.0367253 2.0367253 1.9407383 2.9907308 2.9907308 3.5067172 2.0367253 2.0367253 2.0367253 3.5067172 2.9907308 2.6809473 2.6809473 2.6809473 2.9907308 2.9907308 2.9907308 2.9907308 3.5067172 3.5067172 3.5067172 3.5067172 3.5067172 3.5067172 3.5067172 2.9907308 3.5067172 2.9907308 2.9907308 2.9907308 2.9907308 2.9907308 2.9933703 2.9933703 2.9933703 2.9933703 3.4647436 3.4647436 2.0167043 2.0167043 2.0167043 2.0167043 2.0167043 2.0167043 3.4647436 3.4647436 3.4647436 3.4647436 3.4647436 3.4647436 3.4647436 3.4647436 3.4647436 3.4647436 2.9975696 2.997569 2.997569 2.997569
2.0367253 2.0367253 2.0367253 1.9407383 2.9907308 3.5067172 3.5067172 2.0367253 2.0367253 2.0367253 2.9907308 2.6809473 2.9907308 2.9907308 2.9907308 2.9907308 2.9907308 2.9907308 3.5067172 3.5067172 3.5067172 3.5067172 3.5067172 3.5067172 3.5067172 3.5067172 3.5067172 2.9907308 2.9907308 2.9907308 2.9907308 2.9907308 2.9933703 3.4647436 3.4647436 3.4647436 3.4647436 2.9933703 2.9933703 2.0167043 2.0167043 2.0167043 2.0167043 3.4647436 3.4647436 3.4647436 3.4647436 3.4647436 3.4647436 3.4647436 3.4647436 3.4647436 3.4647436 2.9975696 2.9975696 2.997569 2.997569 2.997569
2.0367253 2.0367253 2.0367253 2.0367253 3.5067172 3.5067172 3.5067172 2.0367253 2.0367253 2.0367253 3.5067172 2.9907308 2.9907308 2.9907308 2.9907308 2.9907308 2.9907308 2.9907308 2.9907308 2.9907308 3.5067172 3.5067172 3.5067172 3.5067172 3.5067172 3.5067172 3.5067172 2.9907308 3.5067172 3.5067172 3.5067172 3.5067172 2.9933703 2.9933703 2.9933703 3.4647436 3.4647436 2.9933703 2.9933703 3.4647436 2.0167043 2.0167043 1.9272124 2.9933703 2.9933703 3.4647436 3.4647436 3.4647436 3.4647436 3.4647436 3.4647436 3.4647436 3.4647436 2.9975696 2.9975696 2.997569 2.997569 2.997569
2.0367253 2.0367253 2.0367253 2.0367253 2.0367253 3.5067172 3.5067172 2.0367253 2.0367253 2.0367253 2.0367253 2.0367253 3.5067172 3.0862117 2.9907308 2.9907308 2.9907308 2.9907308 2.9907308 2.9907308 2.9907308 3.5067172 3.5067172 3.5067172 3.5067172 2.9907308 2.9907308 2.9907308 2.9907308 3.5067172 3.5067172 2.9907308 2.9933703 2.9933703 2.9933703 3.4647436 3.4647436 3.4647436 3.4647436 3.4647436 2.0167043 2.0167043 1.9272124 2.9933703 2.9933703 3.4647436 3.4647436 3.4647436 3.4647436 3.4647436 3.4647436 3.4647436 2.997569 2.997569 2.997569 2.997569 2.997569 2.997569
3.5067172 2.0367253 2.0367253 2.0367253 2.0367253 2.0367253 3.5067172 2.0367253 2.0367253 2.0367253 2.0367253 2.0367253 2.0367253 2.9907308 2.9907308 2.9907308 2.9907308 2.9907308 2.9907308 2.9907308 2.9907308 2.9907308 2.9907308 3.5067172 3.5067172 2.9907308 2.9907308 2.9907308 2.9907308 3.5067172 3.5067172 2.9907308 2.9933703 2.9933703 2.9933703 3.4647436 3.4647436 3.4647436 3.4647436 3.4647436 2.0167043 2.0167043 2.0167043 3.4647436 3.4647436 3.4647436 3.4647436 3.4647436 3.4647436 3.4647436 3.4647436 2.6203775 2.997569 2.997569 2.997569 2.997569 2.997569 2.997569
3.4641588 3.4641588 2.0158274 2.0158274 2.0158274 2.0158274 3.4641588 2.0158274 2.0158274 2.0158274 2.0158274 2.0158274 1.9226665 2.9848661 2.9848661 2.9848661 2.9848661 2.9848661 2.9848661 2.9848661 2.6763458 2.9848661 2.9848661 3.4641588 3.4641588 3.4641588 3.4641588 3.4641588 3.4641588 3.4641588 3.4641588 3.4641588 3.4150972 3.4150972 3.4150972 3.4150972 3.4150972 2.9337478 2.9337478 3.4150972 1.9630468 1.9630468 3.4150972 3.4150972 3.4150972 3.4150972 2.9881241 2.9881241 2.9881241 2.9881241 2.9881241 2.9337482 2.9337478 2.9337478 2.9337482 2.9337478 2.9337478 2.9337478
3.4641588 3.4641588 3.4641588 2.0158274 2.0158274 2.0158274 2.0158274 2.0158274 2.0158274 2.0158274 2.0158274 2.0158274 2.9848661 2.9848661 2.9848661 3.4641588 2.9848661 2.9848661 2.9848661 2.6763458 2.6763458 2.9848661 3.4641588 3.4641588 3.4641588 3.4641588 3.4641588 3.4641588 3.4641588 2.9848661 3.4641588 3.4641588 3.4150972 2.9337478 2.9337478 2.9337478 2.9337478 2.9337478 2.9337478 3.4150972 3.4150972 2.9378767 2.9378767 2.9378767 2.9378767 2.9378767 2.9881241 3.4150972 2.9337482 2.9337482 2.9337482 2.9337482 2.9337482 2.9337482 2.9337478 2.9337478 2.9337478 2.9337478
3.4641588 3.4641588 3.4641588 3.4641588 2.0158274 2.0158274 2.0158274 2.0158274 2.0158274 2.0158274 2.0158274 1.9226665 1.9226665 2.9848661 2.9848661 2.9848661 3.4641588 2.9848661 2.9848661 2.9848661 2.9848661 3.4641588 3.4641588 3.4641588 3.4641588 3.4641588 3.4641588 3.4641588 2.9848661 2.9848661 2.9848661 3.4641588 2.9337478 2.9337478 2.9337478 2.9337478 2.9337478 2.9337478 2.9337478 3.4150972 3.4150972 2.9378767 2.9378767 2.9378767 2.9378767 3.4150972 3.4150972 2.9337478 2.9337478 2.9337478 2.9337482 2.9337482 2.9337482 2.9337478 2.9337478 2.9337478 2.9337478 1.9630468
3.4641588 3.4641588 3.4641588 3.4641588 3.4641588 2.0158274 2.0158274 2.0158274 2.0158274 1.9226665 1.9226665 1.9226665 2.9848661 2.6763458 2.9848661 2.9848661 3.4641588 3.4641588 3.4641588 2.9848661 2.9848661 3.4641588 3.4641588 3.4641588 3.4641588 3.4641588 3.4641588 3.4641588 2.9848661 2.6763458 3.0010355 3.0010355 2.9337478 2.9337478 2.9337478 2.9337478 2.9337478 2.6228597 2.6228597 3.4150972 3.4150972 3.4150972 3.4150972 3.4150972 3.4150972 3.4150972 3.4150972 2.9337478 2.9337478 2.9337478 2.9337478 2.9337482 2.9337478 2.9337478 2.9337478 2.9337478 1.9630468 1.9630468
3.4641588 3.4641588 3.4641588 3.4641588 3.4641588 3.4641588 2.0158274 2.0158274 1.9226665 1.9226665 1.9226665 1.9226665 2.9848661 2.6763458 2.6763458 2.9848661 2.9848661 3.4641588 3.4641588 2.9848661 2.9848661 3.4641588 3.4641588 3.4641588 3.4641588 3.4641588 3.4641588 3.4641588 3.0010355 3.0010355 3.0010355 3.0010355 2.9337478 2.9337478 2.9337478 2.9337478 2.6228597 2.6228597 2.9378767 3.4150972 3.4150972 3.4150972 3.4150972 3.4150972 3.4150972 3.4150972 2.9337478 2.9337478 2.9337478 2.9337478 2.9337478 2.9337478 1.9630468 1.9630468 1.9630468 1.9636089 1.9630468 1.9630468
3.4641588 3.4641588 3.4641588 3.4641588 3.4641588 3.4641588 2.0158274 2.0158274 1.9226665 2.6763458 2.6763458 2.6763458 2.6763458 2.6763458 2.6763458 2.9848661 2.9848661 3.4641588 3.4641588 3.4641588 2.9848661 2.9848661 3.4641588 3.4641588 3.4641588 3.4641588 3.4641588 3.4641588 3.0010355 3.0010355 3.0010355 3.0010355 2.9337478 2.9337478 2.9337478 2.9337478 2.6228597 2.6228597 2.9378767 3.4150972 3.4150972 3.4150972 3.4150972 3.4150972 3.4150972 2.9337478 2.9337478 2.9337478 2.9337478 2.5514698 2.9337478 1.9630468 1.9630468 1.9630468 1.9630468 1.9630468 1.9630468 1.9630468
3.4641588 3.4641588 3.4641588 3.4641588 3.4641588 3.4641588 2.0158274 2.0158274 1.9226665 1.9226665 2.6763458 2.6763458 2.6763458 2.6763458 2.6763458 2.6763458 2.9848661 3.4641588 3.4641588 3.3846698 3.3846698 2.9848661 2.9848661 2.9848661 3.4641588 3.4641588 3.4641588 3.4641588 3.4641588 3.0010355 3.0010355 3.0010355 2.9337478 2.9337478 2.9337478 2.9337478 2.9337478 2.6228597 3.4150972 3.4150972 3.4150972 3.4150972 3.4150972 3.4150972 2.9337478 2.9337478 2.9337478 2.9337478 2.9337478 1.7081734 1.9630468 1.9630468 1.9630468 1.9630468 1.9630468 1.9630468 1.9630468 1.9630468
3.4641588 3.4641588 3.4641588 3.4641588 3.4641588 3.4641588 2.0158274 2.0158274 2.0158274 1.9226665 1.9226665 2.9848661 2.9848661 2.9848661 2.6763458 2.9848661 2.9848661 2.9848661 2.9848661 2.9848661 3.3846698 2.9848661 2.9848661 2.9848661 3.4641588 3.4641588 3.4641588 3.4641588 3.4641588 2.6763458 3.0010355 3.0010355 2.9337478 2.9337478 2.9337478 2.9337478 2.9337478 2.9337478 2.9337478 3.4150972 3.4150972 3.4150972 3.4150972 3.4150972 2.9337478 2.9337478 2.9337478 2.9337478 1.9630468 1.9630468 1.9630468 1.9630468 1.9630468 1.9630468 1.9630468 1.9630468 1.9630468 1.9630468
2.9848661 2.9848661 3.4641588 3.4641588 3.4641588 3.4641588 2.0158274 2.0158274 2.0158274 1.9226665 1.9226665 2.9848661 2.9848661 2.9848661 2.9848661 2.9848661 2.9848661 2.9848661 2.9848661 2.9848661 3.3846698 2.9848661 2.9848661 2.9848661 2.9848661 3.4641588 3.4641588 3.4641588 3.4641588 2.9848661 2.6763458 3.0010355 2.9337478 2.9337478 2.9337478 2.9337478 2.9337478 2.9337478 2.9337478 2.9337478 3.4150972 3.4150972 3.4150972 2.9337482 2.5514698 2.5514698 2.9337478 2.9337478 1.9630468 1.9630468 1.9630468 1.9630468 1.9630468 1.9630468 1.9630468 1.9630468 1.9630468 1.9630468
2.9848661 2.9848661 3.4641588 3.4641588 3.4641588 3.4641588 2.0158274 2.0158274 2.0158274 1.9226665 2.9848661 2.9848661 2.9848661 2.9848661 2.9848661 2.9848661 2.6763458 2.9848661 2.9848661 2.9848661 3.3846698 2.9848661 2.9848661 3.3846698 3.4641588 3.4641588 3.4641588 3.4641588 2.9848661 2.9848661 2.6763458 3.0010355 2.9337478 2.9337478 2.9337478 2.9337478 2.9337478 2.9337478 2.9337478 2.9337478 2.9337478 2.9337482 2.9337482 2.9337482 2.9337478 2.9337478 1.9630468 1.9630468 1.9630468 1.9630468 1.9630468 1.9630468 1.9630468 1.9630468 1.9630468 1.9630468 1.9630468 1.9630468
3.4641588 3.4641588 3.4641588 3.4641588 3.4641588 3.4641588 2.0158274 2.0158274 2.0158274 1.9226665 1.9226665 2.9848661 2.9848661 2.9848661 2.9848661 2.9848661 2.6763458 2.9848661 2.9848661 2.9848661 3.3846698 2.9848661 2.9848661 3.3846698 3.4641588 3.4641588 3.4641588 3.4641588 2.9848661 2.6763458 2.6763458 3.0010355 2.9337478 2.9337478 2.9337478 2.9337478 2.9337478 2.9337478 2.9337478 2.9337478 2.9337482 2.9337482 2.9337482 2.9337478 1.9630468 1.9630468 1.9630468 1.9630468 1.9630468 1.9630468 1.9630468 1.9630468 1.9630468 1.9630468 1.9630468 1.9630468 1.9630468 1.9630468
3.4641588 3.4641588 3.4641588 3.4641588 3.4641588 3.4641588 2.0158274 2.0158274 2.0158274 2.0158274 1.9226665 2.9848661 2.9848661 2.9848661 2.6763458 2.6763458 2.6763458 2.9848661 2.9848661 2.9848661 3.3846698 3.3846698 2.9848661 3.3846698 3.4641588 3.4641588 3.4641588 3.4641588 3.4641588 3.0010355 3.0010355 3.0010355 2.9337478 2.9337478 2.9337478 2.6228597 2.6228597 2.9337478 2.9337478 2.9337482 2.9337478 2.9337478 2.9337478 1.9630468 1.9630468 1.9630468 1.9630468 1.9630468 1.9630468 1.9630468 1.9630468 1.9630468 1.8785051 1.8785051 1.8785051 1.8785051 1.9630468 1.9630468
3.4641588 3.4641588 3.4641588 3.4641588 3.4641588 3.4641588 2.0158274 2.0158274 2.0158274 2.0158274 1.9226665 2.9848661 2.9848661 2.6763458 2.6763458 2.6763458 2.6763458 2.9848661 2.9848661 2.9848661 2.9848661 3.3846698 2.9848661 2.9848661 3.4641588 3.4641588 3.4641588 3.4641588 3.4641588 3.0010355 3.0010355 3.0010355 2.9337478 2.9337478 2.9337478 2.6228597 2.6228597 2.9337478 2.9337478 2.9337482 2.9337478 2.9337478 1.9630468 1.9630468 1.9630468 1.9630468 1.9630468 1.9630468 1.9630468 1.9630468 1.9630468 1.8785051 1.8785051 1.8785051 1.8785051 1.8785051 1.9630468 1.9630468
2.9848661 3.4641588 3.4641588 3.4641588 3.4641588 3.4641588 2.0158274 2.0158274 2.0158274 2.0158274 2.0158274 3.4641588 2.6763458 2.6763458 2.6763458 2.6763458 2.6763458 2.9848661 2.9848661 2.9848661 2.9848661 3.3846698 2.9848661 2.9848661 3.3846698 3.4641588 3.4641588 3.4641588 3.0010355 3.0010355 3.0010355 3.0010355 2.9337478 2.9337478 2.9337478 2.6228597 2.6228597 2.9378767 2.9337478 2.9337478 2.9337478 1.9630468 1.9630468 1.9630468 1.9630468 1.9630468 1.9630468 1.9630468 1.9630468 1.9630468 1.8785051 1.8785051 2.6228597 2.6228597 2.6228597 1.8785051 1.8785051 1.9630468
2.9848661 2.9848661 3.4641588 3.4641588 3.4641588 3.4641588 2.0158274 2.0158274 2.0158274 2.0158274 2.0158274 1.9226665 2.6763458 2.6763458 2.6763458 2.6763458 2.6763458 2.6763458 2.9848661 2.9848661 2.9848661 2.9848661 3.3846698 2.9848661 3.4641588 3.4641588 3.4641588 3.4641588 3.0010355 3.0010355 3.0010355 3.0010355 2.9337478 2.9337478 2.9337478 2.6228597 2.9378767 2.6228597 2.6228597 2.9337478 1.9630468 1.9630468 1.9630468 1.9630468 1.9630468 1.9630468 1.9630468 1.9630468 1.9630468 1.9630468 1.8785051 1.8785051 1.8785051 2.6228597 2.6228597 1.8785051 1.8785051 1.9630468
2.9848661 2.9848661 3.4641588 3.4641588 3.4641588 3.4641588 3.4641588 2.0158274 2.0158274 2.0158274 2.0158274 1.9226665 2.6763458 2.6763458 2.6763458 2.6763458 2.6763458 2.6763458 2.9848661 2.9848661 2.9848661 2.9848661 2.9848661 2.9848661 2.6763458 3.0010357 3.0010357 3.0010355 3.0010355 3.0010355 3.0010357 3.0010355 2.9337482 2.9337482 2.9337482 2.6228597 2.9378767 2.9378767 2.6228597 1.9630468 1.9630468 1.9630468 1.9630468 1.9630468 1.9630468 1.9630468 1.9630468 1.9630468 1.9630468 1.9630468 1.8785051 1.8785051 1.8785051 2.6228597 1.8785051 1.8785051 1.8785051 1.9630468
2.9848661 2.9848661 3.4641588 3.4641588 3.4641588 3.4641588 2.9848661 2.0158274 2.0158274 2.0158274 2.0158274 1.9226665 1.9226665 2.9848661 2.9848661 2.9848661 2.6763458 2.6763458 2.9848661 2.9848661 2.9848661 2.6763458 2.6763458 2.9848661 2.6763458 3.0010357 3.0010357 3.0010355 3.0010355 3.0010355 3.0010357 3.0010357 2.9337482 2.9337482 2.9337482 3.4150972 3.4150972 1.9630468 1.9630468 1.9630468 1.9630468 1.9630468 1.9630468 1.9630468 1.9630468 1.9630468 1.9630468 1.9630468 1.9630468 1.9630468 1.8785051 1.8785051 2.6228597 1.8785051 1.8785051 1.9630468 1.9630468 1.9630468
2.9848661 3.4641588 3.4641588 3.4641588 3.4641588 3.4641588 2.9848661 2.0158274 2.0158274 2.0158274 2.0158274 1.9226665 1.9226665 2.0165803 2.9848661 2.9848661 2.6763458 2.6763458 2.6763458 2.6763458 2.6763458 2.9848661 2.9848661 2.6763458 2.6763458 3.0010357 3.0010357 3.0010357 3.0010357 3.0010357 3.0010357 3.0010357 2.9337482 2.9337482 3.4150972 3.4150972 2.9337478 1.9630468 1.9630468 1.9630468 1.9630468 1.9630468 1.9630468 1.9630468 1.9630468 1.9630468 1.9630468 1.9630468 1.9630468 1.8785051 1.8785051 1.8785051 1.8785051 1.8785051 1.9630468 1.9630468 1.9630468 1.9630468
