Export/ASCII/RMeteo_tot/p3_sum_tot.asc
ncols         660
nrows         338
xllcorner     1476150
yllcorner     5017150
cellsize      100
NODATA_value  -9999
[rows 250 to 274 of 338, columns 116 to 173 of 660]
-4.591566e-18 -4.591566e-18 -4.591566e-18 -4.591566e-18 -4.591566e-18 3.3849623 3.1435332 3.1435332 3.3849623 3.8097818 3.1435332 3.8097818 3.1435332 3.8097818 3.8097818 3.8097818 3.8097818 3.2338092 3.2338092 3.2338092 3.2338092 3.2338092 3.2338092 3.2338092 3.2338092 3.2338092 3.2338092 3.2338092 2.804952 2.804952 3.2338092 3.8097818 3.8097818 3.2338092 3.2338092 3.8097818 3.8097818 3.8097818 3.8097818 3.8097818 3.8097818 3.8097818 3.8097818 3.8097818 3.8097818 3.7595654 3.7595654 3.7595654 3.7595654 3.7595654 3.1289763 3.1289763 3.1289763 2.7912748 3.1289763 3.1289763 3.1289763 3.1289763
-4.591566e-18 -4.591566e-18 -4.591566e-18 -4.591566e-18 2.8503516 3.3849623 3.1435332 3.1435332 3.3849623 3.8097818 3.8097818 3.8097818 3.8097818 3.8097818 3.8097818 3.8097818 3.8097818 3.2338092 3.2338092 3.2338092 2.804952 2.804952 3.2338092 3.2338092 3.2338092 3.2338092 3.2338092 3.2338092 3.2338092 3.2338092 3.2338092 3.2338092 3.2338092 3.8097818 3.2338092 3.2338092 3.8097818 3.8097818 3.8097818 3.8097818 3.8097818 3.8097818 3.8097818 3.8097818 3.1435332 3.1289763 3.7595654 3.7595654 3.7595654 3.7595654 3.7595654 3.1289763 3.1289763 2.7912748 2.7912748 3.1289763 3.1289763 3.1289763
-4.591566e-18 -4.591566e-18 -4.591566e-18 2.8503516 2.8503516 3.3849623 0.0 3.3849623 3.3849623 3.8097818 3.8097818 3.8097818 3.8097818 3.8097818 3.8097818 3.1435332 3.8097818 3.8097818 3.2338092 3.2338092 2.804952 2.804952 3.2338092 2.804952 2.804952 3.2338092 3.2338092 3.2338092 3.2338092 3.2338092 3.2338092 3.2338092 3.2338092 3.2338092 3.8097818 3.8097818 3.2338092 3.8097818 3.8097818 3.8097818 3.8097818 3.8097818 3.8097818 3.8097818 3.1435332 3.1289763 3.1289763 3.7595654 3.7595654 3.7595654 3.7595654 3.1289763 3.1289763 3.1289763 3.1289763 3.1289763 3.1289763 3.1289763
-4.591566e-18 -4.591566e-18 3.1293445 2.8503516 2.8503516 3.592319 0.0 3.3849623 3.3849623 3.3849623 3.8097818 3.8097818 3.8097818 3.8097818 3.8097818 3.1435332 3.8097818 3.8097818 3.2338092 3.2338092 2.804952 2.804952 3.2338092 2.804952 2.804952 3.2338092 3.2338092 3.2338092 3.2338092 3.2338092 3.2338092 3.2338092 3.2338092 3.2338092 3.2338092 3.8097818 3.8097818 3.8097818 3.8097818 3.8097818 3.8097818 3.8097818 3.8097818 3.8097818 3.8097818 3.1289763 3.1289763 3.7595654 3.7595654 3.7595654 3.7595654 3.1289763 3.1289763 3.1289763 3.1289763 3.1289763 3.1289763 3.1289763
-4.591566e-18 3.1293445 2.8503516 2.8503516 2.8503516 3.3849623 3.3849623 3.3849623 3.3849623 3.1435332 3.1435332 3.1435332 3.1435332 3.1435332 3.8097818 3.8097818 3.8097818 3.8097818 3.2338092 3.2338092 3.2338092 3.2338092 3.2338092 3.2338092 3.2338092 3.2338092 3.2338092 3.2338092 3.2338092 3.2338092 3.2338092 3.2338092 3.2338092 2.804952 3.2338092 3.8097818 3.8097818 3.2338092 3.8097818 3.1435332 3.1435332 3.1435332 3.8097818 3.8097818 3.8097818 3.7595654 3.7595654 3.7595654 3.7595654 3.7595654 3.7595654 3.1289763 3.1289763 3.1289763 3.1289763 3.1289763 3.1289763 3.1289763
-4.591566e-18 3.1293445 2.8503516 2.8503516 2.8503516 2.8503516 3.3849623 3.3849623 3.3849623 3.1435332 3.1435332 3.8097818 3.1435332 3.1435332 3.8097818 3.8097818 3.8097818 3.8097818 3.8097818 3.2338092 3.2338092 3.2338092 3.2338092 3.2338092 3.2338092 3.2338092 3.2338092 3.2338092 3.2338092 3.2338092 3.2338092 3.2338092 2.804952 2.804952 2.804952 3.2338092 3.8097818 3.2338092 3.2338092 3.1435332 3.1435332 3.1435332 3.8097818 3.8097818 3.8097818 3.7595654 3.7595654 3.7595654 3.7595654 3.7595654 3.7595654 3.1289763 3.1289763 3.1289763 3.1289763 3.1289763 3.1289763 3.1289763
3.1293445 2.8503516 2.8503516 2.8503516 2.8503516 2.8503516 3.592319 3.3849623 3.3849623 3.8097818 3.3849623 3.8097818 3.1435332 3.1435332 3.8097818 3.8097818 3.8097818 3.8097818 3.8097818 3.2338092 3.2338092 3.2338092 3.2338092 3.2338092 3.2338092 3.2338092 3.2338092 3.2338092 3.2338092 3.2338092 3.2338092 3.2338092 2.804952 2.804952 3.2338092 3.2338092 3.2338092 3.8097818 3.8097818 3.8097818 3.8097818 3.8097818 3.8097818 3.8097818 3.8097818 3.7595654 3.7595654 3.7595654 3.7595654 3.7595654 3.7595654 3.7595654 3.1289763 3.1289763 3.1289763 3.1289763 3.1289763 3.331282
3.1293445 2.8503516 2.8503516 2.8503516 2.8503516 2.8503516 3.3849623 3.3849623 3.3849623 3.3849623 3.3849623 3.8097818 3.8097818 3.8097818 3.8097818 3.8097818 3.8097818 3.8097818 3.8097818 3.2338092 3.2338092 3.2338092 3.2338092 3.2338092 3.2338092 3.2338092 3.2338092 3.2338092 3.2338092 3.2338092 3.2338092 3.2338092 3.2338092 3.2338092 3.2338092 3.2338092 3.2338092 3.2338092 3.8097818 3.8097818 3.8097818 3.8097818 3.8097818 3.2338092 3.2338092 3.216535 3.7595654 3.7595654 3.7595654 3.7595654 3.7595654 3.7595654 3.1289763 3.1289763 3.1289763 3.7595654 3.7595654 3.7595654
3.1293445 3.1293445 2.8503516 2.8503516 2.8503516 2.8503516 3.3849623 3.3849623 3.3849623 3.3849623 3.3849623 3.3849623 3.3849623 3.8097818 3.8097818 3.8097818 3.8097818 3.8097818 3.8097818 3.1435332 2.804952 3.2338092 3.2338092 3.2338092 3.2338092 3.2338092 3.2338092 2.804952 2.804952 2.804952 3.2338092 3.2338092 3.2338092 3.2338092 3.2338092 3.2338092 3.2338092 3.2338092 3.2338092 3.2338092 3.8097818 3.8097818 3.8097818 3.8097818 3.8097818 3.216535 3.216535 3.7595654 3.7595654 3.7595654 3.7595654 3.7595654 3.7595654 3.7595654 3.1289763 3.1289763 3.7595654 3.7595654
2.8503516 3.1293445 2.8503516 2.8503516 2.8503516 2.8503516 3.3849623 3.3849623 3.3849623 3.3849623 3.3849623 3.3849623 3.3849623 3.8097818 3.8097818 3.8097818 3.8097818 3.8097818 3.8097818 3.1435332 2.804952 2.804952 3.2338092 3.2338092 3.2338092 3.2338092 2.804952 2.804952 2.804952 3.2338092 3.2338092 3.2338092 3.2338092 3.2338092 3.2338092 3.2338092 3.2338092 3.2338092 3.2338092 3.2338092 3.2338092 3.8097818 3.8097818 3.8097818 3.8097818 3.7595654 3.216535 3.7595654 3.7595654 3.7595654 3.7595654 3.7595654 3.7595654 3.7595654 3.1289763 3.1289763 3.7595654 3.7595654
2.8022165 3.0822232 2.8022165 2.8022165 2.8022165 2.8022165 2.8022165 3.3373005 3.3373005 3.3373005 3.3373005 3.3373005 3.3373005 3.754089 3.754089 3.754089 3.754089 3.754089 3.754089 3.754089 3.754089 3.754089 3.754089 3.754089 3.754089 2.7587879 2.7587879 3.1819932 3.1819932 3.1819932 3.1819932 3.1819932 3.1819932 3.1819932 3.1819932 3.1819932 3.1819932 3.1819932 3.1819932 3.1819932 3.1819932 3.754089 3.754089 3.754089 3.754089 3.57869 3.700609 3.700609 3.700609 3.700609 3.700609 3.700609 3.700609 3.0821145 3.700609 3.0821145 3.0821145 3.700609
2.8022165 2.8022165 3.0822232 2.8022165 2.8022165 2.8022165 2.8022165 3.3373005 3.3373005 3.3373005 3.3373005 3.3373005 3.3373005 3.3373005 3.754089 3.754089 3.754089 3.754089 3.754089 3.754089 3.754089 3.754089 3.754089 3.754089 3.754089 3.091747 3.091747 3.091747 3.1819932 3.181994 3.1819932 3.1819932 3.1819932 3.1819932 3.1819932 3.1819932 3.1819932 3.1819932 3.1819932 3.1819932 3.1819932 3.754089 3.754089 3.754089 3.754089 3.57869 3.700609 3.700609 3.700609 3.0821145 3.0821145 3.700609 3.700609 3.700609 3.700609 3.700609 3.0821145 3.700609
3.3373005 2.8022165 3.0822232 3.0822232 2.8022165 2.8022165 2.8022165 3.3373005 3.3373005 3.3373005 3.3373005 3.3373005 3.3373005 3.3373005 3.754089 3.754089 3.754089 3.754089 3.754089 3.754089 3.754089 3.754089 3.754089 3.754089 3.754089 3.754089 3.754089 3.754089 3.754089 3.1819932 3.1819932 3.1819932 3.1819932 3.1819932 3.1819932 3.1819932 3.1819932 3.1819932 3.1819932 3.1819932 3.1819932 3.1819932 3.754089 3.754089 3.754089 3.700609 3.0821145 3.0821145 3.700609 3.0821145 3.0821145 3.700609 3.0821145 3.0821145 3.0821145 3.700609 3.700609 3.700609
3.3373005 2.8022165 3.0822232 3.0822232 2.8022165 2.8022165 2.8022165 3.3373005 3.3373005 3.3373005 3.3373005 3.3373005 3.3373005 3.3373005 3.3373005 3.3373005 3.754089 3.754089 3.754089 3.754089 3.754089 3.754089 3.754089 3.754089 3.754089 3.754089 3.754089 3.754089 3.754089 3.754089 3.1819932 3.1819932 3.1819932 3.1819932 3.1819932 3.1819932 3.1819932 3.1819932 3.1819932 3.1819932 3.1819932 3.1819932 3.091747 3.091747 3.754089 3.700609 3.57869 3.700609 3.700609 3.700609 3.0821145 3.0821145 3.0821145 3.0821145 3.700609 3.700609 3.700609 3.700609
3.3373005 2.8022165 3.0822232 3.0822232 3.0822232 2.8022165 2.8022165 3.3373005 3.3373005 3.3373005 3.3373005 3.3373005 3.3373005 3.3373005 3.3373005 3.754089 3.754089 3.754089 3.754089 3.754089 3.754089 3.754089 3.754089 3.754089 3.754089 3.754089 3.754089 3.754089 3.754089 3.6201932 3.1819932 3.1819932 3.1819932 3.1819932 3.1819932 3.1819932 3.1819932 3.1819932 2.7587879 2.7587879 3.1819932 3.754089 3.091747 3.091747 3.754089 3.700609 3.700609 3.700609 3.700609 3.700609 3.700609 3.0821145 2.7611167 3.0821145 3.700609 3.700609 3.700609 3.700609
2.8022165 2.8022165 3.0822232 3.0822232 3.0822232 3.0822232 3.3373005 3.3373005 3.3373005 3.3373005 3.3373005 3.3373005 3.3373005 3.3373005 3.3373005 3.3373005 3.754089 3.754089 3.754089 3.754089 3.754089 3.754089 3.754089 3.754089 3.754089 3.754089 3.754089 3.754089 3.754089 3.6201932 3.6201932 3.1819932 3.1819932 3.1819932 3.1819932 3.1819932 3.1819932 3.1819932 2.7587879 2.7587879 3.754089 3.754089 3.754089 3.754089 3.754089 3.700609 3.700609 3.700609 3.700609 3.700609 3.0821145 3.0821145 2.7611167 3.0821145 3.700609 3.700609 3.0821145 3.0821145
2.8022165 2.8022165 2.8022165 2.8022165 3.0822232 3.0822232 3.5367873 3.3373005 3.3373005 3.3373005 3.3373005 3.3373005 3.3373005 3.3373005 3.3373005 3.3373005 3.3373005 3.754089 3.754089 3.754089 3.754089 3.754089 3.754089 3.754089 3.754089 3.754089 3.754089 3.754089 3.754089 3.754089 3.754089 3.1819932 3.1819932 3.1819932 3.1819932 3.1819932 3.1819932 3.1819932 3.1819932 3.1819932 3.754089 3.754089 3.754089 3.754089 3.1819932 3.1687062 3.700609 3.700609 3.700609 3.700609 3.0821145 2.7611167 3.0821145 3.0821145 3.700609 3.700609 3.0821145 3.0821145
2.8022165 2.8022165 2.8022165 2.8022165 2.8022165 3.0822232 3.0822232 3.3373005 3.3373005 3.3373005 3.3373005 3.3373005 3.3373005 3.3373005 3.3373005 3.3373005 3.3373005 3.091747 3.091747 3.754089 3.754089 3.754089 3.754089 3.754089 3.091747 3.091747 3.754089 3.754089 3.091747 3.091747 3.754089 3.754089 3.754089 3.1819932 3.1819932 3.1819932 3.1819932 3.1819932 3.1819932 3.1819932 3.1819932 3.754089 3.754089 3.754089 3.1819932 3.1687062 3.1687062 3.1687062 3.700609 3.0821145 3.0821145 3.0821145 3.0821145 3.0821145 3.700609 3.700609 3.700609 3.700609
2.8022165 2.8022165 2.8022165 2.8022165 2.8022165 2.8022165 3.0822232 3.0822232 3.754089 3.3373005 3.3373005 3.3373005 3.3373005 3.3373005 3.3373005 3.3373005 3.3373005 3.091747 3.091747 3.3373005 3.754089 3.754089 3.754089 3.754089 3.091747 3.091747 3.754089 3.754089 3.091747 3.091747 3.754089 3.754089 3.754089 3.1819932 3.1819932 3.1819932 3.1819932 3.1819932 3.1819932 3.1819932 3.1819932 3.754089 3.754089 3.754089 3.754089 3.1687062 3.1687062 3.1687062 3.1687062 3.0821145 3.0821145 3.0821145 3.0821145 3.0821145 3.700609 3.700609 3.700609 3.700609
2.8022165 2.8022165 2.8022165 2.8022165 2.8022165 2.8022165 2.8022165 2.8022165 2.8022165 3.754089 3.754089 3.091747 3.3373005 3.3373005 3.3373005 3.3373005 3.3373005 3.754089 3.754089 3.754089 3.091747 3.091747 3.091747 3.754089 3.754089 3.754089 3.754089 3.091747 3.091747 3.754089 3.754089 3.754089 3.754089 3.1819932 3.1819932 3.1819932 3.1819932 3.1819932 3.1819932 3.1819932 3.1819932 3.1819932 3.754089 3.754089 3.754089 3.700609 3.1687062 3.1687062 3.1687062 3.1687062 3.0821145 3.0821145 3.0821145 3.700609 3.700609 3.700609 3.700609 3.700609
2.8022165 2.8022165 2.8022165 2.8022165 2.8022165 2.8022165 2.8022165 2.8022165 2.8022165 2.8022165 3.091747 3.091747 3.091747 3.3373005 3.3373005 3.3373005 3.754089 3.754089 3.754089 3.754089 3.091747 3.091747 3.091747 3.754089 3.754089 3.754089 3.754089 3.091747 3.091747 3.754089 3.754089 3.754089 3.754089 3.754089 3.1819932 2.7587879 2.7587879 3.1819932 3.1819932 3.1819932 3.1819932 3.1819932 3.1819932 3.754089 3.754089 3.700609 3.1687062 3.1687062 3.1687062 3.1687062 3.1687062 3.0821145 3.0821145 3.700609 3.700609 3.700609 3.700609 3.700609
2.8022165 2.8022165 3.1819932 3.1819932 2.8022165 2.8022165 2.8022165 2.8022165 2.8022165 2.8022165 2.8022165 3.3373005 3.3373005 3.3373005 3.3373005 3.3373005 3.754089 3.754089 3.754089 3.754089 3.754089 3.091747 3.754089 3.754089 3.754089 3.754089 3.754089 3.091747 3.754089 3.754089 3.754089 3.754089 3.754089 3.754089 2.7587879 2.7587879 2.7587879 3.1819932 3.754089 3.754089 3.754089 3.1819932 3.1819932 3.1819932 3.754089 3.700609 3.1687062 3.1687062 3.1687062 3.1687062 3.1687062 3.1687062 3.700609 3.700609 3.700609 3.700609 3.700609 3.700609
2.8022165 3.1819932 3.1819932 3.1819932 2.8022165 2.8022165 2.8022165 2.8022165 2.8022165 2.8022165 2.8022165 3.3373005 3.3373005 3.3373005 3.3373005 3.3373005 3.754089 3.754089 3.754089 3.754089 3.754089 3.754089 3.754089 3.754089 3.754089 3.754089 3.754089 3.754089 3.754089 3.754089 3.754089 3.754089 3.754089 3.754089 3.754089 3.1819932 3.754089 3.754089 3.754089 3.754089 3.754089 3.754089 3.1819932 3.1819932 3.754089 3.700609 3.700609 3.1687062 3.1687062 3.1687062 3.1687062 3.1687062 3.1687062 3.1687062 3.700609 3.700609 3.700609 3.700609
-4.591566e-18 -4.591566e-18 3.1819932 3.1819932 2.8022165 2.8022165 2.8022165 2.8022165 2.8022165 2.8022165 2.8022165 2.8022165 3.5367873 3.3373005 3.3373005 3.3373005 3.754089 3.754089 3.754089 3.754089 3.754089 3.754089 3.754089 3.754089 3.754089 3.754089 3.754089 3.754089 3.754089 3.754089 3.754089 3.754089 3.754089 3.754089 3.754089 3.754089 3.754089 3.754089 3.754089 3.754089 3.754089 3.754089 3.754089 3.1819932 3.1819932 3.700609 3.1687062 3.1687062 3.1687062 3.1687062 3.1687062 3.1687062 2.7611167 3.1687062 3.1687062 3.700609 3.700609 3.700609
-4.591566e-18 -4.591566e-18 -4.591566e-18 2.8022165 2.8022165 2.8022165 2.8022165 2.8022165 2.8022165 2.8022165 2.8022165 2.8022165 3.3373005 3.3373005 3.3373005 3.3373005 3.3373005 3.754089 3.754089 3.754089 3.754089 3.754089 3.754089 3.754089 3.754089 3.754089 3.754089 3.754089 3.754089 3.754089 3.754089 3.754089 3.754089 3.754089 3.754089 3.754089 3.754089 3.754089 3.754089 3.754089 3.754089 3.754089 3.754089 3.754089 3.1819932 3.1687062 3.1687062 3.1687062 3.1687062 3.1687062 2.7611167 2.7611167 2.7611167 3.1687062 3.1687062 3.700609 3.700609 3.700609
