Export/ASCII/RMeteo_tot/p3_sum_tot.asc
ncols         660
nrows         338
xllcorner     1476150
yllcorner     5017150
cellsize      100
NODATA_value  -9999
[rows 250 to 274 of 338, columns 348 to 405 of 660]
2.1024249 3.6490395 3.6490395 3.1389415 3.1389415 2.757252 2.757252 2.757252 2.757252 2.757252 2.757252 2.757252 2.757252 2.757252 2.757252 2.757252 2.757252 2.757252 2.757252 2.757252 2.757252 3.0994008 3.0994008 2.757252 2.0027251 2.0027251 2.0027251 2.0027251 2.0027251 2.0027251 2.0027251 2.0027251 2.0027251 2.1024249 2.1024249 2.1024249 2.1024249 2.1024249 2.1024249 2.1024249 2.1024249 3.6490395 3.6490395 3.6490395 3.6490395 3.6490395 3.6490395 3.6490395 3.5419776 3.5419776 3.5419776 3.0339987 3.0339987 2.7109668 2.7109668 3.054089 3.054089 3.054089
2.1024249 3.6490395 3.6490395 3.6490395 3.0752487 3.0752487 2.757252 2.757252 2.757252 2.757252 2.757252 2.757252 2.757252 2.757252 2.757252 2.757252 2.757252 2.757252 2.757252 2.757252 2.757252 2.757252 2.757252 2.757252 2.757252 2.757252 2.757252 2.757252 2.0027251 2.0027251 2.0027251 2.1024249 2.0027251 2.1024249 2.1024249 2.1024249 2.1024249 2.1024249 2.1024249 2.1024249 3.6490395 3.6490395 3.6490395 3.6490395 3.6490395 3.6490395 3.6490395 3.6490395 3.5419776 3.5419776 3.5419776 3.0339987 3.0339987 3.0339987 2.7109668 3.054089 3.054089 3.054089
3.6490395 3.6490395 3.6490395 3.6490395 3.6490395 3.0752487 3.0752487 3.0752487 3.0752487 2.757252 2.757252 2.757252 2.757252 2.757252 2.757252 2.757252 2.757252 3.0752487 3.0752487 3.0752487 2.757252 2.757252 2.757252 2.757252 2.757252 2.757252 2.757252 2.757252 2.757252 2.757252 2.0027251 2.1024249 2.1024249 2.1024249 2.1024249 2.1024249 2.1024249 2.1024249 2.0027251 3.0752487 3.0752487 3.6490395 3.6490395 3.6490395 3.6490395 3.6490395 3.6490395 3.6490395 3.5419776 3.5419776 3.5419776 3.0339987 3.0339987 3.5419776 3.054089 3.054089 3.054089 3.054089
3.6490395 3.6490395 3.6490395 3.0752487 3.0752487 3.6490395 3.6490395 3.6490395 3.0752487 3.0752487 2.757252 2.757252 2.757252 2.757252 2.757252 2.757252 3.0752487 3.0752487 3.0752487 3.0752487 2.757252 2.757252 2.757252 2.757252 2.757252 2.757252 2.757252 2.757252 2.757252 2.757252 2.757252 2.1024249 2.1024249 2.1024249 2.1024249 2.1024249 2.1024249 2.1024249 2.1024249 3.0752487 3.0752487 3.6490395 3.6490395 3.6490395 3.6490395 3.6490395 3.6490395 3.6490395 3.5419776 3.5419776 3.5419776 3.5419776 3.5419776 3.0339987 3.054089 3.054089 3.054089 3.054089
3.6490395 3.0752487 3.0752487 3.0752487 3.0752487 3.0752487 3.0752487 3.6490395 3.6490395 3.0752487 2.757252 2.757252 2.757252 2.757252 2.757252 2.757252 3.0752487 3.0752487 3.0752487 3.0752487 2.757252 2.757252 2.757252 2.757252 2.757252 2.757252 2.757252 2.757252 2.757252 2.757252 2.757252 2.757252 2.757252 2.0027251 2.0027251 2.1024249 2.1024249 2.1024249 2.1024249 3.6490395 3.6490395 3.6490395 3.6490395 3.6490395 3.6490395 3.6490395 3.6490395 3.6490395 3.5419776 3.5419776 3.5419776 3.5419776 3.0339987 3.0339987 3.0339987 2.7109668 2.7109668 2.7109668
3.6490395 3.0752487 3.0752487 2.757252 2.757252 3.0752487 3.0752487 3.6490395 3.6490395 3.6490395 3.1389415 2.757252 2.757252 2.757252 2.757252 2.757252 2.757252 2.757252 3.0752487 3.0752487 3.0752487 3.0752487 2.757252 2.757252 2.757252 2.757252 2.757252 2.757252 2.757252 2.757252 2.757252 2.757252 2.757252 2.757252 2.757252 2.757252 2.0027251 2.0027251 2.1024249 2.1024249 3.6490395 3.6490395 3.6490395 3.6490395 3.6490395 3.6490395 3.6490395 3.6490395 3.5419776 3.5419776 3.5419776 3.5419776 3.0339987 3.0339987 3.0339987 2.7109668 2.7109668 2.7109668
3.5390108 3.0752487 3.0752487 3.0752487 3.0752487 3.0752487 3.0752487 3.6490395 3.6490395 2.757252 2.757252 2.757252 2.757252 2.757252 2.757252 3.0752487 3.6490395 3.0752487 3.0752487 3.0752487 3.0752487 3.0752487 2.757252 2.757252 2.757252 2.757252 2.757252 2.757252 2.757252 2.757252 2.757252 2.757252 2.757252 2.757252 2.757252 2.757252 2.0027251 2.0027251 2.1024249 2.1024249 3.6490395 3.6490395 3.6490395 3.0752487 3.6490395 3.6490395 3.6490395 3.6490395 3.5419776 3.5419776 3.5419776 3.5419776 3.5419776 3.0339987 3.0339987 2.7109668 2.7109668 2.7109668
3.5390108 3.5390108 3.0752487 3.6490395 3.0752487 2.757252 3.0752487 3.0752487 3.0752487 2.757252 2.757252 2.757252 2.757252 2.757252 2.757252 3.0752487 3.6490395 3.0752487 3.0752487 3.0752487 3.0752487 2.757252 2.757252 2.757252 2.757252 2.757252 2.757252 2.757252 2.757252 2.757252 2.757252 2.757252 2.757252 2.757252 2.757252 2.757252 2.757252 2.0027251 2.0027251 2.1024249 2.1024249 2.1024249 2.0027251 3.0752487 3.0752487 3.6490395 3.6490395 3.6490395 3.5419776 3.5419776 3.5419776 3.0339987 3.0339987 3.0339987 2.7109668 2.7109668 2.7109668 2.7109668
3.5390108 3.0752487 3.0752487 2.757252 3.0752487 3.0752487 3.0752487 3.0752487 2.757252 2.757252 2.757252 2.757252 2.0027251 2.0027251 2.757252 3.0752487 3.1389415 3.1389415 3.6490395 3.0752487 3.0752487 2.757252 2.757252 2.757252 2.757252 2.757252 2.757252 2.757252 2.757252 2.757252 2.757252 2.757252 2.757252 3.1389415 2.757252 2.757252 2.757252 2.757252 2.757252 2.1024249 2.0027251 2.0027251 2.0027251 2.0027251 3.6490395 3.6490395 3.6490395 3.6490395 3.5419776 3.5419776 3.5419776 2.7109668 2.7109668 2.7109668 2.7109668 2.7109668 2.7109668 2.7109668
2.1024249 3.0752487 2.757252 2.757252 2.757252 2.757252 2.757252 3.0752487 2.0027251 2.757252 2.757252 2.0027251 2.0027251 2.0027251 2.0027251 3.0752487 3.1389415 3.1389415 3.1389415 3.0752487 3.0752487 2.757252 2.757252 2.757252 2.757252 3.1389415 2.757252 2.757252 2.757252 2.757252 2.757252 2.757252 2.757252 2.757252 2.757252 2.757252 2.757252 2.757252 2.757252 2.757252 2.0027251 2.757252 2.0027251 2.1024249 3.1389415 3.1389415 3.6490395 3.6490395 3.5419776 3.5419776 3.5419776 2.7109668 3.054089 2.7109668 2.7109668 2.7109668 2.7109668 2.7109668
1.9946245 2.7381082 2.7381082 2.7381082 2.7381082 2.7381082 1.9946245 2.0964851 1.9946245 1.9946245 1.9946245 1.9946245 1.9946245 1.9946245 2.0964851 3.59995 3.0486517 3.0486517 3.59995 3.0486517 3.0486517 3.0486517 2.7381082 2.7381082 2.7381082 2.7381082 2.7381082 2.7381082 2.7381082 2.7381082 2.7381082 2.7381082 2.7381082 2.7381082 2.7381082 2.7381082 2.7381082 2.7381082 2.7381082 2.7381082 1.9946245 1.9946245 1.9946245 2.0964851 3.1099339 3.1099339 3.1099339 3.1099339 3.5159242 3.5159242 3.0020728 2.7053797 3.0486884 2.7053797 2.7053797 2.7053797 2.7053797 2.7053797
2.7381082 3.0486517 3.0486517 2.7381082 2.7381082 2.7381082 1.9946245 1.9946245 1.9946245 1.9946245 1.9946245 1.9946245 1.9946245 3.1099339 3.1099339 3.1099339 3.0486517 3.0486517 3.0486517 3.0486517 3.0486517 3.0486517 2.7381082 2.7381082 2.7381082 2.7381082 2.7381082 2.7381082 2.7381082 2.7381082 2.7381082 2.7381082 2.7381082 2.7381082 2.7381082 2.7381082 2.7381082 2.7381082 2.7381082 2.7381082 2.7381082 2.7381082 1.9946245 1.8422133 3.1099339 3.1099339 3.1099339 3.1099339 3.0486882 2.7053797 2.7053797 2.7053797 3.0486884 3.0486884 3.0486884 2.7053797 2.7053797 2.7053797
2.7381082 3.0486517 3.0486517 3.0486517 2.7381082 3.0486517 1.9946245 1.9946245 1.9946245 1.9946245 1.9946245 1.9946245 1.9946245 3.1099339 3.1099339 3.1099339 3.1099339 2.7381082 2.7381082 3.0486517 2.7381082 3.0486517 2.7381082 2.7381082 2.7381082 2.7381082 2.7381082 2.7381082 2.7381082 2.7381082 2.7381082 2.7381082 2.7381082 2.7381082 2.7381082 2.7381082 2.7381082 2.7381082 2.7381082 2.7381082 2.7381082 2.7381082 1.9946245 2.0964851 3.1099339 3.1099339 3.1099339 3.1099339 3.0486882 2.7053797 2.7053797 2.7053797 2.7053797 3.0486884 3.0486884 3.0486884 3.0486884 2.7053797
3.0486517 3.0486517 3.59995 3.0486517 3.0486517 3.0486517 2.7381082 2.7381082 2.7381082 1.9946245 1.9946245 1.9946245 1.9946245 2.7381082 3.1099339 3.1099339 3.1099339 3.1099339 3.1099339 2.7381082 3.0486517 2.7381082 2.7381082 3.0486517 2.7381082 2.7381082 2.7381082 2.7381082 2.7381082 2.7381082 2.7381082 2.7381082 2.7381082 2.7381082 2.7381082 2.7381082 2.7381082 2.7381082 2.7381082 2.7381082 2.7381082 2.7381082 1.9946245 2.0964851 3.1099339 3.1099339 3.1099339 3.1099339 3.0486882 2.7053797 2.7053797 2.7053797 2.7053797 2.7053797 2.7053797 3.0486884 3.0486884 2.7053797
3.0486517 3.0486517 3.59995 3.0486517 3.0486517 2.7381082 2.7381082 3.1099339 3.1099339 2.7381082 2.7381082 2.7381082 2.7381082 3.1099339 3.1099339 3.1099339 3.1099339 3.1099339 2.7381082 2.7381082 2.7381082 3.0486517 2.7381082 3.0486517 3.0486517 2.7381082 2.7381082 2.7381082 2.7381082 2.7381082 2.7381082 2.7381082 2.7381082 2.7381082 2.7381082 2.7381082 2.7381082 2.7381082 2.7381082 2.7381082 2.7381082 2.7381082 1.9946245 1.9946245 2.7381082 2.7381082 3.1099339 3.1099339 3.0486882 3.0486882 3.0486882 2.7053797 3.0486884 2.7053797 2.7053797 2.7053797 3.0486884 2.7053797
3.0486517 3.0486517 3.0486517 3.0486517 3.0486517 2.7381082 2.7381082 2.7381082 3.1099339 3.1099339 3.1099339 2.7381082 2.7381082 3.1099339 3.1099339 3.1099339 3.1099339 3.1099339 3.1099339 2.7381082 2.7381082 2.7381082 3.0486517 3.0486517 2.7381082 2.7381082 2.7381082 2.7381082 2.7381082 2.7381082 2.7381082 2.7381082 2.7381082 2.7381082 2.7381082 2.7381082 2.7381082 3.1099339 2.7381082 2.7381082 2.7381082 2.7381082 1.9946245 1.9946245 2.7381082 2.7381082 2.7381082 3.1099339 2.7053797 2.7053797 2.7053797 3.0486882 3.0486882 2.7053797 2.7053797 2.7053797 2.7053797 3.0486884
3.0486517 3.0486517 3.0486517 3.0486517 3.1099339 2.7381082 2.7381082 2.7381082 3.1099339 3.1099339 3.1099339 3.1099339 3.1099339 3.1099339 3.1099339 3.1099339 3.1099339 3.1099339 3.1099339 3.1099339 2.7381082 2.7381082 3.0486517 3.0486517 2.7381082 3.1099339 2.7381082 2.7381082 2.7381082 2.7381082 2.7381082 2.7381082 2.7381082 2.7381082 2.7381082 2.7381082 2.7381082 2.7381082 2.7381082 2.7381082 1.9946245 1.9946245 1.9946245 1.9946245 2.7381082 2.7381082 2.7381082 2.7381082 2.7053797 2.7053797 2.7053797 2.7053797 2.7053797 2.7053797 2.7053797 2.7053797 2.7053797 2.7053797
3.0486517 3.0486517 3.0486517 3.0486517 3.1099339 2.7381082 2.7381082 2.7177365 3.1099339 3.1099339 3.1099339 3.1099339 3.1099339 3.1099339 3.1099339 3.1099339 3.1099339 3.1099339 3.1099339 3.1099339 3.1099339 2.7381082 3.0486517 3.0486517 2.7381082 2.7381082 2.7381082 2.7381082 2.7381082 2.7381082 2.7381082 2.7381082 2.7381082 2.7381082 2.7381082 2.7381082 2.7381082 2.7381082 2.7381082 2.7381082 1.9946245 1.9946245 1.9946245 1.9946245 2.7381082 2.7381082 2.7381082 2.7381082 2.7053797 2.7053797 2.7053797 2.7053797 2.7053797 2.7053797 2.7053797 2.7053797 2.7053797 2.7053797
3.0486517 3.0486517 3.0486517 3.0486517 3.1099339 2.7177365 3.1099339 2.7381082 2.7381082 3.1099339 2.7381082 2.7381082 3.1099339 3.1099339 3.1099339 3.1099339 3.1099339 3.1099339 3.1099339 3.1099339 3.1099339 2.7381082 3.0486517 3.0486517 2.7381082 2.7381082 2.7381082 3.1099339 2.7381082 2.7381082 2.7381082 2.7381082 2.7381082 2.7381082 2.7381082 2.7381082 2.7381082 2.7381082 2.7381082 2.7381082 1.9946245 1.9946245 1.9946245 1.9946245 2.7381082 2.7381082 2.7381082 2.7381082 2.7053797 2.7053797 2.7053797 2.7053797 2.7053797 2.7053797 2.7053797 2.7053797 3.0486882 3.0486882
3.0486517 3.59995 3.0486517 3.0486517 3.59995 3.1099339 2.7381082 2.7381082 2.7381082 2.7381082 2.7381082 2.7381082 3.1099339 3.1099339 2.7381082 2.7381082 2.7381082 3.1099339 3.1099339 3.1099339 3.1099339 2.7381082 2.7381082 3.0486517 3.1099339 2.7381082 2.7381082 2.7381082 2.7381082 3.1099339 2.7381082 2.7381082 2.7381082 2.7381082 2.7381082 2.7381082 2.7381082 2.7381082 2.7381082 2.7381082 1.9946245 1.9946245 1.9946245 1.9946245 1.9946245 2.7381082 2.7381082 2.7381082 2.7053797 2.7053797 2.7053797 2.7053797 2.7053797 2.7053797 2.7053797 2.7053797 3.0486882 3.0486882
3.59995 3.59995 3.59995 3.59995 3.59995 3.1099339 2.7381082 3.0486517 2.7381082 2.7381082 2.7381082 3.1099339 3.1099339 2.7381082 2.7381082 2.7381082 2.7381082 3.1099339 3.1099339 3.1099339 3.1099339 3.1099339 2.7381082 3.59995 3.59995 3.0486517 3.0486517 2.7381082 2.7381082 2.7381082 2.7381082 2.7381082 2.7381082 2.7381082 2.7381082 2.7381082 2.7381082 2.7381082 2.7381082 2.7381082 1.9946245 1.9946245 2.0964851 2.0964851 1.9946245 2.7381082 2.7381082 3.1099339 2.6612108 2.7053797 2.7053797 2.7053797 2.7053797 2.7053797 2.7053797 3.0486882 3.0486882 3.0486882
3.59995 3.59995 3.59995 3.59995 3.1618774 3.59995 3.59995 3.59995 3.1099339 2.7381082 2.7381082 2.7381082 2.7381082 2.7381082 2.7381082 2.7381082 2.7381082 2.7381082 3.1099339 3.1099339 3.1099339 3.1099339 2.7381082 3.0486517 3.59995 3.0486517 3.0486517 2.7381082 2.7381082 2.7381082 2.7381082 2.7381082 2.7381082 2.7381082 2.7381082 2.7381082 2.7381082 2.7381082 3.0486517 3.0486517 3.59995 2.0964851 2.0964851 2.0964851 1.8422133 1.8422133 1.8422133 1.8422133 1.791299 2.7053797 2.7053797 2.7053797 2.7053797 2.7053797 2.7053797 2.7053797 3.0486882 3.0486882
3.59995 3.59995 3.59995 3.59995 3.1618774 3.59995 3.59995 3.59995 3.1099339 3.1099339 3.1099339 1.9946245 1.9946245 2.7381082 2.7381082 2.7381082 2.7381082 2.7381082 2.7381082 3.1099339 3.1099339 3.1099339 2.7381082 1.9946245 3.59995 3.59995 3.0486517 2.7381082 2.7381082 2.7381082 2.7381082 2.7381082 2.7381082 2.7381082 2.7381082 2.7381082 2.7381082 2.7381082 3.0486517 3.0486517 3.59995 3.59995 2.0964851 2.0964851 2.0964851 1.8422133 1.8422133 1.8422133 2.0364792 2.0364792 2.7053797 2.7053797 2.7053797 2.7053797 2.7053797 2.7053797 3.0486882 3.0486882
3.0486517 3.59995 3.59995 3.59995 3.1618774 3.59995 3.59995 3.59995 3.59995 3.59995 3.59995 1.9946245 1.9946245 2.7381082 2.7381082 2.7381082 2.7381082 2.7381082 2.7381082 3.1099339 3.1099339 2.7381082 2.7381082 2.0964851 2.0964851 3.59995 2.7381082 2.7381082 2.7381082 2.7381082 2.7381082 2.7381082 2.7381082 2.7381082 2.7381082 2.7381082 2.7381082 2.7381082 3.0486517 3.0486517 3.0486517 3.59995 3.59995 2.0964851 2.0964851 2.0964851 2.0964851 2.0964851 1.9508004 1.9508004 2.7053797 2.7053797 2.7053797 2.7053797 2.7053797 2.7053797 2.7053797 2.7053797
3.0486517 3.59995 2.0964851 2.0964851 3.1618774 3.59995 3.59995 3.59995 3.59995 3.0486517 1.9946245 1.9946245 1.9946245 2.7381082 2.7381082 2.7381082 2.7381082 2.7381082 2.7381082 2.7381082 2.7381082 2.7381082 3.1099339 2.0964851 2.0964851 2.0964851 1.9946245 1.9946245 2.7381082 2.7381082 2.7381082 2.7381082 2.7381082 2.7381082 2.7381082 2.7381082 2.7381082 2.7381082 2.7381082 3.0486517 3.0486517 3.0486517 3.59995 2.0964851 2.0964851 2.0964851 2.0964851 2.0964851 2.0451212 1.9508004 2.7053797 2.7053797 2.7053797 2.7053797 3.0486882 2.7053797 2.7053797 2.7053797
