Export/ASCII/RMeteo_tot/p5_sum_tot.asc
ncols         660
nrows         338
xllcorner     1476100.0
yllcorner     5017100.0
cellsize      100
NODATA_value  -9999
[rows 243 to 269 of 338, columns 120 to 179 of 660]
3.2338095 3.3698292 3.3698292 3.3698292 3.8003817 3.8003817 3.3698292 3.2338092 3.8003817 3.8003817 3.8003817 3.2338092 3.2338092 3.2338092 3.2338092 3.2338092 3.2338092 3.2338092 3.2338092 3.2338092 3.2338092 3.2338092 3.2338092 3.2338092 3.8003817 3.8003817 3.8003817 3.8003817 3.675773 3.8003817 3.8003817 3.8003817 3.1435332 3.1435332 3.1435332 3.1435332 3.1435332 3.1435332 3.1435332 3.1435332 3.8003817 3.7540612 3.1289763 3.1289763 3.1289763 3.1289763 3.1289763 3.1289763 2.7912748 2.7912748 2.7912748 2.7912748 2.7912748 2.7912748 2.7912748 2.7912748 2.7912748 2.7912748 2.7912748 2.7912748
3.2338095 3.2338095 3.3698292 3.3698292 3.3698292 3.3698292 3.3698292 3.8003817 3.8003817 3.8003817 3.8003817 3.8003817 3.2338092 3.2338092 3.2338092 3.2338092 3.2338092 3.2338092 3.2338092 3.2338092 3.2338092 3.2338092 3.2338092 3.2338092 3.8003817 3.8003817 3.8003817 3.675773 3.8003817 3.8003817 3.8003817 3.8003817 3.8003817 3.8003817 3.8003817 3.1435332 3.1435332 3.1435332 3.1435332 3.1435332 3.8003817 3.1289763 3.1289763 3.7540612 3.1289763 3.1289763 3.1289763 3.1289763 2.7912748 2.7912748 2.7912748 2.7912748 2.7912748 2.7912748 2.7912748 2.7912748 2.7912748 2.7912748 2.7912748 2.7912748
3.2338095 3.2338095 3.3698292 3.3698292 3.3698292 3.3698292 3.3698292 3.3698292 3.8003817 3.8003817 3.8003817 3.8003817 3.2338092 3.2338092 3.2338092 3.2338092 3.1807117 3.1807117 3.2338092 3.2338092 2.8503516 3.2338092 3.2338092 3.2338092 3.8003817 3.8003817 3.8003817 3.8003817 3.8003817 3.8003817 3.8003817 3.8003817 3.8003817 3.8003817 3.8003817 3.1435332 3.1435332 3.8003817 3.1435332 3.1435332 3.1435332 3.1289763 3.1289763 3.7540612 3.7540612 3.7540612 3.1289763 3.1289763 3.1289763 2.7912748 2.7912748 2.7912748 2.7912748 2.7912748 2.7912748 2.7912748 2.7912748 2.7912748 2.7912748 2.7912748
3.2338095 3.2338095 2.8503516 3.3698292 3.3698292 3.8003817 3.3698292 3.3698292 3.8003817 3.8003817 3.8003817 3.8003817 3.2338092 3.1807117 3.1807117 3.1807117 3.1807117 3.1807117 3.2338092 2.804952 2.804952 3.2338092 3.2338092 3.2338092 3.2338092 3.2338092 3.8003817 3.8003817 3.8003817 3.8003817 3.8003817 3.8003817 3.8003817 3.8003817 3.8003817 3.8003817 3.8003817 3.8003817 3.1435332 3.1435332 3.1435332 3.1289763 3.7540612 3.7540612 3.7540612 3.7540612 3.1289763 3.1289763 3.1289763 2.7912748 2.7912748 2.7912748 2.7912748 2.7912748 2.7912748 2.7912748 2.7912748 2.7912748 2.7912748 2.7912748
3.2338095 3.2338095 2.8503516 3.3698292 3.8003817 3.8003817 3.3698292 3.3698292 3.3698292 3.8003817 3.8003817 3.1435332 2.804952 3.2338092 2.804952 2.804952 3.2338092 3.2338092 3.2338092 2.804952 2.804952 2.804952 3.2338092 3.2338092 3.2338092 3.2338092 3.8003817 3.1435332 3.1435332 3.8003817 3.8003817 3.8003817 3.8003817 3.8003817 3.8003817 3.8003817 3.8003817 3.8003817 3.8003817 3.8003817 3.1435332 3.1289763 3.7540612 3.1289763 3.1289763 3.7540612 3.7540612 3.1289763 3.1289763 2.7912748 2.7912748 2.7912748 2.7912748 2.7912748 2.7912748 2.7912748 2.7912748 2.7912748 2.7912748 2.7912748
3.2338095 3.2338095 2.8503516 2.8503516 3.8003817 3.8003817 3.3698292 3.3698292 3.8003817 3.8003817 3.8003817 3.1435332 2.804952 3.2338092 2.804952 2.804952 3.1807117 3.2338092 3.8003817 3.2338092 3.2338092 3.2338092 3.2338092 3.2338092 3.2338092 3.2338092 3.2338092 2.804952 2.804952 3.8003817 3.8003817 3.8003817 3.8003817 3.8003817 3.8003817 3.8003817 3.8003817 3.8003817 3.8003817 3.8003817 3.1435332 3.7540612 3.7540612 3.1289763 3.1289763 3.7540612 3.7540612 3.1289763 3.1289763 3.1289763 3.1289763 3.1289763 2.7912748 2.7912748 2.7912748 2.7912748 2.7912748 2.7912748 2.7912748 2.7912748
3.2338095 3.3698292 2.8503516 3.3698292 3.3698292 3.3698292 3.3698292 3.1435332 3.1435332 3.8003817 3.8003817 3.8003817 3.8003817 3.2338092 3.2338092 3.1807117 3.1807117 3.2338092 3.2338092 3.2338092 3.2338092 3.2338092 3.2338092 3.2338092 2.804952 2.804952 3.2338092 3.2338092 3.2338092 3.8003817 3.8003817 3.8003817 3.8003817 3.8003817 3.8003817 3.8003817 3.8003817 3.8003817 3.8003817 3.8003817 3.8003817 3.7540612 3.7540612 3.1289763 3.7540612 3.7540612 3.7540612 3.1289763 3.1289763 3.1289763 3.1289763 3.1289763 2.7912748 2.7912748 2.7912748 2.7912748 2.7912748 2.7912748 2.7912748 2.7912748
3.2338095 3.3698292 3.1435332 3.1435332 3.3698292 3.8003817 3.1435332 3.8003817 3.1435332 3.8003817 3.8003817 3.8003817 3.8003817 3.2338092 3.2338092 3.2338092 3.2338092 3.2338092 3.2338092 3.2338092 3.2338092 3.2338092 3.2338092 3.2338092 2.804952 2.804952 3.2338092 3.8003817 3.8003817 3.2338092 3.2338092 3.8003817 3.8003817 3.8003817 3.8003817 3.8003817 3.8003817 3.8003817 3.8003817 3.8003817 3.8003817 3.7540612 3.7540612 3.7540612 3.7540612 3.7540612 3.1289763 3.1289763 3.1289763 2.7912748 3.1289763 3.1289763 3.1289763 3.1289763 3.1289763 2.7912748 2.7912748 2.7912748 2.7912748 2.7912748
2.8503516 3.3698292 3.1435332 3.1435332 3.3698292 3.8003817 3.8003817 3.8003817 3.8003817 3.8003817 3.8003817 3.8003817 3.8003817 3.2338092 3.2338092 3.2338092 2.804952 2.804952 3.2338092 3.2338092 3.2338092 3.2338092 3.2338092 3.2338092 3.2338092 3.2338092 3.2338092 3.2338092 3.2338092 3.8003817 3.2338092 3.2338092 3.8003817 3.8003817 3.8003817 3.8003817 3.8003817 3.8003817 3.8003817 3.8003817 3.1435332 3.1289763 3.7540612 3.7540612 3.7540612 3.7540612 3.7540612 3.1289763 3.1289763 2.7912748 2.7912748 3.1289763 3.1289763 3.1289763 3.1289763 2.7912748 2.7912748 2.7912748 2.7912748 2.7912748
2.8503516 3.3698292 0.0 3.3698292 3.3698292 3.8003817 3.8003817 3.8003817 3.8003817 3.8003817 3.8003817 3.1435332 3.8003817 3.8003817 3.2338092 3.2338092 2.804952 2.804952 3.2338092 2.804952 2.804952 3.2338092 3.2338092 3.2338092 3.2338092 3.2338092 3.2338092 3.2338092 3.2338092 3.2338092 3.8003817 3.8003817 3.2338092 3.8003817 3.8003817 3.8003817 3.8003817 3.8003817 3.8003817 3.8003817 3.1435332 3.1289763 3.1289763 3.7540612 3.7540612 3.7540612 3.7540612 3.1289763 3.1289763 3.1289763 3.1289763 3.1289763 3.1289763 3.1289763 3.1289763 3.1289763 2.7912748 2.7912748 2.7912748 2.7912748
2.8503516 3.592319 0.0 3.3698292 3.3698292 3.3698292 3.8003817 3.8003817 3.8003817 3.8003817 3.8003817 3.1435332 3.8003817 3.8003817 3.2338092 3.2338092 2.804952 2.804952 3.2338092 2.804952 2.804952 3.2338092 3.2338092 3.2338092 3.2338092 3.2338092 3.2338092 3.2338092 3.2338092 3.2338092 3.2338092 3.8003817 3.8003817 3.8003817 3.8003817 3.8003817 3.8003817 3.8003817 3.8003817 3.8003817 3.8003817 3.1289763 3.1289763 3.7540612 3.7540612 3.7540612 3.7540612 3.1289763 3.1289763 3.1289763 3.1289763 3.1289763 3.1289763 3.1289763 3.1289763 3.1289763 3.1289763 2.7912748 2.7912748 2.7912748
2.8503516 3.3698292 3.3698292 3.3698292 3.3698292 3.1435332 3.1435332 3.1435332 3.1435332 3.1435332 3.8003817 3.8003817 3.8003817 3.8003817 3.2338092 3.2338092 3.2338092 3.2338092 3.2338092 3.2338092 3.2338092 3.2338092 3.2338092 3.2338092 3.2338092 3.2338092 3.2338092 3.2338092 3.2338092 2.804952 3.2338092 3.8003817 3.8003817 3.2338092 3.8003817 3.1435332 3.1435332 3.1435332 3.8003817 3.8003817 3.8003817 3.7540612 3.7540612 3.7540612 3.7540612 3.7540612 3.7540612 3.1289763 3.1289763 3.1289763 3.1289763 3.1289763 3.1289763 3.1289763 3.1289763 3.1289763 3.1289763 3.1289763 3.1289763 2.7912748
2.8503516 2.8503516 3.3698292 3.3698292 3.3698292 3.1435332 3.1435332 3.8003817 3.1435332 3.1435332 3.8003817 3.8003817 3.8003817 3.8003817 3.8003817 3.2338092 3.2338092 3.2338092 3.2338092 3.2338092 3.2338092 3.2338092 3.2338092 3.2338092 3.2338092 3.2338092 3.2338092 3.2338092 2.804952 2.804952 2.804952 3.2338092 3.8003817 3.2338092 3.2338092 3.1435332 3.1435332 3.1435332 3.8003817 3.8003817 3.8003817 3.7540612 3.7540612 3.7540612 3.7540612 3.7540612 3.7540612 3.1289763 3.1289763 3.1289763 3.1289763 3.1289763 3.1289763 3.1289763 3.1289763 3.1289763 3.1289763 3.1289763 3.1289763 3.1289763
2.8503516 2.8503516 3.592319 3.3698292 3.3698292 3.8003817 3.3698292 3.8003817 3.1435332 3.1435332 3.8003817 3.8003817 3.8003817 3.8003817 3.8003817 3.2338092 3.2338092 3.2338092 3.2338092 3.2338092 3.2338092 3.2338092 3.2338092 3.2338092 3.2338092 3.2338092 3.2338092 3.2338092 2.804952 2.804952 3.2338092 3.2338092 3.2338092 3.8003817 3.8003817 3.8003817 3.8003817 3.8003817 3.8003817 3.8003817 3.8003817 3.7540612 3.7540612 3.7540612 3.7540612 3.7540612 3.7540612 3.7540612 3.1289763 3.1289763 3.1289763 3.1289763 3.1289763 3.3228123 3.7540612 3.7540612 3.1289763 3.7540612 3.7540612 3.7540612
2.8503516 2.8503516 3.3698292 3.3698292 3.3698292 3.3698292 3.3698292 3.8003817 3.8003817 3.8003817 3.8003817 3.8003817 3.8003817 3.8003817 3.8003817 3.2338092 3.2338092 3.2338092 3.2338092 3.2338092 3.2338092 3.2338092 3.2338092 3.2338092 3.2338092 3.2338092 3.2338092 3.2338092 3.2338092 3.2338092 3.2338092 3.2338092 3.2338092 3.2338092 3.8003817 3.8003817 3.8003817 3.8003817 3.8003817 3.2338092 3.2338092 3.216535 3.7540612 3.7540612 3.7540612 3.7540612 3.7540612 3.7540612 3.1289763 3.1289763 3.1289763 3.7540612 3.7540612 3.7540612 3.7540612 3.7540612 3.7540612 3.7540612 3.7540612 3.7540612
2.8503516 2.8503516 3.3698292 3.3698292 3.3698292 3.3698292 3.3698292 3.3698292 3.3698292 3.8003817 3.8003817 3.8003817 3.8003817 3.8003817 3.8003817 3.1435332 2.804952 3.2338092 3.2338092 3.2338092 3.2338092 3.2338092 3.2338092 2.804952 2.804952 2.804952 3.2338092 3.2338092 3.2338092 3.2338092 3.2338092 3.2338092 3.2338092 3.2338092 3.2338092 3.2338092 3.8003817 3.8003817 3.8003817 3.8003817 3.8003817 3.216535 3.216535 3.7540612 3.7540612 3.7540612 3.7540612 3.7540612 3.7540612 3.7540612 3.1289763 3.1289763 3.7540612 3.7540612 3.7540612 3.7540612 3.7540612 3.7540612 3.7540612 3.7540612
2.8503516 2.8503516 3.3698292 3.3698292 3.3698292 3.3698292 3.3698292 3.3698292 3.3698292 3.8003817 3.8003817 3.8003817 3.8003817 3.8003817 3.8003817 3.1435332 2.804952 2.804952 3.2338092 3.2338092 3.2338092 3.2338092 2.804952 2.804952 2.804952 3.2338092 3.2338092 3.2338092 3.2338092 3.2338092 3.2338092 3.2338092 3.2338092 3.2338092 3.2338092 3.2338092 3.2338092 3.8003817 3.8003817 3.8003817 3.8003817 3.7540612 3.216535 3.7540612 3.7540612 3.7540612 3.7540612 3.7540612 3.7540612 3.7540612 3.1289763 3.1289763 3.7540612 3.7540612 3.7540612 3.7540612 3.1289763 3.1289763 3.7540612 3.7540612
2.8022165 2.8022165 2.8022165 3.3246207 3.3246207 3.3246207 3.3246207 3.3246207 3.3246207 3.746808 3.746808 3.746808 3.746808 3.746808 3.746808 3.746808 3.746808 3.746808 3.746808 3.746808 3.746808 2.7587879 2.7587879 3.1819932 3.1819932 3.1819932 3.1819932 3.1819932 3.1819932 3.1819932 3.1819932 3.1819932 3.1819932 3.1819932 3.1819932 3.1819932 3.1819932 3.746808 3.746808 3.746808 3.746808 3.57869 3.6959999 3.6959999 3.6959999 3.6959999 3.6959999 3.6959999 3.6959999 3.0821145 3.6959999 3.0821145 3.0821145 3.6959999 3.6959999 3.6959999 3.0821145 3.0821145 3.6959999 3.6959999
2.8022165 2.8022165 2.8022165 3.3246207 3.3246207 3.3246207 3.3246207 3.3246207 3.3246207 3.3246207 3.746808 3.746808 3.746808 3.746808 3.746808 3.746808 3.746808 3.746808 3.746808 3.746808 3.746808 3.091747 3.091747 3.091747 3.1819932 3.181994 3.1819932 3.1819932 3.1819932 3.1819932 3.1819932 3.1819932 3.1819932 3.1819932 3.1819932 3.1819932 3.1819932 3.746808 3.746808 3.746808 3.746808 3.57869 3.6959999 3.6959999 3.6959999 3.0821145 3.0821145 3.6959999 3.6959999 3.6959999 3.6959999 3.6959999 3.0821145 3.6959999 3.6959999 3.6959999 3.6959999 3.6959999 3.6959999 3.6959999
2.8022165 2.8022165 2.8022165 3.3246207 3.3246207 3.3246207 3.3246207 3.3246207 3.3246207 3.3246207 3.746808 3.746808 3.746808 3.746808 3.746808 3.746808 3.746808 3.746808 3.746808 3.746808 3.746808 3.746808 3.746808 3.746808 3.746808 3.1819932 3.1819932 3.1819932 3.1819932 3.1819932 3.1819932 3.1819932 3.1819932 3.1819932 3.1819932 3.1819932 3.1819932 3.1819932 3.746808 3.746808 3.746808 3.6959999 3.0821145 3.0821145 3.6959999 3.0821145 3.0821145 3.6959999 3.0821145 3.0821145 3.0821145 3.6959999 3.6959999 3.6959999 3.6959999 3.6959999 3.0821145 3.0821145 3.0821145 3.6959999
2.8022165 2.8022165 2.8022165 3.3246207 3.3246207 3.3246207 3.3246207 3.3246207 3.3246207 3.3246207 3.3246207 3.3246207 3.746808 3.746808 3.746808 3.746808 3.746808 3.746808 3.746808 3.746808 3.746808 3.746808 3.746808 3.746808 3.746808 3.746808 3.1819932 3.1819932 3.1819932 3.1819932 3.1819932 3.1819932 3.1819932 3.1819932 3.1819932 3.1819932 3.1819932 3.1819932 3.091747 3.091747 3.746808 3.6959999 3.57869 3.6959999 3.6959999 3.6959999 3.0821145 3.0821145 3.0821145 3.0821145 3.6959999 3.6959999 3.6959999 3.6959999 3.6959999 3.6959999 3.0821145 3.0821145 3.0821145 3.6959999
3.0822232 2.8022165 2.8022165 3.3246207 3.3246207 3.3246207 3.3246207 3.3246207 3.3246207 3.3246207 3.3246207 3.746808 3.746808 3.746808 3.746808 3.746808 3.746808 3.746808 3.746808 3.746808 3.746808 3.746808 3.746808 3.746808 3.746808 3.6201932 3.1819932 3.1819932 3.1819932 3.1819932 3.1819932 3.1819932 3.1819932 3.1819932 2.7587879 2.7587879 3.1819932 3.746808 3.091747 3.091747 3.746808 3.6959999 3.6959999 3.6959999 3.6959999 3.6959999 3.6959999 3.0821145 2.7611167 3.0821145 3.6959999 3.6959999 3.6959999 3.6959999 3.6959999 3.6959999 3.6959999 3.0821145 3.0821145 3.6959999
3.0822232 3.0822232 3.3246207 3.3246207 3.3246207 3.3246207 3.3246207 3.3246207 3.3246207 3.3246207 3.3246207 3.3246207 3.746808 3.746808 3.746808 3.746808 3.746808 3.746808 3.746808 3.746808 3.746808 3.746808 3.746808 3.746808 3.746808 3.6201932 3.6201932 3.1819932 3.1819932 3.1819932 3.1819932 3.1819932 3.1819932 3.1819932 2.7587879 2.7587879 3.746808 3.746808 3.746808 3.746808 3.746808 3.6959999 3.6959999 3.6959999 3.6959999 3.6959999 3.0821145 3.0821145 2.7611167 3.0821145 3.6959999 3.6959999 3.0821145 3.0821145 3.6959999 3.6959999 3.6959999 3.0821145 3.0821145 3.6959999
3.0822232 3.0822232 3.5367873 3.3246207 3.3246207 3.3246207 3.3246207 3.3246207 3.3246207 3.3246207 3.3246207 3.3246207 3.3246207 3.746808 3.746808 3.746808 3.746808 3.746808 3.746808 3.746808 3.746808 3.746808 3.746808 3.746808 3.746808 3.746808 3.746808 3.1819932 3.1819932 3.1819932 3.1819932 3.1819932 3.1819932 3.1819932 3.1819932 3.1819932 3.746808 3.746808 3.746808 3.746808 3.1819932 3.1687062 3.6959999 3.6959999 3.6959999 3.6959999 3.0821145 2.7611167 3.0821145 3.0821145 3.6959999 3.6959999 3.0821145 3.0821145 3.6959999 3.6959999 3.6959999 3.0821145 3.0821145 3.0821145
2.8022165 3.0822232 3.0822232 3.3246207 3.3246207 3.3246207 3.3246207 3.3246207 3.3246207 3.3246207 3.3246207 3.3246207 3.3246207 3.091747 3.091747 3.746808 3.746808 3.746808 3.746808 3.746808 3.091747 3.091747 3.746808 3.746808 3.091747 3.091747 3.746808 3.746808 3.746808 3.1819932 3.1819932 3.1819932 3.1819932 3.1819932 3.1819932 3.1819932 3.1819932 3.746808 3.746808 3.746808 3.1819932 3.1687062 3.1687062 3.1687062 3.6959999 3.0821145 3.0821145 3.0821145 3.0821145 3.0821145 3.6959999 3.6959999 3.6959999 3.6959999 3.6959999 3.6959999 3.6959999 3.0821145 3.0821145 3.0821145
2.8022165 2.8022165 3.0822232 3.0822232 3.746808 3.3246207 3.3246207 3.3246207 3.3246207 3.3246207 3.3246207 3.3246207 3.3246207 3.091747 3.091747 3.3246207 3.746808 3.746808 3.746808 3.746808 3.091747 3.091747 3.746808 3.746808 3.091747 3.091747 3.746808 3.746808 3.746808 3.1819932 3.1819932 3.1819932 3.1819932 3.1819932 3.1819932 3.1819932 3.1819932 3.746808 3.746808 3.746808 3.746808 3.1687062 3.1687062 3.1687062 3.1687062 3.0821145 3.0821145 3.0821145 3.0821145 3.0821145 3.6959999 3.6959999 3.6959999 3.6959999 3.6959999 3.6959999 3.0821145 3.0821145 3.0821145 3.0821145
2.8022165 2.8022165 2.8022165 2.8022165 2.8022165 3.746808 3.746808 3.091747 3.3246207 3.3246207 3.3246207 3.3246207 3.3246207 3.746808 3.746808 3.746808 3.091747 3.091747 3.091747 3.746808 3.746808 3.746808 3.746808 3.091747 3.091747 3.746808 3.746808 3.746808 3.746808 3.1819932 3.1819932 3.1819932 3.1819932 3.1819932 3.1819932 3.1819932 3.1819932 3.1819932 3.746808 3.746808 3.746808 3.6959999 3.1687062 3.1687062 3.1687062 3.1687062 3.0821145 3.0821145 3.0821145 3.6959999 3.6959999 3.6959999 3.6959999 3.6959999 3.6959999 3.6959999 3.0821145 3.0821145 2.7611167 2.7611167
