Export/ASCII/RMeteo_tot/p5_sum_tot.asc
ncols         660
nrows         338
xllcorner     1476100.0
yllcorner     5017100.0
cellsize      100
NODATA_value  -9999
[rows 0 to 26 of 338, columns 600 to 659 of 660]
2.0538769 3.2302613 3.7910945 1.2626901 1.2460647 1.2460647 1.2626901 1.2626901 3.2791386 1.2626901 1.2626901 1.2626901 1.2626901 1.2626901 1.2626901 1.2626901 1.2626901 1.2626901 1.2626901 1.2460647 1.2460647 1.2626901 1.2626901 1.2626901 1.2626901 1.2460647 2.8749418 1.2460647 1.2626901 1.2460647 1.2460647 1.2460647 1.2385247 1.2385247 3.1443448 3.1443448 3.1443448 2.8021429 2.8021429 2.8021429 2.8021429 2.8021429 2.8021429 2.8021429 2.8021429 2.8021429 3.1443448 3.663452 3.1733527 3.1733527 3.1733527 3.1733527 3.1733527 3.1733527 3.1733527 3.1733527 3.1733527 3.1733527 3.1733527 3.1733527
2.0538769 1.2626901 1.2626901 1.2626901 1.2626901 1.2626901 1.2626901 1.2626901 1.2626901 1.2460647 1.2460647 1.2626901 1.2626901 1.2626901 1.2626901 1.2626901 1.2626901 1.2626901 1.2460647 1.2460647 1.2460647 1.2626901 1.2626901 1.2626901 1.2626901 1.2460647 2.8749418 1.2460647 1.2626901 1.2460647 1.2460647 1.2460647 1.2536904 3.663452 3.1443448 3.1443448 3.1443448 3.1443448 3.1443448 3.1443448 2.8021429 2.8021429 2.8021429 2.8021429 2.8021429 2.8021429 3.1443448 3.1443448 3.663452 3.1733527 3.1733527 3.1733527 3.1733527 3.1733527 3.1733527 3.1733527 3.1733527 3.1733527 3.1733527 3.1733527
2.0538769 1.2626901 1.2626901 1.2626901 1.2626901 1.2626901 1.2626901 1.2626901 1.2626901 1.2460647 1.2460647 1.2626901 1.2626901 1.2626901 1.2626901 1.2626901 1.2626901 1.2626901 1.2460647 1.2460647 1.2460647 1.2460647 1.2626901 1.2626901 1.2626901 1.2460647 1.2460647 1.2460647 1.2626901 1.2626901 1.2626901 1.2626901 3.663452 3.663452 3.1443448 3.1443448 3.1443448 3.1443448 3.1443448 3.1443448 2.8021429 2.8021429 2.8021429 2.8021429 2.8021429 2.8021429 2.8021429 3.1443448 3.1443448 3.1443448 3.1733527 3.1733527 3.1733527 3.1733527 3.1733527 3.1733527 3.1733527 3.1733527 3.1733527 3.1733527
2.1617227 1.2626901 1.2626901 1.2626901 1.2626901 1.2626901 1.2626901 1.2626901 1.2626901 1.2460647 1.2460647 1.2460647 1.2460647 1.2626901 1.2626901 1.2626901 1.2626901 1.2626901 1.2626901 1.2626901 1.2626901 1.2460647 1.2460647 1.2626901 1.2626901 1.2626901 1.2626901 1.2626901 1.2626901 1.2626901 1.2626901 3.7910945 3.663452 3.663452 3.1443448 3.1443448 3.1443448 3.1443448 3.1443448 2.8021429 2.8021429 2.8021429 2.8021429 2.8021429 2.8021429 2.8021429 2.8021429 3.1443448 3.1443448 3.1443448 3.1733527 3.1733527 3.1733527 3.1733527 3.1733527 3.1733527 3.1733527 3.1733527 3.1733527 3.1733527
2.1617227 3.7910945 1.2626901 3.7910945 3.7910945 1.2626901 1.2626901 1.2626901 1.2626901 1.2626901 1.2460647 1.2460647 1.2460647 1.2626901 1.2626901 1.2626901 1.2626901 1.2626901 1.2626901 1.2626901 1.2626901 1.2626901 1.2626901 1.2626901 1.2626901 1.2626901 1.2626901 1.2626901 1.2626901 1.2626901 3.7910945 3.7910945 3.663452 3.663452 3.1443448 2.8021429 3.1443448 3.1443448 2.8021429 2.8021429 3.1443448 3.1443448 2.8021429 2.8021429 2.8021429 2.8021429 2.8021429 2.8021429 2.8021429 3.1443448 3.1443448 3.1733527 3.1733527 3.1733527 3.1733527 3.1733527 3.1733527 3.1733527 3.1733527 3.1733527
2.0538769 3.2302613 3.7910945 3.7910945 3.7910945 3.7910945 3.7910945 1.2626901 1.2626901 1.2626901 1.2460647 1.2460647 1.2460647 1.2626901 1.2626901 1.2626901 1.2626901 1.2626901 1.2626901 1.2626901 1.2626901 1.2626901 1.2626901 1.2626901 1.2626901 1.2626901 1.2626901 1.2626901 3.7910945 3.7910945 3.7910945 3.7910945 3.663452 3.663452 3.1443448 3.1443448 3.1443448 3.1443448 3.1443448 2.8021429 3.1443448 3.1443448 3.1443448 2.8021429 2.8021429 2.8021429 2.8021429 2.8021429 2.8021429 2.8021429 3.1443448 3.1733527 3.1733527 3.1733527 3.1733527 3.1733527 3.1733527 3.1733527 3.1733527 3.1733527
2.0538769 3.2302613 3.2302613 3.2302613 3.7910945 3.7910945 3.7910945 3.7910945 3.7910945 1.2626901 1.2626901 1.2626901 1.2460647 1.2460647 1.2626901 1.2626901 1.2626901 1.2626901 1.2626901 1.2626901 1.2626901 1.2626901 1.2626901 1.2626901 1.2626901 1.2626901 1.2626901 3.7910945 3.7910945 3.7910945 3.7910945 3.7910945 3.663452 3.663452 3.1443448 3.1443448 3.1443448 3.1443448 3.1443448 2.8021429 3.1443448 3.1443448 3.1443448 2.8021429 2.8021429 2.8021429 2.8021429 2.8021429 2.8021429 2.8021429 2.8021429 2.8021429 3.1733527 3.1733527 3.1733527 3.1733527 3.1733527 3.1733527 3.1733527 3.1733527
2.0538769 2.8749418 2.8749418 3.2302613 3.7910945 3.7910945 3.2302613 3.7910945 3.7910945 3.2302613 3.7910945 3.7910945 1.2460647 1.2460647 1.2626901 1.2626901 1.2626901 1.2626901 1.2626901 1.2626901 1.2626901 1.2626901 1.2626901 1.2626901 1.2626901 3.7910945 3.7910945 3.7910945 3.7910945 3.7910945 3.7910945 3.7910945 3.663452 3.663452 3.1443448 3.1443448 3.1443448 3.1443448 3.1443448 3.1443448 3.1443448 3.1443448 3.1443448 2.8021429 2.8021429 2.8021429 2.8021429 2.8021429 2.8021429 2.8021429 3.1733534 3.1733534 3.1733527 3.1733527 3.1733527 3.1733527 3.1733527 3.1733527 3.1733527 3.1733527
2.0538769 3.2302613 3.2302613 3.2302613 3.2302613 3.2302613 3.2302613 3.2302613 3.2302613 3.2302613 3.7910945 3.7910945 3.7910945 3.7910945 3.7910945 3.7910945 3.7910945 3.7910945 3.7910945 3.7910945 3.7910945 3.7910945 3.7910945 3.7910945 3.7910945 3.7910945 3.7910945 3.7910945 3.7910945 3.7910945 3.7910945 3.7910945 3.663452 3.663452 3.663452 3.663452 3.1443448 3.1443448 2.8021429 2.8021429 3.1443448 3.1443448 3.1443448 3.1443448 2.8021429 2.8021429 2.8021429 2.8021429 2.8021429 2.8021429 2.7825215 3.226414 3.1733527 3.1733527 3.1733527 3.1733527 3.1733527 3.1733527 3.1733527 3.1733527
2.0538769 3.2302613 3.2302613 3.2302613 3.2302613 3.2302613 2.8749418 3.2302613 3.7910945 3.7910945 3.7910945 3.7910945 3.7910945 3.7910945 3.7910945 3.7910945 3.7910945 3.7910945 3.7910945 3.7910945 3.7910945 3.7910945 3.7910945 3.7910945 3.7910945 3.7910945 3.7910945 3.7910945 3.7910945 3.7910945 3.7910945 3.7910945 3.663452 3.663452 3.663452 3.1443448 3.1443448 2.8021429 2.8021429 2.8021429 2.8021429 3.1443448 3.1443448 3.1443448 2.8021429 2.8021429 2.8021429 2.8021429 2.8021429 3.1443448 3.1443448 3.663452 3.663452 3.1733527 3.1733527 3.1733527 3.1733527 3.1733527 3.1733527 3.1733527
2.0538769 3.2302613 3.2302613 3.2302613 3.2302613 3.2302613 2.8749418 3.2302613 3.2302613 3.7910945 3.7910945 3.7910945 3.7910945 3.7910945 3.7910945 3.7910945 3.7910945 3.7910945 3.7910945 3.7910945 3.7910945 3.7910945 3.7910945 3.7910945 3.7910945 3.7910945 3.7910945 3.7910945 3.7910945 3.7910945 3.7910945 3.7910945 3.663452 3.663452 3.1443448 3.1443448 2.8021429 2.8021429 2.8021429 3.1443448 3.1443448 3.1443448 3.1443448 3.1443448 3.1443448 2.8021429 2.8021429 2.8021429 2.8021429 3.1443448 3.1443448 3.1443448 3.663452 3.1733527 3.1733527 3.1733527 3.1733527 3.1733527 3.1733527 3.1733527
3.7910945 3.7910945 3.2302613 3.2302613 3.2302613 3.2302613 3.2302613 3.2302613 3.2302613 3.7910945 3.7910945 3.7910945 3.7910945 3.7910945 3.7910945 3.7910945 3.7910945 3.7910945 3.7910945 3.7910945 3.7910945 3.7910945 3.7910945 3.7910945 3.7910945 3.7910945 3.7910945 3.7910945 3.7910945 3.7910945 3.7910945 3.7910945 3.663452 3.1443448 3.1443448 3.1443448 3.1443448 3.1443448 2.8021429 3.1443448 3.1443448 3.1443448 3.1443448 3.1443448 3.1443448 3.1733534 3.1733534 2.8021429 3.226414 3.1443448 3.1443448 3.663452 3.663452 3.1733527 3.1733527 3.1733527 3.1733527 3.1733527 3.1733527 3.1733527
3.7910945 3.7910945 3.2302613 3.2302613 3.2302613 3.2302613 3.2302613 3.2302613 3.2302613 3.2302613 3.7910945 3.7910945 3.7910945 3.7910945 3.7910945 3.7910945 3.7910945 3.7910945 3.7910945 3.7910945 3.7910945 3.7910945 3.7910945 3.7910945 3.7910945 3.7910945 3.7910945 3.7910945 3.2302613 3.2302613 3.7910945 3.7910945 3.1443448 3.1443448 3.1443448 3.1443448 3.1443448 2.8021429 2.8021429 3.1443448 3.1443448 3.1443448 3.1443448 3.1443448 3.1443448 2.8021429 3.1443448 3.1443448 3.5732741 3.663452 3.663452 3.663452 3.663452 3.226414 3.1733527 3.1733527 3.1733527 3.1733527 3.1733527 3.1733527
3.7910945 3.7910945 3.7910945 3.7910945 3.2302613 3.2302613 3.2302613 3.2302613 3.2302613 3.2302613 3.7910945 3.7910945 3.7910945 3.7910945 3.7910945 3.7910945 3.7910945 3.7910945 3.7910945 3.2302613 3.2302613 3.7910945 3.7910945 3.7910945 3.7910945 3.7910945 3.2302613 3.2302613 3.2302613 3.2302613 3.2302613 3.2302613 3.1443448 3.1443448 3.1443448 3.1443448 3.1443448 2.8021429 2.8021429 2.8021429 3.1443448 2.8021429 3.1443448 3.1443448 3.1443448 3.1443448 3.1443448 3.1443448 3.1443448 3.1443448 3.226414 3.226414 3.226414 3.226414 3.1733527 3.1733527 3.1733527 3.1733527 3.1733527 3.1733527
3.7910945 3.7910945 3.7910945 3.7910945 3.7910945 3.2302613 3.2302613 3.2302613 3.2302613 3.2302613 3.2302613 3.7910945 3.7910945 3.7910945 3.7910945 3.7910945 3.7910945 3.7910945 3.7910945 3.2302613 3.2302613 3.7910945 3.7910945 3.7910945 3.7910945 3.7910945 3.2302613 3.2302613 3.2302613 3.2302613 3.2302613 3.2302613 3.1443448 3.1443448 3.1443448 2.8021429 2.8021429 2.8021429 2.8021429 2.8021429 2.8021429 2.8021429 2.8021429 2.8021429 2.8021429 3.1443448 3.1443448 3.1443448 3.1443448 3.1443448 3.226414 3.226414 3.226414 3.226414 3.1733527 3.1733527 3.1733527 3.1733527 3.1733527 3.1733527
3.7910945 3.7910945 3.7910945 3.7910945 3.7910945 3.7910945 3.7910945 3.2302613 3.2302613 3.2302613 3.2302613 3.7910945 3.7910945 3.7910945 3.7910945 3.7910945 3.7910945 3.7910945 3.7910945 3.7910945 3.7910945 3.2302613 3.7910945 3.7910945 3.7910945 3.7910945 3.2302613 3.2302613 3.2302613 3.2302613 3.2302613 3.2302613 3.1443448 3.1443448 3.1443448 2.8021429 2.8021429 2.8021429 3.1443448 3.1443448 2.8021429 2.8021429 2.8021429 3.1443448 3.1443448 3.1443448 3.663452 3.1443448 3.1443448 3.1443448 3.226414 3.226414 3.226414 3.226414 3.1733527 3.1733527 3.1733527 3.1733527 3.1733527 3.1733527
3.7910945 3.7910945 3.7910945 3.7910945 3.7910945 3.7910945 3.7910945 3.7910945 3.7910945 3.7910945 3.7910945 3.7910945 3.7910945 3.7910945 3.7910945 3.7910945 3.7910945 3.7910945 3.7910945 3.7910945 3.2302613 3.2302613 3.7910945 3.7910945 3.7910945 3.7910945 3.7910945 3.2302613 3.7910945 3.2302613 3.2302613 3.2302613 3.1443448 3.1443448 3.1443448 2.8021429 2.8021429 2.8021429 3.1443448 3.1443448 3.1443448 2.8021429 3.1443448 3.1443448 3.1443448 3.663452 3.663452 3.663452 3.226414 3.226414 3.226414 3.226414 3.226414 3.226414 3.1733527 3.1733527 3.1733527 3.1733527 3.1733527 3.1733527
3.7910945 3.7910945 3.7910945 3.7910945 3.7910945 3.7910945 3.7910945 3.7910945 3.7910945 3.7910945 3.7910945 3.7910945 3.7910945 3.7910945 3.7910945 3.7910945 3.7910945 3.7910945 3.7910945 3.7910945 3.2302613 3.2302613 3.7910945 3.2302613 3.2302613 3.2302613 3.2302613 2.8749418 3.2302613 3.2302613 3.2302613 3.7910945 3.1443448 3.1443448 3.1443448 2.8021429 2.8021429 2.8021429 2.8021429 3.1443448 3.1443448 3.1443448 3.1443448 3.663452 3.663452 3.1443448 3.1443448 3.663452 3.226414 3.226414 3.226414 3.226414 3.226414 3.226414 3.226414 3.1733527 3.1733527 3.1733527 3.1733527 3.1733527
3.7910945 3.7910945 3.7910945 3.7910945 3.7910945 3.7910945 3.7910945 3.7910945 3.7910945 3.7910945 3.7910945 3.7910945 3.7910945 3.7910945 3.7910945 3.7910945 3.7910945 3.7910945 3.7910945 3.7910945 3.2302613 3.2302613 2.8749418 2.8749418 3.2302613 3.2302613 2.8749418 2.8749418 2.8749418 3.2302613 3.2302613 3.2302613 3.1443448 3.1443448 3.1443448 2.8021429 2.8021429 2.8021429 2.8021429 3.1443448 3.1443448 3.1443448 3.1443448 3.663452 3.663452 3.1443448 3.1443448 3.663452 3.663452 3.226414 3.226414 3.226414 3.226414 3.226414 3.226414 3.1733527 3.1733527 3.1733527 3.1733527 3.1733527
3.7910945 3.7910945 3.7910945 3.7910945 3.7910945 3.7910945 3.7910945 3.7910945 3.7910945 3.7910945 3.7910945 3.7910945 3.7910945 3.7910945 3.7910945 3.7910945 3.7910945 3.7910945 3.7984302 3.2302613 3.2302613 3.2302613 3.2302613 2.8749418 2.8749418 2.8749418 2.8749418 2.8749418 2.8749418 2.8749418 3.2302613 3.2302613 3.1443448 3.663452 3.1443448 3.1443448 3.1443448 3.1443448 3.1443448 3.1443448 3.1443448 3.1443448 3.1443448 3.663452 3.663452 3.663452 3.663452 3.663452 3.663452 3.663452 3.226414 3.226414 3.226414 3.226414 3.226414 3.1733527 3.1733527 3.1733527 3.1733527 3.1733527
3.2302613 3.2302613 3.7910945 3.7910945 3.7910945 3.7910945 3.7910945 3.7910945 3.7910945 3.7910945 3.7910945 3.7910945 3.2302613 3.2302613 3.7910945 3.7910945 3.7910945 3.7984302 3.7984302 3.2302613 3.2302613 3.2302613 3.2302613 2.8749418 2.8749418 2.8749418 2.8749418 2.8749418 2.8749418 2.8749418 2.8749418 3.2302613 3.6693249 3.663452 3.226414 3.1443448 3.1443448 3.1443448 3.1443448 3.1443448 3.1443448 3.1443448 3.1443448 3.663452 3.663452 3.663452 3.663452 3.663452 3.663452 3.663452 3.663452 3.226414 3.226414 3.226414 3.226414 3.1733527 3.1733527 3.1733527 3.1733527 3.1733527
2.8749418 3.2302613 3.2302613 3.3573236 3.7910945 3.7910945 3.7910945 3.7910945 3.2302613 3.2302613 3.2302613 3.2302613 3.2302613 3.2302613 3.2302613 3.2302613 3.2302613 3.7910945 3.6913223 3.7910945 3.6913223 3.2302613 3.2302613 2.8749418 2.8749418 2.8749418 2.8749418 2.8749418 2.8749418 3.2302613 3.2302613 3.2302613 3.663452 3.663452 3.663452 3.1443448 3.1443448 3.1443448 3.1443448 3.1443448 3.1443448 3.663452 3.663452 3.663452 3.663452 3.1443448 3.663452 3.663452 3.663452 3.663452 3.663452 3.226414 3.226414 3.226414 3.226414 3.1733527 3.1733527 3.1733527 3.1733527 3.1733527
2.8749418 3.2302613 3.2302613 3.7910945 3.7910945 3.2302613 3.2302613 3.2302613 3.2302613 3.2302613 3.2302613 2.8749418 2.8749418 2.8749418 3.2302613 3.2302613 3.2302613 3.7910945 3.7910945 3.7910945 3.7910945 3.2302613 3.2302613 2.8749418 2.8749418 2.8749418 3.2302613 3.2302613 2.8749418 3.2302613 3.7910945 3.2302613 3.1443448 3.1443448 3.1443448 3.663452 3.663452 3.1443448 3.1443448 3.1443448 3.663452 3.663452 3.663452 3.663452 3.663452 3.1443448 3.663452 3.1443448 3.663452 3.663452 3.663452 3.1443448 3.226414 3.226414 3.663452 3.226414 3.1733527 3.1733527 3.1733527 3.1733527
3.2302613 3.2302613 3.2302613 3.2302613 3.2302613 3.2302613 3.2302613 3.2302613 2.8749418 2.8749418 2.8749418 2.8749418 3.2302613 3.2302613 3.2302613 3.2302613 3.3573236 3.7910945 3.7910945 3.7910945 3.7910945 3.2302613 3.2302613 3.2302613 3.2302613 3.2302613 3.2302613 3.2302613 3.2302613 3.2302613 3.2302613 3.2302613 3.1443448 3.1443448 3.1443448 3.663452 3.663452 3.663452 3.663452 3.663452 3.663452 3.663452 3.663452 3.1443448 3.1443448 3.1443448 3.1443448 3.1443448 3.663452 3.663452 3.663452 3.1443448 3.1443448 3.1443448 3.663452 0.0 3.1733527 3.1733527 3.1733527 3.1733527
3.0703194 2.7331195 3.0703194 3.0703194 2.7331195 2.7331195 2.7331195 3.0703194 3.0703194 2.7331195 2.7331195 3.0703194 3.0703194 3.5695217 3.0703194 3.0703194 3.0703194 3.0703194 3.4828377 3.5695217 3.5695217 3.0703194 3.0703194 3.0703194 3.0703194 3.0703194 3.0703194 3.0703194 3.0703194 2.7331195 2.7331195 3.0703194 2.9930644 2.9930644 2.9930644 3.4854918 3.4854918 3.4854918 3.4854918 3.4854918 3.4854918 3.4854918 3.4854918 3.4854918 3.4854918 2.9930644 2.9930644 2.9930644 3.4854918 3.4854918 3.4854918 3.4854918 2.9930644 2.9930644 2.9930644 3.062038 3.0191455 3.0191455 3.0191455 3.0191455
2.7331195 2.7331195 3.0703194 3.0703194 2.7331195 3.0703194 3.0703194 3.0703194 3.0703194 3.0703194 3.0703194 3.0703194 3.5695217 3.5695217 3.5695217 3.0703194 3.0703194 3.0703194 3.0703194 3.0703194 3.0703194 3.0703194 3.0703194 3.0703194 3.0703194 3.0703194 3.0703194 3.0703194 3.0703194 3.0703194 3.0703194 3.0703194 2.9930644 2.9930644 2.9930644 2.9930644 3.4854918 3.4854918 3.4941432 3.4854918 3.4854918 3.4854918 3.4854918 3.4854918 3.4854918 2.9930644 2.9930644 2.9930644 3.4854918 3.4854918 3.4854918 3.4854918 2.9930644 2.9930644 2.9930644 3.4854918 3.062038 3.0191455 3.0191455 3.0191455
2.7331195 2.7331195 3.0703194 3.0703194 2.7331195 3.0703194 3.0703194 3.0703194 3.0703194 3.0703194 3.0703194 3.0703194 3.5695217 3.5778637 3.5695217 3.0703194 3.0703194 3.0703194 3.0703194 3.0703194 3.0703194 3.0703194 2.7331195 3.0703194 3.0703194 3.0703194 3.0703194 3.0703194 3.0703194 3.0703194 3.0703194 3.0703194 2.9930644 2.9930644 2.9930644 2.9930644 3.4854918 3.4854918 3.4941432 3.4854918 3.4854918 3.4854918 3.4854918 2.9930644 2.9930644 2.9930644 2.9930644 3.4854918 3.4854918 3.4854918 3.4854918 3.4854918 3.4854918 3.4854918 3.4854918 3.4854918 3.4854918 3.0191455 3.0191455 3.0191455
