Export/ASCII/RMeteo_tot/p6_sum_tot.asc
ncols         660
nrows         338
xllcorner     1476150
yllcorner     5017150
cellsize      100
NODATA_value  -9999
[rows 162 to 188 of 338, columns 180 to 239 of 660]
2.8148127 3.113699 3.5437922 3.583858 3.243779 3.2033494 3.4280608 3.2033494 3.7021894 3.7021894 3.5692444 3.5692444 3.8368158 3.8368158 3.7021894 3.7021894 3.8368158 3.8368158 3.8368158 3.8368158 3.8368158 3.8368158 3.8368158 3.8368158 3.5692444 3.5692444 3.5692444 3.5692444 3.8368158 3.8368158 3.8368158 3.8368158 3.8368158 3.8368158 3.5692444 3.8368158 3.8368158 3.8368158 3.8368158 3.8368158 3.8368158 3.8368158 3.8368158 3.8368158 3.4123828 3.8368158 3.8368158 3.4123828 3.4123828 3.4123828 3.8368158 3.4123828 3.4123828 3.8368158 3.8368158 3.8368158 3.8368158 3.8368158 3.8368158 3.800225
3.2200294 3.235359 3.561798 3.5765736 3.4797196 3.2569985 3.500679 3.453669 3.8368158 3.1672945 3.1672945 3.8368158 3.8368158 3.8368158 3.7021894 3.7021894 3.8368158 3.8368158 3.8368158 3.8368158 3.8368158 3.8368158 3.8368158 3.8368158 3.5692444 3.5692444 3.5692444 3.5692444 3.8368158 3.8368158 3.8368158 3.8368158 3.8368158 3.8368158 3.5692444 3.7021894 3.8368158 3.8368158 3.8368158 3.4123828 3.8368158 3.8368158 3.8368158 3.8368158 3.8368158 3.8368158 3.8368158 3.4123828 3.4123828 3.4123828 3.8368158 3.8368158 3.5692444 3.5692444 3.5692444 3.8368158 3.8368158 3.8368158 3.8368158 3.800225
3.2568111 3.2501774 3.113699 3.5642304 3.2569985 3.6376402 3.577321 3.577321 3.7021894 3.1672945 3.1672945 3.8368158 3.8368158 3.8368158 3.8368158 3.8368158 3.8368158 3.8368158 3.8368158 3.8368158 3.8368158 3.8368158 3.8368158 3.8368158 3.8368158 3.5692444 3.5692444 3.5692444 3.8368158 3.8368158 3.8368158 3.8368158 3.7021894 3.7021894 3.7021894 3.7021894 3.8368158 3.8368158 3.8368158 3.8368158 3.8368158 3.8368158 3.8368158 3.4123828 3.8368158 3.8368158 3.8368158 3.4123828 3.4123828 3.8368158 3.8368158 3.8368158 3.5692444 3.5692444 3.5692444 3.5692444 3.8368158 3.8368158 3.8368158 3.800225
3.113699 3.113699 3.3030882 3.2569985 3.4454265 3.6552815 3.6171854 3.4201834 3.7021894 3.1672945 3.1672945 3.8368158 3.8368158 3.8368158 3.8368158 3.8368158 3.8368158 3.7021894 3.7021894 3.8368158 3.8368158 3.8368158 3.7021894 3.7021894 3.8368158 3.5692444 3.5692444 3.5692444 3.8368158 3.8368158 3.8368158 3.8368158 3.7021894 3.2033494 3.7021894 3.7021894 3.8368158 3.8368158 3.8368158 3.8368158 3.8368158 3.8368158 3.8368158 3.4123828 3.8368158 3.8368158 3.8368158 3.4123828 3.4123828 3.8368158 3.8368158 3.4123828 3.8368158 3.5692444 3.5692444 3.5692444 3.5692444 3.8368158 3.8368158 3.800225
3.395649 3.2569985 3.4552965 3.5163693 3.51154 3.3617172 3.630162 3.2627313 3.5692444 3.1672945 3.5692444 3.5692444 3.5692444 3.5692444 3.8368158 3.8368158 3.8368158 3.7021894 3.7021894 3.8368158 3.8368158 3.8368158 3.7021894 3.7021894 3.8368158 3.5692444 3.5692444 3.8368158 3.8368158 3.8368158 3.8368158 3.8368158 3.5692444 3.7021894 3.7021894 3.5692444 3.8368158 3.8368158 3.8368158 3.8368158 3.7021894 3.8368158 3.8368158 3.4123828 3.8368158 3.7021894 3.7021894 3.8368158 3.4123828 3.4123828 3.4123828 3.4123828 3.8368158 3.8368158 3.5692444 3.5692444 3.5692444 3.8368158 3.8368158 3.800225
3.3718314 3.3335981 3.5624363 3.6007679 3.5799422 3.2571926 3.2033494 3.4829237 3.113699 3.5692444 3.5692444 3.113699 3.5692444 3.5692444 3.8368158 3.8368158 3.5692444 3.8368158 3.8368158 3.8368158 3.8368158 3.8368158 3.8368158 3.4123828 3.8368158 3.8368158 3.8368158 3.7021894 3.7021894 3.8368158 3.8368158 3.8368158 3.8368158 3.8368158 3.5692444 3.5692444 3.8368158 3.8368158 3.8368158 3.5692444 3.5692444 3.8368158 3.8368158 3.8368158 3.8368158 3.7021894 3.7021894 3.4123828 3.4123828 3.8368158 3.4123828 3.4123828 3.8368158 3.8368158 3.8368158 3.5692444 3.8368158 3.8368158 3.8368158 3.800225
3.113699 3.2605877 3.113699 3.2569985 3.6188877 3.2503712 3.453669 3.113699 3.113699 3.113699 3.113699 3.7451453 3.5692444 3.5692444 3.5692444 3.5692444 3.5692444 3.5692444 3.8368158 3.8368158 3.8368158 3.8368158 3.8368158 3.4123828 3.4123828 3.8368158 3.8368158 3.5692444 3.5692444 3.8368158 3.8368158 3.8368158 3.8368158 3.8368158 3.5692444 3.5692444 3.8368158 3.8368158 3.8368158 3.5692444 3.5692444 3.8368158 3.8368158 3.8368158 3.8368158 3.4123828 3.4123828 3.4123828 3.8368158 3.8368158 3.8368158 3.4123828 3.8536565 3.8368158 3.8368158 3.8368158 3.8368158 3.8368158 3.8368158 3.800225
3.2569985 3.3031244 3.235359 3.5163693 3.2569985 3.4140017 3.577321 3.395649 3.395649 3.395649 2.9086008 3.113699 3.5692444 3.5692444 3.5692444 3.5692444 3.5692444 3.8368158 3.8368158 3.8368158 3.8368158 3.8368158 3.4123828 3.4123828 3.4123828 3.8368158 3.8368158 3.8368158 3.8368158 3.8368158 3.8368158 3.8368158 3.8368158 3.7021894 3.7021894 3.5692444 3.8368158 3.8368158 3.8368158 3.5692444 3.8368158 3.8368158 3.8368158 3.8368158 3.4123828 3.4123828 3.4123828 3.8368158 3.8368158 3.8368158 3.8368158 3.8368158 3.8368158 3.8368158 3.8368158 3.8368158 3.7021894 3.5692444 3.5692444 3.800225
3.3335981 3.113699 3.2501774 3.6007679 3.5163693 3.5624363 3.6158898 3.5624363 3.2569985 3.5624363 2.8715973 3.2569985 3.7021894 3.7021894 3.5692444 3.7021894 3.5692444 3.8368158 3.7021894 3.8368158 3.8368158 3.8368158 3.4123828 3.4123828 3.4123828 3.8368158 3.8368158 3.8368158 3.8368158 3.8368158 3.8368158 3.8368158 3.8368158 3.7021894 3.7021894 3.5692444 3.8368158 3.8368158 3.8368158 3.8368158 3.8368158 3.8368158 3.8368158 3.4123828 3.4123828 3.4123828 3.8368158 3.1672945 3.8368158 3.8368158 3.8368158 3.8368158 3.8368158 3.8368158 3.8368158 3.8368158 3.8368158 3.5692444 3.7021894 3.800225
3.113699 3.235359 3.2569985 3.2569985 3.2569985 3.71125 3.630162 3.2569985 2.9699244 3.6113784 3.3383327 3.2569985 3.8368158 3.8368158 3.8368158 3.7021894 3.8368158 3.7021894 3.8368158 3.8368158 3.8368158 3.8368158 3.8368158 3.8368158 3.8368158 3.8368158 3.8368158 3.8368158 3.8368158 3.8368158 3.8368158 3.8368158 3.8368158 3.8368158 3.8368158 3.8368158 3.8368158 3.8368158 3.8368158 3.8368158 3.8368158 3.4123828 3.4123828 3.4123828 3.4123828 3.4123828 3.8368158 3.1672945 3.8368158 3.8368158 3.8368158 3.8368158 3.8368158 3.8368158 3.8368158 3.8368158 3.8368158 3.7021894 3.7021894 3.6805167
3.235359 3.113699 3.113699 3.3335981 3.3335981 3.7878032 3.63362 3.5163693 2.874223 2.8148127 2.8148127 4.312175 3.8368158 3.8368158 3.8368158 3.8368158 3.7021894 3.7021894 3.8368158 3.8368158 3.8368158 3.8368158 3.8368158 3.8368158 3.8368158 3.8368158 3.8368158 3.8368158 3.8368158 3.8368158 2.1417308 2.1417308 3.8368158 3.5692444 3.5692444 3.8368158 3.8368158 3.8368158 3.8368158 3.8368158 3.4123828 3.4123828 3.4123828 3.8368158 3.8368158 3.8368158 3.8368158 3.4123828 3.4123828 3.7021894 3.7021894 3.7021894 3.8368158 3.8368158 3.8368158 3.8368158 3.8368158 3.8368158 3.7021894 3.800225
3.2569985 3.235359 3.2569985 3.2605877 3.2605877 3.6339042 3.5625937 3.5279727 3.2569985 2.8148127 3.278237 3.8368158 3.8368158 3.8368158 3.8368158 3.8368158 3.5692444 3.5692444 3.8368158 3.8368158 3.8368158 3.8368158 3.8368158 3.8368158 3.8368158 3.8368158 3.8368158 3.8368158 3.8368158 2.1417308 2.59277 2.59277 3.8368158 3.5692444 3.5692444 3.4123828 3.8368158 3.8368158 3.8368158 3.4123828 3.4123828 3.4123828 3.8368158 3.8368158 3.8368158 3.7021894 3.7021894 3.8368158 3.4123828 3.7021894 3.7021894 3.7021894 3.8368158 3.8368158 3.8368158 3.8368158 3.8368158 3.8368158 3.8368158 3.800225
2.9699244 2.9199083 3.5163693 3.4140546 3.4140546 3.457662 3.2033494 3.562316 3.4454265 3.2785697 3.8368158 3.8368158 3.8368158 3.8368158 3.8368158 3.8368158 3.8368158 3.8368158 3.7021894 3.7021894 3.7021894 3.8368158 3.8368158 3.8368158 3.8368158 3.8368158 3.8368158 3.8368158 2.1417308 2.59277 2.8178773 2.8178773 3.8368158 3.5692444 3.5692444 3.4123828 3.8368158 3.4123828 3.4123828 3.4123828 3.8368158 3.8368158 3.8368158 3.8368158 3.8368158 3.7021894 3.7021894 3.8368158 3.4123828 3.7021894 3.7021894 3.4123828 3.8368158 3.8368158 3.8368158 3.8368158 3.8368158 3.4123828 3.8368158 3.800225
2.874223 2.8715973 3.2569985 3.5624368 3.2569985 3.5027854 3.453669 3.2569985 3.4381373 3.4661636 3.8368158 3.8368158 3.8368158 3.8368158 3.8368158 3.8368158 3.8368158 3.7021894 3.7021894 3.7021894 3.7021894 3.8368158 3.8368158 3.8368158 3.8368158 3.8368158 3.8368158 3.8368158 5.282956 2.8178773 2.1417308 2.1417308 6.3232265 3.8368158 3.8368158 3.8368158 3.4123828 3.4123828 3.4123828 3.8368158 3.8368158 3.8368158 3.5692444 3.5692444 3.8368158 3.8368158 3.8368158 3.8368158 3.8368158 3.8368158 3.8368158 3.4123828 3.4123828 3.8368158 3.8368158 3.8368158 3.8368158 3.4123828 3.8368158 3.800225
2.8701327 2.8701327 3.5163693 3.6113784 3.5163693 3.3852808 3.3840213 4.312175 4.2313023 4.412996 3.8368158 3.8368158 3.8368158 3.8368158 3.8368158 3.8368158 3.8368158 3.7021894 3.7021894 3.8368158 3.8368158 3.8368158 3.8368158 3.8368158 3.8368158 3.8368158 3.8368158 3.8368158 3.8368158 2.9571178 2.59277 5.282956 3.8368158 3.8368158 3.8368158 3.4123828 3.4123828 3.7021894 3.7021894 3.7021894 3.8368158 3.8368158 3.5692444 3.5692444 3.5692444 3.8368158 3.4123828 3.8368158 3.8368158 3.8368158 3.8368158 3.4123828 3.4123828 3.8368158 3.8368158 3.8368158 3.8368158 3.8368158 3.8368158 3.800225
2.8701327 2.8701327 3.6007679 3.6281018 3.6007679 3.113699 3.2620077 3.7021894 3.8368158 3.8368158 3.8368158 3.8368158 3.8368158 3.8368158 3.8368158 3.8368158 3.8368158 3.8368158 3.8368158 3.8368158 3.8368158 3.8368158 3.8368158 3.8368158 3.8368158 3.7021894 3.7021894 3.8368158 3.8368158 2.1301472 2.8062117 3.5692444 3.5692444 3.5692444 3.8368158 3.7021894 3.8368158 3.7021894 3.7021894 3.7021894 3.8368158 3.8368158 3.8368158 3.5692444 3.5692444 3.8368158 3.7021894 3.7021894 3.7021894 3.7021894 3.8368158 3.8368158 3.4123828 3.8368158 3.8368158 3.8368158 3.8368158 3.8368158 3.8368158 3.800225
3.182914 3.182914 3.6275253 3.2569985 3.2569985 3.6275253 3.113699 3.5692444 3.5692444 3.8368158 3.8368158 3.5692444 3.5692444 3.8368158 3.8368158 3.8368158 3.8368158 3.7021894 3.7021894 3.2569985 3.2569985 3.2569985 3.8368158 3.8368158 3.5692444 3.7021894 3.7021894 3.8368158 3.8368158 2.5614405 2.1301472 3.5692444 3.5692444 3.5692444 3.8368158 3.7021894 3.8368158 3.8368158 3.7021894 3.8368158 3.8368158 3.8368158 3.8368158 3.8368158 3.4123828 3.4123828 3.7021894 3.7021894 3.7021894 3.7021894 3.8368158 3.8368158 3.8368158 3.8368158 3.8368158 3.8368158 3.5692444 3.5692444 3.8368158 3.800225
3.113699 3.242627 3.6332 3.5163693 3.5163693 3.6332 3.235359 3.5692444 3.5692444 3.5692444 3.8368158 3.8368158 3.5692444 3.8368158 3.8368158 3.8368158 3.8368158 3.2033494 3.2033494 3.4454265 3.5163693 3.1508937 3.4123828 3.4123828 3.5692444 3.5692444 3.5692444 3.8368158 3.8368158 3.7021894 2.8548024 2.106345 3.5692444 3.4123828 3.4123828 3.8368158 3.8368158 3.8368158 3.8368158 3.8368158 3.8368158 3.8368158 3.8368158 3.8368158 3.4123828 3.4123828 3.7021894 3.4123828 3.5692444 3.5692444 3.5692444 3.8368158 3.8368158 3.8368158 3.7021894 3.7021894 3.5692444 3.5692444 3.8368158 3.375602
3.113699 3.250273 3.4386878 3.6007679 3.2569985 3.4386878 3.2501774 3.5692444 3.5692444 3.5692444 3.5692444 3.5692444 3.5692444 3.8368158 3.8368158 3.8368158 3.8368158 3.453669 3.453669 3.51154 3.2377362 3.2135909 3.4123828 3.4123828 3.5692444 3.8368158 3.8368158 3.8368158 3.8368158 3.8368158 3.0099206 2.5179355 1.9120209 1.9120209 3.4123828 3.8368158 3.4123828 3.8368158 3.8368158 3.8368158 3.8368158 3.2569985 3.2569985 3.2569985 3.4123828 3.4123828 3.7021894 3.8368158 3.5692444 3.5692444 3.5692444 3.5692444 3.8368158 3.8368158 3.7021894 3.7021894 3.5692444 3.8368158 3.8368158 3.800225
3.235359 2.920035 2.929315 3.4311922 3.3335981 3.262772 3.250345 3.5692444 3.113699 3.5692444 3.5692444 3.5692444 3.5692444 3.8368158 3.8368158 3.8368158 3.8368158 3.577321 3.577321 3.2569985 3.2569985 3.3474882 2.8762982 2.8762982 3.2569985 3.8368158 3.8368158 3.8368158 3.8368158 3.8368158 3.0390372 2.5789297 2.3224788 2.3224788 1.9120209 3.8368158 3.4123828 3.4123828 3.2569985 3.2569985 3.2569985 3.5163693 3.2569985 3.2569985 4.312175 3.4123828 3.5692444 3.5692444 3.5692444 3.5692444 3.5692444 3.5692444 3.5692444 3.8368158 3.7021894 3.7021894 3.5692444 3.5692444 3.8368158 3.800225
3.1289763 2.8500946 2.7912748 2.908539 2.7912748 2.8993387 3.220881 3.510586 3.6925626 3.510586 3.510586 3.510586 3.510586 3.7595654 3.7595654 3.7595654 3.216535 3.216535 3.5728326 3.216535 3.473307 3.216535 3.0822012 3.0822012 3.216535 3.7595654 3.7595654 3.7595654 2.1443145 2.1443145 2.1443145 2.6521504 2.51922 1.9068749 2.315148 3.331282 3.331282 3.331282 3.3407023 3.3407023 3.473307 3.216535 4.826105 4.2354527 3.510586 3.510586 3.510586 3.510586 3.510586 3.510586 3.080756 3.080756 3.510586 3.510586 3.510586 3.510586 3.510586 3.510586 3.510586 3.710751
3.1289763 2.8488624 2.8470848 2.8537464 2.8470848 2.8537464 3.376074 3.7595654 3.331282 3.7595654 3.7595654 3.7595654 3.7595654 3.7595654 3.7595654 3.7595654 3.4753408 3.4753408 3.5925376 3.4753408 3.562689 3.4753408 3.1655266 3.1655266 4.2087502 3.7595654 3.7595654 3.7595654 2.3724368 2.5720096 2.3724368 2.704156 2.6388328 2.2901907 2.501735 3.7595654 3.7595654 3.331282 3.1289763 3.1289763 4.362055 4.2087502 3.7595654 3.510586 3.510586 3.080756 3.510586 2.7912748 2.7912748 2.7912748 3.2054546 3.2054546 3.080756 3.510586 3.510586 3.080756 3.080756 3.510586 3.510586 2.1436589
3.216535 3.1524682 3.1524682 3.1524682 3.1524682 3.1524682 3.448886 3.216535 3.331282 3.7595654 3.7595654 3.7595654 3.7595654 3.7595654 3.7595654 3.7595654 4.3395123 3.545931 3.216535 3.545931 3.216535 3.545931 2.8312285 3.7595654 4.388988 3.7595654 3.7595654 3.331282 2.5222144 1.9068749 2.7132638 2.9067726 2.7114978 1.9068749 2.627312 3.331282 3.7595654 3.331282 3.331282 3.7595654 3.7595654 3.7595654 3.7595654 3.510586 3.510586 3.080756 2.7912748 2.8470848 2.7912748 2.8470848 2.8976653 3.218499 3.6827104 3.510586 3.080756 3.2054546 3.2054546 3.510586 3.510586 2.537035
3.4753408 3.3607595 3.080756 3.2106016 3.216535 3.216535 3.2165353 3.4635696 3.331282 3.7595654 3.7595654 3.331282 3.7595654 3.7595654 3.7595654 3.7595654 3.7595654 3.5737388 3.216535 3.6388502 3.4753408 3.5737388 3.216535 3.7595654 3.7595654 3.7595654 3.7595654 3.331282 2.6404634 2.1443145 2.8945136 2.1443145 2.1443145 4.877518 2.8955598 2.1443145 3.331282 3.7595654 3.331282 3.331282 3.7595654 3.7595654 3.7595654 3.510586 3.510586 3.080756 2.8470848 2.7912748 2.8470848 2.7912748 3.2004988 3.6981645 3.510586 3.510586 3.6827104 3.218499 3.218499 3.080756 2.111557 2.6274192
3.6110427 3.5137897 3.3543987 3.3706613 3.4753408 3.4753408 3.4753408 3.5269797 3.216535 3.7595654 3.7595654 3.7595654 3.331282 3.7595654 3.7595654 3.7595654 3.7595654 3.5788338 3.216535 3.7035387 4.3395123 4.389519 4.2087502 3.7595654 3.7595654 3.7595654 3.331282 1.9068749 2.7144282 2.1443145 3.0596352 2.5720096 2.5720096 3.8518653 2.8056607 2.5720096 3.7595654 3.331282 3.331282 3.331282 3.7595654 3.7595654 3.510586 3.510586 3.510586 3.6827104 3.603823 3.6030734 3.603823 3.1289763 3.1962662 3.510586 3.7595654 3.510586 3.510586 3.6981645 3.6981645 2.1647098 2.461165 2.1096816
3.6996226 3.5566607 3.5137897 3.5137897 3.545931 3.545931 3.545931 3.5656013 3.4753408 3.331282 3.7595654 3.7595654 3.7595654 3.7595654 3.7595654 3.331282 3.331282 3.979247 3.4753408 4.474725 3.7595654 3.331282 3.7595654 3.7595654 3.7595654 3.331282 3.331282 2.2901907 2.7317326 2.573019 3.1592171 2.783167 3.216535 3.6312485 2.9432714 2.783167 3.7595654 3.7595654 3.7595654 3.7595654 3.1289763 3.1289763 3.510586 3.510586 3.510586 3.510586 3.510586 3.510586 3.510586 3.510586 3.510586 3.7595654 3.7346747 3.7346747 3.510586 3.510586 3.510586 4.7655807 2.6226747 4.6609898
3.7595654 4.3839965 3.2165353 3.5569475 3.216535 3.5737388 3.216535 3.5762286 3.216535 3.216535 3.7595654 3.7595654 3.7595654 3.7595654 3.7595654 3.331282 3.331282 3.7595654 3.7595654 3.7595654 3.7595654 3.7595654 3.7595654 3.7595654 3.331282 3.331282 1.9068749 2.4942691 2.738221 1.9068749 3.1404047 2.9092236 3.216535 3.216535 2.1443145 2.9223864 3.7595654 3.1289763 3.1289763 3.1289763 3.1289763 2.7912748 3.510586 3.510586 3.510586 3.510586 3.510586 3.510586 3.510586 3.7595654 3.7595654 3.7595654 3.7346747 3.7346747 3.7595654 3.7595654 3.7595654 3.7595654 5.6852574 3.710751
