Export/ASCII/RMeteo_tot/p6_sum_tot.asc
ncols         660
nrows         338
xllcorner     1476150
yllcorner     5017150
cellsize      100
NODATA_value  -9999
[rows 162 to 188 of 338, columns 360 to 419 of 660]
2.8924882 3.1745527 2.8812811 2.8767092 2.8812811 2.8229494 2.8229494 2.8229494 2.8812811 2.8812811 2.8767092 2.8924882 2.8812811 2.8767092 2.8767092 2.8767092 2.8229494 2.8812811 2.8229494 2.8812811 2.8812811 2.8812811 2.8812811 2.8812811 2.8812811 2.8229494 2.9068272 2.8767092 2.8229494 2.916706 2.8812811 2.8812811 2.8812811 2.8812811 2.8229494 2.9068272 2.8039129 2.7486866 2.814339 2.8071654 2.8071654 2.7486866 2.8404412 2.7486866 2.848309 2.8071654 2.8039129 2.7486866 2.8071654 2.8039129 2.814339 2.8071654 2.8039129 2.7486866 2.8039129 2.8471773 2.8039129 2.8071654 2.8071654 2.8071654
2.8812811 3.2275167 2.8812811 2.8812811 2.8812811 2.8229494 2.8996704 2.8767092 2.8812811 2.8812811 2.8812811 2.8812811 2.8812811 2.8812811 2.8812811 2.8812811 2.8767092 2.8812811 2.8767092 2.8812811 2.8229494 2.9068272 2.8812811 2.8812811 2.8812811 2.8767092 2.8924882 2.8812811 2.8229494 2.8767092 2.916706 2.8812811 2.8229494 2.9068272 2.8767092 2.8924882 2.8071654 2.8039129 2.7486866 2.8071654 2.842254 2.8039129 2.814339 2.7486866 2.8039129 2.848309 2.8071654 2.7486866 2.8404412 2.7486866 2.8071654 2.842254 2.8071654 2.7486866 2.8404412 2.7486866 2.814339 2.842254 2.8071654 2.7486866
2.8812811 2.9292026 2.8229494 2.9068272 2.8812811 2.8767092 2.8924882 2.8812811 2.8812811 2.8812811 2.8812811 2.8229494 2.8229494 2.8229494 2.8812811 2.8812811 2.8812811 2.8229494 2.8812811 2.8812811 2.8767092 2.8229494 2.8229494 2.8812811 2.8812811 2.8812811 2.8229494 2.8229494 2.8767092 2.8229494 2.8812811 2.8924882 2.8229494 2.8924882 2.8229494 2.8229494 2.8063774 2.7486866 2.7486866 2.8039129 2.7486866 2.814339 2.8071654 2.8039129 2.7486866 2.8071654 3.1654983 3.154075 3.0822618 2.814339 2.8039129 3.121013 2.848309 2.8039129 2.7486866 2.814339 2.7486866 2.8071654 2.814339 2.8039129
2.9068272 2.8871808 2.8767092 2.8924882 2.8812811 2.8229494 2.8812811 2.8812811 2.8812811 2.8229494 2.9068272 2.8767092 2.8767092 2.8767092 2.8812811 2.8812811 2.8229494 2.8229494 2.8229494 2.8812811 2.8812811 2.8229494 2.8767092 2.8229494 2.8229494 2.8812811 2.8767092 2.8229494 2.8229494 2.8229494 2.8229494 2.8812811 2.8767092 2.8229494 2.8767092 2.8229494 2.7486866 2.8076363 2.7486866 2.8071654 2.7486866 2.8039129 2.842254 2.7486866 2.7486866 2.8404412 3.0822618 3.6283324 3.6283324 2.7486866 2.8071654 2.9321313 2.7486866 2.814339 2.8071654 2.8039129 2.8071654 2.8404412 2.8071654 2.8071654
2.8229494 2.8229494 2.8812811 2.8812811 2.8812811 2.8767092 2.8812811 2.8229494 2.8229494 3.2520773 3.176573 2.8812811 2.8229494 2.8812811 2.8229494 2.8812811 2.8229494 2.8767092 2.8767092 2.8812811 2.8812811 2.8229494 2.8229494 2.8767092 2.8767092 2.8812811 2.8812811 2.8229494 2.8767092 2.8229494 2.8229494 2.8229494 2.8812811 2.8229494 2.8229494 2.8229494 2.8321605 2.7486866 2.7486866 2.8071654 2.8039129 2.7486866 2.7486866 2.814339 2.7486866 2.7486866 3.1654983 3.6283324 3.6283324 2.7486866 2.8071654 2.7486866 2.7486866 2.8039129 2.7486866 2.7486866 2.842254 2.814339 2.8071654 2.8071654
2.8767092 2.8767092 2.8812811 2.8812811 2.8812811 2.8229494 2.9829035 2.8767092 2.8767092 2.9515996 2.942749 2.8812811 2.8767092 2.8812811 2.8767092 2.8229494 2.8229494 2.8812811 2.8812811 2.8229494 2.8812811 2.8229494 2.8767092 2.8812811 2.8812811 2.8229494 2.8812811 2.8767092 2.8812811 2.8767092 2.8767092 2.8767092 2.8812811 2.8229494 2.8996704 2.8767092 2.8154116 2.8039129 2.7486866 2.8071654 2.8071654 2.7486866 2.8039129 2.8071654 2.8039129 2.7486866 3.7553885 3.6283324 3.6283324 2.8039129 2.7486866 2.8071654 2.8039129 2.8039129 2.8071654 2.8381279 2.7486866 2.7486866 2.92412 2.8071654
2.8812811 2.8812811 2.8812811 2.8229494 2.9068272 2.8229494 2.9102886 3.2407274 3.1645968 3.2513628 2.8908312 2.8812811 2.8229494 2.8812811 2.8812811 2.8229494 2.8767092 2.8812811 2.8229494 2.8767092 2.8812811 3.1645968 3.2407274 2.8812811 2.8229494 2.8767092 2.8812811 2.8812811 2.8812811 2.8812811 2.8812811 2.8229494 2.9068272 2.8767092 2.8924882 2.8812811 2.8071654 2.8071654 2.8039129 2.7486866 2.842254 2.8039129 2.8071654 2.8071654 2.8071654 2.8039129 3.0822618 3.0822618 3.0822618 2.7486866 2.8071654 2.8039129 2.8071654 2.8071654 2.8071654 2.7486866 2.814339 2.8039129 2.7486866 2.872729
2.8229494 2.9068272 2.8812811 2.8767092 2.8924882 2.8767092 2.8920825 3.1645968 3.1645968 3.1645968 2.8812811 2.8812811 2.8229494 2.904242 2.8812811 2.8767092 2.8812811 2.8812811 2.8767092 2.8812811 2.8812811 3.6438284 3.1645968 2.8812811 2.8767092 2.8812811 2.8812811 2.8812811 2.8812811 2.8229494 2.9068272 2.8767092 2.8924882 2.8812811 2.8812811 2.8812811 3.1647491 2.7486866 2.842254 2.8039129 2.7486866 2.848309 2.8071654 2.8071654 2.8071654 2.8071654 2.7486866 2.7486866 2.7486866 2.7486866 2.8039129 2.8071654 2.8071654 2.842254 2.7486866 2.8071654 2.8039129 2.8071654 2.8404412 2.821087
2.8767092 2.8924882 2.8812811 2.8812811 2.8812811 2.8812811 2.8812811 2.8229494 3.1645968 3.1645968 3.1645968 2.9068272 2.8767092 2.8924882 2.8812811 2.8812811 2.8812811 2.8812811 2.8229494 2.8229494 2.8229494 3.1645968 3.1645968 2.8229494 2.8812811 2.8229494 2.8229494 2.8229494 2.9068272 2.8767092 2.8229494 2.8812811 2.8229494 2.8812811 2.8229494 2.8229494 2.8895078 2.7486866 2.814339 2.8071654 2.7486866 2.8039129 2.848309 2.7486866 2.7486866 2.842254 2.7486866 2.7486866 2.8039129 2.8039129 2.7486866 2.8071654 2.8071654 2.7486866 2.814339 2.8039129 2.8071654 2.9236405 2.814339 2.7486866
2.8229494 2.8229494 2.8229494 2.8812811 2.8812811 2.8812811 2.8812811 2.8229494 3.2356606 3.1645968 2.8229494 2.8924882 2.8812811 2.8812811 2.8812811 2.8812811 2.8812811 2.8812811 2.8767092 2.8767092 2.8767092 3.1645968 3.1645968 2.8767092 2.8229494 2.904242 2.8767092 2.8767092 2.8924882 2.8812811 2.8767092 2.8812811 2.8767092 2.8229494 2.904242 2.8767092 2.81326 2.8039129 2.8071654 2.8071654 2.8039129 2.7486866 2.8071654 2.8471773 2.8039129 2.7486866 2.814339 2.8039129 2.8039129 2.8071654 2.8071654 2.8404412 2.7486866 2.8071654 2.8039129 2.8071654 2.842254 2.7486866 2.872729 2.8039129
2.8229494 2.8229494 2.8767092 2.8812811 2.8812811 2.8229494 2.9068272 2.8767092 2.8229494 2.8229494 2.8767092 2.8812811 2.8812811 2.8812811 2.8812811 2.8812811 2.8229494 2.8812811 2.8812811 2.8229494 3.2943015 3.1645968 3.1645968 2.8812811 2.8229494 2.8924882 2.8229494 2.8812811 2.8812811 2.8812811 2.8812811 2.8229494 2.9068272 2.8767092 2.8924882 2.8812811 2.8071654 2.8071654 2.8071654 2.8071654 2.7486866 2.7486866 2.8404412 2.7486866 2.8071654 2.8039129 2.7486866 2.7486866 2.8071654 2.8071654 2.842254 2.7486866 2.814339 2.8039129 2.8071654 2.842254 2.7486866 2.814339 2.8039129 2.853564
2.8767092 2.8767092 2.8229494 2.9068272 2.8812811 2.8767092 2.8924882 2.8229494 2.8767092 2.8767092 2.8812811 2.8229494 2.8229494 2.8812811 2.8812811 2.8812811 2.8229494 2.8767092 2.8229494 2.8767092 2.8229494 3.1645968 3.1645968 2.8812811 2.8767092 2.8229494 2.8767092 2.8812811 2.8812811 2.8229494 2.8812811 2.8229494 2.8924882 2.8812811 2.8812811 2.8812811 2.7486866 2.8071654 2.7486866 2.7486866 2.7486866 2.8039129 2.7486866 3.121013 2.8071654 2.8071654 2.7486866 2.7486866 2.7486866 2.842254 2.7486866 2.7486866 2.8039129 2.7486866 2.8071654 2.7486866 2.7486866 2.8039129 2.8071654 2.7486866
2.904242 2.8812811 2.8767092 2.8924882 2.8812811 2.8812811 2.8229494 2.8767092 2.8812811 2.8229494 2.8812811 2.8767092 2.8229494 2.8229494 2.8812811 2.8812811 2.8767092 2.8812811 2.8767092 2.8229494 2.8229494 2.8229494 2.8229494 2.8812811 2.8812811 2.8767092 2.8229494 2.8812811 2.8229494 2.8767092 2.8812811 2.8767092 2.8812811 2.8812811 2.8812811 2.8812811 2.7486866 2.8404412 2.8039129 2.8039129 2.8039129 2.8071654 2.8039129 3.3791883 2.8071654 2.8071654 2.8039129 2.7486866 2.8381279 2.7486866 2.814339 2.8039129 2.8039129 2.8404412 2.7486866 2.8071654 2.8039129 3.2098699 2.8071654 2.8404412
2.8924882 2.8812811 2.8812811 2.8812811 2.8812811 2.8812811 2.8767092 2.8812811 2.8812811 2.8767092 2.8229494 2.9068272 2.8767092 2.8767092 2.8812811 2.8812811 2.8812811 2.8812811 2.8812811 2.8767092 2.8767092 2.8229494 2.8767092 2.8229494 2.8812811 2.8812811 2.8767092 2.8812811 2.8767092 2.8229494 2.8812811 2.8812811 2.8229494 2.8812811 2.8229494 2.9068272 2.8039129 2.814339 2.8071654 2.8071654 2.8071654 2.8071654 2.8071654 2.956528 2.8071654 2.7486866 2.842254 2.8039129 2.7486866 2.814339 2.8039129 2.8071654 2.842254 2.7486866 2.814339 2.8039129 2.8071654 2.7486866 2.9401777 2.814339
2.8812811 2.8812811 2.8812811 2.8812811 2.8812811 2.8812811 2.8812811 2.8229494 2.9068272 2.8812811 2.8767092 2.8924882 2.8812811 2.8812811 2.8812811 2.8812811 2.8812811 2.8812811 2.8812811 2.8812811 2.8229494 2.904242 2.8812811 2.8767092 2.8812811 2.8812811 2.8812811 2.8812811 2.8812811 2.8767092 2.8812811 2.8229494 2.904242 2.8812811 2.8767092 2.8924882 2.8071654 2.8071654 2.8071654 2.8071654 2.8071654 2.8071654 2.8071654 2.7486866 2.8480413 2.8039129 2.7486866 2.814339 2.7486866 2.8381279 2.8071654 2.842254 2.7486866 2.814339 2.8039129 2.8071654 2.8071654 2.8404412 2.7486866 2.8208985
2.8229494 2.8229494 2.8812811 2.8229494 2.8812811 2.8812811 2.8812811 2.8229494 2.8229494 2.8812811 2.8812811 2.8812811 2.8229494 2.8812811 2.8812811 2.8812811 2.8229494 2.8812811 2.8229494 2.9068272 2.8767092 2.8229494 2.8812811 2.8229494 2.8812811 2.8229494 2.8812811 2.8812811 2.8229494 2.8229494 2.8812811 2.8767092 2.8924882 2.8229494 2.8812811 2.8812811 2.7486866 2.8071654 2.8071654 2.7486866 2.7486866 2.842254 2.7486866 2.8039129 2.7486866 2.7486866 2.8071654 2.7486866 2.7486866 2.7486866 2.8039129 2.7486866 2.814339 2.8039129 3.0822618 2.8071654 2.8071654 2.7486866 2.7486866 2.7486866
2.904242 2.8767092 2.8812811 2.8767092 2.8812811 2.8812811 2.8812811 2.8767092 2.8767092 2.8812811 2.8812811 2.8812811 2.8767092 2.8812811 2.8812811 2.8812811 2.8229494 3.2084167 2.8767092 2.8924882 2.8812811 2.8767092 2.8812811 2.8767092 2.8812811 2.8767092 2.8812811 2.8229494 2.904242 2.8767092 2.8812811 2.8812811 2.8812811 2.8767092 2.8812811 2.8812811 2.8039129 2.8071654 2.7486866 2.8404412 2.8039129 2.814339 2.8039129 2.8071654 2.8039129 2.7486866 2.8039129 2.8404412 2.8039129 2.7486866 2.7486866 2.8071654 2.8039129 2.8071654 3.7595487 3.7595487 3.6283324 3.21403 2.8039129 2.8039129
3.188386 3.1745527 2.8229494 2.8812811 2.8812811 2.8812811 2.8812811 2.8812811 2.8812811 2.8812811 2.8812811 2.8812811 3.176573 2.8812811 2.8229494 2.952 2.8767092 2.933331 2.8812811 2.8812811 2.8812811 2.8812811 2.8812811 2.8812811 2.8812811 2.8229494 2.9068272 2.8767092 3.9016936 3.885516 3.2407274 2.8229494 2.8812811 2.8229494 2.8812811 2.8812811 2.7486866 2.8071654 2.8039129 2.814339 2.8071654 2.8071654 2.8071654 2.8071654 2.8071654 2.8039129 2.7486866 2.8071654 2.848309 2.8039129 2.7486866 2.8039129 2.7486866 2.7486866 3.0822618 3.6283324 3.6283324 3.6283324 2.7486866 2.8071654
3.0976543 2.8229494 2.8767092 2.8812811 2.8812811 2.8812811 2.8812811 2.8229494 2.8229494 3.309144 2.8229494 2.8229494 3.438046 3.2223547 2.8767092 2.9080045 2.8812811 2.8871808 2.8812811 2.8812811 2.8229494 2.8812811 2.8229494 2.8229494 2.9068272 2.8767092 2.8924882 2.8229494 3.1645968 3.7553108 3.7553108 2.8229494 2.8812811 2.8229494 2.8229494 2.8812811 2.8039129 2.7486866 2.7486866 2.8071654 2.8071654 2.7486866 2.8071654 2.7486866 2.7486866 2.8071654 2.7486866 2.7486866 2.7486866 2.814339 2.7486866 2.7486866 2.7486866 2.8039129 3.0822618 3.608951 3.608951 3.5291102 3.0822618 2.8039129
2.9138148 2.8767092 2.8812811 2.8812811 2.8812811 2.8229494 2.9835594 2.8229494 2.8767092 2.9838781 2.8767092 2.8767092 3.5933437 3.0976543 2.8812811 2.8920825 2.8229494 2.8812811 2.8812811 2.8812811 2.8767092 2.8229494 3.3402631 2.8229494 2.8924882 2.8812811 2.8812811 2.8767092 3.1645968 3.7553108 3.7553108 3.2356606 2.8229494 2.904242 2.8767092 2.8812811 2.8071654 2.8039129 2.8039129 2.8071654 2.8071654 2.8039129 2.8071654 2.8039129 2.7486866 2.8404412 2.8039129 2.7486866 2.8039129 2.8039129 2.8071654 2.8039129 2.8381279 2.7486866 3.1576612 3.608951 3.608951 3.6283324 3.5291102 3.1647491
2.8495991 2.813067 2.813067 2.813067 2.813067 2.8084953 2.8461056 2.8084953 2.813067 2.8243108 2.813067 2.813067 3.5124607 3.152383 2.813067 2.813067 2.757252 2.813067 2.813067 2.757252 2.839411 2.8084953 3.1389415 2.8084953 2.813067 2.813067 3.1389415 2.813067 3.0752487 3.0752487 3.0752487 3.0752487 2.8084953 2.8244154 2.813067 2.813067 2.7680252 3.028435 3.028435 3.028435 3.028435 3.028435 2.9437547 3.0768309 2.7641935 2.7109668 2.7761686 2.7680252 2.7641935 2.7680252 2.7680252 3.028435 2.9437547 2.7761686 3.024293 2.9437547 3.3607304 2.9437547 2.9437547 2.7109668
2.8150337 2.811331 2.811331 2.811331 2.757252 2.811331 2.757252 2.811331 2.811331 2.811331 3.095436 2.811331 2.975256 3.162005 2.811331 2.757252 2.8072705 2.757252 2.8407185 2.8072705 2.8150337 2.811331 3.4077978 2.811331 2.811331 2.811331 2.9171848 3.095436 2.757252 2.757252 2.757252 2.757252 2.811331 2.811331 2.811331 2.811331 3.0269682 3.093547 3.093547 3.093547 2.9437547 3.1718836 2.9437547 3.1074588 2.767589 2.764089 2.7109668 2.767589 2.767589 3.0269682 3.079064 2.9437547 3.093547 3.0903609 3.0269682 3.093547 3.0903609 3.0903609 2.9437547 2.811808
2.757252 2.8110645 2.757252 2.8110645 2.757252 2.8110645 2.757252 2.8110645 2.757252 2.8110645 3.0219338 2.8110645 2.757252 3.158457 2.757252 2.757252 2.8110645 2.757252 2.8117251 2.757252 2.8110645 2.757252 2.951767 2.757252 2.8110645 2.8110645 2.757252 3.1539428 3.0219338 3.090372 3.090372 3.0219338 2.757252 2.8110645 2.8110645 3.0219338 2.9437547 2.8191657 2.9437547 3.0987372 3.0903609 3.1313124 2.7109668 2.819296 2.7109668 2.7109668 2.764089 2.7109668 2.7109668 2.8403127 2.9437547 2.9437547 3.0903609 2.8191657 2.8191657 2.8144507 2.8781338 2.7109668 3.0987372 2.811808
2.8072705 2.8110645 2.8072705 2.8110645 2.8072705 2.8110645 2.8072705 2.8110645 2.8072705 3.095025 3.149092 2.8110645 2.8072705 2.757252 2.8785436 2.8072705 2.8110645 2.8072705 2.8110645 2.8072705 2.8110645 2.8072705 2.8115659 3.5154424 3.4267058 2.8404262 3.090372 3.1583328 3.149092 3.1539428 3.1539428 3.149092 2.8072705 2.8110645 2.8110645 2.848061 2.7109668 2.8402216 2.811808 2.8191786 2.8191657 3.0990422 3.023713 2.7689629 2.764089 2.764089 2.7670805 2.7109668 2.800218 2.7109668 2.776482 2.811808 2.811808 2.8191657 2.7689629 2.8046045 2.7109668 2.783528 3.1442535 2.8191786
2.757252 2.8110645 2.757252 2.8110645 2.8110645 2.8110645 2.8110645 2.757252 2.8110645 2.757252 2.8539073 2.757252 2.8110645 2.8072705 2.757252 2.8110645 2.8110645 2.757252 2.8110645 2.757252 2.8110645 2.8110645 2.757252 3.5204766 3.6490395 2.8117251 2.8506198 2.8539743 3.1583328 3.1583328 3.0219338 3.1583328 2.8110645 2.8110645 2.757252 2.8410406 2.764089 2.776482 3.011706 3.1052089 2.7109668 3.098752 3.0923483 2.7670805 2.7670805 2.7109668 2.8031864 2.764089 2.7700555 2.764089 2.7109668 2.7670805 2.7689629 2.7689629 2.8039777 2.7109668 2.7700555 2.764089 3.054089 3.335367
2.8072705 2.8110645 2.8072705 2.8110645 3.095025 3.095025 2.8110645 2.8072705 3.095025 3.090372 2.8121257 2.8072705 2.8110645 2.8110645 2.757252 2.8385367 2.757252 2.8072705 2.8110645 2.8072705 2.757252 2.8404262 2.8072705 3.4267058 3.4267058 2.8110645 2.8121257 2.8121257 2.8539743 3.1584136 3.149092 2.757252 2.8776674 2.757252 2.8072705 2.8117251 2.7670805 2.7670805 3.011706 3.2240593 2.764089 3.2291758 3.2291605 2.9437547 2.8031864 2.764089 2.7109668 2.7700555 2.8031864 2.7670805 2.764089 2.7109668 2.7670805 2.8031864 2.7109668 2.7700555 2.764089 2.7670805 2.7670805 3.3218336
2.8110645 2.8110645 2.757252 3.095025 3.1539428 3.1539428 3.095025 3.0219338 3.1539428 3.1539428 2.8110645 3.095025 3.095025 3.095025 2.757252 2.8072705 2.8402 2.8110645 2.757252 2.8404262 2.8072705 2.8117251 2.8110645 3.4267058 3.4267058 2.8110645 2.8110645 2.8110645 2.8121257 2.757252 2.9047096 2.8072705 2.757252 2.8072705 2.8110645 2.8110645 2.7670805 2.7109668 3.2176917 3.2472045 2.7670805 2.7109668 2.8919303 3.2155714 3.029997 2.7670805 2.764089 2.7109668 2.7670805 2.804395 2.7670805 2.7109668 2.802838 2.7109668 2.7700555 2.764089 2.7670805 2.7670805 2.7670805 3.414625
