Export/ASCII/RMeteo_tot/p6_sum_tot.asc
ncols         660
nrows         338
xllcorner     1476150
yllcorner     5017150
cellsize      100
NODATA_value  -9999
[rows 81 to 107 of 338, columns 180 to 239 of 660]
4.120931 4.120931 4.120931 4.120931 4.120931 4.120931 3.8095365 3.8095365 4.120931 4.120931 4.120931 4.120931 4.120931 4.120931 4.120931 4.120931 4.120931 3.8095365 3.8095365 3.8095365 3.3636327 2.990542 2.990542 3.0496874 3.3636327 3.8095365 4.120931 4.120931 4.120931 4.120931 4.120931 4.120931 4.120931 4.120931 4.120931 3.8095365 3.8095365 3.8095365 3.8095365 4.145136 0.0 4.120931 4.120931 3.3636327 3.3636327 4.120931 3.8095365 3.9438531 3.8095365 3.3636327 2.990542 2.990542 2.990542 3.3636327 3.8095365 3.8095365 4.120931 4.120931 4.120931 4.0083737
4.120931 4.120931 4.120931 4.120931 4.120931 4.120931 3.8095365 3.8095365 3.8095365 4.120931 4.120931 4.120931 4.120931 4.120931 4.120931 3.3636327 3.3636327 3.3636327 3.8095365 4.120931 3.8095365 3.317764 3.9004972 3.8095365 3.901953 4.120931 4.120931 4.120931 3.9616585 4.120931 4.120931 4.120931 4.120931 4.120931 4.120931 3.8095365 3.8095365 3.8095365 3.8095365 3.8095365 3.8095365 3.4918604 4.120931 3.3636327 3.3636327 3.5612903 3.8095365 3.8095365 2.990542 2.990542 2.990542 3.0422766 2.990542 2.990542 3.317764 3.8095365 3.8095365 4.120931 4.120931 4.0083737
4.120931 3.9616585 3.9616585 4.120931 4.120931 4.120931 3.3636327 3.8095365 3.8095365 4.120931 4.120931 4.120931 4.120931 4.120931 4.120931 3.3636327 3.3636327 3.8095365 3.8095365 3.8095365 3.8095365 3.989565 3.8095365 3.8095365 4.120931 3.3636327 3.9616585 3.9616585 3.9616585 4.120931 4.120931 4.120931 4.120931 4.120931 4.120931 4.120931 3.8095365 3.9438531 4.120931 4.120931 3.8095365 4.145136 4.120931 3.3636327 3.3636327 4.120931 3.8095365 3.8095365 3.317764 3.0676196 3.0422766 3.0434506 3.0422766 3.0422766 3.4418151 3.317764 3.8095365 3.3636327 3.9616585 3.7238455
4.120931 3.9616585 4.120931 3.3636327 3.3636327 4.120931 4.120931 4.120931 4.120931 4.120931 4.120931 4.120931 4.120931 4.120931 4.120931 4.120931 3.3636327 3.3636327 3.8095365 3.8095365 3.8095365 3.8095365 3.8095365 4.120931 3.3636327 3.3636327 3.9616585 3.8095365 3.8095365 4.2766795 4.120931 4.120931 4.120931 4.120931 4.120931 4.120931 4.120931 4.120931 4.120931 4.120931 4.120931 3.8095365 3.8095365 3.3636327 3.3636327 3.3636327 4.0879707 3.8095365 3.989565 3.3916352 3.317764 2.990542 3.317764 3.421809 3.4560537 3.317764 2.990542 3.3636327 4.120931 3.2996957
4.120931 4.120931 4.120931 4.120931 4.120931 4.120931 4.120931 4.120931 4.120931 4.120931 4.120931 4.120931 4.120931 4.120931 4.120931 3.3636327 3.3636327 3.687316 3.8095365 3.8095365 3.8095365 4.120931 3.8095365 3.8095365 3.3636327 4.120931 4.120931 3.8095365 3.8095365 4.120931 4.120931 4.120931 4.120931 4.120931 4.120931 4.120931 4.120931 4.120931 4.120931 4.120931 4.120931 4.120931 3.8095365 3.8095365 3.3636327 4.734557 3.8095365 3.8095365 3.8095365 3.317764 3.317764 3.317764 3.989565 3.8095365 4.006466 3.989565 3.3636327 4.241657 4.120931 4.0083737
4.120931 4.120931 4.120931 4.120931 4.120931 4.120931 4.120931 4.120931 4.120931 4.120931 3.8095365 3.8095365 3.8095365 3.8095365 3.8095365 4.1985164 3.8095365 4.120931 3.687316 4.120931 4.120931 4.120931 3.8095365 3.8095365 4.120931 4.120931 4.120931 4.120931 4.120931 3.9616585 4.120931 4.120931 4.120931 4.120931 4.120931 4.120931 4.120931 4.120931 4.120931 4.120931 4.120931 4.120931 4.120931 4.120931 3.8095365 3.8095365 3.8095365 3.8095365 3.317764 3.317764 3.4418151 3.317764 3.8095365 3.8095365 3.8095365 3.8095365 4.120931 4.120931 4.120931 4.0083737
4.120931 4.120931 4.120931 4.120931 4.120931 4.120931 4.120931 4.120931 4.120931 3.8095365 3.8095365 3.317764 3.317764 3.8095365 3.8095365 3.317764 3.8095365 4.120931 4.120931 4.120931 3.9616585 3.9616585 3.8095365 4.120931 4.120931 4.120931 4.120931 4.120931 3.9616585 3.9616585 4.120931 4.141008 4.120931 4.120931 4.120931 4.120931 4.120931 4.120931 4.120931 4.120931 4.120931 4.141008 4.120931 3.8095365 3.8095365 3.3636327 3.8095365 3.8095365 3.317764 3.4418151 3.4560537 3.8095365 3.989565 3.8095365 3.8095365 3.8095365 3.8095365 4.120931 4.120931 4.0083737
4.120931 4.120931 4.120931 4.120931 4.120931 4.120931 4.120931 4.120931 4.120931 3.8095365 3.317764 3.4418151 3.4418151 3.317764 3.317764 3.989565 3.8095365 4.120931 4.120931 4.120931 3.9616585 3.9616585 3.8095365 3.8095365 4.120931 4.120931 4.120931 4.120931 4.120931 4.120931 4.120931 4.120931 4.120931 4.120931 4.120931 4.120931 4.120931 4.120931 4.120931 4.120931 4.120931 4.0879707 4.0879707 3.8095365 3.8095365 3.8095365 3.8095365 3.8095365 3.989565 3.8095365 4.160081 3.8095365 3.8095365 3.8095365 3.8095365 3.8095365 4.120931 4.120931 4.120931 4.0083737
4.120931 4.120931 3.8095365 3.8095365 4.120931 4.120931 4.120931 4.120931 4.120931 4.120931 3.989565 4.0062914 3.8095365 3.4418151 3.989565 3.8095365 3.8095365 4.120931 4.120931 4.120931 4.120931 3.8095365 3.8095365 4.120931 4.120931 4.120931 4.120931 4.120931 4.120931 4.120931 4.120931 4.120931 4.120931 4.120931 4.120931 4.120931 4.120931 3.3636327 4.120931 4.120931 4.120931 4.0879707 3.9616585 3.8095365 3.8095365 3.8095365 3.3636327 3.8095365 3.8095365 3.8095365 4.120931 3.317764 3.8095365 3.8095365 3.8095365 3.8095365 3.8095365 3.8095365 3.8095365 4.0083737
4.120931 4.120931 3.8095365 3.8095365 4.120931 4.120931 4.120931 4.120931 4.120931 4.120931 3.8095365 3.8095365 3.8095365 4.0062914 3.8095365 4.120931 4.120931 4.120931 4.120931 4.120931 4.120931 4.120931 4.120931 4.120931 4.120931 4.120931 4.120931 4.120931 4.120931 4.120931 4.120931 4.120931 4.120931 4.120931 4.120931 4.120931 4.120931 3.3636327 3.3636327 4.120931 4.120931 4.120931 3.8095365 4.120931 4.120931 3.9616585 3.8095365 3.8095365 3.8095365 3.8095365 3.8095365 3.317764 3.4418151 3.317764 3.8095365 3.8095365 3.8095365 3.8095365 3.8095365 3.7238455
4.120931 3.3636327 3.9616585 3.9616585 4.120931 4.120931 4.120931 4.120931 4.120931 4.120931 3.8095365 3.8095365 4.120931 4.120931 4.120931 4.120931 4.120931 4.120931 4.120931 4.120931 4.120931 4.120931 4.120931 4.120931 4.120931 4.120931 4.120931 4.120931 4.120931 4.120931 4.120931 4.120931 4.120931 4.120931 4.120931 4.120931 4.120931 3.3636327 4.120931 3.8095365 3.8095365 4.120931 3.8095365 3.8095365 4.120931 3.9616585 3.8095365 3.8095365 3.8095365 3.8095365 3.8095365 3.989565 3.317764 3.4418151 3.317764 3.3636327 3.8095365 3.317764 3.317764 3.7238455
4.120931 3.3636327 3.4234242 3.9616585 4.120931 4.120931 4.120931 4.120931 4.120931 4.120931 4.120931 4.120931 4.120931 4.120931 3.9616585 4.120931 4.120931 4.120931 4.120931 4.120931 4.120931 4.120931 4.120931 3.687316 4.120931 4.120931 4.120931 4.120931 4.120931 4.120931 4.120931 4.120931 4.120931 4.120931 4.120931 4.120931 4.120931 4.120931 3.9616585 3.8095365 3.8095365 4.120931 3.8095365 3.8095365 4.120931 3.8095365 3.8095365 3.8095365 3.317764 3.8095365 3.8095365 3.3636327 3.0845509 3.4560537 2.990542 3.0845509 2.990542 3.0845509 3.4418151 3.2601595
4.120931 3.9616585 4.254553 3.9616585 4.120931 4.120931 4.120931 4.120931 4.120931 4.120931 4.120931 4.120931 3.9616585 4.120931 3.9616585 4.120931 4.141008 4.120931 4.120931 4.120931 4.120931 4.120931 4.120931 4.120931 4.120931 4.120931 4.120931 3.3636327 4.120931 4.120931 4.120931 4.120931 4.120931 4.120931 4.120931 3.8095365 3.8095365 4.120931 3.9616585 3.9616585 4.120931 4.120931 3.8095365 3.8095365 3.8095365 3.8095365 3.8095365 3.8095365 3.4418151 3.317764 3.8095365 3.317764 3.317764 3.3870637 2.990542 3.0459409 2.990542 2.990542 3.317764 3.2601595
4.120931 4.120931 4.120931 4.120931 4.120931 4.120931 4.120931 4.120931 4.120931 4.120931 4.120931 3.9616585 3.9616585 4.120931 4.120931 4.120931 4.120931 4.120931 4.120931 4.120931 4.120931 4.120931 4.120931 4.120931 4.120931 4.120931 3.3636327 3.9616585 3.9616585 4.120931 4.120931 4.120931 4.120931 4.120931 4.120931 3.317764 3.8095365 4.120931 4.120931 4.120931 4.120931 4.120931 4.120931 3.9616585 3.9616585 3.8095365 3.8095365 3.8095365 3.4560537 3.4418151 3.317764 3.4418151 3.4418151 3.4484801 3.0422766 3.0434506 3.317764 3.382833 3.4234242 3.8893008
4.120931 4.120931 4.0879707 4.120931 4.120931 4.120931 4.120931 4.120931 4.120931 4.120931 3.9616585 3.9616585 3.9616585 4.120931 4.120931 4.120931 4.120931 4.120931 4.120931 4.120931 4.120931 4.120931 4.120931 4.120931 4.120931 4.120931 4.120931 3.9616585 3.9616585 4.120931 4.120931 4.120931 4.120931 4.120931 3.317764 3.989565 4.120931 4.120931 3.687316 4.120931 4.120931 4.120931 4.120931 4.120931 3.9616585 4.120931 3.8095365 3.8095365 3.8095365 4.160081 3.8095365 4.0062914 4.0062914 4.006398 3.8095365 3.9780064 3.989565 3.9974766 4.060409 3.7238455
3.687316 4.120931 4.0879707 3.4745398 4.0879707 4.120931 4.120931 4.120931 4.120931 4.120931 3.9616585 3.9616585 3.9616585 4.120931 4.120931 4.120931 4.120931 4.120931 4.120931 4.120931 4.120931 4.120931 3.9616585 3.9616585 4.120931 4.120931 4.120931 4.120931 4.120931 4.120931 4.120931 4.120931 4.120931 3.8095365 3.8095365 3.8095365 3.687316 3.687316 3.687316 4.120931 4.120931 4.120931 4.120931 4.120931 4.120931 4.120931 3.8095365 3.8095365 3.8095365 3.8095365 3.8095365 3.8095365 4.120931 3.8095365 3.8095365 3.8095365 3.8095365 3.8095365 3.8095365 3.7238455
4.0879707 4.0879707 4.0879707 4.0879707 3.4745398 4.0879707 4.120931 4.120931 4.120931 4.120931 4.120931 4.120931 4.120931 4.120931 4.120931 4.120931 3.7100549 4.120931 4.120931 4.120931 4.120931 4.120931 3.9616585 3.9616585 4.120931 4.120931 4.120931 4.120931 4.120931 4.120931 4.120931 4.120931 4.120931 3.8095365 3.8095365 4.4119053 4.120931 4.120931 4.120931 4.120931 4.120931 4.120931 4.120931 4.120931 4.120931 4.120931 3.9616585 3.8095365 3.8095365 3.8095365 4.0879707 4.0879707 4.120931 4.120931 3.8095365 3.8095365 3.8095365 3.3636327 3.8095365 3.7238455
4.0879707 4.0879707 4.0879707 4.0879707 3.7117052 4.0879707 4.120931 4.120931 4.120931 4.120931 4.120931 4.120931 4.120931 4.120931 4.120931 4.120931 4.120931 4.120931 4.120931 4.120931 4.120931 4.120931 4.120931 4.120931 4.120931 4.120931 4.120931 3.9616585 3.9616585 4.120931 4.120931 4.120931 4.120931 3.8095365 3.687316 4.120931 4.120931 4.120931 4.120931 4.120931 4.120931 3.9616585 4.120931 4.120931 3.687316 4.120931 4.120931 3.8095365 3.8095365 3.8095365 3.8095365 4.120931 4.120931 3.9616585 3.9616585 3.8095365 3.8095365 4.120931 3.8095365 3.7238455
4.0879707 3.9616585 3.9616585 3.9616585 4.617293 4.0879707 4.120931 4.120931 4.120931 4.120931 4.120931 4.120931 4.120931 4.120931 3.8095365 3.8095365 4.120931 4.120931 4.120931 3.3636327 3.3636327 4.120931 4.120931 4.120931 3.9616585 3.9616585 3.9616585 3.9616585 3.9616585 4.120931 4.120931 4.120931 4.120931 4.120931 4.120931 4.120931 4.141008 4.120931 4.120931 4.120931 4.120931 3.9616585 3.9616585 3.9616585 4.120931 4.120931 3.8095365 3.8095365 3.8095365 3.8095365 3.8095365 4.120931 4.120931 3.9616585 4.120931 4.120931 3.8095365 4.120931 4.120931 4.0083737
4.0879707 3.9616585 3.9616585 3.9616585 4.0879707 4.120931 4.120931 4.120931 4.120931 4.120931 4.120931 4.120931 4.120931 3.9616585 3.8095365 3.8095365 3.9616585 4.120931 3.3636327 3.3636327 3.3636327 3.3636327 3.9616585 4.120931 4.120931 4.120931 3.9616585 3.9616585 4.120931 4.120931 4.120931 4.120931 3.8095365 4.120931 4.120931 3.687316 3.687316 3.687316 4.120931 4.120931 4.120931 4.120931 3.9616585 3.9616585 3.3636327 3.3636327 3.3636327 3.8095365 3.8095365 3.8095365 3.8095365 4.120931 4.120931 4.120931 4.120931 4.120931 3.8095365 4.120931 4.120931 4.0083737
4.0879707 4.0879707 4.120931 4.120931 4.120931 4.120931 4.120931 4.120931 4.120931 4.120931 4.120931 4.120931 3.9616585 3.9616585 3.8095365 3.9616585 3.9616585 4.120931 3.3636327 3.3636327 3.9616585 3.9616585 3.9616585 3.9616585 3.9616585 4.120931 4.120931 4.120931 3.9616585 3.9616585 4.120931 4.120931 3.9616585 3.9616585 4.120931 3.687316 3.687316 3.687316 3.687316 4.120931 4.120931 3.687316 3.687316 4.120931 3.3636327 2.990542 2.990542 3.3636327 3.3636327 4.120931 4.120931 4.120931 4.120931 4.120931 4.120931 4.120931 4.120931 3.8095365 3.8095365 3.7238455
4.120931 4.120931 4.120931 4.120931 4.120931 4.120931 4.120931 4.120931 4.120931 4.120931 4.120931 4.120931 3.9616585 4.120931 3.687316 4.120931 4.120931 4.120931 4.120931 3.3636327 4.120931 3.9616585 4.120931 4.120931 4.120931 3.687316 3.687316 3.687316 3.9616585 3.9616585 3.9616585 4.120931 3.9616585 3.9616585 4.120931 4.120931 3.687316 3.687316 4.120931 4.120931 3.687316 3.687316 3.687316 4.120931 3.3636327 3.3636327 3.0676196 3.3636327 4.120931 4.120931 4.120931 4.120931 4.120931 4.120931 4.120931 4.120931 3.8095365 3.8095365 3.8095365 3.7238455
3.7021894 3.8368158 3.8368158 3.8368158 3.8368158 3.8368158 3.8368158 3.8368158 3.8368158 3.8368158 3.8368158 3.8368158 3.7021894 3.7021894 3.8368158 3.8368158 3.8368158 3.8368158 3.8368158 3.1672945 3.8368158 3.8368158 3.8368158 3.8368158 3.8368158 3.8368158 3.8368158 3.4123828 3.8368158 3.8368158 3.8368158 3.4123828 3.8368158 3.8368158 3.8368158 3.8368158 3.4123828 3.8368158 3.8573036 3.8368158 2.8762982 2.8762982 3.4123828 3.8368158 3.1672945 3.1672945 3.2479925 3.1672945 3.8368158 3.8368158 3.8368158 3.8368158 3.8368158 3.8368158 3.8368158 3.8368158 3.8368158 3.7165184 3.113699 3.1131005
3.7021894 3.8368158 3.8368158 3.8368158 3.8368158 3.8368158 3.8368158 3.8368158 3.8368158 3.5692444 3.5692444 3.8368158 3.7021894 3.7021894 3.8368158 3.8368158 3.5692444 3.8536565 3.8368158 3.8368158 3.8368158 3.8368158 3.8368158 3.8368158 3.8368158 3.8368158 3.8368158 3.8368158 3.8368158 3.5692444 3.5692444 3.4123828 3.8368158 3.8368158 3.8368158 3.8368158 3.8368158 3.8368158 3.8368158 3.8368158 3.4123828 4.7168813 3.8368158 3.8368158 3.8368158 3.1672945 3.1672945 3.8368158 3.8368158 3.8368158 3.8368158 3.8368158 3.8368158 3.8368158 3.8368158 3.8368158 3.8368158 3.5692444 3.7451453 3.239706
3.7021894 3.8368158 3.8368158 3.8368158 3.8368158 3.8368158 3.8368158 3.8368158 3.8368158 3.5692444 3.7021894 3.7021894 3.7021894 3.7021894 3.8368158 3.8368158 3.5692444 3.8368158 3.8368158 3.8368158 3.8368158 3.8368158 3.8368158 3.8368158 3.8368158 3.8368158 3.8368158 3.8368158 3.5692444 3.5692444 3.5692444 3.8368158 3.8368158 3.8368158 3.8368158 3.8368158 3.8368158 3.8368158 3.8368158 3.8368158 3.8368158 3.8368158 3.8368158 3.8368158 3.8368158 3.8368158 3.8368158 3.8368158 3.8368158 3.8368158 3.8368158 3.8536565 3.8368158 3.8368158 3.8368158 3.8368158 3.8368158 3.8368158 3.5692444 3.1131005
3.7021894 3.1672945 3.8368158 3.8368158 3.8368158 3.8368158 3.8368158 3.8368158 3.8368158 3.8368158 3.7021894 3.7021894 3.7021894 3.7021894 3.8368158 3.8368158 3.8368158 3.8368158 3.8368158 3.8368158 3.8368158 3.8368158 3.8368158 3.1672945 3.1672945 3.2569985 3.809215 3.809215 3.4123828 3.8368158 3.8368158 3.8368158 3.8368158 3.8368158 3.8368158 3.8368158 3.8368158 3.8368158 3.8368158 3.8368158 3.8368158 3.8368158 3.8368158 3.8368158 3.8368158 3.8368158 3.8368158 3.8368158 3.8536565 3.8368158 3.8368158 3.8368158 3.8368158 3.8368158 3.8368158 3.8368158 3.8368158 3.1672945 3.5692444 3.559766
3.8368158 3.8368158 3.8368158 3.8368158 3.8368158 3.8368158 3.8368158 3.8368158 3.8368158 3.8368158 3.7021894 3.7021894 3.5692444 3.8368158 3.8368158 3.8368158 3.8368158 3.8368158 3.8368158 3.8368158 3.8368158 3.5692444 3.5692444 3.1672945 3.1672945 3.497879 3.809215 3.809215 3.4123828 3.8368158 3.8368158 3.8368158 3.8368158 3.8368158 3.8368158 3.8368158 3.8368158 3.8368158 3.8368158 3.8368158 3.8368158 3.8368158 3.8368158 3.8368158 3.8368158 3.8368158 3.8368158 3.8368158 3.8368158 3.8368158 3.8368158 3.8368158 3.8368158 3.8368158 3.8368158 3.8368158 3.5692444 3.1672945 3.5692444 3.559766
