Export/ASCII/RMeteo_tot/p6_sum_tot.asc
ncols         660
nrows         338
xllcorner     1476150
yllcorner     5017150
cellsize      100
NODATA_value  -9999
[rows 162 to 188 of 338, columns 480 to 539 of 660]
3.5067172 3.314172 2.9208846 3.314172 3.314172 3.314172 3.488558 3.488558 3.3166277 2.9036672 2.9036672 3.256857 3.256857 3.256857 0.0 3.4130738 3.4130738 3.314172 3.314172 3.5067172 3.5067172 3.5067172 3.314172 3.513973 3.314172 3.314172 3.314172 3.314172 3.314172 3.5067172 3.5067172 3.413073 3.413073 3.5067172 3.5067172 3.5067172 2.0367253 2.4438405 2.7034268 2.7034268 2.8248234 2.360428 2.777172 2.9224207 2.8248234 2.8248234 2.469019 3.5067172 3.5067172 3.5067172 3.5067172 3.5067172 3.5067172 3.5067172 3.5067172 3.5067172 3.5067172 3.5067172 3.5067172 3.5067172
2.9907308 2.6809473 2.9208846 2.9949844 3.4130738 3.5067172 3.488558 3.488558 3.3209689 3.0300388 0.0 3.0300388 3.430952 3.3166277 2.6585696 0.0 0.0 0.0 3.5067172 3.5067172 3.5067172 3.5067172 3.314172 3.314172 3.5067172 3.5067172 3.5067172 3.5067172 3.5067172 3.5067172 3.5067172 3.5067172 3.413073 3.5067172 3.5067172 3.5067172 2.469019 2.6752043 2.7847528 2.7847528 2.901131 2.5303874 2.8537521 2.9228344 2.901131 2.901131 2.6957717 3.5067172 3.5067172 3.5067172 3.413073 3.413073 3.5067172 3.5067172 3.5067172 3.5067172 3.5067172 3.5067172 3.5067172 3.5067172
2.9907308 2.739543 2.7883115 2.9949844 3.6808636 3.314172 3.314172 3.488558 3.9319503 3.256857 3.5067172 3.8419096 4.1191235 3.9295518 3.8643382 0.0 0.0 0.0 3.5067172 3.5067172 3.5067172 3.5067172 3.5067172 3.5067172 3.5067172 3.5067172 3.5067172 3.5067172 3.5067172 3.5067172 3.5067172 3.5067172 3.5067172 3.5067172 3.5067172 3.5067172 2.6957717 2.8039827 2.8508716 2.8508716 2.91639 2.6965368 2.9216464 2.9228756 2.91639 2.91639 2.8248234 3.5067172 3.5067172 3.5067172 3.413073 3.413073 3.5067172 3.5067172 3.5067172 3.5067172 3.5067172 3.5067172 3.5067172 3.5067172
2.9907308 3.06649 2.746375 2.8167727 3.314172 3.314172 2.9208846 3.314172 3.314172 3.6574883 3.5067172 3.5067172 3.5067172 3.488558 3.5067172 3.5067172 3.5067172 3.4130738 3.4130738 3.4130738 3.5067172 3.5067172 3.5067172 3.5067172 3.5067172 3.5067172 3.5067172 3.5067172 3.5067172 3.5067172 3.5067172 3.5067172 3.5067172 3.5067172 3.5067172 2.0367253 2.8248234 2.8895953 2.89651 2.89651 2.9220057 2.8100061 2.0367253 3.5067172 3.0817115 2.0367253 2.901131 2.0367253 3.5067172 3.5067172 3.413073 3.5067172 3.5067172 3.5067172 3.5067172 3.5067172 3.5067172 3.5067172 3.5067172 3.5067172
2.9907308 2.9907308 3.314172 3.00522 2.9208846 2.9208846 3.0586534 3.314172 3.314172 3.4130738 3.0862117 3.5067172 3.5067172 3.5067172 3.5067172 3.5067172 3.5067172 3.4130738 3.4130738 2.027287 2.0367253 3.5067172 3.5067172 3.5067172 3.5067172 3.5067172 3.5067172 3.5067172 3.5067172 3.5067172 3.5067172 3.5067172 3.5067172 3.5067172 3.5067172 2.469019 2.901131 2.9138064 2.9170625 2.0367253 3.0801208 2.8792632 2.469019 3.5067172 3.2588537 2.469019 2.91639 2.0367253 3.5067172 3.5067172 3.5067172 3.5067172 3.5067172 3.5067172 3.5067172 3.5067172 2.9907308 2.9907308 3.5067172 3.5067172
2.9907308 2.9907308 3.314172 3.5040288 3.0586534 2.7883115 3.0742936 2.9208846 3.314172 3.314172 3.314172 3.314172 3.314172 3.5067172 3.5067172 3.5067172 3.5067172 3.5067172 2.0065255 2.4014647 2.0367253 2.0367253 3.4130738 3.4130738 3.5067172 3.5067172 3.5067172 3.5067172 3.5067172 3.5067172 3.5067172 3.5067172 3.5067172 3.5067172 3.5067172 2.0367253 2.0367253 2.9209056 2.920804 2.469019 3.2555547 2.893275 2.679975 3.5067172 2.0367253 2.6957717 2.9220057 2.0367253 3.5067172 3.5067172 3.5067172 3.5067172 3.5067172 3.5067172 3.5067172 3.5067172 2.9907308 2.9907308 3.5067172 3.5067172
3.5067172 2.9907308 2.9907308 3.314172 3.513973 3.0030808 2.9208846 3.4968207 3.314172 3.314172 3.5067172 3.314172 3.314172 3.5067172 3.5067172 3.5067172 2.0367253 2.0367253 2.401381 2.5463736 2.469019 2.469019 2.0065255 2.0065255 3.5067172 3.5067172 3.5067172 3.5067172 3.488558 3.488558 3.5067172 3.5067172 3.5067172 3.5067172 3.5067172 2.0367253 2.469019 2.9220562 2.9221358 2.0367253 3.2066176 2.7975214 2.7369754 3.5067172 2.469019 2.8248234 2.9224887 2.469019 3.5067172 3.5067172 3.5067172 3.5067172 3.5067172 3.5067172 3.5067172 3.5067172 2.9907308 2.9907308 2.9907308 3.5067172
3.5067172 3.5067172 3.5067172 3.5067172 3.314172 2.9208846 3.4968207 3.314172 3.314172 3.314172 3.314172 3.5067172 3.5067172 3.5067172 3.5067172 2.0367253 2.469019 2.469019 2.0367253 2.7073512 2.6957717 2.6957717 2.401381 2.0367253 2.0367253 2.0367253 3.5067172 3.5067172 3.5067172 3.5067172 3.4130738 3.4130738 3.5067172 3.5067172 3.5067172 2.469019 2.6957717 2.922413 2.9225123 2.469019 2.0367253 2.7305236 2.7255516 2.0367253 3.5067172 2.9986095 2.9224207 2.6957717 3.5067172 3.5067172 3.5067172 3.5067172 3.5067172 3.5067172 3.5067172 3.5067172 2.9907308 2.6809473 2.9907308 3.5067172
3.5067172 3.5067172 3.5067172 3.5067172 3.314172 3.4968207 3.314172 3.4130738 3.314172 3.314172 3.314172 3.5067172 3.5067172 3.5067172 2.0367253 2.469019 2.6957717 2.6957717 2.469019 2.8142776 2.8248234 2.8248234 2.6480138 2.469019 2.469019 2.469019 3.5067172 3.314172 3.314172 3.314172 3.4130738 3.4130738 3.5067172 3.5067172 3.5067172 5.4585147 2.8248234 2.9225864 2.9226296 2.6957717 2.0367253 2.8628528 2.7857704 2.469019 3.5067172 3.1473176 2.9228344 2.8248234 3.5067172 3.5067172 3.5067172 3.5067172 3.5067172 3.5067172 3.5067172 3.5067172 2.9907308 2.739543 2.9907308 3.5067172
3.5067172 3.5067172 3.4130738 3.4130738 3.5067172 3.5067172 3.314172 3.314172 3.314172 3.314172 3.314172 3.5067172 3.4130738 3.4130738 3.4130738 2.6957717 2.8248234 2.0367253 2.0367253 2.8798041 2.0367253 2.901131 2.7829008 2.6957717 2.0367253 2.6957717 2.0367253 3.314172 2.9208846 2.9208846 3.314172 3.314172 3.5067172 3.5067172 3.5067172 3.5067172 2.901131 2.9228597 2.0367253 2.8248234 2.469019 2.9978557 2.849815 2.0367253 3.5067172 3.150795 2.9228756 2.0367253 3.5067172 3.5067172 3.5067172 3.5067172 3.5067172 3.5067172 3.314172 3.314172 2.9907308 2.9907308 2.9907308 3.314172
3.5067172 3.5067172 3.4130738 2.9208846 3.314172 3.5067172 3.314172 3.314172 3.314172 3.314172 3.314172 3.5067172 3.4130738 3.4130738 3.4130738 5.7522616 2.901131 2.469019 2.469019 2.9115856 2.469019 2.91639 2.8766663 2.8248234 2.469019 2.8248234 2.469019 3.5067172 3.4968207 3.4968207 3.314172 3.5067172 3.5067172 3.5067172 3.5067172 3.5067172 2.91639 2.9228756 2.469019 2.901131 2.6957717 3.0360928 2.8968701 2.469019 3.5067172 6.1629853 2.922883 2.469019 2.0367253 3.5067172 3.5067172 3.5067172 3.5067172 3.5067172 3.314172 3.4130738 3.4130738 2.9907308 3.314172 2.9208846
3.5067172 3.5067172 3.4130738 3.4968207 3.314172 3.5067172 3.314172 3.314172 3.314172 3.314172 3.314172 3.5067172 3.5067172 3.5067172 3.5067172 3.5067172 2.91639 2.0367253 2.6957717 2.9197705 2.6957717 2.9220057 2.9103253 2.901131 2.6957717 2.901131 2.6957717 3.5067172 3.5067172 3.5067172 3.5067172 3.5067172 3.5067172 3.5067172 3.5067172 3.5067172 2.0367253 2.9229248 2.6957717 2.91639 2.0367253 3.017141 2.9166546 5.4585147 3.5067172 3.5067172 2.0367253 2.6957717 2.469019 2.0367253 3.5067172 3.5067172 3.5067172 3.5067172 3.4130738 3.4130738 3.4130738 2.9907308 2.9208846 3.4968207
3.5067172 3.5067172 3.5067172 3.314172 3.314172 3.314172 3.314172 3.314172 3.314172 3.314172 3.314172 3.5067172 3.5067172 3.5067172 3.5067172 3.5067172 5.905636 2.469019 2.0367253 2.9217105 2.0367253 2.9224887 2.9197402 2.0367253 2.8248234 2.0367253 2.8248234 2.0367253 3.5067172 3.5067172 3.5067172 3.5067172 3.5067172 3.5067172 3.5067172 3.5067172 3.5067172 2.9229274 2.0367253 2.9220057 2.469019 2.0367253 2.0367253 3.5067172 3.5067172 3.5067172 2.469019 2.8248234 2.0367253 2.0367253 3.5067172 3.5067172 3.5067172 3.5067172 3.4130738 3.4130738 3.4130738 2.9907308 2.9907308 3.314172
3.5067172 3.5067172 3.5067172 3.5067172 3.314172 3.314172 3.5067172 3.5067172 3.5067172 3.5067172 3.5067172 3.5067172 3.5067172 3.5067172 3.5067172 3.5067172 3.5067172 5.4585147 2.469019 2.9224126 2.469019 2.9224207 2.0367253 2.469019 2.901131 2.469019 2.901131 2.469019 3.5067172 3.5067172 3.5067172 3.5067172 3.5067172 3.5067172 3.5067172 3.5067172 3.5067172 2.9229274 2.469019 2.9224887 2.6957717 2.469019 2.469019 2.0367253 3.5067172 3.5067172 5.4585147 2.901131 2.469019 2.469019 2.0367253 3.5067172 3.5067172 3.5067172 3.5067172 3.5067172 2.9907308 2.9907308 2.9907308 3.314172
3.5067172 3.5067172 3.5067172 3.5067172 3.314172 3.314172 3.5067172 3.5067172 3.5067172 3.5067172 3.314172 3.5067172 3.5067172 3.5067172 3.5067172 3.5067172 3.5067172 3.5067172 5.4585147 2.9224298 2.6957717 2.9228344 2.469019 2.6957717 2.0367253 2.6957717 2.91639 2.6957717 3.5067172 3.5067172 3.5067172 3.5067172 3.5067172 3.5067172 3.5067172 3.5067172 3.5067172 5.9088097 2.6957717 2.9224207 2.8248234 2.6957717 2.6957717 2.469019 2.0367253 3.4130738 3.4130738 5.897235 2.6957717 2.6957717 2.469019 3.5067172 2.9907308 2.9907308 2.9907308 2.9907308 2.9907308 2.9907308 2.9907308 3.5067172
3.5067172 3.5067172 3.5067172 3.5067172 3.5067172 3.5067172 3.5067172 3.5067172 3.5067172 3.4130738 3.4130738 3.5067172 3.5067172 3.5067172 3.5067172 3.5067172 3.5067172 3.5067172 3.5067172 2.9228616 2.8248234 2.9228756 2.6957717 2.8248234 2.469019 2.8248234 2.9174194 2.8211477 3.5067172 3.5067172 3.5067172 3.5067172 3.5067172 3.5067172 3.5067172 3.5067172 3.5067172 3.5067172 2.8248234 2.9228344 2.901131 2.8248234 2.8248234 2.6957717 2.4551692 3.4130738 3.4130738 3.5067172 2.8248234 2.8248234 2.6957717 3.5067172 2.9907308 2.6809473 2.6809473 2.6809473 2.9907308 2.9907308 2.9907308 2.9907308
3.5067172 3.5067172 3.5067172 3.5067172 3.5067172 3.5067172 3.5067172 3.5067172 3.4130738 3.4130738 3.4130738 3.5067172 3.5067172 3.5067172 3.5067172 3.5067172 3.5067172 3.5067172 3.5067172 5.90875 2.0367253 2.922883 2.8248234 2.0367253 2.6957717 2.0347624 2.0347624 2.8717628 2.0347624 3.5067172 3.5067172 3.5067172 3.5067172 3.5067172 3.5067172 3.5067172 3.5067172 3.4130738 5.5281415 2.9228756 2.0367253 2.901131 2.0367253 2.8248234 2.0367253 2.027287 3.4130738 3.5067172 3.5067172 2.901131 2.8248234 2.0367253 2.9907308 3.0744066 3.5166457 2.9907308 2.9907308 2.9907308 2.9907308 2.9907308
3.5067172 3.5067172 3.5067172 3.5067172 3.5067172 3.5067172 3.5067172 3.5067172 3.4130738 3.5067172 3.5067172 3.5067172 3.5067172 3.5067172 3.5067172 3.5067172 3.5067172 3.5067172 3.5067172 3.5067172 4.804431 2.9229274 2.901131 2.269703 4.351514 3.907478 3.907478 4.603982 2.4586291 3.5067172 3.5067172 3.5067172 3.5067172 3.5067172 3.5067172 3.5067172 3.5067172 3.4130738 3.4130738 5.563909 2.469019 2.91639 2.469019 2.901131 2.469019 2.4438405 3.5067172 3.5067172 3.5067172 2.91639 2.901131 2.469019 3.5067172 3.693187 3.4130738 2.9907308 2.9907308 2.9907308 2.9907308 3.4130738
3.5067172 3.5067172 3.5067172 3.5067172 3.5067172 3.5067172 3.5067172 3.5067172 3.5067172 3.5067172 3.5067172 3.5067172 3.5067172 3.5067172 3.5067172 3.5067172 3.5067172 3.5067172 3.5067172 3.5067172 3.5067172 5.9088097 0.0 0.0 0.0 3.4157534 3.0300388 3.4739573 2.6724281 3.5067172 3.4130738 3.5067172 3.5067172 3.5067172 3.5067172 3.5067172 3.5067172 3.4130738 3.4130738 3.4130738 5.4585147 5.905636 2.6957717 2.91639 2.6957717 2.6752043 2.0367253 3.5067172 3.5067172 2.9220057 2.91639 2.6957717 2.0367253 2.0367253 3.5067172 3.0862117 2.9907308 2.9907308 2.9907308 3.4130738
3.5067172 3.5067172 3.5067172 3.5067172 3.5067172 3.5067172 3.5067172 3.5067172 3.5067172 3.5067172 3.5067172 3.5067172 3.5067172 3.5067172 3.5067172 3.5067172 3.5067172 3.5067172 3.5067172 3.5067172 3.5067172 0.0 0.0 0.0 3.0300388 3.3412158 3.256857 2.0347624 3.488558 3.314172 3.4130738 3.5067172 3.5067172 3.5067172 3.5067172 3.5067172 3.5067172 3.5067172 3.4130738 3.5067172 3.5067172 3.5067172 5.7522616 2.9220057 2.0367253 2.8039827 2.0367253 2.0367253 3.5067172 2.9224887 2.0367253 2.0367253 2.469019 2.0367253 2.0367253 2.9907308 2.9907308 3.4130738 3.4130738 2.9907308
3.4641588 3.4641588 3.4641588 3.4641588 3.4641588 3.4641588 3.4641588 3.4641588 3.4641588 3.4641588 3.4641588 3.4641588 3.4641588 3.4641588 3.4641588 3.4641588 3.4641588 3.4641588 3.4641588 3.4641588 3.4641588 0.0 0.0 0.0 3.226004 3.2944093 2.148046 2.4369915 3.449955 3.4641588 3.3846693 3.3846693 3.4641588 3.4641588 3.4641588 3.4641588 3.4641588 3.4641588 3.4641588 3.4641588 3.4641588 3.4641588 3.4641588 5.863489 2.0158274 2.4472978 2.4472978 2.4472978 3.4641588 2.0158274 2.4472978 2.4472978 2.6795368 2.4472978 2.3187845 2.9848661 2.9848661 3.3846693 3.3846693 2.9848661
3.4641588 3.4641588 3.4641588 3.4641588 3.4641588 3.4641588 3.4641588 3.4641588 3.4641588 3.4641588 3.4641588 3.4641588 3.4641588 3.4641588 3.4641588 3.4641588 3.4641588 3.4641588 3.4641588 3.4641588 3.3846693 3.3846693 3.3846693 0.0 2.1436532 2.1470008 2.5058699 2.6577394 3.4641588 3.4641588 3.3846693 3.4641588 3.4641588 3.4641588 3.4641588 3.4641588 3.4641588 3.3846693 3.3846693 3.4641588 3.4641588 3.4641588 3.4641588 3.4641588 4.75794 2.674351 2.674351 2.674351 2.0158274 2.0158274 2.0158274 2.674351 2.7988312 2.674351 3.5667288 2.9848661 2.9848661 3.4641588 2.9848661 2.9848661
3.4641588 3.4641588 3.4641588 3.4641588 3.4641588 3.4641588 3.4641588 3.4641588 3.4641588 3.4641588 3.4641588 3.4641588 3.4641588 3.4641588 3.4641588 3.4641588 3.4641588 3.4641588 3.4641588 3.4641588 3.3846693 3.3846693 3.3846693 0.0 4.8418508 4.8457365 2.6825552 5.593896 3.4641588 3.4641588 3.4641588 3.4641588 3.4641588 3.4641588 3.4641588 3.4641588 3.3846693 3.3846693 3.3846693 3.4641588 3.4641588 3.4641588 3.4641588 3.4641588 3.4641588 5.6836133 2.7968981 2.7968981 2.435559 2.435559 2.435559 2.7968981 2.87565 2.6187842 1.9226665 2.9848661 2.9848661 2.9848661 3.4641588 2.9848661
3.4641588 3.4641588 3.4641588 3.4641588 3.4641588 3.4641588 3.4641588 3.4641588 3.4641588 3.4641588 3.4641588 3.4641588 3.4641588 3.4641588 3.4641588 3.4641588 3.4641588 3.4641588 3.4641588 3.4641588 3.3846693 3.3846693 3.3846693 0.0 3.449955 3.449955 5.470113 3.4641588 3.4641588 3.4641588 3.4641588 3.4641588 3.4641588 3.4641588 3.4641588 2.9848661 3.4641588 3.2945957 3.4641588 3.4641588 3.4641588 3.4641588 3.4641588 3.4641588 3.4641588 3.4641588 5.8052454 2.8706982 2.0158274 2.6710606 2.6710606 1.9226665 2.8705409 2.2818089 3.4356155 2.6763458 2.9848661 2.9848661 3.4641588 3.4641588
3.4641588 3.4641588 3.4641588 3.4641588 3.4641588 3.4641588 3.4641588 3.4641588 3.4641588 3.4641588 3.4641588 3.4641588 3.4641588 3.4641588 3.4641588 3.4641588 3.4641588 3.4641588 3.4641588 3.4641588 3.4641588 3.4641588 0.0 0.0 0.0 3.449955 3.4641588 3.4641588 3.4641588 3.4641588 3.4641588 3.4641588 3.4641588 3.4641588 3.4641588 2.9848661 2.9848661 3.2945957 3.4641588 3.4641588 3.4641588 3.4641588 3.4641588 3.4641588 3.4641588 3.4641588 3.4641588 5.838117 2.435559 2.0158274 2.6215117 2.1809735 2.3926198 2.243406 2.9848661 2.7293172 2.6763458 2.9848661 2.9848661 3.4641588
3.4641588 3.4641588 3.4641588 3.4641588 3.4641588 3.4641588 3.4641588 3.4641588 3.4641588 3.4641588 3.4641588 3.4641588 3.4641588 3.4641588 3.4641588 3.4641588 3.4641588 3.4641588 3.4641588 3.4641588 3.4641588 3.4641588 0.0 0.0 0.0 3.449955 3.4641588 3.4641588 3.4641588 3.4641588 3.4641588 3.4641588 3.4641588 3.4641588 3.2945957 3.2945957 3.2945957 3.2945957 3.2945957 3.2945957 3.4641588 3.4641588 3.4641588 3.4641588 3.4641588 3.4641588 3.4641588 3.4641588 2.6710606 2.435559 1.9226665 3.1245403 2.6763458 3.133061 2.6763458 2.7320738 2.7293172 2.9848661 2.9848661 3.4641588
3.4641588 3.4641588 3.4641588 3.4641588 3.4641588 3.4641588 3.4641588 3.4641588 3.4641588 3.4641588 3.4641588 3.4641588 3.4641588 3.4641588 3.4641588 3.4641588 3.4641588 3.4641588 3.4641588 3.4641588 3.4641588 3.4641588 3.4641588 0.0 0.0 3.449955 3.4641588 3.4641588 3.4641588 3.4641588 3.4641588 3.4641588 3.2945957 3.2945957 3.2945957 3.2945957 2.8976805 2.8976805 3.2945957 3.2945957 3.4641588 3.4641588 3.4641588 3.4641588 3.4641588 3.4641588 3.4641588 3.4641588 2.8018494 2.6710606 2.1809735 1.97611 2.7293172 2.7446184 2.7293172 2.6763458 2.77087 2.6763458 2.9848661 3.4641588
