Export/ASCII/RMeteo_tot/pASCII1_sum_tot.asc
ncols         660
nrows         338
xllcorner     1476100.0
yllcorner     5017100.0
cellsize      100
NODATA_value  -9999
[rows 216 to 242 of 338, columns 360 to 419 of 660]
2.1928139 2.2278047 2.2278047 2.2278047 2.2278047 2.2278047 2.1928139 3.2601595 3.2601595 3.4259226 2.1928139 2.1928139 3.2601595 3.2601595 3.2601595 3.2601595 3.2601595 3.2601595 3.4259226 3.4259226 3.3603764 3.2601595 3.3603764 2.2155302 2.2155302 2.1928139 2.2278047 2.2278047 2.2278047 2.2278047 2.2278047 2.2278047 2.1928139 2.1928139 3.4259226 3.4259226 3.4259226 3.4259226 2.9390342 2.9390342 3.3603764 3.4259226 3.4259226 3.4259226 3.4259226 3.4259226 3.4259226 3.4259226 3.4259226 4.0083737 4.0083737 4.0083737 4.0083737 4.0083737 4.0083737 4.0083737 4.0083737 2.2278047 2.2278047 2.2155302
2.2155302 2.2278047 2.2278047 2.2278047 2.2278047 2.1928139 2.1928139 3.2601595 3.2601595 3.4259226 2.1928139 3.2601595 3.2601595 3.2601595 3.2601595 3.2601595 3.2601595 3.2601595 3.2601595 3.2601595 3.2601595 3.4259226 3.4259226 2.2155302 2.2155302 2.1928139 2.2278047 2.2278047 2.2278047 2.2278047 2.2278047 2.2278047 2.2278047 2.2278047 3.4259226 3.4259226 3.4259226 3.4259226 2.9390342 2.1059372 2.9390342 0.0 3.4259226 3.4259226 3.4259226 3.2601595 3.2601595 3.4259226 3.4259226 4.0083737 4.0083737 4.0083737 4.0083737 4.0083737 4.0083737 4.0083737 4.0083737 4.0083737 2.2278047 2.2155302
2.2278047 2.2278047 2.2278047 2.2278047 2.1928139 2.1928139 2.1928139 3.2601595 3.2601595 3.2601595 2.1928139 3.2601595 3.2601595 3.2601595 3.2601595 3.2601595 3.2601595 3.2601595 3.2601595 3.2601595 3.2601595 3.3603764 3.4259226 2.2278047 2.1928139 2.1928139 2.2278047 2.2278047 2.2278047 2.2278047 2.2278047 2.2278047 2.2278047 2.2278047 3.4259226 3.4259226 3.4259226 3.4259226 3.4259226 3.3603764 3.3603764 2.1928139 2.1928139 2.1928139 2.1928139 2.1928139 3.035351 3.4259226 2.2278047 4.0083737 4.0083737 4.0083737 4.0083737 4.0083737 4.0083737 4.0083737 4.0083737 4.0083737 3.9796135 3.9796135
2.2278047 2.2278047 2.2278047 2.2278047 2.1928139 2.1928139 0.0 3.2601595 3.2601595 3.2601595 2.1928139 2.1928139 3.2601595 3.2601595 3.2601595 3.2601595 3.2601595 3.2601595 3.2601595 3.2601595 3.3603764 3.3603764 3.4259226 2.1059372 2.1059372 2.1059372 2.2278047 2.2278047 2.2278047 2.2278047 2.2278047 2.2278047 2.2278047 2.2278047 2.2278047 2.2278047 3.4259226 3.4259226 3.3603764 3.3603764 2.2155302 2.1928139 2.1928139 2.1928139 2.1928139 2.0059066 2.2278047 2.2278047 2.2278047 4.0083737 4.0083737 4.0083737 4.0083737 4.0083737 4.0083737 4.0083737 4.0083737 4.0083737 3.9796135 3.9796135
2.2278047 2.2278047 2.2278047 2.2278047 2.2278047 2.2278047 3.4259226 3.3603764 3.2601595 3.2601595 2.2278047 2.1928139 3.2601595 3.2601595 3.2601595 3.2601595 3.2601595 3.2601595 3.2601595 3.2601595 3.3603764 2.9390342 2.9390342 2.1059372 2.1059372 2.1059372 2.1059372 2.2278047 2.2278047 2.2278047 2.2278047 2.2278047 2.2278047 2.2278047 2.2278047 2.2278047 3.4259226 3.4259226 3.4259226 2.9390342 2.1059372 2.1928139 2.1928139 2.0059066 2.2278047 2.2278047 2.2278047 2.2278047 2.2278047 4.0083737 4.0083737 4.0083737 4.0083737 4.0083737 4.0083737 4.0083737 4.0083737 3.9796135 3.9796135 3.410115
2.1059372 2.2278047 2.2278047 2.2278047 2.2278047 3.4259226 3.4259226 3.3603764 3.3603764 3.4259226 2.2278047 2.1928139 3.2601595 3.2601595 3.2601595 3.2601595 3.2601595 3.2601595 3.2601595 3.2601595 3.3603764 2.9390342 2.9390342 2.2278047 2.1059372 2.1059372 2.2278047 2.2278047 2.2278047 2.2278047 2.2278047 2.2278047 2.2278047 2.2278047 2.2278047 2.2278047 3.4259226 3.4259226 3.4259226 2.9390342 2.1059372 2.2278047 2.2278047 2.0059066 2.2278047 2.2278047 2.2278047 2.2278047 4.0083737 4.0083737 4.0083737 4.0083737 4.0083737 4.0083737 4.0083737 4.0083737 3.9796135 3.9796135 3.9796135 3.9796135
2.1059372 2.1059372 2.2278047 2.2278047 2.2278047 3.4259226 3.4259226 3.4259226 3.4259226 3.4259226 2.2278047 2.1928139 3.2601595 3.2601595 3.2601595 3.2601595 2.9390342 2.9390342 2.9390342 2.9390342 3.3603764 2.9390342 2.9390342 2.2278047 2.2278047 2.2278047 2.2278047 2.2278047 2.2278047 2.2278047 2.2278047 2.2278047 2.2278047 2.2278047 2.2278047 2.2278047 3.4259226 3.4259226 3.4259226 2.2278047 2.2278047 2.2278047 2.2278047 2.2155302 2.2278047 2.2278047 2.2278047 2.2278047 4.0083737 4.0083737 4.0083737 4.0083737 4.0083737 3.7238455 3.7238455 4.0083737 4.0083737 4.0083737 4.0083737 4.0083737
2.1059372 2.1059372 2.2278047 2.2278047 2.2278047 3.4259226 3.4259226 3.4259226 3.4259226 2.2278047 2.2278047 2.1928139 3.2601595 3.2601595 3.2601595 3.2601595 2.9390342 2.9390342 2.9390342 3.3603764 3.3603764 3.3603764 3.4259226 2.2278047 2.2278047 2.2278047 2.2278047 2.2278047 2.2278047 2.2278047 2.2278047 2.2278047 2.2278047 2.2278047 2.2278047 2.2278047 3.4259226 3.4259226 2.2278047 2.2278047 2.2278047 2.2278047 2.1059372 2.1059372 2.2278047 2.2278047 2.2278047 2.2278047 4.0083737 4.0083737 4.0083737 3.2996957 3.2996957 4.0083737 4.0083737 4.0083737 4.0083737 4.0083737 4.0083737 4.0083737
2.1059372 2.1059372 2.2278047 2.2278047 3.4259226 3.4259226 3.4259226 3.4259226 3.4259226 2.2278047 2.2278047 2.1928139 3.2601595 2.9390342 3.2601595 3.2601595 2.9390342 2.9390342 2.9390342 3.3603764 3.3603764 3.3603764 3.4259226 3.4259226 2.2278047 2.2278047 2.2278047 2.2278047 2.2278047 2.2278047 2.2278047 2.2278047 2.2278047 2.2278047 2.2278047 2.2278047 3.4259226 3.4259226 2.2278047 2.2278047 2.2278047 2.2278047 2.1059372 2.1059372 2.2288082 2.2288082 2.2278047 2.2278047 4.0083737 4.0083737 4.0083737 3.2996957 3.2996957 4.0083737 4.0083737 4.0083737 4.0083737 4.0083737 4.0083737 4.0083737
2.1059372 2.1928139 2.1928139 2.1928139 3.4259226 3.4259226 3.4259226 3.4259226 3.4259226 3.4259226 2.1928139 3.2601595 3.2601595 3.2601595 3.2601595 3.2601595 2.9390342 2.9390342 3.3603764 3.3603764 3.3603764 3.4259226 3.4259226 3.4259226 2.2278047 2.2278047 2.2278047 2.2278047 2.2155302 2.2155302 2.2278047 2.2278047 2.2278047 2.2278047 2.2278047 2.2278047 3.4259226 3.4259226 2.1059372 2.2278047 2.2278047 2.2278047 2.1059372 2.1059372 2.2288082 2.2288082 2.2278047 2.2278047 2.2278047 4.0083737 4.0083737 4.0083737 4.0083737 4.0083737 4.0083737 4.0083737 4.0083737 4.0083737 4.0083737 4.0083737
2.1059372 2.1928139 2.1928139 3.2601595 3.2601595 3.2601595 3.2601595 3.2601595 3.4259226 3.4259226 2.1928139 3.2601595 3.2601595 3.2601595 3.2601595 3.2601595 3.3603764 3.3603764 3.3603764 3.4259226 3.4259226 3.4259226 3.4259226 3.4259226 2.2278047 2.2278047 2.2278047 2.2278047 2.2155302 2.2155302 2.2278047 2.2278047 2.2278047 2.2278047 2.2278047 3.4259226 2.2155302 2.1059372 2.1059372 2.1059372 2.1059372 2.1059372 2.1059372 2.1059372 2.1059372 2.2288082 2.2278047 2.2278047 2.2278047 4.0083737 4.0083737 4.0083737 4.0083737 4.0083737 4.0083737 4.0083737 4.0083737 4.0083737 3.7238455 3.7238455
2.1059372 2.1059372 2.1928139 3.4259226 3.2601595 3.2601595 3.2601595 3.2601595 3.4259226 3.4259226 2.1928139 3.2601595 3.2601595 3.2601595 3.2601595 2.9390342 3.3603764 3.3603764 3.3603764 3.4259226 3.4259226 3.4259226 3.4259226 3.4259226 2.2278047 2.2278047 2.2278047 2.2278047 2.2155302 2.2155302 2.2278047 2.2278047 2.2278047 2.2278047 2.2278047 2.2155302 2.1059372 2.1059372 2.1059372 2.1059372 2.1059372 2.9390342 2.1059372 2.2288082 2.1059372 2.1059372 2.2278047 2.2278047 2.2278047 4.0083737 4.0083737 4.0083737 4.0083737 4.0083737 4.0083737 3.7238455 3.7238455 3.7238455 3.2601595 3.2601595
2.1059372 2.1928139 2.1928139 3.4259226 3.2601595 3.2601595 3.2601595 3.2601595 3.4259226 2.1059372 2.1059372 3.2601595 3.2601595 3.2601595 3.2601595 3.2601595 3.4259226 3.4259226 3.4259226 3.4259226 3.4259226 3.4259226 3.4259226 3.4259226 2.2278047 2.2278047 2.2278047 2.2278047 2.2278047 2.2278047 2.2278047 2.2278047 2.2278047 2.2278047 2.2278047 2.2155302 2.1059372 2.1059372 2.1059372 2.1059372 2.1059372 2.1059372 2.1059372 2.2278047 2.2278047 2.2278047 2.2278047 2.2278047 2.2278047 4.0083737 4.0083737 4.0083737 4.0083737 4.0083737 4.0083737 4.0083737 3.7238455 3.2601595 3.2601595 3.2601595
2.1059372 2.1928139 3.2601595 3.4259226 3.4259226 3.4259226 3.4259226 3.4259226 3.4259226 2.1059372 2.1059372 3.2601595 3.2601595 3.2601595 3.2601595 3.2601595 3.4259226 3.4259226 3.4259226 3.4259226 3.2601595 3.2601595 3.4259226 3.4259226 2.2278047 2.2278047 2.2278047 2.2278047 2.2278047 2.2278047 2.2278047 2.2278047 2.2278047 2.2278047 2.2278047 2.1059372 2.1059372 2.1059372 2.1059372 2.1059372 2.2155302 2.1059372 2.1059372 2.2278047 2.2278047 2.2278047 2.2278047 2.2278047 2.2278047 4.0083737 4.0083737 4.0083737 4.0083737 4.0083737 4.0083737 4.0083737 3.7238455 3.2601595 3.7238455 3.2601595
3.7238455 2.1928139 3.2601595 3.2601595 3.4259226 3.4259226 3.4259226 3.4259226 2.2278047 2.1059372 3.2601595 3.2601595 3.2601595 3.2601595 3.2601595 3.3603764 3.4259226 3.4259226 3.2601595 3.2601595 3.2601595 3.2601595 3.2601595 3.4259226 2.2278047 2.2278047 2.2278047 2.2278047 2.2278047 2.2278047 2.2278047 2.2278047 2.2278047 2.2278047 2.2278047 3.4259226 2.1059372 2.1059372 2.1928139 2.2155302 2.2155302 2.1059372 2.1059372 2.2278047 2.2278047 2.2278047 2.2278047 2.2278047 2.2278047 4.0083737 4.0083737 4.0083737 4.0083737 4.0083737 4.0083737 4.0083737 4.0083737 3.4259226 4.0083737 3.2601595
3.559766 3.1131005 3.1131005 3.1131005 2.8273282 2.8273282 2.8273282 3.246276 2.1372192 2.1372192 2.1049268 3.1131005 3.1131005 3.1963806 3.1963806 3.1963806 3.1963806 3.1963806 3.1131005 3.1131005 3.1131005 3.1131005 3.1131005 3.1963801 2.1372192 2.1372192 2.1372192 2.1372192 2.1372192 2.1372192 2.1372192 2.1372192 2.1372192 3.246276 3.246276 3.246276 2.1372192 2.1049268 3.1131005 2.1049268 2.1267269 2.1372192 2.1267269 2.1267269 2.1267269 2.1372192 2.1372192 2.1372192 3.800225 3.800225 3.800225 3.6805167 3.6805167 3.800225 3.800225 3.800225 3.246276 3.246276 3.1827319 3.1131005
3.559766 3.1131005 3.1131005 2.8273282 2.8273282 2.8273282 2.8273282 3.246276 2.1372192 2.1372192 2.1372192 3.246276 3.246276 3.1963806 3.1963806 3.246276 3.1963806 3.1963806 3.1131005 3.1131005 3.1131005 3.1131005 3.1131005 3.1963801 2.1267269 2.1372192 2.1372192 2.1372192 2.1372192 2.1372192 2.1372192 3.246276 3.246276 3.246276 3.246276 3.246276 3.1963801 3.1131005 3.1131005 2.1049268 2.1049268 2.1372192 2.1267269 2.1267269 2.1267269 2.1372192 2.1372192 2.1372192 3.800225 3.800225 3.800225 3.6805167 3.6805167 3.800225 3.800225 3.800225 3.246276 3.1131005 3.1131005 3.1131005
3.559766 3.1131005 3.1131005 3.1131005 3.1131005 3.1131005 3.246276 3.246276 2.1267269 2.1267269 3.246276 3.246276 3.246276 3.246276 3.1963806 3.246276 3.246276 3.246276 3.246276 3.1131005 3.1131005 3.1131005 3.1131005 3.1963801 2.1372192 2.1372192 2.1372192 2.1372192 2.1372192 2.1372192 2.1372192 3.246276 3.246276 3.246276 3.246276 3.246276 3.246276 2.1049268 2.1049268 2.1049268 2.1049268 2.0262725 2.0262725 2.1372192 2.1372192 2.1372192 2.1372192 2.1372192 3.800225 3.800225 3.800225 3.6805167 3.6805167 3.800225 3.800225 3.800225 3.246276 3.1131005 3.1131005 3.1131005
3.1131005 3.1131005 3.1131005 3.1131005 3.1131005 3.1131005 3.246276 3.246276 2.1267269 2.0262725 3.246276 3.246276 3.246276 3.1131005 3.1131005 3.246276 3.246276 3.246276 3.246276 3.246276 3.1131005 3.1131005 3.1131005 2.1372192 2.1372192 2.1372192 2.1372192 2.1372192 2.1372192 2.1372192 2.1372192 3.246276 3.246276 3.246276 3.246276 3.246276 3.246276 2.1372192 2.1372192 2.1372192 2.0262725 2.0262725 2.0262725 2.0262725 2.1372192 2.1372192 2.1372192 2.1372192 2.1372192 3.800225 3.800225 3.6805167 3.6805167 3.800225 3.800225 3.246276 3.246276 3.1131005 3.1131005 3.1131005
3.1131005 3.1131005 3.1131005 3.1131005 3.1131005 3.1131005 3.1131005 3.1963801 2.1267269 2.0262725 3.246276 3.246276 3.1131005 3.1131005 3.1131005 3.246276 3.246276 3.246276 3.246276 3.246276 3.246276 3.246276 3.246276 2.1372192 2.1372192 2.1372192 2.1372192 2.1372192 2.1372192 2.1372192 2.1372192 3.246276 3.246276 3.246276 3.246276 3.246276 3.246276 2.1372192 2.1267269 2.1267269 2.1267269 2.0262725 2.0262725 2.0262725 2.1372192 2.1372192 2.1372192 2.1372192 2.1372192 3.800225 3.800225 3.800225 3.800225 3.800225 3.246276 3.246276 3.246276 3.246276 3.1131005 3.1131005
3.1131005 2.8273282 2.8273282 3.1131005 3.1131005 3.1131005 3.1131005 2.1267269 1.9104314 2.8273282 2.8273282 3.1131005 3.1131005 2.8273282 3.1131005 3.246276 3.246276 3.246276 3.246276 3.246276 3.246276 3.246276 3.246276 3.246276 2.1372192 2.1372192 2.1372192 2.1372192 2.1372192 2.1372192 2.1372192 3.246276 3.246276 3.246276 3.246276 3.246276 3.1963806 2.1267269 2.1267269 3.1963806 2.1267269 2.1267269 2.1372192 2.1049268 2.1049268 2.1372192 2.1049268 2.1372192 2.1372192 2.1372192 3.800225 3.800225 3.800225 3.800225 3.246276 3.246276 3.246276 3.246276 3.246276 3.246276
3.1131005 3.1131005 2.8273282 3.1131005 3.1131005 3.1131005 3.1131005 1.9104314 3.1963806 3.1963806 3.1131005 3.1131005 2.8273282 2.8273282 2.8273282 3.246276 3.246276 3.246276 3.246276 3.246276 3.246276 3.246276 3.246276 3.246276 2.1372192 2.1372192 2.1372192 2.1372192 2.1372192 2.1372192 2.1372192 3.246276 3.246276 3.246276 3.246276 3.246276 3.1963806 3.1963806 3.1963806 3.1963806 3.1963806 2.1267269 2.0262725 2.1049268 2.1049268 2.1049268 2.1049268 2.1049268 2.1372192 2.1372192 3.800225 3.800225 3.800225 3.246276 3.246276 3.246276 3.246276 3.246276 3.1963801 3.246276
3.1131005 3.1131005 3.1131005 3.1131005 3.1131005 3.1131005 2.8671715 2.1049268 3.1131005 3.1131005 3.1131005 2.8273282 2.8273282 2.8273282 2.8273282 3.246276 3.246276 3.246276 3.246276 3.246276 3.246276 3.246276 3.246276 3.246276 3.246276 2.1372192 2.1372192 2.1372192 2.1372192 2.1372192 2.1372192 2.1372192 3.246276 3.246276 3.246276 3.246276 3.246276 3.1963806 3.1963806 3.1963806 3.1963806 2.1267269 2.1049268 3.1131005 3.1131005 3.1131005 3.1131005 2.1049268 2.1372192 3.1963806 3.6805167 3.375602 3.6805172 3.246276 3.246276 3.246276 3.246276 3.246276 3.1963801 3.246276
3.1131005 3.1131005 3.1131005 3.1131005 3.1131005 3.1131005 2.8671715 2.1049268 2.1049268 3.246276 2.8273282 2.8273282 2.8273282 2.8273282 2.8273282 3.246276 3.246276 3.246276 3.246276 3.246276 3.246276 3.246276 3.246276 3.246276 3.246276 2.1372192 2.1372192 2.1372192 2.1372192 2.1372192 2.1372192 2.1372192 3.246276 3.246276 3.246276 3.246276 3.246276 3.1963806 3.1963806 3.1963806 3.1963806 2.1267269 2.1049268 2.1049268 3.1131005 3.1131005 3.1131005 3.1131005 3.1131005 3.1963806 3.1963806 3.6805167 3.1963801 3.246276 3.246276 3.246276 3.246276 3.246276 3.246276 3.246276
2.8273282 2.8273282 3.1131005 3.1131005 3.1131005 3.1131005 1.9104314 2.1372192 2.1372192 3.246276 2.8273282 2.8273282 2.8273282 2.8273282 2.8273282 2.8273282 2.8273282 2.8273282 3.246276 3.246276 3.246276 2.8273282 2.8273282 2.8273282 2.8273282 2.0262725 2.1372192 2.1372192 2.1372192 2.1372192 2.1372192 2.1372192 3.246276 3.800225 3.800225 3.800225 3.800225 3.1963806 3.1963806 3.1963806 3.1963806 2.1267269 2.1372192 2.1049268 3.1131005 3.1131005 3.1131005 3.1131005 3.1131005 3.1963806 3.1963806 3.6805167 2.8671715 3.246276 3.246276 3.246276 3.246276 3.246276 3.800225 3.800225
3.1827319 3.1827319 3.1131005 3.1131005 3.1131005 3.1131005 1.9104314 2.0262725 2.8273282 2.8273282 2.8273282 2.8273282 2.8273282 2.8273282 2.8273282 2.8273282 2.8273282 2.8273282 2.8273282 2.8273282 3.246276 2.8273282 2.8273282 2.8273282 2.8273282 2.0262725 2.1372192 2.1372192 2.1372192 2.1372192 3.800225 3.800225 3.800225 3.800225 3.800225 3.800225 3.800225 3.6805167 3.1963806 3.1963806 3.1963806 3.1963806 2.1372192 2.1049268 2.1049268 3.1131005 3.1131005 3.1131005 3.1963806 3.1963806 3.1963806 3.6805167 2.8671715 3.1963801 3.246276 3.246276 3.246276 3.246276 3.800225 3.800225
3.1827319 3.559766 3.1131005 3.1131005 3.1131005 3.1131005 2.0262725 1.9104314 2.0262725 2.8273282 2.8273282 2.8273282 2.8273282 2.8273282 2.8273282 2.8273282 2.8273282 2.8273282 2.8273282 2.8273282 2.1372192 3.246276 2.8273282 2.8273282 2.8273282 3.246276 2.1372192 2.1372192 2.1372192 3.800225 3.800225 3.800225 3.800225 3.800225 3.800225 3.800225 3.800225 3.800225 3.246276 3.246276 3.246276 3.246276 3.246276 2.1049268 2.1049268 2.1049268 3.1963806 3.1963806 3.1963806 3.1963806 3.1963806 3.1963806 2.8671715 3.246276 3.246276 3.246276 3.246276 3.800225 3.800225 3.800225
