Export/ASCII/RMeteo_tot/pASCII1_sum_tot.asc
ncols         660
nrows         338
xllcorner     1476100.0
yllcorner     5017100.0
cellsize      100
NODATA_value  -9999
[rows 27 to 53 of 338, columns 540 to 599 of 660]
3.759662 4.4745398 4.4745398 4.4745398 4.0089493 4.4745398 4.4745398 4.4745398 4.4745398 4.4745398 4.3046317 4.3046317 4.4922338 4.4922338 4.139041 4.139041 4.139041 4.139041 4.139041 4.139041 4.139041 3.5706666 3.5706666 3.5706666 3.5706666 3.5706666 3.5706666 3.5706666 3.5706666 3.5706666 4.139041 4.139041 4.4745398 4.4922338 4.3046317 4.304631 4.304631 3.6474974 2.3788452 2.3788452 2.3788452 2.3788452 2.3797548 2.3797548 2.3797548 2.3674502 2.3674502 2.3788452 4.4745398 4.4745398 2.3788452 2.3788452 2.3788452 2.3788452 2.3788452 2.3788452 2.3453364 3.5706666 4.139041 4.139041
3.759662 4.4745398 4.4745398 4.4745398 4.0089493 4.4745398 4.4745398 4.4745398 4.4745398 4.4745398 4.3046317 4.4922338 4.4922338 4.4922338 4.139041 3.6474974 3.2157857 4.139041 4.139041 4.139041 4.139041 3.5706666 3.5706666 3.5706666 3.5706666 3.5706666 3.5706666 3.5706666 4.139041 4.139041 4.139041 4.4745398 4.4745398 4.4745398 4.4745398 4.4745398 4.4745398 2.2530303 2.3674502 2.3797548 2.3797548 2.3797548 2.3797548 2.2530303 2.2530303 2.2530303 2.3788452 2.3788452 2.3788452 2.3788452 2.3788452 2.3788452 2.3453364 2.3453364 2.3453364 2.3453364 2.3453364 2.3453364 2.3453364 4.139041
3.6807847 4.4745398 4.4745398 4.4745398 4.4745398 4.4745398 4.4745398 4.4745398 4.4745398 4.4745398 4.4745398 4.4745398 3.6474974 3.6474974 3.6474974 3.6474974 3.2157857 4.139041 4.139041 4.139041 4.139041 3.5706666 3.5706666 3.5706666 3.5706666 3.5706666 4.139041 4.139041 4.139041 4.139041 4.139041 4.139041 4.4745398 4.4922338 4.4922338 4.4745398 4.0089493 2.3674502 2.3674502 2.3797548 2.2530303 2.2530303 2.2530303 3.6474974 2.2530303 2.2530303 2.2530303 2.3788452 2.3788452 4.4745398 2.3788452 2.3788452 2.3453364 2.3453364 2.3453364 2.3453364 2.3788452 2.3788452 2.3453364 2.3453364
3.6807847 4.304631 4.4745398 4.4745398 4.4745398 4.4745398 4.4745398 4.4745398 4.4745398 4.4745398 4.4745398 3.6474974 4.304631 3.6474974 3.6474974 3.6474974 3.2157857 3.2157857 4.139041 3.5706666 3.5706666 3.5706666 3.5706666 3.5706666 3.5706666 3.5706666 3.5706666 4.139041 4.139041 4.139041 4.139041 4.139041 4.4745398 4.4922338 4.4922338 4.4745398 3.6474974 2.2530303 2.2530303 3.2157857 2.2530303 2.2530303 2.2530303 3.2157857 3.2157857 2.2530303 2.2530303 2.3788452 2.3788452 4.4745398 2.3788452 2.3788452 2.3453364 2.3453364 2.3453364 2.3453364 2.3453364 2.3788452 2.3674502 2.3674502
3.6807847 4.304631 4.4745398 4.4745398 4.4745398 4.4745398 4.4745398 4.4745398 4.4745398 4.139041 3.6474974 4.304631 4.304631 3.6474974 3.6474974 3.2157857 3.2157857 3.2157857 4.139041 4.139041 3.5706666 3.5706666 3.5706666 3.5706666 3.5706666 3.5706666 4.139041 3.6474974 3.6474974 4.4745398 4.4745398 4.4745398 3.6474974 3.6474974 3.6474974 3.6474974 3.2157857 3.2157857 3.2157857 3.2157857 3.2157857 2.2530303 2.2530303 2.2530303 2.2530303 2.2530303 2.2530303 2.2530303 2.2530303 4.4745398 2.3788452 2.3788452 2.3453364 2.3453364 2.3453364 2.3453364 2.3453364 2.3453364 2.3453364 2.2530303
3.6807847 3.6807847 4.4745398 4.4745398 4.4745398 4.4745398 4.4745398 4.4745398 4.139041 4.139041 3.6474974 3.6474974 3.6474974 3.6474974 3.6474974 3.2157857 3.2157857 3.2157857 3.2157857 4.139041 3.5706666 3.5706666 3.5706666 3.5706666 3.5706666 3.5706666 4.139041 3.6474974 3.6474974 3.6474974 3.6474974 3.6474974 3.2157857 3.2157857 3.2157857 3.2157857 3.2157857 3.2157857 3.2157857 3.2157857 3.2157857 2.2530303 2.2530303 2.2530303 2.2530303 2.2530303 3.2157857 3.2157857 2.2530303 4.4745398 2.3788452 2.3788452 2.3453364 2.3453364 2.3453364 2.3453364 2.3453364 2.3453364 2.3453364 2.2530303
3.759662 3.759662 4.4745398 4.4745398 4.4745398 4.4745398 3.6474974 3.6474974 3.6474974 4.4745398 3.6474974 3.6474974 3.6474974 3.2157857 3.2157857 3.2157857 3.2157857 3.2157857 3.2157857 3.2157857 3.2157857 3.2157857 3.2157857 3.2157857 3.5706666 3.5706666 3.6474974 3.6474974 3.2157857 3.2157857 3.2157857 3.2157857 3.2157857 3.2157857 3.6474974 3.6474974 3.6474974 3.6474974 3.2157857 2.2530303 2.2530303 2.2530303 2.2530303 2.2530303 2.2530303 2.2530303 2.2530303 2.2530303 2.2530303 2.3788452 4.4745398 2.3788452 2.3788452 2.3788452 2.3788452 2.2530303 2.2530303 2.2530303 2.2530303 2.3674502
3.7643013 3.759662 4.139041 4.139041 4.4745398 4.4745398 3.6474974 3.6474974 3.6474974 4.4745398 3.2157857 3.2157857 3.2157857 3.6474974 3.6474974 3.6474974 3.2157857 3.6474974 3.6474974 3.2157857 3.2157857 3.2157857 3.2157857 3.6474974 3.6474974 3.6474974 3.2157857 3.6474974 3.6474974 3.2157857 3.6474974 4.304631 3.6474974 3.6474974 3.6474974 4.4745398 3.6474974 2.2530303 2.2530303 2.2530303 2.2530303 2.3788452 2.2530303 2.2530303 2.2530303 2.2530303 2.2530303 2.2530303 2.2530303 2.3788452 2.3788452 2.3788452 2.3788452 2.3788452 2.3788452 2.2530303 2.2530303 2.2530303 2.3453364 2.3788452
3.7643013 3.759662 4.139041 4.139041 4.4745398 4.4745398 4.4745398 3.6474974 3.6474974 4.304631 4.304631 3.6474974 3.6474974 3.6474974 3.6474974 3.6474974 3.6474974 3.6474974 3.6474974 3.6474974 3.6474974 3.6474974 3.6474974 3.6474974 3.6474974 3.6474974 3.2157857 3.6474974 3.6474974 3.6474974 3.6474974 4.304631 3.6474974 3.6474974 4.4745398 4.4745398 2.2530303 2.2530303 2.3453364 2.3788452 2.3788452 2.3788452 2.2530303 2.2530303 2.2530303 2.2530303 2.2530303 2.2530303 2.2530303 2.3788452 2.3788452 2.3788452 2.3788452 2.3788452 2.3788452 2.3788452 2.2530303 2.2530303 2.2530303 2.3788452
3.7643013 3.759662 4.4745398 4.4745398 4.4745398 4.4745398 4.4745398 3.6474974 3.6474974 4.304631 4.304631 3.6474974 3.6474974 3.6474974 3.6474974 3.6474974 3.6474974 4.0089493 3.6474974 3.6474974 4.0089493 3.6474974 3.6474974 3.6474974 3.6474974 4.139041 4.139041 4.139041 4.139041 4.4745398 4.304631 4.304631 4.4745398 4.4745398 4.4745398 2.3788452 2.3788452 2.3788452 2.3453364 2.3453364 2.3788452 2.3788452 2.3788452 2.3788452 2.2530303 2.3788452 2.3788452 2.3788452 2.3788452 2.3788452 4.0089493 2.3788452 2.3788452 2.3788452 2.3788452 2.3788452 2.2530303 2.2530303 2.2530303 2.3788452
3.7643013 3.6807847 4.3046317 4.4745398 4.4745398 4.4745398 4.4745398 3.6474974 3.6474974 4.0089493 4.4745398 3.6474974 3.6474974 3.6474974 4.4922338 4.0089493 4.0089493 4.0089493 4.0089493 3.6474974 4.0089493 3.6474974 3.6474974 3.6474974 3.6474974 4.139041 4.139041 4.139041 4.139041 4.139041 4.304631 4.304631 4.4745398 4.4745398 2.3674502 2.3674502 2.3674502 2.3788452 2.3674502 2.3674502 2.3788452 2.3788452 2.3788452 2.3788452 2.3788452 2.3788452 2.3788452 2.3788452 2.3788452 2.3788452 4.0089493 2.3788452 2.3788452 2.3788452 2.3788452 2.3788452 2.3788452 2.2530303 2.2530303 2.3453364
3.5706666 3.6807847 3.759662 4.4745398 4.139041 4.139041 4.139041 4.4745398 4.4922338 3.6474974 3.6474974 4.4745398 4.4745398 4.4922338 4.4922338 4.0089493 4.0089493 4.0089493 4.0089493 4.0089493 4.0089493 4.4745398 3.6474974 3.6474974 4.139041 4.139041 3.5706666 3.5706666 4.139041 4.139041 4.139041 4.139041 4.139041 4.139041 2.3453364 2.3674502 2.3453364 2.3453364 2.3788452 2.3788452 2.3788452 2.3788452 2.3788452 2.3788452 2.3788452 2.3788452 2.3788452 2.3788452 2.3788452 2.3788452 2.3788452 2.3788452 2.3788452 2.3788452 2.3788452 2.3788452 2.3788452 2.3788452 2.3788452 2.3453364
3.5706666 3.5706666 3.759662 4.4745398 4.139041 4.139041 4.139041 3.6474974 3.6474974 3.6474974 3.6474974 3.6474974 4.4745398 4.4922338 4.4922338 4.0089493 4.4745398 4.4745398 4.4745398 4.4745398 4.0089493 4.4745398 3.6474974 3.6474974 3.6474974 4.139041 4.139041 3.5706666 4.139041 4.139041 3.6474974 3.6474974 4.139041 4.139041 4.139041 2.3453364 2.3453364 2.3453364 2.3788452 2.3788452 2.3788452 2.3788452 2.3788452 2.3788452 2.3788452 2.3788452 2.3788452 2.3788452 2.3788452 2.3788452 2.3788452 2.3788452 2.3788452 2.3788452 2.3788452 2.3788452 2.3788452 2.3788452 2.3788452 2.3788452
3.759662 3.759662 3.6807847 3.6807847 4.304631 4.304631 4.304631 3.6474974 3.6474974 3.6474974 3.6474974 4.304631 4.4745398 4.4745398 4.4745398 4.0089493 4.0089493 4.4745398 4.139041 4.139041 4.0089493 4.4745398 3.6474974 3.6474974 3.6474974 4.139041 3.5706666 3.5706666 4.139041 3.6474974 3.2157857 3.2157857 4.139041 3.5706666 3.5706666 2.3453364 2.3453364 2.3788452 2.3788452 2.3788452 2.3788452 2.3788452 2.3788452 2.3788452 2.3788452 2.3788452 2.3788452 2.3788452 2.3788452 2.3788452 4.4745398 2.3788452 2.3788452 2.3788452 2.3788452 2.3788452 2.3788452 2.3788452 2.3788452 2.3788452
3.6807847 3.6807847 3.6807847 3.6807847 3.6807847 4.304631 4.304631 3.6474974 3.6474974 4.304631 4.304631 4.304631 4.4745398 4.4745398 4.0089493 4.304631 4.304631 4.0089493 4.4745398 4.4745398 4.0089493 4.0089493 4.4745398 4.139041 4.139041 4.139041 3.5706666 3.5706666 3.5706666 3.6474974 3.2157857 3.2157857 3.2157857 3.5706666 4.139041 2.3788452 2.3788452 2.3788452 2.3788452 2.3788452 2.3788452 2.3788452 2.3788452 2.3788452 2.3788452 2.3788452 2.3788452 2.3788452 2.3788452 2.3788452 2.3788452 2.3788452 2.3788452 2.3788452 2.3788452 2.3788452 2.3788452 2.3674502 2.3674502 2.3674502
3.6807847 3.6807847 3.6807847 3.6807847 3.6807847 4.304631 4.304631 4.304631 4.304631 4.304631 4.304631 4.304631 4.0089493 4.0089493 4.0089493 4.304631 4.304631 4.0089493 4.0089493 4.4745398 4.4745398 3.6474974 3.6474974 4.139041 4.139041 4.139041 3.5706666 3.5706666 3.5706666 3.2157857 3.2157857 3.2157857 3.2157857 3.5706666 4.139041 2.3788452 2.3788452 2.3788452 2.3788452 2.3788452 2.3788452 2.3788452 2.3788452 2.3788452 2.3788452 2.3788452 2.3788452 2.3788452 2.3788452 2.3788452 2.3788452 2.3788452 2.3788452 2.3788452 2.3788452 2.3788452 2.3453364 2.3453364 2.3453364 2.3453364
3.6807847 3.6807847 3.759662 3.6807847 3.6807847 4.304631 4.304631 4.304631 4.304631 4.4745398 4.4745398 4.4745398 4.0089493 4.4745398 4.0089493 4.0089493 4.3046317 4.3046317 4.3046317 4.0089493 4.4745398 3.6474974 3.6474974 4.4745398 4.4402466 4.139041 4.139041 3.5706666 3.5706666 3.5706666 3.6474974 3.6474974 3.6474974 3.5706666 4.139041 2.3453364 2.3788452 2.3788452 2.3788452 2.3788452 2.3674502 2.3788452 2.3788452 2.3788452 2.3788452 2.3788452 2.3788452 2.3788452 2.3788452 2.3788452 2.3788452 2.3788452 2.3797548 2.3797548 2.3788452 2.3788452 2.3453364 2.3453364 3.5706666 2.3453364
3.4378738 3.4378738 3.4378738 3.3743207 3.3743207 3.9042275 3.9042275 3.9042275 3.9042275 4.054373 4.054373 4.04051 4.04051 4.04051 3.6030433 3.6030433 3.9042275 3.7668502 3.9042275 3.6030433 4.04051 3.3452036 3.3452036 3.7668502 3.7668502 3.7668502 3.7668502 3.7668502 3.7668502 3.2774677 3.7668502 3.7668502 3.7668502 3.2774677 3.7668502 3.7668502 2.2095528 2.186369 2.2095528 2.2095528 2.2095528 2.2095528 2.2095528 2.2202444 2.2202444 2.2202444 2.2202444 2.2202444 2.2202444 2.2202444 2.2202444 2.2202444 2.2211115 2.2211115 2.2202444 2.2202444 2.186369 3.2774677 3.2774677 2.186369
3.4378738 3.4378738 3.3743203 3.3743203 3.3743207 3.3743207 3.9042275 3.9042275 4.054373 4.054373 4.054373 4.04051 4.04051 4.04051 3.6030433 3.9042275 3.9042275 3.9042275 3.9042275 3.7668502 4.04051 3.6030433 3.9042275 3.7668502 3.7668502 3.7668502 3.7668502 3.7668502 3.7668502 3.2774677 3.7668502 3.7668502 3.7668502 3.7668502 3.7668502 3.7668502 2.2095528 2.2095528 2.186369 2.2095528 2.2095528 2.2095528 2.2095528 2.2202444 2.2202444 2.2202444 2.0971289 2.2202444 2.2202444 2.2202444 2.2202444 2.2202444 2.2202444 2.2202444 2.2202444 2.2202444 2.186369 2.186369 3.2774677 3.2774677
3.4378738 3.4378738 3.3743203 3.3743203 3.3743203 3.3743207 4.04051 3.7668502 3.7668502 3.7668502 4.04051 3.7668502 3.7668502 3.7668502 3.9042275 3.9042275 3.9042275 3.9042275 3.9042275 3.7668502 4.04051 4.04051 3.3452036 3.7668502 3.7668502 3.7668502 3.7668502 3.7668502 3.7668502 3.7668502 3.7668502 3.7668502 3.7668502 3.7668502 3.7668502 3.7668502 2.2095528 2.2202444 2.186369 2.186369 2.186369 2.2202444 2.2202444 2.2202444 2.2202444 2.0971289 2.0971289 2.2202444 2.2202444 2.2202444 2.2202444 2.2202444 2.2202444 2.2202444 2.2202444 2.2202444 2.186369 2.186369 2.9661474 2.9661474
3.4378738 3.4378738 3.3743203 3.3743203 3.3743207 3.3743207 3.4378738 3.7668502 3.7668502 3.7668502 3.7668502 3.7668502 3.7668502 3.7668502 3.9042275 3.6030433 3.9042275 3.6030433 3.6030433 3.6030433 4.04051 4.04051 3.3452036 3.3452036 3.7668502 3.7668502 3.7668502 4.04051 3.7668502 3.7668502 4.04051 3.7668502 3.7668502 3.7668502 3.7668502 3.7668502 2.2202444 2.2202444 2.186369 2.186369 2.2202444 2.2202444 2.2202444 2.2202444 2.2202444 2.0971289 2.0971289 2.2202444 2.2202444 2.2202444 2.2202444 2.2202444 2.2202444 2.2202444 2.2202444 2.2202444 2.186369 2.186369 2.9661474 2.9661474
3.4378738 3.4378738 3.4378738 3.3743203 3.3743207 3.3743207 3.3743207 3.7668502 3.3452036 2.9661474 2.9661474 3.3452036 3.7668502 3.7668502 4.04051 4.04051 3.6030433 4.04051 3.6030433 3.6030433 4.04051 4.04051 4.04051 3.3452036 3.3452036 3.7668502 3.9042275 3.7668502 3.7668502 3.7668502 3.7668502 3.7668502 4.054373 4.054373 4.054373 4.04051 2.2202444 2.2202444 2.2202444 2.2202444 2.2202444 2.2202444 2.2202444 2.2202444 2.2202444 2.2202444 2.2202444 2.2202444 2.2202444 2.2202444 2.2202444 2.2202444 2.2202444 2.2202444 2.2202444 2.2202444 2.186369 2.186369 2.0971289 2.9661474
3.3743203 3.4378738 3.4378738 3.3743203 3.3743203 3.4378738 3.3743207 3.7668502 3.7668502 3.3452036 3.7668502 3.7668502 3.7668502 3.7668502 4.04051 4.04051 4.04051 4.04051 3.6030433 3.6030433 4.04051 3.9042275 4.04051 3.3452036 3.3452036 4.04051 3.7668502 4.054373 3.7668502 3.7668502 4.04051 4.04051 3.9042275 3.9042275 4.054373 4.054373 4.04051 2.2202444 2.2202444 2.2202444 2.2202444 2.2202444 4.04051 2.2095528 2.2095528 2.2095528 2.2095528 2.2202444 2.2202444 2.2202444 2.2202444 2.2202444 2.2202444 2.2202444 2.2202444 2.2202444 2.186369 2.186369 3.2774677 3.2774677
3.3743207 3.3743207 3.4378738 3.4378738 3.3743203 3.4413102 3.4413102 3.7668502 3.7668502 3.7668502 3.7668502 3.7668502 3.7668502 4.04051 4.04051 4.04051 4.04051 4.04051 4.04051 3.6030433 3.6030433 3.9042275 3.9042275 3.6030433 3.6030433 4.04051 3.9042275 3.9042275 3.7668502 3.7668502 4.04051 4.04051 3.9042275 3.9042275 4.04051 4.04051 4.04051 2.2202444 2.2202444 2.2202444 2.2202444 2.2202444 2.2202444 2.2095528 2.2095528 2.2095528 2.2095528 2.2202444 2.2202444 2.2202444 2.2202444 2.2202444 2.2202444 2.2202444 2.186369 2.2202444 2.2095528 2.2095528 2.186369 3.2774677
3.3743207 3.3743207 3.4378743 3.4378743 3.4378743 3.4378743 3.4413102 3.3743203 3.7668502 3.7668502 4.04051 4.04051 4.04051 4.04051 4.04051 4.04051 4.04051 4.0133443 4.0133443 4.0133443 3.6030433 3.6030433 4.04051 4.04051 4.04051 4.04051 3.9042275 3.9042275 3.9042275 3.7668502 4.04051 4.04051 4.04051 4.04051 4.04051 4.04051 4.04051 4.04051 2.2202444 2.2211115 2.2211115 2.2202444 2.2202444 2.2202444 2.2202444 2.2202444 2.2202444 2.2202444 2.2202444 2.2202444 2.2202444 2.2202444 2.2202444 2.2202444 2.186369 2.0971289 2.2095528 2.2095528 2.186369 2.186369
3.4378738 3.3743207 3.3743207 3.4378743 3.4378743 3.4378743 3.4378743 3.3743203 3.9042275 4.054373 3.9042275 3.9042275 4.04051 3.6030433 4.04051 4.04051 3.9042275 4.0133443 4.0133443 4.0133443 3.6030433 3.6030433 3.6030433 4.04051 4.04051 3.9042275 3.9042275 3.9042275 3.9042275 3.7668502 4.054373 4.04051 4.04051 4.04051 4.04051 4.04051 4.054373 4.054373 4.054373 4.054373 4.054373 4.04051 2.2202444 2.2202444 2.2202444 2.2202444 2.2202444 2.2202444 2.2202444 2.2202444 2.2202444 2.2202444 2.2202444 2.2202444 2.0971289 2.0971289 2.0971289 2.0971289 2.186369 2.186369
3.4378738 3.3743207 3.4378743 3.4378743 3.4378743 3.4378743 3.4378738 3.4378738 4.04051 4.054373 3.9042275 3.9042275 4.04051 3.6030433 4.04051 4.04051 4.0133443 4.0133443 4.0133443 4.0133443 3.6030433 4.04051 4.04051 4.04051 4.04051 3.9042275 3.9042275 3.9042275 3.9042275 4.054373 4.054373 4.04051 4.04051 4.04051 4.04051 4.04051 4.054373 4.054373 4.054373 4.054373 4.054373 4.054373 2.2202444 2.2202444 2.2202444 2.2202444 2.2202444 2.2202444 2.2202444 2.2202444 2.2202444 2.2202444 2.2202444 2.2202444 2.0971289 2.9661474 3.2774677 3.2774677 2.186369 3.7668502
