Export/ASCII/RMeteo_tot/pASCII1_sum_tot.asc
ncols         660
nrows         338
xllcorner     1476100.0
yllcorner     5017100.0
cellsize      100
NODATA_value  -9999
[rows 216 to 242 of 338, columns 480 to 539 of 660]
2.180554 2.148826 2.148826 3.192811 3.192811 3.3433373 3.3433373 3.3433373 3.3433373 3.3433373 3.2844157 3.8974183 3.7669668 3.8974183 3.8974183 3.8974183 3.8974183 3.8974183 3.8974183 3.8974183 3.8974183 3.8974183 3.8974183 3.8974183 3.8974183 3.8974183 3.8974183 3.8974183 3.8974183 3.8974183 3.8974183 3.8974183 3.6357617 3.6357617 3.8974183 3.8974183 3.8974183 3.8974183 3.8974183 3.8974183 3.8974183 3.8974183 3.8974183 3.8974183 3.8974183 3.2341437 2.8894348 3.2341437 3.6357617 3.6357617 3.6357617 3.6357617 3.192811 3.192811 3.192811 3.192811 3.6357617 3.6357617 3.2341437 2.8894348
2.180554 2.1838162 2.148826 2.148826 3.192811 3.192811 3.3433373 3.3433373 3.3433373 3.3433373 3.2844157 3.7669668 3.7669668 3.7669668 3.7669668 3.7669668 3.7669668 3.8974183 3.8974183 3.8974183 3.8974183 3.8974183 3.8974183 3.8974183 3.8974183 3.8974183 3.8974183 3.8974183 3.8974183 3.8974183 3.8974183 3.8974183 3.8974183 3.8974183 3.8974183 3.8974183 3.6357617 3.6357617 3.8974183 3.6357617 3.6357617 3.6357617 3.6357617 3.8974183 3.8974183 3.2341437 2.8894348 3.2341437 3.2341437 3.8974183 3.6357617 3.192811 3.192811 3.192811 3.192811 3.192811 3.6357617 3.8974183 3.2844157 3.3433373
2.180554 2.1838162 2.1838162 2.1838162 3.192811 3.192811 3.3433373 3.3433373 3.2844157 3.3433373 3.3433373 3.2844157 3.6357617 3.6357617 3.6357617 3.7669668 3.7669668 3.8974183 3.8974183 3.8974183 3.8974183 3.8974183 3.8974183 3.6357617 3.6357617 3.8974183 3.8974183 3.8974183 3.8974183 3.8974183 3.8974183 3.8974183 3.8974183 3.8974183 3.8974183 3.6357617 3.7669668 3.7669668 3.7669668 3.6357617 3.192811 3.6357617 3.6357617 3.8974183 3.8974183 3.2341437 3.2341437 3.2341437 3.2341437 3.2341437 3.2341437 3.192811 3.192811 3.192811 3.192811 3.192811 3.6357617 3.192811 3.192811 3.3433373
2.180554 2.180554 2.1838162 2.1838162 2.1838162 3.3433373 3.3433373 3.3433373 3.3433373 3.3433373 3.3433373 3.2844157 3.6357617 3.6357617 3.7669668 3.7669668 3.7669668 3.7669668 3.7669668 3.7669668 3.7669668 3.7669668 3.6357617 3.6357617 3.6357617 3.8974183 3.8974183 3.8974183 3.8974183 3.8974183 3.8974183 3.8974183 3.8974183 3.8974183 3.8974183 3.8974183 3.7669668 3.7669668 3.7669668 3.7669668 3.6357617 3.6357617 3.8974183 3.8974183 3.8974183 3.2341437 3.2341437 3.2341437 2.8894348 2.8894348 2.8894348 2.8894348 2.8894348 3.6357617 3.6357617 3.6357617 3.192811 3.192811 3.192811 3.3433373
2.180554 2.180554 2.1838162 2.1838162 2.1838162 3.3433373 3.3433373 3.3433373 3.3433373 3.3433373 3.3433373 3.3433373 3.8974183 3.6357617 3.7669668 3.7669668 3.7669668 3.7669668 3.7669668 3.7669668 3.7669668 3.7669668 3.7669668 3.6357617 3.6357617 3.8974183 3.8974183 3.8974183 3.8974183 3.8974183 3.8974183 3.8974183 3.8974183 3.8974183 3.8974183 3.8974183 3.8974183 3.8974183 3.8974183 3.8974183 3.7669668 3.6357617 3.8974183 3.8974183 3.8974183 3.8974183 3.2341437 3.2341437 3.2341437 2.8894348 2.8894348 2.8894348 3.2341437 3.6357617 3.6357617 3.6357617 3.192811 3.192811 3.192811 2.8894348
3.3278549 2.1838162 2.1838162 2.1838162 2.1838162 3.3433373 3.3433373 3.3433373 3.3433373 3.3433373 3.3433373 3.3433373 3.8974183 3.8974183 3.6357617 3.6357617 3.8974183 3.7669668 3.8974183 3.8974183 3.7669668 3.7669668 3.7669668 3.7669668 3.7669668 3.8974183 3.7669668 3.7669668 3.6357617 3.8974183 3.8974183 3.8974183 3.8974183 3.8974183 3.8974183 3.8974183 3.8974183 3.8974183 3.8974183 3.7669668 3.2844157 3.2844157 2.8894348 3.3433373 3.8974183 3.2844157 2.8894348 2.8894348 2.8894348 2.8894348 3.3433373 3.2341437 3.2341437 3.6357617 3.192811 3.192811 3.192811 3.192811 3.2844157 3.3433373
0.0 2.1838162 2.1838162 2.1838162 2.1838162 2.1838162 3.3433373 3.3433373 3.3433373 3.3433373 3.3433373 3.3433373 3.3433373 3.8974183 3.8974183 3.8974183 3.8974183 3.7669668 3.8974183 3.8974183 3.8974183 3.8974183 3.8974183 3.8974183 3.8974183 3.8974183 3.7669668 3.7669668 3.6357617 3.8974183 3.8974183 3.8974183 3.8974183 3.8974183 3.8974183 3.8974183 3.8974183 3.3433373 3.3433373 3.2844157 3.2844157 3.2844157 2.8894348 3.3433373 3.2844157 3.2844157 2.8894348 2.8894348 2.8894348 2.8894348 2.8894348 3.6357617 3.6357617 3.192811 3.192811 3.192811 3.3433373 3.192811 3.192811 2.8894348
0.0 3.3433373 2.1838162 2.1838162 2.1838162 2.1838162 3.3433373 3.3433373 3.3433373 3.3433373 3.3433373 3.3433373 3.3433373 3.8974183 3.8974183 3.8974183 3.8974183 3.7669668 3.8974183 3.8974183 3.8974183 3.8974183 3.8974183 3.8974183 3.8974183 3.8974183 3.7669668 3.8974183 3.8974183 3.8974183 3.8974183 3.8974183 3.8974183 3.8974183 3.8974183 3.8974183 3.8974183 3.3433373 3.3433373 2.8894348 2.8894348 2.8894348 2.8894348 3.3433373 3.3433373 3.2844157 3.2844157 2.8894348 2.8894348 3.2341437 3.8974183 3.6357617 3.192811 3.192811 3.192811 3.192811 3.3433373 2.8894348 2.8894348 2.8894348
0.0 2.1838162 2.1838162 2.1838162 2.1838162 2.1838162 3.3433373 3.3433373 3.2844157 3.2844157 3.3433373 3.3433373 3.3433373 3.3433373 3.3433373 3.3433373 3.3433373 3.8974183 3.8974183 3.8974183 3.8974183 3.8974183 3.8974183 3.8974183 3.8974183 3.8974183 3.8974183 3.8974183 3.8974183 3.8974183 3.8974183 3.8974183 3.8974183 3.8974183 3.8974183 3.8974183 3.3433373 3.3433373 3.3433373 2.8894348 2.8894348 3.3433373 3.3433373 3.3433373 3.3433373 3.2844157 3.2844157 3.2844157 3.2844157 0.0 3.8974183 3.3433373 3.3433373 3.192811 3.192811 3.3433373 3.3433373 2.8894348 2.8894348 2.8894348
2.1838162 2.1838162 2.1838162 2.1838162 2.1838162 2.1838162 2.1838162 3.3433373 3.2844157 3.2844157 3.3433373 3.3433373 3.3433373 3.3433373 3.3433373 3.3433373 3.3433373 3.3433373 3.8974183 3.8974183 3.8974183 3.8974183 3.8974183 3.8974183 3.8974183 3.8974183 3.8974183 3.8974183 3.8974183 3.8974183 3.8974183 3.8974183 3.8974183 3.8974183 3.8974183 3.8974183 3.3433373 3.3433373 3.2844157 3.2844157 2.8894348 2.8894348 3.3433373 3.3433373 3.3433373 3.2844157 3.2844157 3.2844157 0.0 3.8714397 3.3433373 3.3433373 3.3433373 3.3433373 3.3433373 3.3433373 3.3433373 2.8894348 2.9614964 2.9614964
2.1838162 2.1838162 2.1838162 2.1838162 2.1838162 2.1838162 2.1838162 3.3433373 3.2844157 3.2844157 3.3433373 3.3433373 3.3433373 3.3433373 3.3433373 3.3433373 3.3433373 3.3433373 3.3433373 3.8974183 3.7669668 3.7669668 3.8974183 3.8974183 3.8974183 3.8974183 3.8974183 3.8974183 3.8974183 3.8974183 3.8974183 3.8974183 3.8974183 3.8974183 3.8974183 3.3433373 3.3433373 3.3433373 3.2844157 3.2844157 2.8894348 2.8894348 3.192811 3.192811 3.3433373 3.2844157 3.2844157 3.4694645 3.8714397 3.3278549 3.3433373 3.3433373 3.3433373 3.3433373 3.3433373 3.3433373 3.3433373 3.3433373 3.3433373 3.3433373
2.1838162 2.1838162 2.1838162 2.1838162 2.1838162 2.1838162 2.1838162 2.1838162 3.3433373 3.3433373 3.3433373 3.3433373 3.3433373 3.3433373 3.3433373 3.3433373 3.3433373 3.3433373 3.3433373 3.8974183 3.7669668 3.7669668 3.8974183 3.8974183 3.8974183 3.8974183 3.8974183 3.8974183 3.8974183 3.8974183 3.8974183 3.8974183 3.8974183 3.8974183 3.3433373 3.2844157 3.2844157 3.3433373 3.2844157 3.3433373 3.3433373 3.192811 3.192811 3.192811 3.8974183 0.0 3.6357617 3.6357617 3.3278549 3.3278549 3.3433373 3.3433373 3.3433373 3.3433373 3.3433373 3.3433373 3.3433373 3.3433373 3.192811 3.3433373
2.1838162 2.1838162 2.1838162 2.1838162 2.1838162 2.1838162 2.1838162 2.1838162 2.1838162 3.3433373 3.3433373 3.3433373 3.3433373 3.3433373 3.3433373 3.3433373 3.3433373 3.3433373 3.3433373 3.3433373 3.8974183 3.8974183 3.8974183 3.8974183 3.3433373 3.3433373 3.3433373 3.3433373 3.8974183 3.8974183 3.8974183 3.8974183 3.8974183 3.3433373 3.3433373 3.2844157 3.2844157 2.8894348 2.8894348 3.3433373 3.3433373 3.192811 3.6357617 3.6357617 3.8974183 3.8974183 3.6357617 3.6357617 3.3433373 3.3433373 3.3433373 3.3433373 3.3433373 3.3433373 3.3433373 3.3433373 3.3433373 3.3433373 3.3433373 2.8894348
2.1838162 2.1838162 2.1838162 2.1838162 2.148826 2.148826 2.1838162 2.1838162 2.1838162 3.192811 3.192811 3.192811 3.192811 3.192811 3.2844157 3.192811 3.192811 3.192811 3.3433373 3.3433373 3.3433373 3.8974183 3.3433373 3.3433373 3.3433373 3.3433373 3.3433373 3.3433373 3.3433373 3.3433373 3.8974183 3.8974183 3.8974183 3.3433373 3.2844157 3.2844157 3.2844157 2.8894348 2.8894348 3.3433373 3.3433373 3.8974183 3.6357617 3.7669668 3.8974183 3.8974183 3.192811 3.192811 3.3433373 3.3433373 3.3433373 3.3433373 3.3433373 3.3433373 3.3433373 3.3433373 3.3433373 3.2844157 3.2844157 2.8894348
2.1838162 2.1838162 2.1838162 2.1838162 2.1716166 2.1716166 3.8974183 2.1838162 2.1838162 2.148826 3.192811 3.192811 3.192811 3.192811 3.192811 3.192811 3.192811 3.192811 3.3433373 3.3433373 3.3433373 3.3433373 3.3433373 3.3433373 3.3433373 3.3433373 3.3433373 3.3433373 3.3433373 3.3433373 3.3433373 3.8974183 3.8974183 3.3433373 3.3433373 3.3433373 3.3433373 2.8894348 2.8894348 2.8894348 2.8894348 3.2341437 3.7669668 3.7669668 3.8974183 3.3433373 3.3433373 3.3433373 3.3433373 3.3433373 3.3433373 3.3433373 3.3433373 3.3433373 3.3433373 3.3433373 3.3433373 3.2844157 3.2844157 2.8894348
3.2223542 2.147458 2.147458 2.147458 2.1366513 2.1366513 3.5286777 3.7553108 2.147458 3.7553108 3.5286777 3.0976543 3.0976543 3.0976543 3.0976543 3.0976543 3.0976543 3.0976543 3.2223542 3.2223542 3.176573 3.2223542 3.2223542 3.2223542 3.2223542 3.2223542 3.2223542 3.2223542 3.2223542 3.0976543 3.2223547 3.7553108 3.7553108 3.7553108 3.2223542 2.8229494 2.8229494 2.8229494 2.8229494 2.8229494 2.8229494 3.1645968 3.7553108 3.7553108 3.2223542 3.2223542 3.2223542 3.2223542 3.2223542 3.2223542 3.2223542 3.2223542 3.2223542 3.2223542 3.2223542 3.2223542 3.2223542 3.2223542 2.8229494 2.8229494
3.2223542 3.2223542 2.147458 2.147458 2.147458 2.114825 3.5286777 3.7553108 3.7553108 3.7553108 3.5286777 3.5286777 3.0976543 3.0976543 3.0976543 3.0976543 3.0976543 3.0976543 3.2223542 3.2223542 3.2223542 3.2223542 2.8229494 2.8229494 3.2223547 3.2223547 3.2223542 3.2223542 3.0976543 3.0976543 3.0976543 3.2223542 3.7553108 3.7553108 3.7553108 2.8229494 2.8229494 2.8229494 2.8229494 2.8229494 2.8229494 3.1645968 3.7553108 3.2223542 3.2223542 3.2223542 3.2223542 3.2223542 3.7553108 3.2223542 3.2223542 3.2223542 3.2223542 3.2223542 3.2223542 3.2223542 3.2223542 3.2223542 2.8229494 2.8229494
3.2223542 3.2223542 2.147458 2.147458 2.147458 2.147458 3.7553108 3.7553108 3.7553108 3.1645968 3.5286777 3.5286777 3.5286777 3.5286777 3.0976543 3.211437 3.211437 3.0976543 3.0976543 3.2223542 3.2223542 3.2223542 2.8229494 3.0976543 3.0976543 3.0976543 3.0976543 3.0976543 3.0976543 3.0976543 3.0976543 3.176573 3.7553108 3.7553108 3.7553108 3.1645968 3.1645968 2.8229494 3.2223542 3.2223542 3.7553108 3.7553108 3.7553108 3.2223542 3.2223542 3.2223542 3.7553108 3.7553108 3.7553108 3.2223542 3.2223542 3.2223542 3.2223542 3.2223542 3.2223542 3.2223542 3.2223542 3.2223542 2.1366513 2.1366513
3.176573 3.176573 2.1366513 2.147458 2.147458 2.147458 3.6438284 3.7553108 3.7553108 3.1645968 3.1645968 3.1645968 3.7553108 3.7553108 3.7553108 3.211437 3.0976543 3.0976543 3.0976543 3.2223542 3.2223542 3.2223542 3.0976543 3.0976543 3.0976543 3.0976543 3.0976543 3.0976543 3.0976543 3.0976543 3.0976543 3.2223547 3.2223547 3.7553108 3.7553108 3.7553108 3.7553108 3.7553108 3.7553108 3.7553108 3.7553108 3.7553108 3.7553108 3.2223542 3.2223542 3.7553108 3.7553108 3.5286777 3.5286777 3.0976543 3.2223542 3.2223542 3.2223542 3.2223542 3.2223542 3.2223542 3.2223542 3.2223542 2.1366513 2.1366513
3.176573 3.176573 2.1366518 2.1366518 2.1366518 2.1366518 2.1366518 3.7553108 3.7553108 3.7553108 3.7553108 3.1645968 3.1645968 3.5286777 3.7553108 3.7553108 3.5286777 3.5286777 3.0976543 3.2223542 3.2223542 3.0976543 3.2223542 3.0976543 3.0976543 3.2223542 3.0976543 3.2223542 3.2223542 3.0976543 3.2223542 3.2223542 3.2223547 3.7553108 3.7553108 3.7553108 3.7553108 3.7553108 3.7553108 3.7553108 3.7553108 3.2223542 3.2223542 3.2223542 3.7553108 3.2223542 3.7553108 3.1645968 3.5286777 3.0976543 3.2223542 3.2223542 3.2223542 3.2223542 3.2223542 3.2223542 3.2223542 2.147458 2.147458 2.147458
3.2223542 3.2223547 3.2223547 2.1366518 2.1366518 2.1366518 3.6438284 3.7553108 3.7553108 3.7553108 3.1645968 3.1645968 2.8229494 3.1645968 3.5286777 3.7553108 3.5286777 3.5286777 3.0976543 3.0976543 3.0976543 3.0976543 3.2223542 3.2223542 3.2223542 3.2223542 3.2223542 3.2223542 3.2223542 3.2223542 3.2223542 3.2223542 3.2223542 3.2223542 3.7553108 3.7553108 3.7553108 3.7553108 3.7553108 3.7553108 3.7553108 3.2223542 3.2223542 3.7553108 3.7553108 3.7553108 3.7553108 3.2223542 3.2223542 3.2223542 3.2223542 3.2223542 3.2223542 3.2223542 3.2223542 3.2223542 3.2223542 2.147458 2.147458 2.147458
3.2223542 3.2223542 3.2223547 2.1366518 2.1366518 3.6438284 3.7553108 3.7553108 3.7553108 3.7553108 3.1645968 3.1645968 3.1645968 3.1645968 3.5286777 3.5286777 3.5286777 3.5286777 3.0976543 3.0976543 3.0976543 3.0976543 3.2223542 3.2223542 3.2223542 3.2223542 3.2223542 3.2223542 3.211437 3.211437 3.211437 3.2223542 3.2223542 3.2223542 3.7553108 3.7553108 3.7553108 3.7553108 3.7553108 3.7553108 3.7553108 3.7553108 3.7553108 3.7553108 3.7553108 3.2223542 3.2223542 3.2223542 3.2223542 3.2223542 3.2223542 3.2223542 3.2223542 3.2223542 3.2223542 3.2223542 3.2223542 3.2223542 2.147458 2.147458
2.8229494 2.8229494 3.0976543 3.5286777 3.5286777 3.6438284 3.6438284 3.7553108 3.7553108 3.7553108 3.7553108 3.7553108 3.7553108 3.5286777 3.5286777 3.5286777 3.5286777 3.0976543 3.0976543 3.0976543 3.0976543 3.0976543 3.2223542 3.2223542 3.2223542 3.2223542 3.2223542 3.2223542 3.211437 3.211437 3.211437 3.2223542 3.2223542 3.2223542 3.7553108 3.7553108 3.7553108 3.7553108 3.7553108 3.2223542 3.2223542 3.2223542 3.2223542 3.7553108 3.2223542 3.2223542 3.2223542 3.2223542 3.2223542 3.0976543 3.0976543 3.0976543 3.0976543 3.2223542 3.2223542 3.2223542 3.2223542 3.2223542 2.147458 2.147458
2.8229494 3.0976543 3.5286777 3.6438284 3.5286777 3.6438284 3.6438284 3.7553108 3.7553108 3.7553108 3.7553108 3.7553108 3.7553108 3.7553108 3.1645968 3.5286777 3.5286777 3.5286777 3.5286777 3.0976543 3.0976543 3.0976543 3.2223542 3.2223542 3.2223542 3.2223542 3.2223542 3.2223542 3.2223542 3.2223542 3.2223542 3.176573 3.176573 3.5286777 3.7553108 3.7553108 3.7553108 3.7553108 3.2223542 3.2223542 3.2223542 3.2223542 3.2223542 3.7553108 3.2223542 3.2223542 3.2223542 3.2223542 3.2223542 3.0976543 3.0976543 3.0976543 3.176573 3.176573 3.2223542 3.2223542 3.2223542 3.2223542 3.2223542 2.147458
3.176573 3.0976543 3.5286777 3.5286777 3.6438284 3.7553108 3.7553108 3.7553108 3.7553108 3.7553108 3.7553108 3.7553108 3.7553108 3.7553108 3.1645968 3.1645968 3.5286777 3.5286777 3.1645968 3.0976543 3.0976543 3.0976543 3.0976543 3.2223542 3.2223542 3.2223542 3.2223542 3.2223542 3.2223542 3.2223542 3.176573 3.176573 3.6438284 3.5286777 3.7553108 3.7553108 3.7553108 3.7553108 3.2223542 3.2223542 3.2223542 3.2223542 3.2223542 3.7553108 3.2223542 3.2223542 3.2223542 3.2223542 3.0976543 3.0976543 3.0976543 3.0976543 3.176573 3.176573 2.8229494 3.2223542 3.2223542 3.2223542 3.2223542 2.147458
3.176573 3.2223542 3.7553108 3.7553108 3.6438284 3.7553108 3.7553108 3.7553108 3.7553108 3.7553108 3.7553108 3.7553108 3.7553108 3.7553108 3.1645968 3.1645968 3.5286777 3.5286777 3.5286777 3.0976543 3.0976543 3.0976543 3.0976543 3.2223542 3.2223542 3.2223542 3.2223542 3.2223542 3.2223542 3.2223542 3.176573 3.176573 3.6438284 3.6438284 3.6438284 3.6438284 3.7553108 3.7553108 3.2223542 3.2223542 3.2223542 3.2223542 3.7553108 3.7553108 3.2223542 3.2223542 3.2223542 3.2223542 3.0976543 3.0976543 3.0976543 3.0976543 3.176573 3.2223547 2.8229494 3.2223542 3.2223542 3.2223542 3.2223542 3.2223542
2.8229494 3.7553108 3.7553108 3.7553108 3.7553108 3.7553108 3.7553108 3.7553108 3.7553108 3.5286777 3.5286777 3.5286777 3.7553108 3.7553108 3.7553108 3.7553108 3.7553108 3.7553108 3.0976543 3.0976543 3.0976543 3.0976543 3.0976543 3.2223542 3.2223542 3.2223542 3.2223542 3.176573 3.176573 3.2223542 3.2223542 3.2223542 2.8229494 3.1645968 3.6438284 3.6438284 3.6438284 3.7553108 3.7553108 3.7553108 3.7553108 3.7553108 3.7553108 3.2223542 3.2223542 3.2223542 3.2223542 3.2223542 3.2223542 3.2223542 3.2223542 3.2223542 3.2223547 3.2223547 3.2223542 3.2223542 3.2223542 3.2223542 3.2223542 3.2223547
