Export/ASCII/RMeteo_tot/pASCII1_sum_tot.asc
ncols         660
nrows         338
xllcorner     1476100.0
yllcorner     5017100.0
cellsize      100
NODATA_value  -9999
[rows 297 to 323 of 338, columns 240 to 299 of 660]
3.9423752 3.9423752 3.9423752 3.9423752 3.9423752 3.3221917 3.9423752 3.2419212 3.2419212 3.2419212 3.2419212 3.2419212 3.799346 3.799346 3.799346 3.9423752 3.9423752 3.3221917 3.3221917 3.3221917 3.2569985 3.2569985 3.2569985 3.2569985 3.2033494 3.2033494 3.2033494 3.2569985 3.2569985 3.2569985 3.2569985 3.2569985 3.2569985 3.2569985 3.2569985 3.2569985 3.2569985 3.2569985 3.2569985 3.2569985 3.2569985 3.2569985 3.2569985 3.2569985 3.2569985 3.2569985 3.2569985 3.2033494 3.2033494 3.2569985 3.8368158 3.8368158 3.8368158 3.8368158 3.8368158 3.8368158 3.8368158 3.8368158 3.8368158 3.8368158
3.9423752 3.9423752 3.9423752 3.9423752 3.9423752 3.9423752 3.2419212 3.2419212 3.2419212 3.2419212 2.8726513 3.2419212 3.2419212 3.799346 3.799346 3.9423752 3.9423752 3.3221917 3.3221917 3.3221917 3.2569985 3.2569985 3.2569985 3.2569985 3.2033494 3.2033494 3.2569985 3.2569985 3.2569985 3.2569985 3.2569985 3.2569985 3.2569985 3.2569985 2.8762982 3.2569985 3.2569985 3.2569985 2.8762982 3.2569985 3.2569985 3.2569985 3.2569985 3.2569985 3.2569985 3.2569985 3.2569985 3.2569985 3.2569985 3.2569985 3.8368158 3.8368158 3.8368158 3.8368158 3.8368158 3.8368158 3.8368158 3.8368158 3.8368158 3.8368158
3.9423752 3.9423752 3.9423752 3.9423752 3.9423752 3.9423752 3.2419212 3.2419212 3.2419212 3.2419212 2.8726513 2.8726513 1.2529486 1.2666174 3.9423752 3.9423752 3.9423752 3.3221917 3.3221917 3.3221917 3.2569985 3.2569985 3.2569985 3.2569985 3.2569985 3.2569985 3.2569985 3.2569985 3.2569985 3.2569985 3.2569985 3.2569985 3.2569985 3.2569985 3.2569985 3.2569985 3.2569985 3.2569985 3.2569985 3.2569985 3.2569985 3.2569985 3.2569985 3.2569985 3.2569985 3.2569985 3.2569985 3.2569985 3.2569985 3.2569985 3.8368158 2.1417308 2.1417308 2.1417308 2.1417308 2.1417308 2.1417308 2.1417308 3.8368158 3.8368158
3.9423752 3.9423752 3.9423752 3.9423752 3.9423752 3.9423752 3.9423752 3.2419212 3.2419212 3.2419212 2.8726513 2.8726513 1.2529486 1.268949 3.9423752 3.9423752 3.9423752 3.3221917 3.3221917 3.3221917 3.2569985 3.2569985 3.2569985 3.2569985 3.2569985 3.2569985 3.2569985 3.2569985 3.2569985 3.2569985 3.2569985 3.2569985 3.2569985 3.2569985 3.2569985 3.2569985 3.2569985 3.2569985 3.2569985 3.2569985 3.2569985 3.2569985 3.2569985 3.2569985 3.2569985 3.2569985 3.2569985 3.2569985 3.2569985 3.8368158 3.8368158 2.1417308 2.1417308 2.1417308 2.1417308 2.1417308 2.1417308 2.1417308 2.1417308 2.1417308
3.9423752 3.9423752 3.9423752 3.9423752 3.9423752 3.9423752 3.9423752 3.9423752 3.2419212 3.2419212 1.2529486 1.2529486 1.2529486 1.2529486 3.9423752 3.9423752 3.9423752 3.9423752 3.3221917 3.3221917 3.2569985 3.2569985 3.2569985 3.2569985 3.2569985 3.2569985 3.8368158 3.8368158 3.8368158 3.8368158 3.2569985 3.2569985 3.8368158 3.2569985 3.2569985 3.2569985 3.2569985 3.2569985 3.2569985 3.2569985 3.2569985 3.2569985 3.2569985 3.2569985 3.2569985 3.2569985 3.2569985 3.2569985 3.2569985 3.2569985 3.8368158 3.8368158 2.1417308 2.1417308 2.1417308 2.1417308 2.1417308 2.1417308 2.1417308 2.1417308
3.9423752 3.9423752 3.9423752 3.9423752 3.9423752 3.9423752 3.9423752 3.9423752 3.9423752 1.268949 1.268949 1.2529486 1.2529486 1.2529486 3.9423752 3.9423752 3.9423752 3.9423752 3.9423752 3.3221917 3.2569985 3.2569985 3.8368158 3.8368158 3.8368158 3.8368158 3.8368158 3.8368158 3.8368158 3.8368158 3.8368158 3.8368158 3.8368158 3.8368158 3.8368158 3.2569985 3.2569985 3.2569985 3.2569985 3.2569985 3.2569985 3.2569985 3.2569985 3.2569985 3.2569985 3.2569985 3.8368158 3.2569985 3.2569985 3.2569985 3.8368158 3.8368158 3.8368158 3.2569985 3.2569985 3.2569985 2.1417308 2.1417308 2.1417308 2.1417308
1.268949 1.268949 3.9423752 3.9423752 3.9423752 3.9423752 3.9423752 3.9423752 3.9423752 1.268949 1.268949 1.268949 1.268949 1.268949 3.9423752 3.9423752 3.9423752 3.9423752 3.9423752 3.9423752 3.8368158 3.8368158 3.8368158 3.8368158 3.8368158 3.8368158 3.8368158 3.8368158 3.8368158 3.8368158 3.8368158 3.8368158 3.8368158 3.8368158 3.8368158 3.2569985 3.2569985 3.2569985 3.2569985 3.2569985 3.2569985 3.2569985 3.2569985 3.2569985 3.2569985 3.5692444 3.8368158 3.8368158 3.2569985 3.2569985 3.8368158 3.8368158 3.2569985 3.2569985 3.2569985 3.2569985 3.2569985 3.2569985 3.2569985 2.1417308
1.268949 1.1793057 1.268949 3.9423752 3.9423752 3.9423752 3.9423752 3.9423752 1.268949 1.268949 1.268949 1.268949 1.268949 1.268949 1.2666174 3.799346 3.9423752 3.9423752 3.9423752 3.9423752 3.8368158 3.8368158 3.8368158 3.8368158 3.8368158 3.8368158 3.8368158 3.8368158 3.8368158 3.8368158 3.8368158 3.8368158 3.8368158 3.8368158 3.8368158 3.8368158 3.2569985 3.2569985 3.2569985 3.2569985 3.2569985 3.2569985 3.2569985 3.2569985 3.113699 3.5692444 3.5692444 3.8368158 3.8368158 3.8368158 3.8368158 3.8368158 3.2569985 3.2569985 3.2569985 3.2569985 3.2569985 3.2569985 3.2569985 3.2569985
1.268949 1.268949 1.268949 1.268949 3.9423752 3.9423752 3.9423752 1.268949 1.268949 1.268949 1.268949 1.268949 1.268949 1.268949 1.2666174 3.9423752 3.9423752 3.9423752 3.9423752 3.9423752 3.8368158 3.8368158 3.8368158 3.8368158 3.8368158 3.8368158 3.8368158 3.8368158 3.8368158 3.7021894 3.7021894 3.8368158 3.8368158 3.8368158 3.8368158 3.8368158 3.8368158 3.8368158 3.2569985 3.2569985 3.2569985 3.2569985 3.2569985 3.2569985 3.2033494 3.2033494 3.5692444 3.8368158 3.8368158 3.8368158 3.2569985 3.2569985 3.2569985 3.2569985 3.2569985 3.2569985 3.2569985 3.2569985 3.2569985 3.2569985
1.268949 1.268949 1.2666174 1.2666174 1.2666174 3.5160067 3.9423752 1.268949 1.268949 1.1793057 1.268949 1.268949 1.268949 1.268949 1.268949 3.9423752 3.9423752 3.9423752 3.9423752 3.9423752 3.8368158 3.8368158 3.8368158 3.8368158 3.8368158 3.8368158 3.8368158 3.8368158 3.8368158 3.7021894 3.7021894 3.8368158 3.8368158 3.8368158 3.5692444 3.5692444 3.8368158 3.8368158 3.8368158 3.2569985 3.2569985 3.8368158 3.2569985 3.2569985 3.2569985 3.2569985 3.2569985 3.8368158 3.8368158 3.7021894 3.2033494 3.2569985 3.2569985 3.2569985 3.2569985 3.2569985 3.2033494 3.2033494 3.2033494 2.1417308
1.2666174 1.2666174 1.2666174 3.2618048 3.799346 3.799346 3.799346 1.2666174 1.2666174 1.268949 1.268949 1.268949 1.2632169 1.2632169 1.2632169 3.659847 3.659847 3.659847 3.9423752 3.9423752 3.8368158 3.8368158 3.8368158 2.1417308 2.1417308 3.8368158 3.2569985 3.2569985 3.2569985 3.2569985 3.2569985 3.8368158 3.8368158 3.8368158 3.5692444 3.5692444 3.5692444 3.5692444 3.5692444 3.2569985 3.2569985 3.2569985 3.8368158 3.2569985 3.2569985 3.2569985 3.2569985 3.8368158 3.2569985 3.2033494 3.2033494 3.2569985 3.2569985 3.2569985 3.2569985 3.2569985 3.2033494 3.2033494 3.2033494 3.2569985
3.2618048 3.2618048 3.2618048 3.2618048 3.2618048 3.2618048 3.2618048 3.2618048 3.2618048 1.2666174 1.268949 1.268949 1.2632169 1.2632169 3.1721108 3.1721108 3.659847 3.659847 3.9423752 3.9423752 3.8368158 3.8368158 3.8368158 2.1417308 2.1417308 2.1417308 3.2569985 3.2569985 3.2569985 3.2569985 3.2569985 3.2569985 3.8368158 3.8368158 3.8368158 3.5692444 3.113699 3.5692444 3.113699 3.2569985 3.2569985 3.2569985 3.8368158 3.8368158 3.2569985 3.2569985 2.8148127 2.8148127 2.8148127 3.2033494 3.2033494 2.8148127 2.8148127 2.8148127 2.8148127 3.2569985 3.2569985 3.2569985 3.2569985 3.8368158
3.2618048 3.2618048 3.2618048 3.2618048 3.2618048 3.2618048 3.2618048 3.2618048 3.2618048 1.2666174 1.2666174 1.2632169 1.2632169 1.2632169 3.1721108 3.1721108 3.659847 3.659847 3.9423752 3.9423752 3.8368158 3.8368158 3.8368158 2.1417308 2.1417308 2.1417308 3.2569985 3.2569985 3.2569985 3.2569985 3.2569985 3.2569985 3.2569985 3.2569985 3.8368158 3.8368158 3.113699 3.113699 3.113699 3.113699 3.2569985 3.2569985 3.2569985 3.2569985 3.2569985 2.8148127 2.8148127 2.8148127 2.8148127 2.8148127 2.8148127 2.8148127 2.8148127 2.8148127 2.8148127 3.2569985 3.2569985 3.2569985 3.2569985 3.8368158
3.799346 3.2618048 3.2618048 3.2618048 3.2618048 3.2618048 3.2618048 3.2618048 3.2618048 3.2618048 1.2666174 1.268949 1.2632169 1.2632169 1.2632169 3.1721108 3.659847 3.659847 3.9126592 3.9423752 3.8368158 3.8368158 3.4123828 3.8368158 2.1417308 2.1417308 2.1417308 3.2569985 3.2569985 3.2569985 3.2569985 3.2569985 3.2569985 3.2569985 3.2569985 3.2569985 3.2569985 3.113699 3.113699 3.113699 3.2569985 3.2569985 3.2033494 3.2569985 3.2569985 3.2569985 2.8148127 2.8148127 2.8148127 2.8148127 2.8148127 2.8148127 2.8148127 2.8148127 2.8148127 3.2569985 3.2569985 3.2569985 3.2569985 3.2569985
3.799346 3.2618048 3.2618048 3.2618048 3.2618048 3.2618048 3.2618048 3.2618048 3.2618048 3.2618048 1.2666174 1.2529486 1.2632169 1.2632169 1.2632169 3.1721108 3.1721108 3.659847 3.9126592 3.9423752 3.8368158 3.8368158 3.8368158 3.8368158 3.7021894 2.1301472 2.1301472 2.1417308 3.2569985 3.2569985 3.2569985 3.2569985 3.2569985 3.2569985 3.2569985 3.2569985 3.2569985 3.113699 3.113699 3.2569985 3.2569985 3.2033494 3.2033494 3.2033494 3.2569985 3.2569985 3.2569985 3.2569985 3.2569985 3.2569985 2.8148127 2.8148127 2.8148127 2.8148127 2.8148127 3.2569985 3.2569985 3.2569985 3.2569985 2.8762982
3.799346 3.2618048 3.2618048 3.2618048 3.2618048 3.2618048 3.1721108 3.1721108 3.1721108 3.1721108 1.2529486 1.2529486 1.2529486 1.2632169 1.2632169 3.1721108 3.659847 3.659847 3.9423752 3.9423752 3.8368158 3.8368158 3.8368158 3.4123828 3.8368158 2.1301472 2.1301472 2.1417308 2.1417308 3.2569985 3.2569985 3.2569985 3.2569985 3.2569985 3.2569985 3.2569985 3.2569985 3.2569985 3.2569985 3.2569985 3.2569985 3.2033494 3.2033494 3.2033494 3.2569985 3.2569985 3.2569985 3.2569985 3.2569985 3.2569985 3.2569985 2.8148127 2.8148127 2.8148127 2.8148127 2.8148127 3.2569985 3.2569985 3.113699 3.113699
3.799346 3.2618048 3.2618048 3.2618048 3.1721108 3.1721108 3.1721108 3.1721108 3.1721108 3.1721108 2.8726513 2.8726513 3.1721108 3.1721108 1.2632169 1.2632169 3.659847 3.9126592 3.9126592 3.9423752 3.8368158 3.8368158 3.8368158 3.8368158 3.8368158 2.1417308 2.1417308 2.1417308 2.1417308 3.2569985 3.2569985 3.2569985 3.2569985 3.2569985 3.2569985 3.2569985 3.2569985 3.2569985 3.2569985 3.2569985 3.2569985 3.2569985 3.2033494 3.2033494 3.2569985 3.2569985 3.2569985 3.2569985 3.2569985 3.2569985 3.2569985 3.2569985 2.8148127 2.8148127 2.8148127 2.8148127 3.113699 3.113699 3.113699 3.113699
3.799346 3.799346 3.2618048 3.1721108 3.1721108 3.1721108 3.1721108 2.8726513 2.8726513 2.8726513 2.8726513 2.8726513 3.1721108 3.1721108 1.2632169 1.268949 3.9423752 3.9423752 3.9423752 3.9423752 3.8368158 3.8368158 3.8368158 3.8368158 3.8368158 2.1417308 2.1417308 2.1417308 2.1417308 2.1417308 3.2569985 3.2569985 3.2569985 3.2569985 2.8148127 2.8148127 3.2569985 3.2569985 3.2569985 3.2569985 3.2569985 3.2569985 3.2569985 3.2569985 3.2569985 3.2569985 3.2569985 3.2569985 3.2569985 3.2569985 3.2569985 3.2569985 2.8148127 2.8148127 2.8148127 2.8148127 3.113699 3.113699 3.113699 3.113699
3.9423752 3.799346 3.659847 3.659847 3.659847 3.659847 3.659847 3.2419212 3.2419212 2.8726513 2.8726513 2.8726513 3.1721108 3.659847 3.9423752 1.268949 3.9423752 3.9423752 3.659847 3.659847 3.5692444 3.8368158 3.8368158 3.8368158 3.8368158 3.8368158 2.1417308 2.1417308 2.1417308 2.1417308 2.1417308 3.2569985 3.2569985 3.2569985 2.8148127 2.8148127 3.2569985 3.2569985 3.2569985 3.2569985 3.2569985 3.2569985 3.2569985 3.2569985 3.2569985 3.2569985 3.2569985 3.2569985 3.2569985 3.2569985 3.2569985 2.8148127 2.8148127 3.2569985 3.2569985 3.2569985 3.113699 3.113699 3.113699 3.113699
3.9423752 3.9423752 3.9423752 3.9423752 3.9423752 3.2419212 3.659847 3.659847 3.2419212 3.2419212 2.8726513 3.2419212 3.659847 3.659847 3.659847 3.9423752 3.9423752 3.9423752 3.659847 3.659847 3.5692444 3.5692444 3.8368158 3.8368158 3.8368158 3.2569985 2.1417308 2.1417308 2.1417308 2.1417308 2.1417308 2.1417308 3.2569985 3.2569985 2.8148127 2.8148127 3.2569985 3.2569985 3.2569985 3.2569985 3.2569985 3.2569985 3.2569985 3.2569985 3.2569985 3.2569985 3.2569985 3.2569985 3.2569985 3.2569985 3.2569985 2.8148127 2.8148127 3.2569985 3.2569985 3.2569985 3.113699 3.113699 3.113699 3.113699
3.9423752 3.9423752 3.9423752 3.2419212 3.9423752 3.2419212 3.659847 3.659847 3.659847 3.659847 3.1721108 3.659847 3.659847 2.13963 2.13963 3.9423752 3.9423752 3.9423752 3.659847 3.659847 3.5692444 3.5692444 3.5692444 3.8368158 3.8368158 3.2569985 3.2569985 2.1417308 2.1417308 2.1417308 2.1417308 2.1417308 2.1417308 3.2569985 3.2569985 3.2569985 3.2569985 3.2569985 3.2569985 3.2569985 3.2569985 3.2569985 3.2569985 3.2569985 3.2569985 3.2569985 3.2569985 3.2569985 3.2569985 3.2569985 3.2569985 3.2569985 3.2569985 3.2569985 3.2569985 3.2569985 3.2569985 3.113699 3.113699 3.113699
3.9423752 3.9423752 3.9423752 3.2419212 3.9423752 3.2419212 3.9423752 3.9423752 3.9423752 3.659847 3.659847 3.659847 3.659847 2.177396 2.177396 3.9423752 3.2419212 3.9423752 3.9423752 3.9423752 3.8368158 3.8368158 3.8368158 3.2569985 3.2569985 3.2569985 3.2569985 3.2569985 3.2569985 2.1417308 2.1417308 2.1417308 2.1417308 2.1417308 3.2033494 3.2033494 3.2569985 3.2569985 3.2569985 3.2569985 3.2569985 3.2569985 3.2569985 3.2569985 3.2569985 3.2569985 3.2569985 3.2569985 3.2569985 3.2569985 3.2569985 3.2569985 3.2569985 3.2569985 3.2569985 3.2569985 3.2033494 3.2033494 3.113699 3.113699
3.9423752 3.9423752 3.9423752 3.2419212 3.9423752 3.9423752 3.9423752 3.9423752 3.9423752 3.9423752 3.659847 3.659847 2.13963 2.177396 2.177396 3.2419212 3.2419212 3.2419212 3.9423752 3.2419212 3.1672945 3.1672945 3.8368158 3.2569985 3.2569985 3.2569985 3.2569985 3.2033494 3.2033494 2.1417308 2.1417308 2.1417308 2.1417308 2.1417308 3.7021894 3.2033494 3.2569985 3.2569985 3.2569985 3.2569985 3.2569985 3.2569985 3.2569985 3.2569985 3.2569985 3.2569985 3.2569985 3.2569985 3.2569985 3.2569985 3.2569985 3.2569985 3.2569985 3.2569985 3.2569985 3.2569985 3.2033494 3.2033494 3.2569985 3.2569985
3.9423752 3.9423752 3.9423752 3.3221917 3.9423752 3.9423752 3.9423752 3.9423752 3.9423752 3.2419212 3.2419212 2.13963 2.13963 2.177396 2.177396 3.9423752 3.2419212 3.9423752 3.2419212 3.2419212 3.1672945 3.1672945 3.8368158 3.2569985 3.2569985 3.2569985 3.2569985 3.2033494 3.2033494 3.113699 2.106345 2.1417308 2.1417308 2.1417308 3.8368158 3.8368158 3.2569985 3.2569985 3.2569985 3.2569985 3.2569985 3.2569985 3.2569985 3.2569985 3.2569985 3.2569985 3.2569985 3.2569985 3.2569985 3.2569985 3.2569985 3.2569985 3.2569985 2.8148127 3.2569985 3.2569985 3.2569985 3.2569985 3.2569985 3.2569985
3.9423752 3.9423752 3.3221917 3.3221917 3.3221917 2.177396 2.177396 2.177396 2.0619297 2.0619297 2.0619297 2.0619297 2.177396 2.177396 2.177396 3.659847 3.659847 3.2419212 3.2419212 3.2419212 3.1672945 3.1672945 3.1672945 3.8368158 3.2569985 3.2569985 3.113699 3.113699 2.8148127 3.113699 3.113699 3.2569985 2.1417308 3.2569985 3.2569985 3.2569985 3.8368158 3.2569985 3.2569985 3.2569985 3.2569985 3.8368158 3.8368158 2.1417308 3.2569985 3.2569985 3.2569985 3.2569985 3.2569985 3.2569985 3.2569985 3.2569985 2.8148127 2.8148127 2.8148127 3.2569985 3.2569985 3.2569985 3.2569985 3.2569985
3.9423752 3.9423752 3.9423752 3.3221917 3.3221917 3.3221917 2.177396 2.177396 2.0619297 2.0619297 2.0619297 2.0619297 2.177396 2.177396 2.13963 3.659847 3.659847 3.2419212 3.2419212 3.2419212 3.1672945 3.1672945 3.1672945 3.1672945 3.8368158 3.2569985 3.113699 3.113699 2.8148127 3.113699 3.113699 3.2569985 3.2569985 3.2569985 3.2569985 3.2569985 3.2569985 3.2569985 3.2569985 3.8368158 3.8368158 3.8368158 2.1417308 2.1417308 3.2569985 3.2569985 3.2569985 2.1417308 2.1417308 3.2569985 3.2569985 3.2569985 2.8148127 2.8148127 2.8148127 3.2569985 3.2033494 3.2033494 3.2033494 3.2569985
3.9423752 3.9423752 3.9423752 3.3221917 3.3221917 3.3221917 3.3221917 2.0619297 2.0619297 2.0619297 2.0619297 2.13963 2.13963 2.177396 3.659847 3.659847 3.659847 3.5160067 3.2419212 3.2419212 3.1672945 3.1672945 3.1672945 3.1672945 3.5692444 3.2569985 3.2569985 3.2569985 3.2569985 3.113699 3.113699 3.2569985 3.2569985 3.2569985 3.2569985 3.2569985 3.2569985 3.2569985 3.2569985 3.2569985 3.8368158 3.8368158 3.8368158 2.1417308 2.1417308 2.1417308 2.1417308 2.1417308 2.1417308 3.2569985 3.2569985 3.8368158 3.1672945 2.8148127 2.8148127 3.2569985 3.2033494 2.1301472 3.2033494 3.2569985
