Export/ASCII/RMeteo_tot/provaR.asc
ncols         338
nrows         660
xllcorner     1476100
yllcorner     5050800
cellsize      100
NODATA_value  -9999
[rows 308 to 335 of 660, columns 0 to 62 of 338]
2.210109 2.210109 2.210109 2.210109 2.210109 2.210109 2.210109 2.129034 2.129034 2.129034 2.129034 2.129034 2.129034 2.129034 2.129034 2.129034 2.129034 2.129034 2.129034 2.129034 2.129034 2.129034 2.300279 2.300279 2.227805 2.227805 2.227805 2.005905 2.105936 2.939035 2.939035 2.939035 2.105936 2.005905 2.005905 2.005905 2.227805 2.227805 2.005905 2.215532 2.215532 2.192814 2.192814 3.260161 3.260161 2.192814 3.723846 4.008372 3.865387 3.865387 3.865387 4.008372 4.008372 4.008372 4.008372 4.008372 4.008372 4.008372 4.008372 4.008372 4.008372 4.008372 4.008372
3.175506 3.175506 3.175506 3.175506 3.175506 3.175506 2.210109 2.129034 2.129034 2.129034 2.129034 2.129034 2.129034 2.129034 2.129034 2.129034 2.129034 2.129034 2.129034 2.129034 2.129034 2.129034 2.129034 2.300279 2.192814 2.227805 2.227805 2.005905 2.105936 2.105936 2.105936 2.105936 2.105936 2.105936 2.005905 2.005905 2.227805 2.105936 2.105936 2.215532 2.215532 2.192814 2.192814 2.192814 2.192814 2.215531 2.215531 2.227805 2.227805 3.865387 3.865387 4.008372 4.008372 4.008372 4.008372 4.008372 4.008372 4.008372 4.008372 4.008372 4.008372 4.008372 4.008372
3.175506 3.175506 3.175506 3.175506 3.175506 2.210109 2.210109 2.129034 2.129034 2.129034 2.129034 2.129034 2.129034 2.129034 2.129034 2.129034 2.129034 2.129034 2.129034 2.129034 2.129034 2.129034 2.129034 2.300279 2.192814 2.215531 2.215531 2.215531 2.005905 2.005905 2.105936 2.105936 2.105936 2.105936 2.005905 2.215531 2.215531 2.105936 2.105936 2.105936 2.215532 2.192814 2.192814 2.192814 2.215531 2.215531 3.360378 2.227805 2.227805 2.215532 2.215532 2.227805 4.008372 4.008372 4.008372 4.008372 4.008372 4.008372 4.008372 4.008372 4.008372 4.008372 4.008372
3.175506 3.175506 3.175506 3.175506 3.537271 2.300279 2.210109 2.129034 2.129034 2.129034 2.129034 2.129034 2.129034 2.129034 2.129034 2.325594 2.325594 2.129034 2.129034 2.129034 2.129034 2.129034 2.129034 2.338149 2.215531 2.215531 2.215531 2.215531 2.005905 2.005905 2.105936 2.105936 2.939035 2.105936 2.005905 2.215531 2.215531 2.105936 2.105936 2.105936 2.005905 2.227805 2.227805 2.227805 2.192814 2.215531 2.215531 2.005905 2.227805 2.227805 2.227805 2.227805 2.227805 2.227805 2.215532 3.865387 4.008372 4.008372 4.008372 4.008372 4.008372 4.008372 4.008372
3.175506 3.175506 3.175506 2.210109 2.300279 2.300279 2.210109 2.129034 2.210109 2.210109 2.210109 2.129034 2.129034 2.129034 2.129034 2.325594 2.325594 2.129034 2.210109 2.210109 2.338149 2.338149 2.338149 2.338149 2.227805 2.227805 2.005905 2.005905 2.227805 2.105936 2.105936 2.939035 2.105936 2.105936 2.005905 2.215531 2.215531 2.005905 2.105936 2.105936 2.192814 2.192814 2.192814 2.227805 2.227805 2.192814 2.215531 2.192814 2.227805 2.227805 2.227805 2.105936 2.105936 2.105936 2.215531 2.215531 2.215531 4.008372 4.008372 4.008372 4.008372 4.008372 4.008372
3.175506 3.175506 3.175506 2.210109 2.129034 2.129034 2.210109 2.210109 2.210109 2.210109 2.129034 2.129034 2.129034 2.129034 2.129034 2.129034 2.210109 2.325594 2.325594 2.210109 2.338149 2.338149 2.338149 2.338149 2.227805 2.227805 2.227805 2.005905 2.227805 2.215531 2.215531 2.939035 2.105936 2.105936 2.005905 2.192814 2.192814 2.005905 2.215531 2.215531 2.005905 2.005905 2.192814 2.227805 2.227805 2.227805 2.227805 2.192814 2.192814 2.227805 2.105936 2.105936 2.105936 2.105936 2.227805 2.227805 2.227805 2.192814 3.723846 3.723846 3.723846 3.723846 4.008372
3.175506 2.210109 2.210109 2.210109 2.338149 2.338149 2.210109 2.210109 2.210109 2.129034 2.129034 2.338149 2.129034 2.300279 2.300279 2.210109 2.210109 2.210109 2.325594 2.325594 2.338149 2.338149 2.338149 2.338149 2.227805 2.227805 2.227805 2.227805 2.005905 2.215531 3.360378 2.939035 2.939035 2.105936 2.105936 2.192814 2.192814 2.005905 2.215531 2.215531 2.005905 2.005905 2.005905 2.227805 2.227805 2.227805 2.227805 2.227805 2.192814 2.192814 2.105936 2.105936 2.105936 2.227805 2.227805 2.227805 2.227805 2.215532 2.192814 2.192814 2.192814 2.192814 4.008372
2.210109 2.210109 2.210109 2.338149 2.338149 2.338149 2.129034 2.210109 2.210109 2.129034 2.338149 2.338149 2.300279 2.300279 2.300279 2.210109 2.210109 2.338149 2.338149 2.338149 2.338149 2.338149 2.338149 2.338149 2.227805 2.227805 2.227805 2.227805 2.005905 2.005905 2.105936 2.939035 2.939035 2.105936 2.005905 2.192814 2.192814 2.105936 2.105936 2.005905 2.005905 2.005905 2.215532 2.227805 2.227805 2.227805 2.227805 2.227805 2.227805 2.192814 2.192814 2.192814 2.227805 2.227805 2.227805 2.227805 2.227805 2.227805 2.192814 2.192814 2.192814 2.227805 2.227805
2.325594 2.300279 2.300279 2.325594 2.338149 2.210109 2.210109 2.210109 2.210109 2.129034 2.338149 2.338149 2.325594 2.300279 2.300279 2.129034 2.129034 2.129034 2.338149 2.338149 2.338149 2.338149 2.338149 2.338149 2.227805 2.227805 2.227805 2.227805 2.227805 2.005905 2.005905 2.005905 2.105936 2.105936 2.005905 2.105936 2.105936 2.939035 2.939035 2.227805 2.227805 2.227805 2.215532 2.227805 2.227805 2.227805 2.192814 2.192814 2.227805 2.227805 2.005905 2.192814 2.192814 2.227805 2.227805 2.227805 2.227805 2.227805 2.227805 2.227805 2.192814 2.005905 2.005905
2.300279 2.300279 2.300279 2.300279 2.338149 2.338149 2.210109 2.210109 2.210109 2.210109 2.338149 2.325594 2.325594 2.129034 2.325594 2.325594 2.338149 2.338149 2.338149 2.338149 2.338149 2.338149 2.338149 2.338149 2.227805 2.227805 2.227805 2.227805 2.227805 2.005905 2.005905 2.005905 2.105936 2.005905 2.005905 2.105936 2.939035 2.939035 3.260161 2.192814 2.192814 2.215532 2.215532 2.227805 2.227805 2.227805 2.215531 2.215531 2.227805 2.227805 2.227805 2.227805 2.215531 2.192814 2.227805 2.227805 2.227805 2.227805 2.227805 2.227805 2.227805 2.227805 2.227805
2.232232 2.255022 2.232232 2.232232 2.142979 2.26699 2.142979 2.142979 2.142979 2.26699 2.26699 2.050184 2.050184 2.050184 2.255022 2.255022 2.255022 2.26699 2.26699 2.26699 2.26699 2.26699 2.26699 2.26699 2.183815 2.183815 2.183815 2.183815 2.183815 1.961771 1.961771 2.171616 1.961771 1.961771 1.961771 2.063253 2.889435 2.889435 3.192813 3.192813 2.148825 1.961771 2.171616 2.183815 2.183815 2.183815 2.171616 2.171616 2.183815 2.183815 2.183815 2.183815 2.171616 2.171616 2.148825 2.183815 2.183815 2.183815 2.171616 2.183815 2.183815 2.183815 2.183815
2.232232 2.255022 2.26699 2.142979 2.142979 2.142979 2.142979 2.26699 2.26699 2.26699 2.26699 2.050184 2.050184 2.050184 2.255022 2.255022 2.255022 2.26699 2.26699 2.26699 2.26699 2.26699 2.26377 2.26699 2.183815 2.183815 2.183815 2.183815 2.183815 2.183815 2.183815 2.171616 2.171616 2.148825 1.961771 2.063253 2.063253 2.063253 2.063253 3.192813 1.961771 1.961771 1.961771 2.183815 2.183815 2.183815 2.183815 2.183815 2.183815 2.183815 2.183815 2.183815 2.171616 2.148825 2.148825 2.148825 2.148825 2.183815 2.171616 2.183815 2.148825 2.183815 2.183815
2.232232 2.232232 2.26699 2.26699 2.26699 2.142979 2.142979 2.142979 2.26699 2.26699 2.26699 2.050184 2.050184 2.050184 2.050184 2.050184 2.050184 2.26699 2.26699 2.26699 2.26699 2.26699 2.26377 2.26699 2.183815 2.183815 2.183815 2.183815 2.183815 2.183815 2.183815 2.171616 2.148825 2.148825 2.148825 2.183815 2.171616 2.171616 2.171616 3.192813 1.961771 2.171616 1.961771 2.183815 2.183815 2.183815 2.183815 2.183815 2.183815 2.183815 2.183815 2.183815 2.183815 2.183815 2.148825 2.148825 2.148825 2.148825 2.148825 2.148825 3.63576 3.897417 3.766965
2.232232 2.232232 2.255023 2.26699 2.26699 2.26699 2.142979 2.050184 2.050184 2.26699 2.26699 2.050184 2.050184 2.050184 2.26699 2.26699 2.26699 2.26699 2.26699 2.26699 2.26377 2.26377 2.26699 2.26699 2.183815 2.183815 2.183815 2.183815 2.183815 2.183815 2.183815 2.171616 2.148825 2.148825 2.148825 2.183815 2.171616 2.171616 2.171616 2.148825 1.961771 2.171616 1.961771 2.183815 2.183815 2.183815 2.183815 2.183815 1.961771 2.183815 1.961771 2.183815 2.183815 2.183815 2.183815 2.183815 2.148825 2.148825 2.148825 2.148825 3.63576 3.897417 3.897417
2.255022 2.255023 2.255023 2.255023 2.050184 2.050184 2.050184 2.050184 2.26699 2.26699 2.26699 2.050184 2.050184 2.050184 2.26699 2.26699 2.26699 2.232232 2.232232 2.232232 2.26377 2.26377 2.26699 2.26699 2.183815 2.183815 2.183815 2.183815 2.183815 2.183815 2.183815 2.183815 2.183815 2.148825 2.148825 2.183815 2.183815 2.183815 2.183815 2.171616 2.171616 2.183815 2.183815 2.183815 2.183815 2.183815 2.183815 2.183815 1.961771 1.961771 1.961771 2.183815 2.183815 2.183815 2.183815 2.183815 2.171616 2.171616 2.148825 3.63576 3.897417 3.897417 3.897417
2.255022 2.26699 2.232232 2.255023 2.255023 2.26699 2.050184 2.26699 2.26699 2.26699 2.26699 2.26699 2.26699 2.26699 2.26699 2.050184 2.26699 2.232232 2.232232 2.232232 2.26377 2.26377 2.26699 2.26699 2.183815 2.183815 2.183815 2.183815 2.183815 2.183815 2.183815 2.183815 2.183815 1.961771 1.961771 1.961771 1.961771 2.183815 2.183815 2.148825 2.183815 2.183815 2.183815 2.183815 2.183815 2.063253 2.063253 2.183815 1.961771 1.961771 1.961771 2.183815 1.961771 2.183815 2.183815 2.183815 2.183815 2.183815 2.171616 3.63576 3.63576 3.63576 3.469465
2.232232 2.232232 2.232232 2.232232 2.255023 2.232232 2.232232 2.232232 2.232232 2.232232 2.26699 2.26699 2.26699 2.26699 2.26699 2.050184 2.26699 2.26699 2.26377 2.26377 2.26377 2.26377 2.26377 2.26699 2.183815 2.063253 2.063253 2.183815 2.183815 2.183815 2.183815 2.183815 2.183815 1.961771 1.961771 1.961771 1.961771 2.183815 2.148825 2.148825 2.148825 2.148825 2.171616 2.183815 2.063253 2.063253 2.063253 2.063253 2.183815 2.183815 2.183815 2.183815 2.183815 2.183815 2.183815 2.183815 2.183815 2.183815 3.897417 3.766965 3.766965 3.63576 3.63576
2.232232 2.232232 2.232232 2.232232 2.232232 2.232232 2.232232 2.232232 2.232232 2.232232 2.255022 2.26699 2.26699 2.26699 2.26699 2.26699 2.26699 2.26699 2.26699 2.26699 2.26699 2.26699 2.26699 2.26699 2.063253 2.171616 3.284418 2.063253 2.183815 1.961771 1.961771 1.961771 2.183815 2.183815 1.961771 1.961771 1.961771 2.148825 2.148825 2.148825 2.148825 2.148825 2.171616 2.063253 2.063253 2.889435 2.063253 2.063253 2.183815 2.183815 2.183815 2.183815 2.183815 2.183815 2.183815 2.183815 2.183815 3.897417 3.766965 3.766965 3.766965 3.63576 3.63576
2.142979 2.232232 2.26699 2.232232 2.232232 2.232232 2.232232 2.232232 2.232232 2.232232 2.255022 2.26699 2.26699 2.26699 2.26699 2.26699 2.26699 2.26699 2.26699 2.26699 2.26699 2.26699 2.26699 2.142979 2.063253 2.171616 2.171616 2.063253 2.183815 1.961771 1.961771 1.961771 2.183815 2.183815 2.171616 2.171616 1.961771 2.148825 2.148825 2.171616 2.183815 2.183815 2.183815 2.063253 3.234143 2.063253 2.063253 2.183815 2.183815 2.183815 2.183815 2.171616 2.171616 2.171616 2.171616 2.171616 2.183815 3.897417 3.766965 3.766965 3.234143 3.63576 3.63576
2.142979 2.142979 2.26699 2.26699 2.255022 2.232232 2.232232 2.232232 2.232232 2.232232 2.232232 2.232232 2.232232 2.26699 2.26699 2.232232 2.232232 2.255022 2.26699 2.26699 2.26699 2.26699 2.050184 2.142979 2.063253 2.171616 2.171616 1.961771 1.961771 1.961771 1.961771 1.961771 1.961771 1.961771 2.171616 2.171616 2.171616 2.148825 2.148825 2.148825 2.171616 2.183815 2.183815 2.183815 3.234143 3.234143 3.897417 3.63576 3.234143 3.234143 3.234143 3.63576 3.766965 3.766965 3.766965 3.897417 3.897417 3.897417 3.234143 2.889435 3.234143 3.897417 3.897417
3.039921 2.142979 2.26699 2.26699 2.255022 2.232232 3.374588 2.232232 2.232232 3.374588 3.374588 3.374588 2.232232 2.232232 2.232232 2.232232 2.232232 2.26699 2.232232 2.26699 2.26699 2.255023 2.26699 2.26699 2.148825 2.063253 2.148825 1.961771 1.961771 1.961771 1.961771 1.961771 1.961771 1.961771 2.171616 2.171616 2.171616 2.148825 2.148825 2.171616 2.171616 2.183815 1.961771 2.18488 3.897417 3.63576 3.63576 3.63576 3.234143 3.234143 3.234143 3.63576 3.766965 3.766965 3.766965 3.766965 3.234143 3.234143 3.234143 2.889435 3.234143 3.897417 3.897417
2.142979 2.142979 2.26699 2.255022 2.255022 2.26699 2.232232 2.232232 2.232232 2.232232 3.374588 3.374588 2.232232 2.232232 3.374588 2.232232 2.232232 2.232232 2.232232 2.232232 2.232232 2.232232 2.232232 2.232232 2.148825 2.148825 2.148825 2.148825 1.961771 2.183815 2.183815 2.183815 2.183815 2.183815 2.183815 2.183815 2.148825 2.148825 2.148825 2.148825 2.148825 3.63576 3.63576 3.63576 3.63576 3.63576 3.63576 3.63576 2.889435 3.234143 3.234143 3.63576 3.63576 3.63576 3.766965 3.766965 3.234143 3.63576 3.192813 3.234143 3.234143 3.897417 3.897417
2.142979 2.26699 2.26699 2.255022 2.255022 2.255022 2.232232 2.232232 2.232232 2.232232 2.232232 2.232232 2.142979 2.232232 2.142979 2.232232 3.374588 2.232232 2.232232 2.232232 2.232232 2.232232 2.232232 2.142979 2.063253 2.889435 2.148825 2.148825 2.148825 2.183815 2.148825 2.148825 2.183815 2.183815 2.148825 2.148825 2.148825 2.148825 3.63576 3.63576 2.889435 2.889435 3.192813 3.192813 3.63576 3.63576 3.63576 3.63576 2.889435 3.234143 3.234143 3.234143 3.63576 3.766965 3.897417 3.897417 3.766965 3.63576 3.192813 3.234143 3.897417 3.897417 3.897417
2.26699 2.050184 2.26699 2.26699 2.26699 2.26699 2.26699 2.142979 3.442137 3.442137 4.196855 3.442137 2.142979 2.142979 2.142979 2.232232 3.374588 2.232232 2.232232 2.232232 2.232232 2.232232 3.039921 3.039921 2.889435 3.234143 3.63576 2.148825 2.148825 2.148825 2.148825 2.148825 2.148825 2.148825 2.148825 2.063253 2.063253 2.063253 3.234143 3.234143 3.234143 2.889435 2.889435 2.889435 2.889435 3.63576 3.234143 2.889435 2.889435 3.234143 3.234143 3.234143 3.897417 3.897417 3.897417 3.766965 3.766965 3.63576 3.63576 3.234143 3.897417 3.897417 3.897417
2.26699 2.232232 2.232232 2.26699 2.26699 2.26699 2.232232 2.142979 3.442137 3.442137 3.895432 3.442137 3.039921 3.039921 3.039921 3.039921 3.374588 3.374588 3.374588 3.374588 3.895432 3.895432 3.442137 3.039921 3.234143 3.234143 3.234143 2.889435 2.889435 3.63576 3.63576 3.63576 3.63576 3.63576 3.192813 2.889435 2.889435 3.234143 3.234143 3.63576 2.889435 2.889435 3.234143 3.234143 2.889435 3.63576 3.63576 3.192813 2.889435 3.234143 3.234143 3.234143 3.897417 3.897417 3.766965 3.766965 3.766965 3.766965 3.234143 3.234143 3.897417 3.897417 3.897417
2.142979 2.232232 2.232232 3.895432 2.142979 2.142979 3.895432 3.442137 3.039921 3.039921 3.374588 3.374588 3.374588 3.039921 3.039921 3.039921 3.374588 3.374588 3.374588 3.374588 3.895432 3.895432 3.895432 3.442137 3.63576 3.766965 3.234143 2.889435 3.343339 3.234143 3.63576 3.192813 3.192813 3.192813 3.192813 2.889435 2.889435 2.889435 3.192813 3.192813 3.192813 3.192813 3.63576 3.234143 3.234143 3.192813 3.192813 3.192813 3.234143 3.234143 3.234143 3.897417 3.897417 3.897417 3.766965 3.766965 3.766965 3.766965 3.234143 3.234143 3.897417 3.897417 3.897417
3.039921 3.039921 2.26699 3.895432 3.895432 3.895432 3.895432 3.039921 3.039921 3.039921 3.374588 3.374588 3.374588 3.374588 3.039921 3.039921 3.374588 3.374588 3.895432 3.895432 3.895432 3.895432 3.895432 3.442137 3.63576 3.766965 3.234143 3.234143 3.234143 3.234143 3.63576 3.192813 3.192813 3.192813 3.192813 2.889435 2.889435 2.889435 3.192813 3.192813 3.192813 3.192813 3.192813 3.234143 3.63576 3.63576 3.63576 3.192813 3.234143 3.234143 3.897417 3.897417 3.897417 3.897417 3.766965 3.766965 3.766965 3.766965 3.234143 3.234143 3.897417 3.897417 3.897417
3.039921 3.039921 2.232232 3.895432 3.895432 3.374588 3.374588 3.039921 3.039921 3.039921 3.374588 3.374588 3.374588 3.374588 3.374588 3.374588 3.374588 3.374588 3.895432 3.895432 3.895432 3.895432 3.895432 3.442137 3.234143 3.766965 3.766965 3.766965 3.897417 3.234143 3.63576 3.192813 2.889435 2.889435 3.192813 3.234143 3.234143 3.234143 3.192813 3.192813 3.192813 3.192813 3.192813 2.889435 2.889435 3.192813 3.63576 3.63576 3.234143 3.897417 3.897417 3.897417 3.897417 3.897417 3.766965 3.766965 3.766965 3.766965 3.234143 3.234143 3.897417 3.897417 3.897417
