Export/ASCII/RMeteo_tot/provaR.asc
ncols         338
nrows         660
xllcorner     1476100
yllcorner     5050800
cellsize      100
NODATA_value  -9999
[rows 224 to 251 of 660, columns 126 to 188 of 338]
3.836814 3.836814 3.836814 3.836814 3.836814 3.836814 3.836814 3.836814 3.836814 3.569244 3.569244 3.569244 3.836814 3.836814 3.836814 3.569244 3.569244 3.836814 3.836814 3.836814 3.836814 3.836814 3.836814 3.702189 3.702189 3.702189 3.702189 3.702189 3.836814 3.836814 3.836814 3.836814 3.836814 3.412384 3.412384 3.412384 3.412384 3.836814 3.836814 3.836814 3.836814 3.836814 3.836814 3.412384 3.412384 3.412384 3.836814 3.836814 3.836814 3.836814 3.569244 3.569244 3.412384 3.412384 3.412384 3.836814 3.510586 3.510586 3.510586 3.510586 3.510586 3.510586 3.510586
3.836814 3.836814 3.836814 3.836814 3.836814 3.836814 3.836814 3.836814 3.569244 3.569244 3.569244 3.569244 3.569244 3.836814 3.836814 3.569244 3.569244 3.836814 3.836814 3.702189 3.702189 3.836814 3.836814 3.836814 3.702189 3.702189 3.702189 3.836814 3.412384 3.412384 3.412384 3.836814 3.836814 3.836814 3.836814 3.836814 3.836814 3.836814 3.836814 3.836814 3.702189 3.702189 3.412384 3.412384 3.412384 3.412384 3.836814 3.702189 3.702189 3.836814 3.836814 3.836814 3.412384 3.412384 3.412384 3.412384 3.510586 3.080755 3.080755 3.080755 3.510586 3.510586 3.510586
3.836814 3.836814 3.836814 3.569244 3.569244 3.836814 3.836814 3.569244 3.569244 3.569244 3.569244 3.113699 3.569244 3.569244 3.569244 3.569244 3.836814 3.836814 3.836814 3.702189 3.702189 3.836814 3.836814 3.836814 3.702189 3.702189 3.702189 3.412384 3.412384 3.412384 3.836814 3.836814 3.836814 3.836814 3.836814 3.836814 3.836814 3.836814 3.836814 3.836814 3.702189 3.702189 3.412384 3.412384 3.836814 3.836814 3.836814 3.702189 3.702189 3.836814 3.412384 3.702189 3.702189 3.702189 3.702189 3.569244 3.510586 3.510586 2.791275 2.791275 3.510586 3.510586 3.510586
3.836814 3.836814 3.569244 3.569244 3.569244 3.569244 3.702189 3.569244 3.569244 3.113699 3.113699 3.113699 3.167293 3.167293 3.569244 3.569244 3.836814 3.836814 3.836814 3.836814 3.412384 3.836814 3.836814 3.836814 3.702189 3.702189 3.702189 3.836814 3.412384 3.412384 3.412384 3.836814 3.836814 3.836814 3.412384 3.836814 3.412384 3.412384 3.412384 3.412384 3.836814 3.412384 3.412384 3.836814 3.167293 3.167293 3.412384 3.836814 3.836814 3.836814 3.836814 3.702189 3.702189 3.412384 3.836814 3.569244 3.510586 2.791275 2.791275 2.791275 3.510586 3.510586 3.510586
3.836814 3.702189 3.702189 3.702189 3.702189 3.569244 3.702189 3.702189 3.569244 3.569244 3.569244 3.167293 2.814812 3.167293 3.569244 3.569244 3.836814 3.569244 3.836814 3.702189 3.702189 3.836814 3.836814 3.836814 3.836814 3.836814 3.167293 3.167293 3.702189 3.412384 3.412384 3.412384 3.412384 3.412384 3.412384 3.412384 3.412384 3.412384 3.412384 3.412384 3.412384 3.412384 3.836814 3.836814 3.836814 3.836814 3.412384 3.412384 3.412384 3.836814 3.836814 3.702189 3.702189 3.569244 3.569244 3.569244 3.510586 2.791275 2.791275 2.791275 3.510586 3.510586 3.510586
3.836814 3.702189 3.702189 3.702189 3.569244 3.836814 3.836814 3.569244 3.569244 3.569244 3.569244 3.167293 3.167293 3.167293 3.569244 3.569244 3.569244 3.569244 3.569244 3.702189 3.702189 3.569244 3.569244 3.569244 3.836814 3.167293 3.167293 3.167293 3.702189 3.836814 3.412384 3.412384 3.836814 3.836814 3.836814 3.836814 3.412384 3.412384 3.836814 3.836814 3.412384 3.836814 3.836814 3.836814 3.836814 3.836814 3.702189 3.702189 3.702189 3.836814 3.836814 3.702189 3.702189 3.569244 3.569244 3.569244 3.510586 2.791275 2.791275 2.791275 3.128976 3.510586 3.759564
3.836814 3.836814 3.167293 3.836814 3.167293 3.836814 3.836814 3.836814 3.569244 3.569244 3.569244 3.569244 3.167293 3.167293 3.167293 3.569244 3.569244 3.113699 3.569244 3.569244 3.702189 3.569244 3.569244 3.569244 3.569244 3.569244 3.569244 3.412384 3.836814 3.836814 3.412384 3.412384 3.702189 3.836814 3.836814 3.836814 3.836814 3.836814 3.836814 3.836814 3.412384 3.412384 3.836814 3.836814 3.836814 3.836814 3.702189 3.702189 3.702189 3.836814 3.836814 3.836814 3.836814 3.569244 3.569244 3.569244 3.080755 3.080755 2.791275 3.128976 3.128976 3.510586 3.759564
3.836814 3.167293 3.167293 3.167293 3.167293 3.167293 3.167293 3.836814 3.569244 3.569244 3.167293 2.814812 3.569244 3.569244 3.569244 3.569244 3.569244 3.569244 3.113699 3.569244 3.569244 3.167293 3.569244 3.569244 3.569244 3.113699 3.569244 3.569244 3.836814 3.836814 3.836814 3.836814 3.836814 3.412384 3.412384 3.412384 3.412384 3.836814 3.836814 3.412384 3.412384 3.412384 3.412384 3.836814 3.836814 3.836814 3.702189 3.702189 3.412384 3.412384 3.412384 3.836814 3.836814 3.836814 3.569244 3.569244 3.080755 3.080755 3.080755 3.510586 3.510586 3.759564 3.759564
3.167293 3.167293 3.167293 2.814812 2.814812 3.167293 3.167293 3.167293 3.569244 3.569244 3.569244 3.113699 3.113699 3.569244 3.569244 3.569244 3.569244 3.569244 3.113699 3.113699 3.569244 3.569244 3.569244 3.569244 3.113699 3.113699 3.569244 3.836814 3.836814 3.836814 3.836814 3.569244 3.569244 3.836814 3.702189 3.702189 3.412384 3.569244 3.569244 3.836814 3.836814 3.836814 3.836814 3.836814 3.836814 3.836814 3.836814 3.836814 3.836814 3.412384 3.412384 3.412384 3.836814 3.836814 3.836814 3.569244 3.510586 3.080755 3.510586 3.510586 3.759564 3.734675 3.734675
3.702189 2.814812 2.814812 2.814812 2.814812 3.167293 3.167293 3.167293 3.569244 3.569244 3.113699 3.113699 3.113699 3.113699 3.113699 3.113699 3.113699 3.113699 3.113699 3.113699 3.113699 3.569244 3.569244 3.569244 3.113699 3.113699 3.569244 3.569244 3.569244 3.569244 3.569244 3.569244 3.569244 3.836814 3.702189 3.836814 3.836814 3.569244 3.569244 3.569244 3.836814 3.836814 3.836814 3.836814 3.836814 3.836814 3.836814 3.836814 3.836814 3.836814 3.836814 3.836814 3.836814 3.836814 3.836814 3.836814 3.510586 3.510586 3.510586 3.510586 3.510586 3.734675 3.734675
3.702189 2.814812 2.814812 2.814812 3.702189 3.702189 3.702189 3.569244 3.569244 3.113699 3.113699 3.113699 3.113699 3.113699 3.113699 3.113699 3.113699 3.113699 3.113699 3.113699 3.113699 3.113699 3.113699 3.113699 3.113699 2.814812 2.814812 3.113699 3.569244 3.569244 3.569244 3.569244 3.569244 3.836814 3.836814 3.836814 3.836814 3.569244 3.569244 3.569244 3.569244 3.836814 3.836814 3.836814 3.836814 3.836814 3.836814 3.836814 3.836814 3.836814 3.836814 3.836814 3.836814 3.702189 3.702189 3.702189 3.510586 3.510586 3.080755 3.510586 3.510586 3.510586 3.759564
3.167293 2.814812 2.814812 2.814812 3.702189 3.702189 3.702189 3.569244 3.569244 3.113699 3.113699 3.113699 3.113699 3.113699 3.113699 3.113699 3.113699 3.113699 3.113699 3.113699 3.113699 2.814812 2.814812 2.814812 2.814812 2.814812 2.814812 3.113699 3.569244 3.569244 3.836814 3.702189 3.702189 3.702189 3.412384 3.836814 3.836814 3.836814 3.569244 3.569244 3.569244 3.569244 3.836814 3.836814 3.836814 3.836814 3.836814 3.836814 3.836814 3.836814 3.836814 3.836814 3.836814 3.702189 3.702189 3.702189 3.510586 3.080755 3.080755 3.080755 3.510586 3.510586 3.759564
3.167293 2.814812 2.814812 2.814812 2.814812 2.814812 2.814812 2.814812 3.113699 3.113699 3.113699 3.113699 3.113699 3.113699 3.113699 3.113699 3.113699 3.113699 3.113699 3.113699 3.113699 2.814812 2.814812 2.814812 2.814812 2.814812 3.167293 3.569244 3.569244 3.809213 3.809213 3.702189 3.702189 3.702189 3.836814 3.836814 3.836814 3.836814 3.836814 3.569244 3.569244 3.836814 3.836814 3.702189 3.836814 3.836814 3.836814 3.836814 3.836814 3.836814 3.836814 3.836814 3.569244 3.569244 3.569244 3.569244 3.510586 3.080755 3.080755 3.080755 3.510586 3.510586 3.759564
3.167293 3.167293 3.167293 2.814812 2.814812 2.814812 2.814812 2.814812 2.814812 2.814812 2.814812 3.113699 3.113699 3.113699 3.113699 3.113699 3.113699 3.113699 3.113699 3.113699 3.113699 2.814812 2.814812 2.814812 2.814812 2.814812 3.167293 3.569244 3.167293 3.809213 3.167293 3.167293 3.167293 3.167293 3.836814 3.836814 3.836814 3.836814 3.836814 3.836814 3.836814 3.836814 3.836814 3.569244 3.569244 3.702189 3.836814 3.836814 3.412384 3.412384 3.836814 3.836814 3.569244 3.569244 3.836814 3.569244 3.510586 3.510586 3.510586 3.080755 2.111557 3.759564 3.759564
3.836814 3.836814 3.167293 3.167293 3.167293 3.167293 2.814812 2.814812 2.814812 2.814812 2.814812 3.113699 3.113699 3.113699 3.113699 3.113699 3.113699 3.113699 3.113699 3.113699 3.113699 2.814812 2.814812 2.814812 2.814812 2.814812 3.113699 3.569244 3.569244 3.167293 3.167293 3.167293 3.167293 3.167293 3.836814 3.836814 3.836814 3.836814 3.836814 3.836814 3.836814 3.836814 3.836814 3.569244 3.702189 3.702189 3.702189 3.836814 3.836814 3.836814 3.836814 3.836814 3.836814 3.836814 3.836814 3.836814 3.510586 3.510586 3.510586 2.111557 2.111557 2.144315 3.759564
3.800224 3.800224 3.800224 3.800224 3.800224 3.182731 3.182731 3.196381 3.196381 2.827327 3.113101 3.113101 3.113101 3.113101 3.113101 3.113101 3.113101 3.113101 3.113101 3.113101 3.113101 3.113101 3.113101 3.113101 2.827327 2.827327 3.559766 3.800224 3.182731 3.182731 3.182731 3.182731 3.182731 3.800224 3.800224 3.800224 3.800224 3.800224 3.800224 3.800224 3.800224 3.800224 3.800224 3.800224 3.800224 3.680515 3.800224 3.800224 3.800224 3.800224 3.800224 3.800224 3.800224 3.375603 3.800224 3.800224 3.710751 2.143658 2.109681 2.109681 2.109681 3.710751 3.710751
3.800224 3.800224 3.800224 3.800224 3.800224 3.680515 3.680515 3.680515 3.113101 3.113101 3.113101 3.113101 3.113101 3.113101 3.113101 3.113101 3.113101 3.113101 3.113101 3.113101 3.113101 3.113101 3.113101 3.113101 3.113101 3.113101 3.559766 3.800224 3.800224 3.182731 3.182731 3.182731 3.559766 3.559766 3.800224 3.800224 3.800224 3.800224 3.800224 3.559766 3.559766 3.800224 3.800224 3.800224 3.800224 3.800224 3.800224 3.800224 3.800224 3.800224 3.800224 3.800224 3.375603 3.375603 3.375603 2.137218 2.109681 2.109681 2.109681 2.109681 2.133763 1.90562 3.710751
3.800224 3.800224 3.800224 3.800224 3.800224 3.800224 3.680515 3.800224 3.559766 3.559766 3.113101 3.113101 3.113101 3.113101 3.113101 3.113101 3.113101 3.113101 3.559766 3.559766 3.559766 3.559766 3.559766 3.559766 3.113101 3.113101 3.559766 3.182731 3.800224 3.182731 3.182731 3.182731 3.800224 3.800224 3.800224 3.800224 3.800224 3.800224 3.800224 3.559766 3.559766 3.800224 3.800224 3.800224 3.800224 3.800224 3.800224 3.800224 3.800224 3.800224 3.800224 3.800224 3.800224 3.800224 3.800224 3.559766 2.109681 2.109681 2.143658 2.143658 2.133763 1.90562 1.90562
3.800224 3.800224 3.800224 3.800224 3.800224 3.800224 3.800224 3.246277 3.559766 3.559766 3.113101 3.113101 3.113101 3.113101 3.113101 3.113101 3.559766 3.559766 3.559766 3.800224 3.800224 3.800224 3.800224 3.559766 3.559766 3.559766 3.113101 3.113101 3.559766 3.559766 3.800224 3.800224 3.800224 3.800224 3.800224 3.800224 3.800224 3.800224 3.800224 3.800224 3.800224 3.800224 3.800224 3.800224 3.800224 3.800224 3.800224 3.800224 3.800224 3.800224 3.800224 3.800224 3.800224 3.800224 3.800224 3.559766 3.488252 1.90562 1.90562 1.90562 2.143658 2.143658 1.90562
3.559766 3.800224 3.800224 3.800224 3.800224 3.800224 3.800224 3.246277 3.113101 3.113101 3.113101 3.113101 3.113101 3.113101 3.113101 3.559766 3.559766 3.559766 3.559766 3.800224 3.182731 3.182731 3.800224 3.800224 3.559766 3.559766 3.113101 3.113101 3.559766 3.559766 3.800224 3.800224 3.800224 3.800224 3.800224 3.800224 3.800224 3.800224 3.800224 3.800224 3.800224 3.800224 3.800224 3.800224 3.800224 3.800224 3.800224 2.137218 2.137218 3.800224 3.800224 3.800224 3.800224 3.800224 3.800224 3.559766 3.488252 2.133763 1.90562 1.90562 2.143658 2.143658 2.143658
3.559766 3.559766 3.800224 3.800224 3.800224 3.800224 3.246277 3.246277 3.113101 3.113101 3.113101 3.113101 3.113101 3.113101 3.113101 3.559766 3.559766 3.559766 3.559766 3.559766 3.559766 3.182731 3.800224 3.800224 3.559766 3.559766 3.559766 3.559766 3.559766 3.800224 3.800224 3.800224 3.800224 3.800224 3.800224 3.800224 3.800224 3.800224 3.800224 3.800224 3.800224 3.800224 3.800224 3.800224 3.800224 3.800224 2.137218 2.137218 2.137218 2.137218 3.800224 3.800224 3.800224 3.375603 2.137218 2.104926 2.109681 2.133763 1.90562 1.90562 3.710751 3.710751 2.143658
3.559766 3.559766 3.680515 3.680515 3.800224 3.800224 3.246277 3.246277 3.113101 3.113101 3.113101 3.113101 3.113101 3.113101 3.113101 3.559766 3.559766 3.559766 3.559766 3.559766 3.559766 3.800224 3.800224 3.800224 3.800224 3.559766 3.559766 3.559766 3.800224 3.800224 3.800224 3.800224 3.800224 3.800224 3.800224 3.800224 3.800224 3.800224 3.800224 3.800224 3.800224 3.800224 3.800224 3.800224 3.800224 3.800224 2.137218 2.137218 2.137218 2.137218 3.800224 3.800224 3.800224 3.375603 1.91043 1.91043 1.90562 2.143658 2.143658 1.90562 3.278383 3.710751 3.710751
3.559766 3.559766 3.680515 3.680515 3.800224 3.800224 3.800224 3.800224 2.827327 2.827327 3.113101 2.827327 2.827327 2.827327 3.113101 3.113101 3.559766 3.800224 3.800224 3.800224 3.800224 3.800224 3.800224 3.800224 3.800224 3.800224 3.800224 3.559766 3.800224 3.680515 3.680515 3.680515 3.680515 3.800224 3.800224 3.800224 3.800224 3.800224 3.800224 3.800224 3.800224 3.800224 3.800224 3.800224 3.800224 3.800224 2.137218 2.137218 2.137218 2.137218 2.137218 2.137218 2.137218 2.137218 1.91043 1.91043 1.90562 2.143658 2.143658 2.143658 1.90562 1.90562 3.710751
3.559766 3.559766 3.800224 3.800224 3.800224 3.800224 3.800224 3.800224 2.827327 2.827327 2.827327 2.827327 2.827327 3.113101 3.113101 3.559766 3.559766 3.800224 3.800224 3.800224 3.800224 3.800224 3.800224 3.800224 3.800224 3.800224 3.800224 3.559766 3.559766 3.559766 3.680515 3.680515 3.680515 3.559766 3.559766 3.800224 3.800224 3.800224 3.800224 3.800224 3.800224 3.800224 3.800224 3.800224 3.800224 3.800224 2.137218 2.137218 2.137218 2.137218 2.137218 2.137218 2.137218 2.137218 2.137218 2.137218 2.143658 1.90562 2.143658 2.143658 2.143658 2.143658 1.90562
3.800224 3.800224 3.800224 3.800224 3.800224 3.800224 3.800224 3.800224 3.113101 3.113101 2.827327 2.827327 2.827327 3.113101 3.113101 3.559766 3.559766 3.800224 3.800224 3.800224 3.800224 3.800224 3.800224 3.800224 3.800224 3.800224 3.800224 3.559766 3.559766 3.800224 3.680515 3.182731 3.182731 3.559766 3.559766 3.800224 3.800224 3.800224 3.800224 3.800224 3.800224 3.800224 3.800224 3.800224 3.800224 3.800224 2.137218 2.126726 2.126726 2.126726 3.246277 2.137218 3.246277 3.246277 3.246277 3.246277 2.143658 2.143658 2.143658 2.143658 2.143658 2.143658 2.143658
3.800224 3.800224 3.800224 3.800224 3.800224 3.800224 3.800224 3.559766 3.559766 2.827327 2.827327 3.113101 3.113101 3.113101 3.113101 3.559766 3.559766 3.800224 3.800224 3.800224 3.800224 3.800224 3.800224 3.800224 3.800224 3.800224 3.800224 3.559766 3.559766 3.559766 3.559766 3.559766 3.559766 3.680515 3.680515 3.680515 3.800224 3.800224 3.800224 3.800224 3.800224 3.800224 3.800224 3.800224 3.800224 0 2.137218 2.126726 2.126726 3.196381 3.246277 3.246277 3.246277 3.246277 3.246277 3.246277 3.195823 2.143658 2.143658 2.143658 2.143658 2.143658 2.143658
3.559766 3.680515 3.680515 3.680515 3.800224 3.800224 3.800224 3.559766 3.800224 2.827327 2.827327 2.827327 2.827327 3.113101 3.113101 3.113101 3.559766 3.559766 3.559766 3.800224 3.800224 3.800224 3.800224 3.800224 3.800224 3.800224 3.800224 3.800224 3.800224 3.559766 3.559766 3.559766 3.559766 3.800224 3.680515 3.680515 3.800224 3.800224 3.800224 3.800224 3.800224 3.800224 3.800224 3.800224 3.246277 0 0 3.800224 3.800224 3.246277 3.246277 3.246277 3.246277 3.246277 3.246277 3.246277 3.195823 3.195823 2.143658 2.143658 2.143658 2.143658 2.143658
3.559766 3.680515 3.680515 3.680515 3.800224 3.182731 3.182731 3.182731 3.800224 3.800224 2.827327 2.827327 2.827327 3.113101 3.113101 3.113101 3.113101 3.113101 3.559766 3.559766 3.559766 3.559766 3.800224 3.800224 3.800224 3.800224 3.800224 3.800224 3.800224 3.182731 3.559766 3.559766 3.559766 3.559766 3.559766 3.800224 3.800224 3.800224 3.800224 3.800224 3.800224 3.800224 3.800224 3.800224 3.234494 0 0 3.800224 3.800224 3.246277 3.246277 3.246277 3.246277 3.246277 3.246277 3.246277 3.195823 3.195823 3.195823 3.195823 2.143658 2.143658 2.143658
