Export/ASCII/RMeteo_tot/provaR.asc
ncols         338
nrows         660
xllcorner     1476100
yllcorner     5050800
cellsize      100
NODATA_value  -9999
[rows 616 to 643 of 660, columns 63 to 125 of 338]
3.482838 3.482838 3.569522 3.569522 3.569522 3.569522 3.569522 3.3893 2.968062 2.968062 2.968062 2.73312 2.73312 2.73312 2.73312 2.73312 2.968062 2.968062 3.3893 3.482838 3.482838 3.482838 3.482838 3.482838 3.482838 3.482838 3.482838 3.482838 3.569522 3.569522 3.569522 3.569522 3.569522 3.569522 3.569522 3.569522 3.569522 3.569522 3.569522 3.569522 3.449987 3.464744 3.464744 3.464744 3.296971 3.296971 3.296971 3.464744 3.464744 3.464744 3.464744 3.296971 3.385055 3.464744 3.296971 3.296971 3.296971 3.464744 3.464744 3.464744 3.464744 3.464744 3.464744
3.569522 3.482838 3.569522 3.569522 3.552464 3.3893 3.3893 3.3893 2.968062 2.968062 2.968062 2.968062 2.968062 2.73312 2.73312 2.968062 2.968062 2.968062 3.3893 3.070319 3.482838 3.482838 3.482838 3.482838 3.569522 3.569522 3.482838 3.569522 3.569522 3.569522 3.569522 3.569522 3.569522 3.569522 3.569522 3.569522 3.569522 3.569522 3.569522 3.569522 3.464744 3.464744 3.464744 3.296971 3.296971 3.296971 3.296971 3.464744 3.464744 3.464744 3.464744 3.296971 3.464744 3.464744 3.296971 3.296971 3.296971 3.464744 3.464744 3.464744 3.464744 3.464744 3.464744
3.569522 3.569522 3.569522 3.070319 3.552464 3.3893 3.3893 3.3893 2.968062 2.968062 2.968062 2.968062 2.968062 2.968062 2.968062 2.968062 2.968062 2.968062 3.3893 3.3893 3.482838 3.482838 3.482838 3.482838 3.482838 3.482838 3.482838 3.569522 3.569522 3.569522 3.569522 3.569522 3.569522 3.569522 3.569522 3.569522 3.569522 3.569522 3.569522 3.569522 3.464744 3.464744 3.464744 3.296971 3.296971 3.296971 2.993368 2.993368 3.464744 3.464744 3.464744 3.296971 3.296971 3.464744 3.464744 3.296971 3.464744 3.464744 3.464744 3.464744 3.464744 3.464744 3.464744
3.569522 3.569522 3.085873 3.085873 3.076453 3.569522 3.3893 3.3893 3.3893 2.968062 2.968062 2.968062 2.968062 2.968062 2.968062 2.968062 2.968062 2.968062 3.3893 3.3893 3.070319 3.569522 3.569522 3.569522 3.482838 3.569522 3.482838 3.3893 3.3893 3.569522 3.569522 3.569522 3.569522 3.569522 3.569522 3.569522 3.569522 3.569522 3.569522 3.569522 3.464744 3.464744 3.464744 3.296971 3.464744 3.464744 3.464744 3.464744 3.464744 3.464744 3.464744 3.296971 3.296971 3.464744 3.464744 3.464744 3.464744 3.464744 3.464744 3.471346 3.464744 3.464744 3.464744
3.3893 3.569522 3.085873 3.085873 3.085873 3.569522 3.577863 3.3893 3.3893 3.3893 2.968062 3.3893 3.3893 2.968062 3.3893 3.3893 2.968062 2.968062 3.3893 3.3893 3.3893 3.569522 3.569522 3.569522 3.482838 3.482838 3.482838 3.3893 3.3893 3.569522 3.569522 3.569522 3.569522 3.569522 3.569522 3.569522 3.569522 3.569522 3.569522 3.569522 3.464744 3.464744 3.296971 3.296971 3.464744 3.464744 3.464744 3.464744 3.464744 3.464744 3.385055 3.385055 3.296971 3.296971 3.296971 3.296971 3.464744 3.296971 3.296971 3.296971 3.296971 3.464744 3.464744
3.3893 3.569522 3.569522 3.569522 3.577863 3.577863 3.577863 3.577863 3.577863 3.482838 3.482838 3.3893 3.3893 3.3893 3.3893 3.3893 3.3893 3.3893 3.070319 3.070319 3.070319 3.569522 3.569522 3.569522 3.569522 3.482838 3.482838 3.569522 3.569522 3.569522 3.569522 3.569522 3.569522 3.569522 3.569522 3.569522 3.569522 3.569522 3.569522 3.569522 3.464744 3.464744 3.296971 3.296971 3.464744 3.464744 3.464744 3.464744 3.464744 3.464744 3.385055 3.385055 3.296971 2.993368 3.296971 3.296971 3.296971 3.296971 3.296971 3.296971 3.296971 3.464744 3.464744
3.552464 3.552464 3.552464 3.552464 3.552464 3.577863 3.577863 3.569522 3.569522 3.569522 3.569522 3.3893 3.3893 3.3893 3.3893 3.3893 2.73312 3.070319 3.070319 3.070319 3.070319 3.3893 3.569522 3.569522 3.569522 3.569522 3.569522 3.569522 3.569522 3.569522 3.569522 3.569522 3.569522 3.569522 3.569522 3.569522 3.569522 3.569522 3.569522 3.569522 3.464744 3.464744 3.296971 3.464744 3.464744 3.464744 3.464744 3.464744 3.464744 3.464744 3.464744 3.296971 2.993368 2.993368 3.296971 3.296971 3.296971 3.296971 3.296971 3.296971 3.296971 3.296971 3.385055
3.076453 3.552464 3.552464 3.552464 3.552464 3.569522 3.569522 3.569522 3.569522 3.569522 3.482838 3.482838 3.482838 3.569522 3.569522 3.070319 2.73312 2.73312 2.73312 2.73312 3.070319 3.070319 3.569522 3.482838 3.482838 3.482838 3.569522 3.569522 3.569522 3.569522 3.569522 3.569522 3.569522 3.569522 3.569522 3.569522 3.569522 3.569522 3.569522 3.569522 3.464744 3.464744 3.296971 3.464744 3.464744 3.464744 3.464744 3.464744 3.464744 3.464744 3.464744 3.296971 2.993368 2.993368 3.296971 2.886156 2.886156 3.296971 2.672864 2.672864 2.886156 3.296971 3.296971
3.552464 3.552464 3.552464 3.552464 3.569522 3.569522 3.569522 3.569522 3.569522 3.569522 3.482838 3.482838 3.482838 3.569522 3.569522 3.070319 2.73312 2.73312 2.73312 2.73312 2.73312 3.070319 3.070319 3.482838 3.569522 3.569522 3.569522 3.569522 3.569522 3.070319 3.482838 3.569522 3.569522 3.569522 3.569522 3.569522 3.569522 3.569522 3.569522 3.569522 3.464744 3.296971 3.296971 3.385055 3.385055 3.464744 3.464744 3.464744 3.464744 3.464744 3.464744 3.296971 2.886156 2.993368 3.296971 2.886156 2.886156 2.672864 2.672864 2.672864 2.886156 3.296971 3.296971
3.552464 3.552464 3.552464 3.569522 3.569522 3.569522 3.569522 3.569522 3.569522 3.569522 3.569522 3.569522 3.569522 3.569522 3.569522 3.3893 3.070319 3.070319 3.070319 3.070319 2.73312 3.482838 3.070319 3.569522 3.569522 3.569522 3.569522 3.070319 3.070319 3.070319 3.070319 3.569522 3.569522 3.569522 3.569522 3.569522 3.569522 3.569522 3.569522 3.569522 3.464744 3.296971 3.296971 3.385055 3.385055 3.464744 3.464744 3.464744 3.464744 3.464744 3.464744 2.886156 2.997569 3.296971 3.296971 3.296971 2.886156 2.672864 2.672864 2.672864 2.672864 2.993368 3.296971
3.569522 3.569522 3.569522 3.569522 3.569522 3.569522 3.569522 3.569522 3.569522 3.569522 3.569522 3.569522 3.569522 3.569522 3.569522 3.3893 3.3893 3.070319 3.070319 3.070319 2.73312 3.042478 3.482838 3.070319 3.569522 3.569522 3.569522 3.569522 3.070319 3.070319 3.070319 3.070319 3.569522 3.569522 3.569522 3.569522 3.569522 3.569522 3.569522 3.070319 2.993368 2.993368 3.464744 3.464744 3.464744 3.464744 3.464744 3.464744 3.464744 3.464744 3.464744 3.296971 3.464744 3.449987 3.296971 3.296971 3.296971 2.993368 2.672864 2.672864 2.993368 2.993368 3.296971
3.569522 3.569522 3.569522 3.569522 3.569522 3.569522 3.569522 3.482838 3.482838 3.3893 3.569522 3.569522 3.569522 3.569522 3.569522 3.569522 3.482838 3.070319 3.070319 3.070319 2.73312 3.042478 3.482838 3.070319 3.569522 3.569522 3.569522 3.569522 3.070319 2.73312 2.73312 3.070319 3.569522 3.569522 3.569522 3.569522 3.569522 3.569522 3.569522 3.070319 2.993368 2.993368 3.464744 3.464744 3.464744 3.385055 3.464744 3.464744 3.464744 3.464744 3.464744 3.296971 3.385055 3.385055 3.464744 3.296971 3.296971 3.296971 2.886156 2.886156 3.296971 3.464744 3.464744
3.569522 3.569522 3.569522 3.569522 3.569522 3.569522 3.569522 3.569522 3.482838 3.3893 3.569522 3.569522 3.569522 3.569522 3.569522 3.569522 3.482838 3.482838 3.569522 3.070319 3.070319 3.070319 3.070319 3.070319 3.070319 3.569522 3.569522 3.070319 3.070319 2.73312 2.73312 3.070319 3.569522 3.569522 3.569522 3.569522 3.569522 3.569522 3.569522 3.569522 3.464744 3.296971 2.993368 2.993368 3.464744 3.385055 3.464744 3.464744 2.993368 2.993368 2.993368 3.296971 3.385055 3.464744 3.464744 3.385055 3.385055 3.464744 3.464744 3.296971 3.296971 3.464744 3.464744
3.569522 3.569522 3.569522 3.569522 3.569522 3.569522 3.569522 3.569522 3.482838 3.482838 3.569522 3.569522 3.569522 3.070319 3.070319 3.070319 3.569522 3.569522 3.145668 3.569522 3.569522 3.569522 3.070319 3.070319 3.070319 3.569522 3.070319 3.070319 2.73312 2.73312 3.482838 3.482838 3.482838 3.569522 3.569522 3.569522 3.569522 3.569522 3.569522 3.569522 3.464744 3.296971 2.993368 2.993368 3.464744 3.385055 3.464744 2.993368 2.993368 2.993368 3.385055 3.296971 3.464744 3.464744 3.464744 3.464744 3.464744 3.464744 3.464744 3.464744 3.464744 3.464744 3.464744
3.569522 3.569522 3.569522 3.569522 3.569522 3.569522 3.569522 3.569522 3.482838 3.482838 3.569522 3.569522 3.569522 3.569522 3.070319 3.070319 3.569522 3.569522 3.569522 3.569522 3.569522 3.482838 3.482838 3.070319 3.070319 3.070319 3.070319 3.070319 2.73312 2.73312 3.482838 3.482838 3.569522 3.569522 3.569522 3.569522 3.569522 3.569522 3.569522 3.569522 3.296971 3.296971 2.993368 2.993368 2.993368 2.993368 2.993368 2.993368 2.993368 3.385055 3.385055 3.296971 3.385055 3.464744 3.464744 3.464744 3.464744 3.464744 3.464744 3.464744 3.464744 3.464744 3.464744
3.569522 3.569522 3.569522 3.569522 3.569522 3.3893 3.3893 3.569522 3.482838 3.482838 3.569522 3.569522 3.569522 3.569522 3.070319 3.070319 3.569522 3.569522 3.569522 3.569522 3.482838 3.482838 3.482838 3.482838 3.070319 3.070319 2.73312 2.73312 2.73312 2.73312 3.070319 3.3893 3.3893 3.3893 3.3893 3.3893 3.3893 3.569522 3.569522 3.482838 3.385055 3.296971 3.464744 2.672864 2.993368 2.993368 2.993368 2.993368 2.993368 2.993368 3.385055 3.296971 3.385055 3.464744 3.464744 3.464744 3.464744 3.464744 3.464744 3.464744 3.464744 3.296971 3.296971
3.494144 3.494144 3.485492 3.485492 3.485492 3.302713 3.302713 3.302713 3.395785 3.395785 3.485492 3.485492 3.485492 3.485492 3.485492 3.485492 3.485492 3.062039 3.062039 3.485492 3.395785 3.395785 3.395785 3.395785 3.395785 2.674894 2.674894 2.90341 2.90341 2.90341 2.993064 3.395785 3.485492 3.395785 3.395785 3.302713 3.302713 3.302713 2.637599 3.395785 3.272587 3.189145 2.897001 2.593993 2.897001 2.897001 2.897001 2.897001 2.897001 2.897001 3.189145 3.189145 3.346573 3.346573 3.346573 3.346573 3.346573 3.346573 3.346573 3.346573 3.189145 3.189145 3.189145
3.494144 3.485492 3.485492 3.485492 3.485492 3.302713 3.302713 3.302713 3.485492 3.485492 3.485492 3.485492 3.485492 3.485492 3.485492 3.485492 3.00947 3.00947 3.062039 3.485492 3.395785 3.395785 3.485492 3.485492 3.395785 2.674894 2.674894 2.90341 2.90341 2.90341 2.993064 3.485492 3.485492 3.395785 3.395785 3.485492 3.302713 3.302713 2.90341 2.976347 2.860141 3.189145 3.189145 2.897001 2.897001 2.897001 2.897001 2.897001 2.897001 2.897001 3.189145 3.346573 3.346573 3.346573 3.346573 3.346573 3.346573 3.346573 3.346573 3.346573 3.189145 3.346573 3.346573
3.485492 3.485492 3.485492 3.485492 3.395785 3.302713 3.302713 3.302713 3.467596 3.467596 3.467596 3.467596 3.467596 3.467596 3.467596 3.00947 3.00947 3.00947 3.467596 3.485492 3.485492 3.485492 3.485492 2.993064 2.993064 2.674894 2.993064 3.302713 2.90341 2.90341 3.302713 3.302713 3.302713 3.302713 3.302713 3.485492 3.485492 3.302713 3.302713 2.976347 2.860141 2.796852 2.796852 2.897001 3.272587 3.272587 2.897001 2.897001 2.897001 3.189145 3.189145 3.346573 3.346573 3.346573 3.346573 3.346573 3.346573 3.346573 3.346573 3.346573 3.346573 3.346573 3.346573
3.485492 3.485492 3.485492 3.485492 3.395785 3.302713 3.302713 3.302713 3.467596 3.467596 3.467596 3.467596 3.00947 3.467596 3.467596 3.00947 3.00947 3.00947 3.467596 3.485492 3.485492 3.485492 3.485492 2.993064 2.993064 2.993064 2.993064 3.302713 2.90341 2.90341 3.302713 3.302713 3.302713 2.90341 3.302713 3.302713 3.302713 3.302713 3.302713 2.90341 2.860141 2.796852 2.796852 3.189145 3.189145 3.272587 2.897001 2.897001 2.897001 3.189145 3.189145 3.346573 3.346573 3.346573 3.346573 3.346573 3.346573 3.346573 3.189145 3.346573 3.346573 3.346573 3.346573
3.485492 3.485492 3.062039 3.062039 3.485492 3.485492 3.302713 3.302713 3.395785 3.395785 3.467596 3.00947 3.467596 3.467596 3.467596 3.467596 3.467596 3.467596 3.467596 3.485492 3.485492 3.395785 3.395785 2.993064 2.993064 3.302713 3.302713 3.302713 2.90341 2.90341 2.90341 2.90341 2.90341 2.90341 3.302713 3.302713 3.485492 3.302713 3.302713 2.90341 2.860141 2.796852 3.189145 3.189145 3.189145 2.897001 2.897001 2.897001 2.897001 3.189145 3.346573 3.346573 3.346573 3.346573 3.346573 3.346573 3.346573 3.189145 3.189145 3.346573 3.346573 3.346573 3.346573
3.485492 3.485492 3.485492 3.395785 3.395785 2.993064 3.302713 3.302713 3.395785 3.395785 3.467596 3.467596 3.485492 3.467596 3.467596 3.467596 3.485492 3.485492 3.485492 3.485492 3.485492 3.485492 3.485492 3.302713 3.302713 3.302713 3.302713 3.302713 2.90341 2.90341 2.90341 2.90341 2.90341 2.90341 2.90341 3.302713 2.993064 2.993064 3.302713 2.90341 2.796852 2.796852 3.189145 2.796852 3.189145 2.897001 2.897001 2.897001 3.272587 3.189145 3.346573 3.346573 3.346573 3.346573 3.346573 3.346573 3.346573 3.346573 3.346573 3.346573 3.346573 3.346573 2.899729
3.485492 3.485492 3.395785 3.395785 2.993064 2.993064 3.485492 3.302713 3.302713 3.467596 3.467596 3.485492 3.485492 3.485492 3.485492 3.485492 3.485492 3.485492 3.485492 3.485492 3.485492 3.302713 3.302713 3.302713 2.90341 2.90341 2.90341 2.90341 2.674894 2.674894 2.90341 2.90341 2.90341 2.674894 2.674894 2.674894 2.993064 2.993064 2.90341 2.90341 2.796852 2.796852 3.189145 3.189145 3.189145 2.897001 3.272587 3.272587 3.272587 3.189145 3.346573 3.346573 3.346573 3.346573 3.346573 3.346573 3.346573 3.346573 3.346573 3.346573 3.346573 2.860141 2.860141
3.485492 3.485492 3.485492 3.395785 3.395785 2.993064 2.993064 2.993064 3.302713 3.485492 3.485492 3.485492 3.485492 3.485492 3.485492 3.485492 3.485492 3.485492 3.485492 3.485492 3.485492 3.302713 3.302713 3.302713 2.90341 2.90341 2.90341 2.90341 2.674894 2.674894 2.674894 2.674894 2.674894 2.674894 2.674894 2.674894 2.674894 2.993064 3.302713 3.302713 2.796852 2.796852 3.189145 3.189145 3.272587 3.272587 3.272587 3.272587 3.189145 3.189145 2.928432 2.928432 2.928432 2.928432 3.346573 3.346573 3.346573 3.346573 3.346573 3.346573 2.899729 2.860141 2.860141
3.485492 3.485492 3.485492 3.485492 3.485492 2.993064 2.993064 3.302713 3.302713 3.302713 3.485492 3.485492 3.485492 3.485492 3.485492 3.485492 3.485492 3.485492 3.485492 2.993064 3.485492 3.302713 3.302713 3.302713 2.90341 2.90341 2.90341 2.90341 2.90341 2.674894 2.674894 2.674894 2.674894 2.674894 2.674894 2.674894 3.302713 3.302713 3.302713 3.485492 3.346573 3.189145 3.189145 3.189145 3.272587 3.272587 2.897001 2.928432 2.899729 2.899729 2.899729 2.899729 2.899729 2.899729 2.899729 3.346573 3.346573 3.346573 3.346573 2.899729 2.899729 2.796852 2.796852
3.485492 3.485492 3.485492 3.485492 3.485492 3.485492 3.485492 3.302713 3.302713 3.302713 3.302713 3.485492 3.485492 3.485492 3.485492 3.485492 3.485492 3.485492 3.485492 2.993064 2.993064 3.302713 3.302713 3.302713 2.90341 2.90341 3.302713 3.302713 2.674894 2.674894 2.674894 2.674894 2.674894 2.674894 2.674894 3.302713 3.302713 3.485492 3.485492 3.485492 3.272587 3.272587 3.272587 3.189145 2.928432 2.928432 3.346573 2.899729 2.899729 2.899729 2.899729 2.899729 2.899729 2.899729 2.899729 2.899729 2.899729 3.346573 2.899729 2.899729 2.899729 2.899729 2.899729
3.485492 3.485492 3.485492 3.485492 3.485492 3.485492 3.485492 3.302713 3.302713 3.395785 3.302713 3.302713 3.485492 3.485492 3.485492 3.485492 3.485492 2.993064 3.302713 2.993064 2.993064 3.302713 3.302713 3.302713 2.90341 2.90341 2.993064 2.993064 2.993064 2.993064 2.674894 2.674894 2.674894 2.674894 2.90341 2.90341 3.485492 3.485492 3.485492 3.485492 3.272587 3.272587 3.272587 3.189145 3.189145 3.346573 2.899729 2.899729 2.899729 2.899729 2.899729 2.899729 2.899729 2.899729 2.899729 2.899729 2.899729 2.899729 2.899729 2.899729 2.899729 2.899729 2.899729
3.485492 3.485492 3.485492 3.485492 3.485492 3.302713 3.302713 3.302713 3.302713 3.302713 3.302713 3.302713 3.302713 3.485492 3.485492 3.485492 2.993064 2.993064 2.90341 3.302713 3.302713 3.302713 3.302713 2.90341 2.90341 2.90341 2.993064 2.993064 3.485492 2.993064 2.993064 2.674894 2.674894 2.674894 2.976347 3.485492 3.485492 3.485492 3.485492 3.485492 2.928432 2.928432 2.928432 3.272587 3.189145 2.899729 2.899729 2.899729 2.899729 2.899729 2.899729 2.899729 2.899729 2.899729 2.899729 2.899729 2.899729 2.899729 3.346573 2.899729 2.899729 2.899729 2.899729
