Export/ASCII/RMeteo_tot/provaR.asc
ncols         338
nrows         660
xllcorner     1476100
yllcorner     5050800
cellsize      100
NODATA_value  -9999
[rows 616 to 643 of 660, columns 0 to 62 of 338]
1.262691 1.262691 1.262691 1.262691 1.262691 1.262691 1.262691 1.262691 3.792446 3.792446 3.792446 3.792446 3.792446 3.792446 3.792446 3.792446 3.792446 3.792446 3.792446 3.792446 3.792446 3.230263 3.230263 3.361033 3.3893 3.3893 3.3893 3.3893 3.3893 2.968062 2.968062 2.73312 3.3893 3.3893 3.3893 3.3893 3.3893 3.3893 3.482838 3.482838 3.569522 3.569522 3.569522 3.569522 3.569522 3.569522 3.569522 3.3893 3.3893 3.569522 3.569522 3.569522 3.569522 3.569522 3.569522 3.3893 3.482838 3.482838 3.070319 3.569522 3.070319 3.070319 3.070319
1.262691 1.262691 1.262691 1.262691 1.262691 1.262691 1.262691 1.262691 3.792446 3.792446 3.792446 3.792446 3.792446 3.792446 3.792446 3.792446 3.792446 3.792446 3.792446 3.792446 3.802809 3.792446 3.792446 3.792446 3.3893 3.3893 3.3893 2.968062 2.968062 2.73312 2.73312 2.73312 3.070319 3.3893 3.3893 3.3893 3.3893 3.569522 3.569522 3.569522 3.3893 3.3893 3.569522 3.569522 3.3893 3.3893 3.070319 3.3893 3.482838 3.482838 3.569522 3.3893 3.3893 3.569522 3.569522 3.3893 3.3893 3.482838 3.482838 3.569522 3.569522 3.569522 3.569522
1.262691 1.246066 1.246066 1.262691 1.262691 1.262691 1.262691 1.262691 3.792446 3.792446 3.792446 3.792446 3.792446 3.792446 3.792446 3.792446 3.792446 3.792446 3.792446 3.802809 3.802809 3.691326 3.792446 3.792446 3.482838 3.3893 3.3893 2.968062 2.73312 2.73312 2.73312 2.73312 2.73312 3.3893 3.3893 3.3893 3.3893 3.569522 3.569522 3.569522 3.3893 2.968062 3.3893 3.3893 3.3893 3.3893 3.3893 3.070319 3.482838 3.482838 3.482838 3.3893 3.3893 3.3893 3.3893 3.3893 3.3893 3.482838 3.482838 3.569522 3.569522 3.569522 3.569522
1.246066 1.246066 1.246066 1.262691 1.262691 1.262691 1.262691 1.262691 3.792446 3.792446 3.792446 3.792446 3.792446 3.584508 3.584508 3.792446 3.792446 3.792446 3.792446 3.584508 3.584508 3.792446 3.792446 3.792446 3.569522 3.3893 3.3893 2.968062 2.73312 2.73312 3.070319 3.3893 2.968062 3.3893 3.3893 3.070319 3.569522 3.569522 3.569522 3.569522 3.3893 3.3893 2.968062 2.968062 2.968062 2.968062 3.070319 3.070319 3.569522 3.482838 3.482838 3.3893 3.3893 2.968062 3.3893 3.3893 3.3893 3.070319 3.569522 3.569522 3.569522 3.569522 3.569522
1.246066 1.246066 1.246066 1.262691 1.262691 1.262691 1.262691 1.262691 3.792446 3.792446 3.792446 3.792446 3.792446 3.584508 3.584508 3.792446 3.691326 3.691326 3.691326 3.691326 3.691326 3.691326 3.792446 3.792446 3.569522 3.3893 3.3893 2.968062 2.73312 3.070319 3.3893 3.3893 2.968062 2.968062 3.3893 3.3893 3.482838 3.569522 3.569522 3.569522 3.569522 3.3893 2.968062 3.569522 3.569522 3.569522 3.569522 3.569522 3.569522 3.482838 3.3893 3.3893 2.968062 2.968062 3.3893 3.3893 3.569522 3.569522 3.569522 3.569522 3.569522 3.569522 3.3893
1.262691 1.262691 1.246066 1.246066 1.262691 1.262691 1.262691 1.262691 3.792446 3.792446 3.792446 3.792446 3.792446 3.792446 3.792446 3.691326 3.691326 3.691326 3.584508 3.584508 3.584508 3.584508 3.584508 3.584508 3.3893 3.3893 3.3893 2.968062 2.968062 3.3893 3.3893 3.3893 3.3893 3.3893 3.3893 3.3893 3.569522 3.569522 3.552464 3.552464 3.552464 3.569522 3.085873 3.569522 3.569522 3.569522 3.569522 3.569522 3.569522 3.482838 3.3893 2.73312 2.968062 2.968062 3.3893 3.3893 3.569522 3.569522 3.569522 3.569522 3.569522 3.569522 3.3893
1.262691 1.262691 1.262691 1.246066 1.262691 1.262691 1.262691 1.262691 3.792446 3.792446 3.792446 3.792446 3.792446 3.792446 3.792446 3.792446 3.792446 3.792446 3.145249 3.584508 3.584508 3.584508 3.584508 3.584508 3.3893 3.3893 2.968062 2.968062 3.569522 3.3893 3.3893 3.3893 3.3893 3.3893 3.3893 3.569522 3.569522 3.569522 3.552464 3.552464 3.552464 3.569522 3.569522 3.569522 3.569522 3.569522 3.569522 3.569522 3.569522 3.3893 3.3893 2.73312 2.73312 2.968062 2.968062 3.3893 3.3893 3.3893 3.569522 3.569522 3.569522 3.552464 3.552464
1.262691 1.262691 1.262691 1.262691 1.262691 1.262691 1.262691 1.262691 3.792446 3.792446 3.792446 3.792446 3.792446 3.792446 3.792446 3.792446 3.792446 3.584508 3.145249 3.145249 3.145249 3.145249 3.145249 3.584508 3.3893 3.3893 3.3893 2.968062 3.3893 3.569522 3.3893 3.3893 3.3893 3.3893 3.3893 3.3893 3.569522 3.569522 3.552464 3.552464 3.552464 3.569522 3.569522 3.569522 3.569522 3.569522 3.569522 3.569522 3.3893 3.3893 2.968062 2.73312 2.73312 2.968062 2.968062 3.3893 3.3893 3.3893 3.482838 3.482838 3.569522 3.552464 3.552464
1.262691 1.262691 1.262691 1.262691 1.262691 1.262691 1.262691 1.262691 3.792446 3.792446 3.792446 3.792446 3.792446 3.792446 3.792446 3.792446 3.792446 3.584508 3.584508 2.874943 2.874943 2.874943 3.145249 3.584508 3.482838 3.070319 3.070319 3.3893 3.3893 3.569522 3.569522 3.569522 3.3893 3.3893 3.569522 3.569522 3.569522 3.569522 3.552464 3.552464 3.3893 3.3893 3.569522 3.569522 3.569522 3.569522 3.569522 3.569522 3.3893 3.3893 3.3893 3.3893 2.968062 2.968062 2.968062 2.968062 2.968062 3.3893 3.482838 3.482838 3.569522 3.569522 3.552464
1.246066 1.246066 1.246066 1.262691 1.262691 1.262691 1.262691 3.792446 3.792446 3.792446 3.792446 3.792446 3.792446 3.792446 3.792446 3.792446 3.792446 3.584508 3.230263 2.874943 2.874943 2.874943 3.145249 3.584508 3.3893 3.070319 3.070319 3.070319 3.569522 3.569522 3.569522 3.569522 3.569522 3.569522 3.569522 3.569522 3.3893 3.569522 3.552464 3.3893 3.3893 3.3893 3.569522 3.569522 3.569522 3.569522 3.569522 3.569522 3.3893 3.3893 3.3893 3.3893 2.968062 2.968062 2.968062 2.968062 3.3893 3.569522 3.569522 3.569522 3.569522 3.569522 3.569522
2.874943 2.874943 1.246066 1.262691 1.262691 1.262691 1.262691 3.792446 3.792446 3.792446 3.792446 3.792446 3.792446 3.691326 3.691326 3.584508 3.792446 3.584508 3.145249 2.874943 2.874943 2.874943 3.584508 3.584508 3.3893 3.070319 3.070319 3.070319 3.569522 3.569522 3.569522 3.569522 3.569522 3.569522 3.569522 3.3893 3.3893 3.3893 3.3893 3.3893 3.3893 3.3893 3.569522 3.569522 3.569522 3.569522 3.569522 3.569522 3.569522 3.3893 3.3893 2.968062 3.3893 3.3893 2.968062 2.968062 3.3893 3.569522 3.569522 3.569522 3.569522 3.569522 3.569522
1.246066 1.246066 1.246066 1.262691 1.262691 1.262691 3.792446 3.792446 3.792446 3.792446 3.792446 3.792446 3.792446 3.691326 3.584508 3.584508 3.584508 3.145249 3.145249 3.145249 3.145249 3.145249 3.584508 3.584508 3.070319 3.070319 3.070319 3.070319 3.070319 3.070319 3.569522 3.569522 3.569522 3.569522 3.3893 3.3893 2.968062 2.968062 2.968062 2.968062 3.3893 3.3893 3.569522 3.569522 3.569522 3.569522 3.569522 3.569522 3.569522 3.482838 3.3893 3.3893 3.3893 3.3893 3.3893 3.3893 3.3893 3.3893 3.569522 3.569522 3.569522 3.569522 3.569522
1.262691 1.262691 1.262691 1.262691 1.262691 3.792446 3.792446 3.792446 3.792446 3.792446 3.792446 3.792446 3.691326 3.691326 3.691326 3.691326 3.792446 3.584508 3.145249 3.145249 3.145249 3.145249 3.145249 3.584508 3.070319 3.070319 3.070319 3.070319 3.070319 3.070319 3.070319 3.569522 3.070319 3.070319 3.3893 3.070319 3.070319 2.73312 2.73312 2.968062 2.968062 3.3893 3.482838 3.482838 3.3893 3.3893 3.569522 3.569522 3.482838 3.482838 3.042478 3.482838 3.3893 3.3893 3.3893 3.3893 3.3893 3.3893 3.569522 3.569522 3.569522 3.569522 3.569522
1.257273 1.257273 1.262691 1.262691 1.262691 3.792446 3.792446 3.792446 3.792446 3.792446 3.792446 3.792446 3.691326 3.691326 3.691326 3.691326 3.691326 3.584508 3.584508 3.145249 3.145249 3.584508 3.584508 3.584508 2.73312 3.070319 3.070319 3.070319 3.070319 3.070319 3.070319 3.070319 3.070319 3.3893 3.070319 3.070319 2.73312 2.73312 2.73312 2.968062 2.968062 3.3893 3.482838 3.482838 3.3893 3.3893 3.569522 3.569522 3.482838 3.482838 3.482838 3.552464 3.3893 3.3893 3.569522 3.569522 3.569522 3.569522 3.569522 3.569522 3.569522 3.569522 3.569522
1.257273 1.257273 1.262691 1.262691 3.792446 3.792446 3.792446 3.792446 3.792446 3.792446 3.792446 3.792446 3.792446 3.691326 3.691326 3.584508 3.691326 3.584508 3.584508 3.584508 3.145249 3.584508 3.792446 3.691326 2.73312 3.070319 3.070319 3.070319 3.070319 3.070319 3.070319 3.070319 3.070319 3.3893 3.3893 3.070319 3.070319 3.070319 2.73312 2.968062 2.968062 2.968062 2.73312 3.070319 3.3893 3.3893 3.569522 3.569522 3.552464 3.552464 3.552464 3.552464 3.552464 3.569522 3.569522 3.569522 3.569522 3.569522 3.569522 3.569522 3.569522 3.569522 3.569522
1.257273 1.257273 1.262691 3.792446 3.792446 3.792446 3.792446 3.792446 3.792446 3.792446 3.792446 3.792446 3.792446 3.584508 3.584508 3.584508 3.584508 3.792446 3.584508 3.584508 3.584508 3.584508 3.691326 3.691326 3.070319 3.070319 3.070319 3.070319 3.070319 3.3893 3.3893 3.3893 3.569522 3.569522 3.3893 3.3893 3.3893 3.070319 3.3893 3.3893 2.73312 2.73312 2.73312 3.070319 3.3893 3.3893 3.569522 3.552464 3.552464 3.552464 3.552464 3.552464 3.552464 3.552464 3.552464 3.552464 3.569522 3.569522 3.569522 3.569522 3.569522 3.569522 3.569522
1.249033 1.253691 3.66434 3.66434 3.66434 3.66434 3.66434 3.66434 3.66434 3.66434 3.66434 3.66434 3.144344 3.144344 3.144344 3.144344 3.144344 3.144344 3.573275 3.475569 3.673178 3.66434 3.646534 3.573275 3.395785 2.993064 2.993064 2.993064 2.993064 3.485492 3.485492 3.485492 3.485492 3.485492 3.302713 3.302713 3.302713 2.90341 2.90341 3.302713 2.674894 2.674894 2.674894 2.993064 2.993064 3.395785 3.485492 3.467596 3.467596 3.467596 3.467596 3.467596 3.467596 3.467596 3.467596 3.467596 3.485492 3.485492 3.485492 3.485492 3.485492 3.485492 3.485492
1.249033 3.66434 3.66434 3.66434 3.66434 3.66434 3.66434 3.66434 3.66434 3.66434 3.66434 3.144344 3.144344 3.144344 3.144344 3.144344 3.144344 3.144344 3.144344 3.66434 3.66434 3.66434 3.646534 3.573275 3.395785 3.302713 2.993064 2.993064 2.993064 3.485492 3.485492 2.993064 2.993064 2.993064 3.485492 3.302713 3.302713 2.90341 2.90341 2.993064 2.674894 2.674894 2.674894 2.993064 3.485492 3.485492 3.485492 3.467596 3.467596 3.467596 3.467596 3.467596 3.467596 3.467596 3.467596 3.467596 3.485492 3.485492 3.485492 3.485492 3.485492 3.485492 3.485492
3.475569 3.475569 3.573275 3.144344 3.144344 3.144344 3.144344 3.144344 3.66434 3.66434 3.144344 3.144344 3.144344 3.144344 3.144344 3.144344 3.144344 3.144344 3.144344 3.144344 3.229597 3.66434 3.646534 3.646534 3.302713 3.302713 2.993064 3.302713 3.302713 2.993064 2.993064 2.993064 2.993064 2.993064 2.993064 3.395785 3.302713 2.90341 2.90341 2.674894 2.674894 2.674894 2.674894 2.993064 3.485492 3.485492 3.485492 3.485492 3.467596 3.467596 3.467596 3.467596 3.467596 3.485492 3.485492 2.993064 2.993064 2.993064 3.485492 3.485492 3.485492 3.485492 3.485492
3.475569 3.475569 3.573275 3.573275 2.802145 3.144344 3.144344 3.144344 3.66434 3.144344 3.144344 3.144344 3.144344 3.144344 2.802145 2.802145 2.802145 2.802145 2.802145 3.144344 3.144344 3.144344 3.66434 3.66434 3.485492 3.395785 3.395785 2.90341 3.302713 3.302713 2.674894 2.674894 2.674894 2.993064 2.993064 3.395785 3.485492 2.90341 2.90341 2.674894 2.674894 2.674894 2.993064 2.993064 2.993064 2.993064 3.485492 3.485492 3.467596 3.467596 3.467596 3.467596 3.467596 3.467596 3.485492 2.993064 2.993064 2.993064 3.485492 3.485492 3.485492 3.485492 3.485492
3.475569 3.475569 3.573275 3.573275 3.144344 3.144344 3.144344 3.144344 3.144344 3.144344 2.802145 3.144344 3.144344 3.144344 2.802145 2.802145 2.802145 2.802145 2.802145 3.144344 3.144344 3.144344 3.66434 3.66434 3.485492 3.485492 3.485492 3.302713 3.302713 3.302713 2.674894 2.674894 2.674894 2.993064 3.485492 3.485492 3.485492 3.395785 3.395785 3.395785 2.993064 2.993064 2.993064 2.993064 3.485492 3.485492 2.993064 3.485492 3.485492 3.467596 3.467596 3.467596 3.467596 3.467596 3.485492 2.993064 2.993064 2.993064 3.485492 3.485492 3.485492 3.485492 3.485492
3.046657 3.646534 3.646534 3.475569 3.475569 3.475569 3.573275 3.475569 3.144344 2.802145 2.802145 3.144344 2.802145 2.802145 2.802145 2.802145 2.802145 2.802145 2.802145 3.144344 3.144344 3.144344 3.144344 3.66434 3.485492 3.485492 3.485492 3.395785 3.395785 3.395785 2.993064 2.993064 2.993064 2.993064 3.485492 3.485492 3.485492 3.485492 3.302713 3.302713 3.485492 3.485492 3.485492 3.485492 3.485492 3.485492 2.993064 3.485492 3.485492 3.485492 3.485492 3.485492 3.485492 3.485492 3.485492 3.485492 3.485492 3.485492 3.485492 3.485492 3.485492 3.485492 3.485492
3.046657 3.475569 3.475569 3.475569 3.046657 3.475569 3.475569 3.475569 3.046657 2.802145 2.802145 2.802145 2.802145 2.802145 2.802145 3.144344 3.144344 2.802145 2.802145 3.144344 3.144344 3.144344 3.144344 3.66434 3.485492 3.494144 3.494144 3.494144 3.395785 3.395785 3.395785 3.485492 3.485492 3.485492 3.485492 3.485492 3.485492 3.485492 3.302713 3.302713 3.485492 3.395785 3.395785 3.485492 3.485492 3.395785 3.395785 3.485492 3.485492 3.485492 3.485492 3.485492 3.485492 3.485492 3.485492 3.485492 3.485492 3.485492 3.485492 3.485492 3.485492 3.485492 3.485492
3.046657 3.475569 3.475569 3.046657 3.046657 3.046657 3.046657 3.475569 2.802145 2.802145 3.144344 3.144344 3.144344 2.802145 2.802145 3.144344 3.144344 3.144344 3.144344 3.144344 3.144344 3.144344 3.144344 3.66434 3.485492 3.485492 3.485492 3.485492 3.485492 3.395785 3.485492 3.485492 3.485492 3.485492 3.485492 3.395785 3.395785 3.302713 3.302713 3.302713 3.485492 3.485492 3.395785 3.485492 3.485492 3.485492 3.485492 3.485492 3.485492 3.485492 3.485492 3.485492 3.485492 3.485492 3.485492 3.485492 3.485492 3.485492 3.485492 3.485492 3.485492 3.485492 3.485492
3.046657 3.046657 3.046657 3.046657 3.475569 3.475569 3.475569 3.475569 3.475569 2.802145 3.144344 3.144344 3.144344 3.144344 2.802145 2.802145 3.144344 3.144344 3.144344 3.144344 3.144344 3.144344 3.66434 3.66434 3.485492 3.485492 3.485492 3.395785 3.395785 3.302713 3.302713 3.485492 3.485492 3.494144 3.494144 3.395785 3.395785 3.302713 3.302713 3.302713 3.302713 3.485492 3.485492 2.993064 3.485492 3.485492 2.993064 3.485492 3.485492 3.485492 3.485492 3.485492 3.485492 3.485492 3.485492 3.485492 3.485492 3.485492 3.485492 3.485492 3.485492 3.485492 3.485492
2.802145 2.802145 3.046657 3.046657 3.475569 3.475569 3.475569 3.475569 3.475569 3.144344 3.144344 3.144344 3.144344 2.802145 3.046657 3.046657 2.802145 3.144344 3.144344 3.144344 3.144344 3.66434 3.66434 3.66434 3.485492 3.485492 3.485492 3.395785 3.395785 3.395785 3.302713 3.395785 3.395785 3.494144 3.494144 3.395785 3.395785 3.302713 3.302713 3.302713 3.395785 3.302713 3.302713 2.993064 2.993064 2.993064 3.395785 3.395785 3.395785 3.485492 3.485492 2.993064 2.993064 3.485492 3.485492 3.302713 3.302713 3.485492 3.485492 3.485492 3.485492 3.485492 3.485492
2.802145 2.802145 2.802145 3.046657 3.046657 3.475569 3.475569 3.475569 3.475569 3.573275 3.144344 3.144344 3.144344 3.475569 3.046657 3.046657 3.144344 3.144344 3.144344 3.144344 3.144344 3.66434 3.66434 3.66434 3.485492 3.485492 3.485492 3.485492 3.302713 3.302713 3.302713 3.485492 3.485492 3.494144 3.485492 3.302713 3.302713 3.302713 3.302713 3.302713 3.302713 3.302713 3.302713 3.485492 3.485492 3.485492 3.395785 3.395785 3.395785 3.485492 3.302713 2.993064 2.993064 3.485492 3.485492 3.302713 3.302713 3.485492 3.485492 3.485492 3.485492 3.485492 3.485492
2.802145 2.802145 2.802145 3.046657 3.046657 3.046657 3.046657 3.046657 3.475569 3.144344 3.144344 3.144344 3.144344 3.475569 3.046657 3.573275 3.573275 3.66434 3.66434 3.66434 3.66434 3.66434 3.66434 3.573275 3.485492 3.485492 3.395785 3.395785 3.485492 3.485492 3.485492 3.302713 3.302713 3.302713 3.302713 3.302713 2.90341 2.90341 2.90341 2.90341 2.90341 3.302713 2.993064 2.993064 3.485492 3.485492 3.485492 3.485492 3.302713 3.485492 3.302713 3.485492 3.494144 3.395785 3.395785 3.395785 3.395785 3.395785 3.485492 3.485492 3.485492 3.485492 3.485492
