Export/ASCII/RMeteo_tot/pWGS84_1_net_infiltration_sum_tot.asc
ncols         660
nrows         338
xllcorner     1476100.0
yllcorner     5017100.0
cellsize      100
NODATA_value  -9999
[rows 216 to 242 of 338, columns 420 to 479 of 660]
2.1208315 2.130617 2.130617 2.0209951 2.0209951 2.0986533 2.0986533 3.0983067 2.0986533 3.784183 3.5484827 3.5484827 3.784183 3.784183 3.784183 3.784183 3.784183 3.784183 3.1740966 3.5484827 3.5484827 3.1740966 3.1740966 3.1740966 3.1740966 2.8267565 2.8267565 3.0983067 3.228744 3.0983067 3.0983067 3.5484827 3.5484827 3.784183 3.5484827 3.5484827 3.784183 3.784183 3.180145 3.180145 2.8267565 2.8267565 2.8267565 2.8267565 3.1740966 3.1740966 3.784183 3.784183 3.784183 2.8267565 2.1208315 2.1208315 2.0986533 2.0986533 2.0925453 2.0925453 2.0925453 2.0925453 2.0905936 2.0905936
2.1208315 2.1208315 2.130617 2.0209951 2.0209951 2.0209951 2.0986533 2.0986533 2.0986533 2.130617 3.5484827 3.5484827 3.784183 3.784183 3.784183 3.6676416 3.6676416 3.784183 3.1740966 3.1740966 3.1740966 3.1740966 3.1740966 3.1740966 3.5484827 3.5484827 3.0983067 3.0983067 3.228744 3.228744 3.0983067 3.0983067 3.5484827 3.5484827 3.5484827 3.5484827 3.784183 3.784183 3.180145 3.6676416 3.1740966 3.1740966 3.1740966 3.1740966 3.1740966 3.1740966 3.784183 3.784183 3.784183 3.228744 2.0986533 2.1208315 2.1208315 2.1208315 2.063187 0.0 0.0 0.0 2.0905936 2.0905936
3.6676416 2.1208315 2.130617 2.130617 2.130617 2.130617 2.0986533 2.0986533 2.130617 2.130617 2.0986533 2.0986533 3.784183 3.784183 3.784183 3.5484827 3.5484827 3.5484827 3.1740966 2.8267565 3.1740966 3.1740966 3.5484827 3.784183 3.784183 3.1740966 3.0983067 3.0983067 3.0983067 3.0983067 3.0983067 3.0983067 3.0983067 3.5484827 3.5484827 3.5484827 3.5484827 3.784183 3.784183 3.6676416 3.1740966 3.5484827 3.5484827 3.5484827 3.784183 3.784183 3.784183 3.784183 3.784183 3.228744 2.130617 2.1208315 2.1208315 2.1208315 2.0925453 2.0925453 0.0 0.0 0.0 2.0905936
3.7608955 2.1284544 2.130617 2.130617 2.130617 2.130617 2.130617 2.130617 2.130617 2.130617 2.0986533 2.130617 2.130617 2.130617 3.5484827 3.5484827 3.5484827 3.5484827 3.1740966 3.1740966 3.1740966 3.1740966 3.5484827 3.5484827 3.1740966 3.1740966 3.0983067 3.0983067 3.0983067 3.0983067 3.0983067 3.0983067 3.0983067 3.0983067 3.0983067 3.0983067 3.5484827 3.5484827 3.784183 3.5484827 3.5484827 3.5484827 3.5484827 3.5484827 3.784183 3.784183 3.784183 3.784183 3.784183 3.784183 3.228744 3.228744 3.228744 2.130617 2.0925453 2.0925453 0.0 0.0 0.0 3.1441195
3.2156305 2.1284544 2.1284544 2.130617 2.130617 2.130617 2.130617 2.130617 2.130617 2.130617 2.0986533 2.130617 2.130617 2.130617 2.0986533 2.0986533 3.5484827 3.5484827 3.1740966 3.1740966 3.1740966 3.1740966 3.1740966 3.1740966 2.8267565 3.1740966 3.5484827 3.5484827 3.0983067 3.0983067 3.0983067 3.0983067 3.0983067 3.0983067 3.0983067 3.5484827 3.5484827 3.5484827 3.784183 3.5484827 3.5484827 3.5484827 3.5484827 3.5484827 3.784183 3.7608955 3.784183 3.784183 3.784183 3.784183 3.228744 3.228744 3.228744 3.228744 2.0925453 2.0925453 0.0 0.0 0.0 3.1441195
2.1284544 2.1284544 3.7608955 3.784183 2.130617 2.130617 2.130617 2.130617 2.130617 2.0986533 2.0986533 2.130617 2.130617 2.130617 2.130617 2.0986533 2.0986533 3.5484827 3.784183 3.1740966 2.0209951 3.1740966 3.1740966 3.1740966 3.1740966 3.1740966 3.1740966 3.5484827 3.5484827 3.0983067 3.0983067 3.0983067 3.0983067 3.0983067 3.0983067 3.5484827 3.5484827 3.5484827 3.784183 3.784183 3.5484827 3.5484827 3.5484827 3.784183 3.7608955 3.7608955 3.7608955 3.784183 3.784183 3.784183 3.784183 3.228744 3.228744 3.228744 2.0925453 2.0925453 2.0925453 2.7745726 3.1441195 3.1441195
3.784183 3.784183 3.784183 3.784183 3.784183 3.228744 2.130617 2.130617 2.130617 2.0986533 2.0986533 2.130617 2.130617 2.130617 2.130617 2.130617 2.130617 2.130617 2.130617 2.130617 2.0209951 2.0209951 2.0209951 3.1740966 3.5484827 3.5484827 3.5484827 3.5484827 3.1740966 3.0983067 3.0983067 3.0983067 3.0983067 3.0983067 3.0983067 3.5484827 3.1740966 3.1740966 3.784183 3.784183 3.784183 3.784183 3.784183 3.7608955 3.7608955 3.7608955 3.7608955 3.784183 3.784183 3.784183 3.784183 3.228744 3.228744 3.228744 2.0925453 2.0925453 2.0925453 2.0925453 3.1441195 3.1441195
3.784183 3.784183 3.784183 3.784183 3.784183 3.228744 3.228744 2.130617 2.0986533 2.0986533 2.130617 2.130617 2.130617 2.130617 2.130617 2.130617 2.130617 2.130617 2.130617 2.130617 2.0209951 2.0209951 2.130617 2.130617 3.784183 3.5484827 3.5484827 2.8267565 2.8267565 2.8267565 3.0983067 3.0983067 3.0983067 3.0983067 3.0983067 3.5484827 3.5484827 3.1740966 3.784183 3.784183 3.784183 3.784183 3.784183 3.7608955 3.7608955 3.7608955 3.784183 3.784183 3.784183 3.784183 3.784183 3.784183 3.228744 3.228744 2.0925453 2.0925453 2.0925453 2.0925453 0.0 0.0
3.784183 3.784183 3.784183 3.784183 3.228744 3.228744 3.228744 3.228744 2.0986533 2.0986533 2.130617 2.130617 2.130617 2.130617 2.130617 2.130617 2.130617 2.130617 2.130617 2.130617 2.0209951 2.0209951 2.0209951 2.130617 2.0986533 3.5484827 3.0983067 2.8267565 2.8267565 2.8267565 3.0983067 3.0983067 3.0983067 3.0983067 3.0983067 3.0983067 3.5484827 3.1740966 3.784183 3.784183 3.784183 3.784183 3.784183 3.784183 3.784183 3.784183 3.784183 3.784183 3.784183 3.784183 3.784183 3.784183 3.228744 3.228744 2.0925453 2.0925453 2.0925453 2.0925453 1.8716662 0.0
3.784183 3.784183 3.784183 3.784183 3.228744 3.228744 3.228744 3.0983067 3.0983067 2.130617 2.130617 2.130617 2.130617 2.130617 2.130617 2.130617 2.130617 2.130617 2.130617 2.130617 2.0209951 2.0209951 2.8267565 2.0209951 2.0209951 3.0983067 3.0983067 2.8267565 2.8267565 2.8267565 2.8267565 3.0983067 3.0983067 3.0983067 3.0983067 3.0983067 3.228744 3.784183 3.784183 3.784183 3.784183 3.784183 3.784183 3.784183 3.784183 3.784183 3.784183 3.784183 3.784183 3.784183 3.784183 3.784183 3.784183 3.784183 3.1549773 2.0925453 2.0925453 2.0925453 2.0925453 2.0925453
3.5484827 3.5484827 3.5484827 3.228744 2.8446243 0.0 3.0983067 3.0983067 3.228744 3.180145 2.130617 2.130617 2.130617 2.130617 2.130617 2.130617 2.130617 2.130617 2.130617 2.130617 2.130617 2.0209951 2.8267565 2.0209951 2.8267565 3.0983067 3.0983067 3.0983067 2.8267565 2.8267565 2.8267565 2.8267565 2.8267565 3.2287447 3.2287447 3.2287447 3.2287447 0.0 3.228744 3.784183 3.5484827 3.2287447 3.784183 3.784183 3.784183 3.784183 3.784183 3.784183 3.784183 3.784183 3.784183 3.784183 3.784183 3.784183 3.1549773 2.0925453 2.0925453 2.0925453 2.0925453 2.0925453
3.0983067 3.5484827 3.5484827 3.2287447 0.0 3.2287447 3.0983067 3.0983067 3.180145 3.180145 2.1208315 2.130617 2.130617 2.130617 2.130617 2.130617 2.130617 2.130617 2.130617 2.130617 2.130617 2.0209951 2.8267565 2.8267565 2.0209951 2.0986533 2.0986533 3.0983067 3.0983067 2.8267565 2.8267565 2.8267565 2.8267565 3.2287447 3.2287447 3.2287447 2.8267565 0.0 3.228744 3.2287447 3.0983067 3.0983067 3.784183 3.784183 3.784183 3.784183 3.784183 3.784183 3.784183 3.784183 3.784183 3.784183 3.784183 3.784183 3.1549773 2.0925453 2.0925453 2.0925453 2.0925453 2.0925453
3.0983067 3.5484827 3.784183 3.2287447 3.2287447 3.0983067 3.0983067 0.0 3.180145 3.180145 3.180145 2.1284544 2.130617 2.130617 2.130617 2.130617 2.130617 2.130617 2.130617 2.130617 2.130617 2.0209951 2.0209951 2.0209951 2.0209951 2.0209951 2.0986533 2.0986533 2.8267565 2.8267565 2.8267565 2.8267565 2.8267565 2.8267565 2.8267565 2.8267565 2.8267565 2.8267565 3.2287447 2.8267565 3.0983067 3.0983067 3.2287447 3.0983067 3.5484827 3.228744 3.0983067 3.0983067 3.0983067 3.228744 3.784183 3.784183 3.784183 3.228744 3.1549773 2.7754467 2.0925453 2.0925453 2.0925453 2.0925453
3.0983067 3.5484827 3.784183 3.2287447 3.0983067 3.0983067 0.0 0.0 3.180145 3.180145 2.8267565 2.8267565 2.0209951 2.130617 2.130617 2.130617 2.130617 2.130617 2.130617 2.130617 2.1208315 2.1208315 2.0209951 2.0209951 2.8267565 2.8267565 2.0209951 2.0209951 2.0986533 2.8267565 2.8267565 2.8267565 2.8267565 2.8267565 2.8267565 2.8267565 2.8267565 2.8267565 2.8267565 2.8267565 3.2287447 3.2287447 3.2287447 3.2287447 3.180145 3.2287447 3.0983067 3.0983067 3.0983067 3.0983067 3.228744 3.784183 3.784183 3.784183 2.7754467 2.7754467 2.0925453 2.0925453 2.0925453 2.0925453
3.0983067 3.5484827 3.784183 3.5484827 3.0983067 3.0983067 0.0 0.0 0.0 3.2156305 2.8267565 2.8267565 2.0209951 2.0209951 2.0209951 2.0209951 2.0209951 2.0209951 2.0209951 2.0209951 2.1208315 2.8267565 2.0209951 2.8267565 2.8267565 2.8267565 2.8267565 2.0209951 3.1740966 3.2287447 2.8267565 2.8267565 2.8267565 2.8267565 2.8267565 2.8267565 2.8267565 2.8267565 2.8267565 2.8267565 2.8267565 3.180145 3.2287447 3.2287447 3.180145 3.0983067 3.2287447 3.0983067 3.0983067 3.0983067 3.0983067 3.5484827 3.5484827 3.5484827 3.1549773 3.1549773 3.1549773 3.1549773 2.0925453 2.0925453
3.5484827 3.5484827 3.5484827 3.5484827 3.5484827 2.8446243 2.8446243 3.2156305 3.2156305 3.2156305 2.8267565 2.8267565 2.8267565 2.8267565 2.8267565 2.0209951 2.0209951 2.0209951 2.0209951 2.0209951 2.8267565 2.8267565 2.8267565 2.8267565 2.8267565 2.8267565 2.8267565 2.0209951 3.1740966 3.1740966 3.2287447 3.2287447 2.8267565 2.8267565 2.8267565 2.8267565 2.8267565 2.8267565 2.8267565 2.8267565 2.8267565 3.2287447 3.2287447 3.2287447 3.2287447 3.0983067 3.2287447 3.2287447 3.0983067 3.0983067 3.0983067 3.5484827 3.5484827 3.5484827 3.664937 3.1549773 3.1549773 3.1549773 3.1549773 3.1549773
3.5484827 3.5484827 3.5484827 3.5484827 3.784183 3.3560095 2.8446243 3.2156305 3.2156305 3.2156305 2.8267565 2.8267565 2.8267565 2.8267565 2.8267565 2.8267565 2.8267565 2.0209951 2.0209951 2.8267565 2.8267565 2.8267565 2.8267565 2.8267565 2.8267565 2.8267565 2.8267565 2.8267565 2.0209951 3.784183 3.784183 3.180145 3.5484827 3.1740966 3.1740966 2.8267565 2.8267565 2.8267565 2.8267565 2.8267565 2.8267565 3.2287447 3.2287447 2.8267565 3.2287447 3.2287447 3.2287447 2.8267565 3.0983067 3.0983067 3.0983067 3.5484827 3.5484827 3.5484827 3.664937 3.664937 3.1549773 3.1549773 3.1549773 3.1549773
3.5484827 3.5484827 3.5484827 3.5484827 3.784183 3.3560095 3.3560095 3.2156305 3.2156305 3.2156305 2.8267565 2.8267565 2.8267565 2.8267565 2.8267565 2.8267565 2.8267565 2.8267565 2.8267565 2.8267565 2.8267565 2.8267565 2.8267565 2.8267565 2.8267565 2.8267565 2.8267565 2.8267565 2.0209951 2.0209951 3.1740966 3.784183 3.6676416 3.6676416 3.1740966 3.1740966 2.8267565 2.8267565 2.8267565 3.0983067 3.0983067 2.8267565 2.8267565 2.8267565 3.2287447 3.2287447 3.2287447 3.2287447 3.2287447 3.0983067 3.0983067 3.5484827 3.5484827 3.784183 3.564475 3.664937 3.1549773 3.1549773 3.1549773 3.1549773
3.0983067 3.0983067 3.0983067 3.784183 3.784183 3.784183 3.784183 3.784183 3.228744 3.2156305 3.180145 3.180145 2.8267565 2.8267565 2.8267565 2.8267565 2.8267565 2.8267565 2.8267565 2.8267565 2.8267565 2.8267565 2.8267565 2.8267565 2.8267565 2.8267565 2.0209951 2.8267565 2.8267565 2.0209951 3.1740966 3.784183 3.784183 3.6676416 3.6676416 3.6676416 3.1740966 2.8267565 2.8267565 3.0983067 3.0983067 2.8267565 2.8267565 3.2287447 3.2287447 3.2287447 3.2287447 3.2287447 3.2287447 3.2287447 3.0983067 2.8446243 3.784183 3.5484827 3.564475 3.564475 3.664937 3.1549773 3.1549773 3.1549773
2.9995863 2.9995863 3.078714 3.121013 3.121013 3.6283324 3.6283324 3.4237835 3.4237835 2.9995863 3.078714 3.078714 2.7486866 2.7486866 2.7486866 2.7486866 2.7486866 2.7486866 2.7486866 2.7486866 2.7486866 2.7486866 2.7486866 2.7486866 2.7486866 2.7486866 2.0545382 1.9845606 1.9845606 1.9845606 1.9845606 3.6283324 3.6283324 3.5291102 3.5291102 3.4237835 3.0822618 2.7486866 3.121013 2.9995863 3.121013 2.7486866 2.7486866 3.121013 3.121013 3.121013 3.121013 2.7486866 2.7486866 3.121013 3.121013 2.7370834 3.121013 3.121013 3.314172 3.4130738 3.5067172 3.039843 3.039843 3.039843
3.121013 2.9995863 2.9995863 3.121013 3.121013 3.121013 2.9995863 3.4237835 3.4237835 2.9995863 2.9995863 2.7486866 2.7486866 2.7486866 2.7486866 2.7486866 2.7486866 2.7486866 2.7486866 2.7486866 2.7486866 2.7486866 2.7486866 2.7486866 2.7486866 2.0545382 2.0545382 2.0545382 2.0545382 2.0545382 2.0845802 2.0845802 3.6283324 3.6283324 3.6283324 3.6283324 3.4237835 3.4237835 2.7486866 2.9995863 3.121013 3.121013 2.9995863 3.121013 3.121013 3.121013 2.7486866 2.7486866 2.7486866 2.7486866 3.121013 3.121013 3.121013 3.121013 3.314172 3.4130738 3.4130738 2.9949844 3.039843 3.039843
3.121013 2.9995863 2.9995863 3.121013 3.121013 2.9995863 2.9995863 2.9995863 2.9995863 2.9995863 2.7486866 2.9995863 2.7486866 2.7486866 2.7486866 2.7486866 2.7486866 2.7486866 2.7486866 2.7486866 2.7486866 2.7486866 2.7486866 2.7486866 2.7486866 2.0545382 2.0545382 2.0545382 2.0545382 2.0545382 1.9845606 2.0845802 2.0845802 3.6283324 3.6283324 3.6283324 3.4237835 3.4237835 3.4237835 2.9995863 2.7486866 2.7486866 2.7486866 2.9995863 2.9995863 2.7486866 2.7486866 2.7486866 2.9995863 2.9995863 2.7486866 3.121013 3.121013 3.121013 3.039843 3.5067172 3.4130738 3.4130738 3.039843 3.039843
3.121013 2.9995863 2.9995863 3.121013 3.121013 2.9995863 2.9995863 2.9995863 3.4237835 2.7486866 2.7486866 2.9995863 2.9995863 2.9995863 2.9995863 2.7486866 2.7486866 2.7486866 2.7486866 2.7486866 2.7486866 2.7486866 2.7486866 2.7486866 2.7486866 1.9845606 2.0545382 2.9995863 2.0545382 2.0545382 2.0545382 2.0845802 2.0845802 3.6283324 3.6283324 3.6283324 3.6283324 3.4237835 3.4237835 3.5291102 2.7486866 2.7486866 2.7486866 2.9995863 3.121013 2.7486866 2.7486866 2.7486866 2.9995863 2.9995863 2.9995863 2.7486866 3.121013 3.121013 3.039843 3.5067172 3.5067172 3.5067172 2.6809473 2.6809473
3.121013 2.9995863 3.121013 3.121013 3.121013 2.9995863 2.9995863 2.9995863 2.9995863 2.7486866 2.7486866 2.9995863 2.9995863 2.9995863 2.9995863 2.9995863 2.7486866 2.7486866 2.7486866 2.7486866 2.7486866 2.7486866 2.7486866 2.7486866 2.7486866 2.7486866 2.9995863 2.9995863 2.9995863 2.9995863 2.0545382 2.0845802 2.0845802 2.0845802 3.6283324 3.6283324 3.6283324 3.6283324 3.4237835 3.0822618 2.7486866 2.7486866 2.7486866 2.7486866 2.7486866 3.121013 3.121013 2.7486866 2.7486866 2.9995863 2.7486866 2.7486866 2.7486866 3.121013 3.039843 3.4130738 3.4130738 3.5067172 2.9907308 2.6809473
3.6283324 3.4237835 3.121013 3.121013 3.121013 3.121013 3.121013 3.4237835 3.4237835 2.9995863 2.7486866 2.9995863 2.9995863 2.9995863 2.9995863 2.9995863 2.9995863 2.7486866 2.7486866 2.7486866 2.7486866 2.7486866 2.7486866 2.7486866 2.7486866 2.7486866 2.9995863 2.9995863 2.9995863 2.9995863 2.0545382 2.0845802 2.0845802 2.0845802 2.0845802 3.6283324 3.6283324 3.6283324 3.4237835 3.4237835 3.0822618 2.7486866 2.7486866 2.7486866 2.7486866 2.7486866 2.7486866 2.7486866 2.7486866 2.9995863 2.9995863 2.7486866 2.7486866 2.7486866 2.6809473 3.4130738 3.4130738 3.4130738 3.5067172 2.9949844
3.6283324 3.4237835 3.6283324 3.121013 3.121013 3.121013 3.6283324 3.4237835 3.4237835 3.4237835 3.4237835 3.5291102 3.4237835 2.9995863 2.9995863 2.9995863 2.9995863 2.9995863 2.7486866 2.7486866 2.7486866 2.7486866 2.7486866 2.7486866 3.078714 3.078714 2.9995863 2.9995863 2.9995863 2.9995863 2.0545382 2.0545382 2.0845802 2.0845802 2.0845802 2.0845802 3.6283324 3.6283324 3.6283324 3.4237835 3.4237835 2.7486866 2.7486866 2.7486866 2.7486866 2.7486866 2.7486866 2.7486866 2.7486866 2.9995863 2.9995863 2.9995863 2.7486866 2.7486866 2.6809473 2.6809473 2.6809473 2.9907308 2.9949844 2.9949844
3.4237835 3.4237835 3.6283324 3.6283324 3.6283324 3.6283324 3.6283324 3.6283324 3.6283324 3.6283324 3.5291102 3.5291102 3.4237835 2.9995863 2.9995863 2.9995863 2.9995863 2.9995863 2.7486866 2.7486866 2.7486866 2.7486866 2.7486866 2.7486866 3.121013 3.078714 3.078714 2.9995863 2.9995863 2.9995863 2.0845802 2.0845802 2.0845802 2.0845802 2.0845802 2.0845802 2.0845802 3.6283324 3.6283324 3.4237835 3.4237835 3.078714 2.7486866 2.7486866 2.7486866 2.7486866 2.7486866 2.7486866 2.7486866 2.9995863 2.9995863 2.9995863 2.7486866 2.9995863 2.9208846 2.6809473 2.6809473 2.6809473 2.6809473 2.6809473
