Export/ASCII/RMeteo_tot/pWGS84_1_net_infiltration_sum_tot.asc
ncols         660
nrows         338
xllcorner     1476100.0
yllcorner     5017100.0
cellsize      100
NODATA_value  -9999
[rows 216 to 242 of 338, columns 360 to 419 of 660]
2.148826 2.1838162 2.1838162 2.1838162 2.1838162 2.1838162 2.148826 3.192811 3.192811 3.3433373 2.148826 2.148826 3.192811 3.192811 3.192811 3.192811 3.192811 3.192811 3.3433373 3.3433373 3.2844157 3.192811 3.2844157 2.1716166 2.1716166 2.148826 2.1838162 2.1838162 2.1838162 2.1838162 2.1838162 2.1838162 2.148826 2.148826 3.3433373 3.3433373 3.228744 3.228744 2.8267565 2.8267565 3.180145 3.2287447 3.2287447 3.2287447 3.228744 3.228744 3.228744 3.228744 3.228744 3.784183 3.784183 3.784183 3.784183 3.784183 3.784183 3.784183 3.784183 2.130617 2.130617 2.1208315
2.1716166 2.1838162 2.1838162 2.1838162 2.1838162 2.148826 2.148826 3.192811 3.192811 3.3433373 2.148826 3.192811 3.192811 3.192811 3.192811 3.192811 3.192811 3.192811 3.192811 3.192811 3.192811 3.3433373 3.3433373 2.1716166 2.1716166 2.148826 2.1838162 2.1838162 2.1838162 2.1838162 2.1838162 2.1838162 2.1838162 2.1838162 3.3433373 3.3433373 3.228744 3.228744 2.8267565 2.0209951 2.8267565 0.0 3.2287447 3.2287447 3.228744 3.0983067 3.0983067 3.228744 3.228744 3.784183 3.784183 3.784183 3.784183 3.784183 3.784183 3.784183 3.784183 3.784183 2.130617 2.1208315
2.1838162 2.1838162 2.1838162 2.1838162 2.148826 2.148826 2.148826 3.192811 3.192811 3.192811 2.148826 3.192811 3.192811 3.192811 3.192811 3.192811 3.192811 3.192811 3.192811 3.192811 3.192811 3.2844157 3.3433373 2.1838162 2.148826 2.148826 2.1838162 2.1838162 2.1838162 2.1838162 2.1838162 2.1838162 2.1838162 2.1838162 3.3433373 3.3433373 3.228744 3.228744 3.228744 3.180145 3.180145 2.0986533 2.0986533 2.0986533 2.0986533 2.0986533 2.8446243 3.228744 2.130617 3.784183 3.784183 3.784183 3.784183 3.784183 3.784183 3.784183 3.784183 3.784183 3.7608955 3.7608955
2.1838162 2.1838162 2.1838162 2.1838162 2.148826 2.148826 0.0 3.192811 3.192811 3.192811 2.148826 2.148826 3.192811 3.192811 3.192811 3.192811 3.192811 3.192811 3.192811 3.192811 3.2844157 3.2844157 3.3433373 2.0632532 2.0632532 2.0632532 2.1838162 2.1838162 2.1838162 2.1838162 2.1838162 2.1838162 2.1838162 2.1838162 2.1838162 2.1838162 3.228744 3.228744 3.180145 3.180145 2.1208315 2.0986533 2.0986533 2.0986533 2.0986533 1.9053085 2.130617 2.130617 2.130617 3.784183 3.784183 3.784183 3.784183 3.784183 3.784183 3.784183 3.784183 3.784183 3.7608955 3.7608955
2.1838162 2.1838162 2.1838162 2.1838162 2.1838162 2.1838162 3.3433373 3.2844157 3.192811 3.192811 2.1838162 2.148826 3.192811 3.192811 3.192811 3.192811 3.192811 3.192811 3.192811 3.192811 3.2844157 2.8894348 2.8894348 2.0632532 2.0632532 2.0632532 2.0632532 2.1838162 2.1838162 2.1838162 2.1838162 2.1838162 2.1838162 2.1838162 2.1838162 2.1838162 3.228744 3.228744 3.228744 2.8267565 2.0209951 2.0986533 2.0986533 1.9053085 2.130617 2.130617 2.130617 2.130617 2.130617 3.784183 3.784183 3.784183 3.784183 3.784183 3.784183 3.784183 3.784183 3.7608955 3.7608955 3.2156305
2.0632532 2.1838162 2.1838162 2.1838162 2.1838162 3.3433373 3.3433373 3.2844157 3.2844157 3.3433373 2.1838162 2.148826 3.192811 3.192811 3.192811 3.192811 3.192811 3.192811 3.192811 3.192811 3.2844157 2.8894348 2.8894348 2.1838162 2.0632532 2.0632532 2.1838162 2.1838162 2.1838162 2.1838162 2.1838162 2.1838162 2.1838162 2.1838162 2.1838162 2.1838162 3.228744 3.228744 3.228744 2.8267565 2.0209951 2.130617 2.130617 1.9053085 2.130617 2.130617 2.130617 2.130617 3.784183 3.784183 3.784183 3.784183 3.784183 3.784183 3.784183 3.784183 3.7608955 3.7608955 3.7608955 3.7608955
2.0632532 2.0632532 2.1838162 2.1838162 2.1838162 3.3433373 3.3433373 3.3433373 3.3433373 3.3433373 2.1838162 2.148826 3.192811 3.192811 3.192811 3.192811 2.8894348 2.8894348 2.8894348 2.8894348 3.2844157 2.8894348 2.8894348 2.1838162 2.1838162 2.1838162 2.1838162 2.1838162 2.1838162 2.1838162 2.1838162 2.1838162 2.1838162 2.1838162 2.1838162 2.1838162 3.228744 3.228744 3.228744 2.130617 2.130617 2.130617 2.130617 2.1208315 2.130617 2.130617 2.130617 2.130617 3.784183 3.784183 3.784183 3.784183 3.784183 3.5484827 3.5484827 3.784183 3.784183 3.784183 3.784183 3.784183
2.0632532 2.0632532 2.1838162 2.1838162 2.1838162 3.3433373 3.3433373 3.3433373 3.3433373 2.1838162 2.1838162 2.148826 3.192811 3.192811 3.192811 3.192811 2.8894348 2.8894348 2.8894348 3.2844157 3.2844157 3.2844157 3.3433373 2.1838162 2.1838162 2.1838162 2.1838162 2.1838162 2.1838162 2.1838162 2.1838162 2.1838162 2.1838162 2.1838162 2.1838162 2.1838162 3.228744 3.228744 2.130617 2.130617 2.130617 2.130617 2.0209951 2.0209951 2.130617 2.130617 2.130617 2.130617 3.784183 3.784183 3.784183 3.1740966 3.1740966 3.784183 3.784183 3.784183 3.784183 3.784183 3.784183 3.784183
2.0632532 2.0632532 2.1838162 2.1838162 3.3433373 3.3433373 3.3433373 3.3433373 3.3433373 2.1838162 2.1838162 2.148826 3.192811 2.8894348 3.192811 3.192811 2.8894348 2.8894348 2.8894348 3.2844157 3.2844157 3.2844157 3.3433373 3.3433373 2.1838162 2.1838162 2.1838162 2.1838162 2.1838162 2.1838162 2.1838162 2.1838162 2.1838162 2.1838162 2.1838162 2.1838162 3.228744 3.228744 2.130617 2.130617 2.130617 2.130617 2.0209951 2.0209951 2.1312773 2.1312773 2.130617 2.130617 3.784183 3.784183 3.784183 3.1740966 3.1740966 3.784183 3.784183 3.784183 3.784183 3.784183 3.784183 3.784183
2.0632532 2.148826 2.148826 2.148826 3.3433373 3.3433373 3.3433373 3.3433373 3.3433373 3.3433373 2.148826 3.192811 3.192811 3.192811 3.192811 3.192811 2.8894348 2.8894348 3.2844157 3.2844157 3.2844157 3.3433373 3.3433373 3.3433373 2.1838162 2.1838162 2.1838162 2.1838162 2.1716166 2.1716166 2.1838162 2.1838162 2.1838162 2.1838162 2.1838162 2.1838162 3.228744 3.228744 2.0209951 2.130617 2.130617 2.130617 2.0209951 2.0209951 2.1312773 2.1312773 2.130617 2.130617 2.130617 3.784183 3.784183 3.784183 3.784183 3.784183 3.784183 3.784183 3.784183 3.784183 3.784183 3.784183
2.0632532 2.148826 2.148826 3.192811 3.192811 3.192811 3.192811 3.192811 3.3433373 3.3433373 2.148826 3.192811 3.192811 3.192811 3.192811 3.192811 3.2844157 3.2844157 3.2844157 3.3433373 3.3433373 3.3433373 3.3433373 3.3433373 2.1838162 2.1838162 2.1838162 2.1838162 2.1716166 2.1716166 2.1838162 2.1838162 2.1838162 2.1838162 2.1838162 3.3433373 2.1208315 2.0209951 2.0209951 2.0209951 2.0209951 2.0209951 2.0209951 2.0209951 2.0209951 2.1312773 2.130617 2.130617 2.130617 3.784183 3.784183 3.784183 3.784183 3.784183 3.784183 3.784183 3.784183 3.784183 3.5484827 3.5484827
2.0632532 2.0632532 2.148826 3.3433373 3.192811 3.192811 3.192811 3.192811 3.3433373 3.3433373 2.148826 3.192811 3.192811 3.192811 3.192811 2.8894348 3.2844157 3.2844157 3.2844157 3.3433373 3.3433373 3.3433373 3.3433373 3.3433373 2.1838162 2.1838162 2.1838162 2.1838162 2.1716166 2.1716166 2.1838162 2.1838162 2.1838162 2.1838162 2.1838162 2.1716166 2.0209951 2.0209951 2.0209951 2.0209951 2.0209951 2.8267565 2.0209951 2.1312773 2.0209951 2.0209951 2.130617 2.130617 2.130617 3.784183 3.784183 3.784183 3.784183 3.784183 3.784183 3.5484827 3.5484827 3.5484827 3.0983067 3.0983067
2.0632532 2.148826 2.148826 3.3433373 3.192811 3.192811 3.192811 3.192811 3.3433373 2.0632532 2.0632532 3.192811 3.192811 3.192811 3.192811 3.192811 3.3433373 3.3433373 3.3433373 3.3433373 3.3433373 3.3433373 3.3433373 3.3433373 2.1838162 2.1838162 2.1838162 2.1838162 2.1838162 2.1838162 2.1838162 2.1838162 2.1838162 2.1838162 2.1838162 2.1716166 2.0209951 2.0209951 2.0209951 2.0209951 2.0209951 2.0209951 2.0209951 2.130617 2.130617 2.130617 2.130617 2.130617 2.130617 3.784183 3.784183 3.784183 3.784183 3.784183 3.784183 3.784183 3.5484827 3.0983067 3.0983067 3.0983067
2.0632532 2.148826 3.192811 3.3433373 3.3433373 3.3433373 3.3433373 3.3433373 3.3433373 2.0632532 2.0632532 3.192811 3.192811 3.192811 3.192811 3.192811 3.3433373 3.3433373 3.3433373 3.3433373 3.192811 3.192811 3.3433373 3.3433373 2.1838162 2.1838162 2.1838162 2.1838162 2.1838162 2.1838162 2.1838162 2.1838162 2.1838162 2.1838162 2.1838162 2.0632532 2.0209951 2.0209951 2.0209951 2.0209951 2.1208315 2.0209951 2.0209951 2.130617 2.130617 2.130617 2.130617 2.130617 2.130617 3.784183 3.784183 3.784183 3.784183 3.784183 3.784183 3.784183 3.5484827 3.0983067 3.5484827 3.0983067
3.6357617 2.148826 3.192811 3.192811 3.3433373 3.3433373 3.3433373 3.3433373 2.1838162 2.0632532 3.192811 3.192811 3.192811 3.192811 3.192811 3.2844157 3.3433373 3.3433373 3.192811 3.192811 3.192811 3.192811 3.192811 3.3433373 2.1838162 2.1838162 2.1838162 2.1838162 2.1838162 2.1838162 2.1838162 2.1838162 2.1838162 2.1838162 2.1838162 3.3433373 2.0209951 2.0209951 2.0986533 2.1208315 2.1208315 2.0209951 2.0209951 2.130617 2.130617 2.130617 2.130617 2.130617 2.130617 3.784183 3.784183 3.784183 3.784183 3.784183 3.784183 3.784183 3.784183 3.228744 3.784183 3.0983067
3.6357617 3.192811 3.192811 3.192811 2.8894348 2.8894348 2.8894348 3.3433373 2.1838162 2.1838162 2.148826 3.192811 3.192811 3.2844157 3.2844157 3.2844157 3.2844157 3.2844157 3.192811 3.192811 3.192811 3.192811 3.192811 3.2844157 2.1838162 2.1838162 2.1838162 2.1838162 2.1838162 2.1838162 2.1838162 2.1838162 2.1838162 3.3433373 3.3433373 3.3433373 2.130617 2.0986533 3.0983067 2.0986533 2.1208315 2.130617 2.1208315 2.1208315 2.1208315 2.130617 2.130617 2.130617 3.784183 3.784183 3.784183 3.6676416 3.6676416 3.784183 3.784183 3.784183 3.228744 3.228744 3.1740966 3.0983067
3.6357617 3.192811 3.192811 2.8894348 2.8894348 2.8894348 2.8894348 3.3433373 2.1838162 2.1838162 2.1838162 3.3433373 3.3433373 3.2844157 3.2844157 3.3433373 3.2844157 3.2844157 3.192811 3.192811 3.192811 3.192811 3.192811 3.2844157 2.171617 2.1838162 2.1838162 2.1838162 2.1838162 2.1838162 2.1838162 3.3433373 3.3433373 3.3433373 3.3433373 3.3433373 3.180145 3.0983067 3.0983067 2.0986533 2.0986533 2.130617 2.1208315 2.1208315 2.1208315 2.130617 2.130617 2.130617 3.784183 3.784183 3.784183 3.6676416 3.6676416 3.784183 3.784183 3.784183 3.228744 3.0983067 3.0983067 3.0983067
3.6357617 3.192811 3.192811 3.192811 3.192811 3.192811 3.3433373 3.3433373 2.171617 2.171617 3.3433373 3.3433373 3.3433373 3.3433373 3.2844157 3.3433373 3.3433373 3.3433373 3.3433373 3.192811 3.192811 3.192811 3.192811 3.2844157 2.1838162 2.1838162 2.1838162 2.1838162 2.1838162 2.1838162 2.1838162 3.3433373 3.3433373 3.3433373 3.3433373 3.3433373 3.228744 2.0986533 2.0986533 2.0986533 2.0986533 2.0209951 2.0209951 2.130617 2.130617 2.130617 2.130617 2.130617 3.784183 3.784183 3.784183 3.6676416 3.6676416 3.784183 3.784183 3.784183 3.228744 3.0983067 3.0983067 3.0983067
3.192811 3.192811 3.192811 3.192811 3.192811 3.192811 3.3433373 3.3433373 2.171617 2.0632532 3.3433373 3.3433373 3.3433373 3.192811 3.192811 3.3433373 3.3433373 3.3433373 3.3433373 3.3433373 3.192811 3.192811 3.192811 2.1838162 2.1838162 2.1838162 2.1838162 2.1838162 2.1838162 2.1838162 2.1838162 3.3433373 3.3433373 3.3433373 3.3433373 3.3433373 3.228744 2.130617 2.130617 2.130617 2.0209951 2.0209951 2.0209951 2.0209951 2.130617 2.130617 2.130617 2.130617 2.130617 3.784183 3.784183 3.6676416 3.6676416 3.784183 3.784183 3.228744 3.228744 3.0983067 3.0983067 3.0983067
3.0976543 3.0976543 3.0976543 3.0976543 3.0976543 3.0976543 3.0976543 3.176573 2.1366518 2.0399508 3.2223542 3.2223542 3.0976543 3.0976543 3.0976543 3.2223542 3.2223542 3.2223542 3.2223542 3.2223542 3.2223542 3.2223542 3.2223542 2.147458 2.147458 2.147458 2.147458 2.147458 2.147458 2.147458 2.147458 3.2223542 3.2223542 3.2223542 3.2223542 3.2223542 3.121013 2.0845802 2.075414 2.075414 2.075414 1.9845606 1.9845606 1.9845606 2.0845802 2.0845802 2.0845802 2.0845802 2.0845802 3.6283324 3.6283324 3.6283324 3.6283324 3.6283324 3.121013 3.121013 3.121013 3.121013 2.9995863 2.9995863
3.0976543 2.8229494 2.8229494 3.0976543 3.0976543 3.0976543 3.0976543 2.1366513 1.911244 2.8229494 2.8229494 3.0976543 3.0976543 2.8229494 3.0976543 3.2223542 3.2223542 3.2223542 3.2223542 3.2223542 3.2223542 3.2223542 3.2223542 3.2223542 2.147458 2.147458 2.147458 2.147458 2.147458 2.147458 2.147458 3.2223542 3.2223542 3.2223542 3.2223542 3.2223542 3.078714 2.075414 2.075414 3.078714 2.075414 2.075414 2.0845802 2.0545382 2.0545382 2.0845802 2.0545382 2.0845802 2.0845802 2.0845802 3.6283324 3.6283324 3.6283324 3.6283324 3.121013 3.121013 3.121013 3.121013 3.121013 3.121013
3.0976543 3.0976543 2.8229494 3.0976543 3.0976543 3.0976543 3.0976543 1.911244 3.176573 3.176573 3.0976543 3.0976543 2.8229494 2.8229494 2.8229494 3.2223542 3.2223542 3.2223542 3.2223542 3.2223542 3.2223542 3.2223542 3.2223542 3.2223542 2.147458 2.147458 2.147458 2.147458 2.147458 2.147458 2.147458 3.2223542 3.2223542 3.2223542 3.2223542 3.2223542 3.078714 3.078714 3.078714 3.078714 3.078714 2.075414 1.9845606 2.0545382 2.0545382 2.0545382 2.0545382 2.0545382 2.0845802 2.0845802 3.6283324 3.6283324 3.6283324 3.121013 3.121013 3.121013 3.121013 3.121013 3.078714 3.121013
3.0976543 3.0976543 3.0976543 3.0976543 3.0976543 3.0976543 2.8362088 2.114825 3.0976543 3.0976543 3.0976543 2.8229494 2.8229494 2.8229494 2.8229494 3.2223542 3.2223542 3.2223542 3.2223542 3.2223542 3.2223542 3.2223542 3.2223542 3.2223542 3.2223542 2.147458 2.147458 2.147458 2.147458 2.147458 2.147458 2.147458 3.2223542 3.2223542 3.2223542 3.2223542 3.121013 3.078714 3.078714 3.078714 3.078714 2.075414 2.0545382 2.9995863 2.9995863 2.9995863 2.9995863 2.0545382 2.0845802 3.078714 3.5291102 3.2025697 3.5291102 3.121013 3.121013 3.121013 3.121013 3.121013 3.078714 3.121013
3.0976543 3.0976543 3.0976543 3.0976543 3.0976543 3.0976543 2.8362088 2.114825 2.114825 3.2223547 2.8229494 2.8229494 2.8229494 2.8229494 2.8229494 3.2223542 3.2223542 3.2223542 3.2223542 3.2223542 3.2223542 3.2223542 3.2223542 3.2223542 3.2223547 2.147458 2.147458 2.147458 2.147458 2.147458 2.147458 2.147458 3.2223542 3.2223542 3.2223542 3.2223542 3.121013 3.078714 3.078714 3.078714 3.078714 2.075414 2.0545382 2.0545382 2.9995863 2.9995863 2.9995863 2.9995863 2.9995863 3.078714 3.078714 3.5291102 3.078714 3.121013 3.121013 3.121013 3.121013 3.121013 3.121013 3.121013
2.8229494 2.8229494 3.0976543 3.0976543 3.0976543 3.0976543 1.911244 2.147458 2.147458 3.2223547 2.8229494 2.8229494 2.8229494 2.8229494 2.8229494 2.8229494 2.8229494 2.8229494 3.2223542 3.2223542 3.2223542 2.8229494 2.8229494 2.8229494 2.8229494 2.0399508 2.147458 2.147458 2.147458 2.147458 2.147458 2.147458 3.2223542 3.7553108 3.7553108 3.7553108 3.6283324 3.078714 3.078714 3.078714 3.078714 2.075414 2.0845802 2.0545382 2.9995863 2.9995863 2.9995863 2.9995863 2.9995863 3.078714 3.078714 3.5291102 2.7370834 3.121013 3.121013 3.121013 3.121013 3.121013 3.6283324 3.6283324
3.1645968 3.1645968 3.0976543 3.0976543 3.0976543 3.0976543 1.911244 2.0399508 2.8229494 2.8229494 2.8229494 2.8229494 2.8229494 2.8229494 2.8229494 2.8229494 2.8229494 2.8229494 2.8229494 2.8229494 3.2223542 2.8229494 2.8229494 2.8229494 2.8229494 2.0399508 2.147458 2.147458 2.147458 2.147458 3.7553108 3.7553108 3.7553108 3.7553108 3.7553108 3.7553108 3.6283324 3.5291102 3.078714 3.078714 3.078714 3.078714 2.0845802 2.0545382 2.0545382 2.9995863 2.9995863 2.9995863 3.078714 3.078714 3.078714 3.5291102 2.7370834 3.078714 3.121013 3.121013 3.121013 3.121013 3.6283324 3.6283324
3.1645968 3.5286777 3.0976543 3.0976543 3.0976543 3.0976543 2.0399508 1.911244 2.0399508 2.8229494 2.8229494 2.8229494 2.8229494 2.8229494 2.8229494 2.8229494 2.8229494 2.8229494 2.8229494 2.8229494 2.147458 3.2223547 2.8229494 2.8229494 2.8229494 3.2223547 2.147458 2.147458 2.147458 3.7553108 3.7553108 3.7553108 3.7553108 3.7553108 3.7553108 3.7553108 3.6283324 3.6283324 3.121013 3.121013 3.121013 3.121013 3.121013 2.0545382 2.0545382 2.0545382 3.078714 3.078714 3.078714 3.078714 3.078714 3.078714 2.7370834 3.121013 3.121013 3.121013 3.121013 3.6283324 3.6283324 3.6283324
