Export/ASCII/RMeteo_tot/pWGS84_1_net_infiltration_sum_tot.asc
ncols         660
nrows         338
xllcorner     1476100.0
yllcorner     5017100.0
cellsize      100
NODATA_value  -9999
[rows 0 to 26 of 338, columns 360 to 419 of 660]
3.4577742 3.8612764 3.8612764 3.8612764 3.8612764 3.8612764 3.8612764 4.539178 4.926144 3.97002 3.97002 3.4577742 4.539178 4.539178 4.926144 4.926144 4.926144 4.926144 4.8863864 4.058176 4.058176 4.8863864 4.539178 4.539178 4.539178 4.539178 3.9921725 3.8612764 4.539178 3.97002 3.4577742 3.8612764 3.8612764 3.8612764 3.8612764 3.5706666 3.2157857 3.2157857 3.2157857 3.5706666 3.5706666 3.5706666 4.139041 4.139041 4.139041 4.139041 4.139041 4.139041 3.5706666 3.2157857 3.6474974 3.6474974 3.6474974 4.139041 4.139041 4.139041 4.139041 3.6474974 3.2157857 3.2157857
3.9921725 3.4577742 3.8612764 3.8612764 4.539178 4.539178 3.8612764 4.539178 4.926144 3.97002 3.4577742 3.4577742 3.97002 3.97002 4.926144 4.539178 4.539178 3.97002 3.97002 3.4577742 3.97002 4.539178 4.539178 4.731221 4.731221 4.731221 4.731221 3.4577742 4.539178 4.539178 3.9921725 3.8612764 3.8612764 3.8612764 3.8612764 3.5706666 3.5706666 3.2157857 3.2157857 3.5706666 3.5706666 4.139041 4.139041 4.139041 4.139041 4.139041 4.139041 4.139041 3.2157857 3.2157857 3.6474974 3.6474974 3.6474974 4.139041 3.5706666 3.5706666 3.5706666 3.5706666 3.2157857 3.2157857
3.9921725 3.4577742 3.8612764 3.8612764 4.539178 4.539178 3.8612764 4.539178 4.4272523 4.539178 4.539178 3.97002 3.97002 3.97002 4.926144 4.539178 4.539178 3.97002 3.4577742 3.4577742 3.4577742 4.539178 4.539178 4.731221 4.731221 4.731221 3.97002 3.97002 3.97002 3.97002 3.9921725 4.539178 4.539178 4.539178 3.8612764 3.5706666 3.5706666 3.5706666 3.5706666 4.139041 4.139041 4.139041 4.139041 4.139041 3.6474974 3.6474974 3.2157857 3.2157857 3.2157857 3.2157857 3.6474974 3.6474974 3.6474974 4.139041 3.5706666 3.5706666 3.5706666 3.6807847 3.2157857 3.2157857
4.539178 3.8612764 4.539178 3.97002 4.539178 4.539178 4.539178 4.539178 4.539178 4.539178 4.539178 3.97002 3.97002 4.8863864 4.8863864 3.97002 3.97002 3.97002 3.4577742 3.4577742 3.4577742 3.97002 3.97002 3.97002 4.8863864 4.731221 4.731221 4.731221 4.731221 4.731221 4.731221 4.731221 4.731221 4.539178 4.539178 3.5706666 3.5706666 3.5706666 3.5706666 4.139041 4.139041 4.139041 4.3046317 3.6474974 3.6474974 3.6474974 3.2157857 3.2157857 3.2157857 3.2157857 3.6474974 3.6474974 3.6474974 3.6474974 4.139041 3.5706666 3.6807847 3.6807847 3.2157857 3.2157857
3.97002 4.539178 3.97002 3.97002 3.97002 4.926144 4.926144 4.926144 4.926144 4.539178 4.539178 3.97002 3.97002 4.926144 4.8863864 3.97002 3.97002 3.97002 3.97002 3.97002 3.97002 3.4577742 3.4577742 3.4577742 4.8863864 4.731221 4.731221 4.731221 4.731221 4.731221 4.731221 4.731221 4.926144 4.539178 4.539178 4.139041 4.139041 3.5706666 3.5706666 4.139041 4.139041 4.139041 4.3046317 3.6474974 3.6474974 3.6474974 3.6474974 3.2157857 3.2157857 3.2157857 3.6474974 3.6474974 4.4745398 4.139041 4.139041 3.5706666 3.6807847 3.759662 3.2157857 3.2157857
3.97002 3.97002 3.97002 4.926144 4.926144 4.926144 4.926144 4.926144 4.926144 3.97002 3.97002 3.97002 3.97002 4.539178 4.539178 4.539178 3.97002 3.97002 3.97002 3.97002 3.97002 4.058176 4.8863864 4.8863864 4.8863864 3.97002 3.97002 4.731221 4.731221 4.731221 4.539178 4.539178 4.539178 4.539178 4.539178 4.139041 4.139041 3.2157857 3.5706666 4.139041 3.6474974 4.4402466 4.4402466 4.4402466 4.4745398 3.6474974 3.6474974 3.6474974 3.6474974 3.6474974 3.6474974 4.304631 4.304631 4.304631 4.4745398 4.4745398 3.2157857 3.2157857 3.6807847 3.5706666
3.97002 3.97002 4.731221 4.731221 4.926144 3.97002 3.97002 3.97002 3.97002 3.97002 3.97002 3.97002 3.97002 4.539178 4.539178 4.539178 4.926144 4.926144 4.926144 4.8863864 4.8863864 4.731221 4.731221 4.731221 4.731221 4.731221 3.97002 3.97002 4.731221 3.97002 4.539178 4.539178 3.8612764 3.8612764 3.8612764 4.139041 4.139041 3.2157857 3.2157857 3.6474974 3.6474974 4.4402466 4.4402466 4.4402466 4.4402466 3.6474974 3.6474974 3.6474974 3.6474974 3.6474974 3.6474974 4.139041 4.304631 4.304631 4.4745398 4.4745398 4.304631 4.139041 4.139041 4.139041
4.539178 4.539178 4.539178 4.926144 3.97002 3.97002 3.97002 3.97002 3.4577742 3.97002 3.97002 3.97002 3.97002 4.731221 3.97002 3.4577742 4.926144 4.926144 4.926144 4.926144 4.926144 4.731221 3.97002 3.97002 4.731221 4.731221 4.731221 3.97002 4.731221 4.731221 4.539178 4.539178 3.8612764 4.539178 4.539178 3.5706666 3.5706666 3.2157857 3.2157857 3.2157857 3.6474974 4.4402466 4.4402466 4.4402466 4.4402466 3.6474974 3.6474974 3.6474974 3.6474974 3.6474974 3.6474974 4.139041 4.4745398 4.4745398 4.139041 4.4745398 4.304631 4.139041 4.139041 4.139041
3.8612764 4.539178 4.539178 4.8863864 4.8863864 3.97002 3.97002 3.97002 3.97002 3.97002 3.97002 3.97002 3.97002 4.4272523 3.8612764 3.8612764 3.8612764 4.926144 3.97002 3.97002 4.926144 4.731221 4.731221 3.97002 4.946743 4.946743 4.926144 4.539178 4.731221 4.731221 4.731221 4.539178 4.539178 4.539178 4.539178 3.5706666 3.2157857 3.2157857 3.2157857 3.2157857 3.6474974 4.4402466 4.4402466 4.4402466 4.4402466 3.6474974 3.6474974 3.6474974 3.6474974 4.304631 4.304631 3.6474974 4.4745398 4.4745398 4.139041 4.139041 4.0089493 4.139041 3.6474974 4.139041
3.8612764 3.8612764 4.539178 4.8863864 4.058176 4.8863864 3.97002 3.97002 3.97002 3.97002 3.97002 3.97002 3.97002 3.8612764 4.0824227 3.8612764 3.8612764 3.97002 3.97002 4.539178 4.539178 4.731221 4.731221 4.731221 4.926144 4.926144 4.926144 4.539178 4.926144 4.731221 4.731221 4.539178 4.539178 4.539178 4.539178 3.2157857 3.2157857 3.2157857 3.2157857 3.2157857 3.2157857 3.6474974 4.4402466 4.4402466 4.4402466 4.139041 3.6474974 4.4745398 3.6474974 3.6474974 3.6474974 4.139041 4.4745398 4.4745398 4.139041 4.139041 4.4745398 4.139041 4.139041 4.139041
3.4577742 3.8612764 4.539178 4.539178 4.539178 4.539178 4.539178 4.539178 3.97002 3.97002 3.97002 3.97002 3.97002 3.8612764 3.4577742 4.0824227 3.8612764 4.0824227 4.539178 4.539178 4.539178 4.731221 4.731221 4.731221 4.926144 4.926144 4.926144 4.926144 4.926144 4.926144 4.926144 4.539178 4.539178 3.97002 3.97002 3.6474974 3.6474974 3.6474974 3.6474974 3.6474974 3.6474974 4.139041 3.6474974 4.4745398 4.4745398 4.4745398 4.4745398 4.4745398 4.4745398 3.6474974 3.6474974 4.139041 4.139041 3.6474974 3.6474974 4.139041 4.4745398 4.139041 3.6474974 3.6474974
3.4577742 3.4577742 3.4577742 4.539178 4.539178 3.8612764 3.8612764 4.539178 4.539178 4.539178 4.539178 4.539178 4.539178 4.926144 4.0824227 4.0824227 4.0824227 3.8612764 4.926144 4.926144 4.731221 4.731221 4.926144 4.926144 4.926144 4.926144 4.926144 4.926144 4.926144 4.926144 4.539178 4.539178 4.539178 4.539178 3.4577742 3.6474974 3.6474974 4.4745398 4.4745398 4.4745398 4.4745398 3.6474974 3.6474974 4.4745398 4.4745398 4.4745398 4.4745398 4.4745398 4.4745398 4.4745398 4.139041 4.139041 3.6474974 3.2157857 3.6474974 3.6474974 4.4745398 3.6474974 3.6474974 3.6474974
3.4577742 3.4577742 3.4577742 3.8612764 3.8612764 3.8612764 3.8612764 4.539178 4.539178 4.539178 4.539178 4.539178 4.539178 4.926144 4.539178 3.8612764 4.926144 4.731221 4.731221 4.926144 4.926144 4.926144 4.926144 4.926144 4.926144 4.926144 4.926144 4.926144 4.926144 4.539178 4.539178 3.8612764 3.8612764 4.539178 3.97002 3.6474974 4.304631 4.4745398 4.4745398 4.4745398 4.4745398 4.4745398 4.4745398 4.4745398 4.4745398 4.4745398 4.4745398 4.4745398 4.4745398 4.4745398 4.139041 4.139041 3.2157857 3.2157857 3.2157857 3.6474974 3.6474974 3.6474974 3.6474974 4.139041
3.0399199 3.3745866 3.0399199 3.0399199 3.0399199 3.8954327 3.3745866 3.3745866 3.3745866 3.8954327 3.8954327 3.8954327 3.8954327 4.196856 4.196856 3.3745866 4.0458803 4.0458803 4.0458803 3.4421375 4.0458803 4.0458803 4.196856 4.196856 4.196856 4.196856 4.196856 4.196856 3.8954327 3.8954327 3.8954327 3.8954327 3.3745866 3.8954327 3.8954327 3.7668502 3.7668502 3.7668502 4.04051 4.04051 4.04051 4.04051 4.04051 4.04051 3.9042275 3.9042275 3.9042275 4.04051 4.04051 4.04051 3.7668502 3.7668502 2.9661474 2.9661474 2.9661474 2.9661474 2.9661474 2.9661474 2.9661474 3.2774677
3.3745866 3.0399199 3.4421375 3.4421375 3.4421375 3.8954327 3.3745866 3.3745866 3.3745866 3.3745866 3.8954327 4.196856 3.7546368 4.196856 4.196856 3.3745866 3.4421375 3.4421375 3.4421375 3.4421375 4.0458803 3.4421375 4.196856 4.196856 4.196856 4.196856 4.196856 3.8954327 3.8954327 3.8954327 3.8954327 3.8954327 3.3745866 3.3745866 3.8954327 3.7668502 3.7668502 3.7668502 4.04051 3.7668502 3.7668502 4.04051 4.04051 4.04051 3.9042275 3.9042275 3.9042275 4.04051 4.04051 4.04051 3.7668502 3.7668502 2.9661474 2.9661474 2.9661474 2.9661474 2.9661474 2.9661474 2.9661474 3.2774677
3.0399199 3.0399199 3.4421375 3.4421375 3.8954327 3.8954327 3.3745866 3.3745866 3.3745866 3.3745866 3.8954327 3.4421375 3.4421375 4.196856 3.4421375 4.196856 3.4421375 3.4421375 3.4421375 3.4421375 3.4421375 3.4421375 4.196856 4.196856 4.196856 4.196856 4.196856 3.8954327 3.3745866 3.8954327 3.8954327 3.4421375 3.4421375 3.0399199 3.3745866 3.2774677 3.7668502 3.7668502 3.7668502 3.7668502 3.7668502 3.7668502 4.04051 4.04051 3.9042275 3.7668502 3.7668502 3.3452036 3.7668502 3.7668502 3.7668502 3.7668502 2.9661474 3.3452036 3.3452036 3.2774677 3.2774677 3.2774677 3.2774677 3.2774677
3.0399199 3.0399199 3.4421375 4.196856 4.196856 3.8954327 3.8954327 3.8954327 3.8954327 3.8954327 3.8954327 3.4421375 3.4421375 4.196856 3.4421375 3.4421375 4.0458803 4.0458803 3.4421375 3.4421375 3.0399199 3.4421375 4.196856 4.196856 3.4421375 3.4421375 3.8954327 3.8954327 3.3745866 3.8954327 3.8954327 3.4421375 3.4421375 3.0399199 3.0399199 3.2774677 3.7668502 3.7668502 3.7668502 3.7668502 3.7668502 3.7668502 4.04051 4.04051 4.04051 3.7668502 3.7668502 3.3452036 3.7668502 3.7668502 3.7668502 3.7668502 3.2774677 3.7668502 3.7668502 3.2774677 3.2774677 2.9661474 3.3452036 3.2774677
3.8954327 3.0399199 3.8954327 3.8954327 4.196856 3.8954327 3.8954327 4.196856 4.196856 4.196856 3.4421375 3.4421375 3.4421375 3.4421375 3.4421375 3.0399199 3.4823747 3.4823747 4.0458803 3.4421375 3.4421375 3.4421375 4.196856 4.196856 3.4421375 3.0399199 3.8954327 3.8954327 3.3745866 3.3745866 3.3745866 3.3745866 3.0399199 3.0399199 3.0399199 3.2774677 3.2774677 3.7668502 3.7668502 3.7668502 3.7668502 3.7668502 3.9042275 3.7668502 3.7668502 3.7668502 3.9042275 3.9042275 3.3452036 3.7668502 3.7668502 3.7668502 3.7668502 3.7668502 3.7668502 3.2774677 2.9661474 3.3452036 3.3452036 2.9661474
3.8954327 3.3745866 3.3745866 3.8954327 4.196856 4.0458803 3.8954327 4.196856 4.196856 4.196856 3.7546368 3.4421375 3.4421375 3.4421375 3.4421375 3.0399199 3.0399199 4.0458803 4.0458803 3.4421375 4.196856 4.196856 3.8954327 3.8954327 3.8954327 3.0399199 3.3745866 3.3745866 3.3745866 3.3745866 3.3745866 3.3745866 3.3745866 3.3745866 3.3745866 3.2774677 3.2774677 3.2774677 3.7668502 3.7668502 3.7668502 3.7668502 3.3743207 3.2774677 3.7668502 3.7668502 3.7668502 3.7668502 4.04051 4.04051 3.7668502 3.7668502 3.7668502 3.7668502 2.9661474 2.9661474 2.9661474 3.3452036 3.3452036 2.9661474
3.8954327 3.3745866 3.3745866 3.8954327 3.8954327 4.0458803 4.196856 4.196856 4.196856 4.196856 3.7546368 3.4421375 3.4421375 3.4421375 3.4421375 3.0399199 3.3745866 3.8954327 3.8954327 3.4421375 4.196856 4.196856 3.8954327 3.8954327 3.8954327 3.0399199 3.0399199 3.3745866 3.3745866 3.3745866 3.3745866 3.3745866 3.3745866 3.3745866 3.3745866 3.2774677 3.2774677 3.2774677 3.7668502 3.7668502 3.2774677 3.2774677 3.2774677 3.2774677 3.2774677 3.7668502 3.7668502 3.7668502 3.7668502 3.7668502 3.7668502 3.7668502 3.2774677 3.2774677 2.9661474 2.9661474 2.9661474 2.9661474 3.3452036 2.9661474
3.8954327 3.3745866 3.3745866 3.3745866 3.8954327 4.196856 4.196856 4.196856 3.4421375 3.4421375 3.4421375 3.4421375 3.0399199 3.0399199 3.0399199 3.0399199 3.8954327 3.8954327 3.8954327 3.4421375 4.196856 4.196856 3.8954327 3.8954327 3.8954327 3.8954327 3.3745866 3.3745866 3.3745866 3.3745866 3.3745866 3.3745866 3.3745866 3.3745866 3.3745866 3.2774677 3.2774677 3.2774677 3.2774677 3.2774677 3.2774677 3.2774677 3.2774677 3.2774677 3.2774677 3.7668502 3.7668502 3.7668502 3.7668502 3.7668502 3.7668502 3.2774677 3.2774677 3.2774677 2.9661474 2.9661474 3.2774677 2.9661474 2.9661474 2.9661474
3.8954327 3.8954327 3.3745866 3.3745866 3.8954327 4.196856 4.196856 4.196856 4.196856 3.4421375 3.4421375 3.4421375 3.4421375 3.4421375 3.8954327 3.8954327 3.8954327 3.8954327 4.196856 4.196856 4.196856 4.196856 4.196856 3.8954327 3.8954327 3.8954327 3.3745866 3.3745866 3.3745866 3.3745866 3.3745866 3.3745866 3.3745866 3.3745866 3.3745866 3.2774677 3.2774677 3.2774677 2.9661474 3.2774677 3.2774677 3.2774677 3.2774677 3.2774677 3.2774677 3.2774677 3.7668502 3.7668502 3.7668502 3.2774677 3.2774677 3.2774677 3.2774677 3.2774677 3.2774677 3.2774677 3.2774677 2.9661474 2.9661474 3.2774677
3.8954327 3.8954327 3.8954327 3.8954327 3.8954327 4.196856 4.0458803 4.0458803 4.196856 4.196856 3.4421375 3.4421375 3.4421375 3.4421375 3.8954327 3.8954327 4.0458803 4.0458803 3.4421375 4.196856 4.196856 4.196856 4.196856 3.8954327 3.8954327 3.8954327 3.3745866 3.3745866 3.3745866 3.3745866 3.3745866 3.3745866 3.3745866 3.3745866 3.0399199 2.9661474 2.9661474 3.2774677 2.9661474 3.3452036 3.3452036 3.2774677 3.2774677 3.2774677 3.7668502 3.7668502 3.7668502 3.7668502 3.7668502 3.7668502 3.2774677 3.2774677 3.2774677 3.2774677 3.2774677 3.2774677 3.2774677 3.2774677 3.2774677 3.2774677
4.196856 3.8954327 3.8954327 3.8954327 4.196856 4.0458803 4.0458803 4.0458803 4.196856 4.196856 3.4421375 3.4421375 3.4421375 3.7546368 3.4421375 3.4421375 3.4421375 4.0458803 3.4421375 3.4421375 4.196856 4.196856 4.2122025 3.8954327 3.8954327 3.8954327 3.4421375 3.0399199 3.3745866 3.3745866 3.3745866 3.3745866 3.3745866 3.0399199 3.0399199 2.9661474 2.9661474 2.9661474 2.9661474 3.3452036 3.3452036 3.2774677 3.2774677 3.7668502 3.7668502 3.7668502 3.7668502 3.3452036 3.3452036 3.3452036 3.7668502 3.7668502 3.2774677 3.2774677 3.2774677 3.2774677 3.2774677 3.2774677 3.2774677 3.2774677
3.4421375 3.8954327 3.8954327 3.8954327 3.8954327 4.0458803 4.196856 4.196856 4.196856 4.196856 3.7546368 3.7546368 3.7546368 4.196856 3.4421375 3.4421375 3.4421375 4.196856 4.196856 4.196856 4.196856 4.196856 4.2122025 4.2122025 3.8954327 3.4421375 3.4421375 3.0399199 3.0399199 3.3745866 3.3745866 3.3745866 3.0399199 3.0399199 3.0399199 2.9661474 2.9661474 2.9661474 3.3452036 3.3452036 3.7668502 3.2774677 3.2774677 3.7668502 3.7668502 3.9042275 3.9042275 3.3452036 3.3452036 3.3452036 3.7668502 3.7668502 3.2774677 3.2774677 3.2774677 3.2774677 3.2774677 3.2774677 3.7668502 3.7668502
3.4421375 3.8954327 3.8954327 3.8954327 3.8954327 4.0458803 3.8954327 3.8954327 3.8954327 4.196856 3.7546368 3.4421375 4.0458803 4.0458803 3.8954327 3.4421375 3.4421375 4.196856 4.196856 4.196856 4.2122025 4.2122025 4.2122025 3.4421375 3.8954327 3.4421375 3.0399199 3.0399199 3.0399199 3.3745866 3.3745866 3.3745866 3.0399199 3.0399199 3.0399199 2.9661474 2.9661474 3.2774677 3.7668502 3.3452036 3.7668502 3.7668502 3.7668502 3.7668502 3.7668502 3.7668502 4.054373 3.9042275 3.9042275 3.3452036 3.7668502 3.7668502 3.2774677 3.2774677 3.2774677 3.2774677 3.2774677 3.2774677 3.7668502 3.7668502
3.8954327 3.8954327 3.8954327 3.3745866 3.3745866 3.8954327 3.8954327 3.8954327 3.8954327 3.4421375 3.4421375 3.4421375 4.0458803 4.0458803 4.196856 3.8954327 4.0458803 4.196856 4.196856 4.196856 3.4421375 3.4421375 3.4421375 3.4421375 3.8954327 3.8954327 3.3745866 3.3745866 3.3745866 3.3745866 3.3745866 3.3745866 3.3745866 3.3745866 3.3745866 3.2774677 3.2774677 3.2774677 2.9661474 3.3452036 3.3452036 3.7668502 3.7668502 3.2774677 3.7668502 4.04051 4.04051 3.9042275 3.9042275 4.04051 4.04051 3.7668502 3.7668502 3.2774677 3.2774677 3.2774677 3.2774677 3.7668502 3.7668502 3.7668502
