Export/ASCII/RMeteo_tot/pWGS84_1_net_infiltration_sum_tot.asc
ncols         660
nrows         338
xllcorner     1476100.0
yllcorner     5017100.0
cellsize      100
NODATA_value  -9999
[rows 108 to 134 of 338, columns 180 to 239 of 660]
4.7639403 4.7639403 4.7639403 4.7639403 4.7639403 4.7639403 4.7639403 4.7639403 4.7639403 4.7639403 4.7639403 4.7639403 4.377034 4.377034 4.377034 4.7639403 4.377034 4.377034 4.566206 4.377034 4.377034 4.377034 4.377034 4.7639403 4.7639403 4.7639403 0.0 0.0 4.2759743 4.7639403 4.7639403 4.7639403 4.7639403 4.7639403 4.7639403 4.377034 4.7639403 4.7639403 4.7639403 4.7639403 4.7639403 4.7639403 4.7639403 4.7639403 4.7639403 4.7639403 4.7639403 4.7639403 4.377034 4.377034 4.377034 4.7639403 4.7639403 4.7639403 4.7639403 4.7639403 4.377034 4.377034 3.826988 4.104028
4.7639403 4.7639403 3.826988 3.826988 4.7639403 4.7639403 4.377034 4.7639403 4.7639403 4.7639403 4.7639403 4.377034 4.377034 4.377034 4.377034 4.377034 4.377034 4.377034 4.377034 4.377034 4.7639403 4.377034 4.7639403 4.7639403 4.7639403 4.7639403 0.0 0.0 4.2759743 4.7639403 4.7639403 4.7639403 4.7639403 4.7639403 4.377034 4.377034 4.377034 4.377034 4.7639403 4.7639403 4.7639403 4.7639403 4.7639403 4.7639403 4.7639403 4.7639403 4.2759743 4.2759743 4.377034 4.377034 4.377034 4.7639403 4.7639403 4.7639403 4.7639403 4.377034 4.377034 4.7639403 4.377034 4.104028
4.7639403 4.377034 3.826988 3.826988 4.7639403 4.377034 4.377034 4.7639403 4.377034 4.377034 4.377034 4.377034 3.758818 4.377034 4.377034 4.377034 4.377034 4.377034 4.377034 4.377034 4.377034 4.377034 4.7639403 4.7639403 4.7639403 4.7639403 4.2759743 3.5462291 4.722684 4.7639403 4.7639403 4.7639403 4.7639403 4.7639403 4.377034 4.377034 4.377034 4.377034 4.377034 4.7639403 4.7639403 4.7639403 4.7639403 4.7639403 4.7639403 4.2759743 4.2759743 4.566206 4.377034 4.377034 4.377034 4.377034 4.7639403 4.7639403 4.7639403 4.377034 4.377034 4.377034 4.377034 4.104028
3.9695914 4.377034 3.826988 3.826988 3.826988 4.377034 4.377034 4.377034 4.377034 4.377034 4.377034 4.377034 3.758818 4.377034 4.377034 4.377034 4.377034 4.377034 4.377034 4.377034 3.758818 4.377034 4.377034 4.7639403 4.7639403 4.7639403 4.7639403 4.7639403 4.7639403 4.377034 4.7639403 4.7639403 4.722684 4.377034 4.377034 4.377034 4.377034 3.758818 4.377034 4.7639403 4.7639403 4.7639403 4.7639403 4.7639403 4.2759743 4.2759743 4.7639403 4.566206 4.7639403 4.7639403 4.377034 4.7639403 4.7639403 4.7639403 4.7639403 4.377034 4.377034 4.377034 4.377034 4.104028
3.9695914 3.758818 4.7639403 3.826988 3.826988 4.377034 4.377034 4.377034 3.758818 3.758818 3.758818 3.758818 4.377034 4.377034 4.377034 4.377034 4.377034 4.377034 4.377034 4.377034 4.377034 4.377034 4.377034 4.7639403 4.377034 4.377034 4.7639403 4.7639403 4.566206 4.566206 4.7639403 3.826988 3.826988 3.826988 4.7639403 4.377034 4.377034 4.377034 4.377034 4.377034 4.377034 4.7639403 4.377034 4.377034 4.2759743 4.722684 4.7845507 4.7639403 4.7845507 4.7639403 0.0 4.7639403 4.7639403 4.7639403 4.7639403 4.377034 4.377034 4.377034 4.377034 4.104028
3.9695914 3.9695914 4.7639403 3.826988 3.826988 4.377034 4.377034 3.826988 3.361079 3.758818 3.758818 3.758818 3.361079 3.361079 4.377034 4.377034 4.377034 4.377034 4.377034 4.377034 4.377034 3.826988 3.826988 3.826988 4.377034 4.377034 4.7639403 4.7639403 4.566206 4.566206 4.377034 3.826988 3.826988 3.826988 3.826988 4.377034 4.377034 4.377034 4.377034 4.377034 4.377034 4.377034 4.377034 4.377034 4.7639403 4.2759743 4.722684 4.7845507 0.0 0.0 0.0 0.0 4.7639403 4.7639403 4.7639403 4.7639403 4.377034 3.826988 4.377034 3.5995765
3.9695914 3.361079 3.8875039 4.566206 3.826988 4.377034 3.758818 3.361079 3.361079 3.758818 3.361079 3.758818 3.361079 3.361079 3.758818 3.758818 3.758818 4.377034 4.377034 4.377034 4.377034 3.826988 3.826988 3.826988 4.7639403 4.377034 4.377034 4.7639403 4.566206 4.566206 3.826988 3.826988 3.826988 4.377034 4.377034 4.7639403 4.377034 4.377034 4.377034 4.377034 4.377034 4.377034 4.377034 4.377034 4.7639403 4.7639403 0.0 0.0 0.0 4.2759743 4.7639403 4.7639403 4.7639403 4.7639403 4.7639403 3.826988 3.826988 3.826988 3.826988 4.104028
3.361079 3.361079 3.8875039 4.566206 4.566206 4.377034 3.758818 3.361079 3.361079 3.361079 3.361079 3.361079 3.361079 3.361079 3.361079 3.361079 3.361079 3.758818 3.826988 3.826988 4.377034 4.377034 4.377034 4.377034 4.7639403 4.377034 4.377034 4.377034 4.377034 4.7639403 3.826988 3.826988 4.377034 4.377034 4.377034 3.826988 3.826988 3.826988 4.377034 4.377034 4.377034 4.377034 4.377034 4.7639403 4.7639403 4.7639403 4.2759743 3.5462291 4.2759743 4.7639403 4.566206 4.566206 4.7639403 3.826988 3.826988 3.826988 3.361079 3.826988 3.826988 4.104028
3.361079 3.361079 3.8875039 4.566206 4.566206 4.377034 4.377034 3.361079 3.361079 3.361079 3.361079 3.361079 3.361079 3.361079 3.361079 3.361079 3.361079 3.361079 3.361079 3.361079 3.758818 4.377034 4.377034 4.377034 4.377034 4.377034 4.377034 4.377034 4.377034 4.377034 3.826988 3.826988 4.377034 4.377034 4.377034 3.826988 3.826988 3.826988 4.377034 3.758818 4.377034 4.377034 4.7639403 4.377034 4.377034 4.7639403 4.566206 4.566206 4.566206 4.566206 4.566206 4.566206 4.377034 3.826988 3.826988 4.377034 4.377034 3.826988 3.826988 3.5995765
3.361079 3.361079 3.361079 3.758818 4.377034 4.722684 4.377034 3.758818 3.361079 3.361079 3.361079 3.361079 3.361079 3.361079 3.361079 3.361079 3.361079 3.361079 3.758818 3.758818 3.758818 4.377034 4.377034 4.377034 4.377034 4.377034 4.377034 4.377034 4.377034 4.566206 3.826988 4.377034 4.377034 4.377034 4.377034 4.377034 4.7639403 4.377034 4.377034 4.377034 4.377034 4.377034 4.377034 4.377034 4.377034 4.377034 4.566206 4.566206 4.377034 4.377034 4.377034 4.377034 4.377034 4.377034 4.377034 4.377034 4.377034 3.826988 3.826988 3.5995765
3.361079 3.361079 3.361079 3.361079 3.826988 4.7639403 4.377034 3.758818 3.758818 3.361079 3.361079 3.361079 3.361079 3.361079 3.361079 3.826988 3.826988 3.361079 3.758818 3.758818 3.758818 4.377034 4.377034 4.377034 4.377034 4.7639403 4.566206 4.377034 4.377034 4.566206 4.377034 3.826988 3.826988 3.826988 4.377034 4.377034 4.377034 4.377034 4.377034 4.377034 4.377034 4.377034 4.377034 4.377034 4.377034 3.758818 4.566206 4.566206 4.377034 4.377034 4.7639403 4.2759743 4.7639403 3.826988 4.7639403 4.7639403 4.7639403 3.826988 3.826988 4.4506793
3.361079 3.8875039 3.8875039 3.361079 4.377034 4.7639403 4.377034 3.758818 3.361079 3.361079 3.361079 3.361079 3.361079 3.361079 3.361079 4.377034 4.377034 3.758818 4.377034 4.377034 4.377034 4.377034 4.377034 4.377034 4.377034 4.377034 3.826988 4.377034 4.377034 3.826988 4.377034 4.377034 4.377034 4.377034 4.377034 4.377034 4.377034 4.566206 4.566206 4.566206 4.377034 4.377034 4.7639403 0.0 4.377034 4.377034 4.566206 4.566206 4.7639403 3.826988 4.7639403 4.7639403 4.7639403 4.7639403 3.826988 4.7639403 4.7639403 4.7639403 4.7639403 4.4506793
3.758818 3.8875039 3.8875039 3.361079 4.377034 4.377034 4.377034 3.758818 3.361079 3.361079 3.758818 3.758818 3.758818 4.377034 3.758818 4.377034 4.377034 3.758818 4.377034 4.377034 4.377034 4.377034 4.377034 3.826988 4.377034 4.377034 4.377034 4.377034 4.377034 4.377034 4.377034 4.377034 4.7639403 4.7639403 4.7639403 4.7639403 4.7639403 4.566206 4.566206 4.377034 4.566206 4.566206 4.377034 4.377034 4.377034 4.377034 4.566206 4.566206 3.826988 3.826988 4.7639403 4.7639403 4.377034 4.377034 3.758818 4.7639403 3.826988 4.7639403 4.7639403 4.4506793
3.758818 3.758818 3.758818 3.758818 4.377034 4.377034 4.377034 3.758818 3.758818 4.7639403 4.377034 4.377034 4.377034 4.377034 4.377034 4.377034 4.377034 4.377034 3.826988 3.826988 3.826988 3.361079 3.361079 3.826988 3.826988 3.826988 3.826988 4.7639403 4.377034 4.377034 4.377034 4.377034 4.377034 4.377034 4.377034 3.826988 3.826988 4.566206 4.566206 4.377034 4.566206 4.566206 4.377034 4.7639403 4.7639403 4.7639403 4.566206 4.566206 4.7639403 3.826988 4.7639403 4.7639403 4.377034 4.377034 4.377034 4.377034 3.826988 4.566206 4.566206 4.4506793
3.758818 3.758818 3.758818 3.758818 3.758818 3.758818 3.758818 3.361079 4.377034 3.826988 3.826988 3.826988 3.826988 3.826988 3.826988 3.826988 4.377034 4.377034 4.377034 3.826988 3.826988 3.361079 3.361079 3.826988 3.826988 3.826988 3.826988 4.2759743 4.7639403 4.7639403 4.7639403 3.826988 3.826988 3.826988 3.826988 3.826988 3.826988 3.826988 4.377034 4.377034 4.377034 4.7639403 4.7639403 4.7639403 4.7639403 4.7639403 4.7639403 4.7639403 4.7639403 4.7639403 4.7639403 4.7639403 4.7639403 4.377034 4.377034 4.377034 4.377034 4.7639403 4.7639403 4.4506793
3.758818 3.758818 3.758818 3.758818 3.758818 3.758818 4.377034 4.377034 3.361079 3.361079 3.361079 3.826988 3.826988 3.826988 3.826988 3.826988 4.377034 4.377034 4.377034 3.826988 3.826988 3.361079 3.361079 3.361079 3.826988 3.826988 3.826988 4.2759743 4.7639403 3.826988 3.826988 3.826988 3.826988 3.826988 3.826988 3.361079 3.826988 4.377034 4.377034 4.7639403 4.377034 4.377034 4.7639403 4.566206 4.566206 4.7639403 4.7639403 4.7639403 4.7639403 4.7639403 4.7639403 4.7639403 4.7639403 4.377034 4.377034 4.377034 4.377034 4.7639403 4.7639403 4.4506793
3.317764 2.990542 2.990542 3.317764 3.317764 2.990542 2.990542 3.8095365 3.3636327 3.3636327 3.3636327 3.3636327 3.3636327 3.3636327 3.3636327 3.3636327 3.3636327 3.3636327 3.3636327 3.3636327 3.3636327 2.990542 2.990542 2.990542 2.990542 3.3636327 3.3636327 3.3636327 3.8095365 3.3636327 3.3636327 3.3636327 2.990542 3.3636327 3.3636327 3.3636327 3.3636327 4.120931 4.120931 4.120931 3.9616578 3.8095365 3.8095365 3.9616585 3.9616585 4.120931 4.120931 4.120931 4.120931 4.120931 4.120931 4.120931 3.9616585 3.8095365 3.8095365 3.8095365 3.8095365 4.120931 4.120931 4.0083737
3.4745398 2.990542 2.990542 2.990542 2.990542 2.990542 3.4918604 2.990542 3.3636327 3.3636327 4.120931 3.3636327 3.3636327 2.990542 2.990542 3.3636327 3.3636327 2.990542 3.3636327 3.3636327 3.3636327 3.3636327 3.3636327 3.3636327 3.8095365 3.8095365 3.687316 3.687316 3.8095365 3.3636327 3.3636327 3.3636327 3.8095365 3.8095365 3.3636327 3.8095365 3.4234242 3.9616585 3.8095365 3.8095365 4.120931 3.8095365 4.120931 4.120931 4.120931 4.120931 4.120931 4.120931 4.120931 4.120931 4.120931 4.120931 4.120931 3.9616585 3.8095365 3.3636327 3.3636327 3.3636327 4.120931 4.0083737
3.4745398 2.990542 2.990542 2.990542 2.990542 2.990542 3.4918604 2.990542 3.3636327 3.3636327 4.120931 3.9616585 2.990542 2.990542 2.990542 3.3636327 3.3636327 2.990542 3.3636327 3.3636327 3.3636327 3.3636327 3.3636327 3.3636327 3.3636327 4.120931 4.120931 4.120931 3.8095365 3.3636327 3.8095365 3.8095365 3.8095365 3.8095365 3.8095365 3.8095365 3.9616585 3.8095365 3.8095365 3.8095365 4.120931 4.120931 4.120931 4.120931 4.120931 4.120931 4.120931 4.120931 4.120931 4.120931 4.120931 4.120931 3.3636327 3.9616585 3.9616585 3.3636327 3.3636327 3.3636327 4.120931 4.0083737
0.0 3.4745398 3.4745398 3.4745398 2.990542 2.990542 2.990542 2.990542 3.4918604 4.120931 4.120931 3.3636327 2.990542 2.990542 2.990542 3.3636327 2.990542 2.990542 3.3636327 3.3636327 3.3636327 3.3636327 3.3636327 3.3636327 3.3636327 4.120931 4.120931 3.8095365 3.3636327 3.3636327 3.8095365 3.8095365 3.8095365 3.8095365 3.8095365 3.8095365 3.8095365 3.8095365 3.8095365 3.8095365 4.120931 4.120931 4.120931 4.120931 4.120931 4.120931 4.120931 4.120931 3.9616585 3.9616585 4.120931 3.3636327 3.3636327 2.990542 2.990542 2.990542 2.990542 3.3636327 4.120931 4.0083737
3.4745398 3.4745398 3.4745398 3.4745398 3.4745398 2.990542 2.990542 2.990542 2.990542 3.4918604 4.120931 3.3636327 2.990542 2.990542 2.990542 3.3636327 2.990542 2.990542 3.3636327 3.3636327 3.3636327 3.3636327 3.3636327 3.3636327 3.3636327 3.8095365 3.8095365 3.8095365 3.3636327 3.3636327 3.8095365 3.8095365 3.317764 3.317764 3.317764 3.8095365 3.8095365 3.317764 3.8095365 3.8095365 4.120931 4.120931 4.120931 4.120931 4.120931 4.120931 4.120931 3.8095365 3.9616585 3.9616585 3.3636327 3.3636327 3.3636327 2.990542 2.990542 2.990542 2.990542 3.3636327 3.3636327 4.0083737
3.4745398 0.0 3.4745398 3.4745398 3.4745398 3.317764 2.990542 2.990542 3.4234242 3.317764 3.8095365 3.317764 3.317764 2.990542 3.687316 3.3636327 3.3636327 2.990542 2.990542 3.3636327 3.3636327 3.3636327 3.8095365 3.8095365 3.8095365 3.8095365 3.8095365 3.687316 3.687316 3.8095365 3.8095365 3.8095365 3.8095365 3.317764 3.317764 3.317764 3.317764 3.317764 3.8095365 3.8095365 4.120931 4.120931 4.120931 4.120931 4.120931 4.120931 3.8095365 3.8095365 3.9616585 3.9616585 4.120931 3.3636327 2.990542 2.990542 2.990542 2.990542 2.990542 2.990542 3.3636327 4.0083737
3.4745398 3.4918604 3.4745398 3.4745398 3.4745398 3.317764 3.317764 3.317764 3.4234242 3.317764 3.8095365 3.8095365 3.8095365 3.3636327 3.687316 3.3636327 2.990542 2.990542 3.3636327 3.3636327 3.3636327 3.3636327 3.8095365 3.8095365 3.8095365 3.8095365 3.687316 3.9616585 4.120931 3.8095365 3.8095365 3.8095365 3.317764 3.317764 3.317764 3.317764 3.317764 3.317764 3.317764 3.8095365 4.120931 4.120931 4.120931 4.120931 4.120931 4.120931 3.8095365 3.8095365 3.9616585 3.8095365 3.3636327 3.3636327 2.990542 2.990542 3.9616585 3.9616585 2.990542 2.990542 3.3636327 4.0083737
3.4918604 3.4918604 3.4918604 3.4918604 3.4918604 3.4918604 3.317764 3.317764 3.317764 3.317764 3.317764 3.8095365 4.120931 4.120931 4.120931 3.3636327 2.990542 2.990542 3.3636327 3.3636327 3.3636327 3.3636327 3.3636327 3.8095365 3.8095365 3.8095365 3.4234242 3.8095365 3.8095365 3.8095365 3.317764 3.8095365 3.8095365 2.990542 2.990542 2.990542 3.317764 3.317764 3.317764 3.8095365 4.120931 4.120931 4.120931 4.120931 4.120931 4.120931 4.120931 3.8095365 3.8095365 4.120931 4.120931 3.3636327 3.3636327 3.3636327 3.9616585 3.9616585 2.990542 2.990542 3.3636327 3.2996957
3.317764 3.4918604 3.4918604 3.4918604 3.4918604 3.4234242 3.4234242 3.4918604 3.4918604 3.317764 3.317764 3.8095365 4.120931 4.120931 4.120931 3.3636327 2.990542 2.990542 3.3636327 3.3636327 3.3636327 3.3636327 3.3636327 3.8095365 3.8095365 3.8095365 3.4918604 3.8095365 3.8095365 3.8095365 3.317764 3.8095365 3.3636327 2.990542 2.990542 2.990542 2.990542 3.317764 3.317764 3.8095365 3.8095365 4.120931 4.120931 4.120931 4.120931 4.120931 4.120931 3.9616585 3.9616585 4.120931 4.120931 3.3636327 3.3636327 3.3636327 3.9616585 3.9616585 2.990542 2.990542 2.990542 3.2996957
3.317764 3.4234242 3.4918604 3.4918604 3.4918604 3.4234242 3.4234242 3.4918604 3.4918604 3.317764 3.317764 3.317764 3.3636327 3.8095365 3.687316 3.8095365 2.990542 2.990542 3.317764 2.990542 2.990542 2.990542 2.990542 3.317764 3.317764 3.317764 3.4918604 3.8095365 3.8095365 3.8095365 3.8095365 2.990542 2.990542 2.990542 2.990542 2.990542 2.990542 3.317764 3.8095365 3.317764 3.8095365 4.120931 4.120931 4.120931 4.120931 4.120931 3.8095365 3.8095365 3.9616585 3.8095365 4.120931 4.120931 3.3636327 3.3636327 3.8095365 3.8095365 2.990542 2.990542 2.990542 3.3603764
3.317764 3.4234242 3.4918604 3.4918604 3.4918604 3.317764 3.317764 3.4918604 3.4234242 3.4234242 3.4234242 3.317764 3.317764 3.8095365 3.8095365 3.8095365 3.317764 3.317764 3.317764 3.4918604 2.990542 2.990542 2.990542 2.990542 3.317764 3.317764 3.317764 3.317764 3.317764 3.317764 3.8095365 3.317764 3.317764 2.990542 2.990542 2.990542 3.3636327 3.8095365 3.8095365 3.8095365 3.3636327 4.120931 4.120931 4.120931 4.120931 3.8095365 3.8095365 3.8095365 3.8095365 3.8095365 3.8095365 3.8095365 3.8095365 3.8095365 3.8095365 3.8095365 3.317764 2.990542 2.990542 3.3603764
