Export/ASCII/RMeteo_SP_inch/p1/RMeteo_2015_SP4_inch.asc
ncols         660
nrows         338
xllcorner     1476100.0
yllcorner     5017100.0
cellsize      100
NODATA_value  -9.9e-20
[rows 81 to 107 of 338, columns 366 to 426 of 660]
4.4306383 4.1706467 4.1706467 4.4274836 4.4274836 4.1706467 4.1706467 4.1706467 4.6720715 4.4306383 4.6720715 4.1706467 4.6720715 4.6720715 4.724409 4.6720715 4.4306383 4.1706467 4.1706467 4.1706467 4.1706467 4.1706467 4.1706467 4.1706467 4.1706467 4.1706467 4.1706467 4.4274836 4.5007143 4.5007143 4.381691 4.381691 4.381691 4.3382483 4.3382483 4.3382483 4.0740047 4.610236 4.610236 4.610236 4.3382483 4.3382483 4.0740047 4.0740047 4.0740047 4.0740047 4.0740047 4.0740047 4.0740047 4.0740047 4.0740047 4.0740047 4.0740047 4.3136187 4.3136187 4.3136187 4.3136187 4.3136187 4.0740047 4.0740047 4.0740047
4.1706467 4.1706467 4.1706467 4.4274836 4.4274836 4.4274836 4.1706467 4.1706467 4.4306383 4.724409 4.724409 4.724409 4.724409 4.6720715 4.724409 4.6720715 4.6720715 4.4274836 4.1706467 4.1706467 4.1706467 4.1706467 4.1706467 4.1706467 4.1706467 4.1706467 4.1706467 4.1706467 4.5007143 4.5007143 4.381691 4.381691 4.381691 4.0740047 4.0740047 4.0740047 4.0740047 4.610236 4.610236 4.610236 4.610236 4.3382483 4.3382483 4.0740047 4.0740047 4.0740047 4.0740047 4.0740047 4.0740047 4.0740047 4.0740047 4.0740047 4.0740047 4.0740047 4.3136187 4.3136187 4.3136187 4.4220686 4.0740047 4.0740047 4.0740047
4.1706467 4.1706467 4.4306383 4.4306383 4.4306383 4.6720715 4.1706467 4.4306383 4.6720715 4.724409 4.724409 4.724409 4.6720715 4.6720715 4.7065783 4.724409 4.6720715 4.1706467 4.1706467 4.1706467 4.1706467 4.1706467 4.1706467 4.1706467 4.1706467 4.1706467 4.1706467 4.4274836 4.5484657 4.5007143 4.381691 4.381691 4.381691 4.381691 4.0740047 4.0740047 4.0740047 4.3382483 4.610236 4.610236 4.610236 4.610236 4.3382483 4.0740047 4.0740047 4.0740047 4.0740047 4.0740047 4.0740047 4.0740047 4.0740047 4.0740047 4.0740047 4.0740047 4.0740047 4.0740047 4.0740047 4.0740047 4.0740047 4.0740047 4.3136187
4.1706467 4.1706467 4.4306383 4.4306383 4.4306383 4.724409 4.1706467 4.4306383 4.6720715 4.724409 4.724409 4.724409 4.6720715 4.7065783 4.7065783 4.7065783 4.6720715 4.1706467 4.1706467 4.1706467 4.1706467 4.1706467 4.1706467 4.1706467 4.1706467 4.1706467 4.1706467 4.4274836 4.5484657 3.9252293 4.381691 4.381691 4.381691 4.381691 4.0740047 4.0740047 4.0740047 4.3382483 4.610236 4.610236 4.610236 4.610236 4.0740047 4.0740047 4.381691 4.0740047 4.0740047 4.0740047 4.0740047 4.0740047 4.0740047 4.0740047 4.0740047 4.0740047 4.0740047 4.3136187 4.4220686 4.0740047 4.0740047 4.0740047 4.3136187
4.5484657 4.5484657 4.4306383 4.4306383 4.724409 4.724409 4.1706467 4.4306383 4.6720715 4.724409 4.724409 4.724409 4.724409 4.724409 4.724409 4.724409 4.4306383 4.4306383 4.4306383 4.4306383 4.1706467 4.1706467 4.1706467 4.1706467 4.1706467 4.1706467 4.1706467 4.4274836 4.5484657 3.9252293 3.7967718 3.7967718 4.381691 4.381691 4.3382483 4.3382483 4.3382483 4.3382483 4.610236 4.610236 4.610236 4.3382483 4.0740047 4.0740047 4.381691 4.0740047 4.0740047 4.0740047 4.0740047 4.0740047 4.0740047 4.0740047 4.0740047 4.0740047 4.0740047 4.0740047 4.0740047 4.0740047 4.0740047 4.0740047 4.3136187
4.5484657 4.724409 4.4306383 4.4306383 4.4306383 4.724409 4.5345507 4.6720715 4.6720715 4.724409 4.724409 4.724409 4.724409 4.724409 4.724272 4.724272 4.724409 4.4306383 4.724409 4.4306383 4.1706467 4.1706467 4.1706467 4.1706467 4.1706467 4.1706467 4.1706467 4.1706467 4.724409 4.724409 4.610236 4.610236 4.610236 4.610236 4.3382483 4.3382483 4.610236 4.610236 4.610236 4.610236 4.610236 4.610236 4.3382483 4.0740047 4.4220686 4.0740047 4.0740047 4.0740047 4.0740047 4.0740047 4.0740047 4.0740047 4.0740047 4.0740047 4.3136187 4.0740047 4.0740047 4.4220686 4.0740047 4.0740047 4.0740047
4.6720715 4.724409 4.4306383 4.4306383 4.4306383 4.6720715 4.4274836 4.6720715 4.6720715 4.724409 4.724409 4.724409 4.724409 4.724409 4.5345507 4.5345507 4.724272 4.724409 4.724409 4.4306383 4.1706467 4.1706467 4.1706467 4.1706467 4.1706467 4.1706467 4.1706467 4.1706467 4.7065783 4.7065783 4.3382483 4.610236 4.610236 4.610236 4.610236 4.610236 4.610236 4.610236 4.610236 4.610236 4.610236 4.5679016 4.5679016 4.0740047 4.0740047 4.0740047 4.0740047 4.0740047 4.0740047 4.0740047 4.0740047 4.0740047 4.0740047 4.3136187 4.3136187 4.3136187 4.0740047 4.0740047 4.0740047 4.0740047 4.0740047
4.6720715 4.724409 4.724409 4.6720715 4.6720715 4.6720715 4.4274836 4.4306383 4.6720715 4.724409 4.724409 4.724409 4.724409 4.724272 4.5345507 4.5345507 4.724272 4.4306383 4.4306383 4.4306383 4.1706467 4.1706467 4.1706467 4.4274836 4.1706467 4.1706467 4.4274836 4.1706467 4.5007143 4.7065783 4.3382483 4.3382483 4.3382483 4.610236 4.610236 4.610236 4.610236 4.610236 4.610236 4.610236 4.610236 4.5679016 4.3136187 4.0740047 4.0740047 4.0740047 4.0740047 4.0740047 4.0740047 4.0740047 4.0740047 4.0740047 4.0740047 4.3136187 4.3136187 4.0740047 4.0740047 4.0740047 4.0740047 4.0740047 4.0740047
4.6720715 4.6720715 4.6720715 4.6720715 4.6720715 4.4274836 4.4274836 4.4306383 4.4306383 4.4306383 4.724409 4.724409 4.724409 4.5345507 4.5345507 4.5345507 4.5345507 4.4306383 4.4306383 4.4306383 4.1706467 4.1706467 4.1706467 4.1706467 4.1706467 4.1706467 4.6720715 4.4306383 4.7065783 4.7065783 4.3382483 4.610236 4.610236 4.610236 4.610236 4.610236 4.610236 4.610236 4.610236 4.610236 4.5679016 4.3136187 4.3136187 4.0740047 4.0740047 4.0740047 4.0740047 4.0740047 4.0740047 4.0740047 4.0740047 4.0740047 4.0740047 4.3136187 4.3136187 4.0740047 4.0740047 4.0740047 4.3136187 4.3136187 4.0740047
4.6720715 4.6720715 4.6720715 4.6720715 4.6720715 4.4274836 4.4306383 4.4306383 4.1706467 4.4306383 4.4306383 4.4306383 4.6720715 4.724409 4.724272 4.5345507 4.724409 4.4306383 4.4306383 4.4306383 4.1706467 4.1706467 4.1706467 4.1706467 4.1706467 4.4306383 4.6720715 4.724409 4.724409 4.7065783 4.5984488 4.610236 4.610236 4.610236 4.610236 4.610236 4.610236 4.610236 4.3382483 4.3382483 4.3136187 4.3136187 4.0740047 4.0740047 4.0740047 4.0740047 4.0740047 4.0740047 4.0740047 4.3136187 4.0740047 4.0740047 4.0740047 4.3136187 4.3136187 4.0740047 4.0740047 4.0740047 4.3136187 4.3136187 4.3136187
4.6720715 4.724409 4.6720715 4.6720715 4.6720715 4.4274836 4.4306383 4.1706467 4.1706467 4.1706467 4.1706467 4.1706467 4.6720715 4.6720715 4.724409 4.724272 4.724409 4.724409 4.724409 4.4306383 4.4306383 4.4306383 4.4306383 4.4306383 4.4306383 4.4306383 4.724409 4.724409 4.724409 4.7065783 4.5984488 4.610236 4.610236 4.610236 4.610236 4.5679016 4.5679016 4.5679016 4.5679016 4.3136187 4.3136187 4.0740047 4.0740047 4.0740047 4.0740047 4.0740047 4.0740047 4.0740047 4.0740047 4.0740047 4.0740047 4.0740047 4.0740047 4.3136187 4.3136187 4.3136187 4.0740047 4.0740047 4.3136187 4.3136187 4.0740047
4.6720715 4.4306383 4.4306383 4.4306383 4.6720715 4.4274836 4.1706467 4.1706467 4.1706467 4.1706467 4.1706467 4.1706467 4.4274836 4.4274836 4.724409 4.724409 4.724409 4.724409 4.724409 4.724409 4.4306383 4.4306383 4.4306383 4.4306383 4.4306383 4.724409 4.724409 4.724409 4.724409 4.724409 4.610236 4.610236 4.610236 4.0740047 4.0740047 4.3136187 4.3136187 4.3136187 4.3136187 4.3136187 4.3136187 4.3136187 4.0740047 4.0740047 4.0740047 4.0740047 4.0740047 4.0740047 4.0740047 4.0740047 4.0740047 4.0740047 4.3136187 4.3136187 4.3136187 4.3136187 4.0740047 4.0740047 4.0740047 4.0740047 4.0740047
4.4274836 4.1706467 4.4306383 4.4306383 4.4306383 4.6720715 4.1706467 4.1706467 4.1706467 4.1706467 4.1706467 4.1706467 4.4274836 4.4274836 4.724409 4.724409 4.724409 4.724409 4.724409 4.724409 4.724409 4.724409 4.724409 4.4306383 4.4306383 4.4306383 4.4306383 4.724409 4.724409 4.724409 4.610236 4.610236 4.3382483 4.3382483 4.0740047 4.3136187 4.3136187 4.3136187 4.3136187 4.3136187 4.3136187 4.0740047 4.0740047 4.0740047 4.0740047 4.0740047 4.0740047 4.0740047 4.0740047 4.0740047 4.0740047 4.0740047 4.0740047 4.0740047 4.0740047 4.3136187 4.3136187 4.3136187 4.0740047 4.0740047 4.0740047
4.4274836 4.4274836 4.1706467 4.4306383 4.4306383 4.4306383 4.6720715 4.4274836 4.1706467 4.1706467 4.1706467 4.1706467 4.4274836 4.4274836 4.6720715 4.724409 4.724409 4.724409 4.724409 4.724409 4.724409 4.724409 4.724409 4.4306383 4.1706467 4.1706467 4.1706467 4.4306383 4.4306383 4.724409 4.610236 4.610236 4.3382483 4.3382483 4.0740047 4.0740047 4.3136187 4.3136187 4.3136187 4.3136187 4.3136187 4.3136187 4.0740047 4.0740047 4.0740047 4.0740047 4.0740047 4.0740047 4.0740047 4.0740047 4.0740047 4.0740047 4.0740047 4.0740047 4.0740047 4.3136187 4.3136187 4.3136187 4.3136187 4.0740047 4.0740047
4.4274836 4.4274836 4.4274836 4.1706467 4.4306383 4.4306383 4.6720715 4.1706467 4.1706467 4.1706467 4.1706467 4.4274836 4.4274836 4.4274836 4.6720715 4.724409 4.724409 4.724409 4.724409 4.724409 4.724409 4.6720715 4.6720715 4.4306383 4.1706467 4.1706467 4.1706467 4.1706467 4.4306383 4.724409 4.610236 4.3382483 4.5679016 4.0740047 4.0740047 4.0740047 4.3136187 4.3136187 4.0740047 4.3136187 4.3136187 4.3136187 4.0740047 4.0740047 4.0740047 4.0740047 4.0740047 4.0740047 4.0740047 4.0740047 4.0740047 4.0740047 4.0740047 4.0740047 4.0740047 4.0740047 4.381691 4.4220686 4.0740047 4.0740047 4.0740047
4.4274836 4.4274836 4.4274836 4.1706467 4.1706467 4.6720715 4.6720715 4.6720715 4.1706467 4.1706467 4.1706467 4.4274836 4.4274836 4.4274836 4.6720715 4.724409 4.724409 4.724409 4.724409 4.724409 4.6720715 4.6720715 4.6720715 4.6720715 4.4274836 4.1706467 4.1706467 4.1706467 4.4306383 4.724409 4.3382483 4.3382483 4.3382483 4.0740047 4.0740047 4.0740047 4.0740047 4.0740047 4.0740047 4.3136187 4.3136187 4.0740047 4.0740047 4.0740047 4.0740047 4.0740047 4.0740047 4.0740047 4.0740047 4.0740047 4.0740047 4.0740047 4.0740047 4.0740047 4.0740047 4.0740047 4.0740047 4.0740047 4.0740047 4.0740047 4.0740047
4.4274836 4.4274836 4.4274836 4.1706467 4.4274836 4.1706467 4.4306383 4.724409 4.1706467 4.4274836 4.4274836 4.4274836 4.4274836 4.6720715 4.6720715 4.724409 4.724409 4.724409 4.724409 4.724409 4.6720715 4.4274836 4.4274836 4.4274836 4.4274836 4.1706467 4.1706467 4.5484657 4.724409 4.724409 4.3382483 4.0740047 4.5679016 4.3136187 4.0740047 4.0740047 4.0740047 4.0740047 4.0740047 4.0740047 4.0740047 4.0740047 4.0740047 4.0740047 4.0740047 4.0740047 4.0740047 4.0740047 4.0740047 4.0740047 4.0740047 4.0740047 4.0740047 4.3382483 4.3382483 4.3382483 4.0740047 4.0740047 4.0740047 4.0740047 4.0740047
4.1706467 4.4274836 4.4274836 4.1706467 4.4274836 4.1706467 4.1706467 4.4306383 4.6720715 4.4274836 4.6720715 4.4274836 4.4274836 4.1706467 4.724409 4.4306383 4.724409 4.724409 4.724409 4.724409 4.6720715 4.4274836 4.4274836 4.4274836 4.4274836 4.4274836 4.724409 4.6720715 4.724409 4.724409 4.3382483 4.0740047 4.5679016 4.5679016 4.3136187 4.3136187 4.3136187 4.0740047 4.0740047 4.0740047 4.4116907 4.4116907 4.0740047 4.0740047 4.0740047 4.0740047 4.0740047 4.3136187 4.3136187 4.0740047 4.0740047 4.0740047 4.0740047 4.3382483 4.3382483 4.3382483 4.0740047 4.0740047 4.0740047 4.0740047 4.0740047
4.1706467 4.4274836 4.4274836 4.1706467 4.4274836 4.1706467 4.1706467 4.1706467 4.4306383 4.6720715 4.6720715 4.724409 4.724409 4.1706467 4.4306383 4.4306383 4.724409 4.4306383 4.4306383 4.724409 4.724409 4.4274836 4.1706467 4.1706467 4.4274836 4.6720715 4.6720715 4.6720715 4.6720715 4.4306383 4.3382483 4.3382483 4.5679016 4.5679016 4.3136187 4.3136187 4.3136187 4.0740047 4.0740047 4.0740047 4.0740047 4.381691 4.0740047 4.0740047 4.0740047 4.0740047 4.0740047 4.0740047 4.0740047 4.0740047 4.0740047 4.0740047 4.3382483 4.3382483 4.3382483 4.3382483 4.3382483 4.0740047 4.0740047 4.0740047 4.0740047
4.1706467 4.1706467 4.4274836 4.4274836 4.5484657 4.1706467 4.1706467 4.1706467 4.1706467 4.1706467 4.724409 4.724409 4.724409 4.5007143 4.4306383 4.724409 4.724409 4.4306383 4.1706467 4.1706467 4.4274836 4.4274836 4.1706467 4.1706467 4.4274836 4.6720715 4.6720715 4.4274836 4.6720715 4.4306383 4.0740047 4.3136187 4.5679016 4.5679016 4.3136187 4.3136187 4.0740047 4.0740047 4.0740047 4.0740047 4.0740047 4.381691 4.0740047 4.0740047 4.0740047 4.0740047 4.0740047 4.0740047 4.0740047 4.0740047 4.0740047 4.0740047 4.0740047 4.3136187 4.3136187 4.5679016 4.3382483 4.3382483 4.3382483 4.0740047 4.0740047
4.4274836 4.4274836 4.4274836 4.4274836 4.5484657 4.1706467 4.1706467 4.1706467 4.1706467 4.1706467 4.5007143 4.4306383 4.724409 4.724409 4.724409 4.724409 4.724409 4.4306383 4.1706467 4.1706467 4.4274836 4.4274836 4.1706467 4.1706467 4.4274836 4.1706467 4.4306383 4.6720715 4.6720715 4.4306383 4.0740047 4.3136187 4.3136187 4.3136187 4.0740047 4.0740047 4.381691 4.0740047 4.0740047 4.0740047 4.0740047 4.381691 4.0740047 4.0740047 4.3136187 4.0740047 4.0740047 4.0740047 4.0740047 4.0740047 4.0740047 4.0740047 4.0740047 4.0740047 4.3136187 4.5679016 4.5984488 4.3382483 4.3382483 4.3382483 4.3382483
4.4274836 4.4274836 4.4274836 4.4274836 4.5484657 4.5484657 4.5484657 4.1706467 4.1706467 4.1706467 4.1706467 4.4306383 4.724409 4.7065783 4.6720715 4.6720715 4.724409 4.4306383 4.4306383 4.1706467 4.1706467 4.4274836 4.1706467 4.1706467 4.1706467 4.1706467 4.1706467 4.4274836 4.4274836 4.1706467 4.0740047 4.0740047 4.0740047 4.0740047 4.0740047 4.3136187 4.3136187 4.4220686 4.0740047 4.0740047 4.0740047 4.0740047 4.0740047 4.0740047 4.3136187 4.0740047 4.0740047 4.0740047 4.0740047 4.0740047 4.0740047 4.0740047 4.0740047 4.0740047 4.3136187 4.5679016 4.610236 4.610236 4.5679016 4.5679016 4.3382483
4.4333696 4.375678 4.54202 4.349538 4.161854 4.161854 4.161854 4.161854 4.161854 4.161854 4.161854 4.349538 4.578739 4.4333696 4.375678 4.54202 4.578739 4.54202 4.349538 4.161854 4.161854 4.161854 4.161854 4.161854 4.161854 4.161854 4.375678 4.375678 4.375678 4.375678 4.1128883 3.9242218 3.9242218 3.9242218 4.1128883 4.1128883 4.1128883 3.9242218 3.9242218 3.9242218 3.9242218 3.9242218 4.1128883 4.1128883 4.1128883 4.1128883 3.9242218 3.9242218 3.9242218 3.9242218 3.9242218 3.9242218 4.1437893 4.335167 4.1128883 4.335167 4.335167 4.374016 4.374016 4.374016 4.1437893
4.375678 4.54202 4.578739 4.349538 4.349538 4.161854 4.161854 4.470276 4.161854 4.161854 4.161854 4.578739 4.54202 4.54202 4.54202 4.578739 4.578739 4.54202 4.54202 4.161854 4.161854 4.161854 4.161854 4.161854 4.161854 4.161854 4.161854 4.5687056 4.5687056 4.5687056 4.363982 4.1128883 3.9242218 3.9242218 4.1128883 4.1128883 4.1128883 3.9242218 3.9242218 3.9242218 3.9242218 3.9242218 3.9242218 4.1128883 4.1128883 4.1128883 3.9242218 3.9242218 3.9242218 3.9242218 3.9242218 4.1437893 4.335167 4.335167 4.1128883 4.1128883 4.335167 4.374016 4.374016 4.374016 4.1437893
4.54202 4.349538 4.349538 4.578739 4.578739 4.161854 4.470276 4.161854 4.161854 4.161854 4.161854 4.375678 4.54202 4.54202 4.578739 4.578739 4.578739 4.5687056 4.54202 4.349538 4.161854 4.161854 4.161854 4.161854 4.161854 4.161854 4.161854 4.349538 4.5687056 4.5687056 4.363982 4.1437893 3.9242218 4.1128883 4.1128883 4.1128883 3.9242218 3.9242218 3.9242218 3.9242218 3.9242218 3.9242218 4.1128883 3.9242218 3.9242218 3.9242218 3.9242218 3.9242218 3.9242218 3.9242218 3.9242218 4.1128883 4.335167 4.335167 4.335167 4.335167 4.335167 4.335167 4.374016 4.206497 3.9242218
4.349538 4.161854 4.349538 4.578739 4.578739 4.161854 4.161854 4.161854 4.161854 4.161854 4.161854 4.375678 4.54202 4.578739 4.578739 4.5687056 4.5687056 4.578739 4.54202 4.349538 4.161854 4.161854 4.161854 4.161854 4.375678 4.375678 4.375678 4.349538 4.5687056 4.5687056 4.1437893 4.1437893 3.9242218 4.1128883 4.1128883 4.1128883 3.9242218 3.9242218 3.9242218 3.9242218 3.9242218 3.9242218 3.9242218 3.9242218 3.9242218 3.9242218 3.9242218 3.9242218 3.9242218 3.9242218 3.9242218 4.1128883 4.335167 4.335167 4.335167 4.335167 4.335167 4.1128883 4.206497 4.206497 4.206497
4.161854 4.161854 4.349538 4.578739 4.375678 4.375678 4.161854 4.161854 4.161854 4.161854 4.578739 4.54202 4.54202 4.578739 4.578739 4.578739 4.5687056 4.578739 4.54202 4.54202 4.349538 4.349538 4.161854 4.161854 4.375678 4.375678 4.375678 4.349538 4.349538 4.349538 4.1437893 3.9242218 3.9242218 4.1128883 4.1128883 4.1128883 3.9242218 3.9242218 3.9242218 3.9242218 3.9242218 4.1128883 3.9242218 3.9242218 3.9242218 3.9242218 3.9242218 3.9242218 3.9242218 3.9242218 4.1128883 4.1128883 4.1128883 4.1128883 4.1128883 3.9242218 3.9242218 4.1128883 4.1128883 4.1128883 4.206497
