Export/ASCII/RMeteo_SP_inch/p1/RMeteo_2018_SP4_inch.asc
ncols         660
nrows         338
xllcorner     1476100.0
yllcorner     5017100.0
cellsize      100
NODATA_value  -9.9e-20
[rows 0 to 27 of 338, columns 124 to 185 of 660]
5.900184 5.900184 5.900184 5.900184 5.900184 5.900184 5.900184 5.900184 5.900184 7.3020473 7.3020473 7.3020473 7.3020473 7.3020473 7.3020473 9.789693 9.789693 9.789693 9.789693 9.789693 7.5226674 9.789693 9.789693 7.3020473 7.3020473 7.3020473 7.3020473 7.3020473 7.3020473 7.3020473 7.3020473 7.3020473 7.3020473 7.3020473 7.3020473 9.789693 9.789693 7.3649282 5.7509265 5.7509265 5.7509265 5.7509265 7.119061 9.592602 7.119061 7.119061 7.119061 7.119061 9.592602 7.119061 7.119061 7.119061 7.119061 9.592602 9.592602 9.592602 9.592602 7.119061 5.7509265 5.7509265 7.3649282 10.6129
5.900184 5.900184 5.900184 5.900184 5.900184 5.900184 5.900184 5.900184 5.900184 7.3020473 7.3020473 7.3020473 7.3020473 7.3020473 7.3020473 7.3020473 9.789693 9.789693 7.5226674 7.5226674 7.5226674 9.789693 9.789693 7.3020473 9.789693 9.789693 7.3020473 7.3020473 7.3020473 7.3020473 7.3020473 7.3020473 7.3020473 7.3020473 9.789693 9.789693 7.5226674 7.3649282 5.7509265 5.7509265 5.7509265 5.7509265 7.3649282 9.592602 9.592602 9.592602 7.119061 7.119061 7.119061 7.119061 7.119061 7.119061 7.119061 7.119061 9.592602 9.592602 9.592602 7.119061 5.7509265 7.119061 11.999075 10.6129
5.900184 5.900184 7.771523 7.771523 5.900184 5.900184 5.900184 5.900184 5.900184 5.900184 7.3020473 7.3020473 7.3020473 7.3020473 7.3020473 7.3020473 7.3020473 5.900184 7.5226674 7.5226674 7.5226674 9.789693 9.789693 9.789693 9.789693 9.789693 9.789693 7.3020473 7.3020473 7.3020473 7.3020473 7.3020473 7.3020473 7.3020473 9.789693 9.789693 7.3020473 5.7509265 5.7509265 7.119061 7.119061 5.7509265 7.3649282 9.592602 9.592602 9.592602 7.119061 7.119061 7.119061 7.119061 7.119061 7.119061 7.119061 7.3649282 7.3649282 7.3649282 11.999075 9.592602 7.119061 7.119061 7.119061 7.3649282
5.900184 7.3020473 7.3020473 5.900184 5.900184 5.900184 5.900184 5.900184 5.900184 7.3020473 7.3020473 7.3020473 7.3020473 7.3020473 7.3020473 7.3020473 7.3020473 5.900184 7.5226674 7.5226674 7.5226674 9.789693 9.789693 9.789693 9.789693 9.789693 7.5226674 9.789693 7.3020473 7.3020473 7.3020473 7.3020473 7.3020473 7.3020473 7.3020473 7.3020473 7.3020473 7.119061 7.119061 7.119061 7.119061 7.3649282 7.3649282 9.592602 9.592602 9.592602 7.119061 7.119061 5.7509265 7.569903 7.569903 5.7509265 5.7509265 7.3649282 9.592602 7.3649282 9.592602 9.592602 7.119061 5.7509265 5.7509265 7.3649282
7.3020473 7.3020473 7.3020473 5.900184 5.900184 7.3020473 7.3020473 7.3020473 7.3020473 7.3020473 7.3020473 7.3020473 7.3020473 7.3020473 7.3020473 7.3020473 7.3020473 7.3020473 5.900184 7.5226674 7.5226674 7.5226674 7.5226674 7.5226674 7.5226674 7.5226674 9.789693 9.789693 7.3020473 7.3020473 7.3020473 7.3020473 7.3020473 7.3020473 7.3020473 7.3020473 7.3020473 7.119061 7.119061 7.119061 7.119061 9.592602 7.3649282 7.3649282 11.999075 9.592602 7.119061 7.119061 7.119061 7.569903 7.569903 7.569903 7.119061 9.592602 7.3649282 7.3649282 7.119061 7.119061 7.119061 5.7509265 5.7509265 11.495262
5.900184 7.3020473 7.3020473 7.3020473 7.3020473 7.3020473 7.3020473 7.3020473 7.3020473 7.3020473 7.3020473 7.3020473 7.3020473 7.3020473 9.789693 7.3020473 7.3020473 7.3020473 5.900184 5.900184 7.5226674 7.5226674 10.843041 7.5226674 7.5226674 7.5226674 9.789693 7.3020473 7.3020473 7.3020473 7.3020473 7.3020473 7.3020473 7.3020473 7.3020473 7.771523 7.771523 7.119061 7.119061 7.119061 7.119061 7.119061 7.119061 7.3649282 9.592602 9.592602 7.119061 5.7509265 7.119061 7.569903 7.569903 7.119061 7.119061 7.119061 5.7509265 5.7509265 5.7509265 7.119061 7.119061 7.119061 7.119061 7.119061
7.3020473 7.3020473 7.3020473 7.3020473 7.3020473 7.3020473 7.3020473 7.3020473 7.3020473 7.3020473 7.3020473 7.3020473 7.3020473 7.3020473 9.789693 9.789693 9.789693 7.3020473 5.900184 7.5226674 7.5226674 7.5226674 7.5226674 7.5226674 7.5226674 7.5226674 9.789693 7.3020473 7.3020473 7.3020473 7.3020473 7.3020473 7.3020473 7.3020473 7.3020473 7.3020473 7.771523 5.7509265 5.7509265 7.119061 7.119061 7.119061 7.119061 7.119061 7.119061 7.119061 7.119061 5.7509265 5.7509265 7.8106008 5.7509265 5.7509265 7.119061 7.119061 5.7509265 5.7509265 5.7509265 7.119061 7.119061 7.119061 7.119061 7.119061
7.3020473 7.3020473 7.3020473 7.3020473 7.3020473 7.3020473 7.3020473 7.3020473 7.3020473 7.3020473 7.3020473 7.3020473 7.3020473 7.3020473 9.789693 9.789693 9.789693 9.789693 5.900184 5.900184 7.5226674 7.5226674 7.5226674 7.5226674 7.5226674 7.5226674 7.5226674 5.900184 5.900184 7.3020473 9.789693 9.789693 9.789693 9.789693 7.3020473 5.900184 5.900184 7.119061 7.119061 7.119061 7.119061 7.119061 7.119061 7.119061 7.119061 7.119061 5.7509265 5.7509265 7.569903 7.8106008 5.7509265 5.7509265 5.7509265 5.7509265 5.7509265 7.569903 7.119061 7.810599 7.810599 7.119061 7.119061 5.7509265
7.3020473 7.3020473 7.3020473 7.3020473 7.3020473 7.3020473 7.3020473 7.3020473 7.3020473 7.3020473 7.3020473 7.3020473 9.789693 9.789693 7.5226674 9.789693 9.789693 9.789693 7.5226674 5.900184 7.5226674 7.5226674 9.789693 7.3020473 7.3020473 7.5226674 5.900184 5.900184 5.900184 5.900184 7.5226674 7.5226674 7.5226674 7.5226674 7.771523 7.771523 5.900184 7.119061 7.119061 7.119061 7.119061 7.119061 7.119061 7.119061 7.119061 7.119061 7.119061 7.569903 7.569903 5.7509265 5.7509265 5.7509265 5.7509265 5.7509265 5.7509265 7.569903 7.119061 7.119061 7.810599 7.119061 7.119061 5.7509265
9.789693 9.789693 7.3020473 7.3020473 7.3020473 7.3020473 7.3020473 7.3020473 7.3020473 7.3020473 7.3020473 9.789693 9.789693 12.292547 12.292547 7.5226674 9.789693 9.789693 9.789693 7.5226674 5.900184 7.5226674 9.789693 7.3020473 7.3020473 7.5226674 7.5226674 7.5226674 5.900184 7.5226674 7.5226674 7.5226674 7.5226674 9.789693 10.843041 7.771523 7.771523 7.119061 7.119061 7.119061 7.119061 7.119061 7.119061 7.119061 7.119061 7.119061 7.119061 7.119061 7.569903 5.7509265 5.7509265 5.7509265 5.7509265 5.7509265 7.119061 7.119061 7.8106008 5.7509265 5.7509265 7.119061 7.119061 9.592602
12.292547 9.789693 9.789693 7.3020473 7.3020473 7.3020473 7.3020473 7.3020473 7.3020473 7.3020473 9.789693 9.789693 10.843041 12.292547 12.292547 7.5226674 7.5226674 12.292547 12.292547 7.5226674 7.5226674 9.789693 9.789693 9.789693 9.789693 7.5226674 7.5226674 7.5226674 5.900184 5.900184 5.900184 7.5226674 7.5226674 9.789693 9.789693 7.3020473 7.3020473 7.119061 9.592602 9.592602 7.119061 7.119061 7.119061 7.119061 7.119061 7.119061 7.119061 7.119061 5.7509265 5.7509265 5.7509265 5.7509265 5.7509265 5.7509265 7.119061 7.119061 7.8106008 5.7509265 5.7509265 7.119061 7.119061 7.119061
12.292547 9.789693 9.789693 7.3020473 7.3020473 7.3020473 7.3020473 7.3020473 7.3020473 9.789693 10.843041 10.843041 12.292547 12.292547 7.5226674 7.5226674 7.5226674 7.5226674 12.292547 12.292547 12.292547 12.292547 12.292547 12.292547 12.292547 9.789693 9.789693 5.900184 7.3020473 7.3020473 7.3020473 7.3020473 9.789693 7.3020473 7.3020473 7.3020473 7.3020473 7.119061 9.592602 9.592602 9.592602 7.119061 7.119061 7.119061 7.119061 7.119061 7.119061 7.119061 7.119061 5.7509265 5.7509265 5.7509265 5.7509265 5.7509265 5.7509265 7.119061 7.119061 7.119061 5.7509265 7.119061 7.119061 7.119061
12.292547 9.789693 9.789693 7.3020473 7.3020473 7.3020473 7.3020473 7.3020473 9.789693 9.789693 12.292547 11.708733 11.708733 7.5226674 7.5226674 7.5226674 7.5226674 7.5226674 12.292547 12.292547 12.292547 11.708733 12.292547 12.292547 12.292547 9.789693 9.789693 7.3020473 7.3020473 9.789693 9.789693 7.3020473 9.789693 9.789693 7.3020473 7.3020473 7.3020473 7.119061 9.592602 9.592602 9.592602 7.119061 7.119061 7.119061 7.119061 7.119061 7.119061 7.119061 7.119061 7.119061 7.119061 5.7509265 5.7509265 5.7509265 5.7509265 5.7509265 5.7509265 7.119061 5.7509265 5.7509265 5.7509265 5.7509265
8.026836 7.3020473 7.3020473 7.3020473 7.3020473 7.3020473 9.789693 9.789693 9.789693 12.292547 10.843041 12.292547 12.292547 7.5226674 7.5226674 7.5226674 12.292547 12.292547 12.292547 12.292547 12.292547 11.708733 12.292547 12.292547 9.789693 9.789693 9.789693 7.3020473 7.3020473 9.789693 12.292547 9.789693 9.789693 9.789693 7.3020473 7.3020473 7.3020473 7.119061 9.592602 9.592602 7.119061 7.119061 7.119061 7.119061 7.119061 7.119061 7.119061 5.7509265 5.7509265 5.7509265 5.7509265 7.119061 5.7509265 5.7509265 5.7509265 5.7509265 7.119061 7.119061 7.119061 5.7509265 5.7509265 7.3649282
5.900184 7.3020473 7.3020473 7.3020473 7.3020473 7.3020473 9.789693 10.843041 10.843041 12.292547 12.292547 12.292547 12.292547 9.789693 9.789693 12.292547 12.292547 12.292547 12.292547 12.292547 12.292547 11.708733 12.292547 9.789693 9.789693 7.3020473 7.3020473 7.3020473 7.3020473 9.789693 12.292547 9.789693 7.3020473 9.789693 9.789693 9.789693 7.3020473 7.119061 7.119061 7.119061 7.119061 7.119061 7.119061 7.119061 7.119061 7.119061 5.7509265 5.7509265 5.7509265 5.7509265 5.7509265 5.7509265 5.7509265 5.7509265 5.7509265 7.119061 7.119061 7.119061 7.119061 5.7509265 7.3649282 7.3649282
5.900184 7.3020473 7.3020473 7.3020473 7.3020473 7.3020473 9.789693 9.789693 10.843041 12.292547 12.292547 12.292547 12.292547 12.292547 9.789693 12.292547 12.292547 12.292547 12.292547 12.292547 12.292547 12.292547 12.292547 9.789693 9.789693 7.3020473 7.3020473 7.3020473 9.789693 9.789693 12.292547 9.789693 9.789693 9.789693 9.789693 9.789693 7.3020473 7.119061 7.119061 7.119061 7.119061 7.119061 7.119061 5.7509265 5.7509265 7.119061 5.7509265 5.7509265 5.7509265 5.7509265 5.7509265 5.7509265 5.7509265 5.7509265 5.7509265 5.7509265 7.119061 7.119061 5.7509265 5.7509265 7.3649282 7.3649282
9.789693 9.789693 7.3020473 9.789693 9.789693 7.3020473 7.3020473 9.789693 9.789693 12.292547 12.292547 12.292547 12.292547 12.292547 12.292547 12.292547 12.292547 12.292547 12.292547 12.292547 12.292547 12.292547 12.292547 9.789693 9.789693 7.3020473 7.3020473 7.3020473 7.3020473 9.789693 9.789693 9.789693 9.789693 7.3020473 9.789693 9.789693 7.3020473 7.119061 7.119061 7.119061 7.119061 5.7509265 5.7509265 5.7509265 5.7509265 7.119061 7.119061 7.119061 5.7509265 5.7509265 5.7509265 5.7509265 5.7509265 7.3649282 7.3649282 7.119061 7.119061 7.119061 5.7509265 5.7509265 5.7509265 7.3649282
9.789693 9.789693 9.789693 12.507767 9.789693 9.789693 7.3020473 9.789693 9.789693 12.292547 12.292547 12.292547 12.292547 12.292547 12.292547 12.292547 12.292547 12.292547 12.292547 12.292547 12.292547 12.292547 11.708733 11.708733 9.789693 7.3020473 7.3020473 7.3020473 7.3020473 9.789693 9.789693 7.3020473 7.3020473 9.789693 9.789693 9.789693 9.789693 7.119061 7.119061 7.119061 7.119061 5.7509265 5.7509265 5.7509265 5.7509265 7.119061 7.119061 7.119061 7.119061 5.7509265 5.7509265 5.7509265 7.3649282 9.592602 9.592602 9.592602 5.7509265 5.7509265 7.119061 7.119061 7.119061 5.7509265
12.292547 12.292547 12.507767 12.507767 10.843041 9.789693 9.789693 9.789693 12.292547 10.843041 12.292547 12.292547 12.292547 12.292547 12.292547 12.292547 12.292547 12.292547 11.708733 12.292547 12.292547 12.292547 12.292547 12.292547 9.789693 9.789693 7.3020473 7.3020473 7.3020473 7.3020473 7.3020473 7.3020473 7.3020473 9.789693 9.789693 9.789693 7.3020473 7.119061 7.119061 7.119061 7.119061 5.7509265 5.7509265 5.7509265 5.7509265 5.7509265 7.119061 7.119061 7.119061 5.7509265 5.7509265 5.7509265 7.3649282 7.3649282 11.999075 7.3649282 5.7509265 5.7509265 7.119061 7.119061 7.119061 5.7509265
7.5226674 7.5226674 12.292547 10.843041 10.843041 10.843041 9.789693 9.789693 12.292547 10.843041 10.843041 12.292547 12.292547 12.292547 12.292547 12.292547 12.292547 12.292547 12.292547 12.292547 12.292547 12.292547 12.292547 12.292547 12.292547 9.789693 7.3020473 7.3020473 9.789693 9.789693 7.3020473 9.789693 9.789693 9.789693 9.789693 7.3020473 7.3020473 7.119061 7.119061 7.119061 7.119061 5.7509265 5.7509265 5.7509265 5.7509265 5.7509265 5.7509265 5.7509265 7.119061 5.7509265 5.7509265 5.7509265 7.3649282 7.3649282 7.8106008 7.119061 7.569903 7.569903 7.119061 7.119061 7.8106008 5.7509265
7.5226674 9.789693 9.789693 10.843041 10.843041 10.843041 12.292547 12.292547 12.292547 10.843041 10.843041 12.292547 12.292547 12.292547 12.292547 12.292547 12.292547 12.292547 12.292547 12.292547 12.292547 12.292547 12.292547 9.789693 9.789693 9.789693 7.3020473 7.3020473 9.789693 9.789693 9.789693 9.789693 9.789693 7.3020473 7.3020473 7.3020473 7.3020473 7.119061 7.119061 7.119061 7.119061 7.119061 7.119061 7.119061 7.119061 7.119061 5.7509265 5.7509265 5.7509265 5.7509265 5.7509265 5.7509265 7.3649282 7.3649282 7.119061 7.569903 7.569903 7.569903 7.569903 7.119061 7.8106008 7.119061
9.789693 9.789693 9.789693 9.789693 10.843041 9.789693 11.708733 9.789693 9.789693 7.5226674 10.843041 12.292547 10.843041 10.843041 12.292547 12.292547 12.292547 12.292547 12.292547 12.292547 12.292547 12.292547 9.789693 9.789693 9.789693 9.789693 9.789693 7.5226674 7.5226674 9.789693 9.789693 9.789693 9.789693 7.3020473 7.3020473 7.3020473 7.3020473 5.7509265 7.119061 7.119061 7.119061 7.119061 7.119061 7.119061 7.119061 7.119061 5.7509265 5.7509265 5.7509265 5.7509265 5.7509265 5.7509265 5.7509265 5.7509265 7.119061 7.119061 7.119061 7.119061 7.119061 7.119061 5.7509265 9.592602
7.3020473 7.3020473 9.789693 9.789693 9.789693 9.789693 9.789693 9.789693 9.789693 9.789693 10.843041 12.292547 10.843041 10.843041 12.292547 12.292547 12.292547 12.292547 12.292547 12.292547 12.292547 12.292547 9.789693 9.789693 9.789693 7.5226674 7.5226674 7.5226674 12.292547 9.789693 9.789693 9.789693 7.5226674 7.3020473 7.3020473 7.3020473 5.900184 5.7509265 7.119061 7.119061 7.119061 7.119061 7.119061 7.119061 7.119061 7.119061 7.119061 5.7509265 5.7509265 5.7509265 5.7509265 5.7509265 5.7509265 5.7509265 7.119061 7.119061 7.119061 7.119061 7.119061 7.119061 7.3649282 9.592602
7.3020473 7.3020473 7.3020473 9.789693 7.3020473 7.3020473 9.789693 9.789693 9.789693 9.789693 7.5226674 12.292547 12.292547 12.292547 12.292547 10.843041 12.292547 12.292547 12.292547 12.292547 12.292547 12.292547 12.292547 12.292547 7.5226674 7.5226674 12.292547 9.789693 9.789693 9.789693 9.789693 9.789693 7.5226674 7.3020473 7.3020473 7.3020473 7.3020473 9.592602 9.592602 9.592602 7.119061 5.7509265 7.119061 7.119061 7.119061 7.119061 7.119061 5.7509265 5.7509265 5.7509265 5.7509265 5.7509265 5.7509265 5.7509265 7.119061 7.569903 7.569903 7.119061 7.119061 7.119061 9.592602 9.592602
5.6194487 5.6194487 5.6194487 7.135604 9.212462 9.212462 6.931303 9.212462 9.212462 9.212462 9.212462 11.42092 11.42092 11.42092 11.42092 10.15911 10.15911 11.42092 10.15911 11.42092 11.42092 11.42092 11.42092 11.42092 11.42092 11.42092 7.135604 9.212462 9.212462 9.212462 9.212462 7.135604 7.135604 6.931303 6.931303 6.931303 9.212462 9.236827 9.236827 9.236827 6.9968987 5.717743 6.9968987 6.9968987 5.717743 5.717743 5.717743 5.717743 5.717743 5.717743 5.717743 5.717743 5.717743 5.717743 5.717743 6.9968987 7.4156647 5.717743 9.236827 9.236827 9.236827 9.236827
5.6194487 5.6194487 5.6194487 7.135604 9.212462 9.212462 9.212462 9.212462 9.212462 9.212462 9.212462 9.212462 9.212462 9.212462 11.42092 10.887107 10.15911 10.15911 10.15911 10.15911 11.42092 11.42092 11.42092 11.42092 11.42092 7.135604 7.135604 7.135604 7.135604 9.212462 9.212462 7.135604 9.212462 6.931303 6.931303 6.931303 9.212462 9.236827 9.236827 9.236827 6.9968987 6.9968987 5.717743 5.717743 6.9968987 5.717743 5.717743 5.717743 5.717743 5.717743 6.9968987 6.9968987 7.2174807 7.2174807 5.717743 6.9968987 9.236827 7.2174807 7.2174807 11.3581705 9.236827 11.3581705
5.6194487 5.6194487 5.6194487 9.212462 9.212462 9.212462 11.42092 11.601794 11.601794 9.212462 9.212462 9.212462 9.212462 9.212462 11.42092 11.42092 11.42092 10.15911 10.15911 9.212462 9.212462 11.42092 11.42092 11.42092 11.42092 11.42092 7.135604 7.135604 7.135604 9.212462 11.42092 9.212462 9.212462 6.931303 6.931303 6.931303 9.212462 9.236827 9.236827 6.9968987 6.9968987 6.9968987 6.9968987 6.9968987 6.9968987 6.9968987 5.717743 5.717743 5.717743 5.717743 5.717743 7.2174807 9.236827 7.2174807 7.2174807 9.236827 9.236827 9.236827 11.3581705 11.537095 11.3581705 11.3581705
5.6194487 5.6194487 5.6194487 5.6194487 9.212462 9.212462 9.212462 9.212462 11.601794 11.601794 11.42092 9.212462 9.212462 9.212462 11.42092 11.42092 11.42092 10.15911 10.15911 9.212462 9.212462 11.42092 11.42092 11.42092 9.212462 10.15911 10.15911 9.212462 11.42092 11.42092 11.42092 9.212462 9.212462 6.931303 6.931303 6.931303 9.212462 9.236827 9.236827 6.9968987 5.717743 6.9968987 6.9968987 6.9968987 6.9968987 6.9968987 5.717743 5.717743 5.717743 5.717743 7.57802 6.9968987 9.236827 9.236827 9.236827 10.142552 10.142552 10.142552 11.3581705 11.537095 11.3581705 9.236827
