Export/ASCII/RMeteo_SP_inch/p1/RMeteo_2015_SP2_inch.asc
ncols         660
nrows         338
xllcorner     1476150
yllcorner     5017150
cellsize      100
NODATA_value  -9.9e-20
[rows 81 to 107 of 338, columns 122 to 182 of 660]
5.817782 5.817782 5.817782 6.788597 6.788597 6.788597 6.8503923 6.8503923 6.8503923 6.8503923 6.8503923 6.8503923 6.8503923 6.8503923 6.8503923 6.8503923 6.8503923 6.788597 5.817782 6.788597 6.788597 6.788597 6.8503923 6.8503923 6.8503923 6.8503923 6.8503923 6.8503923 6.8503923 6.8503923 6.8503923 6.4147644 6.4147644 6.8503923 6.845518 6.845518 6.8503923 6.8503923 6.8503923 6.5433054 6.5433054 6.5433054 6.5433054 6.5433054 6.5433054 6.5433054 6.5433054 6.5433054 6.5433054 6.5433054 6.5433054 6.5433054 6.5433054 6.5433054 6.5433054 6.5433054 6.5433054 6.5433054 6.5433054 6.5433054 6.5433054
5.817782 5.817782 6.788597 6.788597 6.788597 6.8503923 6.8503923 6.8503923 6.8503923 6.8503923 6.8503923 6.8503923 6.8503923 6.8503923 6.8503923 6.8503923 6.8503923 6.788597 6.788597 6.788597 6.788597 6.788597 6.788597 6.8503923 6.8503923 6.8503923 6.8503923 6.8503923 6.8503923 6.8503923 6.8503923 6.4147644 6.8503923 6.8503923 6.845518 6.845518 6.8503923 6.8503923 6.8503923 6.5433054 6.5433054 6.5433054 6.5433054 6.5433054 6.5433054 6.5433054 6.5433054 6.5433054 6.5433054 6.5433054 6.5433054 6.5433054 6.5433054 6.5433054 6.5433054 6.5433054 6.5433054 6.5433054 6.5433054 6.5433054 6.5433054
6.788597 6.788597 6.788597 6.8503923 6.8503923 6.8503923 6.8503923 6.8503923 6.8503923 6.8503923 6.8503923 6.8503923 6.8503923 6.8503923 6.8503923 6.8503923 6.8503923 6.4147644 6.788597 6.788597 6.788597 6.788597 6.788597 6.8503923 6.8503923 6.8503923 6.8503923 6.8503923 6.8503923 6.8503923 6.8503923 6.8503923 6.8503923 6.8503923 6.8503923 6.8503923 6.8503923 6.8503923 6.8503923 6.5433054 6.5433054 6.5433054 6.5433054 6.5433054 6.5433054 6.5433054 6.5433054 6.5433054 6.5433054 6.5433054 6.5433054 6.5433054 6.5433054 6.5433054 6.5433054 6.5433054 6.5433054 6.5433054 6.5433054 6.53736 6.53736
6.4147644 6.8503923 6.8503923 6.8503923 6.8503923 6.8503923 6.8503923 6.8503923 6.8503923 6.8503923 6.8503923 6.8503923 6.8503923 6.8503923 6.8503923 6.8503923 6.4147644 6.4147644 6.4147644 6.4147644 6.8503923 6.788597 6.788597 6.8503923 6.8503923 6.8503923 6.8503923 5.8003936 6.8503923 6.8503923 6.8503923 6.8503923 6.8503923 6.8503923 6.8503923 6.8503923 6.8503923 6.8503923 6.8503923 6.5433054 6.5433054 6.5433054 6.5433054 6.5433054 6.5433054 6.5433054 6.5433054 6.5433054 6.5433054 6.5433054 6.5433054 6.5433054 6.5433054 6.5433054 6.5433054 6.5433054 6.5433054 6.5433054 6.5433054 6.53736 6.5433054
6.4147644 6.4147644 6.8503923 6.8503923 6.8503923 6.8503923 6.8503923 6.8503923 6.8503923 6.8503923 6.8503923 6.8503923 6.8503923 6.8503923 6.8503923 6.788597 6.4147644 6.4147644 5.6158667 6.4147644 6.8503923 6.845518 6.8503923 6.8503923 6.845518 6.8503923 5.8003936 5.8003936 6.8503923 6.8503923 6.8503923 6.8503923 6.8503923 6.8503923 6.8503923 6.8503923 6.8503923 6.8503923 6.8503923 6.5433054 6.5433054 6.5433054 6.5433054 6.5433054 6.5433054 6.5433054 6.5433054 6.5433054 6.5433054 6.4790993 6.5433054 6.5433054 6.4790993 6.4790993 6.5433054 6.5433054 6.5433054 6.5433054 6.5433054 6.5433054 6.5433054
6.4147644 5.8003936 6.8503923 6.8503923 6.8503923 6.8503923 6.8503923 6.8503923 6.8503923 6.8503923 6.8503923 6.8503923 6.8503923 6.8503923 6.788597 6.788597 6.8503923 6.4147644 6.4147644 6.4147644 6.845518 6.845518 6.845518 6.845518 6.845518 6.845518 6.8503923 6.8503923 6.8503923 5.877144 6.8503923 6.8503923 6.8503923 6.8503923 6.8503923 6.8503923 6.8503923 6.8503923 6.8503923 6.4790993 6.4790993 6.5433054 6.5433054 6.5433054 6.5433054 6.5433054 6.5433054 6.5433054 6.4790993 6.4790993 6.4790993 6.4790993 6.4790993 6.4790993 6.53736 6.53736 6.5433054 6.5433054 6.5433054 6.5433054 6.5433054
6.8503923 6.8503923 6.8503923 6.8503923 6.8503923 6.8503923 6.8503923 6.8503923 6.788597 6.788597 6.8503923 6.8503923 6.8503923 6.4147644 6.4147644 6.8503923 6.8503923 6.8503923 6.8503923 6.8503923 6.8503923 6.845518 6.788597 6.788597 6.845518 6.845518 6.8503923 6.8503923 6.8503923 6.8503923 6.8503923 6.8503923 6.8503923 6.4147644 6.4147644 6.8503923 6.8503923 6.8503923 6.4147644 6.4790993 6.4790993 6.5433054 6.5433054 6.5433054 6.5433054 6.5433054 6.5433054 6.5433054 6.4790993 6.4790993 6.4790993 6.4790993 6.5433054 6.5433054 6.5433054 6.5433054 6.5433054 6.5433054 6.5433054 6.5433054 6.5433054
6.8503923 6.8503923 6.8503923 6.8503923 6.8503923 6.8503923 6.8503923 6.8503923 6.8503923 6.8503923 6.8503923 6.8503923 6.8503923 6.788597 6.4147644 6.4147644 6.4147644 6.8503923 6.8503923 6.8503923 6.8503923 6.788597 6.788597 6.788597 6.845518 6.8503923 6.8503923 6.8503923 6.8503923 6.8503923 6.8503923 6.8503923 6.8503923 6.4147644 6.4147644 6.8503923 6.8503923 6.8503923 6.4147644 6.1085486 6.5433054 6.5433054 6.5433054 6.5433054 6.53736 6.53736 6.5433054 6.5433054 6.5433054 6.4790993 6.53736 6.53736 6.53736 6.5433054 6.5433054 6.5433054 6.5433054 6.5433054 6.5433054 6.5433054 6.5433054
6.8503923 6.8503923 6.8503923 6.8503923 6.8503923 6.8503923 6.8503923 6.8503923 6.8503923 6.8503923 6.8503923 6.8503923 6.8503923 6.788597 6.4147644 6.4147644 6.4147644 6.8503923 6.8503923 6.8503923 6.8503923 6.788597 6.788597 6.8503923 6.8503923 6.8503923 6.8503923 6.8503923 6.8503923 6.8503923 6.8503923 6.8503923 6.8503923 6.8503923 6.4147644 6.845518 6.845518 6.8503923 6.8503923 6.1085486 6.5433054 6.5433054 6.5433054 6.53736 6.53736 6.53736 6.5433054 6.5433054 6.5433054 6.4790993 6.1085486 6.5433054 6.5433054 6.5433054 6.5433054 6.5433054 6.5433054 6.5433054 6.5433054 6.5433054 6.4790993
6.8503923 6.8503923 6.8503923 6.8503923 6.8503923 6.8503923 6.8503923 6.8503923 6.8503923 6.8503923 6.8503923 6.8503923 6.8503923 6.8503923 6.4147644 6.4147644 6.4147644 6.8503923 6.8503923 6.8503923 6.8503923 6.8503923 6.8503923 6.8503923 6.8503923 6.8503923 6.8503923 6.8503923 6.8503923 6.8503923 6.8503923 6.8503923 6.8503923 6.8503923 6.8503923 6.845518 6.845518 6.8503923 6.788597 6.4790993 6.4790993 6.4790993 6.4790993 6.4790993 6.4790993 6.4790993 6.5433054 6.5433054 6.5433054 6.4790993 6.4790993 6.1085486 6.5433054 6.5433054 6.5433054 6.5433054 6.5433054 6.5433054 6.5433054 6.5433054 6.4790993
6.8503923 6.8503923 6.8503923 6.8503923 6.8503923 6.8503923 6.8503923 6.8503923 6.8503923 6.8503923 6.8503923 6.8503923 6.8503923 6.8503923 6.8503923 6.8503923 6.8503923 6.8503923 6.8503923 6.8503923 6.8503923 6.8503923 6.845518 6.845518 6.8503923 6.8503923 6.8503923 6.8503923 6.8503923 6.8503923 6.8503923 6.8503923 6.8503923 6.8503923 6.8503923 6.8503923 6.8503923 6.8503923 6.788597 6.4790993 6.4790993 6.4790993 6.4790993 6.4790993 6.4790993 6.4790993 6.5433054 6.5433054 6.5433054 6.4790993 6.4790993 6.1085486 6.5433054 6.5433054 6.5433054 6.5433054 6.5433054 6.5433054 6.5433054 6.1085486 6.53736
6.8503923 6.8503923 6.8503923 6.8503923 6.8503923 6.8503923 6.8503923 6.8503923 6.8503923 6.788597 6.8503923 6.8503923 6.8503923 6.8503923 6.8503923 6.8503923 6.8503923 6.8503923 6.8503923 6.8503923 6.8503923 6.8503923 6.845518 6.845518 6.8503923 6.8503923 6.8503923 5.8003936 6.8503923 6.8503923 6.8503923 6.8503923 6.8503923 6.8503923 6.788597 6.788597 6.788597 6.788597 6.788597 6.4790993 5.5331774 5.5331774 6.4790993 6.4790993 6.4790993 6.4790993 6.5433054 6.4790993 6.4790993 6.5433054 6.5433054 6.5433054 6.5433054 6.5433054 6.5433054 6.5433054 6.5433054 6.5433054 6.5433054 6.1085486 5.576022
6.8503923 6.8503923 6.8503923 6.8503923 6.8503923 6.8503923 6.8503923 6.8503923 6.8503923 6.788597 6.4147644 6.8503923 6.8503923 6.8503923 6.8503923 6.8503923 6.8503923 6.8503923 6.8503923 6.8503923 6.845518 6.845518 6.8503923 6.788597 6.8503923 6.8503923 6.8503923 6.8503923 6.8503923 6.8503923 6.8503923 6.8503923 6.8503923 6.788597 6.788597 6.788597 5.817782 5.817782 5.817782 5.335689 5.5331774 5.5331774 6.4790993 6.4790993 6.4790993 6.4790993 6.5433054 6.4790993 6.4790993 6.5433054 6.5433054 6.5433054 6.5433054 6.5433054 6.5433054 6.5433054 6.5433054 6.5433054 6.5433054 6.53736 6.53736
6.8503923 6.8503923 6.8503923 6.8503923 6.8503923 6.8503923 6.8503923 6.8503923 6.8503923 6.4147644 6.4147644 6.8503923 6.8503923 6.8503923 6.8503923 6.8503923 6.8503923 6.8503923 6.845518 6.845518 6.845518 6.845518 6.8503923 6.8503923 6.8503923 6.8503923 6.8503923 6.8503923 6.8503923 6.8503923 6.8503923 6.8503923 6.788597 6.788597 5.817782 5.817782 5.817782 5.817782 5.817782 5.335689 5.335689 5.5331774 6.4790993 6.4790993 6.4790993 6.4790993 6.4790993 6.5433054 6.5433054 6.5433054 6.1085486 6.1085486 6.1085486 6.1085486 6.5433054 6.5433054 6.5433054 6.5433054 6.5433054 6.5433054 6.5433054
6.8503923 6.8503923 6.8503923 6.8503923 6.8503923 6.8503923 6.8503923 6.8503923 6.8503923 6.8503923 6.8503923 6.8503923 6.8503923 6.8503923 6.8503923 6.8503923 6.8503923 6.8503923 6.8503923 6.788597 6.788597 6.8503923 6.8503923 6.8503923 6.8503923 6.8503923 6.8503923 6.8503923 6.8503923 6.8503923 6.8503923 6.8503923 6.8503923 6.788597 5.817782 5.817782 5.817782 5.6158667 5.6158667 5.335689 5.335689 5.5331774 6.4790993 6.4790993 6.4790993 6.4790993 6.4790993 6.4790993 6.5433054 6.5433054 6.53736 5.576022 6.1085486 6.1085486 6.5433054 6.5433054 6.5433054 6.5433054 6.5433054 6.5433054 6.5433054
6.8503923 6.8503923 6.8503923 6.8503923 6.788597 6.8503923 6.8503923 6.8503923 6.8503923 6.8503923 6.8503923 6.8503923 6.8503923 6.8503923 6.8503923 6.8503923 6.8503923 6.8503923 6.8503923 6.8503923 6.788597 6.8503923 6.8503923 6.8503923 6.8503923 6.8503923 6.4147644 6.8503923 6.8503923 6.8503923 6.8503923 6.8503923 6.8503923 6.788597 6.788597 5.817782 5.817782 5.817782 5.6158667 5.335689 5.335689 5.335689 6.1085486 6.4790993 6.4790993 6.4790993 6.4790993 6.4790993 6.5433054 6.5433054 6.53736 6.53736 6.5433054 6.5433054 6.5433054 6.5433054 6.5433054 5.5842505 5.5842505 6.5433054 6.5433054
6.8503923 6.8503923 6.8503923 6.788597 6.788597 6.8503923 6.8503923 6.8503923 6.8503923 6.8503923 6.8503923 6.8503923 6.8503923 6.8503923 6.8503923 6.8503923 6.8503923 6.8503923 6.8503923 6.8503923 6.8503923 6.8503923 6.8503923 6.8503923 6.8503923 6.4147644 6.4147644 6.4147644 6.845518 6.845518 6.8503923 6.8503923 6.788597 6.788597 6.788597 5.817782 5.817782 5.817782 5.6158667 5.335689 5.335689 6.1085486 6.1085486 6.4790993 6.4790993 5.5331774 5.5331774 6.4790993 6.1085486 6.1085486 6.5433054 6.5433054 6.5433054 6.5433054 6.5433054 6.5433054 6.5433054 6.5433054 6.5433054 6.5433054 6.5433054
6.788597 6.788597 6.8503923 6.8503923 6.788597 6.788597 6.8503923 6.8503923 6.8503923 6.8503923 6.8503923 6.8503923 6.8503923 6.8503923 6.8503923 6.8503923 6.8503923 6.8503923 6.8503923 6.8503923 6.8503923 6.8503923 6.8503923 6.8503923 6.8503923 6.8503923 6.4147644 6.4147644 6.845518 6.845518 6.8503923 6.8503923 6.788597 5.817782 5.817782 5.817782 5.817782 5.817782 5.817782 5.5331774 5.335689 6.1085486 6.4790993 6.4790993 5.5331774 6.4790993 6.1085486 6.1085486 6.1085486 6.1085486 6.5433054 6.5433054 6.5433054 6.5433054 6.5433054 6.5433054 6.5433054 6.5433054 6.5433054 6.5433054 6.5433054
6.788597 6.788597 6.788597 6.788597 6.788597 6.788597 6.8503923 6.8503923 6.8503923 6.8503923 6.8503923 6.8503923 6.8503923 6.8503923 6.8503923 6.8503923 6.8503923 6.8503923 6.8503923 6.8503923 6.8503923 6.8503923 6.8503923 6.8503923 6.8503923 6.8503923 6.4147644 6.4147644 6.8503923 6.8503923 6.8503923 6.8503923 6.788597 6.788597 5.817782 5.817782 5.817782 5.817782 5.817782 5.5331774 5.5331774 5.5331774 5.5331774 5.5331774 5.5331774 6.4790993 6.1085486 6.1085486 6.1085486 6.1085486 6.5433054 6.5433054 6.5433054 6.5433054 6.5433054 6.5433054 6.5433054 6.5433054 6.5433054 6.53736 6.53736
6.788597 6.788597 6.788597 6.8503923 6.788597 6.788597 6.788597 6.8503923 6.8503923 6.8503923 6.8503923 6.8503923 6.8503923 6.8503923 6.8503923 6.8503923 6.8503923 6.8503923 6.8503923 6.8503923 6.845518 6.845518 6.8503923 6.8503923 6.8503923 6.8503923 6.8503923 6.8503923 6.8503923 6.8503923 6.8503923 6.8503923 6.8503923 6.788597 6.788597 5.817782 5.817782 6.788597 6.788597 5.5331774 5.5331774 5.5331774 5.5331774 5.5331774 5.5331774 6.4790993 6.1085486 6.1085486 6.1085486 6.5433054 6.5433054 6.5433054 6.5433054 6.5433054 6.5433054 6.5433054 6.5433054 6.5433054 6.5433054 6.53736 6.53736
6.788597 6.788597 6.788597 6.4147644 6.788597 6.788597 6.788597 6.4147644 6.8503923 6.8503923 6.8503923 6.8503923 6.8503923 6.8503923 6.8503923 6.8503923 6.8503923 6.8503923 6.8503923 6.788597 6.845518 6.845518 6.845518 6.8503923 6.8503923 6.8503923 6.8503923 6.8503923 6.8503923 6.8503923 6.8503923 6.788597 6.788597 6.788597 6.788597 5.817782 5.817782 6.788597 6.788597 6.4790993 6.4790993 6.4790993 6.1085486 6.1085486 6.4790993 6.1085486 6.1085486 6.1085486 6.1085486 6.5433054 6.5433054 6.5433054 6.5433054 6.5433054 6.53736 6.5433054 6.5433054 6.5433054 6.5433054 6.5433054 6.5433054
5.817782 6.788597 6.788597 5.6158667 6.788597 6.788597 6.788597 6.845518 6.845518 6.8503923 6.8503923 6.8503923 6.8503923 6.8503923 6.8503923 6.8503923 6.8503923 6.8503923 6.8503923 6.788597 6.788597 6.8503923 6.845518 6.845518 6.8503923 6.4147644 6.8503923 6.8503923 6.845518 6.8503923 6.788597 6.788597 6.788597 6.788597 6.788597 6.788597 6.788597 6.788597 6.788597 6.4790993 6.4790993 6.1085486 6.1085486 6.1085486 6.1085486 6.1085486 6.1085486 6.1085486 6.1085486 6.5433054 6.5433054 6.5433054 6.5433054 6.5433054 6.5433054 6.5433054 6.5433054 6.5433054 6.5433054 6.5433054 6.5433054
5.3413935 5.3413935 5.3413935 5.3413935 6.0335503 5.3413935 6.0335503 6.0335503 6.0790167 6.082676 6.082676 6.082676 6.082676 6.082676 6.082676 6.082676 6.082676 6.082676 6.082676 6.082676 6.0335503 6.0335503 6.082676 6.0335503 6.0335503 5.732769 6.0335503 6.0335503 6.0790167 6.082676 6.0335503 6.0335503 6.0335503 6.0335503 6.0335503 6.0335503 6.0335503 5.732769 5.732769 5.419335 5.419335 5.419335 5.419335 5.419335 5.419335 5.419335 5.419335 5.7122283 5.759842 5.759842 5.759842 5.759842 5.759842 5.759842 5.759842 5.759842 5.759842 5.756634 5.756634 5.759842 5.759842
5.151869 5.3413935 5.3413935 5.3413935 5.3413935 5.3413935 6.0335503 6.0335503 6.082676 6.082676 6.082676 6.082676 6.0335503 6.0335503 6.082676 6.082676 6.082676 6.082676 6.082676 6.082676 6.0335503 6.0335503 6.0335503 6.0335503 6.0335503 5.732769 6.0335503 6.0335503 6.082676 6.082676 6.0335503 6.0335503 6.0335503 6.082676 6.082676 6.0335503 6.0335503 5.732769 5.732769 4.821793 4.821793 4.821793 5.419335 5.419335 5.419335 5.419335 5.419335 5.7122283 5.756634 5.7122283 5.419335 5.759842 5.759842 5.759842 5.759842 5.759842 5.759842 5.756634 5.756634 5.759842 5.759842
5.3413935 5.3413935 5.3413935 5.3413935 5.3413935 5.3413935 5.3413935 6.0335503 6.0335503 6.0335503 5.3413935 5.3793554 5.3413935 5.3413935 5.151869 5.400716 6.082676 6.082676 6.082676 6.082676 6.0335503 6.0335503 5.3413935 5.3413935 6.0335503 6.0335503 6.0335503 6.0790167 6.082676 6.082676 6.082676 6.082676 6.082676 6.082676 6.082676 6.082676 6.082676 6.082676 5.732769 5.419335 5.419335 5.419335 5.419335 5.756634 5.759842 5.759842 5.7122283 5.7122283 5.756634 5.7122283 5.419335 5.419335 5.759842 5.759842 5.759842 5.759842 5.759842 5.756634 5.756634 5.759842 5.759842
5.3413935 5.3413935 5.3413935 5.3413935 5.3413935 5.3413935 5.3413935 5.3413935 5.3413935 5.3413935 5.3413935 5.3793554 5.151869 5.151869 5.151869 5.400716 5.400716 5.400716 5.400716 5.400716 6.0335503 6.0335503 5.3413935 5.3413935 5.732769 5.732769 5.732769 6.0335503 6.082676 6.082676 6.082676 6.082676 6.082676 6.082676 6.082676 6.082676 6.082676 6.082676 5.732769 5.759842 5.759842 5.759842 5.759842 5.759842 5.759842 5.759842 5.756634 5.756634 5.759842 5.759842 5.759842 5.759842 5.759842 5.759842 5.759842 5.759842 5.759842 5.756634 5.756634 5.419335 5.759842
5.151869 5.151869 5.400717 5.3413935 5.3413935 5.3413935 5.3413935 5.151869 5.3413935 5.3413935 5.3413935 5.400716 5.400716 5.400716 5.400716 5.400716 5.400716 5.400716 5.400716 5.400716 5.3413935 5.3413935 5.3413935 5.3413935 5.151869 5.151869 5.732769 6.0335503 6.082676 6.082676 6.082676 6.082676 6.082676 6.082676 6.082676 6.082676 6.082676 6.082676 6.0335503 5.7122283 5.759842 5.759842 5.759842 5.759842 5.756634 5.756634 5.756634 5.756634 5.759842 5.759842 5.759842 5.759842 5.759842 5.759842 5.759842 5.759842 5.759842 5.759842 5.759842 5.759842 5.759842
