Export/ASCII/RMeteo_SP_inch/p1/RMeteo_2018_SP1_inch.asc
ncols         660
nrows         338
xllcorner     1476100.0
yllcorner     5017100.0
cellsize      100
NODATA_value  -9.9e-20
[rows 0 to 27 of 338, columns 558 to 619 of 660]
6.1141725 6.1141725 6.1141725 6.1141725 6.1141725 6.1141725 5.676422 5.676422 6.1141725 6.1141725 6.1141725 6.1141725 4.363734 4.363734 4.363734 4.363734 4.363734 4.363734 4.363734 4.3683476 4.3683476 5.676422 5.676422 4.176421 5.3905625 5.676422 6.1141725 4.3683476 4.3683476 4.3683476 4.3683476 4.3683476 4.3683476 4.3068414 4.3068414 4.3068414 4.3068414 4.3068414 4.3637357 4.176421 4.176421 4.176421 4.3068414 6.0431185 6.1141725 2.778268 2.7776287 2.7776287 2.778268 2.778268 6.0904713 2.778268 2.778268 2.778268 2.778268 2.778268 2.778268 2.778268 2.778268 2.778268 2.778268 2.7658675
6.0431185 6.1141725 6.1141725 6.1141725 6.1141725 6.1141725 5.676422 5.676422 6.1141725 6.1141725 6.1141725 4.3683476 4.363734 4.363734 4.363734 4.363734 4.363734 4.363734 6.1141725 6.1141725 6.1141725 4.176421 4.176421 4.176421 5.676422 5.676422 4.3683476 4.3683476 4.3683476 4.3683476 4.3683476 4.3683476 4.3683476 4.3683476 4.368253 4.368253 4.3068414 4.3068414 4.363734 4.176421 4.176421 4.176421 4.176421 2.778268 2.778268 2.778268 2.778268 2.778268 2.778268 2.778268 2.778268 2.7776287 2.7776287 2.778268 2.778268 2.778268 2.778268 2.778268 2.778268 2.778268 2.7658675 2.7658675
6.1141725 6.1141725 6.1141725 6.1141725 6.1141725 6.1141725 6.0431185 6.0431185 6.0431185 4.3683476 6.1141725 4.3068414 4.3068414 4.363734 4.363734 4.363734 4.363734 4.363734 6.1141725 6.1141725 6.1141725 4.3683476 4.176421 4.176421 6.1141725 6.1141725 4.3683476 4.3683476 4.3683476 4.3683476 4.3683476 4.3683476 4.3683476 4.3683476 4.368253 4.368253 4.3683476 4.3637357 4.363734 4.176421 4.176421 4.176421 4.176421 2.778268 2.778268 2.778268 2.778268 2.778268 2.778268 2.778268 2.778268 2.7776287 2.7776287 2.778268 2.778268 2.778268 2.778268 2.778268 2.778268 2.778268 2.7658675 2.7658675
6.1141725 6.1141725 6.1141725 6.1141725 6.1141725 6.1141725 6.1141725 6.0431185 5.676422 4.176421 5.676422 4.3068414 4.3068414 4.3068414 4.363734 4.363734 4.363734 6.103963 6.1141725 5.676422 5.676422 4.3683476 4.3683476 4.3683476 6.1141725 4.3683476 4.3683476 4.3683476 4.3683476 4.3683476 4.3683476 4.3683476 4.3683476 4.3683476 4.3683476 4.3683476 4.3683476 4.3637357 4.3637357 4.3683476 4.3683476 4.3683476 4.3683476 2.778268 2.778268 2.778268 2.778268 2.778268 2.778268 2.778268 2.778268 2.7776287 2.7776287 2.7776287 2.7751024 2.778268 2.778268 2.778268 2.778268 2.778268 2.778268 2.778268
5.676422 5.676422 5.676422 5.676422 5.676422 5.676422 5.676422 5.676422 5.676422 5.3905625 4.176421 4.3683476 4.3068414 4.3068414 4.3683476 4.3683476 4.3683476 6.1141725 6.1141725 5.676422 5.676422 4.3683476 4.3683476 4.176421 6.1141725 4.3683476 4.3683476 4.3683476 4.3683476 4.3683476 4.3683476 4.3683476 4.3683476 4.3683476 4.176421 4.363734 4.363734 4.3068414 4.3068414 4.3683476 4.3683476 4.3683476 4.3683476 6.1141725 2.778268 6.1141725 6.1141725 2.778268 2.778268 2.778268 2.778268 2.778268 2.7776287 2.7776287 2.7776287 2.778268 2.778268 2.778268 2.778268 2.778268 2.778268 2.778268
5.676422 5.676422 5.3905625 5.3905625 5.676422 5.676422 5.676422 5.676422 5.676422 6.0431185 4.3068414 4.3683476 4.3068414 4.3068414 4.3683476 4.3683476 6.1141725 6.1141725 6.1141725 6.1141725 4.3683476 4.3683476 4.3683476 4.176421 5.676422 4.3683476 4.3683476 4.3683476 4.3683476 4.3683476 4.3068414 4.3068414 4.3068414 4.3683476 4.176421 4.363734 4.3068414 4.3068414 4.3068414 4.3683476 4.3683476 4.363734 4.363734 6.103963 6.1141725 6.1141725 6.1141725 6.1141725 6.1141725 2.778268 2.778268 2.778268 2.7751024 2.7776287 2.7776287 2.778268 2.778268 2.778268 2.778268 2.778268 2.778268 2.778268
5.676422 5.676422 5.3905625 5.3905625 5.676422 5.676422 5.676422 6.0431185 6.0431185 6.0431185 4.3068414 4.176421 4.3683476 4.3683476 4.3683476 4.3683476 6.1141725 6.1141725 6.1141725 6.1141725 6.1141725 4.3683476 4.3683476 4.176421 4.176421 6.1141725 4.3683476 4.3068414 4.3683476 4.3683476 4.3068414 4.3068414 4.3068414 4.3683476 4.3068414 4.3068414 5.868788 5.868788 4.3068414 4.3068414 4.3068414 4.3068414 4.176421 5.676422 5.676422 5.676422 6.1141725 6.1141725 6.1141725 6.1141725 6.1141725 2.778268 2.778268 2.778268 2.7776287 2.7776287 2.778268 2.778268 2.778268 2.778268 2.778268 2.778268
5.676422 5.676422 5.3905625 5.3905625 5.3905625 5.3905625 5.3905625 5.868788 5.868788 6.0431185 4.176421 4.176421 4.176421 4.3683476 4.3683476 4.3683476 6.1141725 6.1141725 6.1141725 6.1141725 6.103963 4.363734 4.363734 4.3683476 4.3683476 6.1141725 4.3683476 4.3068414 4.3068414 4.3068414 4.3068414 4.3068414 4.3068414 4.3068414 4.3068414 5.3905625 5.3905625 5.3905625 5.3905625 5.868788 4.3068414 4.3068414 4.176421 5.3905625 5.3905625 5.676422 6.1141725 6.1141725 5.676422 6.1141725 6.1141725 6.103963 6.1141725 6.1141725 2.7776287 2.7776287 2.778268 2.778268 2.778268 2.778268 2.778268 2.778268
5.676422 5.676422 6.0431185 6.0431185 5.868788 5.868788 5.868788 5.868788 5.868788 6.0431185 4.176421 4.176421 4.176421 4.3683476 4.3683476 4.3683476 6.1141725 6.1141725 6.1141725 6.103963 6.103963 4.363734 4.363734 4.3683476 4.3683476 6.1141725 4.3683476 4.3068414 4.3068414 4.3068414 4.3068414 4.3068414 4.3068414 4.3068414 5.868788 5.3905625 5.3905625 5.3905625 5.3905625 5.868788 4.3068414 4.3068414 4.176421 5.676422 5.676422 5.676422 5.676422 5.676422 5.676422 5.676422 6.103963 6.103963 6.1141725 6.1141725 6.1141725 6.1141725 6.1141725 6.1141725 6.1141725 6.1141725 6.1141725 6.1141725
5.676422 6.0431185 6.0431185 6.0431185 5.868788 5.868788 5.868788 5.868788 6.0431185 6.0431185 6.0431185 4.176421 4.176421 4.363734 6.1141725 6.1141725 6.1141725 6.1141725 6.1141725 6.1141725 4.3683476 4.363734 4.3683476 4.3683476 4.3683476 6.1141725 6.1141725 4.3683476 4.3068414 4.3068414 4.3068414 4.3068414 4.3068414 4.3068414 4.3068414 5.868788 5.3905625 5.3905625 5.3905625 5.3905625 4.3068414 4.3068414 4.3068414 5.676422 5.676422 5.676422 5.676422 5.676422 5.3905625 5.676422 6.1141725 6.1141725 6.1141725 6.1141725 6.1141725 6.1141725 6.1141725 6.1141725 6.1141725 6.1141725 6.1141725 6.1141725
6.1141725 6.0431185 6.0431185 6.0431185 6.0431185 6.0431185 5.868788 5.868788 6.0431185 6.0431185 6.0431185 6.0431185 4.363734 4.363734 6.1141725 5.676422 5.676422 6.1141725 6.1141725 6.1141725 4.3683476 4.176421 4.176421 4.3683476 4.3683476 6.1141725 6.1141725 4.3683476 4.363734 4.3068414 4.3068414 4.3683476 4.3068414 4.3068414 4.3068414 5.868788 5.868788 5.868788 5.3905625 5.3905625 5.868788 4.3068414 4.3068414 6.1141725 6.1141725 5.676422 5.676422 5.676422 5.3905625 5.676422 5.676422 6.1141725 6.1141725 6.1141725 6.1141725 6.1141725 6.1141725 6.1141725 6.1141725 6.1141725 6.1141725 6.1141725
6.1141725 6.1141725 6.1141725 6.0431185 6.0431185 6.0431185 5.868788 5.868788 6.0431185 5.676422 5.3905625 6.0431185 6.103963 6.103963 6.1141725 5.676422 5.676422 6.1141725 5.676422 4.176421 4.3068414 4.3068414 4.3068414 4.3068414 4.3068414 6.1141725 6.1141725 6.1141725 6.103963 4.363734 4.363734 4.363734 4.3683476 4.3068414 4.3068414 4.3068414 4.3068414 5.868788 5.868788 4.3068414 4.3068414 4.3068414 6.1141725 6.1141725 5.676422 5.676422 5.676422 5.676422 5.676422 5.676422 5.676422 6.1141725 6.1141725 6.1141725 6.1141725 6.1141725 6.1141725 6.1141725 6.1141725 6.1141725 6.1141725 6.1141725
5.676422 5.676422 5.676422 5.676422 6.0431185 6.0431185 6.0431185 5.3905625 5.3905625 5.3905625 5.3905625 6.0431185 6.0431185 6.1141725 6.1141725 6.009584 6.103963 6.0431185 6.0431185 5.868788 4.3068414 4.3068414 4.3068414 4.3068414 4.3068414 4.3683476 6.1141725 6.1141725 6.1141725 4.363734 4.363734 4.363734 4.3683476 4.3683476 4.3068414 4.3068414 4.3068414 4.3068414 4.3068414 4.3068414 4.3068414 4.3068414 6.1141725 6.1141725 5.676422 5.676422 5.676422 5.676422 5.676422 5.676422 5.676422 5.676422 6.1141725 6.1141725 6.1141725 6.1141725 6.1141725 6.1141725 6.1141725 6.1141725 6.1141725 6.1141725
5.676422 5.676422 5.676422 5.676422 6.0431185 6.0431185 6.0431185 5.3905625 5.3905625 5.3905625 5.3905625 5.868788 5.676422 6.1141725 6.1141725 6.103963 6.103963 6.0431185 6.0431185 5.868788 4.3068414 4.3068414 4.3068414 4.3068414 3.8324409 6.1141725 6.1141725 6.1141725 6.1141725 6.1141725 4.3068414 4.3068414 4.3683476 4.3683476 4.3068414 4.3068414 4.3068414 4.3068414 4.3068414 4.3068414 4.3683476 6.1141725 6.1141725 6.1141725 6.1141725 6.1141725 5.676422 5.676422 5.676422 5.676422 5.676422 5.676422 6.1141725 6.1141725 6.1141725 6.1141725 6.1141725 6.1141725 6.1141725 6.1141725 6.1141725 6.0431185
5.676422 5.676422 5.3905625 5.3905625 6.0431185 6.0431185 6.0431185 6.0431185 5.3905625 5.3905625 5.3905625 6.0431185 6.0431185 6.1141725 6.1141725 6.1141725 5.676422 5.676422 6.0431185 5.868788 4.3068414 4.3068414 4.3683476 4.3683476 3.8324409 5.2741737 6.1141725 6.1141725 6.1141725 6.1141725 6.0431185 4.3683476 4.3683476 4.3683476 4.3683476 4.3683476 4.3068414 4.3068414 4.3068414 6.0431185 6.1141725 6.1141725 6.1141725 6.1141725 6.1141725 6.1141725 6.1141725 5.676422 5.676422 5.676422 5.676422 5.676422 5.676422 6.1141725 6.1141725 6.1141725 6.1141725 6.1141725 6.1141725 6.1141725 6.1141725 6.0431185
5.676422 5.3905625 6.009584 6.009584 6.0431185 5.868788 5.868788 5.868788 5.3905625 5.676422 5.676422 6.0431185 6.0431185 6.1141725 6.1141725 6.1141725 6.1141725 6.1141725 6.1141725 4.3068414 4.3068414 4.3683476 4.3683476 4.3683476 3.8324409 5.2741737 6.1141725 6.1141725 6.1141725 6.1141725 6.1141725 6.1141725 6.1141725 6.1141725 6.1141725 6.1141725 6.1141725 6.1141725 6.1141725 6.1141725 6.1141725 6.1141725 6.1141725 6.1141725 6.1141725 6.1141725 6.1141725 6.1141725 6.1141725 6.103963 5.676422 5.676422 5.676422 6.1141725 6.1141725 6.1141725 6.1141725 6.1141725 6.1141725 6.1141725 6.1141725 6.1141725
6.0431185 6.0431185 6.103963 6.103963 6.0431185 6.0431185 5.868788 6.0431185 5.676422 5.676422 6.0431185 6.103963 6.1141725 6.1141725 6.0431185 6.0431185 6.0431185 6.0431185 6.1141725 3.8324409 3.8324409 4.3683476 4.3683476 3.8324409 3.8324409 5.2741737 5.2741737 6.1141725 6.1141725 6.1141725 6.1141725 6.1141725 6.1141725 6.1141725 6.1141725 6.1141725 6.1141725 6.1141725 6.1141725 6.1141725 6.1141725 6.1141725 6.1141725 6.1141725 6.1141725 6.1141725 6.1141725 6.1141725 6.1141725 6.1141725 6.1141725 6.1141725 6.1141725 6.1141725 6.1141725 6.1141725 6.1141725 6.1141725 6.1141725 6.1141725 6.1141725 6.1141725
6.1141725 6.0431185 6.103963 6.103963 6.0431185 6.0431185 6.1141725 6.1141725 6.1141725 6.1141725 6.1141725 6.1141725 6.1141725 6.1141725 6.0431185 6.0431185 6.0431185 6.0431185 6.1141725 4.3683476 4.3683476 3.8324409 4.3683476 4.3683476 3.8324409 5.2741737 5.2741737 5.2741737 6.1141725 6.1141725 6.1141725 6.1141725 6.1141725 6.1141725 6.1141725 6.1141725 6.1141725 6.1141725 6.1141725 6.1141725 6.1141725 6.1141725 6.1141725 6.1141725 6.1141725 6.1141725 6.1141725 6.1141725 6.1141725 6.1141725 6.1141725 6.1141725 6.1141725 6.1141725 6.1141725 6.1141725 6.1141725 6.1141725 6.1141725 6.1141725 6.1141725 6.1141725
6.1141725 6.1141725 6.1141725 6.1141725 6.1141725 6.0431185 6.1141725 6.1141725 6.1141725 6.1141725 6.1141725 6.1141725 6.1141725 6.0431185 6.0431185 6.0431185 6.0431185 6.0431185 5.676422 5.676422 4.3683476 3.8324409 4.3683476 4.3683476 4.3683476 5.2741737 5.2741737 5.2741737 6.1141725 6.1141725 6.1141725 6.1141725 6.1141725 6.1141725 6.1141725 6.1141725 6.1141725 6.1141725 6.1141725 6.1141725 6.1141725 6.1141725 6.1141725 6.1141725 6.1141725 6.1141725 6.1141725 6.1141725 6.1141725 6.1141725 6.1141725 6.1141725 6.1141725 6.1141725 6.1141725 6.1141725 6.1141725 6.1141725 6.1141725 6.1141725 6.1141725 6.1141725
6.1141725 6.1141725 6.1141725 6.0431185 6.0431185 6.1141725 6.1141725 6.1141725 6.1141725 6.1141725 6.1141725 6.1141725 6.1141725 6.0431185 6.0431185 6.0431185 5.3905625 5.3905625 5.3905625 5.676422 4.3683476 4.3683476 4.3683476 4.3683476 4.3683476 3.8324409 5.2741737 5.2741737 6.1141725 6.1141725 6.1141725 6.1141725 6.1141725 6.1141725 6.1141725 6.1141725 6.1141725 6.1141725 6.1141725 6.1141725 6.1141725 6.1141725 6.1141725 6.1141725 6.1141725 6.1141725 6.1141725 6.1141725 6.1141725 6.1141725 6.1141725 6.1141725 6.1141725 6.1141725 6.1141725 6.1141725 6.1141725 6.1141725 6.1141725 6.1141725 6.1141725 6.0431185
6.1141725 6.1141725 6.1141725 6.0431185 6.0431185 6.1141725 6.1141725 6.1141725 6.1141725 6.1141725 6.1141725 6.1141725 6.1141725 6.1141725 6.1141725 6.1141725 5.676422 5.3905625 5.676422 6.1141725 6.1141725 4.3683476 4.3683476 4.3683476 4.3683476 4.3683476 3.8324409 5.2741737 6.1141725 6.1141725 6.1141725 6.1141725 6.1141725 6.1141725 6.1141725 6.1141725 6.1141725 6.1141725 6.1141725 6.103963 5.676422 5.676422 5.676422 5.676422 6.1141725 6.1141725 6.1141725 6.1141725 6.1141725 6.1141725 6.1141725 6.1141725 6.1141725 6.1141725 5.676422 5.676422 6.1141725 6.1141725 6.1141725 6.1141725 6.1141725 6.0431185
6.1141725 6.1141725 6.1141725 6.1141725 6.103963 6.0431185 6.1141725 6.1141725 6.1141725 6.1141725 6.1141725 6.1141725 6.1141725 6.1141725 6.1141725 6.1141725 6.1141725 6.1141725 6.1141725 5.2741737 6.1141725 4.3637357 4.176421 4.3683476 4.3683476 4.3683476 4.3683476 5.2741737 6.1141725 6.1141725 6.1141725 6.1141725 6.1141725 6.1141725 6.1141725 6.1141725 6.1141725 6.0431185 6.0431185 5.676422 5.676422 5.3905625 5.3905625 5.676422 5.676422 5.2741737 6.1141725 6.1141725 6.1141725 6.1141725 5.676422 5.676422 5.676422 5.676422 5.676422 5.676422 5.676422 5.676422 5.676422 6.1141725 6.103962 6.1141725
5.676422 6.1141725 6.1141725 6.0431185 6.0431185 6.0431185 6.1141725 6.1141725 6.1141725 6.1141725 6.1141725 6.1141725 6.1141725 6.1141725 6.1141725 6.1141725 6.1141725 6.103962 6.1141725 6.1141725 4.3683476 4.3637357 4.176421 4.3683476 3.8324409 4.3683476 4.3683476 5.2741737 6.1141725 6.1141725 6.1141725 6.1141725 6.1141725 6.1141725 6.1141725 6.1141725 6.0431185 6.0431185 6.103963 6.103963 5.3905625 5.3905625 5.3905625 5.676422 5.676422 6.1141725 6.1141725 5.676422 5.676422 5.676422 5.676422 5.676422 5.676422 5.3905625 5.3905625 5.3905625 5.676422 5.676422 5.676422 6.1141725 6.1141725 6.1141725
5.676422 6.1141725 6.0431185 6.0431185 6.0431185 6.0431185 6.0431185 6.0431185 6.1141725 6.1141725 6.1141725 6.1141725 6.1141725 6.103963 6.103963 6.103963 6.103963 6.103962 6.103962 6.0431185 4.3683476 4.3683476 4.176421 4.3683476 4.3683476 4.3683476 4.3683476 4.3683476 5.2741737 6.103962 6.103963 4.363734 6.1141725 6.1141725 6.1141725 6.1141725 6.1141725 6.0431185 6.0431185 6.103963 5.3905625 5.3905625 5.676422 5.676422 5.676422 5.676422 5.676422 5.676422 5.676422 5.676422 5.3905625 5.3905625 5.3905625 5.3905625 5.676422 5.676422 5.676422 5.676422 5.2741737 6.1141725 6.1141725 6.1141725
6.0627155 6.0627155 6.0627155 5.888665 6.0627155 6.0627155 6.0627155 6.0627155 6.0627155 6.1535425 6.1535425 6.0627155 6.1535425 6.138186 6.138186 6.138186 6.138186 6.138186 6.138186 6.0627155 4.28567 4.28567 4.28567 4.28567 4.28567 4.28567 4.28567 4.28567 4.28567 6.138186 6.138186 6.138186 4.2803774 6.1535425 6.1535425 6.1535425 6.1535425 6.1535425 6.1535425 6.1535425 5.684689 5.684689 5.684689 5.3980184 5.684689 5.684689 5.3980184 5.3980184 5.3980184 5.684689 5.684689 5.3980184 5.3980184 5.684689 5.684689 6.1535425 5.684689 6.0627155 6.0627155 6.0627155 6.138186 6.1535425
6.0627155 6.0627155 5.888665 5.888665 5.888665 5.888665 5.888665 6.0627155 6.0627155 6.0627155 6.0627155 6.0627155 6.0627155 6.0627155 6.138186 6.1535425 6.138186 6.138186 6.138186 6.0627155 4.28567 4.28567 4.28567 4.28567 4.28567 4.28567 4.28567 4.28567 4.28567 5.327795 6.1535425 6.138186 4.28567 4.28567 6.1535425 6.1535425 6.0627155 6.0627155 6.0627155 6.0627155 5.684689 5.684689 5.3980184 5.3980184 5.684689 5.684689 5.3980184 5.684689 5.684689 5.684689 5.684689 5.684689 5.684689 5.684689 6.1535425 6.1535425 6.1535425 6.0627155 6.0627155 6.0627155 6.0627155 6.0627155
6.0627155 6.0627155 6.0627155 5.888665 5.888665 5.888665 5.888665 5.888665 6.0627155 6.0627155 5.888665 5.888665 5.888665 6.0627155 6.138186 6.138186 6.138186 6.138186 6.138186 6.0627155 4.28567 4.28567 4.28567 4.28567 4.28567 4.28567 4.28567 4.2803774 4.2803774 5.327795 6.1535425 6.1535425 4.28567 4.28567 4.28567 4.280379 6.0627155 4.232908 6.0627155 6.0627155 6.0627155 5.3980184 5.3980184 5.3980184 5.684689 5.684689 5.3980184 5.684689 5.684689 5.684689 5.684689 5.684689 5.684689 5.684689 6.1535425 6.1535425 6.1535425 6.0627155 6.0627155 6.0627155 6.0627155 6.0627155
6.0627155 6.0627155 6.0627155 5.888665 5.888665 5.888665 5.888665 5.888665 5.888665 5.888665 5.888665 5.888665 6.0627155 6.0627155 6.1535425 6.1535425 6.138186 6.138186 6.138186 5.684689 4.28567 4.28567 4.28567 4.28567 4.28567 4.28567 4.28567 4.2803774 4.2803774 4.28567 6.1535425 6.1535425 4.28567 4.28567 4.28567 4.28567 4.28567 4.28567 4.232908 5.888665 6.0627155 6.0627155 5.3980184 5.3980184 5.684689 5.684689 5.684689 5.3980184 5.684689 5.684689 5.684689 5.684689 5.684689 5.684689 6.1535425 6.1535425 6.0627155 6.0627155 6.0627155 5.888665 5.888665 5.888665
