Export/ASCII/RMeteo_SP_inch/p1/RMeteo_2018_SP4_inch.asc
ncols         660
nrows         338
xllcorner     1476100.0
yllcorner     5017100.0
cellsize      100
NODATA_value  -9.9e-20
[rows 84 to 111 of 338, columns 496 to 557 of 660]
6.859663 6.859663 6.859663 6.859663 6.859663 5.775507 5.775507 9.518259 9.518259 7.117819 7.117819 7.117819 9.518259 9.518259 9.518259 9.518259 9.518259 10.396986 10.396986 10.396986 10.396986 7.117819 10.396986 10.396986 10.396986 10.396986 10.396986 10.396986 9.518259 9.518259 8.811483 6.859663 6.859663 6.859663 6.859663 6.859663 6.859663 6.859663 8.811483 8.811483 10.396986 10.396986 7.4315987 7.4315987 7.4315987 7.4315987 7.4315987 7.4315987 7.4315987 5.775507 7.4315987 7.4315987 6.859663 6.859663 5.775507 5.775507 7.4315968 7.242244 5.6343217 5.6343217 5.6343217 5.6343217
6.859663 6.859663 6.859663 6.859663 6.859663 6.859663 6.859663 6.859663 7.117819 10.396986 9.518259 8.811483 8.811483 9.518259 9.518259 9.518259 9.518259 10.396986 10.396986 10.396986 7.117819 7.117819 7.117819 10.396986 10.396986 10.396986 10.396986 10.396986 10.396986 9.518259 8.811483 6.859663 6.859663 6.859663 6.859663 6.859663 6.859663 8.811483 8.811483 8.811483 10.396986 10.396986 7.4315987 7.4315987 7.4315987 7.4315987 7.4315987 7.4315987 7.4315987 7.4315987 7.4315987 6.859663 6.859663 6.859663 5.775507 5.775507 5.775507 5.775507 5.6343217 5.6343217 5.6343217 5.6343217
6.859663 6.859663 6.859663 6.859663 6.859663 6.859663 6.859663 6.859663 8.811483 9.518259 9.518259 8.811483 8.811483 8.811483 10.396986 9.518259 9.518259 9.518259 9.518259 10.396986 10.396986 7.117819 10.396986 10.396986 10.396986 10.396986 10.396986 10.396986 10.396986 10.396986 7.117819 8.811483 8.811483 8.811483 8.811483 6.859663 5.775507 8.811483 8.811483 10.396986 10.396986 10.396986 10.396986 7.242244 7.242244 7.4315987 7.4315987 7.4315987 7.4315987 7.4315987 6.859663 6.859663 6.859663 6.859663 5.775507 5.775507 5.775507 5.775507 5.6343217 5.6343217 5.6343217 5.6343217
6.859663 6.859663 6.859663 6.859663 6.859663 6.859663 6.859663 6.859663 6.859663 7.117819 9.518259 8.811483 8.811483 8.811483 8.811483 9.518259 9.518259 9.518259 9.518259 10.396986 10.396986 9.518259 9.518259 10.396986 8.811483 10.396986 10.396986 7.117819 7.117819 7.117819 7.117819 7.117819 10.396986 10.396986 8.811483 6.859663 6.859663 8.811483 8.811483 9.518259 10.396986 10.396986 10.396986 9.518259 9.518259 10.396986 7.242244 7.4315987 7.4315987 7.242244 6.859663 6.859663 6.859663 6.859663 5.775507 6.859663 5.775507 5.775507 5.6343217 5.6343217 5.6343217 5.6343217
6.859663 6.859663 6.859663 6.859663 6.859663 6.859663 6.859663 6.859663 6.859663 8.811483 8.811483 8.811483 8.811483 8.811483 8.811483 10.396986 9.518259 9.518259 9.518259 10.396986 10.396986 9.518259 9.518259 8.811483 8.811483 10.396986 9.518259 7.117819 7.117819 5.775507 5.775507 9.518259 9.518259 10.192602 7.117819 5.775507 8.811483 10.396986 9.518259 9.518259 10.396986 10.396986 10.396986 8.811483 8.811483 10.396986 7.242244 7.242244 6.859663 6.859663 6.859663 6.859663 6.859663 5.775507 5.775507 6.859663 5.775507 5.775507 5.6343217 5.6343217 5.6343217 5.6343217
6.859663 6.859663 6.859663 6.859663 6.859663 6.859663 6.859663 6.859663 6.859663 6.859663 8.811483 8.811483 8.811483 8.811483 8.811483 8.811483 8.811483 9.518259 9.518259 9.518259 10.396986 9.518259 9.518259 8.811483 10.396986 10.396986 9.518259 9.518259 5.775507 5.775507 5.775507 9.518259 9.518259 10.396986 7.117819 5.775507 9.518259 9.518259 9.518259 10.396986 10.396986 10.396986 10.396986 10.396986 10.396986 10.396986 8.811483 6.859663 6.859663 6.859663 6.859663 6.859663 5.775507 5.775507 6.859663 0.0 6.859663 5.775507 5.6343217 5.6343217 5.6343217 5.6343217
6.859663 6.859663 6.859663 6.859663 6.859663 6.859663 6.859663 6.859663 6.859663 6.859663 8.811483 8.811483 8.811483 8.811483 8.811483 8.811483 8.811483 9.518259 9.518259 9.518259 10.396986 9.518259 9.518259 9.518259 10.396986 10.396986 7.117819 7.117819 7.117819 7.117819 5.775507 7.242244 9.518259 6.859663 5.775507 5.775507 7.242244 7.242244 9.518259 10.396986 10.396986 10.396986 10.396986 10.396986 8.811483 8.811483 8.811483 8.811483 6.859663 6.859663 6.859663 6.859663 5.775507 6.859663 6.859663 6.859663 6.859663 7.242244 5.6343217 5.6343217 5.6343217 5.6343217
6.859663 6.859663 6.859663 6.859663 6.859663 6.859663 6.859663 6.859663 6.859663 6.859663 6.859663 6.859663 6.859663 8.811483 8.811483 8.811483 9.518259 9.518259 9.518259 9.518259 10.396986 10.396986 9.518259 7.242244 10.396986 10.396986 10.396986 10.396986 7.117819 7.117819 7.117819 9.518259 9.518259 9.518259 9.518259 8.811483 10.396986 7.4315968 10.396986 10.396986 10.396986 8.811483 8.811483 8.811483 8.811483 8.811483 8.811483 8.811483 6.859663 7.242244 7.242244 5.775507 5.775507 6.859663 6.859663 6.859663 7.242244 6.859663 6.6222205 7.144572 7.144572 7.144572
6.859663 6.859663 5.775507 6.859663 6.859663 6.859663 6.859663 6.859663 6.859663 6.859663 6.859663 6.859663 6.859663 8.811483 8.811483 8.811483 8.811483 8.811483 8.811483 9.518259 10.396986 10.396986 8.811483 6.859663 10.396986 10.396986 10.396986 10.396986 10.396986 7.117819 10.396986 7.117819 7.117819 10.396986 10.396986 10.396986 7.4315968 6.859663 10.396986 8.811483 8.811483 8.811483 8.811483 8.811483 8.811483 8.811483 8.811483 7.117819 5.775507 6.859663 7.242244 5.775507 5.775507 5.775507 6.859663 6.859663 6.859663 6.859663 6.6222205 5.6343217 5.6343217 7.144572
7.4315968 7.242244 5.775507 6.859663 6.859663 6.859663 6.859663 6.859663 6.859663 6.859663 6.859663 6.859663 6.859663 8.811483 8.811483 8.811483 8.811483 8.811483 8.811483 8.811483 10.396986 10.510239 6.859663 6.859663 7.4315987 8.811483 8.811483 10.396986 10.396986 10.396986 10.396986 7.117819 7.117819 7.117819 10.396986 10.396986 8.811483 8.811483 8.811483 8.811483 10.396986 10.396986 8.811483 6.859663 8.811483 8.811483 8.811483 7.117819 6.859663 6.859663 6.859663 5.775507 5.775507 5.775507 6.859663 6.859663 6.859663 5.775507 5.6343217 5.6343217 5.6343217 6.6222205
7.4315968 5.775507 5.775507 6.859663 6.859663 6.859663 6.859663 8.811483 8.811483 7.4315968 6.859663 6.859663 6.859663 8.811483 8.811483 8.811483 8.811483 8.811483 10.396986 8.811483 10.396986 10.510239 6.859663 8.811483 8.811483 8.811483 8.811483 10.396986 10.396986 10.396986 6.859663 5.775507 7.117819 7.117819 8.811483 8.811483 8.811483 8.811483 10.396986 10.396986 10.396986 10.396986 8.811483 6.859663 6.859663 6.859663 8.811483 8.811483 5.775507 6.859663 5.775507 5.775507 5.775507 5.775507 5.775507 6.859663 5.775507 5.775507 5.6343217 5.6343217 5.6343217 5.6343217
5.775507 5.775507 5.775507 5.775507 6.859663 6.859663 6.859663 8.811483 8.811483 7.384486 7.384486 8.811483 8.811483 8.811483 8.811483 7.117819 7.117819 8.811483 10.396986 8.811483 10.396986 10.510239 6.859663 6.859663 10.396986 10.396986 8.811483 6.859663 5.775507 5.775507 10.396986 8.811483 8.811483 8.811483 8.811483 8.811483 10.396986 9.518259 9.518259 10.396986 10.396986 8.811483 8.811483 8.811483 6.859663 6.859663 6.859663 9.518259 8.811483 6.859663 6.859663 5.775507 5.775507 5.775507 5.775507 5.775507 5.775507 5.775507 5.6343217 5.6343217 5.6343217 5.6343217
5.775507 5.775507 5.775507 5.775507 6.859663 8.811483 8.811483 8.811483 8.811483 10.396986 10.396986 10.396986 7.117819 7.117819 7.117819 7.117819 7.117819 7.117819 10.396986 10.396986 10.396986 6.859663 6.859663 10.396986 10.396986 10.396986 10.396986 10.396986 10.396986 8.811483 8.811483 8.811483 8.811483 8.811483 10.396986 10.396986 8.811483 9.518259 9.518259 8.811483 8.811483 8.811483 6.859663 6.859663 7.117819 8.811483 8.811483 8.811483 8.811483 6.859663 6.859663 5.775507 5.775507 5.775507 5.775507 5.775507 5.775507 5.775507 5.6343217 5.6343217 6.9553638 6.9553638
7.4315968 7.4315968 7.4315968 7.4315968 7.4315968 10.396986 10.396986 10.396986 10.396986 10.396986 10.396986 10.396986 7.117819 7.117819 7.117819 7.117819 7.117819 7.117819 10.396986 10.396986 10.396986 10.396986 0.0 10.396986 10.396986 10.396986 8.811483 8.811483 8.811483 8.811483 6.859663 8.811483 8.811483 8.811483 8.811483 8.811483 8.811483 8.811483 9.518259 9.518259 7.117819 5.775507 7.117819 9.518259 7.117819 7.117819 8.811483 8.811483 8.811483 8.811483 7.4315987 6.859663 5.775507 5.775507 5.775507 5.775507 5.775507 5.775507 5.6343217 5.6343217 6.9553638 6.9553638
0.0 7.4315968 7.4315968 10.396986 8.811483 8.811483 8.811483 8.811483 9.518259 9.518259 10.396986 10.396986 10.396986 7.117819 7.117819 7.117819 7.117819 8.811483 8.811483 8.811483 8.811483 8.811483 8.811483 8.811483 8.811483 7.117819 7.117819 8.811483 6.859663 6.859663 6.859663 8.811483 8.811483 8.811483 8.811483 8.811483 8.811483 10.396986 9.518259 7.117819 7.117819 5.775507 7.117819 9.518259 7.117819 7.117819 8.811483 8.811483 8.811483 8.811483 6.859663 7.4315987 5.775507 5.775507 5.775507 6.859663 5.775507 6.859663 6.6222205 6.6222205 6.9553638 7.1445727
6.859663 5.775507 5.775507 7.117819 8.811483 8.811483 8.811483 7.117819 9.518259 9.518259 7.117819 7.117819 7.117819 7.117819 7.117819 8.811483 8.811483 8.811483 8.811483 8.811483 8.811483 8.811483 8.811483 8.811483 8.811483 5.775507 5.775507 6.859663 6.859663 8.811483 8.811483 8.811483 7.117819 10.396986 10.396986 10.396986 10.396986 10.396986 10.396986 7.117819 7.117819 7.117819 7.117819 7.117819 10.396986 10.396986 8.811483 8.811483 8.811483 8.811483 8.811483 7.4315987 7.4315987 6.859663 6.859663 6.859663 6.859663 6.859663 6.6222205 6.6222205 7.1445727 7.1445727
5.775507 5.775507 5.775507 7.117819 10.396986 10.396986 7.117819 5.775507 5.775507 5.775507 7.117819 7.117819 7.117819 7.117819 7.117819 7.117819 7.117819 7.117819 7.117819 5.775507 5.775507 5.775507 5.775507 6.859663 6.859663 5.775507 5.775507 5.775507 8.811483 8.811483 8.811483 5.775507 7.117819 10.396986 10.396986 10.396986 10.396986 10.396986 10.396986 7.117819 7.117819 10.396986 10.396986 10.396986 10.396986 10.396986 8.811483 8.811483 6.859663 8.811483 8.811483 10.396986 7.4315987 7.4315987 7.4315987 7.4315987 7.4315987 6.859663 7.1445727 7.1445727 7.1445727 7.1445727
5.775507 5.775507 5.775507 7.117819 10.396986 10.396986 7.117819 5.775507 5.775507 5.775507 7.117819 7.117819 7.117819 7.117819 7.117819 7.117819 7.117819 8.811483 8.811483 5.775507 5.775507 5.775507 7.242244 6.859663 6.859663 6.859663 5.775507 5.775507 6.859663 6.859663 8.811483 7.117819 7.117819 7.117819 10.396986 10.396986 10.396986 10.396986 10.396986 10.396986 10.396986 10.396986 10.396986 10.396986 10.396986 10.192602 8.811483 8.811483 6.859663 8.811483 8.811483 8.811483 7.4315987 7.4315987 7.4315987 7.4315987 7.4315987 6.859663 7.1445727 7.1445727 7.1445727 7.1445727
5.775507 5.775507 6.859663 10.396986 10.396986 10.396986 7.117819 5.775507 5.775507 5.775507 5.775507 5.775507 5.775507 7.117819 7.117819 7.117819 6.859663 6.859663 5.775507 6.859663 6.859663 6.859663 6.859663 6.859663 6.859663 6.859663 6.859663 6.859663 6.859663 8.811483 8.811483 7.117819 7.117819 10.396986 10.396986 10.396986 10.396986 10.396986 10.396986 9.518259 10.396986 10.396986 10.396986 10.396986 10.192602 10.192602 8.811483 8.811483 6.859663 8.811483 8.811483 8.811483 10.396986 10.396986 7.4315987 7.4315987 7.4315987 7.4315987 7.1445727 7.1445727 7.1445727 7.1445727
5.5928307 5.5928307 6.556052 9.59056 9.59056 9.59056 6.8082876 5.5928307 5.5928307 5.5928307 5.5928307 5.5928307 5.5928307 5.5928307 5.5928307 5.5928307 5.5928307 6.556052 5.5928307 6.556052 6.556052 6.556052 6.556052 6.556052 6.556052 6.556052 6.556052 8.283792 8.283792 8.283792 8.283792 8.283792 9.59056 9.59056 9.59056 9.59056 9.59056 9.59056 9.59056 8.881607 8.881607 9.59056 9.59056 9.59056 9.430604 9.59056 9.59056 8.283792 8.283792 8.283792 9.59056 9.59056 9.59056 9.59056 9.59056 7.0798674 7.0798674 7.0798674 7.020939 7.020939 7.020939 7.020939
6.556052 6.556052 6.556052 9.59056 9.59056 8.283792 8.283792 5.5928307 5.5928307 5.5928307 5.5928307 5.5928307 5.5928307 5.5928307 5.5928307 5.5928307 5.5928307 5.5928307 9.59056 8.283792 8.283792 6.556052 6.556052 6.556052 6.556052 6.556052 6.556052 8.283792 8.283792 8.283792 8.283792 8.283792 8.881607 9.59056 9.59056 9.59056 9.59056 9.59056 9.59056 9.59056 9.59056 9.59056 9.59056 9.59056 9.59056 9.59056 9.59056 9.59056 8.283792 8.283792 9.59056 9.59056 9.59056 9.59056 8.881607 9.59056 7.0798674 7.0798674 7.020939 7.020939 7.020939 7.020939
5.5928307 6.556052 6.556052 8.283792 8.283792 8.283792 6.556052 5.5928307 5.5928307 5.5928307 7.0798674 7.0798674 5.5928307 5.5928307 5.5928307 5.5928307 5.5928307 9.59056 8.283792 8.283792 8.283792 6.556052 6.556052 6.556052 6.556052 6.556052 6.556052 8.283792 8.283792 8.283792 8.283792 8.283792 8.283792 8.283792 9.59056 9.59056 9.59056 9.59056 9.59056 9.59056 9.59056 9.59056 9.59056 9.59056 9.59056 6.8082876 6.8082876 6.8082876 8.283792 8.283792 8.881608 8.881608 9.59056 8.881607 8.881607 9.59056 9.59056 7.0798674 7.020939 7.020939 6.803508 6.803508
8.283792 6.556052 6.556052 6.556052 6.556052 5.5928307 5.5928307 5.5928307 5.5928307 5.5928307 5.5928307 5.5928307 5.5928307 5.5928307 5.5928307 5.5928307 8.835665 9.59056 8.283792 8.283792 6.556052 6.556052 6.556052 6.556052 6.556052 6.556052 6.556052 8.283792 8.283792 8.283792 8.283792 8.283792 8.283792 8.283792 9.59056 9.59056 9.59056 9.59056 9.59056 9.59056 9.59056 9.59056 9.59056 9.59056 9.59056 6.8082876 6.8082876 6.8082876 8.283792 8.283792 8.881608 8.881608 8.881608 9.59056 9.59056 9.59056 8.881608 8.881608 7.020939 7.020939 6.803508 6.803508
8.283792 6.556052 6.556052 6.556052 6.556052 6.556052 6.556052 5.5928307 5.5928307 5.5928307 5.5928307 5.5928307 5.5928307 5.5928307 8.835665 9.59056 9.59056 9.59056 8.283792 8.283792 8.283792 6.556052 6.556052 6.556052 6.556052 6.556052 6.556052 8.283792 8.283792 8.283792 8.283792 8.283792 8.283792 8.283792 9.59056 9.59056 9.59056 9.59056 9.59056 9.59056 9.59056 8.881607 8.881607 9.59056 9.59056 9.59056 9.59056 8.283792 8.283792 8.283792 8.283792 8.881608 8.881608 9.59056 9.59056 9.430604 6.8082876 6.8082876 5.5307503 7.020939 7.020939 7.020939
6.8082876 5.5928307 6.556052 6.556052 6.556052 6.556052 6.556052 5.5928307 5.5928307 5.5928307 5.5928307 5.5928307 5.5928307 6.8082876 9.59056 9.59056 9.59056 9.59056 9.59056 9.59056 8.283792 8.283792 6.556052 6.556052 6.556052 6.556052 6.556052 6.556052 8.283792 8.283792 8.283792 8.283792 8.283792 9.59056 9.59056 9.59056 9.59056 9.59056 9.59056 9.59056 9.59056 8.881607 9.59056 9.59056 9.59056 9.59056 9.59056 8.283792 8.283792 8.283792 8.881608 8.881608 8.881608 9.59056 6.8082876 6.8082876 6.8082876 6.8082876 6.725253 7.020939 7.020939 7.020939
5.5928307 5.5928307 5.5928307 7.0798674 5.5928307 6.556052 5.5928307 5.5928307 5.5928307 5.5928307 5.5928307 7.0798674 7.0798674 6.8082876 9.59056 9.59056 9.59056 9.59056 9.59056 9.59056 9.59056 8.283792 6.556052 6.556052 6.556052 6.556052 6.556052 6.556052 8.283792 8.283792 8.283792 8.283792 9.59056 9.59056 9.59056 9.59056 9.59056 9.59056 9.59056 9.59056 9.59056 9.59056 9.59056 9.59056 9.59056 9.59056 9.59056 8.283792 8.283792 8.283792 8.283792 9.59056 9.59056 9.59056 6.8082876 6.871992 8.881607 6.8082876 9.461185 7.020939 7.020939 7.020939
5.5928307 5.5928307 5.5928307 5.5928307 5.5928307 5.5928307 5.5928307 5.5928307 5.5928307 5.5928307 5.5928307 7.0798674 7.0798674 5.5928307 9.59056 9.59056 9.59056 9.59056 9.59056 9.59056 6.8082876 8.283792 6.556052 6.556052 6.556052 6.556052 6.556052 6.556052 8.283792 8.283792 9.59056 9.59056 9.59056 9.59056 9.59056 9.59056 9.59056 9.59056 9.59056 9.59056 9.59056 9.59056 9.59056 9.59056 9.59056 9.59056 9.59056 8.283792 8.283792 8.283792 8.881607 8.881607 9.59056 9.59056 8.881607 8.881607 8.881607 9.59056 8.770308 8.770308 7.020939 7.020939
5.5928307 5.5928307 5.5928307 5.5928307 5.5928307 5.5928307 5.5928307 5.5928307 5.5928307 5.5928307 5.5928307 7.0798674 7.0798674 7.0798674 9.673181 9.59056 9.59056 9.59056 9.59056 9.59056 6.8082876 8.283792 6.556052 6.556052 6.556052 6.556052 8.283792 8.283792 8.283792 9.59056 9.59056 9.59056 9.59056 9.59056 9.59056 9.59056 9.59056 9.59056 9.59056 9.59056 9.59056 9.59056 9.59056 8.881607 8.881607 9.59056 9.59056 9.59056 9.59056 9.59056 9.59056 9.59056 9.59056 9.59056 9.59056 9.59056 9.59056 9.59056 8.770308 8.770308 7.020939 7.020939
