Export/ASCII/RMeteo_SP_inch/p1/RMeteo_2014_SP2_inch.asc
ncols         660
nrows         338
xllcorner     1476100.0
yllcorner     5017100.0
cellsize      100
NODATA_value  -9.9e-20
[rows 81 to 107 of 338, columns 122 to 182 of 660]
4.893963 4.893963 4.893963 5.25897 5.25897 5.25897 5.549931 5.549931 5.549931 5.549931 5.549931 5.549931 5.549931 5.549931 5.549931 5.549931 5.549931 5.25897 4.893963 5.25897 5.25897 5.25897 5.549931 5.549931 5.549931 5.549931 5.549931 5.549931 5.549931 5.549931 5.549931 4.7239566 4.7239566 5.549931 5.4128766 5.4128766 5.549931 5.549931 5.549931 6.2636957 6.2636957 6.2636957 6.2636957 6.2636957 6.2636957 6.2636957 6.2636957 6.2636957 6.2636957 6.2636957 6.2636957 6.2636957 6.2636957 6.2636957 6.2636957 6.2636957 6.2636957 6.2636957 6.2636957 6.2636957 6.2636957
4.893963 4.893963 5.25897 5.25897 5.25897 5.549931 5.549931 5.549931 5.549931 5.549931 5.549931 5.549931 5.549931 5.549931 5.549931 5.549931 5.549931 5.25897 5.25897 5.25897 5.25897 5.25897 5.25897 5.549931 5.549931 5.549931 5.549931 5.549931 5.549931 5.549931 5.549931 4.7239566 5.549931 5.549931 5.4128766 5.4128766 5.549931 5.549931 5.549931 6.2636957 6.2636957 6.2636957 6.2636957 6.2636957 6.2636957 6.2636957 6.2636957 6.2636957 6.2636957 6.2636957 6.2636957 6.2636957 6.2636957 6.2636957 6.2636957 6.2636957 6.2636957 6.2636957 6.2636957 6.2636957 6.2636957
5.25897 5.25897 5.25897 5.549931 5.549931 5.549931 5.549931 5.549931 5.549931 5.549931 5.549931 5.549931 5.549931 5.549931 5.549931 5.549931 5.549931 4.7239566 5.25897 5.25897 5.25897 5.25897 5.25897 5.549931 5.549931 5.549931 5.549931 5.549931 5.549931 5.549931 5.549931 5.549931 5.549931 5.549931 5.549931 5.549931 5.549931 5.549931 5.549931 6.2636957 6.2636957 6.2636957 6.2636957 6.2636957 6.2636957 6.2636957 6.2636957 6.2636957 6.2636957 6.2636957 6.2636957 6.2636957 6.2636957 6.2636957 6.2636957 6.2636957 6.2636957 6.2636957 6.2636957 6.1602087 6.1602087
4.7239566 5.549931 5.549931 5.549931 5.549931 5.549931 5.549931 5.549931 5.549931 5.549931 5.549931 5.549931 5.549931 5.549931 5.549931 5.549931 4.7239566 4.7239566 4.7239566 4.7239566 5.549931 5.25897 5.25897 5.549931 5.549931 5.549931 5.549931 5.011181 5.549931 5.549931 5.549931 5.549931 5.549931 5.549931 5.549931 5.549931 5.549931 5.549931 5.549931 6.2636957 6.2636957 6.2636957 6.2636957 6.2636957 6.2636957 6.2636957 6.2636957 6.2636957 6.2636957 6.2636957 6.2636957 6.2636957 6.2636957 6.2636957 6.2636957 6.2636957 6.2636957 6.2636957 6.2636957 6.1602087 6.2636957
4.7239566 4.7239566 5.549931 5.549931 5.549931 5.549931 5.549931 5.549931 5.549931 5.549931 5.549931 5.549931 5.549931 5.549931 5.549931 5.25897 4.7239566 4.7239566 4.363803 4.7239566 5.549931 5.4128766 5.549931 5.549931 5.4128766 5.549931 5.011181 5.011181 5.549931 5.549931 5.549931 5.549931 5.549931 5.549931 5.549931 5.549931 5.549931 5.549931 5.549931 6.2636957 6.2636957 6.2636957 6.2636957 6.2636957 6.2636957 6.2636957 6.2636957 6.2636957 6.2636957 6.031475 6.2636957 6.2636957 6.031475 6.031475 6.2636957 6.2636957 6.2636957 6.2636957 6.2636957 6.2636957 6.2636957
4.7239566 5.011181 5.549931 5.549931 5.549931 5.549931 5.549931 5.549931 5.549931 5.549931 5.549931 5.549931 5.549931 5.549931 5.25897 5.25897 5.549931 4.7239566 4.7239566 4.7239566 5.4128766 5.4128766 5.4128766 5.4128766 5.4128766 5.4128766 5.549931 5.549931 5.549931 5.2865205 5.549931 5.549931 5.549931 5.549931 5.549931 5.549931 5.549931 5.549931 5.549931 6.031475 6.031475 6.2636957 6.2636957 6.2636957 6.2636957 6.2636957 6.2636957 6.2636957 6.031475 6.031475 6.031475 6.031475 6.031475 6.031475 6.1602087 6.1602087 6.2636957 6.2636957 6.2636957 6.2636957 6.2636957
5.549931 5.549931 5.549931 5.549931 5.549931 5.549931 5.549931 5.549931 5.25897 5.25897 5.549931 5.549931 5.549931 4.7239566 4.7239566 5.549931 5.549931 5.549931 5.549931 5.549931 5.549931 5.4128766 5.25897 5.25897 5.4128766 5.4128766 5.549931 5.5314384 5.5314384 5.5314384 5.5314384 5.549931 5.549931 4.7239566 4.7239566 5.549931 5.549931 5.549931 4.7239566 6.031475 6.031475 6.2636957 6.2636957 6.2636957 6.2636957 6.2636957 6.2636957 6.2636957 6.031475 6.031475 6.031475 6.031475 6.2636957 6.2636957 6.2636957 6.2636957 6.2636957 6.2636957 6.2636957 6.2636957 6.2636957
5.549931 5.549931 5.549931 5.549931 5.549931 5.549931 5.549931 5.549931 5.549931 5.549931 5.549931 5.549931 5.549931 5.25897 4.7239566 4.7239566 4.7239566 5.549931 5.549931 5.549931 5.549931 5.25897 5.25897 5.25897 5.4128766 5.549931 5.549931 5.5314384 5.5314384 5.5314384 5.5314384 5.549931 5.549931 4.7239566 4.7239566 5.549931 5.549931 5.549931 4.7239566 5.520672 6.2636957 6.2636957 6.2636957 6.2636957 6.1602087 6.1602087 6.2636957 6.2636957 6.2636957 6.031475 6.1602087 6.1602087 6.1602087 6.2636957 6.2636957 6.2636957 6.2636957 6.2636957 6.2636957 6.2636957 6.2636957
5.549931 5.549931 5.549931 5.549931 5.549931 5.549931 5.549931 5.549931 5.549931 5.549931 5.549931 5.549931 5.549931 5.25897 4.7239566 4.7239566 4.7239566 5.549931 5.549931 5.549931 5.549931 5.25897 5.25897 5.549931 5.549931 5.549931 5.549931 5.5314384 5.5314384 5.5314384 5.5314384 5.549931 5.549931 5.549931 4.7239566 5.4128766 5.4128766 5.549931 5.549931 5.520672 6.2636957 6.2636957 6.2636957 6.1602087 6.1602087 6.1602087 6.2636957 6.2636957 6.2636957 6.031475 5.520672 6.2636957 6.2636957 6.2636957 6.2636957 6.2636957 6.2636957 6.2636957 6.2636957 6.2636957 6.031475
5.549931 5.549931 5.549931 5.549931 5.549931 5.549931 5.549931 5.549931 5.549931 5.549931 5.549931 5.549931 5.549931 5.549931 4.7239566 4.7239566 4.7239566 5.549931 5.549931 5.549931 5.549931 5.549931 5.549931 5.549931 5.549931 5.549931 5.549931 5.549931 5.5314384 5.5314384 5.549931 5.549931 5.549931 5.549931 5.549931 5.4128766 5.4128766 5.549931 5.25897 6.031475 6.031475 6.031475 6.031475 6.031475 6.031475 6.031475 6.2636957 6.2636957 6.2636957 6.031475 6.031475 5.520672 6.2636957 6.2636957 6.2636957 6.2636957 6.2636957 6.2636957 6.2636957 6.2636957 6.031475
5.549931 5.549931 5.549931 5.549931 5.549931 5.549931 5.549931 5.549931 5.549931 5.549931 5.549931 5.549931 5.549931 5.549931 5.549931 5.549931 5.549931 5.549931 5.549931 5.549931 5.549931 5.549931 5.4128766 5.4128766 5.549931 5.549931 5.549931 5.549931 5.549931 5.549931 5.549931 5.549931 5.549931 5.549931 5.549931 5.549931 5.549931 5.549931 5.25897 6.031475 6.031475 6.031475 6.031475 6.031475 6.031475 6.031475 6.2636957 6.2636957 6.2636957 6.031475 6.031475 5.520672 6.2636957 6.2636957 6.2636957 6.2636957 6.2636957 6.2636957 6.2636957 5.520672 6.1602087
5.549931 5.549931 5.549931 5.549931 5.549931 5.549931 5.549931 5.549931 5.549931 5.25897 5.549931 5.549931 5.549931 5.549931 5.549931 5.549931 5.549931 5.549931 5.549931 5.549931 5.549931 5.549931 5.4128766 5.4128766 5.549931 5.549931 5.549931 5.011181 5.5314384 5.549931 5.549931 5.549931 5.549931 5.549931 5.25897 5.25897 5.25897 5.25897 5.25897 6.031475 5.681924 5.681924 6.031475 6.031475 6.031475 6.031475 6.2636957 6.031475 6.031475 6.2636957 6.2636957 6.2636957 6.2636957 6.2636957 6.2636957 6.2636957 6.2636957 6.2636957 6.2636957 5.520672 5.8791876
5.549931 5.549931 5.549931 5.549931 5.549931 5.549931 5.549931 5.549931 5.549931 5.25897 4.7239566 5.549931 5.549931 5.549931 5.549931 5.549931 5.549931 5.549931 5.549931 5.549931 5.4128766 5.4128766 5.549931 5.25897 5.549931 5.549931 5.549931 5.549931 5.549931 5.549931 5.549931 5.549931 5.549931 5.25897 5.25897 5.25897 4.893963 4.893963 4.893963 5.1662645 5.681924 5.681924 6.031475 6.031475 6.031475 6.031475 6.2636957 6.031475 6.031475 6.2636957 6.2636957 6.2636957 6.2636957 6.2636957 6.2636957 6.2636957 6.2636957 6.2636957 6.2636957 6.1602087 6.1602087
5.549931 5.549931 5.549931 5.549931 5.549931 5.549931 5.549931 5.549931 5.549931 4.7239566 4.7239566 5.549931 5.549931 5.549931 5.549931 5.549931 5.549931 5.549931 5.4128766 5.4128766 5.4128766 5.4128766 5.549931 5.549931 5.549931 5.549931 5.549931 5.549931 5.549931 5.549931 5.549931 5.549931 5.25897 5.25897 4.893963 4.893963 4.893963 4.893963 4.893963 5.1662645 5.1662645 5.681924 6.031475 6.031475 6.031475 6.031475 6.031475 6.2636957 6.2527657 6.2527657 5.520672 5.520672 5.520672 5.520672 6.2636957 6.2636957 6.2636957 6.2636957 6.2636957 6.2636957 6.2636957
5.549931 5.549931 5.549931 5.549931 5.549931 5.549931 5.549931 5.549931 5.549931 5.549931 5.549931 5.549931 5.549931 5.549931 5.549931 5.549931 5.549931 5.549931 5.549931 5.25897 5.25897 5.549931 5.549931 5.549931 5.549931 5.549931 5.549931 5.549931 5.549931 5.549931 5.549931 5.549931 5.549931 5.25897 4.893963 4.893963 4.893963 4.363803 4.363803 5.1662645 5.1662645 5.681924 6.031475 6.031475 6.031475 6.031475 6.031475 6.031475 6.2636957 6.2527657 6.1602087 5.8791876 5.520672 5.520672 6.2636957 6.2636957 6.2636957 6.2636957 6.2636957 6.2636957 6.2527657
5.549931 5.549931 5.549931 5.549931 5.25897 5.549931 5.549931 5.549931 5.549931 5.549931 5.549931 5.549931 5.549931 5.549931 5.549931 5.549931 5.549931 5.549931 5.549931 5.549931 5.25897 5.549931 5.549931 5.549931 5.549931 5.549931 4.7239566 5.549931 5.549931 5.549931 5.549931 5.549931 5.549931 5.25897 5.25897 4.893963 4.893963 4.893963 4.363803 5.1662645 5.1662645 5.1662645 5.520672 6.031475 6.031475 6.031475 6.031475 6.031475 6.2636957 6.2636957 6.1602087 6.1602087 6.2636957 6.2636957 6.2636957 6.2636957 6.2636957 5.5437794 5.5437794 6.2636957 6.2527657
5.549931 5.549931 5.549931 5.25897 5.25897 5.549931 5.549931 5.549931 5.549931 5.549931 5.549931 5.549931 5.549931 5.549931 5.549931 5.549931 5.549931 5.549931 5.549931 5.549931 5.549931 5.549931 5.549931 5.549931 5.549931 4.7239566 4.7239566 4.7239566 5.4128766 5.4128766 5.549931 5.549931 5.25897 5.25897 5.25897 4.893963 4.893963 4.893963 4.363803 5.1662645 5.1662645 5.520672 5.520672 6.031475 6.031475 5.681924 5.681924 6.031475 5.520672 5.520672 6.2636957 6.2636957 6.2636957 6.2636957 6.2636957 6.2636957 6.2636957 6.2636957 6.2527657 6.2527657 6.2527657
5.25897 5.25897 5.549931 5.549931 5.25897 5.25897 5.549931 5.549931 5.549931 5.549931 5.549931 5.549931 5.549931 5.549931 5.549931 5.549931 5.549931 5.549931 5.549931 5.549931 5.549931 5.549931 5.549931 5.549931 5.549931 5.549931 4.7239566 4.7239566 5.4128766 5.4128766 5.549931 5.549931 5.25897 4.893963 4.893963 4.893963 4.893963 4.893963 4.893963 5.681924 5.1662645 5.520672 6.031475 6.031475 5.681924 6.031475 5.520672 5.520672 5.520672 5.520672 6.2636957 6.2636957 6.2636957 6.2636957 6.2636957 6.2636957 6.2636957 6.2527657 6.2527657 6.2527657 6.2527657
5.25897 5.25897 5.25897 5.25897 5.25897 5.25897 5.549931 5.549931 5.549931 5.549931 5.549931 5.549931 5.549931 5.549931 5.549931 5.549931 5.549931 5.549931 5.549931 5.549931 5.549931 5.549931 5.549931 5.549931 5.549931 5.549931 4.7239566 4.7239566 5.549931 5.549931 5.549931 5.549931 5.25897 5.25897 4.893963 4.893963 4.893963 4.893963 4.893963 5.681924 5.681924 5.681924 5.681924 5.681924 5.681924 6.031475 5.520672 5.520672 5.520672 5.520672 6.2636957 6.2636957 6.2636957 6.2636957 6.2636957 6.2636957 6.2636957 6.2527657 6.2527657 6.1602087 6.1602087
5.25897 5.25897 5.25897 5.549931 5.25897 5.25897 5.25897 5.549931 5.549931 5.549931 5.549931 5.549931 5.549931 5.549931 5.549931 5.549931 5.549931 5.549931 5.549931 5.549931 5.4128766 5.4128766 5.549931 5.549931 5.549931 5.549931 5.549931 5.549931 5.549931 5.549931 5.549931 5.549931 5.549931 5.25897 5.25897 4.893963 4.893963 5.25897 5.25897 5.681924 5.681924 5.681924 5.681924 5.681924 5.681924 6.031475 5.520672 5.520672 5.520672 6.2636957 6.2636957 6.2636957 6.2636957 6.2636957 6.2636957 6.2636957 6.2636957 6.2527657 6.2527657 6.1602087 6.1602087
5.25897 5.25897 5.25897 4.7239566 5.25897 5.25897 5.25897 4.7239566 5.549931 5.549931 5.549931 5.549931 5.549931 5.549931 5.549931 5.549931 5.549931 5.549931 5.549931 5.25897 5.4128766 5.4128766 5.4128766 5.549931 5.549931 5.549931 5.549931 5.549931 5.549931 5.549931 5.549931 5.25897 5.25897 5.25897 5.25897 4.893963 4.893963 5.25897 5.25897 6.031475 6.031475 6.031475 5.520672 5.520672 6.031475 5.520672 5.520672 5.520672 5.520672 6.2636957 6.2636957 6.2636957 6.2636957 6.2636957 6.1602087 6.2636957 6.2636957 6.2636957 6.2527657 6.2527657 6.2636957
4.893963 5.25897 5.25897 4.363803 5.25897 5.25897 5.25897 5.4128766 5.4128766 5.549931 5.549931 5.549931 5.549931 5.549931 5.549931 5.549931 5.549931 5.549931 5.549931 5.25897 5.25897 5.549931 5.4128766 5.4128766 5.549931 4.7239566 5.549931 5.549931 5.4128766 5.549931 5.25897 5.25897 5.25897 5.25897 5.25897 5.25897 5.25897 5.25897 5.25897 6.031475 6.031475 5.520672 5.520672 5.520672 5.520672 5.520672 5.520672 5.520672 5.520672 6.2636957 6.2636957 6.2636957 6.2636957 6.2636957 6.2636957 6.2636957 6.2636957 6.2636957 6.2636957 6.2636957 6.2636957
5.60392 5.60392 5.60392 5.60392 6.003749 5.60392 6.003749 6.003749 6.139224 6.251747 6.251747 6.251747 6.251747 6.251747 6.251747 6.251747 6.251747 6.251747 6.251747 6.251747 6.003749 6.003749 6.251747 6.003749 6.003749 5.482298 6.003749 6.003749 6.139224 6.251747 6.003749 6.003749 6.003749 6.003749 6.003749 6.003749 6.003749 5.482298 5.482298 5.5883646 5.5883646 5.5883646 5.5883646 5.5883646 5.5883646 5.5883646 5.5883646 6.0428295 6.1692905 6.1692905 6.1692905 6.1692905 6.1692905 6.1692905 6.1692905 6.1692905 6.1692905 6.1272697 6.1272697 6.1692905 6.1692905
5.087102 5.60392 5.60392 5.60392 5.60392 5.60392 6.003749 6.003749 6.251747 6.251747 6.251747 6.251747 6.003749 6.003749 6.251747 6.251747 6.251747 6.251747 6.251747 6.251747 6.003749 6.003749 6.003749 6.003749 6.003749 5.482298 6.003749 6.003749 6.251747 6.251747 6.003749 6.003749 6.003749 6.251747 6.251747 6.003749 6.003749 5.482298 5.482298 5.178436 5.178436 5.178436 5.5883646 5.5883646 5.5883646 5.5883646 5.5883646 6.0428295 6.1272697 6.0428295 5.5883646 6.1692905 6.1692905 6.1692905 6.1692905 6.1692905 6.1692905 6.1272697 6.1272697 6.1692905 6.1692905
5.60392 5.60392 5.60392 5.60392 5.60392 5.60392 5.60392 6.003749 6.003749 6.003749 5.60392 5.804633 5.60392 5.60392 5.087102 6.0026894 6.251747 6.251747 6.251747 6.251747 6.003749 6.003749 5.60392 5.60392 6.003749 6.003749 6.003749 6.139224 6.251747 6.251747 6.251747 6.251747 6.251747 6.251747 6.251747 6.251747 6.251747 6.251747 5.482298 5.5883646 5.5883646 5.5883646 5.5883646 6.1272697 6.1692905 6.1692905 6.0428295 6.0428295 6.1272697 6.0428295 5.5883646 5.5883646 6.1692905 6.1692905 6.1692905 6.1692905 6.1692905 6.1272697 6.1272697 6.1692905 6.1692905
5.60392 5.60392 5.60392 5.60392 5.60392 5.60392 5.60392 5.60392 5.60392 5.60392 5.60392 5.804633 5.087102 5.087102 5.087102 6.0026894 6.0026894 6.0026894 6.0026894 6.0026894 6.003749 6.003749 5.60392 5.60392 5.482298 5.482298 5.482298 6.003749 6.251747 6.251747 6.251747 6.251747 6.251747 6.251747 6.251747 6.251747 6.251747 6.251747 5.482298 6.1692905 6.1692905 6.1692905 6.1692905 6.1692905 6.1692905 6.1692905 6.1272697 6.1272697 6.1692905 6.1692905 6.1692905 6.1692905 6.1692905 6.1692905 6.1692905 6.1692905 6.1692905 6.1272697 6.1272697 5.5883646 6.1692905
5.087102 5.087102 6.0026894 5.60392 5.60392 5.60392 5.60392 5.087102 5.60392 5.60392 5.60392 6.0026894 6.0026894 6.0026894 6.0026894 6.0026894 6.0026894 6.0026894 6.0026894 6.0026894 5.60392 5.60392 5.60392 5.60392 5.087102 5.087102 5.482298 6.003749 6.251747 6.251747 6.251747 6.251747 6.251747 6.251747 6.251747 6.251747 6.251747 6.251747 6.003749 6.0428295 6.1692905 6.1692905 6.1692905 6.1692905 6.1272697 6.1272697 6.1272697 6.1272697 6.1692905 6.1692905 6.1692905 6.1692905 6.1692905 6.1692905 6.1692905 6.1692905 6.1692905 6.1692905 6.1692905 6.1692905 6.1692905
