Export/ASCII/RMeteo_SP_inch/p1/RMeteo_2015_SP3_inch.asc
ncols         660
nrows         338
xllcorner     1476100.0
yllcorner     5017100.0
cellsize      100
NODATA_value  -9.9e-20
[rows 81 to 107 of 338, columns 366 to 426 of 660]
4.656996 4.048088 4.048088 4.113456 4.113456 4.048088 4.048088 4.048088 4.9436617 4.656996 4.9436617 4.048088 4.9436617 4.9436617 4.9803147 4.9436617 4.656996 4.048088 4.048088 4.048088 4.048088 4.048088 4.048088 4.048088 4.048088 4.048088 4.048088 4.113456 4.1188974 4.1188974 4.2015743 4.2015743 4.2015743 4.8419333 4.8419333 4.8419333 4.125874 5.1968493 5.1968493 5.1968493 4.8419333 4.8419333 4.125874 4.125874 4.125874 4.125874 4.125874 4.125874 4.125874 4.125874 4.125874 4.125874 4.125874 4.195853 4.195853 4.195853 4.195853 4.195853 4.125874 4.125874 4.125874
4.048088 4.048088 4.048088 4.113456 4.113456 4.113456 4.048088 4.048088 4.656996 4.9803147 4.9803147 4.9803147 4.9803147 4.9436617 4.9803147 4.9436617 4.9436617 4.113456 4.048088 4.048088 4.048088 4.048088 4.048088 4.048088 4.048088 4.048088 4.048088 4.048088 4.1188974 4.1188974 4.2015743 4.2015743 4.2015743 4.125874 4.125874 4.125874 4.125874 5.1968493 5.1968493 5.1968493 5.1968493 4.8419333 4.8419333 4.125874 4.125874 4.125874 4.125874 4.125874 4.125874 4.125874 4.125874 4.125874 4.125874 4.125874 4.195853 4.195853 4.195853 4.2015743 4.125874 4.125874 4.125874
4.048088 4.048088 4.656996 4.656996 4.656996 4.9436617 4.048088 4.656996 4.9436617 4.9803147 4.9803147 4.9803147 4.9436617 4.9436617 4.978439 4.9803147 4.9436617 4.048088 4.048088 4.048088 4.048088 4.048088 4.048088 4.048088 4.048088 4.048088 4.048088 4.113456 4.1188974 4.1188974 4.2015743 4.2015743 4.2015743 4.2015743 4.125874 4.125874 4.125874 4.8419333 5.1968493 5.1968493 5.1968493 5.1968493 4.8419333 4.125874 4.125874 4.125874 4.125874 4.125874 4.125874 4.125874 4.125874 4.125874 4.125874 4.125874 4.125874 4.125874 4.125874 4.125874 4.125874 4.125874 4.195853
4.048088 4.048088 4.656996 4.656996 4.656996 4.9803147 4.048088 4.656996 4.9436617 4.9803147 4.9803147 4.9803147 4.9436617 4.978439 4.978439 4.978439 4.9436617 4.048088 4.048088 4.048088 4.048088 4.048088 4.048088 4.048088 4.048088 4.048088 4.048088 4.113456 4.1188974 3.4598427 4.2015743 4.2015743 4.2015743 4.2015743 4.125874 4.125874 4.125874 4.8419333 5.1968493 5.1968493 5.1968493 5.1968493 4.125874 4.125874 4.2015743 4.125874 4.125874 4.125874 4.125874 4.125874 4.125874 4.125874 4.125874 4.125874 4.125874 4.195853 4.2015743 4.125874 4.125874 4.125874 4.195853
4.1188974 4.1188974 4.656996 4.656996 4.9803147 4.9803147 4.048088 4.656996 4.9436617 4.9803147 4.9803147 4.9803147 4.9803147 4.9803147 4.9803147 4.9803147 4.656996 4.656996 4.656996 4.656996 4.048088 4.048088 4.048088 4.048088 4.048088 4.048088 4.048088 4.113456 4.1188974 3.4598427 3.5415745 3.5415745 4.2015743 4.2015743 4.8419333 4.8419333 4.8419333 4.8419333 5.1968493 5.1968493 5.1968493 4.8419333 4.125874 4.125874 4.2015743 4.125874 4.125874 4.125874 4.125874 4.125874 4.125874 4.125874 4.125874 4.125874 4.125874 4.125874 4.125874 4.125874 4.125874 4.125874 4.195853
4.1188974 4.9803147 4.656996 4.656996 4.656996 4.9803147 4.1188974 4.9436617 4.9436617 4.9803147 4.9803147 4.9803147 4.9803147 4.9803147 4.9803147 4.9803147 4.9803147 4.656996 4.9803147 4.656996 4.048088 4.048088 4.048088 4.048088 4.048088 4.048088 4.048088 4.048088 4.9803147 4.9803147 5.1968493 5.1968493 5.1968493 5.1968493 4.8419333 4.8419333 5.1968493 5.1968493 5.1968493 5.1968493 5.1968493 5.1968493 4.8419333 4.125874 4.2015743 4.125874 4.125874 4.125874 4.125874 4.125874 4.125874 4.125874 4.125874 4.125874 4.195853 4.125874 4.125874 4.2015743 4.125874 4.125874 4.125874
4.9436617 4.9803147 4.656996 4.656996 4.656996 4.9436617 4.113456 4.9436617 4.9436617 4.9803147 4.9803147 4.9803147 4.9803147 4.9803147 4.1188974 4.1188974 4.9803147 4.9803147 4.9803147 4.656996 4.048088 4.048088 4.048088 4.048088 4.048088 4.048088 4.048088 4.048088 4.978439 4.978439 4.8419333 5.1968493 5.1968493 5.1968493 5.1968493 5.1968493 5.1968493 5.1968493 5.1968493 5.1968493 5.1968493 5.15551 5.15551 4.125874 4.125874 4.125874 4.125874 4.125874 4.125874 4.125874 4.125874 4.125874 4.125874 4.195853 4.195853 4.195853 4.125874 4.125874 4.125874 4.125874 4.125874
4.9436617 4.9803147 4.9803147 4.9436617 4.9436617 4.9436617 4.113456 4.656996 4.9436617 4.9803147 4.9803147 4.9803147 4.9803147 4.9803147 4.1188974 4.1188974 4.9803147 4.656996 4.656996 4.656996 4.048088 4.048088 4.048088 4.113456 4.048088 4.048088 4.113456 4.048088 4.1188974 4.978439 4.8419333 4.8419333 4.8419333 5.1968493 5.1968493 5.1968493 5.1968493 5.1968493 5.1968493 5.1968493 5.1968493 5.15551 4.195853 4.125874 4.125874 4.125874 4.125874 4.125874 4.125874 4.125874 4.125874 4.125874 4.125874 4.195853 4.195853 4.125874 4.125874 4.125874 4.125874 4.125874 4.125874
4.9436617 4.9436617 4.9436617 4.9436617 4.9436617 4.113456 4.113456 4.656996 4.656996 4.656996 4.9803147 4.9803147 4.9803147 4.1188974 4.1188974 4.1188974 4.1188974 4.656996 4.656996 4.656996 4.048088 4.048088 4.048088 4.048088 4.048088 4.048088 4.9436617 4.656996 4.978439 4.978439 4.8419333 5.1968493 5.1968493 5.1968493 5.1968493 5.1968493 5.1968493 5.1968493 5.1968493 5.1968493 5.15551 4.195853 4.195853 4.125874 4.125874 4.125874 4.125874 4.125874 4.125874 4.125874 4.125874 4.125874 4.125874 4.195853 4.195853 4.125874 4.125874 4.125874 4.195853 4.195853 4.125874
4.9436617 4.9436617 4.9436617 4.9436617 4.9436617 4.113456 4.656996 4.656996 4.048088 4.656996 4.656996 4.656996 4.9436617 4.9803147 4.9803147 4.1188974 4.9803147 4.656996 4.656996 4.656996 4.048088 4.048088 4.048088 4.048088 4.048088 4.656996 4.9436617 4.9803147 4.9803147 4.978439 5.194671 5.1968493 5.1968493 5.1968493 5.1968493 5.1968493 5.1968493 5.1968493 4.8419333 4.8419333 4.195853 4.195853 4.125874 4.125874 4.125874 4.125874 4.125874 4.125874 4.125874 4.195853 4.125874 4.125874 4.125874 4.195853 4.195853 4.125874 4.125874 4.125874 4.195853 4.195853 4.195853
4.9436617 4.9803147 4.9436617 4.9436617 4.9436617 4.113456 4.656996 4.048088 4.048088 4.048088 4.048088 4.048088 4.9436617 4.9436617 4.9803147 4.9803147 4.9803147 4.9803147 4.9803147 4.656996 4.656996 4.656996 4.656996 4.656996 4.656996 4.656996 4.9803147 4.9803147 4.9803147 4.978439 5.194671 5.1968493 5.1968493 5.1968493 5.1968493 5.15551 5.15551 5.15551 5.15551 4.195853 4.195853 4.125874 4.125874 4.125874 4.125874 4.125874 4.125874 4.125874 4.125874 4.125874 4.125874 4.125874 4.125874 4.195853 4.195853 4.195853 4.125874 4.125874 4.195853 4.195853 4.125874
4.9436617 4.656996 4.656996 4.656996 4.9436617 4.113456 4.048088 4.048088 4.048088 4.048088 4.048088 4.048088 4.113456 4.113456 4.9803147 4.9803147 4.9803147 4.9803147 4.9803147 4.9803147 4.656996 4.656996 4.656996 4.656996 4.656996 4.9803147 4.9803147 4.9803147 4.9803147 4.9803147 5.1968493 5.1968493 5.1968493 4.125874 4.125874 4.195853 4.195853 4.195853 4.195853 4.195853 4.195853 4.195853 4.125874 4.125874 4.125874 4.125874 4.125874 4.125874 4.125874 4.125874 4.125874 4.125874 4.195853 4.195853 4.195853 4.195853 4.125874 4.125874 4.125874 4.125874 4.125874
4.113456 4.048088 4.656996 4.656996 4.656996 4.9436617 4.048088 4.048088 4.048088 4.048088 4.048088 4.048088 4.113456 4.113456 4.9803147 4.9803147 4.9803147 4.9803147 4.9803147 4.9803147 4.9803147 4.9803147 4.9803147 4.656996 4.656996 4.656996 4.656996 4.9803147 4.9803147 4.9803147 5.1968493 5.1968493 4.8419333 4.8419333 4.125874 4.195853 4.195853 4.195853 4.195853 4.195853 4.195853 4.125874 4.125874 4.125874 4.125874 4.125874 4.125874 4.125874 4.125874 4.125874 4.125874 4.125874 4.125874 4.125874 4.125874 4.195853 4.195853 4.195853 4.125874 4.125874 4.125874
4.113456 4.113456 4.048088 4.656996 4.656996 4.656996 4.9436617 4.113456 4.048088 4.048088 4.048088 4.048088 4.113456 4.113456 4.9436617 4.9803147 4.9803147 4.9803147 4.9803147 4.9803147 4.9803147 4.9803147 4.9803147 4.656996 4.048088 4.048088 4.048088 4.656996 4.656996 4.9803147 5.1968493 5.1968493 4.8419333 4.8419333 4.125874 4.125874 4.195853 4.195853 4.195853 4.195853 4.195853 4.195853 4.125874 4.125874 4.125874 4.125874 4.125874 4.125874 4.125874 4.125874 4.125874 4.125874 4.125874 4.125874 4.125874 4.195853 4.195853 4.195853 4.195853 4.125874 4.125874
4.113456 4.113456 4.113456 4.048088 4.656996 4.656996 4.9436617 4.048088 4.048088 4.048088 4.048088 4.113456 4.113456 4.113456 4.9436617 4.9803147 4.9803147 4.9803147 4.9803147 4.9803147 4.9803147 4.9436617 4.9436617 4.656996 4.048088 4.048088 4.048088 4.048088 4.656996 4.9803147 5.1968493 4.8419333 5.15551 4.125874 4.125874 4.125874 4.195853 4.195853 4.125874 4.195853 4.195853 4.195853 4.125874 4.125874 4.125874 4.125874 4.125874 4.125874 4.125874 4.125874 4.125874 4.125874 4.125874 4.125874 4.125874 4.125874 4.2015743 4.2015743 4.125874 4.125874 4.125874
4.113456 4.113456 4.113456 4.048088 4.048088 4.9436617 4.9436617 4.9436617 4.048088 4.048088 4.048088 4.113456 4.113456 4.113456 4.9436617 4.9803147 4.9803147 4.9803147 4.9803147 4.9803147 4.9436617 4.9436617 4.9436617 4.9436617 4.113456 4.048088 4.048088 4.048088 4.656996 4.9803147 4.8419333 4.8419333 4.8419333 4.125874 4.125874 4.125874 4.125874 4.125874 4.125874 4.195853 4.195853 4.125874 4.125874 4.125874 4.125874 4.125874 4.125874 4.125874 4.125874 4.125874 4.125874 4.125874 4.125874 4.125874 4.125874 4.125874 4.125874 4.125874 4.125874 4.125874 4.125874
4.113456 4.113456 4.113456 4.048088 4.113456 4.048088 4.656996 4.9803147 4.048088 4.113456 4.113456 4.113456 4.113456 4.9436617 4.9436617 4.9803147 4.9803147 4.9803147 4.9803147 4.9803147 4.9436617 4.113456 4.113456 4.113456 4.113456 4.048088 4.048088 4.1188974 4.9803147 4.9803147 4.8419333 4.125874 5.15551 4.195853 4.125874 4.125874 4.125874 4.125874 4.125874 4.125874 4.125874 4.125874 4.125874 4.125874 4.125874 4.125874 4.125874 4.125874 4.125874 4.125874 4.125874 4.125874 4.125874 4.8419333 4.8419333 4.8419333 4.125874 4.125874 4.125874 4.125874 4.125874
4.048088 4.113456 4.113456 4.048088 4.113456 4.048088 4.048088 4.656996 4.9436617 4.113456 4.9436617 4.113456 4.113456 4.048088 4.9803147 4.656996 4.9803147 4.9803147 4.9803147 4.9803147 4.9436617 4.113456 4.113456 4.113456 4.113456 4.113456 4.9803147 4.9436617 4.9803147 4.9803147 4.8419333 4.125874 5.15551 5.15551 4.195853 4.195853 4.195853 4.125874 4.125874 4.125874 4.2015743 4.2015743 4.125874 4.125874 4.125874 4.125874 4.125874 4.195853 4.195853 4.125874 4.125874 4.125874 4.125874 4.8419333 4.8419333 4.8419333 4.125874 4.125874 4.125874 4.125874 4.125874
4.048088 4.113456 4.113456 4.048088 4.113456 4.048088 4.048088 4.048088 4.656996 4.9436617 4.9436617 4.9803147 4.9803147 4.048088 4.656996 4.656996 4.9803147 4.656996 4.656996 4.9803147 4.9803147 4.113456 4.048088 4.048088 4.113456 4.9436617 4.9436617 4.9436617 4.9436617 4.656996 4.8419333 4.8419333 5.15551 5.15551 4.195853 4.195853 4.195853 4.125874 4.125874 4.125874 4.125874 4.2015743 4.125874 4.125874 4.125874 4.125874 4.125874 4.125874 4.125874 4.125874 4.125874 4.125874 4.8419333 4.8419333 4.8419333 4.8419333 4.8419333 4.125874 4.125874 4.125874 4.125874
4.048088 4.048088 4.113456 4.113456 4.1188974 4.048088 4.048088 4.048088 4.048088 4.048088 4.9803147 4.9803147 4.9803147 4.1188974 4.656996 4.9803147 4.9803147 4.656996 4.048088 4.048088 4.113456 4.113456 4.048088 4.048088 4.113456 4.9436617 4.9436617 4.113456 4.9436617 4.656996 4.125874 4.195853 5.15551 5.15551 4.195853 4.195853 4.125874 4.125874 4.125874 4.125874 4.125874 4.2015743 4.125874 4.125874 4.125874 4.125874 4.125874 4.125874 4.125874 4.125874 4.125874 4.125874 4.125874 4.195853 4.195853 5.15551 4.8419333 4.8419333 4.8419333 4.125874 4.125874
4.113456 4.113456 4.113456 4.113456 4.1188974 4.048088 4.048088 4.048088 4.048088 4.048088 4.1188974 4.656996 4.9803147 4.9803147 4.9803147 4.9803147 4.9803147 4.656996 4.048088 4.048088 4.113456 4.113456 4.048088 4.048088 4.113456 4.048088 4.656996 4.9436617 4.9436617 4.656996 4.125874 4.195853 4.195853 4.195853 4.125874 4.125874 4.2015743 4.125874 4.125874 4.125874 4.125874 4.2015743 4.125874 4.125874 4.195853 4.125874 4.125874 4.125874 4.125874 4.125874 4.125874 4.125874 4.125874 4.125874 4.195853 5.15551 5.194671 4.8419333 4.8419333 4.8419333 4.8419333
4.113456 4.113456 4.113456 4.113456 4.1188974 4.1188974 4.1188974 4.048088 4.048088 4.048088 4.048088 4.656996 4.9803147 4.978439 4.9436617 4.9436617 4.9803147 4.656996 4.656996 4.048088 4.048088 4.113456 4.048088 4.048088 4.048088 4.048088 4.048088 4.113456 4.113456 4.048088 4.125874 4.125874 4.125874 4.125874 4.125874 4.195853 4.195853 4.2015743 4.125874 4.125874 4.125874 4.125874 4.125874 4.125874 4.195853 4.125874 4.125874 4.125874 4.125874 4.125874 4.125874 4.125874 4.125874 4.125874 4.195853 5.15551 5.1968493 5.1968493 5.15551 5.15551 4.8419333
4.1188974 4.1144624 4.8242664 4.5626955 3.9914792 3.9914792 3.9914792 3.9914792 3.9914792 3.9914792 3.9914792 4.5626955 4.858268 4.1188974 4.1144624 4.8242664 4.858268 4.8242664 4.5626955 3.9914792 3.9914792 3.9914792 3.9914792 3.9914792 3.9914792 3.9914792 4.1144624 4.1144624 4.1144624 4.1144624 4.08765 3.9934955 3.9934955 3.9934955 4.08765 4.08765 4.08765 3.9934955 3.9934955 3.9934955 3.9934955 3.9934955 4.08765 4.08765 4.08765 4.08765 3.9934955 3.9934955 3.9934955 3.9934955 3.9934955 3.9934955 4.5367713 4.785722 4.08765 4.785722 4.785722 4.811023 4.811023 4.811023 4.5367713
4.1144624 4.8242664 4.858268 4.5626955 4.5626955 3.9914792 3.9914792 4.118897 3.9914792 3.9914792 3.9914792 4.858268 4.8242664 4.8242664 4.8242664 4.858268 4.858268 4.8242664 4.8242664 3.9914792 3.9914792 3.9914792 3.9914792 3.9914792 3.9914792 3.9914792 3.9914792 4.856672 4.856672 4.856672 4.8107295 4.08765 3.9934955 3.9934955 4.08765 4.08765 4.08765 3.9934955 3.9934955 3.9934955 3.9934955 3.9934955 3.9934955 4.08765 4.08765 4.08765 3.9934955 3.9934955 3.9934955 3.9934955 3.9934955 4.5367713 4.785722 4.785722 4.08765 4.08765 4.785722 4.811023 4.811023 4.811023 4.5367713
4.8242664 4.5626955 4.5626955 4.858268 4.858268 3.9914792 4.118897 3.9914792 3.9914792 3.9914792 3.9914792 4.1144624 4.8242664 4.8242664 4.858268 4.858268 4.858268 4.856672 4.8242664 4.5626955 3.9914792 3.9914792 3.9914792 3.9914792 3.9914792 3.9914792 3.9914792 4.5626955 4.856672 4.856672 4.8107295 4.5367713 3.9934955 4.08765 4.08765 4.08765 3.9934955 3.9934955 3.9934955 3.9934955 3.9934955 3.9934955 4.08765 3.9934955 3.9934955 3.9934955 3.9934955 3.9934955 3.9934955 3.9934955 3.9934955 4.08765 4.785722 4.785722 4.785722 4.785722 4.785722 4.785722 4.811023 4.0913386 3.9934955
4.5626955 3.9914792 4.5626955 4.858268 4.858268 3.9914792 3.9914792 3.9914792 3.9914792 3.9914792 3.9914792 4.1144624 4.8242664 4.858268 4.858268 4.856672 4.856672 4.858268 4.8242664 4.5626955 3.9914792 3.9914792 3.9914792 3.9914792 4.1144624 4.1144624 4.1144624 4.5626955 4.856672 4.856672 4.5367713 4.5367713 3.9934955 4.08765 4.08765 4.08765 3.9934955 3.9934955 3.9934955 3.9934955 3.9934955 3.9934955 3.9934955 3.9934955 3.9934955 3.9934955 3.9934955 3.9934955 3.9934955 3.9934955 3.9934955 4.08765 4.785722 4.785722 4.785722 4.785722 4.785722 4.08765 4.0913386 4.0913386 4.0913386
3.9914792 3.9914792 4.5626955 4.858268 4.1144624 4.1144624 3.9914792 3.9914792 3.9914792 3.9914792 4.858268 4.8242664 4.8242664 4.858268 4.858268 4.858268 4.856672 4.858268 4.8242664 4.8242664 4.5626955 4.5626955 3.9914792 3.9914792 4.1144624 4.1144624 4.1144624 4.5626955 4.5626955 4.5626955 4.5367713 3.9934955 3.9934955 4.08765 4.08765 4.08765 3.9934955 3.9934955 3.9934955 3.9934955 3.9934955 4.08765 3.9934955 3.9934955 3.9934955 3.9934955 3.9934955 3.9934955 3.9934955 3.9934955 4.08765 4.08765 4.08765 4.08765 4.08765 3.9934955 3.9934955 4.08765 4.08765 4.08765 4.0913386
