Export/ASCII/RMeteo_SP_inch/p1/RMeteo_2014_SP4_inch.asc
ncols         660
nrows         338
xllcorner     1476150
yllcorner     5017150
cellsize      100
NODATA_value  -9.9e-20
[rows 81 to 107 of 338, columns 360 to 419 of 660]
18.076942 18.076942 15.792322 15.792322 14.138691 14.138691 10.745485 8.772345 8.772345 10.965691 10.965691 8.772345 8.772345 8.772345 14.138691 10.745485 14.138691 8.772345 14.138691 14.138691 18.076942 14.138691 10.745485 8.772345 8.772345 8.772345 8.772345 8.772345 8.772345 8.772345 8.772345 8.772345 8.772345 10.965691 11.392746 11.392746 11.049299 11.049299 11.049299 10.292904 10.292904 10.292904 8.524279 17.100027 17.100027 17.100027 10.292904 10.292904 8.524279 8.524279 8.524279 8.524279 8.524279 8.524279 8.524279 8.524279 8.524279 8.524279 8.524279 10.59911
10.745485 18.076942 15.792322 15.792322 18.076942 18.076942 8.772345 8.772345 8.772345 10.965691 10.965691 10.965691 8.772345 8.772345 10.745485 18.076942 18.076942 18.076942 18.076942 14.138691 18.076942 14.138691 14.138691 10.965691 8.772345 8.772345 8.772345 8.772345 8.772345 8.772345 8.772345 8.772345 8.772345 8.772345 11.392746 11.392746 11.049299 11.049299 11.049299 8.524279 8.524279 8.524279 8.524279 17.100027 17.100027 17.100027 17.100027 10.292904 10.292904 8.524279 8.524279 8.524279 8.524279 8.524279 8.524279 8.524279 8.524279 8.524279 8.524279 8.524279
10.745485 18.076942 15.792322 15.792322 14.138691 14.138691 8.772345 8.772345 10.745485 10.745485 10.745485 14.138691 8.772345 10.745485 14.138691 18.076942 18.076942 18.076942 14.138691 14.138691 15.792322 18.076942 14.138691 8.772345 8.772345 8.772345 8.772345 8.772345 8.772345 8.772345 8.772345 8.772345 8.772345 10.965691 11.641239 11.392746 11.049299 11.049299 11.049299 11.049299 8.524279 8.524279 8.524279 10.292904 17.100027 17.100027 17.100027 17.100027 10.292904 8.524279 8.524279 8.524279 8.524279 8.524279 8.524279 8.524279 8.524279 8.524279 8.524279 8.524279
10.745485 10.745485 15.792322 14.138691 14.138691 10.965691 8.772345 8.772345 10.745485 10.745485 10.745485 18.076942 8.772345 10.745485 14.138691 18.076942 18.076942 18.076942 14.138691 15.792322 15.792322 15.792322 14.138691 8.772345 8.772345 8.772345 8.772345 8.772345 8.772345 8.772345 8.772345 8.772345 8.772345 10.965691 11.641239 10.770933 11.049299 11.049299 11.049299 11.049299 8.524279 8.524279 8.524279 10.292904 17.100027 17.100027 17.100027 17.100027 8.524279 8.524279 11.049299 8.524279 8.524279 8.524279 8.524279 8.524279 8.524279 8.524279 8.524279 8.524279
10.745485 10.745485 10.745485 8.772345 8.772345 10.965691 11.641239 11.641239 10.745485 10.745485 18.076942 18.076942 8.772345 10.745485 14.138691 18.076942 18.076942 18.076942 18.076942 18.076942 18.076942 18.076942 10.745485 10.745485 10.745485 10.745485 8.772345 8.772345 8.772345 8.772345 8.772345 8.772345 8.772345 10.965691 11.641239 10.770933 10.467804 10.467804 11.049299 11.049299 10.292904 10.292904 10.292904 10.292904 17.100027 17.100027 17.100027 10.292904 8.524279 8.524279 11.049299 8.524279 8.524279 8.524279 8.524279 8.524279 8.524279 8.524279 8.524279 8.524279
10.745485 10.745485 8.772345 8.772345 8.772345 10.745485 11.641239 18.076942 10.745485 10.745485 10.745485 18.076942 11.599386 14.138691 14.138691 18.076942 18.076942 18.076942 18.076942 18.076942 17.517067 17.517067 18.076942 10.745485 18.076942 10.745485 8.772345 8.772345 8.772345 8.772345 8.772345 8.772345 8.772345 8.772345 18.076942 18.076942 17.100027 17.100027 17.100027 17.100027 10.292904 10.292904 17.100027 17.100027 17.100027 17.100027 17.100027 17.100027 10.292904 8.524279 11.328489 8.524279 8.524279 8.524279 8.524279 8.524279 8.524279 8.524279 8.524279 8.524279
8.772345 8.772345 8.772345 11.392746 11.392746 15.792322 14.138691 18.076942 10.745485 10.745485 10.745485 14.138691 10.965691 14.138691 14.138691 18.076942 18.076942 18.076942 18.076942 18.076942 11.599386 11.599386 17.517067 18.076942 18.076942 10.745485 8.772345 8.772345 8.772345 8.772345 8.772345 8.772345 8.772345 8.772345 15.792322 15.792322 10.292904 17.100027 17.100027 17.100027 17.100027 17.100027 17.100027 17.100027 17.100027 17.100027 17.100027 13.439558 13.439558 8.524279 8.524279 8.524279 8.524279 8.524279 8.524279 8.524279 8.524279 8.524279 8.524279 10.59911
14.138691 18.076942 17.254381 15.792322 11.392746 14.138691 14.138691 18.076942 18.076942 14.138691 14.138691 14.138691 10.965691 10.745485 14.138691 18.076942 18.076942 18.076942 18.076942 17.517067 11.599386 11.599386 17.517067 10.745485 10.745485 10.745485 8.772345 8.772345 8.772345 10.965691 8.772345 8.772345 10.965691 8.772345 11.392746 15.792322 10.292904 10.292904 10.292904 17.100027 17.100027 17.100027 17.100027 17.100027 17.100027 17.100027 17.100027 13.439558 10.59911 8.524279 8.524279 8.524279 8.524279 8.524279 8.524279 8.524279 8.524279 8.524279 8.524279 10.59911
14.138691 18.076942 18.076942 17.517067 14.138691 14.138691 14.138691 14.138691 14.138691 14.138691 14.138691 10.965691 10.965691 10.745485 10.745485 10.745485 18.076942 18.076942 18.076942 11.599386 11.599386 11.599386 11.599386 10.745485 10.745485 10.745485 8.772345 8.772345 8.772345 8.772345 8.772345 8.772345 14.138691 10.745485 15.792322 15.792322 10.292904 17.100027 17.100027 17.100027 17.100027 17.100027 17.100027 17.100027 17.100027 17.100027 13.439558 10.59911 10.59911 8.524279 8.524279 8.524279 8.524279 8.524279 8.524279 8.524279 8.524279 8.524279 8.524279 10.59911
14.138691 14.138691 14.138691 14.138691 14.138691 10.965691 14.138691 14.138691 14.138691 14.138691 14.138691 10.965691 10.745485 10.745485 8.772345 10.745485 10.745485 10.745485 14.138691 18.076942 17.517067 11.599386 18.076942 10.745485 10.745485 10.745485 8.772345 8.772345 8.772345 8.772345 8.772345 10.745485 14.138691 18.076942 18.076942 15.792322 14.977022 17.100027 17.100027 17.100027 17.100027 17.100027 17.100027 17.100027 10.292904 10.292904 10.59911 10.59911 8.524279 8.524279 8.524279 8.524279 8.524279 8.524279 8.524279 10.59911 8.524279 8.524279 8.524279 10.59911
14.138691 10.965691 10.965691 10.965691 10.965691 10.965691 14.138691 18.076942 14.138691 14.138691 14.138691 10.965691 10.745485 8.772345 8.772345 8.772345 8.772345 8.772345 14.138691 14.138691 18.076942 17.517067 18.076942 18.076942 18.076942 10.745485 10.745485 10.745485 10.745485 10.745485 10.745485 10.745485 18.076942 18.076942 18.076942 15.792322 14.977022 17.100027 17.100027 17.100027 17.100027 13.439558 13.439558 13.439558 13.439558 10.59911 10.59911 8.524279 8.524279 8.524279 8.524279 8.524279 8.524279 8.524279 8.524279 8.524279 8.524279 8.524279 8.524279 10.59911
10.965691 10.965691 10.965691 10.965691 10.965691 10.965691 14.138691 10.745485 10.745485 10.745485 14.138691 10.965691 8.772345 8.772345 8.772345 8.772345 8.772345 8.772345 10.965691 10.965691 18.076942 18.076942 18.076942 18.076942 18.076942 18.076942 10.745485 10.745485 10.745485 10.745485 10.745485 18.076942 18.076942 18.076942 18.076942 18.076942 17.100027 17.100027 17.100027 8.524279 8.524279 10.59911 10.59911 10.59911 10.59911 10.59911 10.59911 10.59911 8.524279 8.524279 8.524279 8.524279 8.524279 8.524279 8.524279 8.524279 8.524279 8.524279 10.59911 10.59911
10.965691 10.965691 10.965691 10.965691 10.965691 10.965691 10.965691 8.772345 10.745485 10.745485 10.745485 14.138691 8.772345 8.772345 8.772345 8.772345 8.772345 8.772345 10.965691 10.965691 18.076942 18.076942 18.076942 18.076942 18.076942 18.076942 18.076942 18.076942 18.076942 10.745485 10.745485 10.745485 10.745485 18.076942 18.076942 18.076942 17.100027 17.100027 10.292904 10.292904 8.524279 10.59911 10.59911 10.59911 10.59911 10.59911 10.59911 8.524279 8.524279 8.524279 8.524279 8.524279 8.524279 8.524279 8.524279 8.524279 8.524279 8.524279 8.524279 8.524279
11.641237 10.965691 10.965691 10.965691 10.965691 10.965691 10.965691 10.965691 8.772345 10.745485 10.745485 10.745485 14.138691 10.965691 8.772345 8.772345 8.772345 8.772345 10.965691 10.965691 14.138691 18.076942 18.076942 18.076942 18.076942 18.076942 18.076942 18.076942 18.076942 10.745485 8.772345 8.772345 8.772345 10.745485 10.745485 18.076942 17.100027 17.100027 10.292904 10.292904 8.524279 8.524279 10.59911 10.59911 10.59911 10.59911 10.59911 10.59911 8.524279 8.524279 8.524279 8.524279 8.524279 8.524279 8.524279 8.524279 8.524279 8.524279 8.524279 8.524279
8.772345 8.772345 8.772345 10.965691 10.965691 10.965691 10.965691 10.965691 10.965691 8.772345 10.745485 10.745485 14.138691 8.772345 8.772345 8.772345 8.772345 10.965691 10.965691 10.965691 14.138691 18.076942 18.076942 18.076942 18.076942 18.076942 18.076942 14.138691 14.138691 10.745485 8.772345 8.772345 8.772345 8.772345 10.745485 18.076942 17.100027 10.292904 13.439558 8.524279 8.524279 8.524279 10.59911 10.59911 8.524279 10.59911 10.59911 10.59911 8.524279 8.524279 8.524279 8.524279 8.524279 8.524279 8.524279 8.524279 8.524279 8.524279 8.524279 8.524279
8.772345 8.772345 8.772345 10.965691 10.965691 10.965691 10.965691 10.965691 10.965691 8.772345 8.772345 14.138691 14.138691 14.138691 8.772345 8.772345 8.772345 10.965691 10.965691 10.965691 14.138691 18.076942 18.076942 18.076942 18.076942 18.076942 14.138691 14.138691 14.138691 14.138691 10.965691 8.772345 8.772345 8.772345 10.745485 18.076942 10.292904 10.292904 10.292904 8.524279 8.524279 8.524279 8.524279 8.524279 8.524279 10.59911 10.59911 8.524279 8.524279 8.524279 8.524279 8.524279 8.524279 8.524279 8.524279 8.524279 8.524279 8.524279 8.524279 8.524279
8.772345 8.772345 8.772345 10.965691 10.965691 10.965691 10.965691 10.965691 10.965691 8.772345 10.965691 8.772345 10.745485 18.076942 8.772345 10.965691 10.965691 10.965691 10.965691 14.138691 14.138691 18.076942 18.076942 18.076942 18.076942 18.076942 14.138691 10.965691 10.965691 10.965691 10.965691 8.772345 8.772345 11.641239 18.076942 18.076942 10.292904 8.524279 13.439558 10.59911 8.524279 8.524279 8.524279 8.524279 8.524279 8.524279 8.524279 8.524279 8.524279 8.524279 8.524279 8.524279 8.524279 8.524279 8.524279 8.524279 8.524279 8.524279 8.524279 10.292904
8.772345 8.772345 8.772345 8.772345 8.772345 8.772345 8.772345 10.965691 10.965691 8.772345 10.965691 8.772345 8.772345 10.745485 14.138691 10.965691 14.138691 10.965691 10.965691 8.772345 18.076942 10.745485 18.076942 18.076942 18.076942 18.076942 14.138691 10.965691 10.965691 10.965691 10.965691 10.965691 18.076942 14.138691 18.076942 18.076942 10.292904 8.524279 13.439558 13.439558 10.59911 10.59911 10.59911 8.524279 8.524279 8.524279 11.260729 11.260729 8.524279 8.524279 8.524279 8.524279 8.524279 10.59911 10.59911 8.524279 8.524279 8.524279 8.524279 10.292904
8.772345 8.772345 8.772345 8.772345 8.772345 8.772345 8.772345 10.965691 10.965691 8.772345 10.965691 8.772345 8.772345 8.772345 10.745485 14.138691 14.138691 18.076942 18.076942 8.772345 10.745485 10.745485 18.076942 10.745485 10.745485 18.076942 18.076942 10.965691 8.772345 8.772345 10.965691 14.138691 14.138691 14.138691 14.138691 10.745485 10.292904 10.292904 13.439558 13.439558 10.59911 10.59911 10.59911 8.524279 8.524279 8.524279 8.524279 11.049299 8.524279 8.524279 8.524279 8.524279 8.524279 8.524279 8.524279 8.524279 8.524279 8.524279 10.292904 10.292904
8.772345 8.772345 8.772345 8.772345 8.772345 8.772345 8.772345 8.772345 10.965691 10.965691 11.641239 8.772345 8.772345 8.772345 8.772345 8.772345 18.076942 18.076942 18.076942 11.392746 10.745485 18.076942 18.076942 10.745485 8.772345 8.772345 10.965691 10.965691 8.772345 8.772345 10.965691 14.138691 14.138691 10.965691 14.138691 10.745485 8.524279 10.59911 13.439558 13.439558 10.59911 10.59911 8.524279 8.524279 8.524279 8.524279 8.524279 11.049299 8.524279 8.524279 8.524279 8.524279 8.524279 8.524279 8.524279 8.524279 8.524279 8.524279 8.524279 10.59911
11.641239 11.641239 11.641239 8.772345 8.772345 8.772345 10.965691 10.965691 10.965691 10.965691 11.641239 8.772345 8.772345 8.772345 8.772345 8.772345 11.392746 10.745485 18.076942 18.076942 18.076942 18.076942 18.076942 10.745485 8.772345 8.772345 10.965691 10.965691 8.772345 8.772345 10.965691 8.772345 10.745485 14.138691 14.138691 10.745485 8.524279 10.59911 10.59911 10.59911 8.524279 8.524279 11.049299 8.524279 8.524279 8.524279 8.524279 11.049299 8.524279 8.524279 10.59911 8.524279 8.524279 8.524279 8.524279 8.524279 8.524279 8.524279 8.524279 8.524279
10.965691 11.641239 11.641239 8.772345 8.772345 8.772345 10.965691 10.965691 10.965691 10.965691 11.641239 11.641239 11.641239 8.772345 8.772345 8.772345 8.772345 10.745485 18.076942 15.792322 14.138691 14.138691 18.076942 10.745485 10.745485 8.772345 8.772345 10.965691 8.772345 8.772345 8.772345 8.772345 8.772345 10.965691 10.965691 8.772345 8.524279 8.524279 8.524279 8.524279 8.524279 10.59911 10.59911 11.328489 8.524279 8.524279 8.524279 8.524279 8.524279 8.524279 10.59911 8.524279 8.524279 8.524279 8.524279 8.524279 8.524279 8.524279 8.524279 8.524279
10.577717 11.472973 10.577717 10.577717 10.577717 8.417749 11.134703 10.577717 13.362934 10.167871 8.417749 8.417749 8.417749 8.417749 8.417749 8.417749 8.417749 10.167871 17.038157 11.134703 10.577717 13.362934 17.038157 13.362934 10.167871 8.417749 8.417749 8.417749 8.417749 8.417749 8.417749 8.417749 10.577717 10.577717 10.577717 10.577717 10.290553 8.569816 8.569816 8.569816 10.290553 10.290553 10.290553 8.569816 8.569816 8.569816 8.569816 8.569816 10.290553 10.290553 10.290553 10.290553 8.569816 8.569816 8.569816 8.569816 8.569816 8.569816 10.210063 13.088796
10.577717 10.577717 10.577717 10.577717 10.577717 11.134703 10.577717 13.362934 17.038157 10.167871 10.167871 8.417749 8.417749 11.472973 8.417749 8.417749 8.417749 17.038157 13.362934 13.362934 13.362934 17.038157 17.038157 13.362934 13.362934 8.417749 8.417749 8.417749 8.417749 8.417749 8.417749 8.417749 8.417749 14.91456 14.91456 14.91456 14.436294 10.290553 8.569816 8.569816 10.290553 10.290553 10.290553 8.569816 8.569816 8.569816 8.569816 8.569816 8.569816 10.290553 10.290553 10.290553 8.569816 8.569816 8.569816 8.569816 8.569816 10.210063 13.088796 13.088796
10.577717 10.577717 10.577717 10.577717 10.577717 10.577717 13.362934 10.167871 10.167871 17.038157 17.038157 8.417749 11.472973 8.417749 8.417749 8.417749 8.417749 10.577717 13.362934 13.362934 17.038157 17.038157 17.038157 14.91456 13.362934 10.167871 8.417749 8.417749 8.417749 8.417749 8.417749 8.417749 8.417749 10.167871 14.91456 14.91456 14.436294 10.210063 8.569816 10.290553 10.290553 10.290553 8.569816 8.569816 8.569816 8.569816 8.569816 8.569816 10.290553 8.569816 8.569816 8.569816 8.569816 8.569816 8.569816 8.569816 8.569816 10.290553 13.088796 13.088796
10.577717 10.577717 10.577717 10.577717 10.577717 10.167871 10.167871 8.417749 10.167871 17.038157 17.038157 8.417749 8.417749 8.417749 8.417749 8.417749 8.417749 10.577717 13.362934 17.038157 17.038157 14.91456 14.91456 17.038157 13.362934 10.167871 8.417749 8.417749 8.417749 8.417749 10.577717 10.577717 10.577717 10.167871 14.91456 14.91456 10.210063 10.210063 8.569816 10.290553 10.290553 10.290553 8.569816 8.569816 8.569816 8.569816 8.569816 8.569816 8.569816 8.569816 8.569816 8.569816 8.569816 8.569816 8.569816 8.569816 8.569816 10.290553 13.088796 13.088796
13.362934 13.362934 10.167871 10.167871 10.167871 10.167871 8.417749 8.417749 10.167871 17.038157 10.577717 10.577717 8.417749 8.417749 8.417749 8.417749 17.038157 13.362934 13.362934 17.038157 17.038157 17.038157 14.91456 17.038157 13.362934 13.362934 10.167871 10.167871 8.417749 8.417749 10.577717 10.577717 10.577717 10.167871 10.167871 10.167871 10.210063 8.569816 8.569816 10.290553 10.290553 10.290553 8.569816 8.569816 8.569816 8.569816 8.569816 10.290553 8.569816 8.569816 8.569816 8.569816 8.569816 8.569816 8.569816 8.569816 10.290553 10.290553 10.290553 10.290553
