Export/ASCII/RMeteo_SP_inch/p1/RMeteo_2014_SP4_inch.asc
ncols         660
nrows         338
xllcorner     1476150
yllcorner     5017150
cellsize      100
NODATA_value  -9.9e-20
[rows 162 to 188 of 338, columns 540 to 599 of 660]
15.538264 15.538264 15.538264 15.538264 15.538264 15.538264 10.7041855 10.7041855 10.7041855 10.7041855 15.538264 15.538264 15.538264 15.538264 15.155049 15.155049 15.155049 15.155049 15.155049 15.155049 6.510563 6.510563 6.490699 6.490699 6.510563 6.510563 6.510563 6.510563 6.510563 6.510563 6.510563 6.510563 6.510563 6.510563 6.510563 13.752557 13.752557 15.155049 15.155049 15.155049 15.155049 15.155049 15.155049 15.155049 12.58587 12.58587 12.58587 15.155049 15.155049 15.155049 15.155049 15.155049 10.048278 10.048278 10.400573 10.400573 10.400573 10.400573 10.400573 10.400573
15.538264 15.538264 15.538264 15.538264 15.538264 13.8442745 10.357808 10.7041855 10.7041855 10.7041855 15.538264 15.538264 15.538264 15.538264 15.155049 15.155049 15.155049 15.155049 15.155049 15.155049 6.510563 6.510563 6.510563 6.510563 6.510563 6.510563 6.510563 6.510563 6.510563 6.510563 6.510563 6.510563 6.510563 6.510563 15.155049 15.155049 15.155049 15.155049 15.155049 15.155049 15.155049 15.155049 15.155049 12.58587 9.934763 9.934763 9.934763 15.155049 15.155049 15.155049 15.155049 10.400573 10.400573 10.400573 10.400573 10.400573 10.400573 10.400573 10.400573 10.400573
15.538264 15.538264 15.538264 15.538264 12.566547 13.8442745 10.357808 10.7041855 10.7041855 10.7041855 15.538264 15.538264 15.538264 15.538264 15.155049 6.510563 6.510563 6.510563 6.510563 15.155049 6.510563 6.510563 6.510563 6.510563 6.510563 6.510563 6.510563 6.510563 6.510563 6.510563 6.510563 6.510563 6.510563 6.510563 15.155049 15.155049 15.155049 15.155049 15.155049 15.155049 15.155049 15.155049 15.155049 15.155049 9.934763 9.934763 9.934763 9.934763 15.155049 15.155049 10.400573 10.400573 10.400573 10.400573 10.400573 10.400573 10.400573 10.048278 10.048278 10.048278
15.538264 15.538264 15.538264 15.538264 12.566547 13.8442745 13.8442745 15.538264 10.7041855 15.538264 15.538264 15.538264 15.538264 15.538264 15.155049 6.510563 6.510563 6.510563 6.510563 6.510563 6.510563 6.510563 6.510563 6.510563 6.510563 6.510563 6.510563 6.510563 6.510563 6.510563 6.510563 6.510563 6.510563 15.155049 15.155049 15.155049 15.155049 15.155049 15.155049 15.155049 15.155049 15.155049 15.155049 15.155049 9.934763 9.934763 9.934763 9.934763 15.155049 15.155049 9.629851 9.629851 10.400573 10.400573 10.400573 10.400573 10.048278 10.048278 10.048278 10.048278
15.538264 15.538264 15.538264 15.538264 12.566547 12.566547 15.538264 15.538264 15.538264 15.538264 15.538264 15.538264 15.538264 15.538264 15.155049 6.510563 6.510563 6.510563 6.510563 6.510563 6.510563 6.510563 6.510563 6.510563 6.510563 6.510563 6.510563 6.510563 6.510563 6.510563 6.510563 6.510563 15.155049 15.155049 15.155049 15.155049 15.155049 15.155049 15.155049 15.155049 15.155049 15.155049 15.155049 15.155049 15.155049 15.155049 15.155049 15.155049 15.155049 9.629851 9.629851 9.629851 10.400573 9.629851 9.629851 10.400573 10.400573 10.048278 10.048278 10.400573
15.538264 15.538264 12.566547 12.566547 15.538264 15.538264 15.538264 15.538264 15.538264 15.538264 15.538264 15.538264 15.538264 15.538264 15.155049 6.510563 6.510563 6.510563 6.510563 6.510563 6.510563 6.510563 6.510563 6.510563 6.510563 6.510563 6.510563 6.510563 6.510563 6.510563 6.510563 6.510563 15.155049 15.155049 15.155049 15.155049 15.155049 15.155049 15.155049 15.155049 15.155049 15.155049 15.155049 15.155049 15.155049 15.155049 15.155049 15.155049 15.155049 10.048278 10.400573 10.400573 10.400573 10.048278 10.048278 9.629851 10.400573 10.048278 10.400573 10.400573
15.538264 15.538264 12.566547 12.566547 9.85742 9.85742 15.538264 15.538264 15.538264 15.538264 15.538264 15.538264 12.566547 12.566547 15.155049 6.510563 6.510563 6.510563 6.510563 6.510563 6.510563 6.510563 6.510563 6.510563 6.510563 6.510563 6.510563 6.510563 6.510563 6.510563 6.510563 6.510563 15.155049 15.155049 15.155049 15.155049 15.155049 15.155049 12.58587 15.155049 15.155049 15.155049 15.155049 15.155049 15.155049 15.155049 15.155049 15.155049 10.048278 10.048278 10.400573 10.400573 10.400573 10.400573 10.048278 9.629851 10.400573 10.400573 10.400573 10.400573
15.538264 15.538264 15.538264 9.85742 8.332565 9.85742 15.538264 15.538264 15.538264 15.538264 15.538264 15.538264 12.566547 12.566547 6.510563 6.510563 6.510563 6.510563 6.510563 6.510563 6.510563 6.510563 6.510563 6.510563 6.510563 6.510563 6.510563 6.510563 6.510563 6.510563 15.155049 15.155049 15.155049 15.155049 15.155049 15.155049 15.155049 15.155049 12.58587 12.58587 15.155049 15.155049 15.155049 15.155049 10.400573 10.400573 10.400573 10.400573 10.048278 10.048278 10.400573 10.400573 10.400573 10.400573 10.048278 10.048278 10.400573 10.400573 10.400573 10.400573
12.566547 12.566547 12.566547 9.85742 9.85742 9.85742 9.85742 9.85742 15.538264 9.85742 9.85742 15.538264 15.538264 15.538264 6.510563 6.510563 6.510563 6.510563 6.510563 6.510563 6.510563 6.510563 6.510563 6.510563 6.510563 6.510563 6.510563 6.4234333 6.4234333 15.155049 15.155049 15.155049 15.155049 15.155049 15.155049 15.155049 15.155049 14.183629 13.752557 12.58587 12.58587 15.155049 10.400573 10.400573 10.400573 10.400573 10.400573 10.400573 10.400573 10.400573 10.400573 10.400573 10.400573 10.400573 10.400573 10.400573 10.400573 10.400573 10.400573 10.400573
12.566547 9.926663 12.566547 12.566547 8.332565 8.332565 8.332565 9.85742 15.538264 9.85742 9.85742 15.538264 15.538264 15.538264 6.510563 6.510563 6.510563 6.510563 6.510563 6.510563 6.510563 6.510563 6.510563 6.510563 6.510563 6.510563 6.510563 6.510563 6.510563 15.155049 15.155049 15.155049 15.155049 15.155049 15.155049 15.155049 15.155049 15.155049 12.58587 12.58587 12.58587 10.400573 10.400573 10.400573 10.400573 10.400573 10.400573 10.400573 10.400573 10.400573 10.400573 10.400573 10.400573 10.400573 10.400573 10.400573 10.048278 10.048278 10.400573 10.400573
9.926663 9.926663 9.926663 9.926663 8.332565 8.332565 9.85742 9.85742 12.566547 9.85742 9.85742 15.538264 15.538264 15.538264 6.510563 6.510563 6.510563 6.510563 6.510563 6.510563 6.510563 6.510563 6.510563 6.510563 6.510563 6.510563 6.510563 6.510563 15.155049 15.155049 15.155049 15.155049 15.155049 15.155049 15.155049 15.155049 15.155049 15.155049 12.58587 9.629851 10.400573 10.400573 10.400573 10.400573 10.400573 10.400573 10.400573 10.400573 10.400573 10.400573 10.400573 10.400573 10.400573 10.400573 10.400573 10.400573 6.490699 10.048278 10.048278 10.400573
9.926663 9.926663 9.926663 9.926663 8.332565 8.332565 8.332565 12.566547 12.566547 12.566547 13.8442745 15.538264 15.538264 15.538264 15.155049 6.510563 6.510563 6.510563 6.510563 6.510563 6.510563 6.510563 6.510563 6.510563 6.510563 6.510563 6.510563 6.510563 15.155049 15.155049 15.155049 15.155049 15.155049 15.155049 15.155049 15.155049 15.155049 15.155049 10.400573 10.400573 10.400573 10.400573 10.400573 10.400573 10.400573 10.400573 10.400573 10.400573 10.400573 10.400573 10.400573 10.400573 10.400573 10.400573 10.400573 6.510563 6.490699 10.048278 10.048278 10.400573
12.566547 12.566547 12.566547 12.566547 12.566547 12.566547 12.566547 9.926663 12.566547 12.566547 13.8442745 15.538264 9.85742 9.85742 9.934763 6.0952816 6.0952816 6.0952816 6.0952816 6.510563 6.510563 6.510563 6.510563 6.510563 6.510563 6.510563 6.510563 15.155049 15.155049 15.155049 15.155049 15.155049 15.155049 15.155049 15.155049 15.155049 15.155049 15.155049 10.400573 10.400573 10.400573 10.400573 10.400573 10.400573 10.400573 10.400573 10.400573 10.400573 10.400573 10.400573 10.400573 10.400573 10.048278 10.400573 6.510563 6.4234333 6.510563 6.510563 10.400573 10.400573
12.566547 15.538264 15.538264 12.566547 12.566547 12.566547 12.566547 12.566547 12.566547 15.141479 15.538264 9.85742 9.85742 8.332565 8.303036 8.303036 6.0952816 6.0952816 6.0952816 6.0952816 6.510563 6.510563 6.510563 6.510563 6.510563 6.510563 6.510563 15.155049 15.155049 15.155049 15.155049 15.155049 15.155049 15.155049 15.155049 14.183629 15.155049 10.400573 10.400573 10.400573 10.400573 10.400573 10.400573 10.400573 10.400573 10.400573 10.400573 10.400573 10.400573 10.400573 10.400573 10.400573 6.490699 6.490699 6.4234333 6.4234333 6.510563 6.510563 6.510563 10.400573
15.538264 15.538264 15.538264 12.566547 12.566547 12.566547 12.566547 12.566547 15.538264 15.141479 15.538264 9.85742 9.85742 8.332565 8.303036 8.303036 9.934763 6.0952816 6.0952816 6.510563 6.510563 6.510563 6.510563 6.510563 6.510563 6.510563 15.155049 15.155049 15.155049 15.155049 15.155049 15.155049 15.155049 15.155049 15.155049 15.155049 10.400573 10.400573 10.400573 10.400573 10.400573 10.400573 10.400573 10.400573 10.400573 10.400573 10.400573 10.400573 10.400573 10.400573 6.510563 6.510563 6.490699 6.490699 6.4234333 6.4234333 6.510563 6.510563 6.510563 10.400573
15.538264 15.538264 15.538264 15.538264 15.538264 15.538264 15.538264 12.566547 15.538264 12.566547 12.566547 9.85742 9.85742 9.85742 9.934763 9.934763 9.934763 9.934763 15.155049 15.155049 6.510563 6.510563 6.510563 6.510563 6.510563 6.510563 15.155049 15.155049 15.155049 15.155049 15.155049 15.155049 15.155049 15.155049 15.155049 15.155049 10.400573 10.400573 10.400573 10.400573 10.400573 10.400573 10.400573 10.400573 10.400573 10.400573 10.400573 10.400573 6.510563 6.510563 6.510563 6.510563 6.4234333 6.4234333 6.510563 6.510563 10.30263 10.400573 6.510563 10.400573
15.538264 15.538264 15.538264 15.538264 15.538264 15.538264 15.538264 15.538264 15.538264 12.566547 12.566547 12.566547 9.85742 9.85742 9.934763 15.155049 15.155049 15.155049 15.155049 13.752557 13.752557 6.510563 6.510563 6.510563 6.510563 15.155049 15.155049 15.155049 15.155049 15.155049 15.155049 15.155049 15.155049 15.155049 15.155049 10.400573 10.400573 10.400573 10.400573 10.400573 10.400573 10.400573 9.629851 6.4234333 6.4234333 6.510563 6.510563 6.510563 6.510563 6.510563 6.510563 6.510563 6.4234333 6.4234333 6.510563 6.505473 10.30263 10.400573 10.400573 6.4234333
13.8442745 13.8442745 15.538264 15.538264 15.538264 15.538264 15.538264 15.538264 15.538264 12.566547 15.538264 15.538264 15.538264 15.538264 13.752557 13.752557 13.752557 15.155049 15.155049 13.752557 13.752557 15.155049 6.510563 6.510563 6.0952816 9.934763 9.934763 15.155049 15.155049 15.155049 15.155049 15.155049 15.155049 15.155049 15.155049 10.400573 10.400573 10.400573 10.400573 10.400573 10.400573 10.400573 9.629851 9.629851 6.4234333 6.4234333 6.510563 6.510563 6.510563 6.510563 6.510563 6.510563 6.510563 6.510563 6.510563 6.510563 10.400573 10.400573 10.400573 9.629851
13.8442745 13.8442745 9.85742 15.538264 15.538264 15.538264 15.538264 13.8442745 13.8442745 13.8442745 13.8442745 15.538264 15.538264 12.566547 13.752557 13.752557 13.752557 15.155049 15.155049 15.155049 15.155049 15.155049 6.510563 6.510563 6.0952816 9.934763 9.934763 15.155049 15.155049 15.155049 15.155049 15.155049 15.155049 15.155049 10.400573 10.400573 10.400573 10.400573 10.400573 10.400573 10.400573 10.400573 9.629851 9.629851 6.4234333 6.4234333 6.510563 6.510563 6.510563 6.510563 6.510563 6.510563 6.510563 6.510563 6.510563 6.510563 6.510563 10.400573 10.400573 10.400573
9.85742 9.85742 9.85742 9.85742 9.85742 15.538264 15.538264 13.8442745 13.8442745 13.8442745 13.8442745 15.538264 15.538264 12.566547 12.58587 12.58587 12.58587 15.155049 15.155049 15.155049 15.155049 15.155049 6.510563 6.510563 6.510563 15.155049 15.155049 15.155049 15.155049 15.155049 15.155049 15.155049 15.155049 9.500316 10.400573 10.400573 10.400573 10.400573 10.400573 10.400573 10.400573 10.400573 6.4234333 6.4234333 6.4234333 6.510563 6.510563 6.510563 6.510563 6.510563 6.510563 6.510563 6.510563 6.510563 6.510563 6.510563 6.510563 6.510563 10.400573 10.400573
10.131538 10.131538 8.587023 10.131538 10.131538 15.1704445 15.1704445 15.1704445 15.1704445 15.1704445 15.1704445 15.1704445 15.1704445 15.1704445 14.65873 14.65873 14.65873 14.65873 14.65873 10.086218 10.086218 14.65873 6.323059 6.323059 14.65873 14.65873 14.65873 14.65873 13.653137 13.653137 13.653137 13.653137 13.653137 10.086218 10.086218 10.086218 10.086218 10.086218 10.086218 10.086218 10.086218 10.086218 6.22658 6.22658 6.323059 6.323059 6.323059 6.323059 6.323059 6.323059 6.323059 6.323059 6.323059 6.323059 6.323059 6.323059 6.323059 6.323059 6.22658 9.468536
10.131538 8.587023 8.587023 10.131538 15.1704445 15.1704445 15.1704445 15.1704445 15.1704445 15.1704445 15.1704445 12.707529 15.1704445 15.1704445 14.65873 10.086218 10.086218 10.086218 10.086218 10.086218 10.086218 14.65873 14.65873 13.317759 12.217468 12.217468 13.317759 13.317759 13.653137 14.65873 10.086218 10.086218 10.086218 10.086218 10.086218 10.086218 10.086218 10.086218 10.086218 10.086218 6.323059 6.323059 6.323059 6.22658 6.323059 6.323059 6.323059 6.323059 6.323059 6.323059 6.323059 6.323059 6.323059 6.323059 6.323059 6.323059 6.323059 6.323059 6.22658 6.22658
10.131538 10.131538 10.131538 15.1704445 15.1704445 15.1704445 15.1704445 15.1704445 15.1704445 15.1704445 12.707529 12.707529 12.707529 15.1704445 10.086218 10.086218 10.086218 10.086218 10.086218 10.086218 10.086218 14.65873 14.65873 13.317759 12.217468 12.217468 12.217468 14.65873 14.65873 10.086218 10.086218 10.086218 10.086218 10.086218 10.086218 10.086218 10.086218 10.086218 10.086218 6.323059 6.323059 6.323059 6.323059 6.323059 6.323059 6.323059 6.323059 6.323059 6.323059 6.323059 6.323059 6.323059 6.323059 6.323059 6.323059 6.323059 6.323059 6.323059 10.086218 6.22658
15.1704445 10.131538 10.131538 15.1704445 15.1704445 15.1704445 15.1704445 15.1704445 15.1704445 15.1704445 12.707529 9.930254 10.66453 10.66453 10.086218 10.086218 10.086218 10.086218 10.086218 9.831543 9.831543 14.65873 14.65873 14.65873 14.65873 14.65873 14.65873 14.65873 14.65873 10.086218 10.086218 10.086218 10.086218 10.086218 10.086218 10.086218 10.086218 10.086218 6.323059 6.323059 6.323059 6.323059 6.323059 6.323059 6.323059 6.323059 6.323059 6.323059 6.323059 6.323059 6.323059 6.323059 6.323059 6.323059 6.323059 6.323059 6.323059 6.323059 5.695329 6.22658
15.1704445 12.707529 12.707529 15.1704445 15.1704445 15.1704445 15.1704445 15.1704445 15.1704445 15.1704445 10.66453 10.66453 10.66453 10.66453 10.086218 10.086218 10.086218 10.086218 9.831543 9.831543 13.317759 14.65873 14.65873 14.65873 14.65873 14.65873 14.65873 14.65873 10.086218 10.086218 10.086218 10.086218 10.086218 10.086218 6.323059 6.323059 6.323059 6.323719 6.323059 6.323059 6.323059 6.323059 6.323059 6.323059 6.323059 6.323059 6.323059 6.323059 6.323059 6.323059 6.323059 6.323059 6.323059 6.323059 6.323059 6.323059 6.323059 5.695329 6.323059 6.323059
15.1704445 15.1704445 12.707529 12.707529 15.1704445 15.1704445 15.1704445 15.1704445 15.1704445 15.1704445 10.66453 10.66453 10.66453 10.66453 10.086218 10.086218 10.086218 10.086218 9.831543 9.831543 13.317759 14.65873 14.65873 14.65873 14.65873 14.65873 14.65873 10.086218 10.086218 10.086218 10.086218 9.134554 10.086218 6.323059 6.323059 6.323059 6.323059 6.323059 6.323059 6.323059 6.323059 6.323059 6.323059 6.323059 6.323059 6.323059 6.323059 6.323059 6.323059 6.323059 6.323059 6.323059 6.323059 6.323059 6.323059 6.323059 6.323059 6.323059 6.323059 6.323059
15.1704445 13.822231 13.822231 12.707529 12.707529 13.822233 15.1704445 15.1704445 15.1704445 15.1704445 15.1704445 10.66453 10.66453 10.66453 10.086218 10.086218 10.086218 10.086218 10.086218 9.831543 14.65873 14.65873 14.65873 14.65873 14.65873 14.65873 10.086218 10.086218 10.086218 10.086218 10.086218 5.695329 6.323059 6.323059 6.323059 6.323059 6.323059 6.323059 6.323059 6.323059 6.323059 6.323059 6.323059 6.323059 6.323059 6.323059 6.323059 6.323059 6.323059 6.323059 6.323059 6.323059 6.323059 6.323059 6.323059 6.323059 6.323059 6.323059 6.323059 6.323059
