Export/ASCII/RMeteo_SP_inch/p1/RMeteo_2017_SP2_inch.asc
ncols         660
nrows         338
xllcorner     1476100.0
yllcorner     5017100.0
cellsize      100
NODATA_value  -9.9e-20
[rows 81 to 107 of 338, columns 549 to 609 of 660]
4.5892324 4.776907 4.4919662 4.2775993 4.2775993 4.257897 3.7367904 4.257897 4.257897 4.257897 4.257897 4.257897 4.257897 4.257897 4.257897 4.257897 3.7367904 3.7367904 3.7367904 4.044403 4.5505877 4.5505877 4.5505877 4.5505877 4.811199 4.811199 4.811199 4.811199 4.6900244 4.6900244 4.6900244 4.811199 4.811199 4.5505877 4.5505877 4.5505877 4.5505877 4.5505877 3.7367904 3.7367904 4.257897 4.257897 4.257897 4.257897 4.257897 4.5505877 4.5505877 4.811199 4.811199 4.811199 4.811199 4.811199 4.811199 4.811199 4.811199 4.811199 4.5505877 4.5505877 4.811199 4.811199 4.5505877
3.7317293 3.7317293 3.7317293 4.2775993 3.7317293 3.7367904 3.7367904 4.5530424 4.539176 4.257897 4.257897 4.257897 4.257897 4.257897 4.257897 4.257897 3.7367904 4.044403 4.044403 4.044403 4.811199 4.5505877 4.5505877 4.811199 4.811199 4.811199 4.811199 4.811199 4.811199 4.6900244 4.6900244 4.811199 4.811199 4.5505877 4.6900244 4.6900244 4.811199 4.811199 4.257897 4.257897 4.257897 4.257897 4.257897 4.257897 4.257897 4.257897 4.5505877 4.811199 4.811199 4.811199 4.811199 4.811199 4.811199 4.811199 4.811199 4.811199 4.811199 4.811199 4.811199 4.5505877 4.5505877
3.7317293 3.7317293 3.7317293 4.5892324 3.7317293 3.7367904 3.7367904 3.7367904 3.7367904 4.257897 4.257897 4.257897 4.257897 4.257897 4.257897 4.257897 4.257897 4.257897 4.811199 4.811199 4.811199 4.811199 4.811199 4.811199 4.811199 4.6900244 4.6900244 4.811199 4.811199 4.811199 4.811199 4.811199 4.811199 4.811199 4.6900244 4.6900244 4.811199 4.6900244 4.476636 4.257897 4.257897 4.539176 4.257897 4.257897 4.257897 4.257897 4.6900244 4.811199 4.811199 4.811199 4.811199 4.811199 4.811199 4.811199 4.811199 4.811199 0.0 0.0 4.5505877 4.5505877 4.5505877
4.2775993 3.7317293 3.7317293 4.5892324 4.4919662 3.7367904 3.7367904 3.7367904 3.7367904 3.7367904 4.257897 4.257897 4.257897 4.257897 4.257897 4.257897 4.5505877 4.5505877 4.811199 4.811199 4.811199 4.811199 4.6900244 4.6900244 4.811199 4.6900244 4.6900244 4.811199 4.811199 4.811199 4.811199 4.811199 4.811199 4.811199 4.811199 4.5505877 4.5505877 4.6900244 4.476636 4.257897 4.257897 4.539176 4.257897 4.257897 4.553043 4.476636 4.476636 4.811199 4.811199 4.811199 4.811199 4.811199 4.811199 4.811199 4.811199 4.811199 0.0 0.0 4.5505877 4.5505877 4.5505877
4.2775993 3.7317293 3.7317293 3.7317293 3.7317293 3.7367904 3.7367904 3.7367904 3.7367904 3.7367904 4.257897 4.257897 4.257897 4.257897 4.257897 4.257897 4.257897 4.553043 4.811199 4.811199 4.044403 4.044403 4.6900244 4.6900244 4.811199 4.811199 4.6900244 4.6900244 4.811199 4.811199 4.811199 4.811199 4.811199 4.811199 4.811199 4.811199 4.811199 4.811199 4.553043 4.553043 4.553043 4.553043 4.553043 4.553043 4.553043 4.553043 4.553043 4.811199 4.811199 4.811199 4.811199 4.811199 4.811199 4.811199 4.811199 4.811199 4.811199 4.811199 4.811199 4.811199 4.811199
4.2775993 3.7317293 3.7317293 3.7317293 3.7317293 3.7367904 3.7367904 3.7367904 3.7367904 3.7367904 3.7367904 4.257897 4.257897 3.7367904 3.7367904 3.7367904 4.553043 4.553043 4.257897 4.257897 4.044403 4.044403 4.044403 4.811199 4.811199 4.811199 4.6900244 4.6900244 4.6900244 4.5505877 4.5505877 4.811199 4.811199 4.811199 4.811199 4.811199 4.811199 4.811199 4.257897 4.553043 4.553043 4.553043 4.553043 4.553043 4.553043 4.553043 4.553043 4.811199 4.811199 4.811199 4.044403 4.044403 4.044403 4.5505877 4.5505877 4.5505877 4.5505877 4.5505877 4.5505877 4.6900244 4.811199
4.2775993 3.7317293 4.2775993 3.7317293 3.7317293 3.7367904 3.7367904 3.7367904 3.7367904 3.7367904 3.7367904 4.257897 4.257897 3.7367904 3.7367904 3.7367904 4.553043 4.257897 4.257897 4.257897 4.553043 4.044403 4.044403 4.811199 4.811199 4.811199 4.811199 4.6900244 4.6900244 4.5505877 4.5505877 4.6900244 4.6900244 4.811199 4.811199 4.811199 4.811199 4.5505877 4.257897 4.553043 4.553043 4.553043 4.553043 4.553043 4.553043 4.553043 4.553043 4.553043 4.6900244 4.811199 4.6900244 4.6900244 4.044403 4.5505877 4.5505877 4.5505877 4.257897 4.5505877 4.5505877 4.5505877 4.6900244
3.7317293 3.7317293 4.2775993 3.7317293 3.7317293 3.7367904 3.7367904 3.7367904 3.7367904 3.7367904 3.7367904 4.257897 4.5530424 4.257897 3.7367904 3.7367904 4.476636 4.476636 4.476636 4.553043 4.553043 4.553043 4.553043 4.553043 4.811199 4.811199 4.811199 4.6900244 4.6900244 4.5505877 4.5505877 4.6900244 4.6900244 4.811199 4.811199 4.811199 4.811199 4.811199 4.476636 4.476636 4.553043 4.553043 4.553043 4.553043 4.476636 4.553043 4.553043 4.553043 4.6900244 4.6900244 4.6900244 4.6900244 4.044403 4.5505877 4.257897 4.257897 4.5505877 4.5505877 4.5505877 4.5505877 4.6900244
3.7317293 4.2775993 0.0 4.2775993 3.7317293 3.7367904 3.7367904 3.7367904 3.7367904 3.7367904 3.7367904 4.257897 4.5530424 4.257897 4.257897 4.5530424 4.476636 4.476636 4.476636 4.539176 4.553043 4.553043 4.553043 4.553043 4.811199 4.811199 4.811199 4.811199 4.6900244 4.811199 4.811199 4.6900244 4.6900244 4.811199 4.811199 4.811199 4.811199 4.5530424 4.476636 4.476636 4.476636 4.257897 4.257897 4.476636 4.476636 4.257897 4.257897 4.553043 4.5505877 4.6900244 4.6900244 4.811199 4.5505877 4.5505877 4.257897 4.257897 4.257897 4.5505877 4.6900244 4.5505877 4.6900244
4.2775993 4.2775993 4.2775993 4.2775993 4.4919662 3.7367904 3.7367904 3.7367904 3.7367904 3.7367904 3.7367904 4.257897 4.257897 4.5530424 4.5530424 4.5530424 4.5530424 4.5530424 4.553043 4.553043 4.553043 4.553043 4.553043 4.553043 4.553043 4.811199 4.811199 4.811199 4.811199 4.811199 4.811199 4.811199 4.811199 4.811199 4.811199 4.811199 4.553043 4.5530424 4.553043 4.553043 4.476636 4.257897 4.257897 4.553043 4.553043 4.257897 4.257897 4.553043 4.257897 4.6900244 4.6900244 4.5505877 4.5505877 4.5505877 4.257897 4.257897 4.5505877 4.5505877 4.6900244 4.5505877 4.6900244
4.2775993 4.2775993 4.2775993 4.4919662 4.2775993 4.257897 4.5530424 4.5530424 4.5530424 4.5530424 4.257897 4.257897 4.257897 4.257897 4.5530424 4.553043 4.553043 4.5530424 4.553043 4.553043 4.553043 4.553043 4.553043 4.553043 4.553043 4.811199 4.811199 4.811199 4.811199 4.6900244 4.6900244 4.811199 4.811199 4.811199 4.5505877 4.257897 4.476636 4.553043 4.553043 4.553043 4.553043 4.257897 4.257897 4.5530424 4.553043 4.257897 4.257897 4.553043 3.7367904 4.6900244 4.6900244 4.5505877 4.5505877 4.257897 4.257897 4.257897 4.5505877 4.811199 4.811199 4.811199 4.811199
3.7317293 4.2775993 4.2775993 4.2775993 4.2775993 4.257897 3.7367904 3.7367904 4.5530424 4.5530424 3.7367904 3.7367904 4.257897 4.257897 4.553043 4.553043 4.553043 4.553043 4.553043 4.553043 4.553043 4.553043 4.553043 4.553043 4.553043 4.553043 4.811199 4.811199 4.811199 4.6900244 4.6900244 4.811199 4.811199 4.5530424 4.257897 4.257897 4.476636 4.553043 4.553043 4.553043 4.553043 4.553043 4.553043 4.553043 4.553043 4.553043 4.553043 4.553043 3.7367904 4.6900244 4.6900244 4.5505877 4.5505877 4.257897 4.257897 4.5505877 4.5505877 4.811199 4.811199 4.811199 4.811199
3.7317293 4.2775993 4.2775993 4.2775993 3.7317293 3.7367904 3.7367904 3.7367904 4.257897 3.7367904 3.7367904 3.7367904 4.553043 4.553043 4.553043 4.553043 4.553043 4.553043 4.553043 4.553043 4.553043 4.553043 4.553043 4.553043 4.553043 4.553043 4.553043 4.553043 4.5530424 4.4766364 4.476636 4.553043 4.553043 4.553043 4.257897 4.257897 4.257897 4.553043 4.257897 4.257897 4.553043 4.553043 4.553043 4.553043 4.553043 4.553043 4.476636 4.476636 4.476636 4.553043 4.811199 4.5505877 4.5505877 4.257897 4.257897 4.5505877 4.5505877 4.811199 4.811199 4.811199 4.044403
3.7317293 3.7317293 4.2775993 3.7317293 3.7317293 3.7367904 3.7367904 3.7367904 3.7367904 3.7367904 3.7367904 4.476636 4.476636 4.553043 4.553043 4.553043 4.553043 4.553043 4.553043 4.553043 4.553043 4.553043 4.553043 4.553043 4.553043 4.553043 4.553043 4.553043 4.5530424 4.5530424 4.5530424 4.553043 4.553043 4.553043 4.257897 4.257897 4.257897 4.553043 4.257897 4.257897 4.257897 4.553043 4.553043 4.553043 4.553043 4.476636 4.476636 4.476636 4.553043 4.553043 4.811199 4.5505877 4.5505877 4.257897 4.5505877 4.5505877 4.811199 4.811199 4.811199 4.811199 4.044403
3.7317293 3.7317293 3.7317293 3.7317293 3.7317293 3.7367904 3.7367904 3.7367904 3.7367904 3.7367904 3.7367904 4.476636 4.476636 4.553043 4.553043 4.553043 4.553043 4.553043 4.553043 4.553043 4.553043 4.553043 4.553043 4.553043 4.257897 4.553043 4.553043 4.5530424 4.5530424 4.5530424 4.5530424 4.553043 4.553043 4.553043 4.553043 4.553043 4.553043 4.553043 4.553043 4.553043 4.553043 4.553043 4.5530424 4.5530424 4.5530424 4.553043 4.553043 4.553043 4.553043 4.811199 4.811199 4.811199 4.5505877 4.5505877 4.5505877 4.5505877 4.6900244 4.6900244 4.811199 4.811199 4.811199
3.7317293 3.7317293 3.7317293 3.7317293 3.7317293 3.7367904 3.7367904 4.476636 4.476636 4.553043 3.7367904 3.7367904 3.7367904 4.553043 4.553043 4.553043 4.553043 4.553043 4.553043 4.553043 4.553043 4.553043 4.553043 4.476636 4.476636 4.257897 4.5530424 4.5530424 4.5530424 4.5530424 4.553043 4.553043 4.553043 4.553043 4.553043 4.553043 4.553043 4.553043 4.553043 4.553043 4.553043 4.553043 4.257897 4.257897 4.553043 4.553043 4.553043 4.553043 4.553043 4.811199 4.811199 4.5505877 4.6900244 4.6900244 4.5505877 4.5505877 4.811199 4.811199 4.811199 4.811199 4.811199
3.7317293 3.7317293 3.7317293 3.7317293 3.7317293 3.7367904 3.7367904 4.476636 4.476636 4.553043 4.553043 3.7367904 3.7367904 4.257897 4.257897 4.257897 4.553043 4.553043 4.553043 4.553043 4.553043 4.553043 4.553043 4.476636 4.476636 4.257897 4.5530424 4.5530424 4.5530424 4.5530424 4.553043 4.553043 4.553043 4.553043 4.553043 4.553043 4.553043 4.553043 4.553043 4.553043 4.553043 4.553043 4.257897 4.257897 4.553043 4.553043 4.553043 4.553043 4.553043 4.811199 4.811199 4.811199 4.811199 4.044403 4.044403 4.044403 4.044403 4.811199 4.811199 4.811199 4.811199
3.7317293 3.7317293 4.2775993 3.7317293 4.2775993 4.257897 4.257897 4.476636 4.553043 4.553043 4.553043 3.7367904 3.7367904 4.476636 4.476636 4.476636 4.553043 4.553043 4.553043 4.553043 4.553043 4.553043 4.553043 4.257897 4.257897 4.553043 4.5530424 4.5530424 4.5554466 4.5554466 4.257897 4.553043 4.553043 4.553043 4.553043 4.553043 4.553043 4.553043 4.553043 4.553043 4.553043 4.553043 4.257897 4.257897 4.553043 4.553043 4.553043 4.553043 4.811199 4.811199 4.811199 4.044403 4.044403 4.044403 4.044403 3.7367904 4.044403 4.044403 4.811199 4.811199 4.811199
4.2775993 4.2775993 4.2775993 4.2775993 4.2775993 4.257897 4.257897 4.553043 4.553043 4.553043 4.553043 4.553043 3.7367904 4.476636 4.476636 4.553043 4.553043 4.553043 4.553043 4.553043 4.553043 4.553043 4.553043 4.553043 4.553043 4.553043 4.5530424 4.553043 4.476636 4.476636 4.257897 4.553043 4.553043 4.553043 4.553043 4.553043 4.553043 4.553043 4.553043 4.553043 4.257897 4.553043 4.257897 4.257897 4.553043 4.553043 4.553043 4.553043 4.811199 4.811199 4.79095 4.044403 4.044403 4.044403 3.7367904 4.044403 3.7367904 4.044403 4.811199 4.811199 4.811199
4.5892324 4.5892324 4.5892324 4.5892324 4.2775993 4.553043 4.553043 4.553043 4.553043 4.553043 4.553043 4.553043 4.553043 4.553043 4.553043 4.476636 4.476636 4.476636 4.476636 4.476636 4.5530424 4.4766364 4.4766364 4.553043 4.553043 4.553043 4.553043 4.553043 4.476636 4.476636 4.257897 4.257897 4.553043 4.553043 4.553043 4.553043 4.553043 4.553043 4.553043 4.257897 4.476636 4.476636 4.476636 4.553043 4.553043 4.553043 4.553043 4.553043 4.811199 4.811199 4.79095 4.811199 4.811199 4.044403 4.044403 4.044403 4.044403 4.044403 4.811199 4.811199 4.811199
4.5892324 4.5892324 4.5892324 4.5892324 4.2775993 4.553043 4.553043 4.553043 4.553043 4.553043 4.553043 4.553043 4.553043 4.553043 4.553043 4.476636 4.476636 4.476636 4.476636 4.476636 4.476636 4.476636 4.553043 4.553043 4.553043 4.553043 4.553043 4.553043 4.257897 4.257897 4.257897 4.553043 4.553043 4.476636 4.476636 4.553043 4.553043 4.553043 4.553043 4.553043 4.476636 4.476636 4.476636 4.553043 4.553043 4.553043 4.553043 4.553043 4.811199 4.79095 4.79095 4.811199 4.811199 4.044403 4.044403 4.044403 4.044403 4.044403 4.811199 4.811199 4.811199
4.776907 4.5892324 4.5892324 4.5892324 4.5892324 4.553043 4.553043 4.553043 4.553043 4.553043 4.553043 4.553043 4.553043 4.553043 4.553043 4.553043 4.553043 4.476636 3.7367904 3.7367904 4.476636 4.476636 4.553043 4.553043 4.553043 4.553043 4.553043 4.553043 4.257897 4.257897 4.257897 4.257897 4.553043 4.5530424 4.476636 4.553043 4.553043 4.5530424 4.5530424 4.553043 4.476636 4.257897 4.257897 4.257897 4.257897 4.257897 4.553043 4.553043 4.553043 4.811199 4.476636 4.257897 4.811199 4.811199 4.811199 4.811199 4.811199 4.811199 4.811199 4.811199 4.811199
4.4860153 4.4860153 4.2195826 4.2195826 4.2195826 4.049434 4.049434 4.049434 4.049434 4.049434 4.049434 4.049434 4.049434 4.049434 4.049434 4.049434 4.049434 3.994572 3.994572 3.5373569 3.5373569 4.049434 4.049434 4.049434 4.049434 4.049434 4.049434 4.049434 4.049434 3.899747 4.049434 4.049434 4.049434 4.049434 4.049434 4.049434 4.049434 4.049434 4.049434 4.049434 4.049434 3.899747 3.899747 3.899747 3.899747 3.899747 3.899747 4.049434 4.049434 4.049434 3.994572 3.5373569 3.5373569 4.049434 4.389764 4.389764 4.389764 4.389764 4.389764 4.389764 4.389764
4.4860153 4.339943 4.4860153 4.2195826 4.2195826 4.049434 4.049434 4.049434 4.049434 4.049434 4.049434 4.049434 3.994572 3.994572 4.049434 4.049434 4.049434 3.994572 3.994572 3.5373569 3.5373569 4.049434 4.049434 3.994572 3.994572 4.049434 3.899747 4.049434 4.049434 4.049434 3.899747 3.899747 4.049434 4.049434 3.899747 4.049434 4.049434 4.049434 3.899747 3.899747 3.899747 3.899747 3.899747 3.899747 3.899747 3.899747 3.899747 3.899747 3.899747 3.899747 3.994572 3.5373569 3.899747 3.899747 4.389764 4.389764 4.389764 4.389764 4.389764 4.389764 4.389764
4.339943 4.339943 4.4860153 4.4860153 4.2195826 4.049434 4.049434 3.994572 3.994572 4.049434 4.049434 4.049434 3.994572 3.994572 4.049434 4.049434 4.049434 4.049434 4.049434 4.049434 4.049434 4.049434 4.049434 3.994572 3.994572 4.049434 3.899747 3.899747 3.5373569 3.5373569 3.5373569 3.5373569 3.8193338 4.389764 4.389764 4.389764 4.389764 4.389764 4.2434826 3.899747 3.899747 3.899747 3.899747 3.899747 3.899747 3.899747 4.049434 3.899747 3.899747 3.899747 4.049434 4.3429747 3.899747 3.899747 4.389764 4.389764 4.389764 4.389764 4.389764 4.389764 4.2434826
4.4860153 4.4860153 4.4860153 4.339942 4.339942 4.049434 4.049434 3.994572 3.994572 4.049434 4.049434 4.049434 4.049434 3.994572 4.049434 4.049434 4.049434 4.049434 4.049434 4.049434 4.049434 4.049434 4.049434 4.049434 4.049434 4.049434 4.049434 3.899747 3.5373569 3.5373569 3.8193338 3.8193338 3.8193338 3.9097638 4.389764 4.389764 4.389764 4.389764 4.2434826 3.899747 3.899747 3.899747 3.5373569 3.899747 3.899747 3.899747 3.899747 3.899747 3.899747 3.899747 3.899747 4.049434 3.899747 3.899747 4.389764 4.389764 4.389764 4.389764 4.389764 4.389764 4.2434826
4.4860153 4.4860153 4.460946 3.7070603 3.7070603 3.5373569 4.049434 4.049434 4.049434 4.049434 4.049434 4.049434 4.049434 4.049434 4.049434 4.049434 4.049434 4.049434 4.049434 4.049434 4.049434 4.049434 4.049434 4.049434 3.899747 3.899747 4.049434 4.049434 3.5373569 3.8193338 3.8193338 3.8193338 3.8193338 3.9097638 4.389764 4.389764 4.389764 4.389764 4.2434826 4.2434826 4.2434826 4.2434826 3.899747 3.5373569 3.899747 3.899747 3.899747 3.899747 3.899747 4.049434 4.049434 3.9945717 3.899747 3.5373569 3.8193338 4.3429747 4.3429747 4.3429747 4.389764 4.2434826 4.2434826
