Export/ASCII/RMeteo_SP_inch/p1/RMeteo_2017_SP4_inch.asc
ncols         660
nrows         338
xllcorner     1476150
yllcorner     5017150
cellsize      100
NODATA_value  -9.9e-20
[rows 0 to 26 of 338, columns 427 to 487 of 660]
4.702523 4.702523 4.702523 4.702523 4.702523 4.702523 4.702523 5.266036 5.266036 5.266036 5.266036 5.266036 5.266036 5.266036 5.5137606 6.4370074 6.4370074 6.3575444 6.1908593 6.1908593 6.1908593 6.1908593 5.266036 5.266036 5.266036 4.702523 4.702523 5.5137606 6.4370074 6.4370074 5.4915853 5.4915853 5.4915853 6.3575444 6.3575444 6.3575444 6.3575444 6.3575444 6.3575444 6.3575444 6.4370074 6.4370074 6.4370074 6.4370074 6.4370074 6.4370074 4.702523 5.266036 5.20861 5.20861 5.20861 5.20861 6.143153 6.143153 6.143153 6.143153 6.143153 6.143153 6.143153 6.143153 6.143153
4.702523 4.702523 4.702523 4.702523 4.702523 4.702523 4.702523 4.702523 4.702523 4.702523 4.702523 5.266036 4.702523 5.5137606 5.5137606 6.4370074 6.1908593 6.1908593 6.1908593 6.1908593 6.1908593 5.266036 5.266036 5.266036 5.266036 4.702523 4.702523 4.702523 6.4370074 6.4370074 5.679359 5.679359 5.679359 6.4370074 6.3575444 6.3575444 6.3575444 6.3575444 6.3575444 6.3575444 6.4370074 6.4370074 6.4370074 6.4370074 6.4370074 6.4370074 4.702523 4.702523 4.6573935 5.20861 5.20861 5.20861 6.143153 6.143153 5.468741 6.143153 5.20861 6.143153 6.143153 5.20861 6.143153
4.702523 4.702523 4.702523 4.702523 4.702523 4.702523 4.702523 4.702523 4.702523 4.702523 4.702523 4.702523 4.702523 5.5137606 5.5137606 6.4370074 6.1908593 6.1908593 5.266036 5.266036 5.266036 5.266036 5.266036 5.266036 5.266036 5.5137606 5.5137606 5.5137606 6.4370074 6.4370074 5.679359 5.679359 5.679359 6.4370074 6.4370074 6.4370074 6.4370074 6.4370074 6.3575444 6.3575444 6.4370074 6.4370074 6.4370074 6.4370074 6.4370074 6.4370074 4.702523 4.702523 4.6573935 4.6573935 5.20861 5.20861 6.143153 6.143153 5.468741 6.143153 5.20861 5.20861 5.20861 5.20861 6.143153
4.702523 4.702523 4.702523 5.266036 4.702523 4.702523 4.702523 4.702523 4.702523 4.702523 4.702523 4.702523 4.702523 5.5137606 5.5137606 6.4370074 6.1908593 6.1908593 6.1908593 5.266036 5.266036 5.266036 5.266036 6.1908593 6.1908593 6.1908593 6.4370074 6.4370074 6.4370074 6.4370074 5.679359 5.679359 5.679359 6.4370074 6.4370074 6.4370074 6.4370074 6.4370074 6.3575444 6.3575444 6.4370074 6.4370074 6.4370074 6.4370074 6.4370074 6.1908593 4.702523 4.702523 4.6573935 4.6573935 5.20861 5.20861 5.20861 6.143153 6.143153 6.143153 5.20861 5.20861 5.20861 5.20861 5.20861
4.702523 4.702523 4.702523 5.266036 4.702523 4.702523 4.702523 4.702523 4.702523 4.702523 4.702523 4.702523 6.1908593 6.1908593 6.1908593 6.4370074 6.1908593 6.1908593 6.1908593 5.266036 5.266036 6.1908593 6.1908593 6.1908593 6.4370074 6.4370074 6.4370074 6.4370074 6.4370074 6.4370074 5.679359 5.679359 6.4370074 6.4370074 6.1908593 6.1908593 6.4370074 6.4370074 6.4370074 6.3575444 6.4370074 6.4370074 6.4370074 6.4370074 6.4370074 6.1908593 4.702523 4.702523 4.6573935 5.20861 5.20861 5.20861 5.20861 5.20861 6.143153 5.20861 5.20861 5.20861 5.20861 5.20861 5.20861
4.702523 5.266036 5.266036 5.266036 5.266036 4.702523 4.702523 4.702523 5.266036 5.266036 5.266036 6.1908593 6.1908593 6.1908593 6.1908593 5.5137606 6.1908593 6.1908593 5.266036 5.266036 5.266036 6.1908593 6.4370074 6.4370074 6.4370074 6.4370074 6.3575444 6.3575444 6.4370074 6.4370074 5.679359 5.679359 6.1908593 6.1908593 6.1908593 6.1908593 6.4370074 6.4370074 6.4370074 6.4370074 6.4370074 6.4370074 6.4370074 6.4370074 6.1908593 4.702523 4.702523 4.702523 4.6573935 5.20861 5.20861 5.20861 5.20861 5.20861 5.20861 5.20861 5.20861 5.20861 5.20861 5.20861 5.20861
5.266036 5.266036 5.266036 5.266036 5.266036 5.266036 5.266036 5.266036 5.266036 4.702523 5.266036 6.1908593 6.1908593 6.3575444 5.5137606 5.5137606 6.1908593 6.1908593 5.266036 5.266036 5.266036 6.1908593 6.4370074 6.4370074 6.4370074 6.4370074 6.3575444 6.3575444 6.4370074 6.4370074 5.679359 5.679359 6.1908593 6.1908593 6.1908593 6.4370074 6.4370074 6.4370074 6.4370074 6.4370074 6.4370074 6.4370074 6.4370074 6.4370074 6.1908593 4.702523 4.702523 4.702523 5.20861 5.20861 5.20861 5.20861 5.20861 5.20861 5.20861 5.20861 5.4269905 6.143153 6.143153 4.6573935 5.20861
5.266036 5.266036 5.266036 5.266036 5.266036 5.266036 5.266036 5.266036 5.266036 5.266036 5.266036 6.1908593 6.1908593 6.3575444 5.5137606 5.5137606 6.1908593 6.1908593 5.266036 5.266036 5.266036 6.1908593 6.4370074 6.4370074 6.4370074 6.4370074 6.4370074 6.4370074 6.4370074 6.4370074 5.679359 5.679359 6.1908593 6.1908593 6.1908593 6.4370074 6.4370074 6.4370074 6.4370074 6.4370074 6.3575444 6.3575444 6.3575444 6.4370074 5.5137606 4.702523 4.702523 4.702523 5.20861 5.20861 5.20861 6.143153 6.143153 5.20861 5.20861 6.143153 5.559663 6.3117933 6.143153 4.6573935 5.468741
5.266036 5.266036 5.266036 5.266036 5.266036 5.266036 5.266036 5.266036 5.266036 5.266036 5.266036 6.1908593 6.1908593 5.5137606 4.702523 4.702523 5.266036 5.266036 5.266036 5.266036 5.266036 6.1908593 6.4370074 6.4370074 6.4370074 6.4370074 6.4370074 6.4370074 6.4370074 5.679359 5.679359 5.679359 6.1908593 6.1908593 6.4370074 6.4370074 6.4370074 6.4370074 6.4370074 6.4370074 6.4370074 6.3575444 6.3575444 6.4370074 5.5137606 5.5137606 4.702523 4.702523 5.20861 5.20861 5.20861 6.143153 6.143153 5.20861 6.143153 6.143153 6.389827 6.143153 6.143153 5.20861 5.468741
5.266036 5.266036 5.266036 5.266036 5.266036 5.266036 5.266036 5.266036 5.266036 5.266036 5.266036 5.266036 5.266036 4.702523 4.702523 4.702523 4.702523 5.266036 5.266036 5.266036 5.266036 6.1908593 6.4370074 6.4370074 6.4370074 6.4370074 6.4370074 6.4370074 6.4370074 5.679359 5.679359 5.679359 6.1908593 6.1908593 6.4370074 6.4370074 6.4370074 6.4370074 6.4370074 6.4370074 6.4370074 6.4370074 6.4370074 6.4370074 5.5137606 4.702523 4.702523 4.702523 4.6573935 4.6573935 4.6573935 4.6573935 4.6573935 5.20861 6.143153 5.468741 5.468741 6.143153 6.143153 6.143153 6.3117933
5.266036 5.266036 6.1908593 5.266036 5.266036 5.266036 5.5137606 6.1908593 6.1908593 5.266036 5.266036 5.266036 5.266036 4.702523 4.702523 4.702523 4.702523 5.266036 5.4915853 5.266036 5.266036 5.266036 6.1908593 6.4370074 6.4370074 6.4370074 6.4370074 6.4370074 6.4370074 5.679359 5.679359 5.679359 6.4370074 6.1908593 6.4370074 6.4370074 6.4370074 6.4370074 6.4370074 6.4370074 6.4370074 6.4370074 6.4370074 6.1908593 6.1908593 5.266036 4.702523 4.702523 4.6573935 4.6573935 4.6573935 5.468741 5.468741 4.6573935 4.6573935 5.468741 6.143153 6.143153 5.20861 6.143153 6.3117933
5.266036 6.1908593 6.1908593 6.1908593 6.1908593 6.1908593 6.1908593 6.1908593 6.1908593 5.266036 5.266036 5.266036 5.266036 5.266036 5.266036 4.702523 4.702523 5.4915853 5.4915853 5.266036 5.266036 5.266036 6.1908593 6.4370074 6.4370074 6.4370074 6.4370074 6.4370074 6.4370074 5.679359 5.679359 5.679359 6.4370074 6.4370074 6.4370074 6.4370074 6.4370074 6.4370074 6.4370074 6.4370074 6.4370074 6.4370074 6.4370074 6.1908593 5.266036 5.266036 5.266036 5.266036 4.6573935 4.6573935 5.468741 5.468741 5.468741 5.468741 4.6573935 4.6573935 5.20861 6.143153 6.143153 6.143153 5.468741
5.266036 6.1908593 6.1908593 5.5137606 6.1908593 6.1908593 6.1908593 6.1908593 6.1908593 6.1908593 5.266036 5.266036 5.266036 5.266036 5.266036 5.266036 5.266036 5.266036 5.266036 5.266036 5.266036 5.266036 6.1908593 6.4370074 6.4370074 6.4370074 6.4370074 6.4370074 6.4370074 6.4370074 6.4370074 6.4370074 6.4370074 6.4370074 6.4370074 6.4370074 6.4370074 6.4370074 6.4370074 6.4370074 6.4370074 6.4370074 6.1908593 6.1908593 5.266036 5.266036 5.266036 4.702523 4.6573935 4.6573935 5.6165657 5.6165657 5.468741 5.468741 5.468741 5.468741 6.143153 6.143153 6.143153 6.143153 5.468741
4.702523 4.702523 5.5137606 6.1908593 6.1908593 6.1908593 6.1908593 6.1908593 6.1908593 6.1908593 5.266036 5.266036 5.266036 5.266036 5.266036 5.266036 5.266036 5.266036 5.266036 5.266036 5.266036 5.266036 6.1908593 6.4370074 6.4370074 6.4370074 6.4370074 6.4370074 6.4370074 6.4370074 6.4370074 6.4370074 6.4370074 6.3575444 6.3575444 6.4370074 6.4370074 6.4370074 6.4370074 6.4370074 6.4370074 6.4370074 6.1908593 5.266036 5.266036 5.266036 5.266036 4.702523 5.468741 5.468741 5.6165657 4.6573935 4.6573935 5.468741 5.468741 5.468741 6.3937006 6.143153 6.3937006 6.3937006 5.468741
5.5137606 5.623521 4.702523 5.266036 5.266036 6.1908593 6.1908593 5.266036 5.266036 5.266036 5.266036 5.266036 5.266036 5.266036 5.266036 5.266036 5.266036 5.266036 5.266036 5.266036 5.266036 4.702523 5.266036 6.1908593 6.4370074 6.4370074 6.4370074 6.4370074 6.3575444 6.4370074 6.4370074 6.4370074 6.4370074 6.4370074 6.4370074 6.4370074 6.4370074 6.4370074 6.4370074 6.4370074 6.4370074 6.4370074 6.1908593 6.1908593 6.1908593 6.1908593 6.1908593 5.5137606 5.468741 6.3937006 5.6165657 4.6573935 4.6573935 5.468741 5.468741 5.468741 5.468741 6.3937006 6.3937006 6.3937006 5.468741
5.5137606 6.1908593 5.5137606 5.5137606 6.1908593 5.266036 6.1908593 6.1908593 6.1908593 6.1908593 5.266036 5.266036 5.266036 5.266036 5.266036 5.266036 5.266036 5.266036 5.266036 5.266036 4.702523 4.702523 4.702523 6.1908593 6.4370074 6.4370074 6.4370074 6.4370074 6.3575444 6.3575444 6.4370074 6.4370074 6.4370074 6.4370074 6.4370074 6.4370074 6.4370074 6.4370074 6.4370074 6.4370074 6.4370074 6.1908593 6.1908593 6.1908593 6.1908593 6.3575444 5.5137606 5.5137606 5.468741 6.3937006 6.3937006 5.468741 4.6573935 5.468741 5.468741 5.468741 6.3937006 6.3937006 6.3937006 6.3937006 6.3117933
5.5137606 5.5137606 5.5137606 5.5137606 6.3575444 6.1908593 6.1908593 6.1908593 6.1908593 6.1908593 6.1908593 6.1908593 5.266036 5.266036 5.266036 5.266036 5.266036 5.266036 5.266036 5.266036 4.702523 5.266036 5.266036 6.1908593 6.4370074 6.4370074 6.4370074 6.4370074 6.4370074 6.4370074 6.4370074 6.4370074 6.4370074 6.4370074 6.4370074 6.4370074 6.4370074 6.4370074 6.4370074 6.4370074 6.1908593 6.1908593 6.1908593 6.1908593 6.3575444 6.4370074 6.3575444 6.3575444 6.3937006 6.3937006 6.3937006 5.468741 5.468741 5.468741 5.468741 5.468741 6.3937006 6.3937006 6.3937006 6.3117933 6.3117933
6.1908593 5.5137606 5.8433857 6.4370074 6.3575444 6.3575444 6.1908593 6.1908593 6.1908593 6.1908593 6.1908593 6.1908593 5.266036 5.266036 5.266036 5.266036 5.266036 5.266036 5.266036 5.266036 5.266036 5.266036 5.266036 6.1908593 6.4370074 6.4370074 6.4370074 6.4370074 6.4370074 6.4370074 6.4370074 6.4370074 6.4370074 6.4370074 6.4370074 6.4370074 6.4370074 6.4370074 6.4370074 6.4370074 6.1908593 5.266036 6.1908593 6.1908593 6.3575444 6.3575444 6.3575444 6.3575444 6.3117933 6.3937006 6.3937006 5.468741 5.468741 5.468741 5.468741 5.468741 6.3937006 6.3937006 6.3937006 6.3117933 6.3117933
5.266036 5.5137606 5.5137606 6.4370074 6.3575444 5.5137606 6.1908593 6.1908593 6.1908593 6.1908593 6.1908593 6.1908593 5.266036 5.266036 5.266036 5.266036 5.266036 5.266036 5.266036 5.266036 5.266036 5.266036 5.266036 6.1908593 5.5137606 6.4370074 6.4370074 6.4370074 6.4370074 6.4370074 6.4370074 6.4370074 6.4370074 6.4370074 6.4370074 6.4370074 6.4370074 6.4370074 6.4370074 6.1908593 6.1908593 6.1908593 6.1908593 6.1908593 6.3575444 5.5137606 6.1908593 6.3575444 6.3117933 6.3117933 6.3117933 6.3117933 6.3117933 6.3117933 6.3937006 5.468741 5.468741 5.468741 5.468741 5.468741 6.143153
5.266036 5.266036 5.5137606 6.4370074 6.4370074 5.5137606 5.5137606 6.4370074 6.1908593 6.1908593 6.1908593 5.266036 5.266036 5.266036 5.266036 5.266036 5.266036 5.266036 5.266036 5.266036 5.266036 5.266036 5.266036 6.1908593 6.1908593 6.4370074 6.4370074 6.4370074 6.4370074 6.4370074 6.4370074 6.4370074 6.4370074 6.4370074 6.4370074 6.4370074 6.4370074 6.4370074 6.1908593 6.1908593 5.266036 5.266036 6.1908593 6.3575444 6.3575444 6.1908593 6.1908593 5.266036 5.20861 5.20861 6.143153 6.143153 6.3117933 5.4269905 6.3117933 5.468741 5.468741 5.468741 4.6573935 6.3117933 6.143153
6.1908593 5.266036 5.5137606 5.5137606 5.5137606 5.5137606 5.5137606 5.679359 4.702523 4.702523 5.266036 5.266036 5.266036 5.266036 4.702523 5.266036 5.266036 5.266036 4.702523 5.266036 5.266036 5.266036 5.266036 5.266036 6.1908593 6.4370074 6.4370074 6.4370074 6.4370074 6.4370074 6.4370074 5.5137606 6.1908593 6.1908593 6.4370074 6.4370074 6.1908593 6.1908593 6.1908593 5.266036 5.266036 6.1908593 6.1908593 5.67936 6.1908593 6.1908593 6.1908593 5.266036 5.20861 5.20861 5.20861 4.6573935 6.143153 6.143153 6.3117933 5.468741 5.468741 5.468741 5.468741 6.3117933 6.3937006
6.1908593 5.266036 6.1908593 5.5137606 5.5137606 5.5137606 6.3575444 5.4915853 4.702523 4.702523 4.702523 5.266036 5.266036 5.266036 5.266036 5.266036 5.266036 5.266036 5.266036 5.266036 5.266036 5.266036 5.266036 5.266036 6.1908593 6.4370074 6.4370074 6.1908593 6.1908593 6.1908593 6.4370074 6.1908593 6.1908593 5.266036 5.266036 5.266036 5.266036 5.266036 5.266036 5.266036 6.1908593 6.1908593 6.1908593 5.266036 5.266036 5.266036 5.266036 5.266036 5.20861 5.20861 5.20861 5.20861 6.143153 6.143153 6.3937006 5.468741 5.468741 5.468741 6.143153 6.143153 6.3937006
6.1908593 6.1908593 6.1908593 6.1908593 6.3575444 6.3575444 6.3575444 6.3575444 6.1908593 6.1908593 6.4370074 6.1908593 6.1908593 4.702523 5.266036 5.266036 5.266036 5.266036 5.266036 5.266036 5.266036 5.266036 5.266036 5.266036 6.1908593 6.1908593 6.4370074 6.1908593 5.266036 6.1908593 6.1908593 6.1908593 5.266036 5.266036 5.266036 5.266036 5.266036 5.266036 5.266036 5.266036 6.1908593 6.4370074 6.1908593 5.266036 5.266036 5.266036 5.266036 5.266036 5.20861 5.20861 6.143153 6.143153 6.143153 6.3937006 5.468741 5.468741 5.468741 5.468741 6.143153 6.143153 6.3117924
6.1908593 6.1908593 6.1908593 6.4370074 5.8433857 5.5137606 5.5137606 5.5137606 6.1908593 6.1908593 6.4370074 6.1908593 6.1908593 5.5137606 5.266036 5.266036 5.266036 5.266036 5.266036 5.266036 4.702523 4.702523 5.266036 5.266036 5.266036 6.1908593 6.1908593 6.1908593 5.266036 6.1908593 6.1908593 5.266036 5.266036 5.266036 5.266036 5.266036 5.266036 5.266036 5.266036 5.266036 6.1908593 6.1908593 6.1908593 5.266036 5.266036 5.266036 5.266036 5.266036 5.20861 5.20861 6.143153 6.143153 6.143153 6.143153 5.468741 5.468741 5.468741 5.468741 5.468741 6.3937006 6.3117924
6.29934 6.233441 6.3031487 6.3031487 5.709528 5.3237343 5.3237343 6.0522656 6.0522656 6.0522656 6.233441 6.0522656 6.0522656 6.0522656 6.0522656 4.3003936 4.3003936 4.3003936 4.3003936 3.971936 3.971936 3.971936 3.971936 3.971936 3.971936 3.971936 5.3237343 5.3237343 3.971936 6.0522656 6.0522656 4.3003936 4.3003936 4.3003936 4.3003936 4.3003936 4.3003936 4.3003936 4.3003936 4.3003936 3.971936 4.3003936 4.3003936 4.3003936 4.3003936 4.3003936 4.3003936 4.3003936 5.1723976 5.1723976 6.073825 6.073825 6.073825 6.073825 5.431655 5.431655 4.642631 5.431655 5.717402 6.30315 6.30315
6.233441 6.233441 5.3237343 5.3237343 6.3031487 6.233441 6.0522656 6.0522656 6.0522656 6.233441 6.233441 6.233441 6.0522656 6.0522656 6.0522656 4.3003936 4.3003936 4.3003936 4.3003936 3.971936 3.971936 3.971936 3.971936 3.971936 3.971936 3.971936 3.971936 3.971936 3.971936 4.3003936 4.3003936 4.3003936 4.3003936 3.971936 3.971936 4.3003936 4.3003936 4.3003936 4.3003936 4.3003936 4.3003936 4.3003936 4.3003936 4.3003936 4.3003936 4.3003936 4.3003936 4.3003936 5.1723976 6.073825 6.073825 6.073825 6.30315 6.30315 5.431655 5.431655 6.229746 6.229746 5.717402 6.30315 6.30315
6.233441 6.233441 5.3237343 5.3237343 6.3031487 6.0522656 6.0522656 6.0522656 6.0522656 5.3237343 6.0522656 6.0522656 6.3031487 6.0522656 6.0522656 6.0522656 4.3003936 4.3003936 4.3003936 4.3003936 4.3003936 3.971936 3.971936 3.971936 3.971936 3.971936 3.971936 3.971936 4.3003936 3.971936 3.971936 4.3003936 3.971936 3.971936 3.971936 3.971936 4.3003936 4.3003936 4.3003936 4.3003936 6.0522656 6.0522656 4.4326663 4.3003936 4.3003936 4.3003936 4.3003936 4.3003936 5.1723976 6.073825 6.073825 6.073825 6.229746 6.229746 5.431655 5.431655 6.229746 6.229746 5.717402 6.30315 6.30315
