Export/ASCII/RMeteo_SP_inch/p1/RMeteo_2018_SP3_inch.asc
ncols         660
nrows         338
xllcorner     1476100.0
yllcorner     5017100.0
cellsize      100
NODATA_value  -9.9e-20
[rows 0 to 26 of 338, columns 427 to 487 of 660]
4.820258 4.820258 4.820258 4.820258 4.820258 4.820258 4.820258 4.997264 4.997264 4.997264 4.997264 4.997264 4.997264 4.997264 5.486805 5.807087 5.807087 5.8022804 5.7582016 5.7582016 5.7582016 5.7582016 4.997264 4.997264 4.997264 4.820258 4.820258 5.486805 5.807087 5.807087 5.009449 5.009449 5.009449 5.8022804 5.8022804 5.8022804 5.8022804 5.8022804 5.8022804 5.8022804 5.807087 5.807087 5.807087 5.807087 5.807087 5.807087 4.820258 4.997264 4.746436 4.746436 4.746436 4.746436 5.5555563 5.5555563 5.5555563 5.5555563 5.5555563 5.5555563 5.5555563 5.5555563 5.5555563
4.820258 4.820258 4.820258 4.820258 4.820258 4.820258 4.820258 4.820258 4.820258 4.820258 4.820258 4.997264 4.820258 5.486805 5.486805 5.807087 5.7582016 5.7582016 5.7582016 5.7582016 5.7582016 4.997264 4.997264 4.997264 4.997264 4.820258 4.820258 4.820258 5.807087 5.807087 5.009449 5.009449 5.009449 5.807087 5.8022804 5.8022804 5.8022804 5.8022804 5.8022804 5.8022804 5.807087 5.807087 5.807087 5.807087 5.807087 5.807087 4.820258 4.820258 4.5570145 4.746436 4.746436 4.746436 5.5555563 5.5555563 5.25825 5.5555563 4.746436 5.5555563 5.5555563 4.746436 5.5555563
4.820258 4.820258 4.820258 4.820258 4.820258 4.820258 4.820258 4.820258 4.820258 4.820258 4.820258 4.820258 4.820258 5.486805 5.486805 5.807087 5.7582016 5.7582016 4.997264 4.997264 4.997264 4.997264 4.997264 4.997264 4.997264 5.486805 5.486805 5.486805 5.807087 5.807087 5.009449 5.009449 5.009449 5.807087 5.807087 5.807087 5.807087 5.807087 5.8022804 5.8022804 5.807087 5.807087 5.807087 5.807087 5.807087 5.807087 4.820258 4.820258 4.5570145 4.5570145 4.746436 4.746436 5.5555563 5.5555563 5.25825 5.5555563 4.746436 4.746436 4.746436 4.746436 5.5555563
4.820258 4.820258 4.820258 4.997264 4.820258 4.820258 4.820258 4.820258 4.820258 4.820258 4.820258 4.820258 4.820258 5.486805 5.486805 5.807087 5.7582016 5.7582016 5.7582016 4.997264 4.997264 4.997264 4.997264 5.7582016 5.7582016 5.7582016 5.807087 5.807087 5.807087 5.807087 5.009449 5.009449 5.009449 5.807087 5.807087 5.807087 5.807087 5.807087 5.8022804 5.8022804 5.807087 5.807087 5.807087 5.807087 5.807087 5.7582016 4.820258 4.820258 4.5570145 4.5570145 4.746436 4.746436 4.746436 5.5555563 5.5555563 5.5555563 4.746436 4.746436 4.746436 4.746436 4.746436
4.820258 4.820258 4.820258 4.997264 4.820258 4.820258 4.820258 4.820258 4.820258 4.820258 4.820258 4.820258 5.7582016 5.7582016 5.7582016 5.807087 5.7582016 5.7582016 5.7582016 4.997264 4.997264 5.7582016 5.7582016 5.7582016 5.807087 5.807087 5.807087 5.807087 5.807087 5.807087 5.009449 5.009449 5.807087 5.807087 5.7582016 5.7582016 5.807087 5.807087 5.807087 5.8022804 5.807087 5.807087 5.807087 5.807087 5.807087 5.7582016 4.820258 4.820258 4.5570145 4.746436 4.746436 4.746436 4.746436 4.746436 5.5555563 4.746436 4.746436 4.746436 4.746436 4.746436 4.746436
4.820258 4.997264 4.997264 4.997264 4.997264 4.820258 4.820258 4.820258 4.997264 4.997264 4.997264 5.7582016 5.7582016 5.7582016 5.7582016 5.486805 5.7582016 5.7582016 4.997264 4.997264 4.997264 5.7582016 5.807087 5.807087 5.807087 5.807087 5.8022804 5.8022804 5.807087 5.807087 5.009449 5.009449 5.7582016 5.7582016 5.7582016 5.7582016 5.807087 5.807087 5.807087 5.807087 5.807087 5.807087 5.807087 5.807087 5.7582016 4.820258 4.820258 4.820258 4.5570145 4.746436 4.746436 4.746436 4.746436 4.746436 4.746436 4.746436 4.746436 4.746436 4.746436 4.746436 4.746436
4.997264 4.997264 4.997264 4.997264 4.997264 4.997264 4.997264 4.997264 4.997264 4.820258 4.997264 5.7582016 5.7582016 5.8022804 5.486805 5.486805 5.7582016 5.7582016 4.997264 4.997264 4.997264 5.7582016 5.807087 5.807087 5.807087 5.807087 5.8022804 5.8022804 5.807087 5.807087 5.009449 5.009449 5.7582016 5.7582016 5.7582016 5.807087 5.807087 5.807087 5.807087 5.807087 5.807087 5.807087 5.807087 5.807087 5.7582016 4.820258 4.820258 4.820258 4.746436 4.746436 4.746436 4.746436 4.746436 4.746436 4.746436 4.746436 4.765354 5.5555563 5.5555563 4.5570145 4.746436
4.997264 4.997264 4.997264 4.997264 4.997264 4.997264 4.997264 4.997264 4.997264 4.997264 4.997264 5.7582016 5.7582016 5.8022804 5.486805 5.486805 5.7582016 5.7582016 4.997264 4.997264 4.997264 5.7582016 5.807087 5.807087 5.807087 5.807087 5.807087 5.807087 5.807087 5.807087 5.009449 5.009449 5.7582016 5.7582016 5.7582016 5.807087 5.807087 5.807087 5.807087 5.807087 5.8022804 5.8022804 5.8022804 5.807087 5.486805 4.820258 4.820258 4.820258 4.746436 4.746436 4.746436 5.5555563 5.5555563 4.746436 4.746436 5.5555563 4.765354 5.603937 5.5555563 4.5570145 5.25825
4.997264 4.997264 4.997264 4.997264 4.997264 4.997264 4.997264 4.997264 4.997264 4.997264 4.997264 5.7582016 5.7582016 5.486805 4.820258 4.820258 4.997264 4.997264 4.997264 4.997264 4.997264 5.7582016 5.807087 5.807087 5.807087 5.807087 5.807087 5.807087 5.807087 5.009449 5.009449 5.009449 5.7582016 5.7582016 5.807087 5.807087 5.807087 5.807087 5.807087 5.807087 5.807087 5.8022804 5.8022804 5.807087 5.486805 5.486805 4.820258 4.820258 4.746436 4.746436 4.746436 5.5555563 5.5555563 4.746436 5.5555563 5.5555563 5.610235 5.5555563 5.5555563 4.746436 5.25825
4.997264 4.997264 4.997264 4.997264 4.997264 4.997264 4.997264 4.997264 4.997264 4.997264 4.997264 4.997264 4.997264 4.820258 4.820258 4.820258 4.820258 4.997264 4.997264 4.997264 4.997264 5.7582016 5.807087 5.807087 5.807087 5.807087 5.807087 5.807087 5.807087 5.009449 5.009449 5.009449 5.7582016 5.7582016 5.807087 5.807087 5.807087 5.807087 5.807087 5.807087 5.807087 5.807087 5.807087 5.807087 5.486805 4.820258 4.820258 4.820258 4.5570145 4.5570145 4.5570145 4.5570145 4.5570145 4.746436 5.5555563 5.25825 5.25825 5.5555563 5.5555563 5.5555563 5.603937
4.997264 4.997264 5.7582016 4.997264 4.997264 4.997264 5.486805 5.7582016 5.7582016 4.997264 4.997264 4.997264 4.997264 4.820258 4.820258 4.820258 4.820258 4.997264 5.009449 4.997264 4.997264 4.997264 5.7582016 5.807087 5.807087 5.807087 5.807087 5.807087 5.807087 5.009449 5.009449 5.009449 5.807087 5.7582016 5.807087 5.807087 5.807087 5.807087 5.807087 5.807087 5.807087 5.807087 5.807087 5.7582016 5.7582016 4.997264 4.820258 4.820258 4.5570145 4.5570145 4.5570145 5.25825 5.25825 4.5570145 4.5570145 5.25825 5.5555563 5.5555563 4.746436 5.5555563 5.603937
4.997264 5.7582016 5.7582016 5.7582016 5.7582016 5.7582016 5.7582016 5.7582016 5.7582016 4.997264 4.997264 4.997264 4.997264 4.997264 4.997264 4.820258 4.820258 5.009449 5.009449 4.997264 4.997264 4.997264 5.7582016 5.807087 5.807087 5.807087 5.807087 5.807087 5.807087 5.009449 5.009449 5.009449 5.807087 5.807087 5.807087 5.807087 5.807087 5.807087 5.807087 5.807087 5.807087 5.807087 5.807087 5.7582016 4.997264 4.997264 4.997264 4.997264 4.5570145 4.5570145 5.25825 5.25825 5.25825 5.25825 4.5570145 4.5570145 4.746436 5.5555563 5.5555563 5.5555563 5.25825
4.997264 5.7582016 5.7582016 5.486805 5.7582016 5.7582016 5.7582016 5.7582016 5.7582016 5.7582016 4.997264 4.997264 4.997264 4.997264 4.997264 4.997264 4.997264 4.997264 4.997264 4.997264 4.997264 4.997264 5.7582016 5.807087 5.807087 5.807087 5.807087 5.807087 5.807087 5.807087 5.807087 5.807087 5.807087 5.807087 5.807087 5.807087 5.807087 5.807087 5.807087 5.807087 5.807087 5.807087 5.7582016 5.7582016 4.997264 4.997264 4.997264 4.820258 4.5570145 4.5570145 4.765354 4.765354 5.25825 5.25825 5.25825 5.25825 5.5555563 5.5555563 5.5555563 5.5555563 5.25825
4.820258 4.820258 5.486805 5.7582016 5.7582016 5.7582016 5.7582016 5.7582016 5.7582016 5.7582016 4.997264 4.997264 4.997264 4.997264 4.997264 4.997264 4.997264 4.997264 4.997264 4.997264 4.997264 4.997264 5.7582016 5.807087 5.807087 5.807087 5.807087 5.807087 5.807087 5.807087 5.807087 5.807087 5.807087 5.8022804 5.8022804 5.807087 5.807087 5.807087 5.807087 5.807087 5.807087 5.807087 5.7582016 4.997264 4.997264 4.997264 4.997264 4.820258 5.25825 5.25825 4.765354 4.5570145 4.5570145 5.25825 5.25825 5.25825 5.610235 5.5555563 5.610235 5.610235 5.25825
5.486805 5.009449 4.820258 4.997264 4.997264 5.7582016 5.7582016 4.997264 4.997264 4.997264 4.997264 4.997264 4.997264 4.997264 4.997264 4.997264 4.997264 4.997264 4.997264 4.997264 4.997264 4.820258 4.997264 5.7582016 5.807087 5.807087 5.807087 5.807087 5.8022804 5.807087 5.807087 5.807087 5.807087 5.807087 5.807087 5.807087 5.807087 5.807087 5.807087 5.807087 5.807087 5.807087 5.7582016 5.7582016 5.7582016 5.7582016 5.7582016 5.486805 5.25825 5.610235 4.765354 4.5570145 4.5570145 5.25825 5.25825 5.25825 5.25825 5.610235 5.610235 5.610235 5.25825
5.486805 5.7582016 5.486805 5.486805 5.7582016 4.997264 5.7582016 5.7582016 5.7582016 5.7582016 4.997264 4.997264 4.997264 4.997264 4.997264 4.997264 4.997264 4.997264 4.997264 4.997264 4.820258 4.820258 4.820258 5.7582016 5.807087 5.807087 5.807087 5.807087 5.8022804 5.8022804 5.807087 5.807087 5.807087 5.807087 5.807087 5.807087 5.807087 5.807087 5.807087 5.807087 5.807087 5.7582016 5.7582016 5.7582016 5.7582016 5.8022804 5.486805 5.486805 5.25825 5.610235 5.610235 5.25825 4.5570145 5.25825 5.25825 5.25825 5.610235 5.610235 5.610235 5.610235 5.603937
5.486805 5.486805 5.486805 5.486805 5.8022804 5.7582016 5.7582016 5.7582016 5.7582016 5.7582016 5.7582016 5.7582016 4.997264 4.997264 4.997264 4.997264 4.997264 4.997264 4.997264 4.997264 4.820258 4.997264 4.997264 5.7582016 5.807087 5.807087 5.807087 5.807087 5.807087 5.807087 5.807087 5.807087 5.807087 5.807087 5.807087 5.807087 5.807087 5.807087 5.807087 5.807087 5.7582016 5.7582016 5.7582016 5.7582016 5.8022804 5.807087 5.8022804 5.8022804 5.610235 5.610235 5.610235 5.25825 5.25825 5.25825 5.25825 5.25825 5.610235 5.610235 5.610235 5.603937 5.603937
5.7582016 5.486805 4.847086 5.807087 5.8022804 5.8022804 5.7582016 5.7582016 5.7582016 5.7582016 5.7582016 5.7582016 4.997264 4.997264 4.997264 4.997264 4.997264 4.997264 4.997264 4.997264 4.997264 4.997264 4.997264 5.7582016 5.807087 5.807087 5.807087 5.807087 5.807087 5.807087 5.807087 5.807087 5.807087 5.807087 5.807087 5.807087 5.807087 5.807087 5.807087 5.807087 5.7582016 4.997264 5.7582016 5.7582016 5.8022804 5.8022804 5.8022804 5.8022804 5.603937 5.610235 5.610235 5.25825 5.25825 5.25825 5.25825 5.25825 5.610235 5.610235 5.610235 5.603937 5.603937
4.997264 5.486805 5.486805 5.807087 5.8022804 5.486805 5.7582016 5.7582016 5.7582016 5.7582016 5.7582016 5.7582016 4.997264 4.997264 4.997264 4.997264 4.997264 4.997264 4.997264 4.997264 4.997264 4.997264 4.997264 5.7582016 5.486805 5.807087 5.807087 5.807087 5.807087 5.807087 5.807087 5.807087 5.807087 5.807087 5.807087 5.807087 5.807087 5.807087 5.807087 5.7582016 5.7582016 5.7582016 5.7582016 5.7582016 5.8022804 5.486805 5.7582016 5.8022804 5.603937 5.603937 5.603937 5.603937 5.603937 5.603937 5.610235 5.25825 5.25825 5.25825 5.25825 5.25825 5.5555563
4.997264 4.997264 5.486805 5.807087 5.807087 5.486805 5.486805 5.807087 5.7582016 5.7582016 5.7582016 4.997264 4.997264 4.997264 4.997264 4.997264 4.997264 4.997264 4.997264 4.997264 4.997264 4.997264 4.997264 5.7582016 5.7582016 5.807087 5.807087 5.807087 5.807087 5.807087 5.807087 5.807087 5.807087 5.807087 5.807087 5.807087 5.807087 5.807087 5.7582016 5.7582016 4.997264 4.997264 5.7582016 5.8022804 5.8022804 5.7582016 5.7582016 4.997264 4.746436 4.746436 5.5555563 5.5555563 5.603937 4.765354 5.603937 5.25825 5.25825 5.25825 4.5570145 5.603937 5.5555563
5.7582016 4.997264 5.486805 5.486805 5.486805 5.486805 5.486805 5.009449 4.820258 4.820258 4.997264 4.997264 4.997264 4.997264 4.820258 4.997264 4.997264 4.997264 4.820258 4.997264 4.997264 4.997264 4.997264 4.997264 5.7582016 5.807087 5.807087 5.807087 5.807087 5.807087 5.807087 5.486805 5.7582016 5.7582016 5.807087 5.807087 5.7582016 5.7582016 5.7582016 4.997264 4.997264 5.7582016 5.7582016 5.009447 5.7582016 5.7582016 5.7582016 4.997264 4.746436 4.746436 4.746436 4.5570145 5.5555563 5.5555563 5.603937 5.25825 5.25825 5.25825 5.25825 5.603937 5.610235
5.7582016 4.997264 5.7582016 5.486805 5.486805 5.486805 5.8022804 5.009449 4.820258 4.820258 4.820258 4.997264 4.997264 4.997264 4.997264 4.997264 4.997264 4.997264 4.997264 4.997264 4.997264 4.997264 4.997264 4.997264 5.7582016 5.807087 5.807087 5.7582016 5.7582016 5.7582016 5.807087 5.7582016 5.7582016 4.997264 4.997264 4.997264 4.997264 4.997264 4.997264 4.997264 5.7582016 5.7582016 5.7582016 4.997264 4.997264 4.997264 4.997264 4.997264 4.746436 4.746436 4.746436 4.746436 5.5555563 5.5555563 5.610235 5.25825 5.25825 5.25825 5.5555563 5.5555563 5.610235
5.7582016 5.7582016 5.7582016 5.7582016 5.8022804 5.8022804 5.8022804 5.8022804 5.7582016 5.7582016 5.807087 5.7582016 5.7582016 4.820258 4.997264 4.997264 4.997264 4.997264 4.997264 4.997264 4.997264 4.997264 4.997264 4.997264 5.7582016 5.7582016 5.807087 5.7582016 4.997264 5.7582016 5.7582016 5.7582016 4.997264 4.997264 4.997264 4.997264 4.997264 4.997264 4.997264 4.997264 5.7582016 5.807087 5.7582016 4.997264 4.997264 4.997264 4.997264 4.997264 4.746436 4.746436 5.5555563 5.5555563 5.5555563 5.610235 5.25825 5.25825 5.25825 5.25825 5.5555563 5.5555563 5.603937
5.7582016 5.7582016 5.7582016 5.807087 4.847086 5.486805 5.486805 5.486805 5.7582016 5.7582016 5.807087 5.7582016 5.7582016 5.486805 4.997264 4.997264 4.997264 4.997264 4.997264 4.997264 4.820258 4.820258 4.997264 4.997264 4.997264 5.7582016 5.7582016 5.7582016 4.997264 5.7582016 5.7582016 4.997264 4.997264 4.997264 4.997264 4.997264 4.997264 4.997264 4.997264 4.997264 5.7582016 5.7582016 5.7582016 4.997264 4.997264 4.997264 4.997264 4.997264 4.746436 4.746436 5.5555563 5.5555563 5.5555563 5.5555563 5.25825 5.25825 5.25825 5.25825 5.25825 5.610235 5.603937
5.448818 5.445692 5.448818 5.448818 4.4888186 5.1507664 5.1507664 5.4071836 5.4071836 5.4071836 5.445692 5.4071836 5.4071836 5.4071836 5.4071836 4.699149 4.699149 4.699149 4.699149 4.536747 4.536747 4.536747 4.536747 4.536747 4.536747 4.536747 5.1507664 5.1507664 4.536747 5.4071836 5.4071836 4.699149 4.699149 4.699149 4.699149 4.699149 4.699149 4.699149 4.699149 4.699149 4.536747 4.699149 4.699149 4.699149 4.699149 4.699149 4.699149 4.699149 4.5352974 4.5352974 5.411908 5.411908 5.411908 5.411908 5.092514 5.092514 4.3547935 5.092514 4.576378 5.4763775 5.4763775
5.445692 5.445692 5.1507664 5.1507664 5.448818 5.445692 5.4071836 5.4071836 5.4071836 5.445692 5.445692 5.445692 5.4071836 5.4071836 5.4071836 4.699149 4.699149 4.699149 4.699149 4.536747 4.536747 4.536747 4.536747 4.536747 4.536747 4.536747 4.536747 4.536747 4.536747 4.699149 4.699149 4.699149 4.699149 4.536747 4.536747 4.699149 4.699149 4.699149 4.699149 4.699149 4.699149 4.699149 4.699149 4.699149 4.699149 4.699149 4.699149 4.699149 4.5352974 5.411908 5.411908 5.411908 5.4763775 5.4763775 5.092514 5.092514 5.467315 5.467315 4.576378 5.4763775 5.4763775
5.445692 5.445692 5.1507664 5.1507664 5.448818 5.4071836 5.4071836 5.4071836 5.4071836 5.1507664 5.4071836 5.4071836 5.448818 5.4071836 5.4071836 5.4071836 4.699149 4.699149 4.699149 4.699149 4.699149 4.536747 4.536747 4.536747 4.536747 4.536747 4.536747 4.536747 4.699149 4.536747 4.536747 4.699149 4.536747 4.536747 4.536747 4.536747 4.699149 4.699149 4.699149 4.699149 5.4071836 5.4071836 4.7141724 4.699149 4.699149 4.699149 4.699149 4.699149 4.5352974 5.411908 5.411908 5.411908 5.467315 5.467315 5.092514 5.092514 5.467315 5.467315 4.576378 5.4763775 5.4763775
