Export/ASCII/RMeteo_SP_inch/p1/RMeteo_2016_SP1_inch.asc
ncols         660
nrows         338
xllcorner     1476100.0
yllcorner     5017100.0
cellsize      100
NODATA_value  -9.9e-20
[rows 162 to 188 of 338, columns 434 to 495 of 660]
8.077392 6.060463 8.077392 7.638583 7.638583 8.077392 8.077392 7.638583 8.077392 8.077392 8.077392 8.077392 8.077392 8.077392 8.077392 8.077392 8.077392 8.077392 7.638583 7.638583 8.077392 7.638583 7.638583 5.9886017 5.9886017 5.9886017 6.060463 6.060463 6.060463 6.060463 0.0 0.0 8.077392 8.077392 8.077392 8.077392 8.077392 8.077392 8.077392 8.077392 8.077392 7.908654 7.908654 5.8737116 5.8737116 5.8737116 7.908654 7.0605707 5.6921673 7.0605707 7.0605707 7.0605707 7.8316555 7.8316555 5.985772 5.4023614 5.4023614 5.985772 5.985772 5.985772 0.0 7.4912643
6.060463 5.740753 5.966421 5.966421 5.966421 5.966421 5.966421 7.638583 8.077392 8.077392 8.077392 8.077392 8.077392 8.077392 8.077392 8.077392 7.188958 8.077392 5.966421 5.966421 7.638583 7.638583 5.9886017 5.9886017 5.9886017 7.638583 7.638583 8.077392 8.077392 8.077392 0.0 0.0 8.077392 8.077392 8.077392 8.077392 8.077392 8.077392 8.077392 8.077392 8.077392 7.908654 7.4912643 7.4912643 5.8737116 5.8737116 5.8737116 4.9875574 5.6921673 5.937521 7.4912643 7.908654 7.8316555 7.8316555 5.985772 5.985772 0.0 5.985772 5.985772 5.985772 5.4023614 0.0
6.060463 5.740753 5.966421 5.028067 5.028067 5.028067 5.966421 8.077392 8.077392 8.077392 7.638583 7.638583 8.077392 8.077392 8.077392 7.188958 7.188958 8.077392 5.966421 5.966421 7.638583 5.9886017 5.9886017 5.9886017 5.9886017 7.638583 7.638583 8.077392 8.077392 8.077392 0.0 8.077392 8.077392 8.077392 8.077392 8.077392 8.077392 8.077392 8.077392 8.077392 7.638583 7.4912643 7.4912643 7.4912643 5.8737116 5.8737116 5.8737116 4.9875574 4.9875574 5.937521 7.4912643 7.0605707 7.0605707 7.8316555 7.8316555 5.985772 7.908654 7.8316555 7.8316555 7.8316555 7.8316555 0.0
5.9886017 5.740753 5.9886017 7.638583 7.638583 7.638583 7.638583 7.638583 7.638583 7.638583 7.638583 7.638583 7.638583 7.638583 7.638583 7.638583 7.638583 7.638583 7.638583 7.638583 5.9886017 5.9886017 5.9886017 5.9886017 5.9886017 5.9886017 5.9886017 5.9886017 8.077392 8.077392 0.0 8.077392 8.077392 8.077392 8.077392 8.077392 8.077392 8.077392 8.077392 8.077392 8.077392 7.4912643 7.4912643 7.908654 5.8737116 5.8737116 5.8737116 5.8737116 4.9875574 4.9875574 7.0605707 7.0605707 5.6921673 7.0605707 7.0605707 7.0605707 7.908654 7.908654 7.908654 7.8316555 7.908654 7.908654
7.188958 5.740753 8.077392 8.077392 7.638583 7.638583 7.638583 7.638583 7.638583 7.638583 7.638583 7.638583 5.9886017 5.9886017 5.9886017 5.9886017 5.9886017 5.9886017 5.9886017 5.9886017 5.9886017 5.9886017 5.9886017 5.9886017 5.9886017 5.9886017 5.9886017 5.9886017 8.077392 8.077392 0.0 8.077392 8.077392 8.077392 8.077392 8.077392 8.077392 8.077392 8.077392 8.077392 8.077392 7.4912643 7.908654 7.908654 5.8737116 5.8737116 5.8737116 5.8737116 7.0605707 5.6921673 5.6921673 5.6921673 5.6921673 7.0605707 7.0605707 7.4912643 7.220944 7.908654 7.908654 7.908654 7.908654 7.908654
5.740753 5.740753 8.077392 8.077392 7.638583 7.638583 7.638583 7.638583 7.638583 7.638583 7.638583 5.9886017 5.9886017 5.9886017 5.9886017 5.9886017 5.9886017 5.9886017 5.9886017 5.9886017 5.9886017 5.9886017 5.9886017 5.9886017 5.9886017 5.9886017 5.9886017 7.638583 7.638583 0.0 0.0 8.077392 8.077392 8.077392 8.077392 8.077392 8.077392 8.077392 8.077392 8.077392 8.077392 7.908654 7.908654 7.908654 7.908654 5.8737116 5.8737116 5.8737116 7.0605707 7.0605707 5.6921673 4.9875574 5.6921673 5.6921673 7.0605707 7.0605707 7.0605707 7.0605707 7.0605707 7.908654 7.908654 7.908654
5.740753 5.740753 8.077392 8.077392 8.077392 7.638583 7.638583 7.638583 7.638583 7.638583 5.9886017 5.9886017 5.9886017 5.9886017 5.9886017 5.9886017 5.9886017 5.9886017 5.9886017 5.9886017 5.9886017 5.9886017 5.9886017 5.9886017 5.9886017 5.9886017 5.9886017 5.9886017 7.638583 6.060463 0.0 8.077392 8.077392 8.077392 8.077392 8.077392 8.077392 8.077392 8.077392 8.077392 8.077392 7.908654 7.908654 7.908654 7.908654 7.908654 7.908654 5.8737116 5.8737116 7.0605707 7.0605707 5.6921673 5.6921673 7.0605707 7.0605707 7.0605707 7.908654 7.0605707 7.0605707 7.908654 7.908654 7.908654
5.740753 5.740753 7.188958 7.188958 7.188958 8.077392 7.638583 7.638583 7.638583 7.638583 5.9886017 5.9886017 5.9886017 5.9886017 5.9886017 5.9886017 5.9886017 5.9886017 5.9886017 5.9886017 5.9886017 5.9886017 5.9886017 5.9886017 5.9886017 5.9886017 5.9886017 5.9886017 7.638583 6.060463 0.0 8.077392 8.077392 8.077392 8.077392 8.077392 8.077392 8.077392 8.077392 8.077392 8.077392 7.908654 7.908654 7.908654 7.908654 7.908654 7.908654 7.908654 7.908654 7.908654 7.0605707 5.6921673 7.0605707 7.0605707 7.0605707 7.0605707 7.0605707 7.908654 7.908654 7.908654 7.908654 4.098809
5.740753 5.740753 5.740753 7.188958 7.188958 8.077392 8.077392 7.638583 7.638583 7.638583 5.9886017 5.9886017 5.9886017 5.9886017 5.9886017 5.9886017 5.9886017 5.9886017 5.9886017 5.9886017 5.9886017 5.9886017 5.9886017 5.9886017 5.9886017 5.9886017 5.9886017 5.9886017 7.638583 6.060463 0.0 8.077392 8.077392 8.077392 8.077392 8.077392 8.077392 8.077392 8.077392 8.077392 8.077392 7.908654 7.908654 7.908654 7.908654 7.908654 7.908654 7.908654 7.908654 7.908654 7.0605707 7.0605707 7.0605707 7.4912643 7.0605707 7.0605707 7.0605707 7.908654 7.908654 7.908654 4.098809 4.098809
5.740753 5.028067 5.740753 7.188958 7.188958 8.077392 7.638583 7.638583 7.638583 7.638583 5.9886017 5.9886017 5.9886017 5.9886017 5.9886017 5.9886017 5.9886017 5.9886017 5.9886017 5.9886017 5.9886017 5.9886017 5.9886017 5.9886017 5.9886017 5.9886017 5.9886017 5.9886017 7.638583 0.0 0.0 0.0 8.077392 8.077392 8.077392 8.077392 8.077392 8.077392 8.077392 8.077392 8.077392 7.908654 7.908654 7.908654 7.908654 7.908654 7.908654 7.908654 7.4912643 7.4912643 7.908654 7.908654 7.0605707 7.0605707 7.0605707 7.0605707 7.0605707 7.908654 7.4912643 7.4912643 7.4912643 4.098809
5.028067 5.028067 5.028067 7.188958 7.188958 8.077392 7.638583 7.638583 7.638583 7.638583 5.9886017 5.9886017 5.9886017 5.9886017 5.9886017 5.9886017 5.9886017 5.9886017 5.9886017 5.9886017 5.9886017 5.9886017 5.9886017 5.9886017 5.9886017 5.9886017 5.9886017 5.9886017 7.638583 0.0 0.0 0.0 8.077392 8.077392 8.077392 8.077392 8.077392 8.077392 8.077392 8.077392 8.077392 7.908654 7.908654 7.908654 7.908654 7.908654 7.908654 7.908654 7.4912643 5.6921673 7.0605707 7.908654 7.0605707 7.0605707 7.0605707 7.0605707 7.0605707 7.908654 7.4912643 7.4912643 7.4912643 7.908654
5.028067 5.028067 5.028067 5.028067 7.188958 5.966421 5.966421 5.966421 7.638583 5.9886017 5.9886017 5.9886017 5.9886017 5.9886017 5.9886017 5.9886017 5.9886017 5.9886017 5.9886017 5.9886017 5.9886017 5.9886017 5.9886017 5.9886017 5.9886017 5.9886017 5.9886017 5.9886017 7.638583 0.0 0.0 0.0 8.077392 8.077392 7.638583 8.077392 8.077392 8.077392 8.077392 8.077392 8.077392 7.908654 7.908654 7.908654 7.908654 7.908654 7.908654 7.908654 7.4912643 7.0605707 7.0605707 7.908654 7.0605707 7.0605707 7.0605707 7.0605707 7.0605707 7.908654 7.908654 7.908654 7.908654 7.908654
5.028067 5.028067 5.028067 5.028067 5.966421 5.966421 5.028067 5.966421 5.966421 7.638583 5.9886017 5.9886017 5.9886017 5.9886017 5.9886017 5.9886017 5.9886017 5.9886017 5.9886017 5.9886017 5.9886017 5.9886017 5.9886017 5.9886017 5.9886017 5.9886017 5.9886017 5.9886017 7.638583 6.060463 6.041831 0.0 6.060463 6.060463 5.9886017 6.060463 6.060463 8.077392 8.077392 8.077392 8.077392 7.908654 7.908654 7.908654 7.908654 7.908654 7.908654 7.908654 7.908654 7.0605707 7.0605707 7.0605707 7.0605707 7.0605707 7.0605707 7.0605707 7.0605707 7.908654 7.908654 7.908654 7.908654 7.908654
5.028067 5.028067 5.028067 5.028067 5.028067 5.028067 5.028067 5.028067 5.966421 7.638583 7.638583 5.9886017 7.638583 5.9886017 5.9886017 5.9886017 5.9886017 5.9886017 5.9886017 5.9886017 5.9886017 5.9886017 5.9886017 5.9886017 5.9886017 5.9886017 5.9886017 5.9886017 5.9886017 6.060463 6.060463 6.060463 6.060463 6.060463 6.060463 6.060463 6.060463 6.060463 8.077392 8.077392 8.077392 7.908654 7.908654 7.908654 7.908654 7.908654 7.908654 7.908654 7.908654 7.908654 7.0605707 7.0605707 7.908654 7.908654 7.908654 7.908654 7.908654 7.908654 7.908654 7.908654 7.908654 7.908654
5.028067 5.740753 5.740753 5.028067 5.028067 5.028067 5.028067 5.966421 5.966421 7.638583 5.9886017 5.9886017 5.9886017 5.9886017 5.9886017 5.9886017 7.638583 5.9886017 5.9886017 5.9886017 5.9886017 5.9886017 5.9886017 5.9886017 5.9886017 5.9886017 5.9886017 5.9886017 5.9886017 6.060463 6.060463 5.9886017 5.9886017 6.060463 6.060463 6.060463 6.060463 6.060463 6.060463 8.077392 8.077392 7.908654 7.908654 7.908654 7.908654 7.908654 7.908654 7.908654 7.908654 7.908654 7.0605707 7.0605707 7.908654 7.908654 7.908654 7.908654 7.0605707 7.908654 7.908654 7.908654 7.908654 7.908654
5.028067 5.740753 5.740753 5.028067 5.028067 5.028067 5.028067 5.966421 5.966421 8.077392 6.060463 6.060463 6.060463 5.9886017 5.9886017 5.9886017 5.9886017 5.9886017 7.638583 5.9886017 5.9886017 5.9886017 5.9886017 5.9886017 5.9886017 5.9886017 5.9886017 5.9886017 5.9886017 6.060463 5.740753 5.740753 5.9886017 6.060463 6.060463 6.060463 5.9886017 5.9886017 5.9886017 8.077392 8.077392 7.908654 7.908654 7.908654 7.908654 7.908654 7.908654 7.908654 7.908654 7.908654 7.908654 7.908654 7.908654 7.908654 7.908654 7.4912643 7.4912643 7.908654 7.908654 7.908654 7.908654 7.908654
5.028067 5.740753 5.740753 5.740753 5.028067 5.028067 5.028067 5.028067 5.028067 5.028067 6.060463 6.060463 6.060463 6.060463 5.9886017 5.9886017 5.9886017 5.9886017 5.9886017 7.638583 5.9886017 5.9886017 5.9886017 5.9886017 5.9886017 5.9886017 5.9886017 6.060463 6.060463 6.060463 5.740753 5.740753 5.9886017 6.060463 6.060463 6.060463 5.9886017 5.9886017 5.9886017 8.077392 8.077392 7.908654 7.908654 7.908654 7.908654 7.908654 7.908654 7.908654 7.908654 7.908654 7.908654 7.908654 7.908654 7.908654 7.4912643 7.4912643 7.4912643 7.908654 7.908654 7.908654 7.908654 7.908654
5.028067 5.028067 5.740753 5.740753 5.740753 5.028067 5.028067 5.028067 5.9886017 5.9886017 6.060463 6.060463 6.060463 6.060463 6.060463 5.9886017 5.9886017 5.9886017 5.028067 5.966421 5.9886017 5.9886017 5.9886017 5.9886017 7.638583 6.060463 0.0 0.0 6.060463 6.060463 6.060463 5.9886017 0.0 6.060463 5.740753 5.740753 5.740753 6.060463 6.060463 8.077392 8.077392 7.908654 7.908654 7.908654 7.908654 7.908654 7.908654 7.908654 7.908654 7.908654 7.908654 7.908654 7.908654 7.908654 7.4912643 7.908654 7.908654 7.908654 7.908654 7.908654 7.908654 7.908654
5.028067 5.740753 5.740753 5.740753 5.740753 5.740753 6.060463 5.028067 5.9886017 5.9886017 6.060463 6.060463 6.060463 6.060463 6.060463 6.060463 6.060463 5.740753 5.740753 5.966421 5.9886017 5.9886017 5.9886017 5.9886017 7.638583 6.060463 6.060463 0.0 6.060463 6.060463 6.060463 5.9886017 0.0 6.060463 5.740753 5.740753 5.740753 5.740753 6.060463 8.077392 8.077392 7.908654 7.908654 7.908654 7.908654 7.908654 7.908654 7.908654 7.908654 7.908654 7.908654 7.908654 7.908654 7.908654 7.908654 7.908654 7.908654 7.908654 7.908654 7.908654 7.908654 7.908654
5.740753 5.740753 5.740753 5.740753 5.028067 6.060463 6.060463 6.060463 6.060463 6.060463 6.060463 6.060463 6.060463 6.060463 6.060463 5.740753 5.740753 5.740753 5.740753 5.966421 5.9886017 5.9886017 5.9886017 5.9886017 7.638583 6.060463 6.060463 0.0 0.0 5.028067 5.740753 5.9886017 5.740753 5.740753 5.740753 5.740753 5.740753 5.740753 6.060463 6.060463 8.077392 7.908654 7.908654 7.908654 7.908654 7.908654 7.908654 7.908654 7.908654 7.908654 7.908654 7.908654 7.908654 7.908654 7.908654 7.908654 7.908654 7.908654 7.908654 7.908654 7.908654 7.908654
6.0321302 6.0321302 6.0321302 6.0321302 6.0321302 6.3166857 6.314458 6.314458 6.314458 6.314458 6.314458 6.314458 6.314458 6.314458 6.0321302 6.0321302 6.0321302 6.0321302 6.0321302 6.0321302 6.246871 6.246871 6.246871 6.246871 7.9240437 6.314458 6.314458 6.314458 6.314458 5.278549 6.314458 6.314458 6.0321302 6.0321302 6.0321302 6.0321302 6.0321302 6.0321302 6.314458 6.314458 8.404908 8.218538 8.218538 8.218538 8.218538 8.218538 8.218538 8.218538 8.218538 8.218538 8.218538 8.218538 8.218538 8.218538 8.218538 8.218538 8.218538 8.218538 8.218538 8.218538 8.218538 8.218538
6.0321302 5.278549 6.0321302 6.0321302 6.0321302 6.246871 6.314458 6.314458 6.314458 6.246871 6.314458 6.314458 6.314458 6.314458 6.0321302 6.0321302 6.0321302 6.0321302 6.0321302 6.0321302 6.246871 6.246871 6.246871 6.246871 7.9240437 6.314458 6.314458 6.314458 6.314458 5.278549 6.314458 6.314458 6.0321302 6.0321302 6.0321302 6.0321302 6.0321302 6.0321302 6.0321302 6.314458 8.404908 8.218538 8.218538 8.218538 8.218538 8.218538 8.218538 8.218538 8.218538 8.218538 8.218538 8.218538 8.218538 8.218538 8.218538 8.218538 8.218538 8.218538 8.218538 8.218538 8.218538 8.218538
6.0321302 6.0321302 6.314458 6.0321302 6.314458 6.314458 6.314458 6.314458 5.278549 6.246871 5.278549 5.278549 5.278549 5.278549 6.0321302 6.0321302 5.278549 6.314458 6.314458 6.246871 6.246871 6.246871 6.246871 6.246871 7.9240437 6.314458 6.246871 6.314458 5.278549 5.278549 5.278549 6.314458 6.0321302 6.0321302 6.0321302 6.0321302 6.0321302 6.0321302 6.0321302 6.314458 8.404908 8.218538 8.218538 8.218538 8.218538 8.218538 8.218538 8.218538 8.218538 8.218538 8.218538 8.218538 8.218538 8.218538 8.218538 8.218538 8.218538 8.218538 8.218538 8.218538 8.218538 8.218538
7.454069 7.454069 8.404908 6.314458 6.314458 6.314458 6.314458 6.314458 5.278549 5.278549 5.278549 5.278549 5.278549 5.278549 6.314458 5.278549 5.278549 6.314458 6.314458 6.314458 6.246871 6.246871 6.246871 6.246871 7.9240437 6.246871 6.246871 6.246871 6.0321302 6.0321302 5.278549 5.627322 5.627322 6.0321302 6.0321302 6.0321302 6.0321302 6.0321302 6.0321302 6.314458 6.314458 8.218538 8.218538 8.218538 8.218538 8.218538 8.218538 8.218538 8.218538 8.218538 8.218538 8.218538 8.218538 8.218538 8.218538 8.218538 8.218538 8.218538 8.218538 8.218538 8.218538 8.218538
7.637438 8.404908 8.404908 6.314458 6.314458 6.314458 6.314458 6.314458 6.0321302 5.278549 5.278549 5.278549 5.278549 5.278549 6.314458 5.278549 5.278549 6.314458 6.314458 6.314458 6.246871 6.246871 6.246871 6.246871 7.9240437 6.246871 6.298908 6.0321302 6.0321302 6.0321302 5.278549 0.0 0.0 6.0321302 6.0321302 6.0321302 5.278549 5.278549 5.278549 6.314458 6.314458 8.218538 8.218538 8.218538 8.218538 8.218538 8.218538 8.218538 8.218538 8.218538 8.218538 8.218538 8.218538 8.218538 8.218538 8.218538 8.218538 8.218538 8.218538 8.218538 8.218538 8.218538
7.637438 8.404908 8.404908 8.404908 8.404908 6.314458 6.314458 6.314458 6.314458 5.278549 5.278549 5.278549 5.278549 5.278549 6.314458 6.0321302 6.0321302 6.0321302 5.278549 6.314458 6.246871 6.246871 6.246871 6.246871 7.9240437 6.298908 6.314458 6.0321302 6.0321302 6.0321302 5.278549 5.278549 0.0 6.0321302 6.0321302 6.0321302 5.278549 5.278549 5.278549 5.278549 6.314458 8.218538 8.218538 8.218538 8.218538 8.218538 8.218538 8.218538 8.218538 8.218538 8.218538 8.218538 8.218538 8.218538 8.218538 8.218538 8.218538 8.218538 8.218538 8.218538 8.218538 8.218538
7.637438 8.404908 8.404908 8.404908 8.404908 6.314458 6.314458 6.314458 6.314458 5.278549 5.278549 5.278549 5.278549 5.278549 6.314458 6.0321302 6.0321302 6.0321302 6.314458 6.314458 6.246871 6.246871 6.246871 6.246871 7.9240437 8.404908 6.246871 6.314458 6.0321302 6.0321302 5.278549 5.278549 6.314458 6.0321302 6.0321302 6.0321302 5.278549 5.278549 5.278549 5.278549 6.314458 6.182093 8.218538 8.218538 8.218538 8.218538 8.218538 8.218538 8.218538 8.218538 8.218538 8.218538 8.218538 8.218538 8.218538 8.218538 8.218538 8.218538 8.218538 8.218538 8.218538 8.218538
