Export/ASCII/RMeteo_SP_inch/p1/RMeteo_2017_SP2_inch.asc
ncols         660
nrows         338
xllcorner     1476100.0
yllcorner     5017100.0
cellsize      100
NODATA_value  -9.9e-20
[rows 54 to 80 of 338, columns 305 to 365 of 660]
4.31995 4.31995 5.2268476 5.2268476 5.2268476 5.2268476 3.064759 3.0647578 3.0872114 3.0872114 3.0872114 3.0872114 3.0872114 3.0457513 3.0457513 3.0457513 3.132336 3.132336 3.132336 3.132336 3.132336 3.1035767 5.1507363 5.1507363 5.1507363 5.308944 5.308944 5.1507363 5.1507363 5.1507363 5.1507363 5.1507363 5.1507363 5.1507363 5.2857337 5.013929 5.013929 5.013929 4.607582 4.607582 4.607582 4.607582 4.607582 4.607582 4.607582 4.607582 4.607582 4.607582 4.9670577 4.9670577 4.370571 4.370571 4.02473 4.607582 4.607582 4.607582 4.607582 4.607582 4.607582 4.607582 4.607582
5.2268476 5.2268476 5.2268476 5.2268476 5.2268476 5.2268476 5.0738525 3.0647578 3.0872114 3.0872114 3.0872114 3.0872114 3.0872114 3.132336 3.0457513 3.0457513 3.132336 3.132336 3.132336 3.132336 3.132336 3.1035767 5.308944 5.1507363 5.1507363 5.308944 5.1507363 5.1507363 5.1507363 5.1507363 5.1507363 5.1507363 5.1507363 5.1507363 4.741024 5.2857337 5.013929 5.013929 4.607582 4.607582 4.607582 4.02473 4.02473 4.02473 4.02473 4.02473 4.607582 4.607582 4.9670577 4.370571 4.370571 4.370571 4.370571 4.607582 4.607582 4.02473 4.9670577 4.370571 4.02473 4.607582 4.607582
5.2268476 5.2268476 5.2268476 5.2268476 5.2268476 5.2268476 5.2268476 3.0647578 3.0872114 3.0872114 3.0872114 3.0872114 3.0872114 3.132336 3.0457513 3.0457513 3.0457513 3.1035767 3.132336 3.132336 3.132336 3.132336 5.308944 4.370571 4.370571 5.1507363 5.1507363 5.1507363 5.1507363 5.1507363 5.1507363 4.9670577 4.9670577 5.308944 5.2857337 5.2857337 5.013929 5.013929 4.9670577 4.9670577 4.607582 4.607582 4.02473 4.02473 4.02473 4.02473 4.9670577 4.9670577 4.9670577 4.370571 4.02473 4.02473 4.370571 4.370571 4.370571 4.370571 4.370571 4.370571 4.02473 4.607582 4.9670577
5.2268476 5.2268476 5.2268476 5.2268476 5.2268476 5.2268476 5.2268476 5.2268476 3.0036259 3.064759 3.0872114 3.0872114 3.0872114 3.132336 3.132336 3.0457513 3.0457513 3.1035767 3.132336 3.132336 5.308944 5.308944 5.308944 4.370571 4.9670577 4.9670577 4.9670577 5.1507363 5.1507363 5.1507363 5.1507363 5.1507363 5.308944 5.1507363 5.2857337 5.2857337 5.2857337 5.2857337 5.2857337 4.9670577 4.607582 4.607582 4.607582 4.02473 4.607582 4.607582 4.9670577 4.9670577 4.9670577 4.02473 4.370571 4.370571 4.370571 4.370571 4.370571 4.370571 4.370571 4.9670577 4.9670577 4.9670577 4.9670577
5.0738525 5.0738525 5.2268476 5.2268476 5.2268476 5.2268476 5.2268476 5.2268476 4.8954678 3.0036259 3.0036259 3.0872114 3.0872114 3.1035767 3.1035767 3.0457513 3.0457513 3.0457513 3.1035767 5.308944 5.1507363 5.1507363 4.370571 4.370571 4.607582 4.607582 4.9670577 4.370571 4.370571 4.370571 4.370571 5.2857337 5.2857337 5.1507363 5.1507363 5.308944 5.2857337 5.2857337 5.2857337 4.9670577 4.607582 4.607582 4.607582 4.607582 4.607582 4.9670577 4.9670577 4.9670577 4.370571 4.370571 4.370571 4.370571 4.370571 4.370571 4.370571 4.370571 5.1507363 5.1507363 4.9670577 4.9670577 4.9670577
5.0738525 5.0738525 5.2268476 5.2268476 5.2268476 5.2268476 5.2268476 5.2268476 4.8954678 3.0036259 3.0036259 3.0872114 3.0872114 3.132336 3.132336 3.0457513 3.0457513 4.9670577 4.9670577 5.1507363 5.1507363 5.1507363 4.02473 4.02473 4.370571 4.370571 4.370571 4.370571 4.370571 4.370571 4.370571 5.2857337 5.1507363 5.1507363 4.9670577 5.311023 5.308944 5.2857337 5.2857337 4.9670577 4.9670577 4.9670577 4.607582 4.607582 4.607582 4.9670577 5.308944 4.370571 4.370571 4.370571 4.370571 4.370571 4.02473 4.370571 4.741024 5.1507363 5.1507363 4.9670577 4.9670577 4.9670577 4.9670577
5.2268476 4.8954678 5.2268476 5.2268476 5.2268476 5.2268476 5.2268476 5.2268476 4.8954678 3.0036259 3.0036259 3.0036259 3.0872114 3.132336 3.0457513 4.9670577 4.9670577 5.308944 4.9670577 5.1507363 5.1507363 4.370571 4.370571 4.370571 4.370571 5.308944 5.308944 5.308944 5.308944 5.308944 5.308944 5.308944 5.1507363 5.1507363 4.9670577 5.311023 5.308944 4.741024 5.1507363 4.9670577 4.9670577 4.370571 4.02473 4.607582 4.607582 4.370571 5.1507363 4.370571 4.370571 4.02473 4.370571 4.02473 4.02473 4.370571 4.370571 5.308944 4.607582 4.9670577 4.9670577 4.9670577 4.9670577
4.8954678 4.8954678 4.8954678 5.2268476 5.2268476 5.2268476 5.2268476 5.2268476 4.8954678 3.0036259 3.0872114 2.8611026 3.0872114 3.132336 3.132336 5.308944 5.308944 5.308944 4.9670577 4.9670577 4.9670577 4.9670577 5.308944 5.308944 5.308944 5.308944 5.308944 5.308944 5.308944 5.308944 5.308944 5.308944 5.308944 5.1507363 5.1507363 5.308944 5.308944 4.741024 4.741024 4.370571 4.370571 4.02473 4.02473 4.607582 4.607582 4.9670577 5.1507363 4.370571 4.370571 4.370571 4.370571 4.02473 4.02473 4.02473 4.02473 4.02473 4.02473 4.607582 4.607582 4.607582 4.607582
4.5753384 4.8954678 4.8954678 5.2268476 5.2268476 5.2268476 5.2268476 5.2268476 5.2268476 5.2268476 3.0872114 2.8611026 3.0872114 3.132336 3.132336 5.1507363 5.308944 5.308944 4.741024 4.9670577 4.9670577 4.9670577 5.308944 5.308944 5.308944 5.308944 5.308944 5.308944 5.308944 5.308944 5.308944 5.308944 5.308944 5.1507363 5.1507363 5.308944 5.308944 5.308944 4.370571 4.370571 4.02473 4.02473 4.02473 4.370571 4.9670577 4.9670577 5.308944 4.370571 4.370571 4.370571 4.02473 4.02473 4.02473 4.02473 4.02473 4.02473 4.02473 4.607582 4.9670577 4.9670577 4.9670577
4.5753384 4.5753384 4.8954678 4.8954678 5.2268476 5.2268476 5.2268476 5.2268476 5.2268476 5.2268476 3.0872114 2.8611026 3.0872114 3.132336 3.132336 5.308944 5.308944 5.308944 5.308944 4.9670577 4.9670577 4.9670577 5.1507363 5.1507363 5.308944 5.308944 5.308944 5.308944 5.308944 5.308944 5.308944 5.308944 5.308944 5.1507363 5.1507363 5.1507363 5.311023 5.308944 4.370571 4.370571 4.370571 4.02473 4.02473 4.370571 4.9670577 5.308944 5.308944 4.370571 4.370571 4.02473 4.02473 4.8716655 4.8716655 4.02473 4.02473 4.02473 4.02473 4.607582 4.02473 4.9670577 4.9670577
4.5753384 4.5753384 4.5753384 4.8954678 4.8954678 5.2268476 5.2268476 5.2268476 5.2268476 2.8611026 2.8611026 2.8611026 2.8611026 3.132336 2.900473 5.1507363 5.1507363 5.308944 5.308944 4.9670577 4.607582 4.9670577 4.9670577 5.1507363 5.308944 4.9670577 4.9670577 5.308944 4.9670577 5.308944 5.308944 5.308944 5.308944 4.741024 4.370571 5.308944 4.9670577 5.311023 5.308944 4.370571 4.370571 4.02473 4.370571 4.370571 4.9670577 4.370571 5.308944 5.308944 4.370571 4.370571 4.02473 4.02473 4.02473 4.370571 4.370571 4.02473 4.02473 4.02473 4.370571 5.308944 5.308944
4.5753384 4.5753384 4.5753384 4.8954678 4.8954678 5.2268476 5.2268476 5.2268476 5.2268476 2.8611026 2.8611026 3.0872114 3.0872114 3.132336 3.1035767 5.1507363 5.1507363 4.9670577 5.308944 4.9670577 4.9670577 4.9670577 4.9670577 4.9670577 5.308944 4.9670577 4.9670577 4.9670577 4.9670577 4.9670577 5.308944 5.308944 5.308944 5.308944 4.370571 4.370571 4.9670577 5.311023 4.370571 4.370571 4.370571 4.370571 4.370571 4.9670577 4.9670577 4.370571 5.308944 5.1507363 4.370571 4.370571 4.370571 4.370571 4.370571 4.370571 4.9670577 4.607582 4.02473 4.02473 4.370571 4.370571 4.370571
4.5753384 4.5753384 4.5753384 4.5753384 4.8954678 4.31995 5.2268476 5.2268476 5.2268476 3.0872114 3.0872114 3.0872114 3.0872114 3.0457513 3.0457513 5.1507363 5.1507363 4.9670577 4.9670577 4.9670577 4.9670577 4.607582 4.9670577 4.9670577 5.308944 4.9670577 4.9670577 4.9670577 4.9670577 4.9670577 4.9670577 4.9670577 5.308944 5.308944 4.370571 4.370571 4.370571 4.741024 4.02473 4.02473 4.02473 4.370571 4.370571 5.308944 4.9670577 4.370571 5.308944 5.1507363 5.1507363 4.370571 4.370571 4.370571 4.370571 4.370571 4.9670577 4.370571 4.02473 4.02473 4.370571 4.370571 4.02473
4.5753384 4.5753384 4.5753384 4.5753384 4.8954678 5.2268476 5.2268476 5.2268476 5.2268476 3.0872114 3.0872114 3.0872114 3.0036259 3.0457513 3.0457513 4.9670577 4.9670577 4.9670577 4.9670577 4.9670577 4.607582 4.607582 4.9670577 4.9670577 4.9670577 4.9670577 4.9670577 4.9670577 4.9670577 4.607582 4.607582 4.9670577 5.308944 5.308944 5.1507363 4.370571 4.370571 4.741024 4.02473 4.02473 4.02473 4.02473 5.308944 5.308944 4.9670577 4.9670577 5.2857337 5.2857337 5.1507363 4.370571 4.9670577 4.9670577 4.370571 4.370571 4.370571 4.02473 4.02473 4.02473 4.02473 4.02473 4.02473
4.5753384 4.5753384 4.5753384 4.5753384 4.8954678 5.2268476 5.2268476 5.2268476 5.2268476 3.0872114 3.0872114 2.8611026 3.0036259 3.0457513 3.0457513 4.9670577 4.9670577 4.607582 4.607582 4.607582 4.607582 4.607582 4.607582 4.9670577 4.9670577 4.607582 4.607582 4.607582 4.607582 4.607582 4.607582 4.9670577 5.308944 4.9670577 4.9670577 5.308944 4.741024 4.741024 4.02473 4.02473 4.569539 4.569539 4.9670577 4.9670577 4.9670577 4.607582 5.1507363 5.2857337 4.9670577 4.370571 4.9670577 4.9670577 4.370571 4.370571 4.02473 4.370571 4.02473 4.02473 4.02473 4.02473 4.02473
4.5753384 4.5753384 4.5753384 4.5753384 4.8954678 4.8954678 5.2268476 5.2268476 5.2268476 3.0872114 2.8611026 3.0036259 3.0036259 3.132336 3.0457513 4.607582 4.607582 4.607582 4.607582 4.607582 4.607582 4.607582 4.607582 4.607582 4.607582 4.607582 4.607582 4.607582 4.607582 4.607582 4.607582 4.9670577 4.9670577 4.9670577 4.9670577 5.308944 4.9670577 4.370571 4.02473 4.02473 4.9670577 5.2857337 4.607582 4.607582 4.607582 4.8716655 4.9670577 4.9670577 4.9670577 4.9670577 5.1507363 5.308944 4.370571 4.370571 4.370571 4.370571 4.02473 4.02473 4.02473 4.02473 4.02473
4.5753384 4.5753384 4.5753384 4.5753384 4.5753384 4.8954678 5.2268476 5.2268476 5.2268476 5.2268476 2.8611026 3.0036259 2.8611026 3.1035767 3.0457513 3.0457513 4.607582 4.607582 4.607582 4.607582 4.607582 4.607582 4.607582 4.02473 4.02473 4.02473 4.02473 4.607582 4.607582 4.607582 4.607582 4.9670577 4.9670577 4.9670577 4.9670577 4.9670577 4.9670577 4.370571 4.02473 4.02473 4.370571 5.013929 4.607582 4.607582 4.607582 4.607582 4.607582 4.607582 4.9670577 4.9670577 5.1507363 5.1507363 4.370571 4.9670577 4.9670577 4.370571 4.370571 4.02473 4.02473 4.02473 4.02473
4.5753384 4.5753384 4.5753384 4.5753384 4.5753384 4.8954678 4.31995 5.2268476 4.31995 4.31995 2.8611026 3.0036259 3.0036259 3.132336 3.0457513 3.0457513 5.1507363 4.9670577 4.9670577 4.9670577 4.9670577 4.607582 4.607582 4.02473 4.02473 4.02473 4.02473 4.02473 4.02473 4.02473 4.02473 4.607582 4.607582 4.607582 4.9670577 4.9670577 4.9670577 4.370571 4.02473 4.02473 4.02473 4.607582 4.9670577 4.607582 4.607582 4.607582 4.607582 4.607582 4.607582 4.9670577 4.9670577 4.9670577 5.308944 4.9670577 5.308944 4.9670577 4.9670577 4.02473 4.02473 4.02473 4.02473
4.5753384 4.5753384 4.5753384 4.5753384 3.9846234 4.31995 4.31995 4.31995 4.31995 4.31995 4.31995 3.0647578 3.0036259 3.0457513 3.0457513 3.0457513 4.9670577 4.9670577 4.9670577 4.9670577 4.9670577 4.607582 4.607582 4.02473 4.02473 4.02473 4.02473 4.02473 4.02473 4.607582 4.607582 4.607582 4.607582 4.607582 4.9670577 4.9670577 4.9670577 4.02473 4.02473 4.02473 5.308944 4.9670577 4.9670577 4.9670577 4.607582 4.607582 4.9670577 4.607582 4.9670577 4.9670577 4.9670577 4.9670577 5.308944 5.308944 5.308944 4.9670577 4.9670577 4.02473 4.02473 4.02473 4.370571
4.5753384 4.8954678 4.8954678 4.8954678 4.31995 4.31995 4.31995 4.31995 4.31995 4.31995 4.31995 5.0738525 3.0036259 3.0457513 3.0457513 4.607582 4.9670577 4.9670577 4.9670577 5.308944 5.308944 4.607582 4.607582 4.02473 4.02473 4.02473 4.02473 4.02473 4.607582 4.607582 4.607582 4.607582 4.607582 4.607582 4.607582 4.607582 4.607582 4.9670577 4.9670577 4.02473 4.741024 5.308944 5.308944 4.9670577 4.9670577 4.607582 5.1507363 4.9670577 4.9670577 5.308944 4.9670577 4.9670577 5.308944 5.308944 5.308944 5.308944 4.9670577 4.9670577 4.02473 4.02473 4.370571
4.5753384 4.8954678 4.8954678 4.8954678 5.2268476 5.2268476 4.31995 4.31995 4.31995 3.9846234 4.31995 4.31995 4.8954678 3.0457513 2.861038 4.02473 4.9670577 4.9670577 4.9670577 5.308944 4.9670577 4.607582 4.607582 4.02473 4.02473 4.02473 4.02473 4.02473 4.607582 4.607582 4.607582 4.607582 4.607582 4.9670577 4.9670577 4.9670577 4.9670577 4.9670577 4.9670577 4.02473 4.741024 5.308944 5.308944 5.308944 4.370571 4.370571 4.370571 5.1507363 5.1507363 5.308944 5.308944 5.308944 5.308944 5.308944 5.308944 5.308944 4.9670577 4.9670577 4.607582 4.607582 4.370571
4.8954678 4.8954678 5.2268476 4.8954678 4.8954678 5.2268476 4.31995 4.31995 4.31995 3.9846234 3.9846234 3.9846234 4.31995 2.861038 3.0457513 4.607582 4.9670577 4.9670577 5.308944 5.308944 4.9670577 4.607582 4.02473 4.02473 4.02473 4.02473 4.02473 4.607582 4.607582 4.607582 4.607582 4.607582 4.607582 4.9670577 4.9670577 4.9670577 5.308944 4.9670577 4.9670577 4.370571 5.1507363 5.1507363 5.1507363 5.1507363 5.1507363 5.1507363 5.1507363 5.1507363 5.308944 5.308944 5.308944 5.308944 5.308944 5.308944 5.308944 5.308944 4.9670577 4.9670577 4.607582 4.02473 5.1507363
4.8954678 4.8954678 4.8954678 4.8954678 4.8954678 4.8954678 4.8954678 4.31995 4.31995 3.9846234 3.9846234 3.9846234 3.9846234 4.871666 3.0457513 4.9670577 4.9670577 4.9670577 4.370571 4.02473 4.370571 4.02473 4.02473 4.02473 4.02473 4.02473 4.02473 4.607582 4.607582 4.607582 4.607582 4.607582 4.9670577 4.9670577 4.9670577 4.9670577 4.9670577 4.9670577 5.1507363 5.1507363 5.1507363 5.1507363 5.1507363 5.1507363 5.1507363 5.1507363 5.1507363 5.1507363 5.308944 5.308944 5.308944 5.308944 5.308944 5.308944 5.1507363 5.1507363 4.9670577 4.9670577 4.02473 4.02473 4.370571
4.8954678 4.8954678 5.0738525 4.8954678 4.8954678 4.8954678 4.8954678 4.31995 4.5753384 4.5753384 3.9846234 3.9846234 4.8320684 4.607582 4.607582 4.9670577 4.9670577 4.9670577 4.02473 4.8716655 4.02473 4.02473 4.02473 4.02473 4.02473 4.02473 4.02473 4.607582 4.607582 4.607582 4.607582 4.607582 4.9670577 4.9670577 4.9670577 4.9670577 5.1507363 4.9670577 4.9670577 4.9670577 4.9670577 4.9670577 5.1507363 5.1507363 5.1507363 5.1507363 5.311023 5.308944 5.308944 5.1507363 5.1507363 5.1507363 4.9670577 4.9670577 5.1507363 5.1507363 4.9670577 4.9670577 4.607582 4.607582 4.370571
4.8954678 4.8954678 5.0738525 4.6583467 5.0738525 4.8954678 4.8954678 4.8954678 4.5753384 4.5753384 4.5753384 3.9846234 5.2268476 4.9670577 3.0457513 3.0457513 4.9670577 4.9670577 4.607582 4.607582 4.02473 4.02473 4.02473 4.02473 4.02473 4.02473 4.607582 4.607582 4.607582 4.607582 4.607582 4.607582 4.607582 4.370571 4.9670577 4.9670577 4.9670577 4.9670577 4.607582 4.9670577 4.9670577 4.9670577 5.1507363 5.1507363 4.9670577 4.9670577 4.370571 4.370571 5.308944 5.1507363 5.1507363 5.1507363 4.9670577 4.9670577 4.9670577 4.9670577 4.9670577 4.9670577 4.9670577 4.9670577 4.9670577
4.31995 4.31995 4.31995 4.31995 4.31995 4.31995 4.31995 4.8954678 4.8954678 4.5753384 4.8954678 4.31995 5.2268476 4.9670577 3.0457513 3.0457513 4.9670577 4.9670577 4.9670577 4.9670577 4.9670577 4.9670577 4.9670577 4.9670577 4.370571 5.1507363 5.1507363 4.607582 4.607582 4.607582 4.607582 4.607582 4.9670577 4.370571 4.370571 5.1507363 4.9670577 4.607582 4.607582 4.9670577 4.9670577 4.9670577 4.9670577 4.9670577 5.1507363 4.370571 4.370571 4.370571 5.308944 5.308944 4.9670577 5.308944 4.370571 5.308944 4.9670577 4.9670577 4.370571 4.9670577 4.9670577 4.370571 4.9670577
3.9846234 4.31995 3.9846234 3.9846234 4.31995 4.31995 4.31995 4.31995 4.8954678 4.8954678 4.8954678 4.31995 4.8954678 3.0457513 2.861038 2.861038 4.370571 5.308944 5.308944 5.308944 5.308944 5.308944 4.370571 4.370571 4.370571 5.1507363 5.1507363 4.9670577 4.607582 4.02473 4.02473 4.02473 4.370571 4.370571 4.9670577 4.9670577 4.9670577 4.607582 4.607582 4.607582 4.607582 4.9670577 4.9670577 4.9670577 5.311023 5.311023 5.311023 5.308944 5.308944 5.308944 5.308944 5.308944 5.308944 5.308944 5.308944 4.370571 4.02473 4.8716655 5.1507363 4.9670577 4.9670577
