Export/ASCII/RMeteo_SP_inch/p1/RMeteo_2018_SP3_inch.asc
ncols         660
nrows         338
xllcorner     1476100.0
yllcorner     5017100.0
cellsize      100
NODATA_value  -9.9e-20
[rows 0 to 26 of 338, columns 61 to 121 of 660]
6.5298934 6.5298934 6.5298934 6.5298934 6.5298934 6.0548596 5.8196907 6.0548596 6.0548596 6.0548596 6.0548596 6.5298934 6.3067975 6.3067975 6.3067975 5.3472443 5.3472443 5.3472443 5.3472443 5.3472443 5.3472443 6.5669293 6.5669293 6.5669293 6.5669293 5.3669295 6.566605 6.566605 6.566605 6.566605 6.566605 6.566605 6.5669293 6.542707 6.542707 5.9910607 6.542707 6.542707 6.542707 6.542707 6.566605 6.5669293 6.009449 6.009449 6.009449 6.009449 5.9910607 5.9910607 5.9910607 5.9910607 5.9910607 5.9910607 5.9910607 5.9910607 5.9910607 5.9910607 5.7612267 5.7612267 5.7612267 5.7612267 5.7612267
6.5298934 6.5298934 6.0548596 6.3067975 6.3067975 5.8196907 5.8196907 5.8196907 6.0548596 6.0548596 6.0548596 6.5298934 6.5298934 6.3067975 6.3067975 5.3472443 5.3472443 5.3472443 5.3472443 5.3472443 5.3472443 5.3669295 6.5669293 6.5669293 6.5669293 6.5669293 6.5669293 6.5669293 6.5669293 6.5669293 6.566605 6.566605 6.5669293 6.542707 6.542707 6.542707 6.542707 6.542707 6.5669293 6.5669293 6.5669293 6.5669293 6.009449 6.009449 6.009449 6.5669293 5.9910607 5.9910607 5.9910607 5.9910607 5.9910607 5.9910607 5.9910607 5.9910607 5.9910607 5.9910607 5.7612267 5.7612267 5.9910607 5.7612267 5.7612267
6.5298934 6.5298934 6.5298934 5.8196907 5.8196907 5.8196907 5.8196907 6.0548596 6.0548596 6.5298934 6.5298934 6.5298934 6.5298934 6.5472436 5.3472443 5.3472443 5.3472443 5.3472443 5.3472443 5.3472443 5.3472443 5.3669295 5.3669295 6.5669293 6.5669293 6.5669293 6.5669293 6.5669293 6.3046064 6.3046064 6.3046064 6.3046064 6.542707 6.542707 6.542707 6.542707 5.9910607 6.542707 6.542707 6.3046064 6.3046064 6.566605 6.542707 6.542707 6.5669293 6.5669293 5.9910607 5.9910607 5.9910607 5.9910607 5.9910607 5.9910607 5.9910607 5.9910607 5.9910607 5.9910607 5.9910607 5.9910607 5.7612267 5.7612267 5.7612267
6.5298934 6.5298934 6.5298934 5.8196907 5.8196907 5.8196907 5.8196907 6.0548596 6.0548596 6.5298934 6.5298934 6.5298934 6.5298934 6.5472436 6.5472436 5.3472443 5.3472443 5.3472443 5.3472443 5.3472443 5.3472443 6.542707 6.542707 6.5669293 6.5669293 6.5669293 6.5669293 6.5669293 6.3046064 6.3046064 6.3046064 6.3046064 6.542707 6.542707 5.9910607 6.542707 5.9910607 6.542707 6.542707 6.542707 6.542707 6.542707 6.542707 5.9910607 5.9910607 5.9910607 5.9910607 5.9910607 5.9910607 5.9910607 5.9910607 5.9910607 5.9910607 5.9910607 5.9910607 5.9910607 5.9910607 5.9910607 6.009449 6.0094485 5.7612267
6.5472436 6.5298934 6.5298934 6.0548596 5.8196907 5.8196907 6.5298934 6.5298934 6.5298934 6.5298934 6.5298934 6.5298934 6.5472436 6.5472436 6.5472436 5.3472443 5.3472443 6.5298934 6.3067975 6.5298934 6.5298934 6.542707 6.542707 6.542707 6.5669293 6.5669293 5.3669295 6.5669293 6.542707 6.542707 6.3046064 6.542707 6.542707 6.542707 6.542707 6.542707 5.9910607 6.542707 6.542707 6.542707 5.9910607 5.9910607 5.9910607 5.9910607 5.9910607 5.9910607 5.9910607 5.9910607 5.9910607 6.542707 6.542707 6.542707 5.9910607 5.9910607 5.9910607 5.9910607 5.9910607 5.9910607 5.9910607 6.0094485 5.7612267
6.5472436 6.5472436 6.5298934 6.5298934 6.0548596 6.0548596 6.5298934 6.5298934 6.5298934 6.5298934 6.5298934 6.5472436 6.5472436 6.5298934 6.5472436 6.5298934 6.5298934 6.5298934 6.3067975 6.5298934 6.5298934 6.542707 5.9910607 6.542707 6.542707 6.542707 6.542707 6.542707 6.542707 6.542707 6.542707 6.542707 6.542707 6.542707 6.542707 6.542707 5.9910607 6.542707 6.542707 5.9910607 5.9910607 5.9910607 5.9910607 5.9910607 6.542707 6.542707 5.9910607 5.9910607 5.9910607 6.542707 6.542707 6.542707 6.542707 5.9910607 5.9910607 5.9910607 5.9910607 5.9910607 5.9910607 5.7612267 5.9910607
6.5472436 6.5472436 6.5472436 6.5298934 6.5298934 6.0548596 6.5298934 6.5298934 6.5298934 6.5298934 6.5472436 6.5472436 6.5472436 6.5472436 5.3472443 6.5298934 6.5298934 6.5298934 6.5298934 6.5298934 6.5298934 6.542707 6.542707 6.542707 6.542707 6.542707 6.542707 6.542707 6.542707 6.542707 6.5669293 6.542707 6.542707 6.542707 6.542707 6.542707 6.542707 6.542707 6.542707 5.9910607 5.9910607 6.542707 6.542707 6.542707 6.542707 6.542707 6.542707 6.542707 5.9910607 5.9910607 6.542707 6.542707 6.542707 6.3046064 5.7612267 5.7612267 6.0094485 6.0094485 5.7612267 5.7612267 5.9910607
6.5472436 6.5472436 6.5472436 6.5472436 6.5298934 6.5298934 6.5298934 6.5298934 6.5298934 6.3067975 6.3067975 6.3067975 6.5472436 5.3472443 5.3472443 5.3472443 5.3472443 5.3472443 6.5298934 6.0548596 6.5298934 6.542707 6.542707 6.542707 6.542707 6.542707 6.542707 6.542707 6.542707 6.566605 6.566605 6.5669293 6.542707 6.542707 6.542707 6.542707 6.3046064 6.542707 6.542707 6.542707 6.542707 6.542707 6.542707 6.542707 6.3046064 6.542707 6.566605 6.542707 6.542707 5.9910607 5.9910607 6.542707 6.542707 6.5669293 5.9910607 5.7612267 6.0094485 6.0094485 5.7612267 5.7612267 5.9910607
6.5298934 6.5298934 6.5472436 6.5472436 6.5298934 6.5298934 6.5472436 6.3067975 6.3067975 6.3067975 6.3067975 6.3067975 6.5472436 5.3472443 5.3472443 5.3472443 5.3472443 5.3472443 6.3067975 6.5298934 6.5298934 6.542707 6.542707 5.9910607 5.9910607 5.9910607 6.542707 6.542707 6.5669293 6.566605 6.566605 6.5669293 6.566605 6.542707 6.566605 6.542707 6.5669293 6.566605 6.566605 6.566605 6.5669293 6.5669293 6.5669293 6.5669293 6.5669293 6.566605 6.542707 6.542707 5.9910607 6.542707 5.9910607 5.9910607 6.542707 6.5669293 5.9910607 6.009447 5.7612267 5.7612267 5.7612267 5.7612267 5.9910607
6.5298934 6.5298934 6.5298934 6.5298934 6.5298934 6.5298934 6.5298934 6.3067975 6.5298934 6.5298934 6.5298934 6.5298934 6.5298934 5.3472443 5.3472443 5.3472443 5.3472443 5.3472443 5.3472443 6.3067975 6.5298934 6.542707 6.542707 6.542707 6.542707 6.542707 6.542707 6.5669293 6.5669293 6.5669293 6.5669293 6.5669293 6.5669293 6.5669293 6.566605 6.566605 6.5669293 6.566605 6.566605 6.566605 6.5669293 6.3046064 6.5669293 6.566605 6.566605 6.566605 6.542707 6.542707 6.542707 6.542707 6.0094485 6.0094485 6.0094485 6.566605 5.9910607 5.9910607 5.7612267 5.7612267 5.7612267 5.7612267 5.7612267
6.5298934 6.5472436 6.5472436 6.5472436 6.5472436 6.5472436 6.5472436 6.5472436 5.3472443 6.3067975 6.3067975 6.3067975 6.5298934 6.5298934 6.5298934 6.5298934 6.5298934 6.5298934 6.5298934 5.3472443 6.5472436 6.5669293 6.5669293 6.5669293 6.3046064 6.3046064 5.3669295 6.5669293 6.5669293 6.5669293 6.5669293 6.5669293 6.5669293 6.5669293 6.566605 6.566605 6.5669293 6.566605 6.566605 6.5669293 6.5669293 6.3046064 6.3046064 6.566605 6.566605 6.5669293 6.542707 6.542707 6.542707 6.5669293 6.0094485 5.9910607 6.0094485 5.9910607 5.9910607 5.9910607 5.7612267 5.7612267 5.7612267 6.0094485 6.0094485
6.5298934 6.5472436 6.5472436 6.5472436 6.5472436 6.5472436 5.3472443 5.3472443 5.3472443 6.3067975 6.3067975 6.3067975 5.3472443 5.3472443 5.3472443 5.3472443 6.5298934 6.5298934 6.3067975 6.3067975 6.3067975 6.542707 6.542707 6.542707 6.542707 6.542707 5.3669295 6.5669293 6.5669293 6.5669293 6.566605 6.566605 6.5669293 6.566605 6.566605 6.566605 6.5669293 6.566605 6.5669293 6.5669293 6.5669293 6.566605 6.5669293 6.566605 6.566605 6.542707 6.542707 6.542707 6.542707 5.9910607 5.9910607 5.9910607 5.9910607 5.9910607 5.9910607 5.9910607 5.9910607 5.7612267 5.7612267 5.7612267 6.009449
6.5472436 6.5472436 6.5472436 6.5472436 6.5472436 6.5472436 5.3472443 5.3472443 5.3472443 5.3472443 5.3472443 5.3472443 5.3472443 5.3472443 5.3472443 5.3472443 6.3067975 6.3067975 6.3067975 6.3067975 6.3067975 6.3046064 6.3046064 6.542707 6.542707 6.542707 6.542707 6.542707 6.542707 6.542707 6.566605 6.566605 6.566605 6.566605 6.5669293 6.5669293 6.5669293 6.566605 6.566605 6.5669293 6.5669293 6.566605 6.542707 6.542707 6.542707 6.542707 6.542707 6.542707 6.5669293 6.5669293 5.9910607 5.9910607 5.7612267 5.7612267 5.7612267 5.7612267 5.7612267 5.7612267 5.9910607 5.9910607 6.009449
6.5472436 6.5472436 5.3472443 5.3472443 5.3472443 5.3472443 5.3472443 5.3472443 5.3472443 5.3472443 5.3472443 5.3472443 5.3472443 6.3067975 6.5472436 6.5472436 6.3067975 5.8196907 6.3067975 6.3067975 6.3067975 6.3046064 6.3046064 5.3669295 5.3669295 5.3669295 5.3669295 6.5669293 6.5669293 6.542707 6.542707 6.542707 6.542707 6.542707 6.542707 6.542707 6.542707 6.542707 6.542707 6.542707 6.542707 6.542707 6.542707 6.542707 6.542707 6.542707 6.542707 6.542707 6.566605 6.566605 5.9910607 5.9910607 5.9910607 5.7612267 5.7612267 5.7612267 5.7612267 5.7612267 5.7612267 5.7612267 6.009449
6.5472436 6.5472436 6.5472436 6.5472436 6.3067975 6.3067975 6.3067975 5.3472443 5.3472443 6.3067975 6.3067975 6.3067975 5.3472443 6.3067975 6.3067975 6.3067975 6.3067975 5.8196907 5.8196907 6.3067975 6.3067975 5.7612267 6.3046064 5.3669295 5.3669295 5.3669295 5.3669295 6.566605 6.566605 6.5669293 6.5669293 6.542707 6.542707 6.5669293 6.5669293 6.5669293 6.5669293 6.542707 6.542707 6.542707 6.542707 6.542707 6.542707 6.542707 6.542707 6.542707 6.542707 6.566605 6.566605 6.566605 5.9910607 5.9910607 5.9910607 5.7612267 5.7612267 5.7612267 5.7612267 5.7612267 5.7612267 5.7612267 6.009449
6.5472436 6.5472436 6.5472436 6.3067975 6.3067975 5.8196907 6.3067975 6.3067975 6.3067975 6.3067975 6.3067975 6.3067975 6.3067975 6.3067975 6.3067975 5.8196907 5.8196907 5.8196907 5.8196907 6.3067975 6.3067975 5.7612267 5.7612267 6.3046064 5.3669295 5.3669295 5.3669295 6.566605 6.566605 6.3046064 5.3669295 5.3669295 6.542707 6.542707 6.5669293 6.5669293 6.5669293 6.5669293 6.542707 6.542707 6.542707 6.542707 6.542707 6.542707 6.542707 6.542707 6.542707 5.3669295 5.9910607 5.7612267 5.7612267 5.9910607 5.9910607 5.7612267 5.7612267 5.7612267 5.7612267 6.0094485 5.7612267 5.7612267 5.7612267
6.5472436 6.5472436 6.5472436 6.3067975 5.8196907 5.8196907 6.3067975 6.3067975 6.3067975 6.3067975 6.3067975 6.3067975 6.3067975 6.3067975 6.3067975 6.3067975 5.8196907 5.8196907 5.8196907 6.3067975 6.3067975 6.3046064 5.7612267 6.3046064 5.3669295 5.3669295 5.3669295 6.5669293 6.3046064 6.3046064 6.542707 5.3669295 5.3669295 6.542707 6.5669293 6.5669293 6.5669293 6.542707 6.542707 6.542707 6.542707 6.542707 6.542707 6.566605 6.566605 6.542707 6.542707 6.566605 5.9910607 5.7612267 5.7612267 5.9910607 6.009447 6.009447 6.009447 5.9910607 5.9910607 5.9910607 5.7612267 5.7612267 5.7612267
6.5298934 6.5298934 6.5472436 6.3067975 6.3067975 6.3067975 6.3067975 6.3067975 6.3067975 6.3067975 6.3067975 5.3472443 5.3472443 5.3472443 6.3067975 6.3067975 6.3067975 6.3067975 6.3067975 6.3067975 6.5472436 6.566605 6.5669293 5.3669295 5.3669295 5.3669295 5.3669295 5.3669295 6.3046064 6.3046064 6.542707 6.542707 6.5669293 6.542707 6.5669293 6.5669293 6.542707 6.542707 6.542707 6.542707 6.542707 6.542707 6.542707 6.542707 6.542707 6.566605 6.566605 6.566605 5.9910607 6.009447 5.9910607 5.9910607 6.009447 6.009447 5.9910607 5.9910607 5.9910607 5.9910607 5.9910607 5.7612267 5.7612267
6.3067975 6.3067975 6.3067975 6.3067975 6.3067975 6.3067975 6.3067975 6.3067975 6.3067975 6.3067975 6.3067975 5.3472443 5.3472443 5.3472443 5.3472443 5.3472443 6.3067975 5.8196907 6.3067975 6.5472436 6.5472436 6.5669293 6.5669293 5.3669295 5.3669295 5.3669295 6.5669293 5.3669295 6.3046064 6.3046064 6.542707 6.5669293 6.5669293 6.542707 6.5669293 6.542707 6.542707 6.542707 6.542707 6.542707 6.542707 6.542707 6.5669293 6.3046064 6.3046064 6.3046064 6.542707 6.566605 6.5669293 6.009447 6.009447 6.542707 6.5669293 6.009447 6.542707 6.009449 5.9910607 6.009447 5.9910607 6.5669293 6.566605
6.3067975 6.3067975 6.3067975 6.3067975 6.5298934 6.5298934 6.5298934 6.3067975 6.3067975 6.3067975 5.3472443 5.3472443 5.3472443 5.3472443 5.3472443 6.5472436 6.5472436 5.8196907 6.3067975 6.5472436 6.5472436 6.566605 6.566605 5.3669295 5.3669295 5.3669295 6.5669293 5.3669295 6.3046064 6.3046064 6.3046064 5.3669295 6.542707 6.542707 6.542707 6.542707 6.5669293 6.542707 6.3046064 6.3046064 6.3046064 6.3046064 6.3046064 6.3046064 6.3046064 6.3046064 6.3046064 6.566605 6.5669293 6.5669293 6.5669293 6.5669293 6.5669293 6.5669293 6.5669293 5.7612267 5.7612267 6.566605 6.5669293 6.566605 6.566605
6.3067975 6.5472436 6.5472436 6.5472436 6.5472436 6.5298934 6.5298934 6.3067975 6.3067975 6.3067975 6.3067975 5.3472443 5.3472443 5.3472443 5.3472443 6.5472436 6.5472436 6.5472436 6.5472436 6.5472436 6.5472436 6.566605 6.566605 5.3669295 5.3669295 6.5669293 6.5669293 6.5669293 6.3046064 6.3046064 6.3046064 5.3669295 6.542707 6.542707 6.542707 6.5669293 6.5669293 6.542707 6.3046064 6.3046064 6.3046064 6.3046064 6.3046064 6.3046064 6.3046064 6.3046064 6.3046064 6.566605 6.5669293 6.5669293 6.5669293 6.5669293 6.5669293 6.566605 6.3046064 6.3046064 6.3046064 6.5669293 6.566605 6.566605 6.566605
6.5472436 6.5472436 6.5472436 6.5472436 6.5298934 6.5298934 6.3067975 6.3067975 6.3067975 6.3067975 6.3067975 5.3472443 5.3472443 5.3472443 5.3472443 5.3472443 5.3472443 5.3472443 5.3472443 5.3472443 5.3472443 5.3669295 5.3669295 5.3669295 6.566605 6.566605 6.566605 6.566605 6.5669293 6.5669293 6.542707 6.3046064 6.542707 5.3669295 6.5669293 6.5669293 6.5669293 6.566605 6.566605 6.3046064 6.3046064 6.3046064 6.3046064 6.3046064 6.3046064 6.3046064 6.3046064 6.3046064 6.5669293 6.5669293 6.5669293 6.5669293 6.5669293 6.566605 6.5669293 6.5669293 6.5669293 6.5669293 6.5669293 6.566605 6.5669293
6.5472436 6.5472436 6.5472436 6.5472436 6.5298934 6.5298934 5.3472443 6.3067975 6.3067975 6.3067975 6.3067975 5.3472443 5.3472443 5.3472443 5.3472443 5.3472443 5.3472443 5.3472443 5.3472443 6.5298934 6.5298934 5.3669295 6.5669293 5.3669295 6.566605 6.566605 6.566605 6.566605 6.566605 6.566605 6.3046064 6.3046064 6.5669293 5.3669295 5.3669295 6.566605 6.566605 6.566605 6.566605 6.3046064 6.3046064 6.3046064 6.3046064 6.3046064 6.3046064 6.3046064 6.3046064 6.3046064 6.5669293 6.5669293 6.5669293 6.5669293 6.5669293 6.566605 6.566605 6.5669293 6.5669293 6.5669293 6.5669293 6.5669293 6.566605
6.5472436 6.5472436 6.5472436 6.5472436 6.5472436 6.5472436 6.5472436 6.5472436 6.3067975 6.3067975 5.3472443 5.3472443 5.3472443 5.3472443 5.3472443 5.3472443 5.3472443 5.3472443 5.3472443 6.5298934 6.5298934 6.5669293 6.5669293 6.542707 6.542707 6.566605 6.566605 6.566605 6.566605 6.566605 6.3046064 6.3046064 6.566605 6.566605 5.3669295 6.566605 6.566605 6.566605 6.3046064 6.3046064 6.3046064 6.3046064 6.3046064 6.3046064 6.3046064 6.3046064 6.3046064 6.3046064 6.542707 6.5669293 6.5669293 6.5669293 6.542707 6.542707 6.542707 6.542707 6.5669293 6.5669293 6.5669293 5.3669295 6.566605
6.307087 6.307087 6.307087 6.307087 6.307087 6.307087 6.307087 6.307087 6.0774755 6.0774755 6.307087 6.2891574 6.2891574 5.107086 5.107086 6.307087 6.307087 6.307087 6.307087 6.3070865 6.2891574 6.0893164 6.0893164 6.0893164 6.0893164 6.1181097 6.1181097 6.1181097 6.1172705 6.1172705 6.1181097 5.8652086 6.0893164 6.0893164 4.9781103 4.9781103 6.1172705 6.1172705 5.8652086 5.8652086 5.8652086 5.8652086 5.8652086 5.8652086 5.8652086 5.8652086 5.3157525 5.8652086 5.8652086 6.1181097 6.1181097 6.1181097 6.0893164 6.0893164 6.0893164 6.0893164 6.0893164 6.1181097 6.1181097 4.9781103 6.0893164
6.307087 6.307087 6.307087 6.0774755 6.0774755 6.307087 6.307087 6.2891574 6.307087 6.307087 6.307087 6.2891574 6.3070865 5.107086 5.107086 6.307087 6.307087 6.307087 6.307087 6.3070865 6.2891574 6.0893164 6.0893164 6.0893164 6.0893164 6.0893164 6.0893164 6.0893164 6.1181097 6.1181097 6.1181097 6.1172695 6.0893164 6.0893164 6.1172695 6.1172695 5.8652086 6.1172705 6.1172705 5.8652086 5.8652086 5.8652086 5.8652086 5.8652086 5.8652086 5.8652086 5.3157525 5.8652086 5.8652086 6.0893164 6.1181097 6.1181097 6.0893164 6.1181097 6.0893164 6.0893164 6.1181097 6.1181097 5.8652086 6.1181097 5.509449
6.307087 6.307087 6.307087 6.0774755 6.0774755 6.2891574 6.2891574 6.2891574 6.2891574 6.2891574 6.2891574 6.307087 6.3070865 6.3070865 6.307087 6.307087 6.307087 6.307087 6.3070865 6.3070865 6.3070865 6.0893164 6.0893164 6.0893164 6.0893164 6.0893164 5.498594 6.0893164 6.1181097 6.1181097 6.1181097 6.1172695 5.8652086 5.8652086 6.1172695 6.1172695 4.9781103 4.9781103 5.8652086 5.8652086 5.8652086 5.8652086 5.8652086 5.8652086 5.8652086 5.8652086 5.8652086 5.8652086 5.8652086 6.0893164 5.8652086 5.8652086 6.1181097 6.1181097 6.0893164 6.1181097 6.1181097 4.9781103 5.3157525 5.509449 5.509449
