Export/ASCII/RMeteo_SP_inch/p1/RMeteo_2017_SP4_inch.asc
ncols         660
nrows         338
xllcorner     1476150
yllcorner     5017150
cellsize      100
NODATA_value  -9.9e-20
[rows 243 to 269 of 338, columns 183 to 243 of 660]
4.373272 4.373272 4.373272 4.373272 6.20866 6.20866 6.20866 6.20866 6.20866 6.20866 6.20866 6.20866 6.20866 6.20866 6.20866 6.20866 6.20866 4.373272 4.087633 4.087633 6.20866 6.20866 6.20866 6.20866 5.9188013 5.9188013 5.9188013 5.9188013 6.20866 6.20866 6.20866 6.20866 6.20866 6.20866 6.20866 6.20866 6.20866 6.20866 5.9188013 5.9188013 5.9188013 5.9188013 4.087633 4.087633 5.9188013 1.6667277 1.6861418 1.6861418 6.20866 6.20866 2.7010539 2.7010539 2.7010539 2.7010539 2.6759229 2.6759229 2.8183713 2.8183713 6.141731 6.141731 6.141731
4.373272 4.373272 4.373272 4.373272 4.373272 4.373272 6.20866 6.20866 6.20866 6.20866 5.9188013 5.9188013 6.20866 6.20866 6.20866 6.20866 6.20866 4.373272 4.373272 6.20866 6.20866 6.20866 6.20866 6.20866 6.20866 5.9188013 6.20866 6.20866 6.20866 6.20866 6.20866 6.20866 6.20866 6.20866 6.20866 6.20866 6.20866 6.20866 6.20866 5.9188013 5.9188013 5.9188013 5.9188013 5.9188013 5.9188013 1.6667277 1.6667277 1.6667277 6.20866 6.20866 2.7010539 2.7010539 2.7010539 2.6759229 2.6759229 2.6759229 2.8183713 2.8183713 2.8183713 6.141731 6.141731
4.373272 4.373272 4.373272 4.373272 4.237175 4.373272 4.373272 6.20866 6.20866 6.20866 5.9188013 6.1208105 6.20866 6.20866 6.20866 6.20866 6.20866 6.20866 4.373272 6.20866 6.20866 6.20866 6.20866 6.20866 6.20866 6.20866 6.20866 6.20866 6.20866 6.20866 6.20866 6.20866 6.20866 6.20866 6.20866 6.20866 6.20866 6.20866 6.20866 6.20866 5.9188013 5.9188013 5.133074 5.9188013 5.9188013 1.6667277 1.6667277 1.6667277 1.6861418 6.20866 2.7010539 2.7010539 2.7010539 2.7010539 2.6759229 2.7010539 2.8183713 2.8183713 2.8183713 2.8183713 6.141731
4.373272 4.373272 4.373272 4.373272 4.237175 4.237175 4.373272 4.373272 4.373272 6.20866 6.1208105 6.1208105 6.1208105 6.20866 6.20866 6.1208105 6.1208105 6.20866 6.20866 6.20866 6.20866 6.20866 6.20866 6.20866 6.20866 6.20866 6.20866 6.20866 6.20866 6.20866 6.20866 6.20866 6.20866 6.20866 6.20866 6.20866 6.20866 6.20866 6.20866 6.20866 6.20866 5.9188013 5.9188013 5.9188013 5.9188013 1.6667277 1.6667277 1.6667277 1.6861418 6.20866 6.20866 2.7010539 2.7010539 2.7010539 2.7010539 2.7010539 2.8183713 2.8183713 2.8183713 2.8183713 2.8183713
4.373272 4.373272 4.373272 4.373272 4.373272 4.237175 4.373272 4.373272 4.373272 4.373272 6.1208105 6.1208105 6.20866 6.20866 6.20866 6.1208105 6.1208105 6.20866 6.20866 6.20866 6.20866 6.20866 6.20866 6.20866 6.20866 6.20866 6.20866 6.20866 6.20866 6.20866 6.1208105 6.1208105 6.1208105 6.20866 6.20866 6.20866 6.20866 6.20866 6.20866 6.20866 5.9188013 5.9188013 5.9188013 4.087633 1.6667277 1.6667277 1.6667277 1.6667277 1.6861418 6.20866 6.20866 6.20866 2.7010539 2.7010539 2.7010539 4.237175 4.435538 2.8183713 2.8183713 2.8183713 2.8183713
4.373272 4.373272 4.373272 4.373272 4.373272 4.373272 4.373272 4.373272 4.373272 4.373272 4.373272 6.20866 6.20866 6.20866 6.20866 6.20866 6.20866 6.20866 6.20866 6.20866 6.20866 6.20866 6.20866 6.20866 6.20866 6.20866 6.20866 6.20866 6.20866 6.20866 6.1208105 6.1208105 6.1208105 6.20866 6.20866 6.20866 6.20866 6.20866 6.20866 6.20866 5.9188013 5.9188013 4.087633 4.087633 1.6667277 1.6667277 1.6667277 1.6667277 1.6861418 6.20866 6.20866 2.7010539 2.7010539 2.7010539 2.7010539 4.237175 4.435538 4.435538 2.8183713 2.8183713 2.8183713
4.373272 4.373272 4.373272 4.373272 4.373272 4.373272 4.373272 4.373272 4.373272 4.373272 4.373272 6.20866 6.20866 6.20866 6.20866 6.1208105 6.20866 6.20866 6.20866 6.20866 6.20866 6.20866 6.20866 6.20866 6.20866 6.20866 6.20866 6.20866 6.20866 6.20866 6.1208105 6.1208105 6.1208105 6.20866 6.20866 6.20866 6.20866 6.20866 6.20866 5.9188013 5.9188013 5.9188013 1.6667277 4.087633 1.6667277 1.6667277 1.6667277 1.6667277 1.6667277 6.20866 6.20866 2.7010539 2.7010539 2.7010539 4.373272 4.373272 4.435538 4.435538 2.8183713 2.8183713 2.8183713
4.373272 4.373272 4.373272 4.373272 4.373272 4.373272 4.373272 4.373272 4.373272 4.373272 4.373272 4.373272 6.20866 6.20866 6.1208105 6.1208105 6.20866 6.20866 6.20866 6.20866 6.20866 6.20866 6.20866 6.20866 6.20866 6.20866 6.20866 6.20866 6.20866 6.20866 6.20866 6.20866 6.20866 6.20866 6.20866 6.20866 6.20866 6.20866 6.20866 5.9188013 5.9188013 5.133074 1.6667277 4.087633 4.087633 1.6667277 1.6667277 1.6667277 5.9188013 6.20866 6.20866 6.20866 2.7010539 2.7010539 4.087633 4.373272 4.435538 4.435538 4.435538 2.8183713 2.8183713
3.7314324 4.373272 4.373272 4.373272 4.373272 4.373272 4.373272 4.373272 4.373272 4.373272 4.373272 4.373272 4.373272 6.20866 6.20866 6.1208105 6.1208105 6.20866 6.20866 6.20866 6.20866 6.20866 6.20866 6.20866 6.20866 6.20866 6.20866 6.20866 6.20866 6.20866 6.20866 6.20866 6.20866 6.20866 6.20866 6.20866 6.1208105 6.1208105 1.6830013 1.6861418 1.6861418 1.6861418 1.6667277 1.6667277 1.6667277 1.6667277 1.6861418 6.20866 6.20866 6.20866 6.20866 6.20866 6.20866 6.20866 4.087633 4.087633 4.435538 4.435538 4.435538 4.435538 2.8183713
3.7314324 4.373272 4.373272 4.373272 4.373272 4.373272 4.373272 4.373272 4.373272 4.373272 4.373272 4.373272 4.373272 6.20866 6.20866 6.20866 6.20866 6.20866 5.668661 6.20866 6.20866 6.20866 6.20866 6.20866 6.20866 6.20866 6.20866 6.20866 6.20866 6.20866 6.20866 6.20866 6.20866 6.20866 6.20866 6.20866 6.1208105 1.6830013 1.6830013 1.6861418 1.6861418 1.6861418 1.6667277 1.6667277 1.6667277 1.6861418 1.6861418 6.20866 6.20866 6.20866 6.20866 6.20866 6.20866 6.20866 6.20866 4.373272 4.435538 4.435538 4.435538 4.435538 2.8183713
4.373273 6.20866 6.20866 4.373272 4.373272 4.373272 4.373272 4.373272 4.373272 4.373272 4.373272 4.373272 4.373272 6.20866 6.20866 6.20866 6.20866 6.20866 6.20866 5.668661 6.20866 6.20866 6.20866 6.20866 6.20866 6.20866 6.20866 6.20866 6.20866 6.20866 6.20866 6.20866 6.20866 6.20866 6.20866 6.20866 6.20866 1.6861418 1.6861418 1.6861418 1.6861418 1.6861418 1.6861418 1.6667277 1.6861418 1.6861418 1.6861418 4.373272 6.20866 6.20866 6.20866 6.20866 6.20866 6.20866 6.20866 6.20866 4.435538 4.435538 4.435538 4.435538 2.8183713
4.373272 6.20866 6.20866 6.20866 4.373272 4.373272 4.373272 4.373272 4.373272 4.373272 4.373272 4.373272 4.373272 6.20866 6.20866 6.20866 6.20866 6.20866 5.9188013 5.9188013 5.668661 5.668661 6.20866 6.20866 6.20866 6.20866 6.20866 6.20866 6.20866 6.20866 6.20866 6.20866 6.20866 6.20866 6.20866 6.20866 6.20866 1.6861418 1.6861418 1.6861418 1.6861418 1.6861418 1.6861418 1.6861418 3.7314324 3.7314324 4.373272 4.373272 6.20866 4.373272 4.373272 4.373272 4.373272 4.373272 4.373272 4.373272 4.435538 4.435538 4.435538 4.435538 2.8183713
4.373272 4.373272 6.20866 6.20866 6.20866 4.373272 4.373272 4.373272 4.373272 4.373272 4.373272 4.373272 4.373272 4.373272 6.20866 6.20866 6.1208105 6.1208105 6.1208105 6.1208105 6.1208105 5.668661 6.20866 6.20866 6.20866 6.20866 6.20866 6.20866 6.20866 6.20866 6.20866 6.20866 6.20866 6.20866 6.20866 6.20866 1.6861418 1.6861418 1.6830013 1.6830013 1.6861418 1.6861418 1.6861418 1.6861418 3.7314324 3.7314324 4.373272 4.373272 4.373272 4.373272 4.373272 4.373272 3.9169872 3.9169872 4.373272 4.373272 4.435538 4.435538 4.435538 4.435538 2.8183713
4.373272 3.9169872 5.668661 6.20866 6.20866 6.20866 4.373272 4.373272 4.373272 4.373272 4.373272 4.373272 4.373272 4.373272 6.20866 6.20866 6.1208105 6.1208105 6.1208105 6.1208105 6.20866 5.668661 5.668661 6.20866 6.20866 6.20866 6.20866 6.20866 6.20866 6.20866 6.20866 6.20866 6.20866 6.20866 6.20866 6.20866 1.6861418 1.6861418 1.6861418 1.6830013 1.6861418 1.6861418 1.6861418 1.6861418 4.373272 4.373272 4.373272 4.237175 4.237175 4.373272 4.373272 4.373272 4.373272 4.373272 4.373272 4.087633 4.435538 4.435538 4.435538 4.435538 4.435538
3.9169872 4.373272 4.373272 6.20866 6.20866 6.20866 6.20866 4.373272 4.373272 4.373272 4.373272 4.373272 4.373272 4.373272 4.373272 6.20866 6.20866 6.20866 6.20866 6.20866 6.20866 6.20866 6.20866 6.20866 6.20866 6.20866 6.20866 6.20866 6.20866 6.20866 1.6861418 1.6861418 1.6861418 1.6861418 1.6861418 6.20866 1.6861418 1.6861418 1.6861418 1.6861418 1.6861418 1.6861418 1.6861418 1.6861418 4.373272 4.373272 3.7314324 4.237175 4.237175 4.373272 4.373272 4.373272 4.373272 4.373272 4.087633 4.087633 4.146479 4.146479 4.435538 4.435538 4.296621
4.373272 4.373272 4.373272 6.20866 6.20866 6.20866 6.20866 6.20866 4.373272 4.373272 4.373272 4.373272 4.373272 4.373272 4.373272 6.20866 6.20866 6.20866 6.20866 6.20866 6.20866 6.20866 6.20866 6.20866 6.20866 1.6861418 6.20866 1.6861418 1.6861418 1.6861418 1.6861418 1.6861418 1.6861418 1.6861418 1.6861418 1.6861418 1.6861418 1.6861418 1.6861418 1.6861418 1.6830013 1.6861418 1.6861418 1.6861418 4.373272 4.373272 3.7314324 3.7314324 3.7314324 3.7314324 4.373272 4.373272 4.373272 4.373272 4.087633 4.087633 4.146479 4.146479 4.146479 4.146479 4.296621
6.20866 4.373272 4.373272 4.373272 6.20866 6.20866 6.1208105 6.1208105 6.20866 6.1208105 4.087633 4.087633 4.373272 4.373272 4.373272 4.373272 6.20866 6.20866 6.20866 6.20866 6.20866 6.20866 6.20866 6.20866 6.20866 1.6861418 1.6861418 1.6861418 1.6861418 1.6861418 1.6861418 1.6861418 1.6861418 1.6861418 1.6861418 1.6861418 1.6861418 1.6861418 1.6861418 1.6830013 1.6830013 1.6861418 1.6861418 1.6861418 4.373272 3.7314324 3.7314324 3.7314324 3.7314324 3.7314324 4.373272 4.373272 4.373273 4.373272 4.087633 4.087633 4.146479 4.146479 4.146479 4.146479 5.866855
6.370078 4.541299 4.541299 4.541299 6.370078 6.370078 6.2805634 6.2805634 6.2805634 6.2805634 4.402857 4.251549 4.541299 4.541299 4.541299 4.541299 6.370078 6.370078 6.370078 6.370078 6.370078 6.370078 6.370078 6.370078 6.370078 6.370078 1.8316542 1.8316542 1.8316542 1.8316542 1.8316542 1.8316542 1.8316542 1.8316542 1.8316542 1.8316542 1.8316542 1.8316542 1.8316542 1.8228328 1.8228328 1.8316542 1.8316542 4.541299 4.541299 3.8891823 3.8891823 3.8891823 3.8891823 4.251549 4.541299 4.497303 4.497303 4.251549 4.251549 4.251549 4.146787 4.146787 4.146787 5.8468585 5.8468585
6.370078 4.541299 4.541299 4.541299 4.541299 6.370078 6.370078 6.2805634 4.402857 6.2805634 6.2805634 6.370078 4.541299 4.541299 4.541299 4.541299 6.370078 6.370078 6.370078 6.370078 6.370078 6.370078 6.370078 6.370078 6.370078 6.370078 1.8316542 1.8316542 1.8316542 1.8316542 1.8228328 1.8316542 1.8316542 1.8316542 1.8316542 1.8316542 1.8316542 1.8316542 1.8316542 1.8316542 1.8316542 1.8316542 1.8316542 4.541299 4.541299 4.541299 4.541299 4.541299 4.541299 4.251549 4.251549 4.541298 4.541298 4.251549 4.251549 4.251549 4.146787 4.146787 4.146787 5.8468585 5.8468585
6.370078 4.541299 4.541299 4.541299 4.541299 4.541299 6.2805634 6.2805634 6.2805634 6.2805634 6.370078 6.370078 6.370078 4.541299 4.541299 4.541299 4.541299 6.370078 6.370078 6.370078 6.370078 6.370078 6.370078 6.2805634 6.2805634 6.370078 1.8316542 1.8316542 1.8316542 1.8316542 1.8316542 1.8228328 1.8316542 1.8316542 1.8316542 1.8316542 1.8316542 1.8316542 1.8316542 1.8316542 1.8316542 1.8316542 1.8316542 4.541299 4.541299 4.541299 4.541299 4.541299 4.541299 4.251549 4.251549 4.541298 4.251549 4.251549 4.251549 4.251549 4.146787 4.146787 4.146787 5.8468585 5.8468585
6.370078 4.541299 4.541299 4.541299 4.541299 4.541299 4.541299 4.541299 6.370078 6.370078 6.370078 6.370078 6.370078 6.370078 4.541299 4.541299 4.541299 6.370078 6.370078 6.370078 6.370078 6.370078 6.370078 6.2805634 6.2805634 6.370078 6.370078 1.8316542 1.8316542 1.8316542 1.8316542 1.8316542 1.8316542 1.8316542 1.8316542 1.8316542 1.8316542 1.8316542 1.5824033 1.8316542 1.8316542 1.8316542 1.8316542 4.541299 4.541299 4.541299 4.541299 4.541299 4.541299 4.541299 4.251549 4.251549 4.251549 4.251549 4.251549 4.251549 4.146787 4.146787 5.8468585 5.080509 6.149606
6.370078 4.541299 4.541299 4.541299 4.541299 4.541299 4.541299 4.541299 6.370078 6.370078 6.370078 6.370078 6.370078 6.370078 6.370078 4.541299 4.541299 6.370078 6.370078 6.0774727 6.0774727 5.2899446 6.0774727 6.0774727 6.2805634 6.370078 6.370078 1.8316542 1.8316542 1.8316542 1.8316542 1.8316542 1.8316542 1.8316542 1.8316542 1.8316542 1.8316542 1.8316542 1.5824033 1.8316542 1.8316542 1.8316542 1.8316542 4.541299 4.541299 4.541299 4.541299 4.541299 4.541299 4.541299 4.541299 4.251549 4.251549 4.251549 6.0774727 6.0774727 4.146787 5.8468585 5.8468585 6.149606 6.149606
6.2805634 4.541299 4.541299 4.541299 4.541299 4.541299 4.541299 4.541299 6.2805634 6.2805634 6.370078 6.370078 6.370078 5.2899446 5.2899446 3.8891823 4.541299 4.251549 6.0774727 6.0774727 6.0774727 6.0774727 6.0774727 6.0774727 6.0774727 6.370078 6.370078 1.8316542 1.8316542 1.8316542 1.8316542 1.8316542 1.8316542 1.8316542 1.8316542 1.8316542 1.8316542 1.8316542 1.8316542 1.8316542 1.8316542 1.8316542 1.8316542 4.402857 4.402857 4.541299 4.541299 4.541299 4.541299 4.541299 4.541299 4.251549 4.251549 6.0774727 6.0774727 6.2805634 5.8468585 5.8468585 5.8468585 6.149606 6.149606
6.2805634 4.541299 4.541299 4.541299 4.541299 4.541299 4.541299 4.541299 6.2805634 6.2805634 6.370078 6.370078 6.370078 5.2899446 5.2899446 5.2899446 3.8891823 4.251549 6.0774727 6.0774727 4.251549 6.0774727 6.0774727 6.370078 6.370078 6.370078 6.370078 6.370078 1.8316542 1.8316542 1.8316542 1.8316542 1.8316542 1.8316542 1.8316542 1.8316542 1.8316542 1.8316542 1.8316542 1.8316542 1.8316542 1.8316542 4.541299 4.402857 4.402857 4.541299 4.541299 4.541299 4.402857 4.402857 4.541299 4.541299 4.251549 5.2899446 5.2899446 6.370078 6.149606 6.149606 6.149606 6.149606 6.149606
6.370078 4.541299 4.541299 4.541299 4.541299 4.541299 4.541299 4.541299 4.541299 6.370078 6.370078 6.370078 6.370078 5.2899446 5.2899446 5.2899446 3.8891823 3.8891823 4.251549 6.0774727 6.0774727 6.0774727 6.0774727 6.370078 6.370078 6.370078 6.370078 6.370078 6.370078 1.8316542 1.8316542 1.8316542 1.8316542 1.8316542 1.8316542 1.8316542 1.8316542 1.8316542 1.8316542 1.8316542 1.8316542 1.8316542 1.8316542 4.541299 4.541299 4.541299 4.541299 4.402857 4.402857 4.402857 4.541299 4.541299 4.251549 4.251549 5.2899446 6.370078 6.149606 6.0504165 6.149606 6.149606 6.149606
6.370078 4.541299 4.541299 4.541299 4.541299 4.541299 4.541299 4.541299 4.541299 4.541299 6.370078 6.370078 5.2899446 5.2899446 5.2899446 3.8891823 3.8891823 3.8891823 3.8891823 6.0774727 6.0774727 6.370078 6.370078 6.370078 6.370078 6.370078 6.370078 6.370078 6.370078 1.8316542 1.8316542 1.8316542 1.8316542 1.8316542 1.8316542 1.8316542 1.8316542 1.8316542 1.8316542 1.8316542 1.8316542 1.8316542 1.8316542 4.541299 4.541299 4.541299 4.541299 4.541299 4.402857 4.541299 4.541299 4.541299 4.541299 4.251549 4.251549 6.370078 6.149606 6.0504165 6.0504165 6.149606 6.149606
6.370078 6.370078 4.541299 4.541299 4.541299 4.541299 4.541299 4.541299 4.541299 4.541299 6.370078 6.370078 5.2899446 5.2899446 5.2899446 5.2899446 5.2899446 3.8891823 3.8891823 6.370078 6.370078 6.370078 6.370078 6.370078 6.370078 6.370078 6.370078 6.370078 6.370078 1.8316542 1.8316542 1.8316542 1.8316542 1.8316542 1.8316542 1.8316542 1.8316542 1.8316542 1.8316542 1.5824033 1.5824033 1.8316542 1.8228328 4.541299 4.541299 4.541299 4.541299 4.541299 4.541299 4.541299 4.541299 4.541299 4.541299 4.541299 4.251549 6.0774727 6.149606 6.0504165 6.149606 6.149606 6.149606
