Export/ASCII/RMeteo_SP_inch/p1/RMeteo_2018_SP4_inch.asc
ncols         660
nrows         338
xllcorner     1476100.0
yllcorner     5017100.0
cellsize      100
NODATA_value  -9.9e-20
[rows 308 to 335 of 338, columns 372 to 433 of 660]
6.8630824 6.8630824 6.189517 6.8630824 6.8630824 6.8630824 6.8630824 6.8630824 6.8630824 6.8630824 6.8630824 9.236784 9.236784 9.236784 9.236784 6.5039144 6.5039144 6.5039144 6.5039144 6.5039144 4.238892 9.236784 6.5039144 6.5039144 5.4418435 5.4418435 6.824678 6.824678 6.824678 6.824678 6.824678 6.824678 6.824678 6.824678 6.824678 6.824678 6.824678 6.824678 6.824678 6.824678 6.824678 8.920368 4.184592 4.184592 4.184592 4.184592 4.184592 4.184592 6.824678 4.184592 4.184592 4.184592 8.920368 8.920368 8.920368 8.920368 8.920368 8.920368 8.920368 8.920368 8.920368 8.920368
6.8630824 6.8630824 6.8630824 6.189517 6.189517 6.8630824 6.8630824 6.8630824 6.8630824 6.8630824 6.8630824 6.8630824 9.236784 9.236784 9.236784 9.236784 6.5039144 6.5039144 7.9057546 7.9057546 4.238892 6.5039144 6.5039144 5.4766293 3.859631 6.824678 6.824678 6.824678 6.824678 6.824678 6.824678 6.824678 6.824678 6.824678 6.824678 6.824678 6.824678 6.824678 6.346516 6.346516 6.346516 7.756533 8.920368 8.920368 8.920368 6.824678 6.824678 6.824678 6.824678 6.824678 4.184592 4.184592 4.184592 4.184592 8.920368 8.920368 8.920368 8.920368 8.920368 8.920368 8.920368 8.920368
6.8630824 6.8630824 6.8630824 6.8630824 6.8630824 6.8630824 6.8630824 6.8630824 6.8630824 6.8630824 6.8630824 6.8630824 6.8630824 6.8630824 6.402537 7.9057546 9.236784 7.9057546 7.9057546 9.236784 9.236784 3.9133217 5.4766293 5.4766293 3.859631 6.824678 6.824678 6.1489162 5.4418435 5.4418435 6.824678 6.824678 6.824678 6.824678 6.824678 6.824678 6.824678 6.824678 6.6471744 6.6471744 8.28979 7.756533 8.920368 8.920368 6.824678 6.824678 6.824678 6.824678 6.824678 6.824678 4.184592 4.184592 4.184592 4.184592 8.920368 8.920368 8.920368 8.920368 8.920368 7.756533 7.756533 8.28979
6.8630824 6.8630824 6.8630824 6.8630824 6.8630824 6.8630824 6.8630824 6.8630824 6.8630824 6.8630824 6.8630824 6.8630824 6.8630824 6.8630824 4.112335 6.402537 6.8630834 9.236784 7.9057546 9.236784 9.236784 4.238892 5.4766293 3.9133217 3.859631 6.824678 6.824678 6.1489162 5.4418435 5.4418435 5.4418435 5.4418435 6.346516 6.346516 6.824678 6.824678 6.824678 6.824678 6.6471744 6.6471744 8.28979 8.920368 8.920368 8.920368 6.824678 6.824678 6.824678 6.824678 6.824678 6.824678 6.824678 4.184592 4.184592 4.184592 4.0642347 4.0642347 7.756533 8.28979 7.756533 7.756533 7.756533 8.28979
6.8630824 5.4766293 3.9133217 4.238892 4.238892 6.8630824 6.8630824 6.8630824 6.8630824 6.8630824 6.8630824 6.8630824 4.238892 4.238892 4.238892 4.238892 4.238892 4.238892 7.9057546 9.236784 6.5039144 5.4766293 5.4766293 3.9133217 4.184592 6.824678 6.824678 5.4418435 5.4418435 5.4418435 5.4418435 6.346516 6.346516 6.346516 5.4418435 6.824678 6.824678 6.824678 6.824678 8.920368 8.920368 8.920368 8.920368 8.920368 6.824678 6.824678 6.824678 6.824678 6.824678 6.824678 6.824678 6.824678 4.0642347 4.14231 4.0642347 4.0642347 7.756533 8.28979 8.28979 7.756533 6.346516 6.346516
4.238892 3.9133217 3.9133217 4.238892 4.238892 4.238892 4.238892 4.238892 4.238892 4.238892 4.238892 4.238892 4.238892 4.238892 4.238892 4.238892 4.112335 4.112335 7.9057546 6.5039144 3.9133217 5.4766293 5.4766293 4.238892 4.184592 6.824678 6.824678 5.4418435 5.4418435 6.346516 6.346516 6.346516 6.824678 5.4418435 5.4418435 6.824678 6.824678 6.824678 6.824678 8.920368 8.920368 8.920368 8.920368 8.920368 6.824678 6.824678 6.824678 6.824678 6.824678 6.824678 6.824678 6.824678 6.346516 6.346516 4.0642347 4.0642347 4.0642347 4.14231 4.14231 6.6471744 6.346516 6.824678
3.9133217 3.9133217 5.4766293 6.8630834 4.238892 4.238892 4.238892 4.238892 4.238892 4.238892 4.238892 4.238892 4.238892 4.238892 4.238892 4.112335 4.112335 4.238892 4.238892 4.112335 3.9133217 3.9133217 3.9133217 4.238892 4.184592 6.824678 6.824678 5.4418435 5.4418435 6.346516 6.6471744 6.6471744 6.6471744 6.824678 5.4418435 5.4418435 6.824678 6.824678 6.824678 6.824678 6.824678 8.920368 6.824678 6.824678 6.824678 6.824678 6.824678 6.824678 6.824678 6.824678 6.824678 6.824678 6.346516 6.346516 6.346516 6.346516 4.184592 4.184592 4.184592 6.6471744 6.824678 6.824678
3.7262237 3.7262237 3.7262237 3.7262237 4.238892 4.238892 4.238892 4.238892 4.238892 4.238892 4.238892 4.238892 4.238892 4.238892 4.238892 4.112335 4.112335 4.238892 4.112335 4.112335 4.112335 3.9133217 3.9133217 4.238892 4.184592 6.824678 6.824678 5.4418435 5.4418435 6.346516 6.6471744 6.6471744 6.6471744 6.824678 5.4418435 5.4418435 5.4418435 6.346516 6.346516 6.824678 6.824678 6.824678 6.824678 6.824678 6.824678 6.824678 6.824678 6.824678 6.824678 6.824678 6.824678 6.824678 6.346516 6.346516 6.346516 6.824678 6.824678 4.184592 4.184592 6.824678 6.824678 6.824678
3.7262237 3.7262237 3.7262237 3.7262237 3.7262237 4.238892 4.238892 4.238892 4.238892 4.238892 4.238892 4.238892 4.238892 4.238892 4.112335 4.112335 4.238892 4.238892 4.112335 4.112335 4.238892 4.112335 4.112335 4.112335 6.346516 5.4418435 5.4418435 5.4418435 6.346516 6.346516 6.6471744 6.6471744 6.6471744 5.4418435 6.346516 6.346516 6.346516 6.346516 6.346516 6.824678 6.824678 6.824678 6.824678 6.824678 6.824678 6.824678 6.824678 6.824678 6.824678 6.824678 6.824678 6.824678 6.346516 6.346516 6.346516 6.824678 6.824678 6.824678 4.184592 4.184592 6.824678 6.824678
3.7262237 3.7262237 3.7262237 4.238892 4.238892 4.238892 4.238892 4.238892 4.238892 4.238892 4.238892 4.238892 4.238892 4.238892 4.112335 4.238892 4.238892 4.238892 4.112335 4.238892 4.238892 4.238892 4.238892 4.238892 6.346516 6.346516 6.6471744 6.6471744 6.346516 5.4418435 5.4418435 5.4418435 5.4418435 6.346516 6.346516 6.346516 6.824678 6.824678 6.824678 6.824678 6.824678 6.824678 6.824678 6.824678 6.824678 6.824678 6.824678 6.824678 6.824678 6.824678 6.824678 6.824678 6.346516 6.346516 6.346516 6.824678 6.824678 6.824678 6.824678 6.824678 6.824678 6.824678
4.238892 4.238892 4.238892 4.238892 4.238892 6.8630824 4.238892 4.238892 4.238892 4.238892 4.238892 4.238892 4.238892 4.112335 4.112335 4.238892 4.238892 4.112335 4.112335 4.238892 4.238892 4.238892 4.238892 6.8630824 6.346516 6.346516 6.6471744 6.6471744 6.346516 6.824678 6.824678 5.4418435 5.4418435 6.824678 6.824678 6.824678 6.824678 6.824678 6.824678 6.824678 6.824678 6.824678 6.824678 6.824678 6.824678 6.824678 6.824678 6.824678 6.824678 6.824678 6.824678 6.824678 6.824678 6.824678 6.824678 6.824678 6.824678 6.824678 6.824678 6.824678 6.824678 6.824678
4.238892 4.238892 6.8630824 6.8630824 9.236784 9.236784 4.238892 4.238892 4.238892 4.238892 4.194576 4.194576 4.194576 4.112335 4.112335 4.238892 4.238892 4.112335 4.238892 4.238892 4.238892 4.238892 4.238892 6.402537 6.346516 6.346516 6.824678 6.824678 6.824678 6.824678 6.824678 6.824678 6.824678 6.824678 6.824678 6.824678 6.824678 6.824678 6.824678 6.824678 6.824678 6.824678 6.824678 6.824678 6.824678 6.824678 6.824678 6.824678 6.824678 6.824678 6.824678 6.824678 6.824678 6.824678 6.824678 6.824678 6.824678 6.824678 6.824678 6.824678 6.824678 4.184592
4.238892 6.8630824 6.8630824 9.236784 9.236784 9.236784 4.238892 4.238892 4.238892 6.402537 4.194576 4.194576 4.194576 4.112335 4.112335 4.238892 4.112335 4.112335 4.238892 4.238892 4.238892 4.112335 4.112335 4.112335 6.346516 6.346516 6.346516 6.824678 6.824678 6.824678 6.824678 6.824678 6.824678 6.824678 6.824678 6.824678 6.824678 6.824678 6.824678 6.824678 6.824678 6.824678 6.824678 6.7869897 4.17732 4.184592 6.824678 6.824678 6.824678 6.824678 6.824678 6.824678 6.824678 6.824678 6.824678 6.824678 6.824678 6.824678 6.824678 6.824678 6.6471744 6.6471744
4.238892 4.238892 4.238892 9.236784 9.236784 9.236784 4.238892 4.238892 4.238892 4.238892 4.112335 4.112335 4.112335 4.112335 4.112335 4.112335 4.112335 4.112335 4.238892 4.238892 4.238892 4.112335 4.112335 6.402537 6.346516 6.346516 6.346516 6.824678 6.824678 6.824678 6.824678 6.824678 6.824678 6.824678 6.824678 6.824678 6.824678 6.824678 6.6471744 6.6471744 6.6471744 6.824678 6.824678 4.17732 4.17732 4.184592 6.824678 6.824678 6.824678 6.824678 6.824678 6.824678 6.824678 6.824678 6.824678 6.824678 6.824678 6.824678 6.824678 6.824678 6.824678 6.824678
4.238892 4.238892 4.238892 4.238892 9.236784 9.236784 4.238892 4.238892 4.238892 4.112335 4.112335 4.112335 4.112335 4.112335 4.194576 4.112335 4.112335 4.238892 4.238892 4.238892 4.238892 4.112335 6.402537 6.402537 6.346516 6.346516 6.346516 6.824678 6.824678 6.824678 6.824678 6.824678 6.824678 6.824678 6.824678 6.824678 6.6471744 6.824678 6.6471744 6.6471744 6.6471744 6.824679 6.7869897 4.17732 4.17732 4.17732 6.824678 6.824678 6.824678 6.824678 6.824678 6.824678 6.824678 6.824678 6.824678 6.824678 6.824678 6.824678 6.824678 6.824678 6.824678 6.824678
4.194576 4.238892 4.238892 4.238892 4.238892 4.238892 9.236784 4.238892 4.238892 4.238892 4.238892 4.238892 4.238892 3.9133217 3.9133217 4.112335 4.112335 4.112335 4.112335 4.238892 4.238892 4.112335 4.112335 6.402537 6.346516 6.346516 6.346516 6.346516 5.4418435 6.824678 5.4418435 6.824678 6.824678 6.824678 6.824678 6.824678 6.6471744 6.824678 6.824679 6.6471744 6.6471744 6.824679 6.7869897 4.17732 4.17732 4.17732 4.184592 6.824678 6.824678 6.824678 6.824678 6.824678 6.824678 6.824678 6.824678 6.824678 6.824678 6.824678 6.824678 6.824678 6.824678 6.1489162
4.194576 4.238892 4.238892 4.238892 4.238892 4.238892 9.236784 4.238892 4.238892 4.238892 4.238892 4.238892 3.9133217 3.9133217 3.9133217 3.9133217 4.112335 4.112335 3.7262237 4.238892 4.2308292 4.2308292 4.112335 6.402537 6.346516 6.346516 4.0642347 4.0642347 5.4418435 6.346516 6.346516 6.6471744 5.4418435 5.4418435 5.4418435 6.824678 6.824678 6.824678 6.824679 6.824679 6.824679 6.824679 6.7869897 6.7869897 4.17732 4.184592 4.184592 6.824678 6.824678 6.824678 6.824678 6.824678 6.824678 6.824678 6.824678 6.824678 6.824678 6.824678 6.6471744 6.6471744 6.824678 6.1489162
4.238892 4.238892 4.238892 4.238892 4.238892 4.238892 9.236784 9.236784 9.236784 3.9133217 3.9133217 3.9133217 3.9133217 3.9133217 3.9133217 4.112335 4.112335 4.112335 3.7262237 3.7262237 4.2308292 4.112335 4.112335 6.402537 6.346516 6.346516 6.346516 6.346516 6.346516 6.346516 6.346516 6.6471744 5.4418435 5.4418435 5.4418435 5.4418435 6.1489162 6.824678 6.824678 6.824679 6.824679 6.824679 6.7869897 6.7869897 6.7869897 4.184592 4.184592 6.824678 6.824678 6.824678 6.824678 6.824678 6.824678 6.824678 6.824678 6.824678 6.824678 6.6471744 6.6471744 6.6471744 6.824678 6.1489162
4.238892 4.238892 4.238892 4.238892 4.238892 4.238892 6.5039144 6.5039144 6.5039144 6.5039144 6.5039144 6.5039144 6.5039144 3.9133217 3.9133217 4.112335 3.7262237 3.7262237 3.7262237 3.7262237 4.238892 4.112335 6.402537 6.402537 6.346516 6.346516 6.346516 6.346516 6.346516 6.346516 6.346516 5.4418435 5.4418435 5.4418435 5.4418435 5.4418435 6.824678 6.824678 6.824678 6.824679 6.824679 6.824679 6.824679 6.7869897 6.824678 6.824678 4.184592 6.824678 6.824678 6.824678 6.824678 6.824678 6.824678 6.824678 6.6471744 6.6471744 6.6471744 6.6471744 6.6471744 6.6471744 6.6471744 6.824678
4.238892 4.238892 4.238892 4.238892 4.238892 4.238892 3.9133217 6.5039144 6.5039144 8.497492 8.497492 6.5039144 6.5039144 6.5039144 6.5039144 3.7262237 3.7262237 4.238892 4.238892 4.238892 4.238892 4.112335 6.402537 6.402537 6.346516 6.346516 6.346516 6.346516 6.346516 6.6471744 5.4418435 5.4418435 5.4418435 5.4418435 5.4418435 5.4418435 6.824678 6.1489162 6.824678 6.824678 6.824678 6.824678 6.824679 6.824679 6.824679 6.824678 6.824678 6.824678 6.824678 6.824678 6.824678 6.824678 6.824678 6.824678 6.6471744 6.6471744 6.824678 6.824678 6.824678 6.824678 6.824678 6.824678
4.238892 4.238892 4.238892 4.238892 4.238892 4.238892 3.9133217 6.5039144 6.5039144 8.497492 8.497492 6.5039144 6.5039144 6.5039144 7.9057546 8.483667 3.7262237 3.7262237 4.238892 4.194576 4.112335 6.402537 6.402537 6.402537 6.346516 6.346516 6.346516 6.346516 6.346516 5.4418435 5.4418435 5.4418435 5.4418435 5.4418435 5.4418435 5.4418435 5.4418435 6.1489162 6.824678 6.824678 6.824678 6.824678 6.824678 6.824678 6.824678 6.824678 6.824678 6.824678 6.824678 6.824678 6.824678 6.824678 6.824678 6.824678 6.824678 6.824678 6.824678 6.824678 6.824678 6.824678 6.824678 6.824678
4.238892 4.238892 4.238892 4.238892 4.238892 4.238892 3.9133217 3.9133217 3.9133217 3.9133217 6.5039144 6.5039144 6.5039144 6.5039144 8.483667 8.483667 8.483667 6.8630824 6.8630824 6.7340045 6.402537 6.402537 6.402537 6.402537 6.346516 6.346516 6.346516 6.346516 5.4418435 5.4418435 5.4418435 5.4418435 5.4418435 5.4418435 5.4418435 5.4418435 5.4418435 6.824678 6.824678 6.824678 6.824678 6.824678 6.824678 6.824678 6.824678 6.824678 6.824678 6.824678 6.824678 6.824678 6.824678 6.824678 6.824678 6.824678 6.824678 6.824678 6.824678 6.824678 6.824678 6.824678 6.824678 6.824678
9.236784 4.238892 4.238892 4.238892 4.238892 4.238892 4.238892 3.9133217 3.9133217 3.9133217 3.9133217 6.5039144 6.5039144 7.9057546 8.483667 8.483667 8.483667 6.8630824 6.8630824 6.7340045 6.7340045 6.402537 6.402537 6.402537 6.346516 6.346516 6.346516 6.346516 6.346516 5.4418435 5.4418435 5.4418435 5.4418435 5.4418435 5.4418435 5.4418435 5.4418435 6.824678 6.824678 6.824678 6.824678 6.824678 6.824678 6.824678 6.824678 6.824678 6.824678 6.824678 6.824678 6.824678 6.824678 6.824678 6.824678 6.6471744 6.6471744 6.824678 6.824678 6.824678 6.824678 6.824678 6.346516 6.346516
8.497492 8.497492 4.194576 4.194576 4.238892 4.238892 4.238892 4.238892 4.238892 4.238892 3.9133217 6.5039144 6.402537 6.402537 6.8630824 6.8630824 6.8630824 6.8630824 6.402537 6.7340045 6.7340045 6.402537 6.402537 6.402537 6.346516 6.346516 6.346516 6.346516 6.346516 5.4418435 5.4418435 5.4418435 5.4418435 5.4418435 5.4418435 5.4418435 5.4418435 6.824678 6.824678 6.824678 6.824678 6.824678 6.824678 6.824678 6.824678 6.824678 6.824678 6.824678 6.824678 6.824678 6.824678 6.824678 6.824678 6.6471744 6.6471744 6.824678 6.824678 6.824678 6.824678 6.824678 6.346516 6.346516
8.497492 8.497492 8.497492 4.194576 4.238892 4.238892 4.238892 4.238892 4.238892 4.238892 4.238892 4.238892 6.402537 6.8630824 6.8630824 6.8630824 6.8630824 6.8630824 6.8630834 6.402537 6.402537 6.402537 6.402537 6.402537 6.346516 6.346516 6.346516 6.346516 6.346516 6.346516 6.7869897 6.346516 6.824678 6.824678 6.824678 6.824678 6.824678 6.824678 6.824678 6.824678 6.824678 6.824678 6.824678 6.824678 6.824678 6.824678 6.824678 6.824678 6.824678 6.824678 6.824678 6.824678 6.824678 6.824678 6.824678 6.824678 6.824678 6.824678 6.824678 6.824678 6.346516 6.346516
9.236784 9.236784 9.236784 4.238892 4.238892 4.238892 4.238892 4.238892 4.238892 4.238892 4.238892 6.402537 6.402537 6.8630824 6.8630824 6.8630824 6.8630824 6.8630824 6.8630834 6.402537 6.402537 6.402537 6.402537 6.402537 6.346516 6.346516 6.346516 6.824678 6.824678 6.7869897 6.346516 6.346516 6.346516 6.346516 6.6471744 6.824678 6.824678 6.824678 6.824678 6.824678 6.824678 6.824678 6.824678 6.824678 6.824678 6.824678 6.824678 6.824678 6.824678 6.824678 6.6471744 6.6471744 6.824678 6.824678 6.824678 6.824678 6.824678 6.824678 6.824678 6.824678 6.824678 6.824678
4.238892 9.236784 9.236784 4.238892 4.238892 4.238892 4.238892 4.238892 4.238892 4.238892 4.238892 6.402537 6.8630824 6.8630824 6.8630824 6.8630824 6.8630824 6.8630824 6.402537 6.402537 6.402537 6.402537 6.402537 6.402537 6.824678 6.824678 6.824678 6.824678 6.824678 6.7869897 6.346516 6.346516 6.346516 6.346516 6.6471744 6.6471744 6.6471744 6.824678 6.824678 6.824678 6.824678 6.824678 6.824678 6.824678 6.824678 6.824678 6.824678 6.824678 6.824678 6.346516 6.346516 6.346516 6.824678 6.824678 6.824678 6.824678 6.824678 6.824678 6.824678 6.824678 6.824678 6.824678
4.238892 9.236784 9.236784 4.238892 4.238892 4.238892 4.238892 4.238892 4.238892 4.238892 4.112335 6.402537 6.8630824 6.8630824 6.8630824 6.8630824 6.8630824 6.8630824 6.402537 6.402537 6.402537 6.402537 6.402537 6.8630824 6.824678 6.824678 6.824678 6.824678 6.824678 6.824678 6.346516 6.346516 6.346516 6.346516 6.6471744 6.6471744 6.824678 6.824678 6.824678 6.824678 6.824678 6.824678 6.824678 6.824678 6.824678 6.824678 6.824678 6.824678 6.346516 6.346516 6.346516 6.346516 6.346516 6.824678 6.824678 6.824678 6.824678 6.824678 6.824678 6.824678 6.824678 6.824678
