Export/ASCII/RMeteo_SP_inch/p1/RMeteo_2014_SP3_inch.asc
ncols         660
nrows         338
xllcorner     1476100.0
yllcorner     5017100.0
cellsize      100
NODATA_value  -9.9e-20
[rows 0 to 27 of 338, columns 378 to 440 of 660]
12.1584425 10.705458 10.705458 12.1584425 11.8496 11.8496 11.8496 11.8496 10.583604 10.381198 11.8496 10.848237 9.668592 10.381198 10.381198 10.381198 10.381198 10.381198 9.392047 9.392047 9.392047 9.9962635 9.9962635 9.9962635 11.257499 11.257499 11.257499 11.257499 11.257499 11.257499 9.9962635 9.392047 10.384132 10.384132 10.384132 11.257499 11.257499 11.257499 11.257499 10.384132 9.392047 9.392047 9.392047 9.392047 9.392047 9.392047 9.392047 9.392047 9.392047 9.392047 9.392047 9.392047 9.392047 9.392047 9.392047 9.392047 9.9962635 9.9962635 9.9962635 9.9962635 9.9962635 9.9962635 9.9962635
10.848237 9.668592 10.848237 11.8496 11.8496 12.061587 12.061587 12.061587 12.061587 9.668592 11.8496 11.8496 10.583604 10.381198 10.381198 10.381198 10.381198 10.381198 9.9962635 9.392047 9.392047 9.9962635 9.9962635 11.257499 11.257499 11.257499 11.257499 11.257499 11.257499 11.257499 9.392047 9.392047 10.384132 10.384132 10.384132 11.257499 9.9962635 9.9962635 9.9962635 9.9962635 9.392047 9.392047 9.392047 9.392047 9.392047 9.392047 9.392047 9.392047 9.392047 9.392047 9.392047 9.392047 9.392047 9.392047 9.392047 9.392047 9.392047 9.392047 9.392047 9.392047 9.9962635 9.392047 10.384132
9.668592 9.668592 9.668592 11.8496 11.8496 12.061587 12.061587 12.061587 10.848237 10.848237 10.848237 10.848237 10.583604 11.8496 11.8496 11.8496 10.381198 10.381198 9.9962635 9.9962635 9.9962635 11.257499 11.257499 11.257499 11.257499 11.257499 10.384132 10.384132 9.392047 9.392047 9.392047 9.392047 10.384132 10.384132 10.384132 11.257499 9.9962635 9.9962635 9.9962635 10.1680765 9.392047 9.392047 9.392047 9.392047 9.392047 9.392047 9.392047 9.392047 9.392047 9.392047 9.392047 9.392047 9.392047 9.392047 9.392047 9.392047 9.392047 9.392047 9.392047 9.392047 9.392047 9.392047 10.384132
9.668592 9.668592 9.668592 10.848237 10.848237 10.848237 12.1584425 12.061587 12.061587 12.061587 12.061587 12.061587 12.061587 12.061587 12.061587 11.8496 11.8496 10.381198 9.9962635 9.9962635 9.9962635 11.257499 11.257499 11.257499 11.424972 10.384132 10.384132 10.384132 9.392047 9.392047 9.392047 9.392047 10.384132 10.384132 10.384132 10.384132 11.257499 9.9962635 10.1680765 10.1680765 9.392047 9.392047 9.392047 9.392047 9.392047 9.392047 9.392047 9.392047 9.392047 9.392047 9.392047 9.392047 9.9962635 9.392047 9.392047 9.392047 9.392047 9.392047 9.392047 9.392047 9.392047 9.392047 10.384132
10.848237 10.848237 10.848237 9.668592 9.668592 9.668592 12.1584425 12.061587 12.061587 12.061587 12.061587 12.061587 12.061587 12.061587 12.161418 11.8496 11.8496 11.8496 11.257499 9.9962635 9.9962635 11.257499 11.257499 11.257499 11.424972 10.384132 10.384132 10.384132 10.384132 9.392047 9.392047 9.392047 10.384132 10.384132 11.488189 11.257499 11.257499 9.9962635 10.1680765 10.291698 9.392047 9.392047 9.392047 9.392047 9.392047 9.392047 9.392047 9.392047 9.392047 9.392047 9.392047 9.392047 9.9962635 9.392047 9.392047 9.392047 9.392047 9.392047 9.392047 9.392047 9.392047 11.257499 11.257499
10.848237 10.848237 10.848237 10.705458 12.1584425 12.1584425 12.1584425 10.848237 10.848237 12.061587 12.061587 12.061587 11.8496 11.8496 11.8496 11.8496 11.8496 11.8496 11.257499 9.392047 9.9962635 11.257499 10.384132 11.487508 11.487508 11.487508 11.488189 10.384132 10.384132 10.384132 10.384132 10.384132 10.384132 11.424972 11.424972 11.424972 11.488189 11.488189 9.392047 9.392047 10.1680765 9.9962635 9.392047 9.392047 9.392047 9.392047 9.9962635 9.392047 9.392047 9.392047 9.9962635 9.9962635 9.9962635 9.9962635 9.392047 9.392047 9.392047 9.9962635 9.9962635 9.9962635 11.257499 11.257499 11.257499
12.161418 12.1584425 12.1584425 12.061587 12.061587 12.061587 12.061587 12.061587 10.848237 10.848237 12.061587 10.848237 11.8496 11.8496 10.381198 10.381198 10.381198 11.8496 11.257499 9.392047 9.392047 10.384132 10.384132 11.487508 11.487508 11.487508 11.487508 10.384132 10.384132 10.384132 10.384132 10.384132 10.384132 11.257499 11.424972 11.424972 11.488189 11.488189 11.424972 11.257499 11.257499 11.257499 9.9962635 9.392047 9.392047 9.392047 9.392047 9.9962635 9.9962635 9.9962635 9.9962635 9.9962635 9.9962635 9.9962635 9.9962635 9.9962635 9.9962635 9.9962635 9.392047 9.9962635 11.257499 11.257499 11.424972
12.161418 12.161418 12.161418 12.061587 10.848237 10.848237 12.061587 12.061587 12.061587 10.848237 12.061587 12.061587 11.8496 11.8496 10.381198 11.8496 11.8496 10.381198 9.9962635 9.392047 9.392047 9.392047 10.384132 11.487508 11.487508 11.487508 11.487508 10.384132 10.384132 10.384132 10.384132 10.384132 10.384132 11.257499 11.488189 11.488189 11.257499 11.488189 11.424972 11.257499 11.257499 11.257499 11.257499 9.392047 9.392047 9.392047 9.392047 9.392047 9.392047 9.9962635 9.9962635 9.9962635 9.9962635 9.9962635 9.9962635 9.9962635 9.9962635 9.9962635 9.9962635 9.9962635 11.257499 11.257499 11.424972
10.848237 10.848237 12.161418 12.061587 12.061587 10.848237 12.161418 12.161418 12.161418 11.8496 12.061587 12.061587 12.061587 11.8496 11.8496 11.8496 11.8496 10.381198 9.392047 9.392047 9.392047 9.392047 10.384132 11.487508 11.487508 11.487508 11.487508 10.384132 10.384132 10.384132 10.384132 11.424972 11.424972 10.384132 11.488189 11.488189 11.257499 11.257499 9.8081875 11.257499 10.384132 11.257499 11.257499 9.392047 9.392047 9.392047 9.392047 9.392047 9.9962635 9.9962635 9.9962635 9.9962635 9.9962635 9.9962635 9.9962635 9.9962635 9.9962635 9.9962635 9.9962635 9.9962635 11.257499 11.257499 10.384132
10.848237 11.8496 11.8496 12.061587 12.061587 12.061587 12.161418 12.161418 12.161418 11.8496 12.161418 12.061587 12.061587 11.8496 11.8496 11.8496 11.8496 9.668592 9.392047 9.392047 9.392047 9.392047 9.392047 10.384132 11.487508 11.487508 11.487508 11.257499 10.384132 11.488189 10.384132 10.384132 10.384132 11.257499 11.488189 11.488189 11.257499 11.257499 11.488189 11.257499 11.257499 11.257499 9.392047 9.392047 9.392047 9.392047 9.392047 9.392047 9.9962635 9.9962635 9.9962635 9.9962635 9.9962635 9.9962635 9.9962635 9.9962635 9.9962635 9.9962635 9.9962635 9.9962635 9.9962635 9.9962635 9.392047
11.8496 11.8496 11.8496 12.061587 12.061587 12.061587 12.161418 12.161418 12.161418 12.161418 12.161418 12.161418 12.161418 11.8496 11.8496 10.848237 10.848237 10.848237 10.384132 10.384132 10.384132 10.384132 10.384132 11.257499 10.384132 11.488189 11.488189 11.488189 11.488189 11.488189 11.488189 10.384132 10.384132 11.257499 11.257499 10.384132 10.384132 11.257499 11.488189 11.257499 10.384132 10.384132 10.384132 9.392047 9.392047 9.392047 9.392047 9.392047 9.9962635 9.9962635 9.9962635 11.257499 9.9962635 9.9962635 9.9962635 10.384132 11.257499 11.257499 9.9962635 9.9962635 9.9962635 9.9962635 9.392047
12.161418 12.161418 12.061587 12.061587 12.161418 12.161418 12.161418 12.161418 12.161418 12.161418 12.161418 12.161418 11.8496 11.8496 11.8496 11.8496 9.668592 10.848237 10.384132 11.488189 11.488189 11.488189 11.488189 10.384132 10.384132 11.488189 11.488189 11.488189 11.488189 11.488189 11.488189 11.488189 11.257499 11.257499 10.384132 9.392047 10.384132 10.384132 11.488189 10.384132 10.384132 10.384132 10.384132 10.384132 9.392047 9.392047 9.392047 9.392047 9.9962635 9.9962635 11.257499 11.257499 11.257499 11.257499 11.257499 11.257499 11.257499 11.257499 9.9962635 9.9962635 9.9962635 9.9962635 9.9962635
12.061587 12.161418 12.161418 12.161418 12.161418 12.161418 12.161418 12.161418 12.161418 12.161418 12.161418 11.8496 11.8496 10.381198 10.381198 11.8496 10.848237 10.848237 11.424972 11.488189 11.488189 11.488189 11.488189 11.488189 11.488189 11.488189 11.488189 11.488189 11.488189 11.488189 11.488189 11.488189 11.257499 11.257499 9.392047 9.392047 9.392047 10.384132 10.384132 10.384132 10.384132 11.257499 10.384132 10.384132 10.384132 10.384132 10.384132 9.392047 9.392047 9.9962635 11.257499 11.257499 10.384132 11.257499 11.257499 11.257499 11.257499 11.257499 11.257499 9.9962635 9.9962635 9.9962635 9.9962635
12.061587 10.848237 12.061587 12.061587 12.161418 12.161418 12.161418 12.161418 12.161418 12.161418 11.8496 11.8496 11.8496 11.8496 10.381198 11.8496 11.8496 11.8496 11.257499 11.257499 11.488189 11.488189 11.488189 11.488189 11.488189 11.488189 11.424972 11.424972 11.424972 11.488189 11.488189 11.488189 11.257499 11.257499 9.392047 9.392047 9.392047 9.392047 9.392047 9.392047 9.392047 9.9962635 9.9962635 11.257499 11.257499 10.384132 11.257499 10.384132 10.384132 9.392047 9.392047 10.384132 11.257499 11.257499 11.257499 11.257499 11.257499 11.257499 11.257499 9.9962635 9.9962635 9.9962635 9.9962635
10.848237 10.848237 12.061587 10.848237 12.161418 12.161418 12.161418 12.161418 12.161418 11.8496 11.8496 11.8496 11.8496 11.8496 10.381198 10.381198 11.8496 11.8496 11.257499 11.257499 11.488189 11.257499 11.257499 11.488189 11.488189 11.488189 11.424972 11.424972 11.424972 11.488189 11.488189 11.488189 11.257499 11.257499 9.392047 9.392047 9.392047 9.392047 9.392047 9.392047 9.392047 9.9962635 9.9962635 11.257499 11.257499 11.257499 11.257499 9.9962635 10.384132 10.384132 10.259328 9.392047 9.9962635 9.9962635 11.257499 11.257499 9.9962635 9.9962635 9.9962635 9.9962635 9.9962635 9.9962635 9.9962635
10.848237 10.848237 10.848237 10.848237 12.161418 12.161418 12.161418 12.161418 12.161418 11.8496 10.381198 11.8496 11.8496 10.848237 10.848237 9.668592 10.381198 10.381198 11.257499 11.257499 11.257499 11.257499 11.257499 11.257499 11.488189 11.488189 11.424972 11.257499 11.257499 10.384132 11.257499 11.257499 11.257499 11.257499 9.392047 10.384132 10.384132 9.9962635 9.9962635 9.9962635 9.9962635 9.9962635 9.9962635 9.9962635 9.9962635 9.9962635 9.9962635 9.9962635 11.257499 10.384132 11.257499 10.384132 10.384132 11.257499 9.9962635 11.257499 11.257499 11.257499 11.257499 9.9962635 9.9962635 9.9962635 9.9962635
10.848237 10.848237 9.668592 10.848237 12.161418 12.161418 10.848237 10.848237 11.8496 11.8496 10.381198 11.8496 11.8496 10.848237 10.848237 9.668592 9.668592 10.381198 11.257499 11.257499 11.257499 11.257499 11.257499 11.257499 11.488189 11.488189 11.488189 11.257499 11.257499 10.384132 11.257499 11.257499 11.257499 11.257499 9.9962635 11.257499 11.257499 9.9962635 9.9962635 9.392047 10.384132 9.9962635 9.9962635 9.9962635 9.9962635 9.9962635 9.9962635 9.9962635 11.257499 10.384132 10.384132 10.384132 10.384132 11.424972 11.257499 11.257499 11.257499 11.257499 11.257499 11.257499 11.257499 9.9962635 9.9962635
12.061587 10.848237 10.848237 10.848237 12.161418 12.161418 10.848237 9.668592 11.8496 11.8496 10.381198 10.381198 10.381198 10.381198 9.668592 9.668592 9.668592 10.381198 9.9962635 11.257499 11.257499 11.257499 11.257499 11.257499 11.424972 11.257499 11.257499 11.257499 11.424972 11.424972 10.384132 11.257499 11.257499 11.257499 11.257499 11.257499 11.257499 9.9962635 9.392047 10.384132 10.384132 9.392047 9.9962635 9.9962635 9.9962635 9.9962635 9.9962635 9.9962635 9.9962635 11.257499 10.384132 9.8081875 11.488189 11.424972 11.424972 11.257499 11.257499 11.257499 11.257499 11.257499 11.257499 9.9962635 9.9962635
12.061587 10.848237 12.161418 12.161418 11.8496 11.8496 11.8496 9.668592 10.381198 10.381198 10.381198 10.381198 10.381198 10.381198 10.381198 10.381198 10.381198 10.381198 9.9962635 9.9962635 11.257499 11.257499 11.257499 11.257499 10.1680765 9.9962635 11.257499 11.257499 11.257499 11.257499 11.488189 11.488189 11.257499 11.257499 11.257499 11.257499 9.392047 9.392047 9.392047 10.384132 10.384132 9.392047 9.392047 9.9962635 9.9962635 9.9962635 9.9962635 9.9962635 9.9962635 9.9962635 10.384132 10.384132 11.488189 11.424972 10.384132 11.257499 11.257499 11.257499 11.257499 11.257499 11.257499 9.9962635 9.9962635
11.8496 10.848237 12.161418 12.161418 11.8496 11.8496 11.8496 9.668592 9.668592 10.381198 10.381198 10.381198 10.381198 10.381198 10.381198 10.381198 10.381198 10.381198 9.9962635 9.9962635 11.257499 11.257499 9.9962635 9.9962635 9.9962635 9.9962635 9.9962635 11.257499 11.257499 11.257499 11.257499 11.257499 11.257499 11.257499 9.9962635 9.9962635 9.392047 9.392047 9.392047 9.392047 10.384132 9.392047 9.392047 9.9962635 9.9962635 9.9962635 9.9962635 9.9962635 9.9962635 9.9962635 9.9962635 10.384132 11.488189 11.488189 10.384132 10.384132 11.488189 11.257499 11.257499 11.257499 9.9962635 9.9962635 9.9962635
11.8496 10.848237 12.161418 12.161418 11.8496 11.8496 11.8496 11.8496 10.381198 10.381198 10.381198 10.381198 10.381198 10.381198 10.381198 10.381198 10.381198 10.381198 9.9962635 9.9962635 9.9962635 9.9962635 9.9962635 9.9962635 9.9962635 9.9962635 9.9962635 11.257499 11.257499 11.257499 11.257499 11.257499 11.257499 9.9962635 9.9962635 9.9962635 9.392047 9.392047 9.9962635 9.392047 9.392047 9.392047 9.9962635 9.9962635 9.9962635 9.9962635 9.9962635 9.9962635 11.257499 11.257499 9.9962635 10.384132 10.384132 10.384132 10.384132 10.384132 10.291699 9.392047 9.392047 9.9962635 9.9962635 9.9962635 9.9962635
12.161418 12.161418 12.161418 12.161418 12.161418 11.8496 11.8496 11.8496 10.381198 10.381198 10.381198 10.381198 10.381198 10.381198 10.381198 10.381198 10.381198 10.381198 9.9962635 9.9962635 9.392047 9.9962635 9.9962635 9.9962635 9.9962635 9.9962635 9.9962635 9.9962635 11.257499 11.257499 11.257499 9.9962635 9.9962635 9.9962635 9.9962635 9.9962635 9.9962635 9.9962635 9.9962635 9.392047 9.392047 9.9962635 9.9962635 11.257499 11.257499 11.257499 9.9962635 11.257499 10.384132 11.257499 9.9962635 11.257499 10.384132 10.384132 10.384132 11.424972 10.1680765 9.392047 9.392047 9.392047 9.9962635 9.9962635 9.9962635
10.848237 12.161418 12.161418 12.161418 12.161418 11.8496 11.8496 11.8496 10.381198 10.381198 10.381198 10.381198 10.381198 10.381198 10.381198 10.381198 9.668592 9.668592 9.392047 9.9962635 9.392047 10.384132 10.384132 9.9962635 9.9962635 9.9962635 11.257499 11.257499 11.257499 11.257499 11.257499 11.257499 9.9962635 9.9962635 9.9962635 9.9962635 9.9962635 9.9962635 9.9962635 9.9962635 9.9962635 9.9962635 9.9962635 11.257499 11.257499 11.257499 9.9962635 11.257499 11.257499 11.257499 11.257499 11.257499 11.257499 11.424972 11.424972 11.424972 11.424972 11.257499 11.257499 11.488189 11.257499 11.257499 9.392047
10.848237 10.848237 12.161418 12.161418 12.161418 11.8496 11.8496 11.8496 10.848237 9.668592 10.381198 10.381198 10.381198 10.381198 10.381198 9.668592 9.668592 9.668592 9.392047 9.392047 9.392047 10.384132 10.384132 9.9962635 9.9962635 11.257499 11.257499 11.257499 11.257499 10.384132 10.384132 10.384132 11.257499 11.257499 9.9962635 9.9962635 9.9962635 9.9962635 9.9962635 9.9962635 9.9962635 9.9962635 11.257499 11.257499 11.257499 11.424972 11.257499 11.257499 11.257499 11.257499 11.257499 11.257499 11.488189 9.8081875 10.384132 10.384132 10.384132 11.257499 11.257499 11.488189 11.257499 11.257499 10.384132
10.688976 10.688976 10.688976 10.688976 10.688976 10.688976 10.43665 9.625707 9.625707 8.792084 8.792084 9.4525 9.4525 9.4525 8.792084 8.792084 8.792084 8.792084 8.347746 8.347746 9.168101 9.168101 9.85018 8.9256115 8.9256115 9.85018 9.85018 9.966248 9.966248 9.168101 9.168101 9.168101 9.85018 9.85018 8.9256115 8.9256115 8.9256115 8.9256115 8.9256115 8.9256115 9.85018 9.85018 9.85018 9.85018 9.85018 9.966248 9.85018 9.85018 10.0 10.0 9.966248 10.0 10.0 8.499999 9.168101 9.168101 9.85018 9.85018 9.85018 9.966248 9.85018 9.85018 9.85018
10.688976 10.688976 10.688976 10.688976 10.688976 9.625707 10.43665 9.625707 8.792084 8.792084 8.792084 9.4525 9.4525 9.4525 8.792084 8.792084 8.792084 8.792084 8.347746 8.9256115 9.85018 9.168101 9.85018 9.85018 9.85018 9.85018 9.85018 9.85018 10.0 9.966248 9.966248 9.168101 9.85018 9.85018 8.9256115 8.9256115 8.9256115 8.9256115 8.9256115 8.9256115 9.85018 9.85018 9.85018 9.168101 9.168101 9.168101 9.966248 9.966248 10.0 9.966248 9.966248 9.168101 9.168101 10.0 9.966248 9.85018 9.85018 9.85018 9.966248 9.966248 9.966248 9.85018 9.85018
10.688976 10.688976 9.625707 9.625707 9.625707 9.625707 10.43665 10.43665 9.4525 9.4525 9.4525 9.4525 9.4525 9.4525 9.4525 9.4525 9.4525 9.4525 8.9256115 8.9256115 8.347746 9.168101 9.168101 9.85018 9.85018 8.9256115 9.85018 10.0 10.0 9.966248 9.966248 10.0 10.0 9.85018 9.85018 8.9256115 8.9256115 8.9256115 8.9256115 9.85018 9.85018 9.85018 9.85018 8.347746 9.168101 9.168101 9.966248 9.966248 9.966248 9.966248 9.966248 9.168101 9.168101 10.0 9.85018 9.85018 9.85018 9.85018 9.168101 9.85018 9.85018 10.0 9.85018
10.688976 10.43665 10.43665 9.625707 8.792084 8.792084 9.625707 10.43665 10.43665 9.4525 9.4525 9.4525 9.4525 9.4525 9.4525 9.4525 9.4525 9.4525 8.9256115 8.9256115 8.9256115 8.9256115 9.168101 9.85018 9.85018 9.85018 9.85018 9.168101 10.0 9.966248 9.966248 10.0 10.0 10.0 9.85018 9.85018 8.9256115 8.9256115 8.9256115 9.85018 9.85018 9.85018 8.9256115 8.347746 9.168101 9.168101 10.0 10.0 9.966248 9.966248 10.0 10.0 10.0 10.0 9.85018 9.85018 9.85018 9.85018 9.85018 9.85018 9.85018 9.85018 9.85018
