Export/ASCII/RMeteo_SP_inch/p1/RMeteo_2017_SP2_inch.asc
ncols         660
nrows         338
xllcorner     1476100.0
yllcorner     5017100.0
cellsize      100
NODATA_value  -9.9e-20
[rows 243 to 269 of 338, columns 122 to 182 of 660]
3.8748815 3.8748815 4.4448814 4.4448814 3.8748815 4.2384343 4.4448814 4.4448814 4.4448814 4.2384343 4.2384343 4.2384343 4.2384343 4.2384343 4.2384343 4.2384343 4.2384343 4.2384343 4.2384343 4.2384343 4.2384343 4.2384343 4.4448814 4.4448814 4.4448814 4.4448814 4.4166627 4.4448814 4.4448814 4.4448814 4.416663 4.416663 4.416663 4.335079 4.416663 4.335079 3.9723673 3.9723673 4.4448814 4.367222 4.2578945 4.131371 4.131371 4.131371 4.131371 4.131371 3.9199955 3.9199955 3.9199955 3.9199955 3.9199955 3.9199955 3.9199955 3.9199955 3.9199955 3.9199955 3.9199955 3.9199955 3.46588 3.46588 3.46588
3.8748815 3.8748815 3.8748815 3.8748815 3.8748815 4.4448814 4.4448814 4.4448814 4.4448814 4.4448814 4.2384343 4.2384343 4.2384343 4.2384343 4.2384343 4.2384343 4.2384343 4.2384343 4.2384343 4.2384343 4.2384343 4.2384343 4.4448814 4.4448814 4.4448814 4.4166627 4.4448814 4.4448814 4.4448814 4.4448814 4.4448814 4.4448814 4.4448814 4.335079 4.416663 4.335079 3.9723673 3.9723673 4.4448814 4.2578945 4.2578945 4.367222 3.71576 3.71576 4.131371 3.71576 3.9199955 3.9199955 3.9199955 3.9199955 3.9199955 3.9199955 3.9199955 3.9199955 3.9199955 3.9199955 3.9199955 3.9199955 3.46588 3.46588 4.106923
3.8748815 3.8748815 3.8748815 3.8748815 3.8748815 3.8748815 4.4448814 4.4448814 4.4448814 4.4448814 4.2384343 4.2384343 4.2384343 4.2384343 4.1872787 4.1872787 4.2384343 4.2384343 3.7016575 4.2384343 4.2384343 4.2384343 4.4448814 4.4448814 4.4448814 4.4448814 4.4448814 4.4448814 4.4448814 4.4448814 4.4448814 4.4448814 4.4448814 4.335079 4.335079 4.4448814 3.9723673 3.9723673 4.416663 4.2578945 4.2578945 4.367222 4.367222 4.367222 4.2578945 4.2578945 3.71576 3.9199955 3.9199955 3.9199955 3.9199955 3.9199955 3.9199955 3.46588 3.9199955 3.9199955 3.9199955 3.9199955 3.46588 4.106923 4.106923
3.7016575 3.8748815 3.8748815 4.4448814 3.8748815 3.8748815 4.4448814 4.4448814 4.4448814 4.4448814 4.2384343 4.1872787 4.1872787 4.1872787 4.1872787 4.1872787 4.2384343 4.1872787 4.1872787 4.2384343 4.2384343 4.2384343 4.2384343 4.2384343 4.4448814 4.4448814 4.4448814 4.4448814 4.4448814 4.4448814 4.4448814 4.4448814 4.4448814 4.4448814 4.4448814 4.4448814 3.9723673 3.9723673 4.416663 4.2578945 4.367222 4.367222 4.367222 4.367222 4.2578945 4.131371 4.131371 3.9199955 3.9199955 3.9199955 3.9199955 3.9199955 3.9199955 3.9199955 3.9199955 3.46588 3.9199955 3.9199955 3.46588 4.106923 4.106923
3.7016575 3.8748815 4.4448814 4.4448814 3.8748815 3.8748815 3.8748815 4.4448814 4.4448814 4.416663 4.1872787 4.2384343 4.1872787 4.1872787 4.2384343 4.2384343 4.2384343 4.1872787 4.1872787 4.1872787 4.2384343 4.2384343 4.2384343 4.2384343 4.4448814 4.416663 4.416663 4.4448814 4.4448814 4.4448814 4.4448814 4.4448814 4.4448814 4.4448814 4.4448814 4.4448814 4.4448814 4.4448814 4.416663 4.2578945 4.367222 4.2578945 4.2578945 4.367222 4.367222 4.131371 4.131371 3.9199955 3.9199955 3.9199955 3.9199955 3.9199955 3.9199955 3.9199955 3.46588 3.46588 3.46588 3.46588 3.46588 4.185502 4.185502
3.7016575 3.7016575 4.4448814 4.4448814 3.8748815 3.8748815 4.4448814 4.4448814 4.4448814 4.416663 4.1872787 4.2384343 4.1872787 4.1872787 4.1872787 4.2384343 4.4448814 4.2384343 4.2384343 4.2384343 4.2384343 4.2384343 4.2384343 4.2384343 4.2384343 4.1872787 4.1872787 4.4448814 4.4448814 4.4448814 4.4448814 4.4448814 4.4448814 4.4448814 4.4448814 4.4448814 4.4448814 4.4448814 4.416663 4.367222 4.367222 4.2578945 4.2578945 4.367222 4.367222 4.131371 4.131371 4.131371 4.131371 4.131371 3.9199955 3.9199955 3.9199955 3.9199955 3.9199955 3.9199955 3.9199955 3.46588 3.46588 3.46588 4.185502
3.7016575 3.8748815 3.8748815 3.8748815 3.8748815 4.416663 4.416663 4.4448814 4.4448814 4.4448814 4.4448814 4.2384343 4.2384343 4.1872787 4.1872787 4.2384343 4.2384343 4.2384343 4.2384343 4.2384343 4.2384343 4.2384343 4.1872787 4.1872787 4.2384343 4.2384343 4.2384343 4.4448814 4.4448814 4.4448814 4.4448814 4.4448814 4.4448814 4.4448814 4.4448814 4.4448814 4.4448814 4.4448814 4.4448814 4.367222 4.367222 4.2578945 4.367222 4.367222 4.367222 4.131371 4.131371 4.131371 4.131371 4.131371 3.9199955 3.9199955 3.9199955 3.9199955 3.9199955 3.9199955 3.9199955 3.9199955 3.9199955 3.46588 4.185502
3.9723673 3.9723673 3.8748815 4.4448814 4.416663 4.4448814 4.416663 4.4448814 4.4448814 4.4448814 4.4448814 4.2384343 4.2384343 4.2384343 4.2384343 4.2384343 4.2384343 4.2384343 4.2384343 4.2384343 4.2384343 4.2384343 4.1872787 4.1872787 4.2384343 4.4448814 4.4448814 4.2384343 4.2384343 4.4448814 4.4448814 4.4448814 4.4448814 4.4448814 4.4448814 4.4448814 4.4448814 4.4448814 4.4448814 4.367222 4.367222 4.367222 4.367222 4.367222 4.131371 4.131371 4.131371 3.9199955 4.131371 4.131371 4.131371 4.131371 4.131371 3.9199955 3.9199955 3.46588 3.9199955 3.9199955 3.9199955 4.185502 4.185502
3.9723673 3.9723673 3.8748815 4.4448814 4.4448814 4.4448814 4.4448814 4.4448814 4.4448814 4.4448814 4.4448814 4.2384343 4.2384343 4.2384343 4.1872787 4.1872787 4.2384343 4.2384343 4.2384343 4.2384343 4.2384343 4.2384343 4.2384343 4.2384343 4.2384343 4.2384343 4.2384343 4.4448814 4.2384343 4.2384343 4.4448814 4.4448814 4.4448814 4.4448814 4.4448814 4.4448814 4.4448814 4.4448814 4.335079 4.2578945 4.367222 4.367222 4.367222 4.367222 4.367222 4.131371 4.131371 3.9199955 3.9199955 4.2578945 4.2578945 3.71576 3.71576 3.46588 4.106923 4.106923 3.46588 3.9199955 3.46588 3.46588 3.46588
0.0 3.8748815 3.8748815 4.4448814 4.4448814 4.4448814 4.4448814 4.4448814 4.4448814 4.416663 4.4448814 4.4448814 4.2384343 4.2384343 4.1872787 4.1872787 4.2384343 4.1872787 4.1872787 4.2384343 4.2384343 4.2384343 4.2384343 4.2384343 4.2384343 4.2384343 4.2384343 4.2384343 4.4448814 4.4448814 4.2384343 4.4448814 4.4448814 4.4448814 4.4448814 4.4448814 4.4448814 4.4448814 4.335079 4.2578945 4.2578945 4.367222 4.367222 4.367222 4.367222 4.131371 4.131371 4.131371 4.131371 4.2578945 4.2578945 3.71576 3.71576 3.71576 4.106923 4.106923 3.46588 3.46588 3.46588 3.46588 3.46588
0.0 3.8748815 3.8748815 3.8748815 4.4448814 4.4448814 4.4448814 4.4448814 4.4448814 4.416663 4.4448814 4.4448814 4.2384343 4.2384343 4.1872787 4.1872787 4.2384343 4.1872787 4.1872787 4.2384343 4.2384343 4.2384343 4.2384343 4.2384343 4.2384343 4.2384343 4.2384343 4.2384343 4.2384343 4.4448814 4.4448814 4.4448814 4.4448814 4.4448814 4.4448814 4.4448814 4.4448814 4.4448814 4.4448814 4.2578945 4.2578945 4.367222 4.367222 4.367222 4.367222 4.131371 4.131371 4.131371 4.131371 3.71576 3.71576 3.71576 3.71576 3.71576 3.71576 3.46588 3.46588 3.46588 3.46588 3.46588 3.46588
3.8748815 3.8748815 3.8748815 4.416663 4.416663 4.416663 4.416663 4.416663 4.4448814 4.4448814 4.4448814 4.4448814 4.2384343 4.2384343 4.2384343 4.2384343 4.2384343 4.2384343 4.2384343 4.2384343 4.2384343 4.2384343 4.2384343 4.2384343 4.2384343 4.2384343 4.2384343 4.101368 4.2384343 4.4448814 4.4448814 4.2384343 4.4448814 4.416663 4.416663 4.416663 4.4448814 4.4448814 4.4448814 4.367222 4.367222 4.367222 4.367222 4.367222 4.367222 4.131371 4.131371 4.131371 4.131371 4.131371 3.71576 3.71576 3.71576 3.71576 4.2578945 4.2578945 3.71576 3.46588 3.46588 3.46588 4.185502
3.8748815 3.8748815 3.8748815 4.416663 4.416663 4.4448814 4.416663 4.416663 4.4448814 4.4448814 4.4448814 4.4448814 4.4448814 4.2384343 4.2384343 4.2384343 4.2384343 4.2384343 4.2384343 4.2384343 4.2384343 4.2384343 4.2384343 4.2384343 4.2384343 4.2384343 4.1872787 4.1872787 4.101368 4.2384343 4.4448814 4.2384343 4.2384343 4.416663 4.416663 4.416663 4.4448814 4.4448814 4.4448814 4.367222 4.367222 4.367222 4.367222 4.367222 4.367222 4.2578945 4.2578945 4.2578945 4.131371 4.131371 3.71576 3.71576 3.71576 3.71576 4.2578945 4.2578945 4.2578945 3.71576 4.185502 4.185502 4.185502
4.368091 3.8748815 3.8748815 4.4448814 3.8748815 4.4448814 4.416663 4.416663 4.4448814 4.4448814 4.4448814 4.4448814 4.4448814 4.2384343 4.2384343 4.2384343 4.2384343 4.2384343 4.2384343 4.2384343 4.2384343 4.2384343 4.2384343 4.2384343 4.2384343 4.2384343 4.1872787 4.1872787 4.2384343 4.2384343 4.2384343 4.4448814 4.4448814 4.4448814 4.4448814 4.4448814 4.4448814 4.4448814 4.4448814 4.367222 4.367222 4.367222 4.367222 4.367222 4.367222 4.367222 4.2578945 4.2578945 4.131371 4.131371 3.71576 3.8000786 4.367222 4.367222 4.2578945 4.367222 4.367222 4.367222 4.367222 4.367222 4.185502
3.8748815 3.8748815 3.8748815 3.8748815 3.8748815 4.4448814 4.4448814 4.4448814 4.4448814 4.4448814 4.4448814 4.4448814 4.4448814 4.2384343 4.2384343 4.2384343 4.2384343 4.2384343 4.2384343 4.2384343 4.2384343 4.2384343 4.2384343 4.2384343 4.2384343 4.2384343 4.2384343 4.2384343 4.2384343 4.2384343 4.2384343 4.2384343 4.4448814 4.4448814 4.4448814 4.4448814 4.4448814 4.2384343 4.2384343 4.185502 4.367222 4.367222 4.367222 4.367222 4.367222 4.367222 4.2578945 4.2578945 4.2578945 4.367222 4.367222 4.367222 4.367222 4.367222 4.367222 4.367222 4.367222 4.367222 4.367222 4.367222 4.367222
3.8748815 3.8748815 3.8748815 3.8748815 3.8748815 3.8748815 3.8748815 4.4448814 4.4448814 4.4448814 4.4448814 4.4448814 4.4448814 4.416663 4.1872787 4.2384343 4.2384343 4.2384343 4.2384343 4.2384343 4.2384343 4.1872787 4.1872787 4.1872787 4.2384343 4.2384343 4.2384343 4.2384343 4.2384343 4.2384343 4.2384343 4.2384343 4.2384343 4.2384343 4.4448814 4.4448814 4.4448814 4.4448814 4.4448814 4.185502 4.185502 4.367222 4.367222 4.367222 4.367222 4.367222 4.367222 4.367222 4.2578945 4.2578945 4.367222 4.367222 4.367222 4.367222 4.367222 4.367222 4.367222 4.367222 4.367222 4.367222 4.367222
3.8748815 3.8748815 3.8748815 3.8748815 3.8748815 3.8748815 3.8748815 4.4448814 4.4448814 4.4448814 4.4448814 4.4448814 4.4448814 4.416663 4.1872787 4.1872787 4.2384343 4.2384343 4.2384343 4.2384343 4.1872787 4.1872787 4.1872787 4.238434 4.2384343 4.2384343 4.2384343 4.2384343 4.2384343 4.2384343 4.238434 4.2384343 4.2384343 4.2384343 4.2384343 4.4448814 4.4448814 4.4448814 4.4448814 4.367222 4.185502 4.367222 4.367222 4.367222 4.367222 4.367222 4.367222 4.367222 4.2578945 4.2578945 4.367222 4.367222 4.367222 4.367222 4.2578945 4.2578945 4.367222 4.367222 4.367222 4.367222 4.367222
3.3601573 3.5214956 3.5214956 3.5214956 3.5214956 3.5214956 3.5214956 4.031496 4.031496 4.031496 4.031496 4.031496 4.031496 4.031496 4.031496 4.031496 4.031496 4.031496 4.031496 3.795696 3.795696 3.838191 3.838191 3.838191 3.838191 3.838191 3.838191 3.838191 3.838191 3.838191 3.838191 3.838191 3.838191 3.838191 3.838191 4.031496 4.031496 4.031496 4.031496 4.0883255 4.1181097 4.1181097 4.1181097 4.1181097 4.1181097 4.1181097 4.1181097 4.007761 4.1181097 4.088326 4.088326 4.1181097 4.1181097 4.1181097 4.088326 4.088326 4.1181097 4.1181097 4.1181097 4.1181097 4.1181097
3.3601573 3.5214956 3.5214956 3.5214956 3.5214956 3.5214956 3.5214956 3.5214956 4.031496 4.031496 4.031496 4.031496 4.031496 4.031496 4.031496 4.031496 4.031496 4.031496 4.031496 4.0076265 4.0076265 4.0076265 3.838191 3.8381908 3.838191 3.838191 3.838191 3.838191 3.838191 3.838191 3.838191 3.838191 3.838191 3.838191 3.838191 4.031496 4.031496 4.031496 4.031496 4.0883255 4.1181097 4.1181097 4.1181097 4.007761 4.007761 4.1181097 4.1181097 4.1181097 4.1181097 4.1181097 4.088326 4.1181097 4.1181097 4.1181097 4.1181097 4.1181097 4.1181097 4.1181097 4.1181097 4.1181097 4.1181097
3.3601573 3.5214956 3.5214956 3.5214956 3.5214956 3.5214956 3.5214956 3.5214956 4.031496 4.031496 4.031496 4.031496 4.031496 4.031496 4.031496 4.031496 4.031496 4.031496 4.031496 4.031496 4.031496 4.031496 4.031496 3.838191 3.838191 3.838191 3.838191 3.838191 3.838191 3.838191 3.838191 3.838191 3.838191 3.838191 3.838191 3.838191 4.031496 4.031496 4.031496 4.1181097 4.088326 4.088326 4.1181097 4.007761 4.088326 4.1181097 3.6586685 3.6586685 4.007761 4.1181097 4.1181097 4.1181097 4.1181097 4.1181097 4.088326 4.088326 3.6586685 4.1181097 4.1181097 4.1181097 4.1181097
3.3601573 3.5214956 3.5214956 3.5214956 3.5214956 3.5214956 3.5214956 3.5214956 3.5214956 3.5214956 4.031496 4.031496 4.031496 4.031496 4.031496 4.031496 4.031496 4.031496 4.031496 4.031496 4.031496 4.031496 4.031496 4.031496 3.838191 3.838191 3.838191 3.838191 3.838191 3.838191 3.838191 3.838191 3.838191 3.838191 3.838191 3.838191 4.0076265 4.0076265 4.031496 4.1181097 4.0883255 4.1181097 4.1181097 4.1181097 4.088326 3.6586685 3.6586685 3.6586685 4.1181097 4.1181097 4.1181097 4.1181097 4.1181097 4.1181097 4.088326 4.088326 4.088326 4.1181097 4.1181097 4.1181097 4.1181097
3.3601573 3.5214956 3.5214956 3.5214956 3.5214956 3.5214956 3.5214956 3.5214956 3.5214956 4.031496 4.031496 4.031496 4.031496 4.031496 4.031496 4.031496 4.031496 4.031496 4.031496 4.031496 4.031496 4.031496 4.031496 4.0076265 3.838191 3.838191 3.838191 3.838191 3.838191 3.838191 3.838191 3.838191 3.7223468 3.7223468 3.838191 4.031496 4.0076265 4.0076265 4.031496 4.1181097 4.1181097 4.1181097 4.1181097 4.1181097 4.1181097 3.6586685 3.417227 3.6586685 4.1181097 4.1181097 4.1181097 4.1181097 4.1181097 4.1181097 4.1181097 4.088326 3.6586685 4.1181097 4.1181097 4.1181097 4.1181097
3.5214956 3.5214956 3.5214956 3.5214956 3.5214956 3.5214956 3.5214956 3.5214956 3.5214956 3.5214956 4.031496 4.031496 4.031496 4.031496 4.031496 4.031496 4.031496 4.031496 4.031496 4.031496 4.031496 4.031496 4.031496 4.0076265 4.0076265 3.838191 3.838191 3.838191 3.838191 3.838191 3.838191 3.838191 3.7223468 3.7223468 4.031496 4.031496 4.031496 4.031496 4.031496 4.1181097 4.1181097 4.1181097 4.1181097 4.1181097 3.6586685 3.6586685 3.417227 3.6586685 4.1181097 4.1181097 4.007761 4.007761 4.1181097 4.1181097 4.1181097 4.088326 4.088326 4.1181097 4.088326 4.088326 4.1181097
3.9635906 3.5214956 3.5214956 3.5214956 3.5214956 3.5214956 3.5214956 3.5214956 3.5214956 3.5214956 3.5214956 4.031496 4.031496 4.031496 4.031496 4.031496 4.031496 4.031496 4.031496 4.031496 4.031496 4.031496 4.031496 4.031496 4.031496 3.838191 3.838191 3.838191 3.838191 3.838191 3.838191 3.838191 3.838191 3.838191 4.031496 4.031496 4.031496 4.031496 3.838191 3.8427377 4.1181097 4.1181097 4.1181097 4.1181097 3.6586685 3.417227 3.6586685 4.088326 4.1181097 4.1181097 4.007761 4.007761 4.1181097 4.1181097 4.1181097 4.1181097 4.1181097 4.007761 4.088326 4.088326 4.1181097
3.7522545 3.5214956 3.5214956 3.5214956 3.5214956 3.5214956 3.5214956 3.5214956 3.5214956 3.5214956 3.5214956 4.031496 4.031496 4.031496 4.031496 4.031496 4.031496 4.031496 4.0076265 4.0076265 4.031496 4.031496 4.0076265 4.0076265 4.031496 4.031496 4.031496 3.838191 3.838191 3.838191 3.838191 3.838191 3.838191 3.838191 3.838191 4.031496 4.031496 4.031496 3.838191 3.8427377 3.8427377 3.8427377 4.1181097 4.007761 4.088326 3.6586685 3.6586685 4.088326 4.1181097 4.1181097 4.1181097 4.1181097 4.1181097 4.1181097 4.1181097 4.1181097 4.007761 4.007761 4.007761 4.088326 4.1181097
3.7522545 3.7522545 4.031496 3.5214956 3.5214956 3.5214956 3.5214956 3.5214956 3.5214956 3.5214956 3.5214956 4.031496 4.031496 3.5214956 4.031496 4.031496 4.031496 4.031496 4.0076265 4.0076265 4.031496 4.031496 4.0076265 4.0076265 4.031496 4.031496 4.031496 3.838191 3.838191 3.838191 3.838191 3.838191 3.838191 3.838191 3.838191 4.031496 4.031496 4.031496 4.031496 3.8427377 3.8427377 3.8427377 3.8427377 4.088326 4.088326 3.6586685 3.6586685 4.007761 4.1181097 4.1181097 4.1181097 4.1181097 4.1181097 4.1181097 4.007761 4.007761 4.007761 4.007761 4.007761 4.1181097 4.1181097
3.3601573 3.3601573 3.3601573 4.031496 4.031496 4.0076265 3.5214956 3.5214956 3.5214956 3.5214956 3.5214956 4.031496 4.031496 4.031496 4.0076265 4.0076265 3.9332113 4.031496 4.031496 4.031496 4.031496 4.0076265 4.0076265 4.031496 4.031496 4.031496 4.031496 3.838191 3.838191 3.838191 3.838191 3.838191 3.838191 3.838191 3.838191 3.838191 4.031496 4.031496 4.031496 4.1181097 3.8427377 3.8427377 3.8427377 3.8427377 3.6586685 3.6586685 3.6586685 4.1181097 4.1181097 4.1181097 4.1181097 4.1181097 4.1181097 4.1181097 4.007761 4.007761 3.736983 3.736983 4.007761 4.007761 4.1181097
