Export/ASCII/RMeteo_SP_inch/p1/RMeteo_2016_SP1_inch.asc
ncols         660
nrows         338
xllcorner     1476100.0
yllcorner     5017100.0
cellsize      100
NODATA_value  -9.9e-20
[rows 243 to 269 of 338, columns 372 to 433 of 660]
5.277947 5.277947 5.277947 5.277947 5.277947 5.277947 5.277947 5.277947 4.2723107 6.303966 6.303966 6.303966 6.303966 6.303966 4.2723107 3.7267256 4.2723107 8.572147 8.572147 8.572147 8.572147 8.572147 8.572147 8.572147 8.404908 8.404908 6.314458 6.314458 6.314458 6.314458 6.314458 6.314458 4.2998548 4.2533226 4.2533226 6.246871 4.2533226 6.246871 6.246871 6.246871 6.314458 6.314458 6.314458 6.314458 6.314458 6.314458 6.246871 6.246871 7.454069 7.454069 8.404908 8.404908 8.404908 8.404908 8.404908 8.404908 8.404908 8.404908 8.310982 8.310982 7.454069 7.454069
5.277947 5.277947 6.303966 5.277947 5.277947 5.277947 5.277947 3.897548 4.2723107 4.2723107 6.303966 6.303966 6.303966 6.303967 4.2723107 4.2723107 4.2723107 4.2723107 4.2723107 8.572147 8.572147 8.572147 8.572147 8.572147 8.404908 6.314458 6.314458 6.314458 6.314458 6.314458 6.314458 6.314458 6.0321302 4.1250305 4.2533226 4.2533226 4.2533226 6.246871 6.246871 6.246871 6.314458 6.314458 6.314458 6.314458 6.246871 6.246871 6.246871 6.246871 7.454069 7.454069 8.404908 8.404908 8.404908 8.404908 8.404908 8.404908 8.404908 8.404908 8.404908 8.404908 7.454069 7.454069
5.277947 5.277947 5.277947 5.277947 5.277947 5.277947 5.277947 4.2723107 4.2723107 4.2723107 4.2723107 4.2723107 4.2723107 4.2723107 4.2723107 4.2723107 4.2723107 4.2723107 8.572147 8.572147 8.572147 8.572147 8.572147 8.572147 8.404908 6.314458 6.314458 6.314458 6.314458 6.314458 6.314458 6.314458 6.314458 4.2998548 4.2998548 4.2998548 4.2533226 6.246871 6.246871 6.246871 6.246871 8.404908 8.404908 6.246871 6.246871 6.246871 6.246871 6.246871 7.454069 7.454069 8.404908 8.404908 8.404908 8.404908 8.404908 8.404908 8.404908 8.404908 8.404908 8.404908 8.404908 8.404908
5.277947 5.277947 5.277947 5.277947 5.277947 5.277947 5.277947 4.2723107 4.2723107 4.2723107 4.2723107 4.2723107 4.2723107 4.2723107 4.2723107 4.2723107 4.2723107 4.2723107 8.572147 8.572147 8.572147 8.572147 8.572147 7.572371 7.9240437 6.246871 6.314458 6.314458 6.314458 6.314458 6.314458 6.314458 6.314458 6.314458 6.314458 6.314458 4.2998548 4.2998548 6.246871 6.246871 7.9240437 7.9240437 7.9240437 6.246871 6.246871 6.246871 6.246871 6.246871 7.454069 7.454069 8.404908 8.404908 8.404908 8.404908 8.404908 8.404908 8.404908 8.404908 8.404908 8.404908 8.404908 8.404908
5.277947 5.277947 6.2357802 5.277947 5.277947 5.277947 5.277947 4.2309127 4.2723107 4.2723107 4.2723107 4.2723107 4.2723107 4.2723107 4.2723107 4.2723107 4.2723107 4.2723107 4.2723107 8.572147 8.572147 8.572147 8.572147 8.572147 7.9240437 7.9240437 8.404908 6.314458 6.314458 6.314458 6.314458 6.314458 6.314458 6.314458 6.314458 6.314458 6.314458 6.314458 6.314458 6.314458 8.404908 7.9240437 7.9240437 7.9240437 7.9240437 6.246871 6.246871 6.246871 7.454069 8.404908 8.404908 8.404908 8.404908 8.404908 8.404908 8.404908 8.404908 8.404908 8.404908 8.404908 8.404908 8.404908
3.897548 6.2357802 6.2357802 6.303966 6.040591 6.040591 3.897548 4.2723107 4.2723107 4.2723107 4.2723107 4.2723107 4.2723107 4.2723107 4.2723107 4.2723107 4.2723107 4.2723107 4.2723107 8.572147 8.572147 8.572147 8.572147 8.572147 7.9240437 7.9240437 7.9240437 6.314458 6.314458 6.314458 6.314458 6.314458 6.314458 6.314458 6.314458 6.314458 6.314458 6.314458 6.314458 6.314458 8.404908 8.404908 8.404908 8.404908 7.9240437 7.9240437 6.246871 6.246871 7.454069 8.404908 8.404908 8.404908 8.404908 8.404908 8.404908 8.404908 8.404908 8.404908 8.404908 8.404908 8.404908 8.404908
3.897548 3.897548 4.2723107 4.2723107 4.107262 6.040591 4.107262 4.268064 4.268064 4.2723107 4.2723107 4.2723107 4.2723107 4.2723107 4.2723107 4.2723107 4.2723107 8.572147 8.572147 8.572147 8.572147 8.572147 8.572147 8.572147 8.404908 7.9240437 7.9240437 7.9240437 7.9240437 6.246871 6.246871 6.314458 6.314458 6.314458 6.314458 6.314458 6.314458 6.314458 6.314458 6.314458 8.404908 8.404908 8.404908 8.404908 8.404908 8.404908 8.404908 8.404908 7.454069 8.404908 8.404908 8.404908 8.404908 8.404908 8.404908 8.404908 8.404908 8.404908 8.404908 8.404908 8.404908 8.404908
4.230911 3.897548 3.897548 3.897548 4.107262 4.107262 4.268064 4.268064 4.268064 4.2723107 4.2723107 4.2723107 4.2723107 4.2723107 4.2723107 4.2723107 4.2723107 8.572147 8.572147 8.572147 8.572147 8.572147 8.572147 8.572147 8.404908 8.404908 8.404908 7.9240437 7.9240437 6.246871 6.246871 6.314458 6.314458 6.314458 6.314458 6.314458 6.314458 6.314458 6.314458 6.314458 8.404908 8.404908 8.404908 8.404908 8.404908 8.404908 8.404908 8.404908 8.404908 8.404908 8.404908 8.404908 8.404908 8.404908 8.404908 8.404908 8.404908 8.404908 8.404908 8.404908 8.404908 7.9240437
6.2357802 5.277947 5.277947 5.277947 3.897548 4.107262 4.107262 4.2723107 4.268064 4.2723107 4.2723107 4.2723107 4.2723107 4.2723107 4.2723107 4.2723107 8.572147 8.572147 8.572147 8.572147 8.572147 8.572147 8.572147 8.572147 8.404908 8.404908 8.404908 7.454069 7.9240437 7.9240437 6.0321302 6.314458 6.314458 6.314458 6.314458 6.0321302 6.0321302 6.314458 6.314458 6.314458 8.404908 8.404908 8.404908 8.404908 8.404908 8.404908 8.404908 8.404908 8.404908 8.404908 8.404908 8.404908 8.404908 8.404908 8.404908 8.404908 8.404908 8.404908 8.404908 8.404908 8.404908 7.9240437
6.2357802 5.277947 5.277947 5.277947 6.040591 6.040591 4.107262 4.2723107 4.2723107 4.2723107 4.2723107 4.2723107 4.2723107 4.2723107 4.230911 8.065035 8.065035 8.572147 8.572147 8.572147 8.572147 8.572147 8.572147 8.572147 8.404908 8.404908 8.404908 7.454069 7.454069 8.404908 6.314458 6.314458 6.314458 6.314458 6.0321302 6.0321302 6.0321302 6.0321302 6.314458 6.314458 8.404908 8.404908 8.404908 8.404908 8.404908 8.404908 8.404908 8.404908 8.404908 8.404908 8.404908 8.404908 8.404908 8.404908 8.404908 8.404908 8.404908 8.404908 7.454069 7.454069 8.404908 8.404908
5.277947 5.277947 5.277947 5.277947 6.040591 6.040591 6.040591 4.2723107 4.2723107 4.2723107 4.2723107 4.2723107 4.2723107 4.2723107 4.2723107 8.065035 8.065035 8.572147 8.572147 8.572147 8.572147 8.572147 8.572147 8.572147 8.404908 8.404908 8.404908 8.404908 8.404908 7.9240437 6.314458 6.314458 6.314458 6.314458 6.0321302 6.0321302 6.0321302 6.0321302 6.0321302 6.314458 8.404908 8.404908 8.404908 8.404908 7.454069 7.454069 8.404908 8.404908 8.404908 8.404908 8.404908 8.404908 8.404908 8.404908 8.404908 8.404908 8.404908 7.454069 7.454069 7.454069 8.404908 8.404908
5.277947 5.277947 5.277947 6.040591 6.040591 6.040591 6.040591 6.2357802 6.040591 4.107262 4.107262 4.2723107 4.2723107 4.2723107 4.2723107 8.572147 8.572147 8.572147 8.572147 8.572147 8.572147 8.572147 8.572147 8.572147 8.404908 8.404908 8.404908 8.404908 7.9240437 7.9240437 8.310982 6.246871 6.246871 6.0321302 6.0321302 6.0321302 6.0321302 6.0321302 6.0321302 7.454069 7.9240437 8.404908 8.404908 7.454069 7.454069 7.454069 7.454069 8.404908 8.404908 8.404908 8.404908 8.404908 8.404908 8.404908 8.404908 8.404908 8.404908 8.404908 8.404908 8.404908 8.404908 8.404908
5.277947 5.277947 5.277947 6.040591 6.040591 6.040591 6.040591 6.040591 6.040591 6.040591 6.040591 6.040591 3.897548 3.897548 4.2723107 4.2723107 8.572147 8.572147 8.572147 8.572147 8.572147 8.572147 8.572147 8.572147 8.404908 8.404908 8.404908 8.404908 7.9240437 7.9240437 8.310982 6.246871 6.246871 6.0321302 6.0321302 6.0321302 6.0321302 6.0321302 6.0321302 7.454069 6.1949596 6.1949596 6.1949596 7.454069 7.454069 7.454069 8.404908 8.404908 8.404908 8.404908 8.404908 8.404908 8.404908 8.404908 8.404908 8.404908 4.2998548 4.2998548 8.404908 8.404908 8.404908 8.404908
5.277947 5.277947 6.040591 6.040591 6.040591 6.040591 6.040591 6.040591 6.040591 6.040591 6.040591 6.040591 3.897548 3.897548 4.2723107 4.2723107 8.572147 8.572147 8.572147 8.065035 8.572147 8.572147 8.572147 8.572147 8.404908 8.404908 8.404908 8.404908 8.404908 8.310982 8.310982 6.246871 6.246871 6.0321302 6.0321302 6.0321302 6.0321302 6.0321302 7.454069 7.454069 6.1949596 6.1949596 6.1949596 6.1949596 6.314458 6.314458 6.314458 8.404908 8.404908 8.404908 8.404908 8.404908 8.404908 8.404908 8.404908 8.404908 4.2998548 4.2998548 4.2998548 8.404908 8.404908 8.404908
5.277947 5.277947 5.277947 6.040591 6.040591 6.040591 6.040591 6.040591 6.040591 6.040591 6.040591 5.277947 5.277947 3.897548 3.897548 4.2723107 4.2723107 4.2723107 4.230911 8.065035 8.065035 8.572147 8.572147 8.572147 8.404908 8.404908 8.404908 7.454069 6.1949596 6.1949596 6.0321302 6.246871 6.246871 6.0321302 6.0321302 6.0321302 6.0321302 6.0321302 6.314458 6.314458 8.404908 6.1949596 5.278549 6.1949596 5.278549 6.314458 6.314458 8.404908 8.404908 8.404908 8.404908 8.404908 8.404908 8.404908 8.404908 8.404908 4.2998548 4.2998548 8.404908 8.404908 8.404908 8.404908
5.277947 5.277947 5.277947 5.277947 5.277947 6.040591 6.040591 6.040591 6.040591 6.303967 5.277947 5.277947 5.277947 5.277947 5.277947 4.2723107 4.107262 4.107262 4.230911 4.230911 8.572147 8.572147 8.572147 8.572147 8.404908 8.404908 8.404908 6.0321302 5.278549 5.278549 6.0321302 6.0321302 6.0321302 6.0321302 6.0321302 6.0321302 6.0321302 6.0321302 6.314458 6.314458 6.0321302 6.1949596 5.278549 6.1949596 5.278549 6.314458 6.314458 8.404908 8.404908 8.404908 8.404908 8.404908 8.404908 8.404908 8.404908 8.404908 4.2998548 4.2998548 8.404908 8.404908 8.404908 8.404908
5.277947 6.303966 5.277947 5.277947 6.040591 6.040591 6.040591 6.040591 6.040591 6.040591 5.277947 5.277947 5.277947 5.277947 5.277947 5.277947 4.107262 6.040591 3.897548 4.2723107 6.303967 6.303967 8.572147 8.572147 8.404908 8.404908 8.404908 6.0321302 6.314458 6.0321302 6.0321302 6.0321302 6.0321302 6.0321302 6.0321302 6.0321302 6.0321302 6.0321302 6.0321302 6.314458 6.0321302 6.1949596 5.278549 5.278549 5.278549 6.314458 6.314458 8.404908 8.404908 8.404908 8.404908 8.404908 8.404908 8.404908 8.404908 8.404908 4.2998548 4.2998548 8.404908 8.404908 8.404908 8.404908
5.5366 5.5366 5.5366 5.5366 6.3036003 6.3036003 6.3036003 6.3036003 6.3036003 6.3036003 5.5366 5.5366 5.5366 5.5366 6.3036003 6.3036003 4.3389206 4.3389206 4.3389206 4.532217 6.5338326 6.5338326 6.5338326 6.5338326 8.94276 8.94276 7.839138 6.221483 6.432184 6.221483 6.221483 6.221483 6.221483 6.221483 6.221483 6.221483 6.221483 6.221483 6.221483 6.432184 6.432184 8.94276 6.4609566 6.4609566 6.4609566 6.432184 6.432184 8.94276 8.94276 8.94276 8.94276 8.94276 8.94276 8.94276 8.94276 8.94276 4.363589 4.363589 8.94276 8.94276 8.94276 8.94276
5.5366 5.5366 5.5366 5.5366 6.3036003 6.3036003 6.3036003 6.3036003 6.3036003 5.5366 5.5366 5.5366 5.5366 5.5366 6.3036003 6.3036003 6.3036003 6.3036003 4.129835 3.8960905 6.5338326 6.5338326 6.5338326 6.5338326 6.432184 6.221483 6.221483 6.221483 6.432184 6.432184 6.432184 6.221483 6.221483 6.221483 6.221483 6.221483 6.221483 6.221483 6.221483 6.432184 6.432184 6.432184 8.94276 8.94276 8.94276 6.432184 6.432184 8.94276 8.94276 8.94276 8.94276 8.94276 8.94276 8.94276 8.94276 8.94276 8.94276 4.363589 8.94276 8.94276 8.94276 8.94276
5.5366 5.5366 5.5366 5.5366 5.5366 5.5366 5.5366 5.5366 5.5366 5.5366 5.5366 5.5366 5.5366 6.3036003 6.3036003 6.3036003 6.3036003 6.3036003 4.129835 4.532217 6.5338326 6.5338326 6.5338326 6.5338326 6.432184 6.221483 6.221483 6.221483 6.221483 6.432184 6.432184 6.432184 6.432184 6.221483 6.221483 6.374464 6.221483 6.221483 6.221483 6.432184 6.432184 6.432184 8.94276 6.432184 6.432184 6.432184 6.432184 6.432184 8.94276 8.94276 8.94276 8.94276 8.94276 8.94276 8.94276 8.94276 8.94276 4.363589 8.94276 8.94276 8.94276 8.94276
5.5366 5.5366 5.5366 5.5366 5.5366 5.5366 5.5366 5.5366 6.3036003 6.3036003 5.5366 5.5366 5.5366 6.3036003 6.3036003 6.3036003 6.3036003 6.3036003 4.129835 4.532217 6.5338326 6.5338326 6.5338326 6.5338326 6.432184 6.221483 6.221483 6.221483 6.221483 5.4715495 5.4715495 6.432184 6.432184 6.221483 6.221483 6.221483 6.221483 6.221483 5.4715495 6.432184 6.432184 6.432184 6.432184 6.432184 6.432184 6.432184 6.432184 6.432184 8.94276 8.94276 8.94276 8.94276 8.94276 8.94276 8.94276 8.94276 4.363589 4.363589 4.363589 8.94276 8.94276 8.94276
6.5263796 5.5366 5.5366 5.5366 5.5366 5.5366 5.5366 5.5366 6.3036003 6.3036003 5.5366 5.5366 5.5366 6.3036003 6.3036003 6.3036003 6.3036003 6.3036003 4.129835 4.456169 5.5366 5.5366 6.5338326 6.5338326 6.432184 6.432184 6.432184 6.221483 6.432184 5.4715495 5.4715495 5.4715495 6.432184 5.4715495 6.221483 6.221483 5.4715495 5.4715495 5.4715495 6.432184 6.432184 6.432184 6.432184 6.432184 6.432184 6.432184 6.432184 6.432184 8.94276 8.94276 8.94276 8.94276 8.94276 8.94276 8.94276 8.94276 4.363589 4.363589 4.363589 8.94276 8.94276 8.94276
6.3036003 5.5366 5.5366 5.5366 5.5366 5.5366 5.5366 5.5366 6.3036003 6.3036003 6.3036003 5.5366 5.5366 6.5338326 6.3036003 6.3036003 6.3036003 6.3036003 4.129835 4.129835 5.5366 5.5366 5.5366 6.5338326 5.4715495 5.4715495 5.4715495 6.432184 6.432184 5.4715495 5.4715495 5.4715495 5.4715495 6.432184 5.4715495 5.4715495 5.4715495 5.4715495 5.4715495 5.4715495 6.432184 6.432184 6.432184 6.432184 6.432184 6.432184 6.432184 6.432184 8.94276 8.94276 8.94276 8.94276 8.94276 8.94276 8.94276 6.432184 4.363589 4.363589 4.363589 8.94276 8.94276 8.94276
6.3036003 6.5338326 5.5366 5.5366 5.5366 5.5366 5.5366 5.5366 5.5366 6.3036003 5.5366 5.5366 5.5366 5.5366 6.3036003 6.3036003 4.3389206 4.3389206 4.129835 4.129835 5.5366 5.5366 5.5366 5.5366 5.4715495 5.4715495 5.4715495 5.4715495 5.4715495 5.4715495 5.4715495 5.4715495 5.4715495 5.4715495 5.4715495 5.4715495 5.4715495 5.4715495 5.4715495 5.4715495 6.432184 6.432184 6.432184 6.432184 6.432184 6.432184 6.432184 6.432184 6.432184 8.94276 8.94276 8.94276 6.432184 6.432184 6.432184 6.432184 4.363589 4.363589 4.363589 8.94276 8.94276 8.94276
5.5366 5.5366 5.5366 5.5366 5.5366 5.5366 5.5366 5.5366 5.5366 5.5366 5.5366 5.5366 5.5366 5.5366 5.5366 6.3036003 4.3389206 4.129835 4.129835 4.129835 5.5366 5.5366 5.5366 5.5366 5.4715495 5.4715495 5.4715495 5.4715495 5.4715495 5.4715495 5.4715495 5.4715495 5.4715495 5.4715495 5.4715495 5.4715495 5.4715495 5.4715495 5.4715495 6.432184 6.432184 6.432184 6.432184 6.432184 6.432184 6.432184 6.432184 6.432184 8.94276 8.94276 8.94276 6.432184 6.432184 6.432184 6.432184 6.432184 4.363589 4.363589 4.363589 8.94276 8.94276 8.94276
5.5366 5.5366 5.5366 6.5338326 5.5366 5.5366 5.5366 6.473115 6.473115 5.5366 6.473115 5.5366 5.5366 5.5366 5.5366 6.3036003 4.3389206 4.129835 4.129835 4.129835 5.5366 5.5366 5.5366 5.5366 5.4715495 5.4715495 5.4715495 5.4715495 5.4715495 5.4715495 5.4715495 5.4715495 6.432184 6.432184 5.4715495 5.4715495 5.4715495 5.4715495 5.4715495 6.432184 6.432184 6.432184 6.432184 6.432184 6.432184 6.432184 6.432184 6.432184 8.94276 8.94276 8.94276 6.432184 6.432184 6.432184 6.432184 6.432184 4.363589 4.363589 4.363589 4.363589 8.94276 8.94276
6.5338326 6.473115 6.473115 6.473115 6.473115 6.5338326 6.473115 6.473115 6.473115 6.473115 6.473115 6.473115 6.473115 6.473115 5.5366 6.3036003 4.3389206 4.3389206 4.456169 4.129835 4.129835 5.5366 5.5366 5.5366 5.4715495 5.4715495 5.4715495 5.4715495 5.4715495 5.4715495 5.4715495 5.4715495 6.432184 6.432184 6.432184 5.4715495 5.4715495 5.4715495 6.432184 6.432184 6.432184 6.432184 6.432184 6.432184 6.432184 6.221483 6.432184 6.432184 8.94276 8.94276 8.94276 6.432184 6.432184 6.432184 4.363589 4.363589 4.363589 4.363589 4.363589 4.363589 4.363589 8.94276
