Export/ASCII/RMeteo_SP_inch/p1/RMeteo_2015_SP3_inch.asc
ncols         660
nrows         338
xllcorner     1476100.0
yllcorner     5017100.0
cellsize      100
NODATA_value  -9.9e-20
[rows 0 to 26 of 338, columns 61 to 121 of 660]
7.374525 7.374525 7.374525 7.374525 7.374525 6.2802286 6.003602 6.2802286 6.2802286 6.2802286 6.2802286 7.374525 6.895579 6.895579 6.895579 6.2291336 6.2291336 6.2291336 6.2291336 6.2291336 6.2291336 7.543307 7.543307 7.543307 7.543307 6.303937 7.5242662 7.5242662 7.5242662 7.5242662 7.5242662 7.5242662 7.543307 7.4342303 7.4342303 6.4035206 7.4342303 7.4342303 7.4342303 7.4342303 7.5242662 7.543307 6.419684 6.419684 6.419684 6.419684 6.4035206 6.4035206 6.4035206 6.4035206 6.4035206 6.4035206 6.4035206 6.4035206 6.4035206 6.4035206 6.098526 6.098526 6.098526 6.098526 6.098526
7.374525 7.374525 6.2802286 6.895579 6.895579 6.003602 6.003602 6.003602 6.2802286 6.2802286 6.2802286 7.374525 7.374525 6.895579 6.895579 6.2291336 6.2291336 6.2291336 6.2291336 6.2291336 6.2291336 6.303937 7.543307 7.543307 7.543307 7.543307 7.543307 7.543307 7.543307 7.543307 7.5242662 7.5242662 7.543307 7.4342303 7.4342303 7.4342303 7.4342303 7.4342303 7.543307 7.543307 7.543307 7.543307 6.419684 6.419684 6.419684 7.543307 6.4035206 6.4035206 6.4035206 6.4035206 6.4035206 6.4035206 6.4035206 6.4035206 6.4035206 6.4035206 6.098526 6.098526 6.4035206 6.098526 6.098526
7.374525 7.374525 7.374525 6.003602 6.003602 6.003602 6.003602 6.2802286 6.2802286 7.374525 7.374525 7.374525 7.374525 7.484251 6.2291336 6.2291336 6.2291336 6.2291336 6.2291336 6.2291336 6.2291336 6.303937 6.303937 7.543307 7.543307 7.543307 7.543307 7.543307 6.954443 6.954443 6.954443 6.954443 7.4342303 7.4342303 7.4342303 7.4342303 6.4035206 7.4342303 7.4342303 6.954443 6.954443 7.5242662 7.4342303 7.4342303 7.543307 7.543307 6.4035206 6.4035206 6.4035206 6.4035206 6.4035206 6.4035206 6.4035206 6.4035206 6.4035206 6.4035206 6.4035206 6.4035206 6.098526 6.098526 6.098526
7.374525 7.374525 7.374525 6.003602 6.003602 6.003602 6.003602 6.2802286 6.2802286 7.374525 7.374525 7.374525 7.374525 7.484251 7.484251 6.2291336 6.2291336 6.2291336 6.2291336 6.2291336 6.2291336 7.4342303 7.4342303 7.543307 7.543307 7.543307 7.543307 7.543307 6.954443 6.954443 6.954443 6.954443 7.4342303 7.4342303 6.4035206 7.4342303 6.4035206 7.4342303 7.4342303 7.4342303 7.4342303 7.4342303 7.4342303 6.4035206 6.4035206 6.4035206 6.4035206 6.4035206 6.4035206 6.4035206 6.4035206 6.4035206 6.4035206 6.4035206 6.4035206 6.4035206 6.4035206 6.4035206 6.419684 6.419685 6.098526
7.484251 7.374525 7.374525 6.2802286 6.003602 6.003602 7.374525 7.374525 7.374525 7.374525 7.374525 7.374525 7.484251 7.484251 7.484251 6.2291336 6.2291336 7.374525 6.895579 7.374525 7.374525 7.4342303 7.4342303 7.4342303 7.543307 7.543307 6.303937 7.543307 7.4342303 7.4342303 6.954443 7.4342303 7.4342303 7.4342303 7.4342303 7.4342303 6.4035206 7.4342303 7.4342303 7.4342303 6.4035206 6.4035206 6.4035206 6.4035206 6.4035206 6.4035206 6.4035206 6.4035206 6.4035206 7.4342303 7.4342303 7.4342303 6.4035206 6.4035206 6.4035206 6.4035206 6.4035206 6.4035206 6.4035206 6.419685 6.098526
7.484251 7.484251 7.374525 7.374525 6.2802286 6.2802286 7.374525 7.374525 7.374525 7.374525 7.374525 7.465533 7.465533 7.374525 7.484251 7.374525 7.374525 7.374525 6.895579 7.374525 7.374525 7.4342303 6.4035206 7.4342303 7.4342303 7.4342303 7.4342303 7.4342303 7.4342303 7.4342303 7.4342303 7.4342303 7.4342303 7.4342303 7.4342303 7.4342303 6.4035206 7.4342303 7.4342303 6.4035206 6.4035206 6.4035206 6.4035206 6.4035206 7.4342303 7.4342303 6.4035206 6.4035206 6.4035206 7.4342303 7.4342303 7.4342303 7.4342303 6.4035206 6.4035206 6.4035206 6.4035206 6.4035206 6.4035206 6.098526 6.4035206
7.484251 7.484251 7.484251 7.374525 7.374525 6.2802286 7.374525 7.374525 7.374525 7.374525 7.484251 7.484251 7.465533 7.465533 6.2291336 7.374525 7.374525 7.374525 7.374525 7.374525 7.374525 7.4342303 7.4342303 7.4342303 7.4342303 7.4342303 7.4342303 7.4342303 7.4342303 7.4342303 7.543307 7.4342303 7.4342303 7.4342303 7.4342303 7.4342303 7.4342303 7.4342303 7.4342303 6.4035206 6.4035206 7.4342303 7.4342303 7.4342303 7.4342303 7.4342303 7.4342303 7.4342303 6.4035206 6.4035206 7.4342303 7.4342303 7.4342303 6.954443 6.098526 6.098526 6.419685 6.419685 6.098526 6.098526 6.4035206
7.484251 7.484251 7.465533 7.465533 7.374525 7.374525 7.374525 7.374525 7.374525 6.895579 6.895579 6.895579 7.484251 6.2291336 6.2291336 6.2291336 6.2291336 6.2291336 7.374525 6.2802286 7.374525 7.4342303 7.4342303 7.4342303 7.4342303 7.4342303 7.4342303 7.4342303 7.4342303 7.5242662 7.5242662 7.543307 7.4342303 7.4342303 7.4342303 7.4342303 6.954443 7.4342303 7.4342303 7.4342303 7.4342303 7.4342303 7.4342303 7.4342303 6.954443 7.4342303 7.5242662 7.4342303 7.4342303 6.4035206 6.4035206 7.4342303 7.4342303 7.543307 6.4035206 6.098526 6.419685 6.419685 6.098526 6.098526 6.4035206
7.374525 7.374525 7.465533 7.465533 7.374525 7.374525 7.484251 6.895579 6.895579 6.895579 6.895579 6.895579 7.484251 6.2291336 6.2291336 6.2291336 6.2291336 6.2291336 6.895579 7.374525 7.374525 7.4342303 7.4342303 6.4035206 6.4035206 6.4035206 7.4342303 7.4342303 7.543307 7.5242662 7.5242662 7.543307 7.5242662 7.4342303 7.5242662 7.4342303 7.543307 7.5242662 7.5242662 7.5242662 7.543307 7.543307 7.543307 7.543307 7.543307 7.5242662 7.4342303 7.4342303 6.4035206 7.4342303 6.4035206 6.4035206 7.4342303 7.543307 6.4035206 6.419684 6.098526 6.098526 6.098526 6.098526 6.4035206
7.374525 7.374525 7.374525 7.374525 7.374525 7.374525 7.374525 6.895579 7.374525 7.374525 7.374525 7.374525 7.374525 6.2291336 6.2291336 6.2291336 6.2291336 6.2291336 6.2291336 6.895579 7.374525 7.4342303 7.4342303 7.4342303 7.4342303 7.4342303 7.4342303 7.543307 7.543307 7.543307 7.543307 7.543307 7.543307 7.543307 7.5242662 7.5242662 7.543307 7.5242662 7.5242662 7.5242662 7.543307 6.954443 7.543307 7.5242662 7.5242662 7.5242662 7.4342303 7.4342303 7.4342303 7.4342303 6.419685 6.419685 6.419685 7.5242662 6.4035206 6.4035206 6.098526 6.098526 6.098526 6.098526 6.098526
7.374525 7.484251 7.484251 7.484251 7.484251 7.484251 7.484251 7.484251 6.2291336 6.895579 6.895579 6.895579 7.374525 7.374525 7.374525 7.374525 7.374525 7.374525 7.374525 6.2291336 7.484251 7.543307 7.543307 7.543307 6.954443 6.954443 6.303937 7.543307 7.543307 7.543307 7.543307 7.543307 7.543307 7.543307 7.5242662 7.5242662 7.543307 7.5242662 7.5242662 7.543307 7.543307 6.954443 6.954443 7.5242662 7.5242662 7.543307 7.4342303 7.4342303 7.4342303 7.543307 6.419685 6.4035206 6.419685 6.4035206 6.4035206 6.4035206 6.098526 6.098526 6.098526 6.419685 6.419685
7.374525 7.484251 7.465533 7.484251 7.484251 7.484251 6.2291336 6.2291336 6.2291336 6.895579 6.895579 6.895579 6.2291336 6.2291336 6.2291336 6.2291336 7.374525 7.374525 6.895579 6.895579 6.895579 7.4342303 7.4342303 7.4342303 7.4342303 7.4342303 6.303937 7.543307 7.543307 7.543307 7.5242662 7.5242662 7.543307 7.5242662 7.5242662 7.5242662 7.543307 7.5242662 7.543307 7.543307 7.543307 7.5242662 7.543307 7.5242662 7.5242662 7.4342303 7.4342303 7.4342303 7.4342303 6.4035206 6.4035206 6.4035206 6.4035206 6.4035206 6.4035206 6.4035206 6.4035206 6.098526 6.098526 6.098526 6.419684
7.484251 7.465533 7.465533 7.484251 7.484251 7.484251 6.2291336 6.2291336 6.2291336 6.2291336 6.2291336 6.2291336 6.2291336 6.2291336 6.2291336 6.2291336 6.895579 6.895579 6.895579 6.895579 6.895579 6.954443 6.954443 7.4342303 7.4342303 7.4342303 7.4342303 7.4342303 7.4342303 7.4342303 7.5242662 7.5242662 7.5242662 7.5242662 7.543307 7.543307 7.543307 7.5242662 7.5242662 7.543307 7.543307 7.5242662 7.4342303 7.4342303 7.4342303 7.4342303 7.4342303 7.4342303 7.543307 7.543307 6.4035206 6.4035206 6.098526 6.098526 6.098526 6.098526 6.098526 6.098526 6.4035206 6.4035206 6.419684
7.484251 7.484251 6.2291336 6.2291336 6.2291336 6.2291336 6.2291336 6.2291336 6.2291336 6.2291336 6.2291336 6.2291336 6.2291336 6.895579 7.484251 7.484251 6.895579 6.003602 6.895579 6.895579 6.895579 6.954443 6.954443 6.303937 6.303937 6.303937 6.303937 7.543307 7.543307 7.4342303 7.4342303 7.4342303 7.4342303 7.4342303 7.4342303 7.4342303 7.4342303 7.4342303 7.4342303 7.4342303 7.4342303 7.4342303 7.4342303 7.4342303 7.4342303 7.4342303 7.4342303 7.4342303 7.5242662 7.5242662 6.4035206 6.4035206 6.4035206 6.098526 6.098526 6.098526 6.098526 6.098526 6.098526 6.098526 6.419684
7.484251 7.484251 7.484251 7.484251 6.895579 6.895579 6.895579 6.2291336 6.2291336 6.895579 6.895579 6.895579 6.2291336 6.895579 6.895579 6.895579 6.895579 6.003602 6.003602 6.895579 6.895579 6.098526 6.954443 6.303937 6.303937 6.303937 6.303937 7.5242662 7.5242662 7.543307 7.543307 7.4342303 7.4342303 7.543307 7.543307 7.543307 7.543307 7.4342303 7.4342303 7.4342303 7.4342303 7.4342303 7.4342303 7.4342303 7.4342303 7.4342303 7.4342303 7.5242662 7.5242662 7.5242662 6.4035206 6.4035206 6.4035206 6.098526 6.098526 6.098526 6.098526 6.098526 6.098526 6.098526 6.419684
7.484251 7.484251 7.484251 6.895579 6.895579 6.003602 6.895579 6.895579 6.895579 6.895579 6.895579 6.895579 6.895579 6.895579 6.895579 6.003602 6.003602 6.003602 6.003602 6.895579 6.895579 6.098526 6.098526 6.954443 6.303937 6.303937 6.303937 7.5242662 7.5242662 6.954443 6.303937 6.303937 7.4342303 7.4342303 7.543307 7.543307 7.543307 7.543307 7.4342303 7.4342303 7.4342303 7.4342303 7.4342303 7.4342303 7.4342303 7.4342303 7.4342303 6.303937 6.4035206 6.098526 6.098526 6.4035206 6.4035206 6.098526 6.098526 6.098526 6.098526 6.419685 6.098526 6.098526 6.098526
7.484251 7.484251 7.484251 6.895579 6.003602 6.003602 6.895579 6.895579 6.895579 6.895579 6.895579 6.895579 6.895579 6.895579 6.895579 6.895579 6.003602 6.003602 6.003602 6.895579 6.895579 6.954443 6.098526 6.954443 6.303937 6.303937 6.303937 7.543307 6.954443 6.954443 7.4342303 6.303937 6.303937 7.4342303 7.543307 7.543307 7.543307 7.4342303 7.4342303 7.4342303 7.4342303 7.4342303 7.4342303 7.5242662 7.5242662 7.4342303 7.4342303 7.5242662 6.4035206 6.098526 6.098526 6.4035206 6.419684 6.419684 6.419684 6.4035206 6.4035206 6.4035206 6.098526 6.098526 6.098526
7.374525 7.374525 7.484251 6.895579 6.895579 6.895579 6.895579 6.895579 6.895579 6.895579 6.895579 6.2291336 6.2291336 6.2291336 6.895579 6.895579 6.895579 6.895579 6.895579 6.895579 7.465533 7.5242662 7.543307 6.303937 6.303937 6.303937 6.303937 6.303937 6.954443 6.954443 7.4342303 7.4342303 7.543307 7.4342303 7.543307 7.543307 7.4342303 7.4342303 7.4342303 7.4342303 7.4342303 7.4342303 7.4342303 7.4342303 7.4342303 7.5242662 7.5242662 7.5242662 6.4035206 6.419684 6.4035206 6.4035206 6.419684 6.419684 6.4035206 6.4035206 6.4035206 6.4035206 6.4035206 6.098526 6.098526
6.895579 6.895579 6.895579 6.895579 6.895579 6.895579 6.895579 6.895579 6.895579 6.895579 6.895579 6.2291336 6.2291336 6.2291336 6.2291336 6.2291336 6.895579 6.003602 6.895579 7.465533 7.465533 7.543307 7.543307 6.303937 6.303937 6.303937 7.543307 6.303937 6.954443 6.954443 7.4342303 7.543307 7.543307 7.4342303 7.543307 7.4342303 7.4342303 7.4342303 7.4342303 7.4342303 7.4342303 7.4342303 7.543307 6.954443 6.954443 6.954443 7.4342303 7.5242662 7.543307 6.419684 6.419684 7.4342303 7.543307 6.419684 7.4342303 6.419684 6.4035206 6.419684 6.4035206 7.543307 7.5242662
6.895579 6.895579 6.895579 6.895579 7.374525 7.374525 7.374525 6.895579 6.895579 6.895579 6.2291336 6.2291336 6.2291336 6.2291336 6.2291336 7.465533 7.465533 6.003602 6.895579 7.484251 7.484251 7.5242662 7.5242662 6.303937 6.303937 6.303937 7.543307 6.303937 6.954443 6.954443 6.954443 6.303937 7.4342303 7.4342303 7.4342303 7.4342303 7.543307 7.4342303 6.954443 6.954443 6.954443 6.954443 6.954443 6.954443 6.954443 6.954443 6.954443 7.5242662 7.543307 7.543307 7.543307 7.543307 7.543307 7.543307 7.543307 6.098526 6.098526 7.5242662 7.543307 7.5242662 7.5242662
6.895579 7.484251 7.484251 7.484251 7.484251 7.374525 7.374525 6.895579 6.895579 6.895579 6.895579 6.2291336 6.2291336 6.2291336 6.2291336 7.465533 7.465533 7.465533 7.465533 7.484251 7.484251 7.5242662 7.5242662 6.303937 6.303937 7.543307 7.543307 7.543307 6.954443 6.954443 6.954443 6.303937 7.4342303 7.4342303 7.4342303 7.543307 7.543307 7.4342303 6.954443 6.954443 6.954443 6.954443 6.954443 6.954443 6.954443 6.954443 6.954443 7.5242662 7.543307 7.543307 7.543307 7.543307 7.543307 7.5242662 6.954443 6.954443 6.954443 7.543307 7.5242662 7.5242662 7.5242662
7.484251 7.484251 7.484251 7.484251 7.374525 7.374525 6.895579 6.895579 6.895579 6.895579 6.895579 6.2291336 6.2291336 6.2291336 6.2291336 6.2291336 6.2291336 6.2291336 6.2291336 6.2291336 6.2291336 6.303937 6.303937 6.303937 7.5242662 7.5242662 7.5242662 7.5242662 7.543307 7.543307 7.4342303 6.954443 7.4342303 6.303937 7.543307 7.543307 7.543307 7.5242662 7.5242662 6.954443 6.954443 6.954443 6.954443 6.954443 6.954443 6.954443 6.954443 6.954443 7.543307 7.543307 7.543307 7.543307 7.543307 7.5242662 7.543307 7.543307 7.543307 7.543307 7.543307 7.5242662 7.543307
7.484251 7.484251 7.484251 7.484251 7.374525 7.374525 6.2291336 6.895579 6.895579 6.895579 6.895579 6.2291336 6.2291336 6.2291336 6.2291336 6.2291336 6.2291336 6.2291336 6.2291336 7.374525 7.374525 6.303937 7.543307 6.303937 7.5242662 7.5242662 7.5242662 7.5242662 7.5242662 7.5242662 6.954443 6.954443 7.543307 6.303937 6.303937 7.5242662 7.5242662 7.5242662 7.5242662 6.954443 6.954443 6.954443 6.954443 6.954443 6.954443 6.954443 6.954443 6.954443 7.543307 7.543307 7.543307 7.543307 7.543307 7.5242662 7.5242662 7.543307 7.543307 7.543307 7.543307 7.543307 7.5242662
7.484251 7.484251 7.484251 7.484251 7.484251 7.484251 7.484251 7.484251 6.895579 6.895579 6.2291336 6.2291336 6.2291336 6.2291336 6.2291336 6.2291336 6.2291336 6.2291336 6.2291336 7.374525 7.374525 7.543307 7.543307 7.4342303 7.4342303 7.5242662 7.5242662 7.5242662 7.5242662 7.5242662 6.954443 6.954443 7.5242662 7.5242662 6.303937 7.5242662 7.5242662 7.5242662 6.954443 6.954443 6.954443 6.954443 6.954443 6.954443 6.954443 6.954443 6.954443 6.954443 7.4342303 7.543307 7.543307 7.543307 7.4342303 7.4342303 7.4342303 7.4342303 7.543307 7.543307 7.543307 6.303937 7.5242662
6.720472 6.720472 6.720472 6.720472 6.720472 6.720472 6.720472 6.720472 6.1418595 6.1418595 6.720472 6.605388 6.605388 5.5932283 5.5932283 6.720472 6.720472 6.720472 6.720472 6.6993513 6.605388 6.4764624 6.4764624 6.4764624 6.4764624 6.586613 6.586613 6.586613 6.5666127 6.5666127 6.586613 6.0124226 6.4764624 6.4764624 5.5154333 5.5154333 6.5666127 6.5666127 6.0124226 6.0124226 6.0124226 6.0124226 6.0124226 6.0124226 6.0124226 6.0124226 5.2045636 6.0124226 6.0124226 6.586613 6.586613 6.586613 6.4764624 6.4764624 6.4764624 6.4764624 6.4764624 6.586613 6.586613 5.5154333 6.4764624
6.720472 6.720472 6.720472 6.1418595 6.1418595 6.720472 6.720472 6.605388 6.720472 6.720472 6.720472 6.605388 6.6993513 5.5932283 5.5932283 6.720472 6.720472 6.720472 6.720472 6.6993513 6.605388 6.4764624 6.4764624 6.4764624 6.4764624 6.4764624 6.4764624 6.4764624 6.586613 6.586613 6.586613 6.566612 6.4764624 6.4764624 6.566612 6.566612 6.0124226 6.5666127 6.5666127 6.0124226 6.0124226 6.0124226 6.0124226 6.0124226 6.0124226 6.0124226 5.2045636 6.0124226 6.0124226 6.4764624 6.586613 6.586613 6.4764624 6.586613 6.4764624 6.4764624 6.586613 6.586613 6.0124226 6.586613 5.4866133
6.720472 6.720472 6.720472 6.1418595 6.1418595 6.605388 6.605388 6.605388 6.605388 6.605388 6.605388 6.720472 6.6993513 6.6993513 6.720472 6.720472 6.720472 6.720472 6.6993513 6.6993513 6.6993513 6.4764624 6.4764624 6.4764624 6.4764624 6.4764624 5.4789305 6.4764624 6.586613 6.586613 6.586613 6.566612 6.0124226 6.0124226 6.566612 6.566612 5.5154333 5.5154333 6.0124226 6.0124226 6.0124226 6.0124226 6.0124226 6.0124226 6.0124226 6.0124226 6.0124226 6.0124226 6.0124226 6.4764624 6.0124226 6.0124226 6.586613 6.586613 6.4764624 6.586613 6.586613 5.5154333 5.2045636 5.4866133 5.4866133
