Export/ASCII/RMeteo_SP_inch/p1/RMeteo_2018_SP4_inch.asc
ncols         660
nrows         338
xllcorner     1476100.0
yllcorner     5017100.0
cellsize      100
NODATA_value  -9.9e-20
[rows 224 to 251 of 338, columns 310 to 371 of 660]
9.903046 9.903046 9.903046 4.0393076 4.0393076 4.0393076 4.0393076 6.8905478 6.7395277 9.679829 9.679829 9.679829 9.679829 9.679829 6.7395277 6.7395277 6.7395277 6.7395277 6.7395277 6.7395277 5.5980062 5.5980062 5.5980062 5.5980062 5.5980062 5.5980062 5.5980062 5.5980062 6.7395277 7.05567 6.578396 6.936096 6.936096 7.05567 7.05567 9.679829 9.679829 9.679829 9.679829 9.679829 9.679829 8.251867 8.251867 8.251867 8.251867 8.251867 3.9689412 3.9689412 3.9689412 3.9689412 3.9689412 3.9689412 4.342476 4.342476 7.0556707 7.0556707 7.0556707 7.0556707 7.0556707 4.342476 4.342476 4.2145185
9.903046 9.903046 9.903046 4.4326982 4.0393076 4.0393076 4.0393076 6.8905478 6.7395277 8.251867 8.251867 8.251867 8.251867 8.251867 8.251867 8.251867 6.7395277 6.7395277 6.7395277 6.7395277 5.5980062 5.5980062 5.5980062 5.5980062 5.5980062 5.5980062 5.5980062 5.5980062 6.7395277 9.679829 7.05567 7.05567 7.05567 7.05567 9.679829 8.93681 9.679829 9.679829 9.679829 9.679829 8.889842 8.251867 8.251867 8.251867 8.251867 6.7395277 3.9689412 3.9689412 3.9689412 3.9689412 3.9689412 4.2145185 4.2145185 4.2145185 7.0556707 7.0556707 7.0556707 7.0556707 7.0556707 7.0556707 4.2145185 6.578396
9.903046 9.903046 9.903046 9.903046 4.4326982 4.4326982 4.0393076 6.8905478 6.7395277 8.251867 8.251867 8.251867 8.251867 6.578396 8.251867 8.251867 9.679829 8.889842 6.7395277 6.7395277 5.5980062 5.5980062 5.5980062 5.5980062 5.5980062 5.5980062 5.5980062 5.5980062 6.7395277 9.679829 9.679829 7.05567 7.05567 7.05567 9.679829 8.93681 9.679829 9.679829 9.679829 9.679829 8.889842 8.251867 8.251867 8.251867 9.679829 6.7395277 6.7395277 3.9689412 3.9689412 3.9689412 3.9689412 4.2145185 4.2145185 6.578396 6.578396 6.578396 6.578396 6.578396 7.0556707 7.0556707 4.2145185 6.578396
9.903046 9.903046 9.903046 9.903046 7.244297 7.244297 4.0393076 6.8905478 6.7395277 8.251867 8.251867 8.251867 8.251867 8.251867 8.251867 9.679829 9.679829 9.679829 8.889842 6.7395277 6.7395277 5.5980062 5.5980062 5.5980062 5.5980062 5.5980062 5.5980062 5.5980062 6.7395277 8.251867 8.251867 7.05567 7.05567 6.578396 8.251867 8.93681 9.679829 9.679829 9.679829 9.679829 9.679829 9.679829 9.679829 8.251867 8.251867 9.679829 6.7395277 3.9689412 3.9689412 3.9689412 3.9689412 3.9689412 4.2145185 7.0556707 6.578396 6.578396 6.578396 6.578396 7.0556707 7.0556707 4.2145185 6.578396
9.903046 7.244297 7.244297 7.244297 7.244297 7.244297 7.244297 9.903046 6.7395277 8.251867 8.251867 8.251867 8.251867 9.679829 9.679829 9.679829 9.679829 9.679829 9.679829 6.7395277 6.7395277 6.7395277 5.5980062 5.5980062 5.5980062 5.5980062 5.5980062 5.5980062 5.5980062 6.7395277 5.5980062 6.578396 8.251867 6.578396 6.7395277 8.251867 8.93681 9.679829 9.679829 9.679829 9.679829 9.679829 8.251867 8.251867 8.251867 9.679829 6.7395277 6.7395277 3.9689412 3.9689412 3.9689412 4.2145185 4.2145185 7.0556707 6.578396 6.578396 6.578396 6.578396 7.0556707 3.9689412 3.9689412 6.578396
7.244297 7.244297 7.244297 7.244297 7.244297 7.244297 7.244297 7.244297 9.679829 8.251867 9.679829 9.679829 9.679829 9.679829 9.679829 9.679829 9.679829 9.679829 9.679829 9.679829 6.7395277 6.7395277 6.7395277 5.5980062 5.5980062 5.5980062 5.5980062 5.5980062 5.5980062 6.578396 5.5980062 8.889842 9.679829 6.7395277 6.7395277 8.251867 8.251867 9.679829 9.679829 9.679829 9.679829 9.679829 8.251867 8.251867 8.251867 6.7395277 5.5980062 5.5980062 6.7395277 6.7395277 3.9689412 4.2145185 6.578396 7.0556707 7.0556707 7.0556707 7.0556707 7.0556707 7.0556707 3.9689412 3.9689412 6.578396
7.244297 7.244297 7.244297 7.244297 7.244297 7.244297 7.244297 9.903046 9.679829 9.679829 9.679829 9.679829 9.679829 9.679829 9.679829 9.679829 9.679829 9.679829 9.679829 9.679829 9.679829 9.679829 6.7395277 6.7395277 6.7395277 5.5980062 5.5980062 5.5980062 5.5980062 6.578396 6.578396 8.251867 9.679829 9.679829 6.7395277 8.889842 8.889842 6.7395277 6.7395277 6.7395277 6.7395277 6.7395277 6.7395277 8.251867 6.7395277 6.7395277 5.5980062 5.5980062 6.7395277 6.7395277 8.251867 4.2145185 6.578396 6.578396 7.0556707 7.0556707 7.0556707 7.0556707 4.342476 3.9689412 6.578396 6.578396
7.244297 7.244297 7.244297 7.244297 7.244297 7.244297 7.244297 9.903046 9.679829 9.679829 9.679829 9.679829 9.679829 9.679829 9.679829 9.679829 9.679829 9.679829 9.679829 9.679829 9.679829 9.679829 9.679829 6.7395277 6.7395277 5.5980062 5.5980062 5.5980062 5.5980062 6.578396 6.578396 7.0636215 9.679829 9.679829 6.578396 6.936096 6.936096 6.7395277 6.7395277 5.5980062 6.7395277 6.7395277 8.251867 8.251867 6.7395277 5.5980062 5.5980062 5.5980062 6.7395277 6.7395277 8.251867 6.578396 6.578396 6.578396 5.5980062 5.5980062 5.5980062 7.0556707 4.342476 4.342476 4.2145185 6.578396
7.244297 7.244297 7.244297 7.244297 7.244297 7.244297 7.110034 9.099489 8.889842 9.679829 9.679829 9.679829 9.679829 9.679829 8.93681 9.679829 9.679829 9.679829 9.679829 9.679829 9.679829 9.679829 9.679829 6.578396 5.5980062 5.5980062 5.5980062 5.5980062 5.5980062 5.5980062 6.578396 7.05567 9.679829 9.679829 6.578396 6.936096 8.889842 8.889842 6.7395277 6.7395277 5.5980062 6.7395277 8.251867 8.251867 6.7395277 5.5980062 5.5980062 5.5980062 9.679829 9.679829 8.251867 6.578396 6.578396 5.5980062 5.5980062 5.5980062 5.5980062 7.0556707 4.342476 4.342476 4.342476 7.0556707
7.244297 7.244297 7.244297 7.244297 7.244297 7.244297 7.110034 7.110034 8.889842 9.679829 9.679829 9.679829 9.679829 9.679829 0.0 8.889842 8.889842 9.679829 9.679829 9.679829 9.679829 9.679829 9.679829 7.05567 7.05567 6.578396 5.5980062 5.5980062 5.5980062 5.5980062 5.5980062 6.7395277 6.7395277 9.679829 9.679829 8.889842 8.889842 8.889842 6.7395277 6.7395277 6.7395277 8.251867 8.251867 6.7395277 5.5980062 7.05567 7.05567 7.05567 9.679829 8.251867 8.251867 6.578396 6.578396 6.578396 6.578396 6.578396 7.0556707 7.0556707 4.2925835 4.2925835 7.0556707 7.0556707
7.244297 7.244297 7.244297 7.244297 7.244297 7.244297 7.110034 9.099489 8.889842 9.679829 9.679829 9.679829 9.679829 9.679829 0.0 0.0 8.889842 9.679829 9.679829 9.679829 9.679829 9.679829 9.679829 7.05567 7.05567 7.05567 7.0556707 5.5980062 5.5980062 5.5980062 5.5980062 5.5980062 6.7395277 9.679829 9.679829 9.679829 9.679829 6.7395277 6.7395277 6.7395277 6.7395277 8.251867 8.251867 9.679829 7.05567 7.05567 7.05567 6.7395277 6.7395277 8.251867 6.578396 6.578396 6.578396 6.578396 6.578396 6.578396 7.0556707 7.0556707 4.2925835 3.9689412 7.0556707 7.0556707
7.244297 7.244297 7.244297 7.244297 7.244297 7.244297 7.244297 9.903046 9.679829 9.679829 9.679829 9.679829 9.679829 0.0 0.0 0.0 8.93681 8.889842 8.889842 9.679829 9.679829 9.679829 9.679829 7.0556707 7.0556707 7.0556707 7.0556707 6.936096 6.936096 6.936096 5.5980062 5.5980062 5.5980062 9.679829 9.498154 9.679829 9.679829 6.7395277 6.7395277 6.7395277 6.7395277 8.251867 8.251867 9.679829 7.05567 7.05567 7.05567 6.7395277 8.251867 8.251867 6.578396 6.578396 6.578396 6.578396 6.578396 6.578396 6.578396 6.936096 4.2925835 3.9689412 7.0556707 7.0556707
7.244297 7.244297 7.244297 7.244297 7.244297 7.244297 7.244297 9.903046 9.679829 9.679829 9.679829 9.679829 9.679829 8.93681 0.0 0.0 8.93681 8.889842 8.889842 8.889842 9.679829 9.679829 9.679829 7.0556707 7.0556707 7.0556707 7.0556707 6.936096 6.936096 6.936096 7.0556707 7.0556707 7.0556707 7.020109 9.498154 9.679829 9.679829 6.7395277 6.7395277 6.7395277 9.679829 9.679829 9.679829 6.7395277 5.5980062 5.5980062 5.5980062 9.679829 8.251867 8.251867 6.578396 5.5980062 5.5980062 6.578396 6.578396 6.578396 6.578396 4.292582 3.8409398 5.5980062 5.5980062 6.578396
4.4326982 7.244297 7.244297 7.244297 7.244297 7.244297 7.244297 7.244297 9.679829 9.679829 9.679829 9.679829 9.679829 9.679829 0.0 0.0 8.889842 8.889842 8.889842 9.679829 9.679829 9.679829 9.679829 9.679829 7.0556707 7.0556707 7.0556707 7.0556707 6.936096 6.936096 7.0556707 7.0556707 7.0556707 7.0556707 7.0556707 9.679829 9.679829 9.679829 9.679829 9.679829 9.679829 9.679829 9.679829 9.679829 6.7395277 6.7395277 5.5980062 9.679829 6.7395277 6.7395277 6.578396 6.578396 5.5980062 6.578396 6.578396 6.578396 6.578396 3.8409398 6.936096 6.936096 6.578396 6.578396
4.4326982 4.4326982 4.4326982 4.4326982 4.4326982 7.244297 7.244297 9.903046 9.679829 9.679829 9.679829 9.679829 9.679829 9.679829 8.889842 8.889842 8.889842 9.679829 9.679829 9.679829 9.679829 9.679829 9.679829 7.0556707 7.0556707 7.0556707 7.0556707 7.0556707 7.0556707 7.0556707 7.0556707 7.0556707 7.0556707 7.0556707 7.0556707 7.0556707 4.342476 3.8409398 7.05567 7.05567 7.05567 9.679829 7.05567 5.5980062 6.7395277 6.7395277 6.7395277 9.679829 6.7395277 6.7395277 6.578396 6.578396 6.578396 6.578396 6.578396 6.578396 6.382244 4.2145185 6.578396 6.578396 6.578396 5.5980062
9.903046 4.4326982 4.4326982 4.4326982 4.4326982 4.4326982 7.244297 9.903046 9.679829 9.679829 9.679829 9.679829 9.679829 9.679829 9.679829 9.679829 9.679829 9.679829 9.679829 9.679829 9.679829 9.679829 9.679829 7.0556707 7.0556707 7.0556707 7.0556707 7.0556707 7.0556707 7.0556707 7.0556707 7.0556707 7.0556707 7.0556707 7.0556707 7.0556707 4.342476 4.342476 4.342476 7.05567 7.05567 9.679829 9.679829 5.5980062 5.5980062 5.5980062 6.7395277 6.7395277 6.7395277 5.5980062 6.578396 6.578396 6.578396 6.578396 6.578396 6.578396 6.382244 4.2145185 4.2145185 7.05567 5.5980062 5.5980062
9.903046 4.4326982 4.4326982 4.4326982 4.4326982 4.4326982 4.4326982 9.903046 9.679829 9.679829 9.679829 3.8409398 9.679829 9.679829 9.679829 9.679829 9.679829 9.679829 9.679829 9.679829 9.679829 9.679829 7.0556707 7.0556707 7.0556707 7.0556707 7.0556707 7.0556707 7.0556707 7.0556707 7.0556707 7.0556707 7.0556707 7.0556707 7.0556707 4.342476 4.342476 4.342476 4.342476 7.05567 7.05567 9.679829 9.679829 6.7395277 5.5980062 5.5980062 6.7395277 6.7395277 5.5980062 5.5980062 5.5980062 5.5980062 6.578396 6.578396 6.578396 6.578396 3.8409398 4.342476 4.342476 7.05567 5.5980062 5.5980062
4.4326982 4.4326982 4.4326982 4.4326982 4.4326982 4.4326982 4.4326982 4.4326982 9.679829 9.679829 9.679829 4.342476 9.679829 9.679829 9.679829 9.679829 9.679829 9.679829 9.679829 9.679829 9.679829 9.679829 7.0556707 7.0556707 7.0556707 7.0556707 7.0556707 7.0556707 7.0556707 7.0556707 7.0556707 7.0556707 7.0556707 7.0556707 7.0556707 4.342476 4.342476 4.342476 4.342476 9.679829 9.679829 9.679829 9.679829 7.05567 5.5980062 5.5980062 9.679829 6.7395277 6.7395277 6.7395277 6.7395277 6.7395277 6.578396 6.578396 6.578396 6.578396 3.8409398 3.9689412 5.5980062 5.5980062 5.5980062 5.5980062
9.903046 4.398467 4.398467 4.398467 4.4326982 4.4326982 4.4326982 4.398467 8.889842 9.679829 9.679829 4.342476 8.251867 8.251867 9.679829 9.679829 9.679829 9.679829 8.93681 9.679829 9.679829 7.0556707 7.0556707 7.0556707 7.0556707 7.0556707 7.0556707 7.0556707 7.0556707 7.0556707 7.0556707 7.0556707 7.0556707 7.0556707 4.342476 4.342476 4.342476 4.342476 8.251867 9.679829 9.679829 9.679829 6.936096 6.936096 6.936096 6.578396 6.578396 9.679829 9.679829 6.7395277 6.7395277 8.251867 6.578396 6.578396 6.578396 6.578396 3.9689412 3.8409398 3.9689412 5.5980062 5.5980062 5.5980062
9.099489 9.099489 4.398467 4.398467 4.4326982 4.4326982 4.4326982 4.398467 8.889842 9.679829 9.679829 4.342476 8.251867 8.251867 8.251867 8.251867 9.679829 9.679829 9.679829 9.679829 9.679829 7.0556707 7.0556707 7.0556707 7.0556707 7.0556707 7.0556707 7.0556707 7.0556707 7.0556707 7.0556707 7.0556707 7.0556707 7.0556707 4.342476 4.342476 4.342476 4.342476 4.342476 9.679829 9.679829 9.679829 6.936096 6.936096 7.0556707 6.578396 6.578396 9.679829 8.251867 9.679829 8.889842 8.889842 6.578396 6.578396 7.05567 6.382244 3.9689412 3.9689412 3.9689412 5.5980062 5.5980062 5.5980062
9.903046 9.903046 9.903046 9.903046 4.4326982 4.4326982 4.4326982 4.4326982 9.679829 9.679829 9.679829 4.342476 9.679829 8.251867 8.251867 8.251867 8.251867 8.251867 9.679829 8.889842 9.679829 9.679829 7.0556707 7.0556707 7.0556707 7.0556707 7.0556707 7.0556707 7.0556707 7.0556707 7.0556707 7.0556707 7.0556707 4.342476 4.342476 4.342476 4.342476 4.342476 4.342476 9.679829 9.679829 9.679829 6.936096 6.936096 6.578396 6.578396 6.578396 8.251867 9.679829 9.679829 9.679829 8.889842 6.578396 6.578396 7.05567 6.382244 6.382244 3.8409398 3.9689412 5.5980062 5.5980062 5.5980062
9.903046 9.903046 9.903046 9.903046 4.4326982 4.4326982 4.4326982 4.4326982 3.8409398 3.8409398 3.8409398 4.342476 9.679829 8.251867 8.251867 6.578396 6.578396 8.251867 9.679829 8.889842 9.679829 9.679829 7.0556707 6.578396 6.578396 7.0556707 7.0556707 7.0556707 7.0556707 7.0556707 7.0556707 7.0556707 6.578396 4.2145185 4.342476 4.342476 4.342476 6.578396 4.342476 9.679829 9.679829 9.679829 7.0556707 7.0556707 6.578396 6.578396 6.7395277 8.251867 8.251867 9.679829 9.679829 9.679829 8.251867 6.578396 6.578396 6.382244 6.382244 3.9689412 3.9689412 3.9689412 5.5980062 5.5980062
9.903046 9.903046 9.903046 9.903046 4.4326982 4.4326982 4.4326982 4.4326982 3.8409398 3.8409398 4.342476 4.342476 9.679829 9.679829 9.679829 8.251867 6.578396 8.251867 9.679829 9.679829 9.679829 9.679829 7.0556707 6.936096 6.936096 6.578396 7.0556707 7.0556707 7.0556707 7.0556707 7.0556707 7.0556707 6.936096 4.292582 4.342476 4.342476 4.342476 6.578396 9.679829 9.679829 9.679829 9.679829 9.679829 7.0556707 5.5980062 5.5980062 6.7395277 5.5980062 6.578396 6.578396 9.679829 8.251867 8.251867 6.578396 7.05567 6.382244 6.382244 3.9689412 3.9689412 3.9689412 5.5980062 5.5980062
9.903046 9.903046 9.903046 9.903046 4.4326982 4.4326982 4.4326982 4.4326982 4.342476 3.8409398 3.8409398 4.342476 9.679829 9.679829 9.679829 8.251867 8.251867 8.251867 8.251867 9.679829 9.679829 9.679829 9.679829 6.936096 6.936096 6.578396 7.0556707 7.0556707 7.0556707 7.0556707 7.0556707 7.0556707 6.936096 4.292582 4.342476 4.342476 4.342476 4.2145185 9.679829 9.679829 9.679829 9.679829 9.679829 7.05567 5.5980062 5.5980062 5.5980062 5.5980062 6.578396 6.578396 6.578396 8.251867 6.578396 6.578396 5.5980062 7.05567 7.05567 3.8409398 3.9689412 3.9689412 3.9689412 3.9689412
9.903046 9.903046 9.903046 9.903046 9.903046 4.4326982 4.4326982 4.4326982 4.342476 4.342476 3.8409398 3.8409398 9.679829 9.679829 9.679829 9.679829 8.251867 8.251867 8.251867 8.251867 8.251867 9.679829 9.679829 6.578396 6.578396 6.578396 7.0556707 7.0556707 7.0556707 7.0556707 7.0556707 7.0556707 6.936096 6.936096 4.342476 4.342476 4.342476 4.342476 9.679829 9.679829 9.679829 9.679829 9.679829 5.5980062 5.5980062 5.5980062 5.5980062 5.5980062 6.578396 6.578396 6.578396 6.578396 6.578396 6.578396 6.578396 7.05567 6.578396 6.936096 5.5980062 5.5980062 3.9689412 3.9689412
9.903046 9.19226 9.903046 9.903046 9.903046 4.4326982 3.9881687 4.4326982 4.342476 4.342476 3.8409398 3.8409398 9.679829 9.679829 9.679829 9.679829 9.679829 9.679829 9.679829 8.251867 8.251867 9.679829 9.679829 9.679829 7.0556707 7.0556707 7.0556707 7.0556707 7.0556707 7.0556707 7.0556707 7.0556707 6.578396 7.0556707 4.342476 4.342476 4.342476 4.342476 9.679829 9.679829 9.679829 9.679829 7.0556707 5.5980062 5.5980062 5.5980062 5.5980062 5.5980062 6.578396 6.578396 6.578396 6.578396 6.578396 6.578396 6.578396 6.578396 6.578396 6.578396 6.578396 6.936096 5.5980062 3.9689412
9.903046 9.903046 9.903046 9.903046 9.19226 9.099489 4.398467 4.4326982 4.342476 4.342476 4.342476 3.8409398 9.679829 9.679829 9.679829 9.679829 9.679829 9.679829 9.679829 9.679829 9.679829 9.679829 9.679829 9.679829 7.0556707 7.0556707 7.0556707 7.0556707 7.0556707 7.0556707 7.0556707 7.0556707 7.0556707 7.0556707 4.342476 4.342476 4.342476 4.342476 4.342476 9.679829 9.679829 7.0556707 7.05567 5.5980062 5.5980062 5.5980062 5.5980062 6.578396 6.578396 6.578396 6.578396 6.578396 6.578396 6.578396 6.578396 6.578396 6.578396 6.578396 5.5980062 6.936096 6.936096 6.936096
9.903046 9.903046 9.19226 9.19226 9.19226 9.099489 4.4326982 4.4326982 4.342476 4.342476 4.342476 9.679829 9.679829 9.679829 9.679829 9.679829 7.0556707 9.679829 9.679829 9.679829 9.679829 9.679829 9.679829 9.679829 9.679829 7.0556707 7.0556707 6.382244 7.0556707 7.0556707 7.0556707 7.0556707 7.0556707 7.0556707 4.342476 4.342476 4.342476 4.342476 4.342476 9.679829 9.679829 9.679829 6.7395277 6.7395277 5.5980062 5.5980062 5.5980062 6.578396 6.578396 6.578396 6.578396 6.578396 6.578396 6.578396 6.578396 6.578396 6.578396 6.578396 5.5980062 5.5980062 5.5980062 6.936096
