Export/ASCII/RMeteo_SP_inch/p1/RMeteo_2014_SP2_inch.asc
ncols         660
nrows         338
xllcorner     1476100.0
yllcorner     5017100.0
cellsize      100
NODATA_value  -9.9e-20
[rows 162 to 188 of 338, columns 122 to 182 of 660]
5.087102 5.087102 5.087102 5.087102 5.087102 6.0026894 6.0026894 6.0026894 5.087102 5.087102 6.0026894 5.087102 5.087102 5.60392 5.60392 5.60392 5.60392 5.087102 5.087102 5.087102 5.087102 5.087102 5.087102 5.087102 5.087102 5.087102 5.087102 5.087102 5.087102 5.60392 5.60392 5.60392 5.087102 5.60392 5.804633 5.60392 5.804633 5.804633 6.0026894 5.915181 5.915181 5.823456 5.823456 5.823456 5.178436 5.663373 5.663373 5.663373 5.663373 5.663373 5.663373 5.663373 5.178436 5.178436 5.178436 5.663373 5.178436 5.178436 5.178436 5.663373 5.888838
5.087102 5.087102 5.087102 5.087102 5.087102 6.0026894 6.0026894 6.0026894 5.087102 6.0026894 5.60392 5.60392 5.60392 5.60392 5.60392 5.60392 5.60392 5.087102 5.087102 5.087102 5.087102 5.087102 5.087102 5.087102 5.087102 5.087102 5.087102 5.087102 5.60392 5.60392 5.60392 5.60392 5.60392 5.60392 5.60392 5.60392 5.60392 5.60392 5.60392 6.1692905 5.915181 5.823456 5.823456 5.915181 5.178436 5.178436 5.663373 5.663373 5.663373 5.663373 5.915182 5.663373 5.663373 5.178436 5.915182 5.663373 5.663373 5.663373 5.663373 5.663373 5.888838
5.087102 5.087102 5.087102 5.087102 6.0026894 6.0026894 5.60392 5.60392 5.60392 5.60392 5.60392 5.60392 5.60392 5.60392 5.60392 5.60392 5.60392 5.087102 5.60392 5.60392 5.60392 5.60392 5.60392 6.0026894 5.087102 5.087102 5.087102 5.087102 5.087102 5.087102 5.087102 5.60392 5.60392 5.60392 5.60392 5.60392 5.60392 5.60392 6.0026894 6.1692905 5.915181 5.915181 5.915181 5.915181 5.178436 5.178436 5.663373 5.663373 5.663373 5.663373 5.663373 5.663373 5.663373 5.663373 5.663373 5.663373 5.663373 5.663373 5.663373 5.663373 5.663373
5.60392 5.087102 5.60392 5.60392 5.60392 5.60392 5.60392 5.60392 5.60392 5.60392 5.60392 5.60392 6.0026894 5.60392 5.60392 5.087102 5.60392 5.60392 5.60392 5.60392 5.937167 6.0026894 6.0026894 6.0026894 5.087102 5.087102 5.087102 5.087102 5.087102 5.087102 5.087102 5.60392 5.60392 5.60392 5.60392 5.60392 5.60392 5.60392 6.0026894 5.915181 5.915181 5.915181 5.178436 5.915181 5.178436 5.178436 5.663373 5.663373 5.915182 5.915182 5.663373 5.663373 5.663373 5.663373 5.663373 5.663373 5.663373 5.663373 5.663373 5.663373 5.663373
5.60392 5.60392 5.60392 5.60392 5.60392 5.60392 5.60392 5.60392 5.60392 5.087102 6.0026894 6.0026894 6.0026894 5.60392 5.087102 5.087102 5.60392 5.60392 5.60392 5.937167 5.937167 5.937167 5.60392 5.60392 5.60392 5.60392 5.087102 5.087102 5.087102 5.087102 5.087102 5.60392 5.60392 5.60392 5.60392 5.60392 5.60392 5.60392 6.0026894 5.915181 6.1692905 5.178436 5.823456 5.823456 5.915181 5.915181 5.915181 5.823456 5.915182 5.663373 5.663373 5.663373 5.663373 5.663373 6.0428295 6.0428295 5.663373 5.663373 5.915181 5.915181 5.915181
5.60392 5.60392 5.60392 5.60392 5.60392 5.60392 5.60392 6.0026894 5.804633 5.804633 5.804633 6.0026894 5.087102 5.087102 5.087102 5.087102 5.087102 6.0026894 5.937167 5.937167 5.937167 5.60392 5.60392 5.60392 5.60392 5.60392 5.087102 5.087102 5.087102 5.087102 5.60392 5.60392 5.60392 5.60392 5.60392 5.60392 5.60392 5.60392 6.0026894 5.915181 5.915181 5.178436 5.823456 5.823456 5.915181 5.915181 5.915181 5.915181 5.915182 5.663373 5.823456 5.663373 5.663373 5.663373 6.1692905 6.1692905 5.663373 5.915181 5.663373 5.663373 5.915181
5.60392 5.60392 5.60392 5.60392 5.804633 5.804633 6.0026894 6.0026894 5.804633 5.087102 5.804633 6.0026894 6.0026894 5.087102 5.087102 5.087102 6.0026894 6.0026894 5.60392 5.60392 5.60392 5.60392 5.60392 5.60392 5.60392 5.60392 5.60392 5.087102 5.087102 5.087102 5.60392 5.60392 5.60392 5.60392 5.60392 5.60392 5.60392 5.60392 6.0026894 5.915181 5.915181 5.915181 5.915181 5.915181 5.915181 5.915181 5.915181 5.915181 5.915181 5.915181 5.663373 5.915181 5.663373 5.915181 6.1692905 6.1692905 5.915181 5.915181 5.663373 5.663373 5.663373
5.60392 5.60392 5.60392 5.60392 5.804633 5.804633 6.0026894 6.0026894 6.0026894 5.087102 5.087102 6.0026894 6.0026894 5.087102 5.087102 5.087102 5.804633 5.60392 5.60392 5.60392 5.60392 5.60392 5.60392 5.60392 5.60392 5.60392 5.60392 5.60392 5.60392 5.60392 5.60392 5.60392 5.60392 5.60392 5.60392 5.60392 5.60392 5.60392 6.0026894 5.915181 5.915181 5.915181 5.915181 5.915181 5.915181 5.823456 6.1272697 6.1692905 6.1272697 6.1272697 6.1692905 5.915181 5.915181 5.915181 6.1692905 6.1692905 5.915181 5.915181 5.915181 5.663373 5.663373
5.804633 5.60392 5.60392 6.0026894 5.087102 5.087102 6.0026894 6.0026894 6.0026894 6.0026894 6.0026894 5.937167 5.937167 5.087102 5.087102 5.087102 5.60392 5.60392 5.60392 6.0026894 5.60392 5.60392 5.60392 5.60392 5.60392 5.60392 5.60392 5.60392 5.60392 5.60392 5.60392 5.60392 5.60392 5.60392 5.60392 5.60392 5.60392 5.60392 6.0026894 5.915181 5.915181 5.915181 5.915181 5.915181 5.915181 5.823456 6.1272697 6.1272697 6.1272697 6.1272697 5.4192905 5.915181 5.823456 5.823456 5.915181 6.1692905 5.915181 5.915181 5.663373 5.663373 5.663373
5.804633 5.804633 5.60392 6.0026894 5.087102 5.087102 5.60392 5.60392 6.0026894 6.0026894 5.60392 5.60392 5.60392 5.804633 5.804633 5.60392 5.60392 5.60392 5.60392 6.0026894 6.0026894 5.60392 5.60392 5.60392 5.60392 5.60392 5.60392 5.60392 5.60392 5.60392 5.60392 5.60392 5.60392 5.60392 5.60392 5.60392 6.0026894 6.0026894 6.0026894 5.915181 5.915181 5.915181 5.915181 5.915181 6.1692905 5.5883646 5.5883646 6.1692905 6.1692905 6.1692905 6.127269 5.915181 5.823456 5.823456 5.915181 6.1692905 5.915181 5.915181 5.663373 5.663373 5.915181
6.251747 6.251747 6.0026894 6.0026894 6.0026894 5.087102 5.60392 5.60392 5.60392 6.0026894 5.60392 5.60392 5.60392 5.60392 5.804633 5.60392 5.60392 5.60392 6.0026894 5.087102 5.804633 5.60392 5.60392 5.60392 5.60392 5.60392 5.60392 5.60392 5.60392 5.60392 5.087102 5.60392 5.60392 5.804633 5.087102 5.087102 6.0026894 6.0026894 6.0026894 5.915181 5.915181 5.915181 5.178436 5.178436 6.1272697 6.1272697 5.5883646 6.1692905 6.1692905 5.915181 5.823456 5.915181 5.915181 5.823456 5.823456 5.4192905 5.915181 5.915181 5.663373 5.663373 5.663373
6.251747 6.139224 6.139224 5.804633 6.0026894 5.60392 5.60392 5.087102 5.087102 5.60392 5.60392 5.60392 5.60392 5.60392 6.0026894 6.0026894 5.804633 5.804633 5.60392 5.804633 5.804633 5.60392 5.60392 5.804633 5.804633 5.087102 5.087102 5.60392 5.60392 5.60392 5.087102 5.087102 5.087102 5.087102 5.087102 5.087102 6.0026894 6.0026894 6.0026894 5.915181 5.915181 5.915181 5.178436 5.178436 6.1272697 6.1272697 5.4192905 6.1272697 6.1692905 5.915181 5.823456 5.915181 5.915181 5.823456 5.823456 5.4192905 5.915181 5.915181 5.915181 5.663373 5.915181
6.003749 6.139224 6.139224 6.003749 5.60392 5.60392 5.60392 5.087102 5.087102 5.087102 5.60392 5.60392 5.60392 5.60392 6.0026894 6.0026894 6.0026894 5.804633 5.804633 5.804633 5.804633 5.60392 5.60392 5.087102 5.087102 5.087102 5.087102 5.60392 5.60392 5.60392 5.804633 5.087102 5.087102 5.087102 6.0026894 6.0026894 6.0026894 6.0026894 6.0026894 5.915181 5.823456 5.823456 5.823456 5.823456 6.1692905 6.1692905 6.1692905 6.1692905 6.1692905 5.915181 5.915181 5.915181 5.915181 5.915181 5.915181 5.4192905 6.1692905 5.178436 5.178436 5.178436 5.915181
6.251747 6.251747 6.003749 6.003749 5.60392 5.60392 5.60392 5.087102 5.087102 5.087102 5.60392 5.60392 5.60392 5.60392 6.0026894 6.0026894 6.0026894 5.60392 5.804633 5.804633 6.0026894 6.0026894 5.087102 5.087102 5.087102 5.087102 5.087102 5.60392 5.60392 5.804633 5.804633 5.087102 5.087102 5.804633 5.804633 5.804633 6.0026894 6.0026894 6.0026894 5.915181 5.823456 5.823456 5.823456 5.823456 5.915182 6.1692905 6.1692905 6.1692905 6.1692905 6.1692905 5.915181 5.915181 5.915181 5.915181 5.915181 5.4192905 6.1692905 5.178436 5.178436 5.178436 5.915181
6.139224 6.139224 6.003749 5.60392 5.60392 5.60392 5.60392 5.087102 5.087102 5.087102 5.60392 5.60392 5.60392 5.60392 5.60392 5.087102 6.0026894 6.0026894 5.087102 5.087102 5.087102 5.60392 5.087102 5.087102 5.087102 5.087102 5.087102 5.087102 5.087102 5.087102 5.087102 5.087102 5.087102 5.087102 5.087102 6.0026894 6.0026894 6.0026894 6.251747 6.1692905 6.1692905 5.915181 5.915181 5.915181 5.823456 6.127269 6.1692905 6.1692905 5.4192905 5.4192905 5.915181 5.915181 5.915181 5.915181 5.915181 5.4192905 6.1692905 5.178436 5.178436 5.178436 5.915181
6.139224 6.139224 6.003749 6.003749 6.003749 5.60392 5.60392 5.60392 5.60392 5.60392 5.60392 5.60392 5.60392 5.60392 6.0026894 5.087102 5.087102 6.0026894 6.0026894 5.087102 5.087102 5.60392 5.60392 5.087102 5.087102 6.0026894 5.087102 5.087102 5.087102 5.087102 5.087102 5.087102 5.087102 5.087102 5.087102 6.0026894 5.3507824 5.804633 5.5019684 6.1692905 6.1692905 5.915181 5.915181 5.915181 5.915181 6.127269 5.4192905 6.1692905 5.4192905 5.4192905 5.915181 5.915181 5.915181 5.915181 5.915181 6.1692905 6.0428295 5.663373 5.178436 5.178436 5.915181
6.251747 6.139224 6.139224 6.003749 6.003749 5.60392 5.60392 5.60392 5.60392 5.60392 5.60392 5.60392 5.60392 5.60392 6.0026894 6.0026894 6.0026894 6.0026894 6.0026894 6.0026894 5.087102 6.0026894 5.60392 5.087102 5.087102 5.087102 5.087102 6.0026894 6.0026894 6.0026894 6.0026894 6.0026894 5.087102 5.087102 5.087102 5.3507824 6.0026894 6.0026894 6.251747 6.1692905 6.1692905 6.1692905 5.915181 5.915181 5.915181 6.1692905 5.4192905 5.4192905 6.1692905 5.4192905 5.915181 5.915181 5.915181 5.915181 5.915181 6.1692905 6.0428295 5.663373 5.663373 5.663373 5.915181
6.139224 6.139224 6.139224 6.003749 6.003749 6.003749 6.003749 6.003749 6.003749 6.003749 6.0026894 6.0026894 5.60392 6.0026894 6.0026894 6.0026894 6.0026894 6.0026894 6.0026894 6.0026894 6.0026894 6.0026894 5.087102 5.087102 5.087102 5.087102 5.087102 6.0026894 6.0026894 6.0026894 6.0026894 6.0026894 5.087102 5.087102 5.804633 5.804633 5.3507824 5.60392 6.003749 6.1692905 6.1692905 6.1692905 5.915181 5.915181 5.915181 5.915181 6.1692905 5.4192905 6.1692905 5.4192905 5.4192905 5.823456 5.823456 5.915181 5.915181 6.1692905 6.0428295 5.663373 5.663373 5.663373 5.915181
6.139224 6.139224 6.251747 6.139224 6.003749 6.003749 6.003749 6.003749 6.003749 6.251747 6.251747 5.804633 5.804633 6.0026894 6.0026894 5.3507824 6.0026894 6.0026894 6.0026894 6.0026894 6.0026894 6.0026894 5.087102 5.087102 5.087102 5.087102 5.087102 6.0026894 6.0026894 6.0026894 6.0026894 6.0026894 5.3507824 5.087102 5.804633 5.804633 5.3507824 5.60392 6.003749 6.1692905 6.1692905 6.1692905 6.1692905 5.915181 5.915181 5.915181 6.1692905 5.4192905 6.1692905 5.4192905 5.4192905 5.823456 5.823456 5.915181 5.915181 6.1692905 6.1692905 5.663373 5.663373 5.663373 5.663373
5.804633 6.139224 6.139224 6.139224 6.139224 6.003749 6.003749 6.003749 6.251747 6.251747 6.139224 5.804633 5.804633 5.804633 6.0026894 6.0026894 6.0026894 5.3507824 6.0026894 6.0026894 6.0026894 6.0026894 6.0026894 5.087102 6.0026894 5.60392 5.60392 5.60392 5.3507824 5.3507824 6.0026894 6.0026894 5.3507824 5.3507824 5.087102 5.087102 5.3507824 6.0026894 6.0026894 6.1692905 6.1692905 6.1692905 6.1692905 5.915181 5.915181 5.915181 5.915181 5.4192905 5.4192905 5.4192905 5.4192905 5.915181 5.915181 5.915181 6.1692905 6.1692905 6.1692905 5.663373 5.663373 5.178436 5.178436
6.1237564 5.781003 6.1237564 6.1237564 6.1237564 6.02228 6.02228 6.1850386 6.1850386 6.1850386 6.1850386 5.781003 5.781003 5.781003 5.606452 5.606452 5.8870697 5.8870697 5.781003 5.8870697 5.8870697 5.606452 5.8870697 5.8870697 5.8870697 5.606452 5.606452 5.606452 5.606452 5.606452 5.8870697 5.8870697 5.217849 5.217849 5.217849 5.217849 5.606452 5.606452 5.606452 6.3608446 6.829815 6.889763 6.829815 5.7930946 5.7930946 6.467825 6.467825 6.889763 6.889763 6.889763 6.467825 6.467825 6.467825 6.467825 6.889763 6.889763 6.889763 6.185027 6.185027 5.6748495 5.6748495
6.1850386 5.8870697 5.8870697 5.8870697 6.1850386 6.1850386 6.1850386 6.1850386 6.1850386 6.1850386 5.8870697 5.8870697 5.8870697 5.606452 5.606452 5.8870697 5.8870697 5.8870697 5.781003 5.781003 5.8870697 5.606452 5.606452 5.781003 5.8870697 5.606452 5.606452 5.606452 5.8870697 5.8870697 5.8870697 5.606452 5.606452 5.8870697 5.8870697 5.606452 5.606452 5.606452 5.606452 6.1958075 6.3608446 6.889763 6.889763 6.0797644 5.7930946 6.467825 6.467825 6.889763 6.889763 6.889763 6.467825 6.467825 6.889763 6.889763 6.889763 6.0797644 6.0797644 6.185027 6.185027 5.6748495 5.6748495
6.1850386 5.8870697 5.8870697 5.8870697 6.1850386 6.1850386 6.1850386 6.1850386 6.1850386 6.1850386 5.8870697 5.8870697 5.8870697 5.606452 5.606452 5.781003 5.781003 5.8870697 5.781003 5.8870697 5.8870697 5.606452 5.606452 5.606452 5.781003 5.606452 5.606452 5.606452 5.606452 5.606452 5.606452 5.8870697 5.217849 5.8870697 5.8870697 5.606452 5.120199 5.120199 5.120199 6.1958075 6.467825 6.889763 6.722848 6.722848 6.889763 6.467825 6.467825 6.889763 6.889763 6.889763 6.889763 6.889763 6.889763 6.889763 6.889763 6.889763 6.889763 6.889763 6.467825 6.1958075 6.1958075
6.1850386 5.8870697 5.8870697 5.8870697 5.8870697 5.8870697 6.1850386 6.1850386 6.1850386 6.02228 5.606452 5.606452 5.8870697 5.8870697 5.606452 5.781003 5.781003 5.8870697 5.781003 5.781003 5.781003 5.606452 5.606452 5.606452 5.606452 5.606452 5.606452 5.606452 5.606452 5.606452 5.606452 5.8870697 5.217849 5.8870697 5.8870697 5.606452 5.120199 5.120199 5.120199 5.6748495 6.467825 6.467825 6.722848 6.722848 6.889763 6.889763 6.0797644 6.0797644 6.0797644 6.889763 6.889763 6.889763 6.889763 6.829815 6.829815 6.889763 6.889763 6.467825 6.467825 6.467825 6.1958075
6.1850386 5.8870697 5.8870697 6.1850386 6.1850386 5.8870697 5.8870697 6.1850386 6.1237564 6.02228 5.606452 5.606452 5.8870697 5.8870697 5.8870697 5.8870697 5.8870697 5.781003 5.781003 5.781003 5.781003 5.8870697 5.8870697 5.8870697 5.606452 5.606452 5.606452 5.606452 5.606452 5.606452 5.606452 5.606452 5.8870697 5.217849 5.8870697 5.8870697 5.120199 5.120199 5.120199 5.6748495 6.1958075 6.467825 6.467825 6.722848 6.722848 6.889763 6.829815 6.829815 6.0797644 6.889763 6.829815 6.829815 6.889763 6.829815 6.829815 6.829815 6.889763 6.467825 6.467825 6.467825 6.467826
6.1850386 5.8870697 5.8870697 6.1850386 6.1850386 5.8870697 5.8870697 5.781003 6.02228 6.02228 5.606452 5.606452 5.8870697 5.8870697 5.8870697 5.8870697 5.8870697 5.781003 5.781003 5.781003 5.8870697 5.8870697 5.606452 5.606452 5.606452 5.606452 5.606452 5.606452 5.606452 5.606452 5.606452 5.606452 5.606452 5.8870697 5.8870697 5.8870697 5.8870697 5.120199 5.120199 6.1958075 6.1958075 6.467825 6.467825 6.889763 6.889763 6.889763 6.0797644 6.829815 6.0797644 6.0797644 6.829815 6.829815 6.889763 6.0797644 6.829815 6.829815 6.889763 6.467825 6.467825 6.467825 6.467825
6.1850386 5.8870697 5.8870697 6.1850386 6.1850386 6.1850386 5.8870697 5.781003 6.1237564 6.02228 5.606452 5.606452 5.8870697 5.8870697 6.1850386 5.8870697 5.8870697 5.8870697 5.8870697 5.8870697 5.8870697 5.8870697 5.606452 5.606452 5.606452 5.606452 5.606452 5.606452 5.606452 5.606452 5.606452 5.606452 5.606452 5.606452 5.8870697 5.8870697 5.120199 5.606452 5.606452 6.1958075 6.467825 6.467825 6.467825 6.467826 6.889763 6.889763 6.0797644 6.0797644 6.889763 6.889763 6.0797644 6.0797644 6.889763 6.0797644 6.889763 6.889763 6.889763 6.889763 6.889763 6.889763 6.467826
