Export/ASCII/RMeteo_SP_inch/p1/RMeteo_2014_SP2_inch.asc
ncols         660
nrows         338
xllcorner     1476100.0
yllcorner     5017100.0
cellsize      100
NODATA_value  -9.9e-20
[rows 243 to 269 of 338, columns 183 to 243 of 660]
6.467825 6.467825 6.467825 6.467825 6.889763 6.889763 6.889763 6.889763 6.889763 6.889763 6.889763 6.889763 6.889763 6.889763 6.889763 6.889763 6.889763 6.467825 6.1958075 6.1958075 6.889763 6.889763 6.889763 6.889763 6.722848 6.722848 6.722848 6.722848 6.889763 6.889763 6.889763 6.889763 6.889763 6.889763 6.889763 6.889763 6.889763 6.889763 6.722848 6.722848 6.722848 6.722848 6.1958075 6.1958075 6.722848 2.3215454 2.340592 2.340592 6.889763 6.889763 4.091878 4.091878 4.091878 4.091878 4.077028 4.077028 4.23568 4.23568 7.3897514 7.3897514 7.3897514
6.467825 6.467825 6.467825 6.467825 6.467825 6.467825 6.889763 6.889763 6.889763 6.889763 6.722848 6.722848 6.889763 6.889763 6.889763 6.889763 6.889763 6.467825 6.467825 6.889763 6.889763 6.889763 6.889763 6.889763 6.889763 6.722848 6.889763 6.889763 6.889763 6.889763 6.889763 6.889763 6.889763 6.889763 6.889763 6.889763 6.889763 6.889763 6.889763 6.722848 6.722848 6.722848 6.722848 6.722848 6.722848 2.3215454 2.3215454 2.3215454 6.889763 6.889763 4.091878 4.091878 4.091878 4.077028 4.077028 4.077028 4.23568 4.23568 4.23568 7.3897514 7.3897514
6.467825 6.467825 6.467825 6.467825 6.3608446 6.467825 6.467825 6.889763 6.889763 6.889763 6.722848 6.829815 6.889763 6.889763 6.889763 6.889763 6.889763 6.889763 6.467825 6.889763 6.889763 6.889763 6.889763 6.889763 6.889763 6.889763 6.889763 6.889763 6.889763 6.889763 6.889763 6.889763 6.889763 6.889763 6.889763 6.889763 6.889763 6.889763 6.889763 6.889763 6.722848 6.722848 6.185027 6.722848 6.722848 2.3215454 2.3215454 2.3215454 2.340592 6.889763 4.091878 4.091878 4.091878 4.091878 4.077028 4.091878 4.23568 4.23568 4.23568 4.23568 7.3897514
6.467825 6.467825 6.467825 6.467825 6.3608446 6.3608446 6.467825 6.467825 6.467825 6.889763 6.829815 6.829815 6.829815 6.889763 6.889763 6.829815 6.829815 6.889763 6.889763 6.889763 6.889763 6.889763 6.889763 6.889763 6.889763 6.889763 6.889763 6.889763 6.889763 6.889763 6.889763 6.889763 6.889763 6.889763 6.889763 6.889763 6.889763 6.889763 6.889763 6.889763 6.889763 6.722848 6.722848 6.722848 6.722848 2.3215454 2.3215454 2.3215454 2.340592 6.889763 6.889763 4.091878 4.091878 4.091878 4.091878 4.091878 4.23568 4.23568 4.23568 4.23568 4.23568
6.467825 6.467825 6.467825 6.467825 6.467825 6.3608446 6.467825 6.467825 6.467825 6.467825 6.829815 6.829815 6.889763 6.889763 6.889763 6.829815 6.829815 6.889763 6.889763 6.889763 6.889763 6.889763 6.889763 6.889763 6.889763 6.889763 6.889763 6.889763 6.889763 6.889763 6.829815 6.829815 6.829815 6.889763 6.889763 6.889763 6.889763 6.889763 6.889763 6.889763 6.722848 6.722848 6.722848 6.1958075 2.3215454 2.3215454 2.3215454 2.3215454 2.340592 6.889763 6.889763 6.889763 4.091878 4.091878 4.091878 6.3608446 6.7281084 4.23568 4.23568 4.23568 4.23568
6.467825 6.467825 6.467825 6.467825 6.467825 6.467825 6.467825 6.467825 6.467825 6.467825 6.467825 6.889763 6.889763 6.889763 6.889763 6.889763 6.889763 6.889763 6.889763 6.889763 6.889763 6.889763 6.889763 6.889763 6.889763 6.889763 6.889763 6.889763 6.889763 6.889763 6.829815 6.829815 6.829815 6.889763 6.889763 6.889763 6.889763 6.889763 6.889763 6.889763 6.722848 6.722848 6.1958075 6.1958075 2.3215454 2.3215454 2.3215454 2.3215454 2.340592 6.889763 6.889763 4.091878 4.091878 4.091878 4.091878 6.3608446 6.7281084 6.7281094 4.23568 4.23568 4.23568
6.467825 6.467825 6.467825 6.467825 6.467825 6.467825 6.467825 6.467825 6.467825 6.467825 6.467825 6.889763 6.889763 6.889763 6.889763 6.829815 6.889763 6.889763 6.889763 6.889763 6.889763 6.889763 6.889763 6.889763 6.889763 6.889763 6.889763 6.889763 6.889763 6.889763 6.829815 6.829815 6.829815 6.889763 6.889763 6.889763 6.889763 6.889763 6.889763 6.722848 6.722848 6.722848 2.3215454 6.1958075 2.3215454 2.3215454 2.3215454 2.3215454 2.3215454 6.889763 6.889763 4.091878 4.091878 4.091878 6.467825 6.467825 6.7281094 6.7281094 4.23568 4.23568 4.23568
6.467825 6.467825 6.467825 6.467825 6.467825 6.467825 6.467825 6.467825 6.467825 6.467825 6.467825 6.467825 6.889763 6.889763 6.829815 6.829815 6.889763 6.889763 6.889763 6.889763 6.889763 6.889763 6.889763 6.889763 6.889763 6.889763 6.889763 6.889763 6.889763 6.889763 6.889763 6.889763 6.889763 6.889763 6.889763 6.889763 6.889763 6.889763 6.889763 6.722848 6.722848 6.185027 2.3215454 6.1958075 6.1958075 2.3215454 2.3215454 2.3215454 6.722848 6.889763 6.889763 6.889763 4.091878 4.091878 6.1958075 6.467825 6.7281094 6.7281094 6.7281094 4.23568 4.23568
5.6748495 6.467825 6.467825 6.467825 6.467825 6.467825 6.467825 6.467825 6.467825 6.467825 6.467825 6.467825 6.467825 6.889763 6.889763 6.829815 6.829815 6.889763 6.889763 6.889763 6.889763 6.889763 6.889763 6.889763 6.889763 6.889763 6.889763 6.889763 6.889763 6.889763 6.889763 6.889763 6.889763 6.889763 6.889763 6.889763 6.829815 6.829815 2.3311815 2.340592 2.340592 2.340592 2.3215454 2.3215454 2.3215454 2.3215454 2.340592 6.889763 6.889763 6.889763 6.889763 6.889763 6.889763 6.889763 6.1958075 6.1958075 6.7281094 6.7281094 6.7281094 6.7281094 4.23568
5.6748495 6.467825 6.467825 6.467825 6.467825 6.467825 6.467825 6.467825 6.467825 6.467825 6.467825 6.467825 6.467825 6.889763 6.889763 6.889763 6.889763 6.889763 6.0797644 6.889763 6.889763 6.889763 6.889763 6.889763 6.889763 6.889763 6.889763 6.889763 6.889763 6.889763 6.889763 6.889763 6.889763 6.889763 6.889763 6.889763 6.829815 2.3311815 2.3311815 2.340592 2.340592 2.340592 2.3215454 2.3215454 2.3215454 2.340592 2.340592 6.889763 6.889763 6.889763 6.889763 6.889763 6.889763 6.889763 6.889763 6.467825 6.7281094 6.7281094 6.7281094 6.7281094 4.23568
6.467826 6.889763 6.889763 6.467825 6.467825 6.467825 6.467825 6.467825 6.467825 6.467825 6.467825 6.467825 6.467825 6.889763 6.889763 6.889763 6.889763 6.889763 6.889763 6.0797644 6.889763 6.889763 6.889763 6.889763 6.889763 6.889763 6.889763 6.889763 6.889763 6.889763 6.889763 6.889763 6.889763 6.889763 6.889763 6.889763 6.889763 2.340592 2.340592 2.340592 2.340592 2.340592 2.340592 2.3215454 2.3384023 2.340592 2.340592 6.467825 6.889763 6.889763 6.889763 6.889763 6.889763 6.889763 6.889763 6.889763 6.7281094 6.7281094 6.7281094 6.7281094 4.23568
6.467825 6.889763 6.889763 6.889763 6.467825 6.467825 6.467825 6.467825 6.467825 6.467825 6.467825 6.467825 6.467825 6.889763 6.889763 6.889763 6.889763 6.889763 6.722848 6.722848 6.0797644 6.0797644 6.889763 6.889763 6.889763 6.889763 6.889763 6.889763 6.889763 6.889763 6.889763 6.889763 6.889763 6.889763 6.889763 6.889763 6.889763 2.340592 2.340592 2.340592 2.340592 2.340592 2.340592 2.340592 5.6748495 5.6748495 6.467825 6.467825 6.889763 6.467825 6.467825 6.467825 6.467825 6.467825 6.467825 6.467825 6.7281094 6.7281094 6.7281094 6.7281094 4.23568
6.467825 6.467825 6.889763 6.889763 6.889763 6.467825 6.467825 6.467825 6.467825 6.467825 6.467825 6.467825 6.467825 6.467825 6.889763 6.889763 6.829815 6.829815 6.829815 6.829815 6.829815 6.0797644 6.889763 6.889763 6.889763 6.889763 6.889763 6.889763 6.889763 6.889763 6.889763 6.889763 6.889763 6.889763 6.889763 6.889763 2.340592 2.340592 2.3311815 2.3311815 2.340592 2.340592 2.340592 2.340592 5.6748495 5.6748495 6.467825 6.467825 6.467825 6.467825 6.467825 6.467825 5.7930946 5.7930946 6.467825 6.467825 6.7281094 6.7281094 6.7281094 6.7281094 4.23568
6.467825 5.7930946 6.0797644 6.889763 6.889763 6.889763 6.467825 6.467825 6.467825 6.467825 6.467825 6.467825 6.467825 6.467825 6.889763 6.889763 6.829815 6.829815 6.829815 6.829815 6.889763 6.0797644 6.0797644 6.889763 6.889763 6.889763 6.889763 6.889763 6.889763 6.889763 6.889763 6.889763 6.889763 6.889763 6.889763 6.889763 2.340592 2.340592 2.340592 2.3311815 2.340592 2.340592 2.340592 2.340592 6.467825 6.467825 6.467825 6.3608446 6.3608446 6.467825 6.467825 6.467825 6.467825 6.467825 6.467825 6.1958075 6.7281094 6.7281094 6.7281094 6.7281094 6.7281094
5.7930946 6.467825 6.467825 6.889763 6.889763 6.889763 6.889763 6.467825 6.467825 6.467825 6.467825 6.467825 6.467825 6.467825 6.467825 6.889763 6.889763 6.889763 6.889763 6.889763 6.889763 6.889763 6.889763 6.889763 6.889763 6.889763 6.889763 6.889763 6.889763 6.889763 2.340592 2.340592 2.340592 2.340592 2.340592 6.889763 2.340592 2.340592 2.340592 2.340592 2.340592 2.340592 2.340592 2.340592 6.467825 6.467825 5.6748495 6.3608446 6.3608446 6.467825 6.467825 6.467825 6.467825 6.467825 6.1958075 6.1958075 6.4566374 6.4566374 6.7281094 6.7281094 6.6036386
6.467825 6.467825 6.467825 6.889763 6.889763 6.889763 6.889763 6.889763 6.467825 6.467825 6.467825 6.467825 6.467825 6.467825 6.467825 6.889763 6.889763 6.889763 6.889763 6.889763 6.889763 6.889763 6.889763 6.889763 6.889763 2.340592 6.889763 2.340592 2.340592 2.340592 2.340592 2.340592 2.340592 2.340592 2.340592 2.340592 2.340592 2.340592 2.340592 2.340592 2.3311815 2.340592 2.340592 2.340592 6.467825 6.467825 5.6748495 5.6748495 5.6748495 5.6748495 6.467825 6.467825 6.467825 6.467825 6.1958075 6.1958075 6.4566374 6.4566374 6.4566374 6.4566374 6.6036386
6.889763 6.467825 6.467825 6.467825 6.889763 6.889763 6.829815 6.829815 6.889763 6.829815 6.1958075 6.1958075 6.467825 6.467825 6.467825 6.467825 6.889763 6.889763 6.889763 6.889763 6.889763 6.889763 6.889763 6.889763 6.889763 2.340592 2.340592 2.340592 2.340592 2.340592 2.340592 2.340592 2.340592 2.340592 2.340592 2.340592 2.340592 2.340592 2.340592 2.3311815 2.3311815 2.340592 2.340592 2.340592 6.467825 5.6748495 5.6748495 5.6748495 5.6748495 5.6748495 6.467825 6.467825 6.467826 6.467825 6.1958075 6.1958075 6.4566374 6.4566374 6.4566374 6.4566374 7.185684
7.12992 6.632246 6.632246 6.632246 7.12992 7.12992 7.0729895 7.0729895 7.0729895 7.0729895 6.51779 6.3437567 6.632246 6.632246 6.632246 6.632246 7.12992 7.12992 7.12992 7.12992 7.12992 7.12992 7.12992 7.12992 7.12992 7.12992 2.4567666 2.4567666 2.4567666 2.4567666 2.4567666 2.4567666 2.4567666 2.4567666 2.4567666 2.4567666 2.4567666 2.4567666 2.4567666 2.4215343 2.4215343 2.4567666 2.4567666 6.632246 6.632246 5.758342 5.758342 5.758342 5.758342 6.3437567 6.632246 6.597857 6.597857 6.3437567 6.3437567 6.3437567 6.592583 6.592583 6.592583 7.461284 7.461284
7.12992 6.632246 6.632246 6.632246 6.632246 7.12992 7.12992 7.0729895 6.51779 7.0729895 7.0729895 7.12992 6.632246 6.632246 6.632246 6.632246 7.12992 7.12992 7.12992 7.12992 7.12992 7.12992 7.12992 7.12992 7.12992 7.12992 2.4567666 2.4567666 2.4567666 2.4567666 2.4215343 2.4567666 2.4567666 2.4567666 2.4567666 2.4567666 2.4567666 2.4567666 2.4567666 2.4567666 2.4567666 2.4567666 2.4567666 6.632246 6.632246 6.632246 6.632246 6.632246 6.632246 6.3437567 6.3437567 6.6322474 6.6322474 6.3437567 6.3437567 6.3437567 6.592583 6.592583 6.592583 7.461284 7.461284
7.12992 6.632246 6.632246 6.632246 6.632246 6.632246 7.0729895 7.0729895 7.0729895 7.0729895 7.12992 7.12992 7.12992 6.632246 6.632246 6.632246 6.632246 7.12992 7.12992 7.12992 7.12992 7.12992 7.12992 7.0729885 7.0729885 7.12992 2.4567666 2.4567666 2.4567666 2.4387782 2.4387782 2.4215343 2.4567666 2.4567666 2.4567666 2.4571657 2.4571133 2.4567666 2.4567666 2.4567666 2.4567666 2.4567666 2.4567666 6.632246 6.632246 6.632246 6.632246 6.632246 6.632246 6.3437567 6.3437567 6.6322474 6.3437567 6.3437567 6.3437567 6.3437567 6.592583 6.592583 6.592583 7.461284 7.461284
7.12992 6.632246 6.632246 6.632246 6.632246 6.632246 6.632246 6.632246 7.12992 7.12992 7.12992 7.12992 7.12992 7.12992 6.632246 6.632246 6.632246 7.12992 7.12992 7.12992 7.12992 7.12992 7.12992 7.0729885 7.0729885 7.12992 7.12992 2.4567666 2.4567666 2.4387782 2.4387782 2.4387782 2.4567666 2.4387782 2.4387782 2.4571133 2.4571133 2.4571133 2.3399122 2.4567666 2.4567666 2.4567666 2.4567666 6.632246 6.632246 6.632246 6.632246 6.632246 6.632246 6.632246 6.3437567 6.3437567 6.3437567 6.3437567 6.3437567 6.3437567 6.592583 6.592583 7.461284 6.7441645 7.700766
7.12992 6.632246 6.632246 6.632246 6.632246 6.632246 6.632246 6.632246 7.12992 7.12992 7.12992 7.12992 7.12992 7.12992 7.12992 6.632246 6.632246 7.12992 7.12992 6.9532957 6.9532957 6.3657713 6.9532957 6.9532957 7.0729885 7.12992 7.12992 2.4567666 2.4567666 2.4387782 2.4387782 2.4387782 2.4567666 2.4387782 2.4387782 2.4571133 2.4571133 2.4571133 2.3399122 2.4567666 2.4567666 2.4567666 2.4567666 6.632246 6.632246 6.632246 6.632246 6.632246 6.632246 6.632246 6.632246 6.3437567 6.3437567 6.3437567 6.9532957 6.9532957 6.592583 7.461284 7.461284 7.700766 7.700766
7.0729895 6.632246 6.632246 6.632246 6.632246 6.632246 6.632246 6.632246 7.0729895 7.0729895 7.12992 7.12992 7.12992 6.3657713 6.3657713 5.758342 6.632246 6.3437567 6.9532957 6.9532957 6.9532957 6.9532957 6.9532957 6.9532957 6.9532957 7.12992 7.12992 2.4567666 2.4567666 2.4387782 2.4567666 2.4567666 2.4567666 2.4571133 2.4571133 2.4567666 2.4567666 2.4567666 2.4567666 2.4567666 2.4567666 2.4567666 2.4567666 6.51779 6.51779 6.632246 6.632246 6.632246 6.632246 6.632246 6.632246 6.3437567 6.3437567 6.9532957 6.9532957 7.0729895 7.461284 7.461284 7.461284 7.700766 7.700766
7.0729895 6.632246 6.632246 6.632246 6.632246 6.632246 6.632246 6.632246 7.0729895 7.0729895 7.12992 7.12992 7.12992 6.3657713 6.3657713 6.3657713 5.758342 6.3437567 6.9532957 6.9532957 6.3437567 6.9532957 6.9532957 7.12992 7.12992 7.12992 7.12992 7.12992 2.4567666 2.4567666 2.4567666 2.4567666 2.4567666 2.4571133 2.4571133 2.4567666 2.4567666 2.4567666 2.4567666 2.4567666 2.4567666 2.4567666 6.632246 6.51779 6.51779 6.632246 6.632246 6.632246 6.51779 6.51779 6.632246 6.632246 6.3437567 6.3657713 6.3657713 7.12992 7.700766 7.700766 7.700766 7.700766 7.700766
7.12992 6.632246 6.632246 6.632246 6.632246 6.632246 6.632246 6.632246 6.632246 7.12992 7.12992 7.12992 7.12992 6.3657713 6.3657713 6.3657713 5.758342 5.758342 6.3437567 6.9532957 6.9532957 6.9532957 6.9532957 7.12992 7.12992 7.12992 7.12992 7.12992 7.12992 2.4567666 2.4567666 2.4567666 2.4567666 2.4571133 2.4571133 2.4567666 2.4567666 2.4567666 2.4567666 2.4567666 2.4567666 2.4387782 2.4387782 6.632246 6.632246 6.632246 6.632246 6.51779 6.51779 6.51779 6.632246 6.632246 6.3437567 6.3437567 6.3657713 7.12992 7.700766 7.617231 7.700766 7.700766 7.700766
7.12992 6.632246 6.632246 6.632246 6.632246 6.632246 6.632246 6.632246 6.632246 6.632246 7.12992 7.12992 6.3657713 6.3657713 6.3657713 5.758342 5.758342 5.758342 5.758342 6.9532957 6.9532957 7.12992 7.12992 7.12992 7.12992 7.12992 7.12992 7.12992 7.12992 2.4567666 2.4567666 2.4567666 2.4567666 2.4571133 2.4571133 2.4567666 2.4567666 2.4567666 2.4567666 2.4567666 2.4567666 2.4387782 2.4387782 6.632246 6.632246 6.632246 6.632246 6.632246 6.51779 6.632246 6.632246 6.632246 6.632246 6.3437567 6.3437567 7.12992 7.700766 7.617231 7.617231 7.700766 7.700766
7.12992 7.12992 6.632246 6.632246 6.632246 6.632246 6.632246 6.632246 6.632246 6.632246 7.12992 7.12992 6.3657713 6.3657713 6.3657713 6.3657713 6.3657713 5.758342 5.758342 7.12992 7.12992 7.12992 7.12992 7.12992 7.12992 7.12992 7.12992 7.12992 7.12992 2.4567666 2.4567666 2.4567666 2.4567666 2.4567666 2.4567666 2.4567666 2.4567666 2.4567666 2.4567666 2.3399122 2.3399122 2.4567666 2.4215343 6.632246 6.632246 6.632246 6.632246 6.632246 6.632246 6.632246 6.632246 6.632246 6.632246 6.632246 6.3437567 6.9532957 7.700766 7.617231 7.700766 7.700766 7.700766
