Export/ASCII/RMeteo_SP_inch/p1/RMeteo_2017_SP3_inch.asc
ncols         660
nrows         338
xllcorner     1476150
yllcorner     5017150
cellsize      100
NODATA_value  -9.9e-20
[rows 0 to 26 of 338, columns 0 to 60 of 660]
12.785891 12.785891 12.785891 13.067019 13.067019 13.067019 13.067019 13.067019 11.634802 11.634802 11.634802 11.634802 11.634802 13.067019 9.801575 9.799231 9.799231 9.799231 9.799231 9.799231 9.799231 9.799231 9.799231 9.799231 9.799231 9.799231 9.799231 9.799231 9.799231 9.799231 9.799231 9.799231 9.799231 9.799231 9.799231 9.799231 8.823149 9.636211 9.636211 9.801574 9.801574 9.801574 9.801574 8.961641 9.636211 9.636211 12.330128 12.330128 9.636211 12.330128 12.330128 12.330128 12.330128 9.636211 12.330128 12.330128 12.330128 12.330128 12.330128 12.330128 12.330128
9.617324 11.351339 12.785891 13.067019 13.067019 13.067019 13.067019 13.067019 11.634802 11.634802 11.634802 11.634802 11.634802 13.067019 9.801575 9.799231 9.799231 9.799231 9.799231 9.799231 9.799231 9.799231 9.799231 9.799231 9.799231 9.799231 9.799231 9.799231 9.799231 9.799231 9.799231 9.799231 9.799231 9.799231 9.799231 9.799231 8.823149 9.636211 9.636211 9.801574 9.801574 9.801574 9.801574 9.801574 9.801574 13.067019 10.844459 12.330128 12.330128 9.636211 12.330128 12.330128 12.330128 12.330128 12.330128 12.752767 12.752767 13.067019 12.330128 12.330128 12.330128
9.617324 9.617324 8.597322 13.067019 13.067019 12.752767 12.752767 12.752767 12.752767 11.634802 11.634802 11.634802 11.634802 13.067019 9.801575 8.823149 9.799231 9.799231 9.799231 9.799231 9.799231 9.799231 9.799231 9.799231 9.799231 9.799231 9.799231 9.799231 9.799231 9.799231 9.799231 9.799231 9.799231 9.799231 9.799231 9.799231 8.823149 9.636211 9.801574 9.801574 9.801574 9.801574 9.801574 9.801574 9.801574 10.844459 10.844459 12.330128 12.330128 12.330128 12.330128 12.752767 12.752767 13.067019 12.330128 12.752767 12.752767 13.067019 12.330128 12.330128 12.330128
9.617324 9.617324 9.617323 0.0 13.067019 12.752767 12.752767 12.752767 12.752767 11.634802 11.634802 12.752767 12.752767 13.067019 9.801575 8.823149 8.823149 8.823149 8.823149 9.799231 9.801575 9.799231 9.799231 9.799231 9.799231 9.799231 9.799231 9.799231 9.799231 9.799231 9.799231 9.799231 9.799231 9.799231 9.799231 9.799231 8.823149 9.636211 9.801574 9.801574 9.801574 9.801574 9.801574 9.799231 13.067019 13.067019 10.844459 12.330128 12.330128 12.330128 12.330128 12.752767 12.330128 13.067019 12.330128 10.844459 13.067019 13.067019 12.330128 12.330128 12.330128
9.617324 9.617324 9.617323 9.801575 11.634802 12.752767 12.752767 13.067019 11.634802 11.634802 11.634802 11.634802 11.634802 13.067019 9.801575 8.823149 8.823149 8.823149 8.823149 9.801575 9.801575 9.799231 9.799231 9.799231 9.799231 9.799231 9.799231 9.799231 9.799231 9.799231 9.799231 9.799231 9.799231 9.799231 9.799231 9.799231 8.823149 9.636211 9.801574 9.801574 8.961641 8.961641 8.961641 10.844459 10.844459 12.330128 12.330128 12.330128 12.330128 12.330128 12.330128 12.330128 12.330128 12.752767 12.752767 10.844459 13.067019 13.067019 13.067019 13.067019 13.067019
9.617324 9.617324 9.617324 9.801575 9.801575 11.634802 13.067019 13.067019 13.067019 11.634802 11.634802 11.634802 11.634802 13.067019 13.067019 9.801575 8.823149 8.823149 8.823149 9.801575 13.067019 11.634802 11.634802 11.634802 11.634802 11.634802 11.634802 11.634802 11.634802 11.634802 12.752767 9.799231 9.799231 9.799231 9.799231 9.799231 8.823149 8.823149 9.801574 9.801574 8.961641 8.961641 8.961641 10.844459 12.330128 12.330128 9.636211 9.636211 12.330128 9.636211 12.330128 13.067019 12.330128 12.752767 12.752767 12.330128 13.067019 13.067019 13.067019 13.067019 13.067019
9.617324 9.617324 9.617324 9.801575 9.801575 12.49605 13.067019 13.067019 13.067019 13.067019 11.634802 11.634802 11.634802 11.634802 13.067019 13.067019 13.067019 13.067019 11.634802 11.634802 11.634802 11.634802 11.634802 11.634802 11.634802 11.634802 11.634802 11.634802 11.634802 11.634802 11.634802 11.634802 11.634802 11.634802 13.067019 13.067019 12.330128 9.636211 9.636211 9.636211 8.961641 8.961641 10.844459 12.330128 12.330128 12.330128 12.330128 9.636211 9.636211 9.636211 12.330128 12.330128 13.067019 13.067019 13.067019 12.330128 12.330128 13.067019 13.067019 13.067019 13.067019
9.617324 9.617324 9.617324 9.801575 9.801575 8.823149 11.634802 13.067019 13.067019 13.067019 11.634802 10.844459 10.844459 10.844459 11.634802 11.634802 11.634802 11.634802 11.634802 11.634802 11.634802 11.634802 11.634802 11.634802 11.634802 11.634802 11.634802 11.634802 11.634802 11.634802 11.634802 11.634802 11.634802 11.634802 13.067019 13.067019 13.067019 9.801574 9.636211 9.636211 8.961641 9.636211 12.330128 12.330128 10.844459 9.636211 9.636211 9.636211 9.636211 9.636211 9.636211 12.330128 12.330128 13.067019 13.067019 13.067019 12.330128 12.330128 12.330128 12.330128 13.067019
9.617324 9.617324 9.617324 9.801575 8.823149 8.823149 8.823149 12.752767 12.752767 13.067019 10.844459 10.844459 10.844459 10.844459 11.634802 11.634802 11.634802 11.634802 11.634802 11.634802 11.634802 11.634802 11.634802 11.634802 11.634802 11.634802 11.634802 11.634802 11.634802 11.634802 11.634802 11.634802 11.634802 11.634802 11.634802 11.634802 11.634802 9.801574 9.801574 9.799231 9.799231 12.330128 12.330128 12.330128 9.636211 9.636211 9.636211 9.636211 9.636211 9.636211 12.330128 12.330128 12.330128 13.067019 13.067019 13.067019 13.067019 13.067019 12.330128 12.330128 12.330128
9.617324 9.617324 9.617324 9.801575 9.801575 8.823149 8.823149 12.752767 12.752767 13.067019 10.844459 10.844459 10.844459 10.844459 11.634802 11.634802 11.634802 11.634802 11.634802 11.634802 11.634802 11.634802 11.634802 11.634802 11.634802 11.634802 11.634802 11.634802 11.634802 11.634802 11.634802 11.634802 11.634802 11.634802 11.634802 11.634802 11.634802 9.801574 9.801574 9.799231 9.636211 9.636211 9.636211 9.636211 9.636211 9.636211 9.636211 9.636211 9.636211 9.636211 12.330128 12.330128 12.330128 13.067019 13.067019 13.067019 13.067019 13.067019 13.067019 13.067019 13.067019
9.617324 9.617324 9.617324 9.801575 9.801575 8.823149 8.823149 11.634802 13.067019 12.752767 11.634802 11.634802 8.823149 8.823149 11.634802 11.634802 11.634802 11.634802 11.634802 11.634802 11.634802 11.634802 11.634802 11.634802 11.634802 11.634802 11.634802 11.634802 11.634802 11.634802 11.634802 11.634802 11.634802 11.634802 11.634802 11.634802 11.634802 9.801574 9.801574 9.801565 9.801565 9.636211 9.636211 9.636211 9.636211 8.961641 8.961641 8.961641 8.961641 9.636211 9.636211 12.330128 12.330128 12.330128 12.330128 12.330128 13.067019 13.067019 13.067019 13.067019 12.330128
9.617324 9.617324 9.617324 9.801575 9.801575 9.801575 8.823149 8.823149 13.067019 13.067019 13.067019 11.634802 8.823149 11.634802 11.634802 11.634802 11.634802 11.634802 11.634802 11.634802 11.634802 11.634802 11.634802 11.634802 11.634802 11.634802 11.634802 11.634802 11.634802 11.634802 11.634802 11.634802 11.634802 11.634802 11.634802 11.634802 11.634802 9.801574 8.961641 8.961641 8.961641 9.636211 9.636211 9.636211 9.636211 8.961641 8.961641 8.961641 8.961641 9.636211 9.636211 12.330128 12.330128 12.330128 12.330128 12.330128 13.067019 13.067019 13.067019 13.067019 12.330128
9.617324 9.617324 9.617324 9.801575 9.801575 9.801575 11.634802 11.634802 13.067019 12.752767 12.752767 11.634802 8.823149 8.823149 11.634802 11.634802 11.634802 11.634802 11.634802 11.634802 11.634802 11.634802 11.634802 11.634802 11.634802 11.634802 11.634802 11.634802 11.634802 11.634802 11.634802 11.634802 11.634802 11.634802 11.634802 13.067019 13.067019 9.801574 8.961641 8.961641 9.636211 9.636211 9.636211 9.636211 8.961641 8.961641 8.961641 8.961641 8.961641 9.636211 9.636211 9.636211 9.636211 9.636211 9.636211 12.330128 13.067019 13.067019 13.067019 13.067019 13.067019
9.617324 9.617324 9.617324 9.801575 9.801575 9.801575 9.801575 12.49605 8.823149 13.067019 12.752767 11.634802 12.752767 9.799231 11.634802 11.634802 11.634802 11.634802 11.634802 11.634802 11.634802 11.634802 11.634802 11.634802 11.634802 11.634802 11.634802 11.634802 11.634802 11.634802 11.634802 11.634802 11.634802 11.634802 11.634802 13.067019 13.067019 9.801574 9.799231 8.961641 9.636211 9.636211 9.636211 9.636211 8.961641 8.961641 8.961641 8.961641 8.961641 9.636211 9.636211 9.636211 9.636211 9.636211 12.330128 12.330128 13.067019 13.067019 13.067019 13.067019 13.067019
9.617324 9.617324 9.617324 9.801575 9.801575 9.801575 9.801575 9.801575 11.634802 13.067019 13.067019 12.752767 10.844459 12.752767 12.330128 11.634802 11.634802 11.634802 11.634802 11.634802 11.634802 11.634802 11.634802 11.634802 11.634802 11.634802 11.634802 11.634802 11.634802 11.634802 11.634802 11.634802 11.634802 11.634802 11.634802 11.634802 13.067019 9.801574 9.799231 9.799231 9.636211 12.330128 9.636211 9.636211 8.961641 8.961641 8.961641 8.961641 10.844459 9.636211 9.636211 9.636211 12.330128 12.330128 9.636211 12.330128 12.330128 12.330128 13.067019 13.067019 13.067019
9.617324 9.617324 9.617324 9.801575 9.801575 9.801575 9.801575 9.801575 9.801575 13.067019 13.067019 11.634802 10.844459 10.844459 10.844459 10.844459 11.634802 11.634802 11.634802 11.634802 11.634802 11.634802 11.634802 11.634802 11.634802 11.634802 11.634802 11.634802 11.634802 11.634802 11.634802 11.634802 11.634802 11.634802 13.067019 10.844459 8.961641 8.961641 8.961641 9.801575 12.752767 12.330128 12.330128 9.636211 8.961641 8.961641 8.961641 10.844459 12.330128 9.636211 9.636211 9.636211 12.330128 12.330128 9.636211 9.636211 12.330128 12.330128 12.330128 12.330128 13.067019
9.617324 9.617324 9.617324 9.801575 9.801575 9.801575 9.801575 9.801575 9.801575 13.067019 13.067019 11.634802 10.844459 10.844459 10.844459 10.844459 11.634802 11.634802 11.634802 11.634802 11.634802 11.634802 11.634802 11.634802 11.634802 11.634802 11.634802 11.634802 11.634802 11.634802 11.634802 11.634802 11.634802 11.634802 10.844459 10.844459 8.961641 8.961641 10.844459 10.844459 12.330128 12.330128 12.330128 12.330128 8.961641 8.961641 8.961641 12.330128 12.330128 9.636211 9.636211 9.636211 12.330128 12.330128 9.636211 9.636211 12.330128 12.330128 12.330128 13.067019 13.067019
9.617324 9.617324 9.617324 9.801575 9.801575 9.801575 9.801575 9.801575 9.801575 13.067019 13.067019 11.634802 10.844459 8.961641 8.961641 10.844459 11.634802 11.634802 11.634802 11.634802 11.634802 11.634802 11.634802 11.634802 11.634802 11.634802 11.634802 11.634802 11.634802 11.634802 11.634802 11.634802 11.634802 11.634802 10.844459 8.961641 8.961641 8.961641 8.961641 10.844459 12.330128 12.330128 12.330128 12.330128 9.636211 9.636211 9.636211 12.330128 12.330128 9.636211 9.636211 9.636211 9.636211 9.636211 9.636211 9.636211 12.330128 12.330128 12.330128 12.330128 12.330128
9.617324 9.617324 9.617324 9.801575 9.801575 9.801575 9.801575 9.801575 9.801575 13.067019 13.067019 11.634802 10.844459 10.844459 8.961641 10.844459 11.634802 11.634802 11.634802 11.634802 11.634802 11.634802 13.067019 11.634802 11.634802 11.634802 11.634802 11.634802 11.634802 11.634802 11.634802 11.634802 10.844459 10.844459 8.961641 8.961641 8.961641 10.844459 10.844459 12.752767 12.752767 13.067019 12.330128 12.330128 9.636211 9.636211 9.636211 9.636211 9.636211 9.636211 9.636211 9.636211 12.330128 12.330128 12.330128 12.330128 9.636211 12.330128 12.752767 12.752767 10.844459
9.617324 9.617324 9.617324 9.801575 9.801575 9.801575 9.801575 9.801575 9.801575 13.067019 13.067019 11.634802 10.844459 10.844459 10.844459 10.844459 10.844459 11.634802 11.634802 11.634802 11.634802 13.067019 13.067019 11.634802 11.634802 11.634802 11.634802 11.634802 11.634802 11.634802 11.634802 10.844459 10.844459 8.961641 8.961641 8.961641 8.961641 10.844459 10.844459 12.752767 12.330128 12.330128 12.330128 12.330128 9.636211 9.636211 9.636211 9.636211 9.636211 9.636211 9.636211 9.636211 12.330128 12.330128 12.330128 12.330128 8.961641 13.067019 13.067019 13.067019 10.844459
9.617324 9.617324 9.617324 9.801575 9.801575 9.801575 9.801575 9.801575 9.801575 13.067019 13.067019 11.634802 10.844459 10.844459 10.844459 10.844459 10.844459 11.634802 11.634802 11.634802 11.634802 11.634802 11.634802 11.634802 11.634802 11.634802 11.634802 11.634802 11.634802 11.634802 10.844459 10.844459 8.961641 8.961641 8.961641 8.961641 8.961641 8.961641 10.844459 10.844459 12.330128 9.636211 9.636211 9.636211 9.636211 9.636211 9.636211 9.636211 9.636211 9.636211 9.636211 9.636211 12.330128 12.330128 13.067019 13.067019 13.067019 10.844459 13.067019 13.067019 10.844459
9.617324 9.617324 9.617324 9.801575 9.801575 9.801575 9.801575 9.801575 9.801575 11.634802 12.752767 11.634802 12.752767 12.752767 13.067019 10.844459 10.844459 11.634802 11.634802 11.634802 11.634802 11.634802 11.634802 11.634802 11.634802 11.634802 11.634802 11.634802 11.634802 11.634802 10.844459 10.844459 10.844459 8.961641 8.961641 8.961641 8.961641 8.961641 10.844459 10.844459 10.844459 9.636211 9.636211 12.330128 12.330128 12.330128 12.330128 12.330128 9.636211 9.636211 9.636211 9.636211 12.330128 12.330128 12.330128 13.067019 13.067019 10.844459 13.067019 13.067019 13.067019
9.617324 9.617324 9.617324 9.801575 9.801575 9.801575 9.801575 9.801575 9.801575 12.752767 12.752767 11.634802 12.752767 12.752767 13.067019 10.844459 10.844459 12.330128 11.634802 11.634802 11.634802 11.634802 11.634802 11.634802 11.634802 11.634802 11.634802 11.634802 11.634802 11.634802 11.634802 10.844459 10.844459 8.961641 8.961641 8.961641 8.961641 8.961641 10.844459 8.961641 9.636211 12.330128 12.330128 12.330128 12.330128 12.330128 12.330128 12.330128 9.636211 9.636211 12.330128 12.330128 9.636211 12.330128 12.330128 13.067019 13.067019 13.067019 13.067019 13.067019 13.067019
9.617324 9.617324 9.617324 9.801575 9.801575 9.801575 9.801575 9.801575 9.801575 12.330128 12.752767 12.752767 9.799231 9.801575 9.801575 13.067019 12.330128 12.330128 11.634802 11.634802 11.634802 11.634802 11.634802 11.634802 13.067019 13.067019 11.634802 11.634802 11.634802 10.844459 10.844459 10.844459 10.844459 10.844459 10.844459 10.844459 8.961641 8.961641 12.330128 12.330128 12.330128 12.330128 12.330128 12.330128 12.330128 12.330128 12.330128 12.330128 12.330128 9.636211 12.330128 12.330128 12.330128 9.636211 12.330128 12.330128 10.844459 13.067019 13.067019 13.067019 13.067019
8.730581 8.730581 8.730581 8.549797 8.549797 8.549797 8.549797 8.549797 7.553981 9.966922 9.966922 9.129764 8.549796 8.549796 8.549796 8.549796 8.322861 9.966922 9.966922 9.129764 9.129764 9.129764 9.129764 9.129764 10.203151 10.203151 9.129764 9.129764 9.034528 9.034528 9.034528 9.034528 9.034528 9.034528 9.034528 9.034528 9.034528 9.034528 9.966922 9.966922 9.966922 9.966922 9.966922 10.389576 10.389576 10.389576 9.966922 9.966922 9.966922 7.9006386 9.034528 9.034528 9.966922 8.322861 9.966922 9.034528 10.389576 10.389576 10.389576 10.389576 10.389576
8.730581 8.730581 8.730581 8.549797 8.549797 8.549797 8.549797 8.549797 9.966922 9.966922 9.129764 9.129764 8.549796 8.549796 8.549796 8.549796 8.549796 8.322861 8.322861 9.129764 9.129764 9.129764 7.553981 7.553981 8.446514 10.203151 10.389576 9.129764 9.129764 9.034528 9.034528 9.034528 9.129764 9.129764 9.129764 9.129764 10.389576 10.389576 10.389576 8.322861 9.966922 9.966922 10.389576 10.389576 10.389576 10.389576 9.966922 9.966922 8.322861 7.9006386 9.034528 9.034528 9.966922 8.322861 9.966922 9.966922 10.203151 10.389576 10.389576 10.389576 10.389576
8.730581 8.730581 8.730581 8.549797 8.549797 8.549797 8.549797 9.966922 9.966922 9.966922 9.966922 10.389576 8.549796 8.549796 8.549796 8.549796 8.549796 8.549796 8.322861 8.322861 8.322861 7.553981 7.553981 7.553981 8.446514 8.446514 10.389576 10.389576 10.389576 10.389576 10.389576 10.389576 9.129764 9.129764 9.129764 9.129764 9.966922 9.966922 9.966922 9.966922 9.966922 9.966922 10.389576 10.389576 10.389576 10.389576 9.966922 9.966922 8.322861 7.9006386 7.9006386 9.034528 9.034528 8.322861 9.966922 9.966922 10.389576 10.389576 10.389576 10.389576 10.389576
