Export/ASCII/RMeteo_SP_inch/p1/RMeteo_2016_SP1_inch.asc
ncols         660
nrows         338
xllcorner     1476100.0
yllcorner     5017100.0
cellsize      100
NODATA_value  -9.9e-20
[rows 0 to 26 of 338, columns 0 to 61 of 660]
8.28523 8.28523 8.28523 8.395646 8.395646 8.395646 8.395646 8.395646 7.7159786 7.7159786 7.7159786 7.7159786 7.7159786 8.395646 6.6383944 6.385067 6.385067 6.385067 6.385067 6.385067 6.385067 6.385067 6.385067 6.385067 6.385067 6.385067 6.385067 6.385067 6.385067 6.385067 6.385067 6.385067 6.385067 6.385067 6.385067 6.385067 6.0528812 6.139721 6.139721 6.6383953 6.6383953 6.6383953 6.6383953 5.3469 6.139721 6.139721 7.4747066 7.4747066 6.139721 7.4747066 7.4747066 7.4747066 7.4747066 6.139721 7.4747066 7.4747066 7.4747066 7.4747066 7.4747066 7.4747066 7.4747066 7.4747066
6.709909 7.5731006 8.28523 8.395646 8.395646 8.395646 8.395646 8.395646 7.7159786 7.7159786 7.7159786 7.7159786 7.7159786 8.395646 6.6383944 6.385067 6.385067 6.385067 6.385067 6.385067 6.385067 6.385067 6.385067 6.385067 6.385067 6.385067 6.385067 6.385067 6.385067 6.385067 6.385067 6.385067 6.385067 6.385067 6.385067 6.385067 6.0528812 6.139721 6.139721 6.6383953 6.6383953 6.6383953 6.6383953 6.6383953 6.6383953 8.395646 6.2538557 7.4747066 7.4747066 6.139721 7.4747066 7.4747066 7.4747066 7.4747066 7.4747066 7.9388103 7.9388103 8.395646 7.4747066 7.4747066 7.4747066 7.4747066
6.709909 6.709909 6.0908084 8.395646 8.395646 7.9388103 7.9388103 7.9388103 7.9388103 7.7159786 7.7159786 7.7159786 7.7159786 8.395646 6.6383944 6.0528812 6.385067 6.385067 6.385067 6.385067 6.385067 6.385067 6.385067 6.385067 6.385067 6.385067 6.385067 6.385067 6.385067 6.385067 6.385067 6.385067 6.385067 6.385067 6.385067 6.385067 6.0528812 6.139721 6.6383953 6.6383953 6.6383953 6.6383953 6.6383953 6.6383953 6.6383953 6.2538557 6.2538557 7.4747066 7.4747066 7.4747066 7.4747066 7.9388103 7.9388103 8.395646 7.4747066 7.9388103 7.9388103 8.395646 7.4747066 7.4747066 7.4747066 7.4747066
6.709909 6.709909 6.7099066 0.0 8.395646 7.9388103 7.9388103 7.9388103 7.9388103 7.7159786 7.7159786 7.9388103 7.9388103 8.395646 6.6383944 6.0528812 6.0528812 6.0528812 6.0528812 6.385067 6.6383944 6.385067 6.385067 6.385067 6.385067 6.385067 6.385067 6.385067 6.385067 6.385067 6.385067 6.385067 6.385067 6.385067 6.385067 6.385067 6.0528812 6.139721 6.6383953 6.6383953 6.6383953 6.6383953 6.6383953 6.385068 8.395646 8.395646 6.2538557 7.4747066 7.4747066 7.4747066 7.4747066 7.9388103 7.4747066 8.395646 7.4747066 6.2538557 8.395646 8.395646 7.4747066 7.4747066 7.4747066 7.4747066
6.709909 6.709909 6.7099066 6.6383944 7.7159786 7.9388103 7.9388103 8.395646 7.7159786 7.7159786 7.7159786 7.7159786 7.7159786 8.395646 6.6383944 6.0528812 6.0528812 6.0528812 6.0528812 6.6383944 6.6383944 6.385067 6.385067 6.385067 6.385067 6.385067 6.385067 6.385067 6.385067 6.385067 6.385067 6.385067 6.385067 6.385067 6.385067 6.385067 6.0528812 6.139721 6.6383953 6.6383953 5.3469 5.3469 5.3469 6.2538557 6.2538557 7.4747066 7.4747066 7.4747066 7.4747066 7.4747066 7.4747066 7.4747066 7.4747066 7.9388103 7.9388103 6.2538557 8.395646 8.395646 8.395646 8.395646 8.395646 8.395646
6.709909 6.709909 6.709909 6.6383944 6.6383944 7.7159786 8.395646 8.395646 8.395646 7.7159786 7.7159786 7.7159786 7.7159786 8.395646 8.395646 6.6383944 6.0528812 6.0528812 6.0528812 6.6383944 8.395646 7.7159786 7.7159786 7.7159786 7.7159786 7.7159786 7.7159786 7.7159786 7.7159786 7.7159786 7.9388103 6.385067 6.385067 6.385067 6.385067 6.385067 6.0528812 6.0528812 6.6383953 6.6383953 5.3469 5.3469 5.3469 6.2538557 7.4747066 7.4747066 6.139721 6.139721 7.4747066 6.139721 7.4747066 8.395646 7.4747066 7.9388103 7.9388103 7.4747066 8.395646 8.395646 8.395646 8.395646 8.395646 8.395646
6.709909 6.709909 6.709909 6.6383944 6.6383944 7.645383 8.395646 8.395646 8.395646 8.395646 7.7159786 7.7159786 7.7159786 7.7159786 8.395646 8.395646 8.395646 8.395646 7.7159786 7.7159786 7.7159786 7.7159786 7.7159786 7.7159786 7.7159786 7.7159786 7.7159786 7.7159786 7.7159786 7.7159786 7.7159786 7.7159786 7.7159786 7.7159786 8.395646 8.395646 7.4747066 6.139721 6.139721 6.139721 5.3469 5.3469 6.2538557 7.4747066 7.4747066 7.4747066 7.4747066 6.139721 6.139721 6.139721 7.4747066 7.4747066 8.395646 8.395646 8.395646 7.4747066 7.4747066 8.395646 8.395646 8.395646 8.395646 8.395646
6.709909 6.709909 6.709909 6.6383944 6.6383944 6.0528812 7.7159786 8.395646 8.395646 8.395646 7.7159786 6.2538557 6.2538557 6.2538557 7.7159786 7.7159786 7.7159786 7.7159786 7.7159786 7.7159786 7.7159786 7.7159786 7.7159786 7.7159786 7.7159786 7.7159786 7.7159786 7.7159786 7.7159786 7.7159786 7.7159786 7.7159786 7.7159786 7.7159786 8.395646 8.395646 8.395646 6.6383953 6.139721 6.139721 5.3469 6.139721 7.4747066 7.4747066 6.2538557 6.139721 6.139721 6.139721 6.139721 6.139721 6.139721 7.4747066 7.4747066 8.395646 8.395646 8.395646 7.4747066 7.4747066 7.4747066 7.4747066 8.395646 8.395646
6.709909 6.709909 6.709909 6.6383944 6.0528812 6.0528812 6.0528812 7.9388103 7.9388103 8.395646 6.2538557 6.2538557 6.2538557 6.2538557 7.7159786 7.7159786 7.7159786 7.7159786 7.7159786 7.7159786 7.7159786 7.7159786 7.7159786 7.7159786 7.7159786 7.7159786 7.7159786 7.7159786 7.7159786 7.7159786 7.7159786 7.7159786 7.7159786 7.7159786 7.7159786 7.7159786 7.7159786 6.6383953 6.6383953 6.385067 6.385067 7.4747066 7.4747066 7.4747066 6.139721 6.139721 6.139721 6.139721 6.139721 6.139721 7.4747066 7.4747066 7.4747066 8.395646 8.395646 8.395646 8.395646 8.395646 7.4747066 7.4747066 7.4747066 7.4747066
6.709909 6.709909 6.709909 6.6383944 6.6383944 6.0528812 6.0528812 7.9388103 7.9388103 8.395646 6.2538557 6.2538557 6.2538557 6.2538557 7.7159786 7.7159786 7.7159786 7.7159786 7.7159786 7.7159786 7.7159786 7.7159786 7.7159786 7.7159786 7.7159786 7.7159786 7.7159786 7.7159786 7.7159786 7.7159786 7.7159786 7.7159786 7.7159786 7.7159786 7.7159786 7.7159786 7.7159786 6.6383953 6.6383953 6.385067 6.139721 6.139721 6.139721 6.139721 6.139721 6.139721 6.139721 6.139721 6.139721 6.139721 7.4747066 7.4747066 7.4747066 8.395646 8.395646 8.395646 8.395646 8.395646 8.395646 8.395646 8.395646 7.4747066
6.709909 6.709909 6.709909 6.6383944 6.6383944 6.0528812 6.0528812 7.7159786 8.395646 7.9388103 7.7159786 7.7159786 6.0528812 6.0528812 7.7159786 7.7159786 7.7159786 7.7159786 7.7159786 7.7159786 7.7159786 7.7159786 7.7159786 7.7159786 7.7159786 7.7159786 7.7159786 7.7159786 7.7159786 7.7159786 7.7159786 7.7159786 7.7159786 7.7159786 7.7159786 7.7159786 7.7159786 6.6383953 6.6383953 6.554817 6.554817 6.139721 6.139721 6.139721 6.139721 5.3469 5.3469 5.3469 5.3469 6.139721 6.139721 7.4747066 7.4747066 7.4747066 7.4747066 7.4747066 8.395646 8.395646 8.395646 8.395646 7.4747066 7.4747066
6.709909 6.709909 6.709909 6.6383944 6.6383944 6.6383944 6.0528812 6.0528812 8.395646 8.395646 8.395646 7.7159786 6.0528812 7.7159786 7.7159786 7.7159786 7.7159786 7.7159786 7.7159786 7.7159786 7.7159786 7.7159786 7.7159786 7.7159786 7.7159786 7.7159786 7.7159786 7.7159786 7.7159786 7.7159786 7.7159786 7.7159786 7.7159786 7.7159786 7.7159786 7.7159786 7.7159786 6.6383953 5.3469 5.3469 5.3469 6.139721 6.139721 6.139721 6.139721 5.3469 5.3469 5.3469 5.3469 6.139721 6.139721 7.4747066 7.4747066 7.4747066 7.4747066 7.4747066 8.395646 8.395646 8.395646 8.395646 7.4747066 7.4747066
6.709909 6.709909 6.709909 6.6383944 6.6383944 6.6383944 7.7159786 7.7159786 8.395646 7.9388103 7.9388103 7.7159786 6.0528812 6.0528812 7.7159786 7.7159786 7.7159786 7.7159786 7.7159786 7.7159786 7.7159786 7.7159786 7.7159786 7.7159786 7.7159786 7.7159786 7.7159786 7.7159786 7.7159786 7.7159786 7.7159786 7.7159786 7.7159786 7.7159786 7.7159786 8.395646 8.395646 6.6383953 5.3469 5.3469 6.139721 6.139721 6.139721 6.139721 5.3469 5.3469 5.3469 5.3469 5.3469 6.139721 6.139721 6.139721 6.139721 6.139721 6.139721 7.4747066 8.395646 8.395646 8.395646 8.395646 8.395646 8.395646
6.709909 6.709909 6.709909 6.6383944 6.6383944 6.6383944 6.6383944 7.645383 6.0528812 8.395646 7.9388103 7.7159786 7.9388103 6.385067 7.7159786 7.7159786 7.7159786 7.7159786 7.7159786 7.7159786 7.7159786 7.7159786 7.7159786 7.7159786 7.7159786 7.7159786 7.7159786 7.7159786 7.7159786 7.7159786 7.7159786 7.7159786 7.7159786 7.7159786 7.7159786 8.395646 8.395646 6.6383953 6.385067 5.3469 6.139721 6.139721 6.139721 6.139721 5.3469 5.3469 5.3469 5.3469 5.3469 6.139721 6.139721 6.139721 6.139721 6.139721 7.4747066 7.4747066 8.395646 8.395646 8.395646 8.395646 8.395646 8.395646
6.709909 6.709909 6.709909 6.6383944 6.6383944 6.6383944 6.6383944 6.6383944 7.7159786 8.395646 8.395646 7.9388103 6.2538557 7.9388103 7.4747066 7.7159786 7.7159786 7.7159786 7.7159786 7.7159786 7.7159786 7.7159786 7.7159786 7.7159786 7.7159786 7.7159786 7.7159786 7.7159786 7.7159786 7.7159786 7.7159786 7.7159786 7.7159786 7.7159786 7.7159786 7.7159786 8.395646 6.6383953 6.385067 6.385067 6.139721 7.4747066 6.139721 6.139721 5.3469 5.3469 5.3469 5.3469 6.2538557 6.139721 6.139721 6.139721 7.4747066 7.4747066 6.139721 7.4747066 7.4747066 7.4747066 8.395646 8.395646 8.395646 8.395646
6.709909 6.709909 6.709909 6.6383944 6.6383944 6.6383944 6.6383944 6.6383944 6.6383944 8.395646 8.395646 7.7159786 6.2538557 6.2538557 6.2538557 6.2538557 7.7159786 7.7159786 7.7159786 7.7159786 7.7159786 7.7159786 7.7159786 7.7159786 7.7159786 7.7159786 7.7159786 7.7159786 7.7159786 7.7159786 7.7159786 7.7159786 7.7159786 7.7159786 8.395646 6.2538557 5.3469 5.3469 5.3469 6.6383944 7.9388103 7.4747066 7.4747066 6.139721 5.3469 5.3469 5.3469 6.2538557 7.4747066 6.139721 6.139721 6.139721 7.4747066 7.4747066 6.139721 6.139721 7.4747066 7.4747066 7.4747066 7.4747066 8.395646 8.395646
6.709909 6.709909 6.709909 6.6383944 6.6383944 6.6383944 6.6383944 6.6383944 6.6383944 8.395646 8.395646 7.7159786 6.2538557 6.2538557 6.2538557 6.2538557 7.7159786 7.7159786 7.7159786 7.7159786 7.7159786 7.7159786 7.7159786 7.7159786 7.7159786 7.7159786 7.7159786 7.7159786 7.7159786 7.7159786 7.7159786 7.7159786 7.7159786 7.7159786 6.2538557 6.2538557 5.3469 5.3469 6.2538557 6.2538557 7.4747066 7.4747066 7.4747066 7.4747066 5.3469 5.3469 5.3469 7.4747066 7.4747066 6.139721 6.139721 6.139721 7.4747066 7.4747066 6.139721 6.139721 7.4747066 7.4747066 7.4747066 8.395646 8.395646 8.395646
6.709909 6.709909 6.709909 6.6383944 6.6383944 6.6383944 6.6383944 6.6383944 6.6383944 8.395646 8.395646 7.7159786 6.2538557 5.3469 5.3469 6.2538557 7.7159786 7.7159786 7.7159786 7.7159786 7.7159786 7.7159786 7.7159786 7.7159786 7.7159786 7.7159786 7.7159786 7.7159786 7.7159786 7.7159786 7.7159786 7.7159786 7.7159786 7.7159786 6.2538557 5.3469 5.3469 5.3469 5.3469 6.2538557 7.4747066 7.4747066 7.4747066 7.4747066 6.139721 6.139721 6.139721 7.4747066 7.4747066 6.139721 6.139721 6.139721 6.139721 6.139721 6.139721 6.139721 7.4747066 7.4747066 7.4747066 7.4747066 7.4747066 7.4747066
6.709909 6.709909 6.709909 6.6383944 6.6383944 6.6383944 6.6383944 6.6383944 6.6383944 8.395646 8.395646 7.7159786 6.2538557 6.2538557 5.3469 6.2538557 7.7159786 7.7159786 7.7159786 7.7159786 7.7159786 7.7159786 8.395646 7.7159786 7.7159786 7.7159786 7.7159786 7.7159786 7.7159786 7.7159786 7.7159786 7.7159786 6.2538557 6.2538557 5.3469 5.3469 5.3469 6.2538557 6.2538557 7.9388103 7.9388103 8.395646 7.4747066 7.4747066 6.139721 6.139721 6.139721 6.139721 6.139721 6.139721 6.139721 6.139721 7.4747066 7.4747066 7.4747066 7.4747066 6.139721 7.4747066 7.9388103 7.9388103 6.2538557 6.2538557
6.709909 6.709909 6.709909 6.6383944 6.6383944 6.6383944 6.6383944 6.6383944 6.6383944 8.395646 8.395646 7.7159786 6.2538557 6.2538557 6.2538557 6.2538557 6.2538557 7.7159786 7.7159786 7.7159786 7.7159786 8.395646 8.395646 7.7159786 7.7159786 7.7159786 7.7159786 7.7159786 7.7159786 7.7159786 7.7159786 6.2538557 6.2538557 5.3469 5.3469 5.3469 5.3469 6.2538557 6.2538557 7.9388103 7.4747066 7.4747066 7.4747066 7.4747066 6.139721 6.139721 6.139721 6.139721 6.139721 6.139721 6.139721 6.139721 7.4747066 7.4747066 7.4747066 7.4747066 5.3469 8.395646 8.395646 8.395646 6.2538557 6.2538557
6.709909 6.709909 6.709909 6.6383944 6.6383944 6.6383944 6.6383944 6.6383944 6.6383944 8.395646 8.395646 7.7159786 6.2538557 6.2538557 6.2538557 6.2538557 6.2538557 7.7159786 7.7159786 7.7159786 7.7159786 7.7159786 7.7159786 7.7159786 7.7159786 7.7159786 7.7159786 7.7159786 7.7159786 7.7159786 6.2538557 6.2538557 5.3469 5.3469 5.3469 5.3469 5.3469 5.3469 6.2538557 6.2538557 7.4747066 6.139721 6.139721 6.139721 6.139721 6.139721 6.139721 6.139721 6.139721 6.139721 6.139721 6.139721 7.4747066 7.4747066 8.395646 8.395646 8.395646 6.2538557 8.395646 8.395646 6.2538557 6.2538557
6.709909 6.709909 6.709909 6.6383944 6.6383944 6.6383944 6.6383944 6.6383944 6.6383944 7.7159786 7.9388103 7.7159786 7.9388103 7.9388103 8.395646 6.2538557 6.2538557 7.7159786 7.7159786 7.7159786 7.7159786 7.7159786 7.7159786 7.7159786 7.7159786 7.7159786 7.7159786 7.7159786 7.7159786 7.7159786 6.2538557 6.2538557 6.2538557 5.3469 5.3469 5.3469 5.3469 5.3469 6.2538557 6.2538557 6.2538557 6.139721 6.139721 7.4747066 7.4747066 7.4747066 7.4747066 7.4747066 6.139721 6.139721 6.139721 6.139721 7.4747066 7.4747066 7.4747066 8.395646 8.395646 6.2538557 8.395646 8.395646 8.395646 8.395646
6.709909 6.709909 6.709909 6.6383944 6.6383944 6.6383944 6.6383944 6.6383944 6.6383944 7.9388103 7.9388103 7.7159786 7.9388103 7.9388103 8.395646 6.2538557 6.2538557 7.4747066 7.7159786 7.7159786 7.7159786 7.7159786 7.7159786 7.7159786 7.7159786 7.7159786 7.7159786 7.7159786 7.7159786 7.7159786 7.7159786 6.2538557 6.2538557 5.3469 5.3469 5.3469 5.3469 5.3469 6.2538557 5.3469 6.139721 7.4747066 7.4747066 7.4747066 7.4747066 7.4747066 7.4747066 7.4747066 6.139721 6.139721 7.4747066 7.4747066 6.139721 7.4747066 7.4747066 8.395646 8.395646 8.395646 8.395646 8.395646 8.395646 8.395646
6.709909 6.709909 6.709909 6.6383944 6.6383944 6.6383944 6.6383944 6.6383944 6.6383944 7.4747066 7.9388103 7.9388103 6.385067 6.6383944 6.6383944 8.395646 7.4747066 7.4747066 7.7159786 7.7159786 7.7159786 7.7159786 7.7159786 7.7159786 8.395646 8.395646 7.7159786 7.7159786 7.7159786 6.2538557 6.2538557 6.2538557 6.2538557 6.2538557 6.2538557 6.2538557 5.3469 5.3469 7.4747066 7.4747066 7.4747066 7.4747066 7.4747066 7.4747066 7.4747066 7.4747066 7.4747066 7.4747066 7.4747066 6.139721 7.4747066 7.4747066 7.4747066 6.139721 7.4747066 7.4747066 6.2538557 8.395646 8.395646 8.395646 8.395646 8.395646
6.703886 6.703886 6.703886 6.726544 6.726544 6.726544 6.726544 6.726544 6.0794683 7.4923906 7.4923906 7.611648 6.7265415 6.7265415 6.7265415 6.7265415 6.2319584 7.4923906 7.4923906 7.611648 7.611648 7.611648 7.611648 7.611648 7.9325676 7.9325676 7.611648 7.611648 6.3099203 6.3099203 6.3099203 6.3099203 6.3099203 6.3099203 6.3099203 6.3099203 6.3099203 6.3099203 7.4923906 7.4923906 7.4923906 7.4923906 7.4923906 8.3570795 8.3570795 8.3570795 7.4923906 7.4923906 7.4923906 5.434065 6.3099203 6.3099203 7.4923906 6.2319584 7.4923906 6.3099203 8.3570795 8.3570795 8.3570795 8.3570795 8.3570795 8.3570795
6.703886 6.703886 6.703886 6.726544 6.726544 6.726544 6.726544 6.726544 7.4923906 7.4923906 7.611648 7.611648 6.7265415 6.7265415 6.7265415 6.7265415 6.7265415 6.2319584 6.2319584 7.611648 7.611648 7.611648 6.0794683 6.0794683 6.4802256 7.9325676 8.3570795 7.611648 7.611648 6.3099203 6.3099203 6.3099203 7.611648 7.611648 7.611648 7.611648 8.3570795 8.3570795 8.3570795 6.2319584 7.4923906 7.4923906 8.3570795 8.3570795 8.3570795 8.3570795 7.4923906 7.4923906 6.2319584 5.434065 6.3099203 6.3099203 7.4923906 6.2319584 7.4923906 7.4923906 7.9325676 8.3570795 8.3570795 8.3570795 8.3570795 8.3570795
6.703886 6.703886 6.703886 6.726544 6.726544 6.726544 6.726544 7.4923906 7.4923906 7.4923906 7.4923906 8.3570795 6.7265415 6.7265415 6.7265415 6.7265415 6.7265415 6.7265415 6.2319584 6.2319584 6.2319584 6.0794683 6.0794683 6.0794683 6.4802256 6.4802256 8.3570795 8.3570795 8.3570795 8.3570795 8.3570795 8.3570795 7.611648 7.611648 7.611648 7.611648 7.4923906 7.4923906 7.4923906 7.4923906 7.4923906 7.4923906 8.3570795 8.3570795 8.3570795 8.3570795 7.4923906 7.4923906 6.2319584 5.434065 5.434065 6.3099203 6.3099203 6.2319584 7.4923906 7.4923906 8.3570795 8.3570795 8.3570795 8.3570795 8.3570795 8.3570795
