Export/ASCII/RMeteo_SP_inch/p1/RMeteo_2015_SP1_inch.asc
ncols         660
nrows         338
xllcorner     1476150
yllcorner     5017150
cellsize      100
NODATA_value  -9.9e-20
[rows 81 to 107 of 338, columns 122 to 182 of 660]
5.6548305 5.6548305 5.6548305 6.2733254 6.2733254 6.2733254 6.330708 6.330708 6.330708 6.330708 6.330708 6.330708 6.330708 6.330708 6.330708 6.330708 6.330708 6.2733254 5.6548305 6.2733254 6.2733254 6.2733254 6.330708 6.330708 6.330708 6.330708 6.330708 6.330708 6.330708 6.330708 6.330708 5.8677244 5.8677244 6.330708 6.324551 6.324551 6.330708 6.330708 6.330708 6.7755904 6.7755904 6.7755904 6.7755904 6.7755904 6.7755904 6.7755904 6.7755904 6.7755904 6.7755904 6.7755904 6.7755904 6.7755904 6.7755904 6.7755904 6.7755904 6.7755904 6.7755904 6.7755904 6.7755904 6.7755904 6.7755904
5.6548305 5.6548305 6.2733254 6.2733254 6.2733254 6.330708 6.330708 6.330708 6.330708 6.330708 6.330708 6.330708 6.330708 6.330708 6.330708 6.330708 6.330708 6.2733254 6.2733254 6.2733254 6.2733254 6.2733254 6.2733254 6.330708 6.330708 6.330708 6.330708 6.330708 6.330708 6.330708 6.330708 5.8677244 6.330708 6.330708 6.324551 6.324551 6.330708 6.330708 6.330708 6.7755904 6.7755904 6.7755904 6.7755904 6.7755904 6.7755904 6.7755904 6.7755904 6.7755904 6.7755904 6.7755904 6.7755904 6.7755904 6.7755904 6.7755904 6.7755904 6.7755904 6.7755904 6.7755904 6.7755904 6.7755904 6.7755904
6.2733254 6.2733254 6.2733254 6.330708 6.330708 6.330708 6.330708 6.330708 6.330708 6.330708 6.330708 6.330708 6.330708 6.330708 6.330708 6.330708 6.330708 5.8677244 6.2733254 6.2733254 6.2733254 6.2733254 6.2733254 6.330708 6.330708 6.330708 6.330708 6.330708 6.330708 6.330708 6.330708 6.330708 6.330708 6.330708 6.330708 6.330708 6.330708 6.330708 6.330708 6.7755904 6.7755904 6.7755904 6.7755904 6.7755904 6.7755904 6.7755904 6.7755904 6.7755904 6.7755904 6.7755904 6.7755904 6.7755904 6.7755904 6.7755904 6.7755904 6.7755904 6.7755904 6.7755904 6.7755904 6.7510715 6.7510715
5.8677244 6.330708 6.330708 6.330708 6.330708 6.330708 6.330708 6.330708 6.330708 6.330708 6.330708 6.330708 6.330708 6.330708 6.330708 6.330708 5.8677244 5.8677244 5.8677244 5.8677244 6.330708 6.2733254 6.2733254 6.330708 6.330708 6.330708 6.330708 5.760709 6.330708 6.330708 6.330708 6.330708 6.330708 6.330708 6.330708 6.330708 6.330708 6.330708 6.330708 6.7755904 6.7755904 6.7755904 6.7755904 6.7755904 6.7755904 6.7755904 6.7755904 6.7755904 6.7755904 6.7755904 6.7755904 6.7755904 6.7755904 6.7755904 6.7755904 6.7755904 6.7755904 6.7755904 6.7755904 6.7510715 6.7755904
5.8677244 5.8677244 6.330708 6.330708 6.330708 6.330708 6.330708 6.330708 6.330708 6.330708 6.330708 6.330708 6.330708 6.330708 6.330708 6.2733254 5.8677244 5.8677244 5.3140354 5.8677244 6.330708 6.324551 6.330708 6.330708 6.324551 6.330708 5.760709 5.760709 6.330708 6.330708 6.330708 6.330708 6.330708 6.330708 6.330708 6.330708 6.330708 6.330708 6.330708 6.7755904 6.7755904 6.7755904 6.7755904 6.7755904 6.7755904 6.7755904 6.7755904 6.7755904 6.7755904 6.6705556 6.7755904 6.7755904 6.6705556 6.6705556 6.7755904 6.7755904 6.7755904 6.7755904 6.7755904 6.7755904 6.7755904
5.8677244 5.760709 6.330708 6.330708 6.330708 6.330708 6.330708 6.330708 6.330708 6.330708 6.330708 6.330708 6.330708 6.330708 6.2733254 6.2733254 6.330708 5.8677244 5.8677244 5.8677244 6.324551 6.324551 6.324551 6.324551 6.324551 6.324551 6.330708 6.330708 6.330708 5.7842517 6.330708 6.330708 6.330708 6.330708 6.330708 6.330708 6.330708 6.330708 6.330708 6.6705556 6.6705556 6.7755904 6.7755904 6.7755904 6.7755904 6.7755904 6.7755904 6.7755904 6.6705556 6.6705556 6.6705556 6.6705556 6.6705556 6.6705556 6.7510715 6.7510715 6.7755904 6.7755904 6.7755904 6.7755904 6.7755904
6.330708 6.330708 6.330708 6.330708 6.330708 6.330708 6.330708 6.330708 6.2733254 6.2733254 6.330708 6.330708 6.330708 5.8677244 5.8677244 6.330708 6.330708 6.330708 6.330708 6.330708 6.330708 6.324551 6.2733254 6.2733254 6.324551 6.324551 6.330708 6.330708 6.330708 6.330708 6.330708 6.330708 6.330708 5.8677244 5.8677244 6.330708 6.330708 6.330708 5.8677244 6.6705556 6.6705556 6.7755904 6.7755904 6.7755904 6.7755904 6.7755904 6.7755904 6.7755904 6.6705556 6.6705556 6.6705556 6.6705556 6.7755904 6.7755904 6.7755904 6.7755904 6.7755904 6.7755904 6.7755904 6.7755904 6.7755904
6.330708 6.330708 6.330708 6.330708 6.330708 6.330708 6.330708 6.330708 6.330708 6.330708 6.330708 6.330708 6.330708 6.2733254 5.8677244 5.8677244 5.8677244 6.330708 6.330708 6.330708 6.330708 6.2733254 6.2733254 6.2733254 6.324551 6.330708 6.330708 6.330708 6.330708 6.330708 6.330708 6.330708 6.330708 5.8677244 5.8677244 6.330708 6.330708 6.330708 5.8677244 6.2018685 6.7755904 6.7755904 6.7755904 6.7755904 6.7510715 6.7510715 6.7755904 6.7755904 6.7755904 6.6705556 6.7510715 6.7510715 6.7510715 6.7755904 6.7755904 6.7755904 6.7755904 6.7755904 6.7755904 6.7755904 6.7755904
6.330708 6.330708 6.330708 6.330708 6.330708 6.330708 6.330708 6.330708 6.330708 6.330708 6.330708 6.330708 6.330708 6.2733254 5.8677244 5.8677244 5.8677244 6.330708 6.330708 6.330708 6.330708 6.2733254 6.2733254 6.330708 6.330708 6.330708 6.330708 6.330708 6.330708 6.330708 6.330708 6.330708 6.330708 6.330708 5.8677244 6.324551 6.324551 6.330708 6.330708 6.2018685 6.7755904 6.7755904 6.7755904 6.7510715 6.7510715 6.7510715 6.7755904 6.7755904 6.7755904 6.6705556 6.2018685 6.7755904 6.7755904 6.7755904 6.7755904 6.7755904 6.7755904 6.7755904 6.7755904 6.7755904 6.6705556
6.330708 6.330708 6.330708 6.330708 6.330708 6.330708 6.330708 6.330708 6.330708 6.330708 6.330708 6.330708 6.330708 6.330708 5.8677244 5.8677244 5.8677244 6.330708 6.330708 6.330708 6.330708 6.330708 6.330708 6.330708 6.330708 6.330708 6.330708 6.330708 6.330708 6.330708 6.330708 6.330708 6.330708 6.330708 6.330708 6.324551 6.324551 6.330708 6.2733254 6.6705556 6.6705556 6.6705556 6.6705556 6.6705556 6.6705556 6.6705556 6.7755904 6.7755904 6.7755904 6.6705556 6.6705556 6.2018685 6.7755904 6.7755904 6.7755904 6.7755904 6.7755904 6.7755904 6.7755904 6.7755904 6.6705556
6.330708 6.330708 6.330708 6.330708 6.330708 6.330708 6.330708 6.330708 6.330708 6.330708 6.330708 6.330708 6.330708 6.330708 6.330708 6.330708 6.330708 6.330708 6.330708 6.330708 6.330708 6.330708 6.324551 6.324551 6.330708 6.330708 6.330708 6.330708 6.330708 6.330708 6.330708 6.330708 6.330708 6.330708 6.330708 6.330708 6.330708 6.330708 6.2733254 6.6705556 6.6705556 6.6705556 6.6705556 6.6705556 6.6705556 6.6705556 6.7755904 6.7755904 6.7755904 6.6705556 6.6705556 6.2018685 6.7755904 6.7755904 6.7755904 6.7755904 6.7755904 6.7755904 6.7755904 6.2018685 6.7510715
6.330708 6.330708 6.330708 6.330708 6.330708 6.330708 6.330708 6.330708 6.330708 6.2733254 6.330708 6.330708 6.330708 6.330708 6.330708 6.330708 6.330708 6.330708 6.330708 6.330708 6.330708 6.330708 6.324551 6.324551 6.330708 6.330708 6.330708 5.760709 6.330708 6.330708 6.330708 6.330708 6.330708 6.330708 6.2733254 6.2733254 6.2733254 6.2733254 6.2733254 6.6705556 6.1169567 6.1169567 6.6705556 6.6705556 6.6705556 6.6705556 6.7755904 6.6705556 6.6705556 6.7755904 6.7755904 6.7755904 6.7755904 6.7755904 6.7755904 6.7755904 6.7755904 6.7755904 6.7755904 6.2018685 6.2659326
6.330708 6.330708 6.330708 6.330708 6.330708 6.330708 6.330708 6.330708 6.330708 6.2733254 5.8677244 6.330708 6.330708 6.330708 6.330708 6.330708 6.330708 6.330708 6.330708 6.330708 6.324551 6.324551 6.330708 6.2733254 6.330708 6.330708 6.330708 6.330708 6.330708 6.330708 6.330708 6.330708 6.330708 6.2733254 6.2733254 6.2733254 5.6548305 5.6548305 5.6548305 5.6979804 6.1169567 6.1169567 6.6705556 6.6705556 6.6705556 6.6705556 6.7755904 6.6705556 6.6705556 6.7755904 6.7755904 6.7755904 6.7755904 6.7755904 6.7755904 6.7755904 6.7755904 6.7755904 6.7755904 6.7510715 6.7510715
6.330708 6.330708 6.330708 6.330708 6.330708 6.330708 6.330708 6.330708 6.330708 5.8677244 5.8677244 6.330708 6.330708 6.330708 6.330708 6.330708 6.330708 6.330708 6.324551 6.324551 6.324551 6.324551 6.330708 6.330708 6.330708 6.330708 6.330708 6.330708 6.330708 6.330708 6.330708 6.330708 6.2733254 6.2733254 5.6548305 5.6548305 5.6548305 5.6548305 5.6548305 5.6979804 5.6979804 6.1169567 6.6705556 6.6705556 6.6705556 6.6705556 6.6705556 6.7755904 6.7755904 6.7755904 6.2018685 6.2018685 6.2018685 6.2018685 6.7755904 6.7755904 6.7755904 6.7755904 6.7755904 6.7755904 6.7755904
6.330708 6.330708 6.330708 6.330708 6.330708 6.330708 6.330708 6.330708 6.330708 6.330708 6.330708 6.330708 6.330708 6.330708 6.330708 6.330708 6.330708 6.330708 6.330708 6.2733254 6.2733254 6.330708 6.330708 6.330708 6.330708 6.330708 6.330708 6.330708 6.330708 6.330708 6.330708 6.330708 6.330708 6.2733254 5.6548305 5.6548305 5.6548305 5.3140354 5.3140354 5.6979804 5.6979804 6.1169567 6.6705556 6.6705556 6.6705556 6.6705556 6.6705556 6.6705556 6.7755904 6.7755904 6.7510715 6.2659326 6.2018685 6.2018685 6.7755904 6.7755904 6.7755904 6.7755904 6.7755904 6.7755904 6.7755904
6.330708 6.330708 6.330708 6.330708 6.2733254 6.330708 6.330708 6.330708 6.330708 6.330708 6.330708 6.330708 6.330708 6.330708 6.330708 6.330708 6.330708 6.330708 6.330708 6.330708 6.2733254 6.330708 6.330708 6.330708 6.330708 6.330708 5.8677244 6.330708 6.330708 6.330708 6.330708 6.330708 6.330708 6.2733254 6.2733254 5.6548305 5.6548305 5.6548305 5.3140354 5.6979804 5.6979804 5.6979804 6.2018685 6.6705556 6.6705556 6.6705556 6.6705556 6.6705556 6.7755904 6.7755904 6.7510715 6.7510715 6.7755904 6.7755904 6.7755904 6.7755904 6.7755904 6.115589 6.115589 6.7755904 6.7755904
6.330708 6.330708 6.330708 6.2733254 6.2733254 6.330708 6.330708 6.330708 6.330708 6.330708 6.330708 6.330708 6.330708 6.330708 6.330708 6.330708 6.330708 6.330708 6.330708 6.330708 6.330708 6.330708 6.330708 6.330708 6.330708 5.8677244 5.8677244 5.8677244 6.324551 6.324551 6.330708 6.330708 6.2733254 6.2733254 6.2733254 5.6548305 5.6548305 5.6548305 5.3140354 5.6979804 5.6979804 6.2018685 6.2018685 6.6705556 6.6705556 6.1169567 6.1169567 6.6705556 6.2018685 6.2018685 6.7755904 6.7755904 6.7755904 6.7755904 6.7755904 6.7755904 6.7755904 6.7755904 6.7755904 6.7755904 6.7755904
6.2733254 6.2733254 6.330708 6.330708 6.2733254 6.2733254 6.330708 6.330708 6.330708 6.330708 6.330708 6.330708 6.330708 6.330708 6.330708 6.330708 6.330708 6.330708 6.330708 6.330708 6.330708 6.330708 6.330708 6.330708 6.330708 6.330708 5.8677244 5.8677244 6.324551 6.324551 6.330708 6.330708 6.2733254 5.6548305 5.6548305 5.6548305 5.6548305 5.6548305 5.6548305 6.1169567 5.6979804 6.2018685 6.6705556 6.6705556 6.1169567 6.6705556 6.2018685 6.2018685 6.2018685 6.2018685 6.7755904 6.7755904 6.7755904 6.7755904 6.7755904 6.7755904 6.7755904 6.7755904 6.7755904 6.7755904 6.7755904
6.2733254 6.2733254 6.2733254 6.2733254 6.2733254 6.2733254 6.330708 6.330708 6.330708 6.330708 6.330708 6.330708 6.330708 6.330708 6.330708 6.330708 6.330708 6.330708 6.330708 6.330708 6.330708 6.330708 6.330708 6.330708 6.330708 6.330708 5.8677244 5.8677244 6.330708 6.330708 6.330708 6.330708 6.2733254 6.2733254 5.6548305 5.6548305 5.6548305 5.6548305 5.6548305 6.1169567 6.1169567 6.1169567 6.1169567 6.1169567 6.1169567 6.6705556 6.2018685 6.2018685 6.2018685 6.2018685 6.7755904 6.7755904 6.7755904 6.7755904 6.7755904 6.7755904 6.7755904 6.7755904 6.7755904 6.7510715 6.7510715
6.2733254 6.2733254 6.2733254 6.330708 6.2733254 6.2733254 6.2733254 6.330708 6.330708 6.330708 6.330708 6.330708 6.330708 6.330708 6.330708 6.330708 6.330708 6.330708 6.330708 6.330708 6.324551 6.324551 6.330708 6.330708 6.330708 6.330708 6.330708 6.330708 6.330708 6.330708 6.330708 6.330708 6.330708 6.2733254 6.2733254 5.6548305 5.6548305 6.2733254 6.2733254 6.1169567 6.1169567 6.1169567 6.1169567 6.1169567 6.1169567 6.6705556 6.2018685 6.2018685 6.2018685 6.7755904 6.7755904 6.7755904 6.7755904 6.7755904 6.7755904 6.7755904 6.7755904 6.7755904 6.7755904 6.7510715 6.7510715
6.2733254 6.2733254 6.2733254 5.8677244 6.2733254 6.2733254 6.2733254 5.8677244 6.330708 6.330708 6.330708 6.330708 6.330708 6.330708 6.330708 6.330708 6.330708 6.330708 6.330708 6.2733254 6.324551 6.324551 6.324551 6.330708 6.330708 6.330708 6.330708 6.330708 6.330708 6.330708 6.330708 6.2733254 6.2733254 6.2733254 6.2733254 5.6548305 5.6548305 6.2733254 6.2733254 6.6705556 6.6705556 6.6705556 6.2018685 6.2018685 6.6705556 6.2018685 6.2018685 6.2018685 6.2018685 6.7755904 6.7755904 6.7755904 6.7755904 6.7755904 6.7510715 6.7755904 6.7755904 6.7755904 6.7755904 6.7755904 6.7755904
5.6548305 6.2733254 6.2733254 5.3140354 6.2733254 6.2733254 6.2733254 6.324551 6.324551 6.330708 6.330708 6.330708 6.330708 6.330708 6.330708 6.330708 6.330708 6.330708 6.330708 6.2733254 6.2733254 6.330708 6.324551 6.324551 6.330708 5.8677244 6.330708 6.330708 6.324551 6.330708 6.2733254 6.2733254 6.2733254 6.2733254 6.2733254 6.2733254 6.2733254 6.2733254 6.2733254 6.6705556 6.6705556 6.2018685 6.2018685 6.2018685 6.2018685 6.2018685 6.2018685 6.2018685 6.2018685 6.7755904 6.7755904 6.7755904 6.7755904 6.7755904 6.7755904 6.7755904 6.7755904 6.7755904 6.7755904 6.7755904 6.7755904
5.7701435 5.7701435 5.7701435 5.7701435 6.210586 5.7701435 6.210586 6.210586 6.2559533 6.263779 6.263779 6.263779 6.263779 6.263779 6.263779 6.263779 6.263779 6.263779 6.263779 6.263779 6.210586 6.210586 6.263779 6.210586 6.210586 5.853881 6.210586 6.210586 6.2559533 6.263779 6.210586 6.210586 6.210586 6.210586 6.210586 6.210586 6.210586 5.853881 5.853881 6.3051524 6.3051524 6.3051524 6.3051524 6.3051524 6.3051524 6.3051524 6.3051524 6.777319 6.874015 6.874015 6.874015 6.874015 6.874015 6.874015 6.874015 6.874015 6.874015 6.8532276 6.8532276 6.874015 6.874015
5.451326 5.7701435 5.7701435 5.7701435 5.7701435 5.7701435 6.210586 6.210586 6.263779 6.263779 6.263779 6.263779 6.210586 6.210586 6.263779 6.263779 6.263779 6.263779 6.263779 6.263779 6.210586 6.210586 6.210586 6.210586 6.210586 5.853881 6.210586 6.210586 6.263779 6.263779 6.210586 6.210586 6.210586 6.263779 6.263779 6.210586 6.210586 5.853881 5.853881 5.8708863 5.8708863 5.8708863 6.3051524 6.3051524 6.3051524 6.3051524 6.3051524 6.777319 6.8532276 6.777319 6.3051524 6.874015 6.874015 6.874015 6.874015 6.874015 6.874015 6.8532276 6.8532276 6.874015 6.874015
5.7701435 5.7701435 5.7701435 5.7701435 5.7701435 5.7701435 5.7701435 6.210586 6.210586 6.210586 5.7701435 5.8687997 5.7701435 5.7701435 5.451326 5.9227614 6.263779 6.263779 6.263779 6.263779 6.210586 6.210586 5.7701435 5.7701435 6.210586 6.210586 6.210586 6.2559533 6.263779 6.263779 6.263779 6.263779 6.263779 6.263779 6.263779 6.263779 6.263779 6.263779 5.853881 6.3051524 6.3051524 6.3051524 6.3051524 6.8532276 6.874015 6.874015 6.777319 6.777319 6.8532276 6.777319 6.3051524 6.3051524 6.874015 6.874015 6.874015 6.874015 6.874015 6.8532276 6.8532276 6.874015 6.874015
5.7701435 5.7701435 5.7701435 5.7701435 5.7701435 5.7701435 5.7701435 5.7701435 5.7701435 5.7701435 5.7701435 5.8687997 5.451326 5.451326 5.451326 5.9227614 5.9227614 5.9227614 5.9227614 5.9227614 6.210586 6.210586 5.7701435 5.7701435 5.853881 5.853881 5.853881 6.210586 6.263779 6.263779 6.263779 6.263779 6.263779 6.263779 6.263779 6.263779 6.263779 6.263779 5.853881 6.874015 6.874015 6.874015 6.874015 6.874015 6.874015 6.874015 6.8532276 6.8532276 6.874015 6.874015 6.874015 6.874015 6.874015 6.874015 6.874015 6.874015 6.874015 6.8532276 6.8532276 6.3051524 6.874015
5.451326 5.451326 5.9227624 5.7701435 5.7701435 5.7701435 5.7701435 5.451326 5.7701435 5.7701435 5.7701435 5.9227614 5.9227614 5.9227614 5.9227614 5.9227614 5.9227614 5.9227614 5.9227614 5.9227614 5.7701435 5.7701435 5.7701435 5.7701435 5.451326 5.451326 5.853881 6.210586 6.263779 6.263779 6.263779 6.263779 6.263779 6.263779 6.263779 6.263779 6.263779 6.263779 6.210586 6.777319 6.874015 6.874015 6.874015 6.874015 6.8532276 6.8532276 6.8532276 6.8532276 6.874015 6.874015 6.874015 6.874015 6.874015 6.874015 6.874015 6.874015 6.874015 6.874015 6.874015 6.874015 6.874015
