Export/ASCII/RMeteo_SP_inch/p1/RMeteo_2015_SP1_inch.asc
ncols         660
nrows         338
xllcorner     1476150
yllcorner     5017150
cellsize      100
NODATA_value  -9.9e-20
[rows 243 to 269 of 338, columns 549 to 609 of 660]
4.7332163 4.7332163 4.7332163 4.7332163 7.0897636 7.328896 6.6374493 6.6374493 7.328896 7.328896 7.328896 7.328896 7.328896 7.328896 7.328896 7.328896 7.328896 7.328896 7.328896 7.1774893 7.1774893 7.1774893 7.328896 7.328896 7.328896 7.328896 7.328896 7.328896 7.328896 7.669292 7.669291 7.669291 7.669291 6.949291 7.669292 7.669292 7.669292 7.669292 7.669292 7.669292 7.669292 7.669292 7.669292 7.669292 6.949291 6.949291 7.669292 7.669292 7.669292 7.669292 7.669292 7.669292 7.669292 7.328897 7.328897 7.328897 7.328897 7.328897 7.328897 7.328897 7.328897
4.7332163 4.7332163 4.7332163 4.7332163 4.7332163 4.7537007 4.7537007 7.328896 7.328896 6.6738586 7.328896 7.328896 7.328896 7.328896 7.328896 7.328896 7.328896 7.328896 7.328896 7.1774893 7.1774893 7.1774893 7.328896 7.328896 7.328896 7.328896 7.328896 7.328896 7.328896 7.669292 6.949291 7.669291 7.669291 7.669292 7.669292 7.669292 7.669292 7.669292 7.669292 7.669292 7.669292 7.669292 6.949291 6.949291 6.949291 6.949291 7.669292 7.669292 7.669292 7.669292 7.669292 7.669292 7.669292 7.328897 7.328897 7.328897 7.328897 7.328897 7.328897 7.328897 7.328897
4.7332163 4.7332163 4.7332163 4.7332163 4.7332163 4.7537007 4.7537007 6.6738586 7.328896 7.328896 7.328896 7.328896 7.328896 7.328896 7.328896 7.328896 7.328896 7.328896 7.328896 4.7335587 7.1774893 4.7335587 4.7335587 4.7537007 7.328896 7.328896 6.6738586 7.328897 7.328896 7.328896 7.669292 6.949291 7.669291 7.669292 7.669292 7.669292 7.669292 7.669292 6.6738586 6.949291 6.949291 6.949291 6.949291 6.949291 6.949291 6.949291 7.669292 7.669292 7.669292 7.669292 7.669292 7.669292 7.669292 7.328897 7.328897 7.328897 7.328897 7.328897 7.328897 7.328897 7.328897
4.7332163 4.7332163 4.7332163 4.7332163 4.7332163 4.7537007 7.328896 0.0 7.328896 7.328896 6.6738586 7.328896 7.328896 7.328896 7.328896 7.328896 4.7537007 4.7537007 4.7537007 4.7335587 4.7335587 4.7335587 4.7335587 4.7537007 4.7537007 7.328896 7.328897 7.328897 7.328896 7.328896 7.669292 7.669292 7.669292 7.669292 7.328896 7.669292 7.669292 6.949291 6.6738586 6.949291 6.949291 6.949291 6.949291 6.949291 6.949291 6.949291 6.949291 7.669292 7.669292 7.6453357 7.6453357 7.669292 7.669292 7.328897 7.328897 7.328897 7.328897 7.328897 7.328897 7.328897 7.328897
4.7332163 4.7332163 4.7332163 4.7332163 4.7332163 4.7537007 7.328896 7.328897 0.0 7.328896 7.328896 6.6738586 7.328896 7.328896 7.328896 4.608219 4.608219 4.7537007 4.7537007 4.7335587 4.7335587 4.7537007 4.7537007 4.7537007 4.7537007 4.7537007 7.328896 7.328897 7.328897 7.328896 7.328896 7.328896 7.328896 7.328896 7.328896 7.669292 7.669292 7.669292 6.6738586 6.949291 6.949291 6.949291 6.949291 6.949291 7.669292 7.669292 6.949291 6.949291 7.570666 7.6453357 7.6453357 7.669292 6.6738586 7.328897 7.328897 7.328897 7.328897 7.328897 7.328897 7.328897 7.328897
4.7332163 4.7332163 4.7332163 4.7332163 4.7332163 7.328896 7.328896 7.328896 7.328896 7.328896 7.328896 6.6738586 7.328896 7.328896 4.7537007 4.608219 4.608219 4.7537007 4.7537007 4.7537007 4.7537007 4.7537007 4.7537007 4.7537007 4.7537007 4.7537007 7.328896 7.328897 7.328897 7.328897 7.328897 7.328896 7.328896 7.328897 7.328897 7.669292 7.669292 7.669292 7.669292 6.949291 6.949291 6.949291 6.949291 7.669292 7.669292 7.669292 7.669292 6.949291 7.669292 7.669292 7.669292 7.669292 6.949291 7.328897 7.328897 7.328897 7.328897 7.328897 7.328897 7.328897 7.328897
4.7332163 4.7332163 4.7332163 4.7332163 7.0897636 7.328896 7.328896 7.328896 7.328896 7.328896 7.328896 7.328897 7.328896 7.328896 4.7537007 4.7537007 4.7537007 4.7537007 4.7537007 4.7537007 4.7537007 4.7537007 4.7537007 4.7537007 4.7537007 4.7537007 4.7537007 4.7537007 4.7537007 7.328897 7.328897 7.328897 7.1774893 4.7335587 4.7335587 7.669292 7.669292 7.669292 7.669292 6.949291 6.949291 6.949291 6.949291 7.669292 7.669292 7.669292 7.669292 7.669292 7.669292 7.669292 7.6453357 7.6453357 7.669292 7.328897 7.328897 7.328897 7.328897 7.328897 7.328897 7.328897 7.328897
4.7332163 4.7332163 4.7332163 7.0897636 7.0897636 7.328896 7.328896 7.328896 7.328896 7.328896 7.328896 7.328897 7.328896 4.7537007 4.7537007 4.7537007 4.7537007 4.7537007 4.7537007 4.7537007 4.7537007 4.7537007 4.7537007 4.7537007 4.7537007 4.7537007 4.7537007 4.7537007 4.7537007 4.7537007 4.7537007 4.7537007 4.7335587 7.1774893 4.7335587 7.570666 7.570666 7.669292 7.669292 6.949291 6.949291 6.949291 6.949291 7.669292 7.669292 7.669292 7.669292 7.669292 7.669292 7.669292 7.669292 7.669292 7.669292 7.328897 7.328897 7.328897 7.328897 7.328897 7.328897 7.328897 7.328897
4.7332163 4.7332163 7.0897636 7.0897636 7.0897636 7.328896 7.328896 7.328896 7.328896 7.328896 7.2795744 7.2795744 7.2795744 7.328896 4.7537007 4.7537007 4.7537007 4.7537007 4.7537007 4.7537007 4.7537007 4.7537007 4.7537007 4.7537007 4.7537007 4.7537007 4.7537007 4.7537007 4.7537007 4.7537007 4.7537007 4.7537007 4.7335587 4.7335587 4.7335587 7.570666 7.669292 7.669292 7.669292 6.949291 6.949291 6.949291 6.949291 7.669292 7.669292 7.669292 7.669292 7.669292 7.669292 6.949291 6.949291 7.669292 7.669292 7.328896 7.328897 7.328897 7.328897 7.328897 7.328897 7.328897 7.328897
7.0897636 7.0897636 7.0897636 7.0897636 7.0897636 7.328896 7.328896 7.328896 7.328896 7.328896 7.328896 7.328896 7.328896 6.6738586 7.2795744 4.7537007 4.7537007 4.7537007 4.7537007 4.7537007 4.7537007 4.7537007 4.7537007 4.7537007 4.7537007 4.7537007 4.7537007 4.7537007 4.7537007 4.7537007 4.7537007 4.7537007 4.7335587 4.7335587 4.7335587 7.669292 7.669292 7.669292 7.669292 7.669292 6.949291 6.949291 6.949291 7.669292 7.669292 7.669292 7.669292 7.669292 7.669292 6.949291 6.949291 6.949291 6.949291 6.949291 7.328897 7.328897 7.328897 7.328897 7.328897 7.328897 7.328897
7.0897636 7.0897636 7.0897636 7.0897636 7.0897636 7.328896 7.328896 7.328896 7.328896 7.328896 4.7537007 4.7537007 4.7537007 7.328896 7.2795744 7.328896 4.7537007 4.7537007 4.7537007 4.7537007 4.7537007 4.7537007 4.7537007 4.7537007 4.7537007 4.7537007 4.7537007 4.7537007 4.7537007 4.7537007 4.7537007 4.7335587 4.7335587 4.7537007 4.7537007 7.669292 7.669292 7.669292 7.669292 7.669292 6.949291 6.949291 7.6453357 7.570666 7.669292 6.949291 7.669292 7.669292 7.669292 7.669292 6.949291 6.949291 6.949291 6.949291 7.328897 7.328897 7.328897 7.328897 7.328897 7.328897 7.328897
7.0897636 7.0897636 7.0897636 7.0897636 7.0897636 7.328896 7.328896 7.328896 7.328896 7.328896 4.7537007 4.7537007 4.7537007 7.328896 7.328897 7.328896 4.7537007 4.7537007 4.7537007 4.7537007 4.7537007 4.7537007 4.7537007 4.7537007 4.7537007 4.7537007 4.7537007 4.7537007 4.7537007 4.7537007 4.7537007 4.7335587 4.7335587 4.7537007 4.7537007 7.669292 7.669292 7.669292 7.669292 7.669292 7.669292 7.6453357 7.6453357 7.570666 7.669292 7.669292 6.949291 7.669292 7.669292 7.669292 6.949291 6.949291 6.949291 6.949291 7.328897 7.328897 7.328897 7.328897 7.328897 7.328897 7.328897
7.0897636 7.0897636 7.0897636 7.0897636 7.0897636 7.328896 7.328896 7.328896 7.328896 7.328896 4.7537007 4.7537007 4.7537007 7.328896 7.328897 7.328897 4.7537007 4.7537007 4.7537007 4.7537007 4.7335587 4.7537007 4.7537007 4.7537007 4.7537007 4.7537007 4.7537007 4.7537007 4.7537007 4.7537007 4.7537007 4.7537007 4.7516093 4.7537007 4.7537007 7.669292 7.669292 7.669292 7.669292 7.669292 7.669292 7.6453357 7.6453357 7.570666 7.669292 7.669292 7.669292 6.949291 7.669292 7.669292 6.949291 6.949291 6.949291 6.949291 7.328897 7.328897 7.328897 7.328897 7.328897 7.328897 7.328897
7.0897636 7.0897636 7.0897636 7.0897636 7.0897636 7.328896 7.328896 7.328896 7.328896 7.328896 4.7537007 4.7537007 4.7537007 4.7537007 7.328897 4.7537007 4.7537007 4.7537007 4.7537007 4.7537007 4.7537007 4.7537007 4.7537007 4.7537007 4.7537007 4.7537007 4.7537007 4.7537007 4.7537007 4.7537007 4.7537007 4.7537007 4.7537007 4.7537007 4.7537007 7.669292 7.669292 7.669292 7.669292 7.669292 7.669292 7.669292 7.570666 7.6453366 7.6453366 7.669292 7.669292 7.669292 7.669292 7.669292 6.949291 6.949291 6.949291 6.6738586 7.328897 7.328897 7.328897 7.328897 7.328897 7.328897 7.328897
7.0096664 7.0897636 7.0897636 7.0897636 7.0897636 7.328896 7.328896 7.328896 7.328896 4.7537007 4.7537007 4.7537007 4.7537007 4.7537007 7.328897 7.328897 4.7537007 4.7335587 4.7335587 4.7335587 4.7335587 4.7537007 4.75364 4.7537007 4.7537007 4.7537007 4.7537007 4.7537007 4.7537007 4.7537007 4.7537007 4.7537007 4.7537007 4.7537007 4.7537007 4.7537007 7.669292 7.669292 7.669292 7.669292 7.669292 7.669292 7.570666 7.669292 7.669292 7.669292 7.669292 7.669292 7.669292 7.669292 6.949291 6.949291 6.949291 6.949291 7.328897 7.328897 7.328897 7.328897 7.328897 7.328897 7.328897
7.0096664 7.0096664 7.0096664 7.0096664 7.0897636 7.328896 7.328896 7.328896 7.328896 4.7537007 4.7537007 4.7537007 4.7537007 4.7537007 6.6374493 7.328897 4.7335587 4.7537007 4.7335587 4.7335587 4.7335587 4.75364 4.75364 4.7335587 4.7537007 4.7537007 4.7537007 4.7537007 4.7537007 4.7537007 4.7537007 4.7537007 4.7537007 4.7537007 4.7537007 4.7537007 4.7537007 4.7537007 7.669292 7.669292 7.669292 7.669292 7.669292 7.669292 7.669292 7.669292 7.669292 7.669292 7.669292 7.669292 7.669292 7.669292 7.669292 7.669292 6.949291 7.328897 7.328897 7.328897 7.328897 7.328897 7.328897
7.0096664 7.0096664 7.0096664 7.0096664 6.580985 7.1774893 7.1774893 7.1774893 4.7537007 4.7537007 4.7537007 4.7537007 4.7537007 4.7537007 6.6374493 7.1774893 4.7335587 4.7335587 4.7335587 4.7335587 4.7335587 4.7335587 4.7335587 4.7335587 4.7335587 4.7335587 4.7537007 4.7537007 4.7537007 4.7537007 4.7537007 4.7537007 4.7537007 4.7537007 4.7537007 4.7537007 4.7537007 4.7537007 7.669292 7.669292 7.669292 7.669292 7.669292 7.669292 7.669292 7.669292 7.669292 7.669292 7.669292 7.669292 7.669292 7.669292 7.669292 7.669292 6.949291 7.328897 7.328897 7.328897 7.328897 7.328897 7.328897
7.028512 7.028512 7.028512 7.028512 7.028512 7.1660614 7.1660614 4.7104163 4.798232 4.798232 4.798232 4.798232 4.798232 4.798232 7.2736945 7.1660614 4.7104163 4.7104163 4.7104163 4.7104163 4.7104163 4.7104163 4.7104163 4.7104163 4.7104163 4.798232 4.798232 4.798232 4.798232 4.798232 4.798232 4.798232 4.798232 4.798232 4.798232 4.798232 4.798232 4.798232 7.901573 7.901573 7.901573 7.901573 7.7957306 7.876194 7.901573 7.901573 7.901573 7.901573 7.901573 7.901573 7.901573 7.901573 7.901573 7.901573 7.151575 7.901573 7.273696 7.273696 7.273696 7.273696 7.273696
7.028512 7.028512 7.028512 7.028512 7.028512 7.1660614 7.1660614 4.7104163 4.798232 4.798232 4.798232 4.798232 4.798232 4.798232 7.2736936 7.2736936 4.7104163 4.7104163 4.7104163 4.7104163 7.1660614 7.1660614 7.1660614 4.7104163 4.7104163 4.7104163 4.7104163 4.798232 4.798232 4.798232 4.798232 4.798232 4.798232 4.798232 4.798232 4.798232 4.798232 4.798232 7.901573 7.901573 7.901573 7.901573 7.7957306 7.876194 7.901573 7.901573 7.901573 7.901573 7.901573 7.901573 7.901573 7.901573 7.901573 7.901573 7.151575 7.151575 7.273696 7.273696 7.273696 7.273696 7.273696
7.028512 7.028512 7.028512 7.028512 7.028512 7.1660614 4.7104163 4.7104163 4.798232 4.798232 4.798232 4.798232 4.798232 4.798232 7.2736936 7.2736936 4.7104163 4.7104163 4.7104163 4.7104163 7.1660614 6.749356 6.749356 6.749356 4.582531 4.7104163 4.7104163 4.798232 4.798232 4.798232 4.798232 4.798232 4.798232 4.798232 4.798232 4.798232 4.798232 7.901573 7.901573 7.901573 7.901573 7.901573 7.901573 7.901573 7.901573 7.901573 7.901573 7.901573 7.901573 7.901573 7.901573 7.901573 7.901573 7.151575 7.151575 7.151575 7.273696 7.273696 7.273696 7.273696 7.273696
4.8456516 7.028512 7.028512 7.028512 7.028512 4.7104163 4.7104163 4.798232 4.798232 4.798232 4.798232 4.798232 4.798232 4.798232 7.2736936 7.2736936 4.798232 4.7104163 4.798232 4.7104163 4.7104163 6.749356 6.749356 6.749356 4.582531 4.582531 4.798232 4.798232 4.798232 4.7104163 4.7104163 4.7104163 4.798232 4.798232 4.798232 4.798232 4.798232 7.901573 7.901573 7.151575 7.901573 7.901573 7.901573 7.901573 7.901573 7.901573 7.901573 7.901573 7.901573 7.901573 7.901573 7.901573 7.901573 7.151575 7.151575 7.901573 7.273696 7.273696 7.273696 7.273696 7.273696
4.8456516 4.8456516 4.8456516 4.8456516 4.8456516 4.7104163 4.798232 4.798232 4.798232 4.798232 4.798232 4.798232 4.798232 4.798232 4.798232 7.2736945 4.798232 4.7104163 4.798232 4.7104163 4.7104163 4.7104163 6.749356 6.749356 4.582531 4.582531 4.798232 4.798232 4.798232 4.7104163 4.7104163 4.7104163 4.798232 4.798232 4.798232 4.798232 4.798232 7.901573 7.901573 7.151575 7.151575 7.901573 7.901573 7.901573 7.901573 7.901573 7.901573 7.901573 7.901573 7.901573 7.901573 7.901573 7.901573 7.901573 7.151575 7.901573 7.273696 7.273696 7.273696 7.273696 7.273696
4.8678746 4.8678746 4.8678746 4.8647757 4.8647757 4.7104163 4.7104163 4.798232 4.798232 4.798232 4.798232 4.798232 4.798232 4.798232 4.798232 7.2736945 4.798232 4.7104163 4.7104163 4.7104163 4.7104163 4.7104163 7.1660614 4.7104163 4.7104163 4.7104163 4.798232 4.798232 4.798232 4.798232 4.798232 4.798232 4.798232 4.798232 4.798232 4.798232 4.798232 4.798232 7.901573 7.901573 7.901573 7.901573 7.901573 7.901573 7.901573 7.901573 7.901573 7.901573 7.901573 7.901573 7.901573 7.901573 7.901573 7.901573 7.151575 7.901573 7.273696 7.273696 7.273696 7.273696 7.273696
4.8678746 4.8678746 4.8678746 4.8647757 4.8647757 4.7104163 4.7104163 4.798232 4.798232 4.798232 4.798232 4.798232 4.798232 4.798232 4.798232 7.2736945 4.798232 4.798232 4.798232 4.798232 4.798232 4.7104163 4.7104163 4.7104163 4.7104163 4.7104163 4.798232 4.798232 4.798232 4.798232 4.798232 4.798232 4.798232 4.798232 4.798232 4.759598 4.759598 4.798232 4.798232 4.798232 7.901573 7.901573 7.901573 7.901573 7.901573 7.901573 7.901573 7.901573 7.901573 7.901573 7.901573 7.901573 7.901573 7.901573 7.151575 7.901573 7.273696 7.273696 7.273696 7.273696 7.273696
4.8678746 4.8678746 4.8678746 4.8678746 4.8456516 4.798232 4.798232 4.798232 4.798232 4.798232 4.798232 4.798232 4.798232 4.798232 4.798232 7.2736936 4.798232 4.798232 4.798232 4.798232 4.798232 4.7104163 4.7104163 4.7104163 4.582531 4.759598 4.759598 4.759598 4.582531 4.582531 4.798232 4.798232 4.798232 4.759598 4.759598 4.759598 4.759598 4.798232 7.2736936 7.2736936 7.901573 7.901573 7.901573 7.901573 7.901573 7.901573 7.901573 7.901573 7.901573 7.901573 7.901573 7.901573 7.901573 7.901573 7.151575 7.2736945 7.273696 7.273696 7.273696 7.273696 7.273696
4.8456516 4.8456516 4.8678746 4.8678746 4.8678746 4.798232 4.798232 4.798232 4.798232 4.798232 4.798232 4.798232 4.798232 4.798232 4.798232 7.2736936 4.798232 4.798232 4.798232 4.798232 4.798232 4.798232 4.7104163 4.7104163 4.582531 4.759598 4.759598 4.759598 4.759598 4.582531 4.798232 4.759598 4.759598 4.759598 4.759598 4.759598 4.759598 7.2736936 7.2736936 7.2736936 7.901573 7.901573 7.901573 7.901573 7.876194 7.876194 7.901573 7.901573 7.901573 7.901573 7.901573 7.901573 7.901573 7.901573 7.901573 7.2736945 7.273696 7.273696 7.273696 7.273696 7.273696
4.8456516 4.8456516 4.8678746 4.8678746 4.732251 4.582531 4.798232 4.798232 4.798232 4.798232 4.798232 4.798232 4.798232 4.798232 4.798232 6.749356 4.798232 4.798232 4.798232 4.798232 4.798232 4.798232 4.798232 4.798232 4.798232 4.798232 4.798232 4.759598 4.759598 4.759598 4.798232 4.759598 4.759598 4.759598 4.759598 4.759598 7.242665 7.2736945 7.2736945 7.2736936 7.901573 7.901573 7.901573 7.876194 4.759598 7.242665 7.2736936 7.2736936 7.2736936 7.2736936 7.901573 7.901573 7.901573 7.901573 7.901573 6.6399994 7.273696 7.273696 7.273696 7.273696 7.273696
