Export/ASCII/RMeteo_SP_inch/p1/RMeteo_2018_SP1_inch.asc
ncols         660
nrows         338
xllcorner     1476100.0
yllcorner     5017100.0
cellsize      100
NODATA_value  -9.9e-20
[rows 0 to 27 of 338, columns 372 to 433 of 660]
6.366143 6.366143 6.6220417 6.6220417 6.6220417 6.6220417 6.612039 6.2953863 6.2953863 6.612039 6.366143 6.366143 6.366143 6.366143 6.1734734 5.9484396 6.366143 5.828572 5.4430118 5.9484396 5.9484396 5.9484396 5.9484396 5.9484396 5.414789 5.414789 5.414789 5.9284506 5.9284506 5.9284506 6.3174443 6.3174443 6.3174443 6.3174443 6.3174443 6.3174443 5.9284506 5.414789 5.7851057 5.7851057 5.7851057 6.3174443 6.3174443 6.3174443 6.3174443 5.7851057 5.414789 5.414789 5.414789 5.414789 5.414789 5.414789 5.414789 5.414789 5.414789 5.414789 5.414789 5.414789 5.414789 5.414789 5.414789 5.414789
5.828572 5.828572 6.6220417 6.366143 6.366143 5.828572 5.828572 5.4430118 5.828572 6.366143 6.366143 6.517668 6.517668 6.517668 6.517668 5.4430118 6.366143 6.366143 6.1734734 5.9484396 5.9484396 5.9484396 5.9484396 5.9484396 5.9284506 5.414789 5.414789 5.9284506 5.9284506 6.3174443 6.3174443 6.3174443 6.3174443 6.3174443 6.3174443 6.3174443 5.414789 5.414789 5.7851057 5.7851057 5.7851057 6.3174443 5.9284506 5.9284506 5.9284506 5.9284506 5.414789 5.414789 5.414789 5.414789 5.414789 5.414789 5.414789 5.414789 5.414789 5.414789 5.414789 5.414789 5.414789 5.414789 5.414789 5.414789
5.828572 5.828572 6.6220417 6.366143 6.366143 5.828572 5.4430118 5.4430118 5.4430118 6.366143 6.366143 6.517668 6.517668 6.517668 5.828572 5.828572 5.828572 5.828572 6.1734734 6.366143 6.366143 6.366143 5.9484396 5.9484396 5.9284506 5.9284506 5.9284506 6.3174443 6.3174443 6.3174443 6.3174443 6.3174443 5.7851057 5.7851057 5.414789 5.414789 5.414789 5.414789 5.7851057 5.7851057 5.7851057 6.3174443 5.9284506 5.9284506 5.9284506 6.1532216 5.414789 5.414789 5.414789 5.414789 5.414789 5.414789 5.414789 5.414789 5.414789 5.414789 5.414789 5.414789 5.414789 5.414789 5.414789 5.414789
5.828572 6.612039 6.612039 5.828572 5.828572 5.828572 5.4430118 5.4430118 5.4430118 5.828572 5.828572 5.828572 6.612039 6.517668 6.517668 6.517668 6.517668 6.517668 6.517668 6.517668 6.517668 6.366143 6.366143 5.9484396 5.9284506 5.9284506 5.9284506 6.3174443 6.3174443 6.3174443 6.461812 5.7851057 5.7851057 5.7851057 5.414789 5.414789 5.414789 5.414789 5.7851057 5.7851057 5.7851057 5.7851057 6.3174443 5.9284506 6.1532216 6.1532216 5.414789 5.414789 5.414789 5.414789 5.414789 5.414789 5.414789 5.414789 5.414789 5.414789 5.414789 5.414789 5.9284506 5.414789 5.414789 5.414789
5.828572 6.6220417 6.612039 5.828572 5.828572 5.828572 5.828572 5.828572 5.828572 5.4430118 5.4430118 5.4430118 6.612039 6.517668 6.517668 6.517668 6.517668 6.517668 6.517668 6.517668 6.6220417 6.366143 6.366143 6.366143 6.3174443 5.9284506 5.9284506 6.3174443 6.3174443 6.3174443 6.461812 5.7851057 5.7851057 5.7851057 5.7851057 5.414789 5.414789 5.414789 5.7851057 5.7851057 6.555117 6.3174443 6.3174443 5.9284506 6.1532216 6.3294435 5.414789 5.414789 5.414789 5.414789 5.414789 5.414789 5.414789 5.414789 5.414789 5.414789 5.414789 5.414789 5.9284506 5.414789 5.414789 5.414789
5.828572 6.366143 6.366143 6.366143 5.828572 5.828572 5.828572 5.828572 5.828572 6.2953863 6.612039 6.612039 6.612039 5.828572 5.828572 6.517668 6.517668 6.517668 6.366143 6.366143 6.366143 6.366143 6.366143 6.366143 6.3174443 5.414789 5.9284506 6.3174443 5.7851057 6.5480137 6.5480137 6.5480137 6.555117 5.7851057 5.7851057 5.7851057 5.7851057 5.7851057 5.7851057 6.461812 6.461812 6.461812 6.555117 6.555117 5.414789 5.414789 6.1532216 5.9284506 5.414789 5.414789 5.414789 5.414789 5.9284506 5.414789 5.414789 5.414789 5.9284506 5.9284506 5.9284506 5.9284506 5.414789 5.414789
5.828572 6.366143 6.366143 6.366143 6.6220417 6.6220417 6.6220417 6.612039 6.612039 6.517668 6.517668 6.517668 6.517668 6.517668 5.828572 5.828572 6.517668 5.828572 6.366143 6.366143 5.9484396 5.9484396 5.9484396 6.366143 6.3174443 5.414789 5.414789 5.7851057 5.7851057 6.5480137 6.5480137 6.5480137 6.5480137 5.7851057 5.7851057 5.7851057 5.7851057 5.7851057 5.7851057 6.3174443 6.461812 6.461812 6.555117 6.555117 6.461812 6.3174443 6.3174443 6.3174443 5.9284506 5.414789 5.414789 5.414789 5.414789 5.9284506 5.9284506 5.9284506 5.9284506 5.9284506 5.9284506 5.9284506 5.9284506 5.9284506
5.828572 6.517668 5.828572 5.4430118 6.6220417 6.6220417 6.6220417 6.6220417 6.6220417 6.517668 5.828572 5.828572 6.517668 6.517668 6.517668 5.828572 6.517668 6.517668 6.366143 6.366143 5.9484396 6.366143 6.366143 5.9484396 5.9284506 5.414789 5.414789 5.414789 5.7851057 6.5480137 6.5480137 6.5480137 6.5480137 5.7851057 5.7851057 5.7851057 5.7851057 5.7851057 5.7851057 6.3174443 6.555117 6.555117 6.3174443 6.555117 6.461812 6.3174443 6.3174443 6.3174443 6.3174443 5.414789 5.414789 5.414789 5.414789 5.414789 5.414789 5.9284506 5.9284506 5.9284506 5.9284506 5.9284506 5.9284506 5.9284506
5.828572 5.7402363 5.9484396 5.9484396 5.9484396 6.6220417 5.828572 5.828572 6.6220417 6.517668 6.517668 5.828572 6.6220465 6.6220465 6.6220417 6.366143 6.517668 6.517668 6.517668 6.366143 6.366143 6.366143 6.366143 5.9484396 5.414789 5.414789 5.414789 5.414789 5.7851057 6.5480137 6.5480137 6.5480137 6.5480137 5.7851057 5.7851057 5.7851057 5.7851057 6.461812 6.461812 5.7851057 6.555117 6.555117 6.3174443 6.3174443 5.6275578 6.3174443 5.7851057 6.3174443 6.3174443 5.414789 5.414789 5.414789 5.414789 5.414789 5.9284506 5.9284506 5.9284506 5.9284506 5.9284506 5.9284506 5.9284506 5.9284506
5.828572 5.9484396 6.3571343 5.9484396 5.9484396 5.828572 5.828572 6.366143 6.366143 6.517668 6.517668 6.517668 6.6220417 6.6220417 6.6220417 6.366143 6.6220417 6.517668 6.517668 6.366143 6.366143 6.366143 6.366143 5.4430118 5.414789 5.414789 5.414789 5.414789 5.414789 5.7851057 6.5480137 6.5480137 6.5480137 6.3174443 5.7851057 6.555117 5.7851057 5.7851057 5.7851057 6.3174443 6.555117 6.555117 6.3174443 6.3174443 6.555117 6.3174443 6.3174443 6.3174443 5.414789 5.414789 5.414789 5.414789 5.414789 5.414789 5.9284506 5.9284506 5.9284506 5.9284506 5.9284506 5.9284506 5.9284506 5.9284506
5.828572 5.9484396 5.4430118 6.3571343 5.9484396 6.3571343 6.366143 6.366143 6.366143 6.517668 6.517668 6.517668 6.6220417 6.6220417 6.6220417 6.6220417 6.6220417 6.6220417 6.6220417 6.366143 6.366143 5.828572 5.828572 5.828572 5.7851057 5.7851057 5.7851057 5.7851057 5.7851057 6.3174443 5.7851057 6.555117 6.555117 6.555117 6.555117 6.555117 6.555117 5.7851057 5.7851057 6.3174443 6.3174443 5.7851057 5.7851057 6.3174443 6.555117 6.3174443 5.7851057 5.7851057 5.7851057 5.414789 5.414789 5.414789 5.414789 5.414789 5.9284506 5.9284506 5.9284506 6.3174443 5.9284506 5.9284506 5.9284506 5.7851057
6.366143 6.6220417 6.3571343 6.3571343 6.3571343 5.9484396 6.6220417 6.6220417 6.517668 6.517668 6.6220417 6.6220417 6.6220417 6.6220417 6.6220417 6.6220417 6.6220417 6.6220417 6.366143 6.366143 6.366143 6.366143 5.4430118 5.828572 5.7851057 6.555117 6.555117 6.555117 6.555117 5.7851057 5.7851057 6.555117 6.555117 6.555117 6.555117 6.555117 6.555117 6.555117 6.3174443 6.3174443 5.7851057 5.414789 5.7851057 5.7851057 6.555117 5.7851057 5.7851057 5.7851057 5.7851057 5.7851057 5.414789 5.414789 5.414789 5.414789 5.9284506 5.9284506 6.3174443 6.3174443 6.3174443 6.3174443 6.3174443 6.3174443
6.366143 6.6220417 6.366143 5.9484396 6.6220417 6.517668 6.517668 6.6220417 6.6220417 6.6220417 6.6220417 6.6220417 6.6220417 6.6220417 6.6220417 6.6220417 6.6220417 6.366143 6.366143 5.9484396 5.9484396 6.366143 5.828572 5.828572 6.461812 6.555117 6.555117 6.555117 6.555117 6.555117 6.555117 6.555117 6.555117 6.555117 6.555117 6.555117 6.555117 6.555117 6.3174443 6.3174443 5.414789 5.414789 5.414789 5.7851057 5.7851057 5.7851057 5.7851057 6.3174443 5.7851057 5.7851057 5.7851057 5.7851057 5.7851057 5.414789 5.414789 5.9284506 6.3174443 6.3174443 5.7851057 6.3174443 6.3174443 6.3174443
6.366143 6.6220417 6.6220417 5.9484396 6.517668 6.517668 6.517668 5.828572 6.517668 6.517668 6.6220417 6.6220417 6.6220417 6.6220417 6.6220417 6.6220417 6.366143 6.366143 6.366143 6.366143 5.9484396 6.366143 6.366143 6.366143 6.3174443 6.3174443 6.555117 6.555117 6.555117 6.555117 6.555117 6.555117 6.461812 6.461812 6.461812 6.555117 6.555117 6.555117 6.3174443 6.3174443 5.414789 5.414789 5.414789 5.414789 5.414789 5.414789 5.414789 5.9284506 5.9284506 6.3174443 6.3174443 5.7851057 6.3174443 5.7851057 5.7851057 5.414789 5.414789 5.7851057 6.3174443 6.3174443 6.3174443 6.3174443
5.7402363 6.6220417 6.6220417 5.9484396 5.828572 5.828572 5.828572 5.828572 6.517668 5.828572 6.6220417 6.6220417 6.6220417 6.6220417 6.6220417 6.366143 6.366143 6.366143 6.366143 6.366143 5.9484396 5.9484396 6.366143 6.366143 6.3174443 6.3174443 6.555117 6.3174443 6.3174443 6.555117 6.555117 6.555117 6.461812 6.461812 6.461812 6.555117 6.555117 6.555117 6.3174443 6.3174443 5.414789 5.414789 5.414789 5.414789 5.414789 5.414789 5.414789 5.9284506 5.9284506 6.3174443 6.3174443 6.3174443 6.3174443 5.9284506 5.7851057 5.7851057 6.2720485 5.414789 5.9284506 5.9284506 6.3174443 6.3174443
5.828572 6.6220417 5.828572 6.6220417 5.828572 5.828572 5.828572 5.828572 5.828572 5.828572 6.6220417 6.6220417 6.6220417 6.6220417 6.6220417 6.366143 5.9484396 6.366143 6.366143 5.828572 5.828572 5.4430118 5.9484396 5.9484396 6.3174443 6.3174443 6.3174443 6.3174443 6.3174443 6.3174443 6.555117 6.555117 6.461812 6.3174443 6.3174443 5.7851057 6.3174443 6.3174443 6.3174443 6.3174443 5.414789 5.7851057 5.7851057 5.9284506 5.9284506 5.9284506 5.9284506 5.9284506 5.9284506 5.9284506 5.9284506 5.9284506 5.9284506 5.9284506 6.3174443 5.7851057 6.3174443 5.7851057 5.7851057 6.3174443 5.9284506 6.3174443
5.828572 6.6220417 5.828572 5.828572 6.517668 6.517668 5.828572 5.828572 5.4430118 5.828572 6.6220417 6.6220417 5.828572 5.828572 6.366143 6.366143 5.9484396 6.366143 6.366143 5.828572 5.828572 5.4430118 5.4430118 5.9484396 6.3174443 6.3174443 6.3174443 6.3174443 6.3174443 6.3174443 6.555117 6.555117 6.555117 6.3174443 6.3174443 5.7851057 6.3174443 6.3174443 6.3174443 6.3174443 5.9284506 6.3174443 6.3174443 5.9284506 5.9284506 5.414789 5.7851057 5.9284506 5.9284506 5.9284506 5.9284506 5.9284506 5.9284506 5.9284506 6.3174443 5.7851057 5.7851057 5.7851057 5.7851057 6.461812 6.3174443 6.3174443
5.828572 5.828572 5.828572 5.4430118 6.1734734 6.1734734 6.517668 5.828572 5.828572 5.828572 6.6220417 6.6220417 5.828572 5.4430118 6.366143 6.366143 5.9484396 5.9484396 5.9484396 5.9484396 5.4430118 5.4430118 5.4430118 5.9484396 5.9284506 6.3174443 6.3174443 6.3174443 6.3174443 6.3174443 6.461812 6.3174443 6.3174443 6.3174443 6.461812 6.461812 5.7851057 6.3174443 6.3174443 6.3174443 6.3174443 6.3174443 6.3174443 5.9284506 5.414789 5.7851057 5.7851057 5.414789 5.9284506 5.9284506 5.9284506 5.9284506 5.9284506 5.9284506 5.9284506 6.3174443 5.7851057 5.6275578 6.555117 6.461812 6.461812 6.3174443
5.828572 5.828572 5.828572 5.4430118 5.4430118 6.517668 6.517668 5.828572 6.6220417 6.6220417 6.366143 6.366143 6.366143 5.4430118 5.9484396 5.9484396 5.9484396 5.9484396 5.9484396 5.9484396 5.9484396 5.9484396 5.9484396 5.9484396 5.9284506 5.9284506 6.3174443 6.3174443 6.3174443 6.3174443 6.1532216 5.9284506 6.3174443 6.3174443 6.3174443 6.3174443 6.555117 6.555117 6.3174443 6.3174443 6.3174443 6.3174443 5.414789 5.414789 5.414789 5.7851057 5.7851057 5.414789 5.414789 5.9284506 5.9284506 5.9284506 5.9284506 5.9284506 5.9284506 5.9284506 5.7851057 5.7851057 6.555117 6.461812 5.7851057 6.3174443
5.828572 5.828572 5.828572 5.4430118 5.9484396 6.366143 6.366143 5.828572 6.6220417 6.6220417 6.366143 6.366143 6.366143 5.4430118 5.4430118 5.9484396 5.9484396 5.9484396 5.9484396 5.9484396 5.9484396 5.9484396 5.9484396 5.9484396 5.9284506 5.9284506 6.3174443 6.3174443 5.9284506 5.9284506 5.9284506 5.9284506 5.9284506 6.3174443 6.3174443 6.3174443 6.3174443 6.3174443 6.3174443 6.3174443 5.9284506 5.9284506 5.414789 5.414789 5.414789 5.414789 5.7851057 5.414789 5.414789 5.9284506 5.9284506 5.9284506 5.9284506 5.9284506 5.9284506 5.9284506 5.9284506 5.7851057 6.555117 6.555117 5.7851057 5.7851057
5.4430118 5.4430118 5.4430118 5.4430118 6.366143 6.366143 6.366143 5.828572 6.6220417 6.6220417 6.366143 6.366143 6.366143 6.366143 5.9484396 5.9484396 5.9484396 5.9484396 5.9484396 5.9484396 5.9484396 5.9484396 5.9484396 5.9484396 5.9284506 5.9284506 5.9284506 5.9284506 5.9284506 5.9284506 5.9284506 5.9284506 5.9284506 6.3174443 6.3174443 6.3174443 6.3174443 6.3174443 6.3174443 5.9284506 5.9284506 5.9284506 5.414789 5.414789 5.9284506 5.414789 5.414789 5.414789 5.9284506 5.9284506 5.9284506 5.9284506 5.9284506 5.9284506 6.3174443 6.3174443 5.9284506 5.7851057 5.7851057 5.7851057 5.7851057 5.7851057
5.828572 5.828572 6.366143 6.366143 6.366143 6.366143 6.6220417 6.6220417 6.6220417 6.6220417 6.6220417 6.366143 6.366143 6.366143 5.9484396 5.9484396 5.9484396 5.9484396 5.9484396 5.9484396 5.9484396 5.9484396 5.9484396 5.9484396 5.9284506 5.9284506 5.414789 5.9284506 5.9284506 5.9284506 5.9284506 5.9284506 5.9284506 5.9284506 6.3174443 6.3174443 6.3174443 5.9284506 5.9284506 5.9284506 5.9284506 5.9284506 5.9284506 5.9284506 5.9284506 5.414789 5.414789 5.9284506 5.9284506 6.3174443 6.3174443 6.3174443 5.9284506 6.3174443 5.7851057 6.3174443 5.9284506 6.3174443 5.7851057 5.7851057 5.7851057 6.461812
5.828572 5.828572 6.366143 6.366143 6.517668 6.517668 5.828572 6.6220417 6.6220417 6.6220417 6.6220417 6.366143 6.366143 6.366143 5.9484396 5.9484396 5.9484396 5.9484396 5.9484396 5.9484396 5.9484396 5.9484396 5.4430118 5.4430118 5.414789 5.9284506 5.414789 5.7851057 5.7851057 5.9284506 5.9284506 5.9284506 6.3174443 6.3174443 6.3174443 6.3174443 6.3174443 6.3174443 5.9284506 5.9284506 5.9284506 5.9284506 5.9284506 5.9284506 5.9284506 5.9284506 5.9284506 5.9284506 5.9284506 6.3174443 6.3174443 6.3174443 5.9284506 6.3174443 6.3174443 6.3174443 6.3174443 6.3174443 6.3174443 6.461812 6.461812 6.461812
5.828572 5.7402363 5.828572 5.828572 5.828572 6.517668 5.828572 5.828572 6.6220417 6.6220417 6.6220465 6.366143 6.366143 6.366143 5.828572 5.4430118 5.9484396 5.9484396 5.9484396 5.9484396 5.9484396 5.4430118 5.4430118 5.4430118 5.414789 5.414789 5.414789 5.7851057 5.7851057 5.9284506 5.9284506 6.3174443 6.3174443 6.3174443 6.3174443 5.7851057 5.7851057 5.7851057 6.3174443 6.3174443 5.9284506 5.9284506 5.9284506 5.9284506 5.9284506 5.9284506 5.9284506 5.9284506 6.3174443 6.3174443 6.3174443 6.461812 6.3174443 6.3174443 6.3174443 6.3174443 6.3174443 6.3174443 6.555117 5.6275578 5.7851057 5.7851057
5.74811 6.625983 5.9556274 5.9556274 5.9556274 6.625983 6.625983 6.625983 6.625983 6.625983 6.625983 6.625983 6.448104 5.9556274 5.9556274 5.6339016 5.6339016 6.13371 6.13371 6.13371 5.6339016 5.6339016 5.6339016 5.6339016 5.411895 5.411895 5.719537 5.719537 6.192917 5.924267 5.924267 6.192917 6.192917 6.3099546 6.3099546 5.719537 5.719537 5.719537 6.192917 6.192917 5.924267 5.924267 5.924267 5.924267 5.924267 5.924267 6.192917 6.192917 6.192917 6.192917 6.192917 6.3099546 6.192917 6.192917 6.3655386 6.3655386 6.3099546 6.370078 6.370078 5.5103927 5.719537 5.719537
6.5675297 6.5675297 6.448104 5.9556274 5.9556274 6.625983 6.625983 6.625983 6.625983 6.625983 6.625983 5.9556274 6.448104 5.9556274 5.6339016 5.6339016 5.6339016 6.13371 6.13371 6.13371 5.6339016 5.6339016 5.6339016 5.6339016 5.411895 5.924267 6.192917 5.719537 6.192917 6.192917 6.192917 6.192917 6.192917 6.192917 6.370078 6.3099546 6.3099546 5.719537 6.192917 6.192917 5.924267 5.924267 5.924267 5.924267 5.924267 5.924267 6.192917 6.192917 6.192917 5.719537 5.719537 5.719537 6.3099546 6.3099546 6.370078 6.3099546 6.3099546 5.719537 5.719537 6.370078 6.3099546 6.192917
6.5675297 6.5675297 6.625983 6.448104 6.5675297 6.625983 6.625983 6.625983 5.9556274 5.9556274 5.9556274 5.9556274 6.448104 6.448104 6.13371 6.13371 6.13371 6.13371 6.13371 6.13371 6.13371 6.13371 6.13371 6.13371 5.924267 5.924267 5.411895 5.719537 5.719537 6.192917 6.192917 5.924267 6.192917 6.370078 6.370078 6.3099546 6.3099546 6.370078 6.370078 6.192917 6.192917 5.924267 5.924267 5.924267 5.924267 6.192917 6.192917 6.192917 6.192917 5.411895 5.719537 5.719537 6.3099546 6.3099546 6.3099546 6.3099546 6.3099546 5.719537 5.719537 6.370078 6.192917 6.192917
5.74811 6.625983 6.625983 6.5675297 6.5675297 6.5675297 6.625983 6.448104 6.448104 5.9556274 5.6339016 5.6339016 5.9556274 6.448104 6.448104 6.13371 6.13371 6.13371 6.13371 6.13371 6.13371 6.13371 6.13371 6.13371 5.924267 5.924267 5.924267 5.924267 5.719537 6.192917 6.192917 6.192917 6.192917 5.719537 6.370078 6.3099546 6.3099546 6.370078 6.370078 6.370078 6.192917 6.192917 5.924267 5.924267 5.924267 6.192917 6.192917 6.192917 5.924267 5.411895 5.719537 5.719537 6.370078 6.370078 6.3099546 6.3099546 6.370078 6.370078 6.370078 6.370078 6.192917 6.192917
