Export/ASCII/RMeteo_SP_inch/p1/RMeteo_2016_SP4_inch.asc
ncols         660
nrows         338
xllcorner     1476150
yllcorner     5017150
cellsize      100
NODATA_value  -9.9e-20
[rows 84 to 111 of 338, columns 122 to 182 of 660]
6.681904 8.092036 8.092036 8.092036 8.092036 8.092036 8.092036 8.092036 8.092036 8.092036 8.092036 8.092036 8.092036 8.092036 8.092036 8.092036 6.681904 6.681904 6.681904 6.681904 8.092036 7.538103 7.538103 8.092036 8.092036 8.092036 8.092036 7.2466145 8.092036 8.092036 8.092036 8.092036 8.092036 8.092036 8.092036 8.092036 8.092036 8.092036 8.092036 7.795311 7.795311 7.795311 7.795311 7.795311 7.795311 7.795311 7.795311 7.795311 7.795311 7.795311 7.795311 7.795311 7.795311 7.795311 7.795311 7.795311 7.795311 7.795311 7.795311 7.572328 7.795311
6.681904 6.681904 8.092036 8.092036 8.092036 8.092036 8.092036 8.092036 8.092036 8.092036 8.092036 8.092036 8.092036 8.092036 8.092036 7.538103 6.681904 6.681904 6.135685 6.681904 8.092036 7.8268576 8.092036 8.092036 7.8268576 8.092036 7.2466145 7.2466145 8.092036 8.092036 8.092036 8.092036 8.092036 8.092036 8.092036 8.092036 8.092036 8.092036 8.092036 7.795311 7.795311 7.795311 7.795311 7.795311 7.795311 7.795311 7.795311 7.795311 7.795311 7.3146787 7.795311 7.795311 7.3146787 7.3146787 7.795311 7.795311 7.795311 7.795311 7.795311 7.795311 7.795311
6.681904 7.2466145 8.092036 8.092036 8.092036 8.092036 8.092036 8.092036 8.092036 8.092036 8.092036 8.092036 8.092036 8.092036 7.538103 7.538103 8.092036 6.681904 6.681904 6.681904 7.8268576 7.8268576 7.8268576 7.8268576 7.8268576 7.8268576 8.092036 8.092036 8.092036 6.90388 8.092036 8.092036 8.092036 8.092036 8.092036 8.092036 8.092036 8.092036 8.092036 7.3146787 7.3146787 7.795311 7.795311 7.795311 7.795311 7.795311 7.795311 7.795311 7.3146787 7.3146787 7.3146787 7.3146787 7.3146787 7.3146787 7.572328 7.572328 7.795311 7.795311 7.795311 7.795311 7.795311
8.092036 8.092036 8.092036 8.092036 8.092036 8.092036 8.092036 8.092036 7.538103 7.538103 8.092036 8.092036 8.092036 6.681904 6.681904 8.092036 8.092036 8.092036 8.092036 8.092036 8.092036 7.8268576 7.538103 7.538103 7.8268576 7.8268576 8.092036 8.0514765 8.0514765 8.0514765 8.0514765 8.092036 8.092036 6.681904 6.681904 8.092036 8.092036 8.092036 6.681904 7.3146787 7.3146787 7.795311 7.795311 7.795311 7.795311 7.795311 7.795311 7.795311 7.3146787 7.3146787 7.3146787 7.3146787 7.795311 7.795311 7.795311 7.795311 7.795311 7.795311 7.795311 7.795311 7.795311
8.092036 8.092036 8.092036 8.092036 8.092036 8.092036 8.092036 8.092036 8.092036 8.092036 8.092036 8.092036 8.092036 7.538103 6.681904 6.681904 6.681904 8.092036 8.092036 8.092036 8.092036 7.538103 7.538103 7.538103 7.8268576 8.092036 8.092036 8.0514765 8.0514765 8.0514765 8.0514765 8.092036 8.092036 6.681904 6.681904 8.092036 8.092036 8.092036 6.681904 6.5335755 7.795311 7.795311 7.795311 7.795311 7.572328 7.572328 7.795311 7.795311 7.795311 7.3146787 7.572328 7.572328 7.572328 7.795311 7.795311 7.795311 7.795311 7.795311 7.795311 7.795311 7.795311
8.092036 8.092036 8.092036 8.092036 8.092036 8.092036 8.092036 8.092036 8.092036 8.092036 8.092036 8.092036 8.092036 7.538103 6.681904 6.681904 6.681904 8.092036 8.092036 8.092036 8.092036 7.538103 7.538103 8.092036 8.092036 8.092036 8.092036 8.0514765 8.0514765 8.0514765 8.0514765 8.092036 8.092036 8.092036 6.681904 7.8268576 7.8268576 8.092036 8.092036 6.5335755 7.795311 7.795311 7.795311 7.572328 7.572328 7.572328 7.795311 7.795311 7.795311 7.3146787 6.5335755 7.795311 7.795311 7.795311 7.795311 7.795311 7.795311 7.795311 7.795311 7.795311 7.3146787
8.092036 8.092036 8.092036 8.092036 8.092036 8.092036 8.092036 8.092036 8.092036 8.092036 8.092036 8.092036 8.092036 8.092036 6.681904 6.681904 6.681904 8.092036 8.092036 8.092036 8.092036 8.092036 8.092036 8.092036 8.092036 8.092036 8.092036 8.092036 8.0514765 8.0514765 8.092036 8.092036 8.092036 8.092036 8.092036 7.8268576 7.8268576 8.092036 7.538103 7.3146787 7.3146787 7.3146787 7.3146787 7.3146787 7.3146787 7.3146787 7.795311 7.795311 7.795311 7.3146787 7.3146787 6.5335755 7.795311 7.795311 7.795311 7.795311 7.795311 7.795311 7.795311 7.795311 7.3146787
8.092036 8.092036 8.092036 8.092036 8.092036 8.092036 8.092036 8.092036 8.092036 8.092036 8.092036 8.092036 8.092036 8.092036 8.092036 8.092036 8.092036 8.092036 8.092036 8.092036 8.092036 8.092036 7.8268576 7.8268576 8.092036 8.092036 8.092036 8.092036 8.092036 8.092036 8.092036 8.092036 8.092036 8.092036 8.092036 8.092036 8.092036 8.092036 7.538103 7.3146787 7.3146787 7.3146787 7.3146787 7.3146787 7.3146787 7.3146787 7.795311 7.795311 7.795311 7.3146787 7.3146787 6.5335755 7.795311 7.795311 7.795311 7.795311 7.795311 7.795311 7.795311 6.5335755 7.572328
8.092036 8.092036 8.092036 8.092036 8.092036 8.092036 8.092036 8.092036 8.092036 7.538103 8.092036 8.092036 8.092036 8.092036 8.092036 8.092036 8.092036 8.092036 8.092036 8.092036 8.092036 8.092036 7.8268576 7.8268576 8.092036 8.092036 8.092036 7.2466145 8.0514765 8.092036 8.092036 8.092036 8.092036 8.092036 7.538103 7.538103 7.538103 7.538103 7.538103 7.3146787 6.517577 6.517577 7.3146787 7.3146787 7.3146787 7.3146787 7.795311 7.3146787 7.3146787 7.795311 7.795311 7.795311 7.795311 7.795311 7.795311 7.795311 7.795311 7.795311 7.795311 6.5335755 6.7153506
8.092036 8.092036 8.092036 8.092036 8.092036 8.092036 8.092036 8.092036 8.092036 7.538103 6.681904 8.092036 8.092036 8.092036 8.092036 8.092036 8.092036 8.092036 8.092036 8.092036 7.8268576 7.8268576 8.092036 7.538103 8.092036 8.092036 8.092036 8.092036 8.092036 8.092036 8.092036 8.092036 8.092036 7.538103 7.538103 7.538103 6.6799726 6.6799726 6.6799726 6.020491 6.517577 6.517577 7.3146787 7.3146787 7.3146787 7.3146787 7.795311 7.3146787 7.3146787 7.795311 7.795311 7.795311 7.795311 7.795311 7.795311 7.795311 7.795311 7.795311 7.795311 7.572328 7.572328
8.092036 8.092036 8.092036 8.092036 8.092036 8.092036 8.092036 8.092036 8.092036 6.681904 6.681904 8.092036 8.092036 8.092036 8.092036 8.092036 8.092036 8.092036 7.8268576 7.8268576 7.8268576 7.8268576 8.092036 8.092036 8.092036 8.092036 8.092036 8.092036 8.092036 8.092036 8.092036 8.092036 7.538103 7.538103 6.6799726 6.6799726 6.6799726 6.6799726 6.6799726 6.020491 6.020491 6.517577 7.3146787 7.3146787 7.3146787 7.3146787 7.3146787 7.795311 7.7652483 7.7652483 6.5335755 6.5335755 6.5335755 6.5335755 7.795311 7.795311 7.795311 7.795311 7.795311 7.795311 7.795311
8.092036 8.092036 8.092036 8.092036 8.092036 8.092036 8.092036 8.092036 8.092036 8.092036 8.092036 8.092036 8.092036 8.092036 8.092036 8.092036 8.092036 8.092036 8.092036 7.538103 7.538103 8.092036 8.092036 8.092036 8.092036 8.092036 8.092036 8.092036 8.092036 8.092036 8.092036 8.092036 8.092036 7.538103 6.6799726 6.6799726 6.6799726 6.135685 6.135685 6.020491 6.020491 6.517577 7.3146787 7.3146787 7.3146787 7.3146787 7.3146787 7.3146787 7.795311 7.7652483 7.572328 6.7153506 6.5335755 6.5335755 7.795311 7.795311 7.795311 7.795311 7.795311 7.795311 7.7652483
8.092036 8.092036 8.092036 8.092036 7.538103 8.092036 8.092036 8.092036 8.092036 8.092036 8.092036 8.092036 8.092036 8.092036 8.092036 8.092036 8.092036 8.092036 8.092036 8.092036 7.538103 8.092036 8.092036 8.092036 8.092036 8.092036 6.681904 8.092036 8.092036 8.092036 8.092036 8.092036 8.092036 7.538103 7.538103 6.6799726 6.6799726 6.6799726 6.135685 6.020491 6.020491 6.020491 6.5335755 7.3146787 7.3146787 7.3146787 7.3146787 7.3146787 7.795311 7.795311 7.572328 7.572328 7.795311 7.795311 7.795311 7.795311 7.795311 6.9395266 6.9395266 7.795311 7.7652483
8.092036 8.092036 8.092036 7.538103 7.538103 8.092036 8.092036 8.092036 8.092036 8.092036 8.092036 8.092036 8.092036 8.092036 8.092036 8.092036 8.092036 8.092036 8.092036 8.092036 8.092036 8.092036 8.092036 8.092036 8.092036 6.681904 6.681904 6.681904 7.8268576 7.8268576 8.092036 8.092036 7.538103 7.538103 7.538103 6.6799726 6.6799726 6.6799726 6.135685 6.020491 6.020491 6.5335755 6.5335755 7.3146787 7.3146787 6.517577 6.517577 7.3146787 6.5335755 6.5335755 7.795311 7.795311 7.795311 7.795311 7.795311 7.795311 7.795311 7.795311 7.7652483 7.7652483 7.7652483
7.538103 7.538103 8.092036 8.092036 7.538103 7.538103 8.092036 8.092036 8.092036 8.092036 8.092036 8.092036 8.092036 8.092036 8.092036 8.092036 8.092036 8.092036 8.092036 8.092036 8.092036 8.092036 8.092036 8.092036 8.092036 8.092036 6.681904 6.681904 7.8268576 7.8268576 8.092036 8.092036 7.538103 6.6799726 6.6799726 6.6799726 6.6799726 6.6799726 6.6799726 6.517577 6.020491 6.5335755 7.3146787 7.3146787 6.517577 7.3146787 6.5335755 6.5335755 6.5335755 6.5335755 7.795311 7.795311 7.795311 7.795311 7.795311 7.795311 7.795311 7.7652483 7.7652483 7.7652483 7.7652483
7.538103 7.538103 7.538103 7.538103 7.538103 7.538103 8.092036 8.092036 8.092036 8.092036 8.092036 8.092036 8.092036 8.092036 8.092036 8.092036 8.092036 8.092036 8.092036 8.092036 8.092036 8.092036 8.092036 8.092036 8.092036 8.092036 6.681904 6.681904 8.092036 8.092036 8.092036 8.092036 7.538103 7.538103 6.6799726 6.6799726 6.6799726 6.6799726 6.6799726 6.517577 6.517577 6.517577 6.517577 6.517577 6.517577 7.3146787 6.5335755 6.5335755 6.5335755 6.5335755 7.795311 7.795311 7.795311 7.795311 7.795311 7.795311 7.795311 7.7652483 7.7652483 7.572328 7.572328
7.538103 7.538103 7.538103 8.092036 7.538103 7.538103 7.538103 8.092036 8.092036 8.092036 8.092036 8.092036 8.092036 8.092036 8.092036 8.092036 8.092036 8.092036 8.092036 8.092036 7.8268576 7.8268576 8.092036 8.092036 8.092036 8.092036 8.092036 8.092036 8.092036 8.092036 8.092036 8.092036 8.092036 7.538103 7.538103 6.6799726 6.6799726 7.538103 7.538103 6.517577 6.517577 6.517577 6.517577 6.517577 6.517577 7.3146787 6.5335755 6.5335755 6.5335755 7.795311 7.795311 7.795311 7.795311 7.795311 7.795311 7.795311 7.795311 7.7652483 7.7652483 7.572328 7.572328
7.538103 7.538103 7.538103 6.681904 7.538103 7.538103 7.538103 6.681904 8.092036 8.092036 8.092036 8.092036 8.092036 8.092036 8.092036 8.092036 8.092036 8.092036 8.092036 7.538103 7.8268576 7.8268576 7.8268576 8.092036 8.092036 8.092036 8.092036 8.092036 8.092036 8.092036 8.092036 7.538103 7.538103 7.538103 7.538103 6.6799726 6.6799726 7.538103 7.538103 7.3146787 7.3146787 7.3146787 6.5335755 6.5335755 7.3146787 6.5335755 6.5335755 6.5335755 6.5335755 7.795311 7.795311 7.795311 7.795311 7.795311 7.572328 7.795311 7.795311 7.795311 7.7652483 7.7652483 7.795311
6.6799726 7.538103 7.538103 6.135685 7.538103 7.538103 7.538103 7.8268576 7.8268576 8.092036 8.092036 8.092036 8.092036 8.092036 8.092036 8.092036 8.092036 8.092036 8.092036 7.538103 7.538103 8.092036 7.8268576 7.8268576 8.092036 6.681904 8.092036 8.092036 7.8268576 8.092036 7.538103 7.538103 7.538103 7.538103 7.538103 7.538103 7.538103 7.538103 7.538103 7.3146787 7.3146787 6.5335755 6.5335755 6.5335755 6.5335755 6.5335755 6.5335755 6.5335755 6.5335755 7.795311 7.795311 7.795311 7.795311 7.795311 7.795311 7.795311 7.795311 7.795311 7.795311 7.795311 7.795311
6.4792557 6.4792557 6.4792557 6.4792557 7.6132126 6.4792557 7.6132126 7.6132126 7.7496805 7.7913375 7.7913375 7.7913375 7.7913375 7.7913375 7.7913375 7.7913375 7.7913375 7.7913375 7.7913375 7.7913375 7.6132126 7.6132126 7.7913375 7.6132126 7.6132126 6.9734263 7.6132126 7.6132126 7.7496805 7.7913375 7.6132126 7.6132126 7.6132126 7.6132126 7.6132126 7.6132126 7.6132126 6.9734263 6.9734263 6.6206894 6.6206894 6.6206894 6.6206894 6.6206894 6.6206894 6.6206894 6.6206894 7.172371 7.314959 7.314959 7.314959 7.314959 7.314959 7.314959 7.314959 7.314959 7.314959 7.2864957 7.2864957 7.314959 7.314959
6.0847197 6.4792557 6.4792557 6.4792557 6.4792557 6.4792557 7.6132126 7.6132126 7.7913375 7.7913375 7.7913375 7.7913375 7.6132126 7.6132126 7.7913375 7.7913375 7.7913375 7.7913375 7.7913375 7.7913375 7.6132126 7.6132126 7.6132126 7.6132126 7.6132126 6.9734263 7.6132126 7.6132126 7.7913375 7.7913375 7.6132126 7.6132126 7.6132126 7.7913375 7.7913375 7.6132126 7.6132126 6.9734263 6.9734263 5.787116 5.787116 5.787116 6.6206894 6.6206894 6.6206894 6.6206894 6.6206894 7.172371 7.2864957 7.172371 6.6206894 7.314959 7.314959 7.314959 7.314959 7.314959 7.314959 7.2864957 7.2864957 7.314959 7.314959
6.4792557 6.4792557 6.4792557 6.4792557 6.4792557 6.4792557 6.4792557 7.6132126 7.6132126 7.6132126 6.4792557 6.5593653 6.4792557 6.4792557 6.0847197 6.5981703 7.7913375 7.7913375 7.7913375 7.7913375 7.6132126 7.6132126 6.4792557 6.4792557 7.6132126 7.6132126 7.6132126 7.7496805 7.7913375 7.7913375 7.7913375 7.7913375 7.7913375 7.7913375 7.7913375 7.7913375 7.7913375 7.7913375 6.9734263 6.6206894 6.6206894 6.6206894 6.6206894 7.2864957 7.314959 7.314959 7.172371 7.172371 7.2864957 7.172371 6.6206894 6.6206894 7.314959 7.314959 7.314959 7.314959 7.314959 7.2864957 7.2864957 7.314959 7.314959
6.4792557 6.4792557 6.4792557 6.4792557 6.4792557 6.4792557 6.4792557 6.4792557 6.4792557 6.4792557 6.4792557 6.5593653 6.0847197 6.0847197 6.0847197 6.5981703 6.5981703 6.5981703 6.5981703 6.5981703 7.6132126 7.6132126 6.4792557 6.4792557 6.9734263 6.9734263 6.9734263 7.6132126 7.7913375 7.7913375 7.7913375 7.7913375 7.7913375 7.7913375 7.7913375 7.7913375 7.7913375 7.7913375 6.9734263 7.314959 7.314959 7.314959 7.314959 7.314959 7.314959 7.314959 7.2864957 7.2864957 7.314959 7.314959 7.314959 7.314959 7.314959 7.314959 7.314959 7.314959 7.314959 7.2864957 7.2864957 6.6206894 7.314959
6.0847197 6.0847197 6.5981703 6.4792557 6.4792557 6.4792557 6.4792557 6.0847197 6.4792557 6.4792557 6.4792557 6.5981703 6.5981703 6.5981703 6.5981703 6.5981703 6.5981703 6.5981703 6.5981703 6.5981703 6.4792557 6.4792557 6.4792557 6.4792557 6.0847197 6.0847197 6.9734263 7.6132126 7.7913375 7.7913375 7.7913375 7.7913375 7.7913375 7.7913375 7.7913375 7.7913375 7.7913375 7.7913375 7.6132126 7.172371 7.314959 7.314959 7.314959 7.314959 7.2864957 7.2864957 7.2864957 7.2864957 7.314959 7.314959 7.314959 7.314959 7.314959 7.314959 7.314959 7.314959 7.314959 7.314959 7.314959 7.314959 7.314959
6.0847197 6.4792557 6.4792557 6.4792557 6.4792557 6.4792557 6.4792557 6.0847197 6.0847197 6.599004 6.5981703 6.5981703 6.5981703 6.5981703 6.5981703 6.5981703 6.5981703 6.5981703 6.5981703 6.5981703 6.4792557 6.4792557 6.4792557 6.4792557 6.0847197 6.0847197 6.4792557 6.4792557 6.5981703 6.5981703 7.7913375 7.7913375 7.7913375 7.7913375 7.7913375 7.7913375 7.7913375 7.7913375 7.6132126 7.172371 7.172371 7.172371 6.6206894 7.314959 7.172371 6.6206894 7.314959 7.314959 7.314959 7.314959 7.314959 7.314959 7.314959 7.314959 7.314959 7.314959 7.314959 7.314959 7.314959 7.314959 7.314959
6.4792557 6.4792557 6.4792557 6.4792557 6.4792557 6.4792557 6.4792557 6.4792557 6.4792557 6.4792557 6.4792557 6.4792557 6.5593653 6.5981703 6.5981703 6.5981703 6.5981703 6.5981703 6.5981703 6.5981703 6.4792557 6.4792557 6.4792557 6.4792557 6.4792557 6.5981703 6.5902586 6.5902586 6.0847197 6.0847197 6.0847197 6.0847197 6.5981703 6.5981703 6.5981703 6.5981703 6.5981703 6.5981703 6.4792557 6.1559634 6.1559634 6.1559634 6.1559634 7.172371 7.172371 6.6206894 6.6206894 7.314959 7.314959 7.314959 7.314959 7.314959 7.314959 7.314959 7.314959 7.314959 7.314959 7.314959 7.314959 7.314959 6.6206894
6.4792557 6.4792557 6.4792557 6.4792557 6.4792557 6.4792557 6.4792557 6.4792557 6.4792557 6.0847197 6.0847197 6.5593653 6.5593653 6.5981703 6.5981703 6.5593653 6.5593653 6.5981703 6.0847197 6.0847197 6.4792557 6.4792557 6.5981703 6.5981703 6.5981703 6.5981703 6.5981703 6.0847197 6.0847197 6.0847197 6.0847197 6.0847197 6.5981703 6.5981703 6.5981703 6.5981703 6.4792557 6.4792557 6.4792557 6.1559634 6.1559634 6.1559634 6.1559634 6.1559634 6.1559634 6.1559634 6.247092 6.247092 6.247092 6.247092 6.247092 6.247092 6.247092 7.314959 7.314959 7.314959 7.314959 7.314959 7.314959 7.172371 6.6206894
6.4792557 6.4792557 6.4792557 6.4792557 6.4792557 6.0847197 6.4792557 6.4792557 6.0847197 6.0847197 6.0847197 6.0847197 6.0847197 6.0847197 6.0847197 6.0847197 6.0847197 6.0847197 6.0847197 6.0847197 6.4792557 6.5981703 6.5981703 6.5981703 6.5981703 6.5981703 6.5593653 6.0847197 6.0847197 6.0847197 6.4792557 6.4792557 6.5981703 6.5981703 6.5981703 6.5981703 6.4792557 6.4792557 6.4792557 6.1559634 6.1559634 6.1559634 6.1559634 6.1559634 6.1559634 6.1559634 6.247092 6.247092 6.247092 6.247092 6.247092 6.247092 6.247092 6.247092 6.247092 6.247092 6.247092 6.247092 6.247092 7.172371 6.6206894
