Export/ASCII/RMeteo_SP_inch/p1/RMeteo_2018_SP1_inch.asc
ncols         660
nrows         338
xllcorner     1476100.0
yllcorner     5017100.0
cellsize      100
NODATA_value  -9.9e-20
[rows 308 to 335 of 338, columns 372 to 433 of 660]
6.837083 6.837083 6.1090546 6.837083 6.837083 6.837083 6.837083 6.837083 6.837083 6.837083 6.837083 7.3096943 7.3096943 7.3096943 7.3096943 6.3080425 6.3080425 6.3080425 6.3080425 6.3080425 4.687403 7.3096943 6.3080425 6.3080425 5.8467913 5.8467913 6.7536116 6.7536116 6.7536116 6.7536116 6.7536116 6.7536116 6.7536116 6.7536116 6.7536116 6.7536116 6.7536116 6.7536116 6.7536116 6.7536116 6.7536116 7.2758737 4.7033076 4.7033076 4.7033076 4.7033076 4.7033076 4.7033076 6.7536116 4.7033076 4.7033076 4.7033076 7.2758737 7.2758737 7.2758737 7.2758737 7.2758737 7.2758737 7.2758737 7.2758737 7.2758737 7.2758737
6.837083 6.837083 6.837083 6.1090546 6.1090546 6.837083 6.837083 6.837083 6.837083 6.837083 6.837083 6.837083 7.3096943 7.3096943 7.3096943 7.3096943 6.3080425 6.3080425 6.979463 6.979463 4.687403 6.3080425 6.3080425 5.912211 4.535876 6.7536116 6.7536116 6.7536116 6.7536116 6.7536116 6.7536116 6.7536116 6.7536116 6.7536116 6.7536116 6.7536116 6.7536116 6.7536116 6.5446 6.5446 6.5446 6.9161453 7.2758737 7.2758737 7.2758737 6.7536116 6.7536116 6.7536116 6.7536116 6.7536116 4.7033076 4.7033076 4.7033076 4.7033076 7.2758737 7.2758737 7.2758737 7.2758737 7.2758737 7.2758737 7.2758737 7.2758737
6.837083 6.837083 6.837083 6.837083 6.837083 6.837083 6.837083 6.837083 6.837083 6.837083 6.837083 6.837083 6.837083 6.837083 6.61755 6.979463 7.3096943 6.979463 6.979463 7.3096943 7.3096943 4.5261154 5.912211 5.912211 4.535876 6.7536116 6.7536116 6.0166006 5.8467913 5.8467913 6.7536116 6.7536116 6.7536116 6.7536116 6.7536116 6.7536116 6.7536116 6.7536116 6.721739 6.721739 7.116158 6.9161453 7.2758737 7.2758737 6.7536116 6.7536116 6.7536116 6.7536116 6.7536116 6.7536116 4.7033076 4.7033076 4.7033076 4.7033076 7.2758737 7.2758737 7.2758737 7.2758737 7.2758737 6.9161453 6.9161453 7.116158
6.837083 6.837083 6.837083 6.837083 6.837083 6.837083 6.837083 6.837083 6.837083 6.837083 6.837083 6.837083 6.837083 6.837083 4.639165 6.61755 6.837083 7.3096943 6.979463 7.3096943 7.3096943 4.687403 5.912211 4.5261154 4.535876 6.7536116 6.7536116 6.0166006 5.8467913 5.8467913 5.8467913 5.8467913 6.5446 6.5446 6.7536116 6.7536116 6.7536116 6.7536116 6.721739 6.721739 7.116158 7.2758737 7.2758737 7.2758737 6.7536116 6.7536116 6.7536116 6.7536116 6.7536116 6.7536116 6.7536116 4.7033076 4.7033076 4.7033076 4.6628084 4.6628084 6.9161453 7.116158 6.9161453 6.9161453 6.9161453 7.116158
6.837083 5.912211 4.5261154 4.687403 4.687403 6.837083 6.837083 6.837083 6.837083 6.837083 6.837083 6.837083 4.687403 4.687403 4.687403 4.687403 4.687403 4.687403 6.979463 7.3096943 6.3080425 5.912211 5.912211 4.5261154 4.7033076 6.7536116 6.7536116 5.8467913 5.8467913 5.8467913 5.8467913 6.5446 6.5446 6.5446 5.8467913 6.7536116 6.7536116 6.7536116 6.7536116 7.2758737 7.2758737 7.2758737 7.2758737 7.2758737 6.7536116 6.7536116 6.7536116 6.7536116 6.7536116 6.7536116 6.7536116 6.7536116 4.6628084 4.698538 4.6628084 4.6628084 6.9161453 7.116158 7.116158 6.9161453 6.5446 6.5446
4.687403 4.5261154 4.5261154 4.687403 4.687403 4.687403 4.687403 4.687403 4.687403 4.687403 4.687403 4.687403 4.687403 4.687403 4.687403 4.687403 4.639165 4.639165 6.979463 6.3080425 4.5261154 5.912211 5.912211 4.687403 4.7033076 6.7536116 6.7536116 5.8467913 5.8467913 6.5446 6.5446 6.5446 6.7536116 5.8467913 5.8467913 6.7536116 6.7536116 6.7536116 6.7536116 7.2758737 7.2758737 7.2758737 7.2758737 7.2758737 6.7536116 6.7536116 6.7536116 6.7536116 6.7536116 6.7536116 6.7536116 6.7536116 6.5446 6.5446 4.6628084 4.6628084 4.6628084 4.698538 4.698538 6.721739 6.5446 6.7536116
4.5261154 4.5261154 5.912211 6.837083 4.687403 4.687403 4.687403 4.687403 4.687403 4.687403 4.687403 4.687403 4.687403 4.687403 4.687403 4.639165 4.639165 4.687403 4.687403 4.639165 4.5261154 4.5261154 4.5261154 4.687403 4.7033076 6.7536116 6.7536116 5.8467913 5.8467913 6.5446 6.721739 6.721739 6.721739 6.7536116 5.8467913 5.8467913 6.7536116 6.7536116 6.7536116 6.7536116 6.7536116 7.2758737 6.7536116 6.7536116 6.7536116 6.7536116 6.7536116 6.7536116 6.7536116 6.7536116 6.7536116 6.7536116 6.5446 6.5446 6.5446 6.5446 4.7033076 4.7033076 4.7033076 6.721739 6.7536116 6.7536116
4.105749 4.105749 4.105749 4.105749 4.687403 4.687403 4.687403 4.687403 4.687403 4.687403 4.687403 4.687403 4.687403 4.687403 4.687403 4.639165 4.639165 4.687403 4.639165 4.639165 4.639165 4.5261154 4.5261154 4.687403 4.7033076 6.7536116 6.7536116 5.8467913 5.8467913 6.5446 6.721739 6.721739 6.721739 6.7536116 5.8467913 5.8467913 5.8467913 6.5446 6.5446 6.7536116 6.7536116 6.7536116 6.7536116 6.7536116 6.7536116 6.7536116 6.7536116 6.7536116 6.7536116 6.7536116 6.7536116 6.7536116 6.5446 6.5446 6.5446 6.7536116 6.7536116 4.7033076 4.7033076 6.7536116 6.7536116 6.7536116
4.105749 4.105749 4.105749 4.105749 4.105749 4.687403 4.687403 4.687403 4.687403 4.687403 4.687403 4.687403 4.687403 4.687403 4.639165 4.639165 4.687403 4.687403 4.639165 4.639165 4.687403 4.639165 4.639165 4.639165 6.5446 5.8467913 5.8467913 5.8467913 6.5446 6.5446 6.721739 6.721739 6.721739 5.8467913 6.5446 6.5446 6.5446 6.5446 6.5446 6.7536116 6.7536116 6.7536116 6.7536116 6.7536116 6.7536116 6.7536116 6.7536116 6.7536116 6.7536116 6.7536116 6.7536116 6.7536116 6.5446 6.5446 6.5446 6.7536116 6.7536116 6.7536116 4.7033076 4.7033076 6.7536116 6.7536116
4.105749 4.105749 4.105749 4.687403 4.687403 4.687403 4.687403 4.687403 4.687403 4.687403 4.687403 4.687403 4.687403 4.687403 4.639165 4.687403 4.687403 4.687403 4.639165 4.687403 4.687403 4.687403 4.687403 4.687403 6.5446 6.5446 6.721739 6.721739 6.5446 5.8467913 5.8467913 5.8467913 5.8467913 6.5446 6.5446 6.5446 6.7536116 6.7536116 6.7536116 6.7536116 6.7536116 6.7536116 6.7536116 6.7536116 6.7536116 6.7536116 6.7536116 6.7536116 6.7536116 6.7536116 6.7536116 6.7536116 6.5446 6.5446 6.5446 6.7536116 6.7536116 6.7536116 6.7536116 6.7536116 6.7536116 6.7536116
4.687403 4.687403 4.687403 4.687403 4.687403 6.837083 4.687403 4.687403 4.687403 4.687403 4.687403 4.687403 4.687403 4.639165 4.639165 4.687403 4.687403 4.639165 4.639165 4.687403 4.687403 4.687403 4.687403 6.837083 6.5446 6.5446 6.721739 6.721739 6.5446 6.7536116 6.7536116 5.8467913 5.8467913 6.7536116 6.7536116 6.7536116 6.7536116 6.7536116 6.7536116 6.7536116 6.7536116 6.7536116 6.7536116 6.7536116 6.7536116 6.7536116 6.7536116 6.7536116 6.7536116 6.7536116 6.7536116 6.7536116 6.7536116 6.7536116 6.7536116 6.7536116 6.7536116 6.7536116 6.7536116 6.7536116 6.7536116 6.7536116
4.687403 4.687403 6.837083 6.837083 7.3096943 7.3096943 4.687403 4.687403 4.687403 4.687403 4.6866064 4.6866064 4.6866064 4.639165 4.639165 4.687403 4.687403 4.639165 4.687403 4.687403 4.687403 4.687403 4.687403 6.61755 6.5446 6.5446 6.7536116 6.7536116 6.7536116 6.7536116 6.7536116 6.7536116 6.7536116 6.7536116 6.7536116 6.7536116 6.7536116 6.7536116 6.7536116 6.7536116 6.7536116 6.7536116 6.7536116 6.7536116 6.7536116 6.7536116 6.7536116 6.7536116 6.7536116 6.7536116 6.7536116 6.7536116 6.7536116 6.7536116 6.7536116 6.7536116 6.7536116 6.7536116 6.7536116 6.7536116 6.7536116 4.7033076
4.687403 6.837083 6.837083 7.3096943 7.3096943 7.3096943 4.687403 4.687403 4.687403 6.61755 4.6866064 4.6866064 4.6866064 4.639165 4.639165 4.687403 4.639165 4.639165 4.687403 4.687403 4.687403 4.639165 4.639165 4.639165 6.5446 6.5446 6.5446 6.7536116 6.7536116 6.7536116 6.7536116 6.7536116 6.7536116 6.7536116 6.7536116 6.7536116 6.7536116 6.7536116 6.7536116 6.7536116 6.7536116 6.7536116 6.7536116 6.74568 4.7031226 4.7033076 6.7536116 6.7536116 6.7536116 6.7536116 6.7536116 6.7536116 6.7536116 6.7536116 6.7536116 6.7536116 6.7536116 6.7536116 6.7536116 6.7536116 6.721739 6.721739
4.687403 4.687403 4.687403 7.3096943 7.3096943 7.3096943 4.687403 4.687403 4.687403 4.687403 4.639165 4.639165 4.639165 4.639165 4.639165 4.639165 4.639165 4.639165 4.687403 4.687403 4.687403 4.639165 4.639165 6.61755 6.5446 6.5446 6.5446 6.7536116 6.7536116 6.7536116 6.7536116 6.7536116 6.7536116 6.7536116 6.7536116 6.7536116 6.7536116 6.7536116 6.721739 6.721739 6.721739 6.7536116 6.7536116 4.7031226 4.7031226 4.7033076 6.7536116 6.7536116 6.7536116 6.7536116 6.7536116 6.7536116 6.7536116 6.7536116 6.7536116 6.7536116 6.7536116 6.7536116 6.7536116 6.7536116 6.7536116 6.7536116
4.687403 4.687403 4.687403 4.687403 7.3096943 7.3096943 4.687403 4.687403 4.687403 4.639165 4.639165 4.639165 4.639165 4.639165 4.6866064 4.639165 4.639165 4.687403 4.687403 4.687403 4.687403 4.639165 6.61755 6.61755 6.5446 6.5446 6.5446 6.7536116 6.7536116 6.7536116 6.7536116 6.7536116 6.7536116 6.7536116 6.7536116 6.7536116 6.721739 6.7536116 6.721739 6.721739 6.721739 6.7536116 6.74568 4.7031226 4.7031226 4.7031226 6.7536116 6.7536116 6.7536116 6.7536116 6.7536116 6.7536116 6.7536116 6.7536116 6.7536116 6.7536116 6.7536116 6.7536116 6.7536116 6.7536116 6.7536116 6.7536116
4.6866064 4.687403 4.687403 4.687403 4.687403 4.687403 7.3096943 4.687403 4.687403 4.687403 4.687403 4.687403 4.687403 4.5261154 4.5261154 4.639165 4.639165 4.639165 4.639165 4.687403 4.687403 4.639165 4.639165 6.61755 6.5446 6.5446 6.5446 6.5446 5.8467913 6.7536116 5.8467913 6.7536116 6.7536116 6.7536116 6.7536116 6.7536116 6.721739 6.7536116 6.7536116 6.721739 6.721739 6.7536116 6.74568 4.7031226 4.7031226 4.7031226 4.7033076 6.7536116 6.7536116 6.7536116 6.7536116 6.7536116 6.7536116 6.7536116 6.7536116 6.7536116 6.7536116 6.7536116 6.7536116 6.7536116 6.7536116 6.0166006
4.6866064 4.687403 4.687403 4.687403 4.687403 4.687403 7.3096943 4.687403 4.687403 4.687403 4.687403 4.687403 4.5261154 4.5261154 4.5261154 4.5261154 4.639165 4.639165 4.105749 4.687403 4.687403 4.687403 4.639165 6.61755 6.5446 6.5446 4.6628084 4.6628084 5.8467913 6.5446 6.5446 6.721739 5.8467913 5.8467913 5.8467913 6.7536116 6.7536116 6.7536116 6.7536116 6.7536116 6.7536116 6.7536116 6.74568 6.74568 4.7031226 4.7033076 4.7033076 6.7536116 6.7536116 6.7536116 6.7536116 6.7536116 6.7536116 6.7536116 6.7536116 6.7536116 6.7536116 6.7536116 6.721739 6.721739 6.7536116 6.0166006
4.687403 4.687403 4.687403 4.687403 4.687403 4.687403 7.3096943 7.3096943 7.3096943 4.5261154 4.5261154 4.5261154 4.5261154 4.5261154 4.5261154 4.639165 4.639165 4.639165 4.105749 4.105749 4.687403 4.639165 4.639165 6.61755 6.5446 6.5446 6.5446 6.5446 6.5446 6.5446 6.5446 6.721739 5.8467913 5.8467913 5.8467913 5.8467913 6.0166006 6.7536116 6.7536116 6.7536116 6.7536116 6.7536116 6.74568 6.74568 6.74568 4.7033076 4.7033076 6.7536116 6.7536116 6.7536116 6.7536116 6.7536116 6.7536116 6.7536116 6.7536116 6.7536116 6.7536116 6.721739 6.721739 6.721739 6.7536116 6.0166006
4.687403 4.687403 4.687403 4.687403 4.687403 4.687403 6.3080425 6.3080425 6.3080425 6.3080425 6.3080425 6.3080425 6.3080425 4.5261154 4.5261154 4.639165 4.105749 4.105749 4.105749 4.105749 4.687403 4.639165 6.61755 6.61755 6.5446 6.5446 6.5446 6.5446 6.5446 6.5446 6.5446 5.8467913 5.8467913 5.8467913 5.8467913 5.8467913 6.7536116 6.7536116 6.7536116 6.7536116 6.7536116 6.7536116 6.7536116 6.74568 6.7536116 6.7536116 4.7033076 6.7536116 6.7536116 6.7536116 6.7536116 6.7536116 6.7536116 6.7536116 6.721739 6.721739 6.721739 6.721739 6.721739 6.721739 6.721739 6.7536116
4.687403 4.687403 4.687403 4.687403 4.687403 4.687403 4.5261154 6.3080425 6.3080425 7.1675177 7.1675177 6.3080425 6.3080425 6.3080425 6.3080425 4.105749 4.105749 4.687403 4.687403 4.687403 4.687403 4.639165 6.61755 6.61755 6.5446 6.5446 6.5446 6.5446 6.5446 6.721739 5.8467913 5.8467913 5.8467913 5.8467913 5.8467913 5.8467913 6.7536116 6.0166006 6.7536116 6.7536116 6.7536116 6.7536116 6.7536116 6.7536116 6.7536116 6.7536116 6.7536116 6.7536116 6.7536116 6.7536116 6.7536116 6.7536116 6.7536116 6.7536116 6.721739 6.721739 6.7536116 6.7536116 6.7536116 6.7536116 6.7536116 6.7536116
4.687403 4.687403 4.687403 4.687403 4.687403 4.687403 4.5261154 6.3080425 6.3080425 7.1675177 7.1675177 6.3080425 6.3080425 6.3080425 6.979463 6.4552746 4.105749 4.105749 4.687403 4.6866064 4.639165 6.61755 6.61755 6.61755 6.5446 6.5446 6.5446 6.5446 6.5446 5.8467913 5.8467913 5.8467913 5.8467913 5.8467913 5.8467913 5.8467913 5.8467913 6.0166006 6.7536116 6.7536116 6.7536116 6.7536116 6.7536116 6.7536116 6.7536116 6.7536116 6.7536116 6.7536116 6.7536116 6.7536116 6.7536116 6.7536116 6.7536116 6.7536116 6.7536116 6.7536116 6.7536116 6.7536116 6.7536116 6.7536116 6.7536116 6.7536116
4.687403 4.687403 4.687403 4.687403 4.687403 4.687403 4.5261154 4.5261154 4.5261154 4.5261154 6.3080425 6.3080425 6.3080425 6.3080425 6.4552746 6.4552746 6.4552746 6.837083 6.837083 6.808653 6.61755 6.61755 6.61755 6.61755 6.5446 6.5446 6.5446 6.5446 5.8467913 5.8467913 5.8467913 5.8467913 5.8467913 5.8467913 5.8467913 5.8467913 5.8467913 6.7536116 6.7536116 6.7536116 6.7536116 6.7536116 6.7536116 6.7536116 6.7536116 6.7536116 6.7536116 6.7536116 6.7536116 6.7536116 6.7536116 6.7536116 6.7536116 6.7536116 6.7536116 6.7536116 6.7536116 6.7536116 6.7536116 6.7536116 6.7536116 6.7536116
7.3096943 4.687403 4.687403 4.687403 4.687403 4.687403 4.687403 4.5261154 4.5261154 4.5261154 4.5261154 6.3080425 6.3080425 6.979463 6.4552746 6.4552746 6.4552746 6.837083 6.837083 6.808653 6.808653 6.61755 6.61755 6.61755 6.5446 6.5446 6.5446 6.5446 6.5446 5.8467913 5.8467913 5.8467913 5.8467913 5.8467913 5.8467913 5.8467913 5.8467913 6.7536116 6.7536116 6.7536116 6.7536116 6.7536116 6.7536116 6.7536116 6.7536116 6.7536116 6.7536116 6.7536116 6.7536116 6.7536116 6.7536116 6.7536116 6.7536116 6.721739 6.721739 6.7536116 6.7536116 6.7536116 6.7536116 6.7536116 6.5446 6.5446
7.1675177 7.1675177 4.6866064 4.6866064 4.687403 4.687403 4.687403 4.687403 4.687403 4.687403 4.5261154 6.3080425 6.61755 6.61755 6.837083 6.837083 6.837083 6.837083 6.61755 6.808653 6.808653 6.61755 6.61755 6.61755 6.5446 6.5446 6.5446 6.5446 6.5446 5.8467913 5.8467913 5.8467913 5.8467913 5.8467913 5.8467913 5.8467913 5.8467913 6.7536116 6.7536116 6.7536116 6.7536116 6.7536116 6.7536116 6.7536116 6.7536116 6.7536116 6.7536116 6.7536116 6.7536116 6.7536116 6.7536116 6.7536116 6.7536116 6.721739 6.721739 6.7536116 6.7536116 6.7536116 6.7536116 6.7536116 6.5446 6.5446
7.1675177 7.1675177 7.1675177 4.6866064 4.687403 4.687403 4.687403 4.687403 4.687403 4.687403 4.687403 4.687403 6.61755 6.837083 6.837083 6.837083 6.837083 6.837083 6.837083 6.61755 6.61755 6.61755 6.61755 6.61755 6.5446 6.5446 6.5446 6.5446 6.5446 6.5446 6.74568 6.5446 6.7536116 6.7536116 6.7536116 6.7536116 6.7536116 6.7536116 6.7536116 6.7536116 6.7536116 6.7536116 6.7536116 6.7536116 6.7536116 6.7536116 6.7536116 6.7536116 6.7536116 6.7536116 6.7536116 6.7536116 6.7536116 6.7536116 6.7536116 6.7536116 6.7536116 6.7536116 6.7536116 6.7536116 6.5446 6.5446
7.3096943 7.3096943 7.3096943 4.687403 4.687403 4.687403 4.687403 4.687403 4.687403 4.687403 4.687403 6.61755 6.61755 6.837083 6.837083 6.837083 6.837083 6.837083 6.837083 6.61755 6.61755 6.61755 6.61755 6.61755 6.5446 6.5446 6.5446 6.7536116 6.7536116 6.74568 6.5446 6.5446 6.5446 6.5446 6.72174 6.7536116 6.7536116 6.7536116 6.7536116 6.7536116 6.7536116 6.7536116 6.7536116 6.7536116 6.7536116 6.7536116 6.7536116 6.7536116 6.7536116 6.7536116 6.721739 6.721739 6.7536116 6.7536116 6.7536116 6.7536116 6.7536116 6.7536116 6.7536116 6.7536116 6.7536116 6.7536116
4.687403 7.3096943 7.3096943 4.687403 4.687403 4.687403 4.687403 4.687403 4.687403 4.687403 4.687403 6.61755 6.837083 6.837083 6.837083 6.837083 6.837083 6.837083 6.61755 6.61755 6.61755 6.61755 6.61755 6.61755 6.7536116 6.7536116 6.7536116 6.7536116 6.7536116 6.74568 6.5446 6.5446 6.5446 6.5446 6.72174 6.72174 6.72174 6.7536116 6.7536116 6.7536116 6.7536116 6.7536116 6.7536116 6.7536116 6.7536116 6.7536116 6.7536116 6.7536116 6.7536116 6.5446 6.5446 6.5446 6.7536116 6.7536116 6.7536116 6.7536116 6.7536116 6.7536116 6.7536116 6.7536116 6.7536116 6.7536116
4.687403 7.3096943 7.3096943 4.687403 4.687403 4.687403 4.687403 4.687403 4.687403 4.687403 4.639165 6.61755 6.837083 6.837083 6.837083 6.837083 6.837083 6.837083 6.61755 6.61755 6.61755 6.61755 6.61755 6.837083 6.7536116 6.7536116 6.7536116 6.7536116 6.7536116 6.7536116 6.5446 6.5446 6.5446 6.5446 6.72174 6.72174 6.7536116 6.7536116 6.7536116 6.7536116 6.7536116 6.7536116 6.7536116 6.7536116 6.7536116 6.7536116 6.7536116 6.7536116 6.5446 6.5446 6.5446 6.5446 6.5446 6.7536116 6.7536116 6.7536116 6.7536116 6.7536116 6.7536116 6.7536116 6.7536116 6.7536116
