Export/ASCII/RMeteo_SP_inch/p1/RMeteo_2018_SP3_inch.asc
ncols         660
nrows         338
xllcorner     1476100.0
yllcorner     5017100.0
cellsize      100
NODATA_value  -9.9e-20
[rows 270 to 296 of 338, columns 366 to 426 of 660]
3.8086607 3.8086607 3.8086607 3.8086607 3.8011513 4.6811023 4.6811023 4.6738424 4.6738424 3.808661 3.808661 3.808661 3.808661 3.808661 3.808661 3.808661 3.808661 3.808661 3.808661 3.808661 3.808661 3.8011513 2.6781487 2.6781487 2.6803157 2.6803157 2.6478436 3.694549 3.694549 3.8086612 2.8239367 3.5504458 3.5504458 3.5504458 3.5504458 3.5504458 3.5504458 3.6629915 3.6629915 3.6629915 3.6629915 3.6629915 3.5504458 3.5504458 3.6629915 3.6629915 3.6629915 3.6629915 3.6629915 3.6629915 3.6629915 3.6531744 3.6531744 3.6629915 4.677165 4.677165 4.677165 3.6629915 3.6629915 3.6629915 2.5738587
3.8086607 3.8086607 3.8086607 3.8086607 3.8011513 4.622903 4.6811023 4.6738424 4.6738424 3.808661 3.808661 3.808661 3.808661 3.808661 3.808661 3.808661 3.808661 3.808661 3.808661 3.808661 4.6738424 4.622903 4.6811023 2.6803157 2.6803157 2.6803157 2.1009452 2.1009452 2.1009452 2.1009452 2.0025194 3.5504458 3.5504458 3.5504458 3.5504458 3.5504458 3.5504458 3.5504458 3.6629915 3.6629915 3.6629915 3.6629915 3.6629915 3.5504458 3.6629915 3.6629915 3.6629915 3.6629915 3.6629915 3.6629915 3.6629915 3.6531744 3.6531744 3.6629915 3.6629915 4.677165 4.677165 3.6629915 3.6629915 3.6629915 2.5738587
3.8011513 3.8086607 3.8086607 3.8086607 3.8011513 2.6781487 4.6811023 4.6811023 4.6738424 3.808661 3.808661 3.808661 3.808661 3.808661 3.808661 3.808661 3.808661 3.808661 3.808661 3.808661 4.6738424 4.622903 4.6811023 4.6811023 2.6803157 2.6803157 2.6803157 2.1009452 2.1009452 2.1009452 2.5738568 2.5738568 3.5504458 3.5504458 3.5504458 3.5504458 3.5504458 3.5504458 3.6629915 3.6629915 3.6629915 3.6629915 3.6629915 3.5504458 3.5504458 3.6629915 3.6629915 3.6629915 3.6629915 3.6629915 3.6629915 3.6629915 3.6531744 3.6531744 3.6629915 4.677165 4.677165 3.6629915 3.6629915 3.6629915 2.5714643
3.8011513 3.8086612 3.8086612 3.8011513 3.8011513 2.6803157 2.6803157 4.6811023 3.808661 3.808661 3.808661 3.808661 3.808661 3.808661 3.808661 3.808661 3.808661 3.808661 3.8086612 3.808661 4.6738424 4.622903 4.622903 4.6811023 4.6811023 2.6803157 2.6803157 2.6803157 2.6803157 2.6803157 2.5538828 2.5538828 3.5504458 3.5504458 3.5504458 3.5504458 3.5504458 3.5504458 3.5504458 3.5504458 3.6629915 3.6629915 3.6629915 3.5504458 3.5504458 3.6629915 3.6629915 3.6629915 3.6629915 3.6629915 3.6531744 3.6629918 3.6531744 3.6531744 3.6629915 4.677165 4.677165 4.677165 3.6629915 3.6629915 3.6531744
3.8011513 3.8011513 3.8011513 3.8011513 3.8086607 2.6803157 2.6803157 2.6803157 2.6803143 2.6803143 3.808661 3.808661 3.808661 3.808661 3.808661 3.808661 3.808661 3.808661 3.808661 3.808661 3.808661 4.6738424 4.622903 4.622903 4.6811023 2.6803157 2.6803157 2.6803157 2.6803157 2.6803157 2.5738587 2.5538828 3.5504458 3.5504458 3.5504458 3.5504458 3.6629915 3.5504458 3.5504458 3.5504458 3.5504458 3.5504458 3.5504458 3.5504458 3.5504458 3.6629915 3.6629915 3.6629915 3.6531744 3.6531744 3.6531744 3.6629918 3.6531744 3.6531744 3.6629915 4.677165 4.677165 3.6629915 3.6629915 3.6629915 3.6531744
3.8011513 3.8011513 3.8011513 3.8011513 2.6803157 2.6803157 2.6803157 2.6803157 2.6803143 2.6803143 3.808661 3.808661 3.808661 3.808661 3.808661 3.808661 3.808661 3.808661 3.808661 3.808661 3.808661 3.808661 4.6738424 4.622903 4.622903 4.6811023 2.6803157 2.6803157 2.6803157 2.6803157 2.5738587 2.5538828 3.5504458 3.5504458 3.6531744 3.6629915 3.6629915 3.5504458 3.5504458 3.5504458 3.5504458 3.5504458 3.5504458 3.5504458 3.6531744 3.6531744 3.6531744 3.6531744 3.6531744 3.6531744 3.6531744 3.6531744 3.6629915 3.6531744 4.677165 4.677165 4.599265 3.6531744 3.6531744 3.6629915 3.6531744
3.8011513 3.8011513 3.8011513 3.8011513 2.6803157 2.6803157 2.6803157 2.6803157 2.6803157 2.6803143 3.808661 3.808661 3.808661 3.808661 3.808661 3.808661 3.8086612 3.8086612 3.808661 3.808661 3.808661 3.808661 3.808661 4.622903 4.622903 4.622903 4.6811023 4.6811023 2.6803157 2.6803157 2.5738587 2.5538828 3.5504458 3.6531744 3.6531744 3.6531744 3.6629915 3.6629915 3.6629918 3.5504458 3.5504458 3.5504458 3.5504458 3.6629918 3.6531744 3.6531744 3.6531744 3.6531744 3.6531744 3.6531744 3.6531744 3.6531744 3.6531744 3.662992 4.677165 4.599265 3.6531744 3.6531744 3.6531744 3.6629915 3.6629915
3.8011513 3.8011513 3.8011513 3.8011513 2.6803157 3.8086607 3.8086607 3.8086607 3.8086607 3.808661 3.808661 3.808661 3.808661 3.808661 3.808661 2.6803157 2.6803157 3.8086612 3.8086612 3.808661 3.808661 3.808661 3.808661 3.808661 4.622903 4.622903 4.622903 4.6811023 4.6811023 2.6803157 2.5738587 2.5538828 3.6531744 3.6531744 3.6531744 3.6531744 3.6629915 3.6629918 3.6629918 3.6629918 3.6629918 3.6629918 3.6629918 3.6629918 3.6531744 3.6531744 3.6531744 3.6531744 3.6531744 3.6531744 3.6531744 3.6531744 3.662992 3.6531744 4.677165 4.677165 3.6531744 3.662992 3.662992 3.662992 3.6629915
3.8011513 3.8011513 3.8011513 3.8011513 3.8086607 3.8086607 3.8086607 3.8086607 3.8086607 3.808661 2.6803143 3.808661 3.808661 4.6738424 4.6738424 2.6803143 2.6803157 3.8086612 3.8086612 3.808661 3.808661 3.808661 3.808661 4.6738424 4.6738424 4.622903 4.622903 4.6811023 2.6803157 2.6803157 2.5738587 2.5538828 2.5714643 2.5714643 2.5714643 2.5714643 2.5738587 3.6629915 3.6629918 3.6629918 3.6629918 3.6629918 3.6629918 3.6629918 3.6629918 3.6531744 3.6531744 3.6531744 3.6531744 3.5504458 3.5504458 3.6531744 3.6531744 3.6531744 3.6531744 3.662992 3.6629915 3.662992 3.662992 3.662992 3.6629915
3.8011513 3.8011513 3.8011513 3.8011513 3.8086607 3.8086607 3.8086607 3.8086607 3.8086607 3.8086607 2.6803143 2.6803143 2.6803143 4.6738424 4.6811023 4.6811023 2.6803157 2.6803157 3.8086612 3.808661 3.808661 4.6738424 4.6738424 4.6738424 4.6811023 4.6811023 4.622903 4.622903 2.6781487 2.6803157 2.5738587 2.5714643 2.5538828 2.5538828 2.5738587 2.573856 2.573856 2.573856 2.573856 2.573856 3.6629918 3.6629915 3.6629915 3.6629918 3.6629918 3.5504458 3.5504458 3.5504458 3.5504458 3.5504458 3.5504458 3.6531744 3.6531744 3.6531744 3.6531744 3.662992 3.6629915 3.6629915 3.6629915 3.6629915 3.6629915
3.8011513 3.8011513 3.8086607 3.8086607 3.8086607 3.8086607 3.8086607 3.8086607 3.8086607 4.6811023 2.6803143 2.6803143 2.6803157 4.6811023 4.6811023 4.6811023 2.6803157 2.6803157 3.8086612 4.6738424 4.6738424 4.6738424 4.6811023 4.6811023 4.6811023 4.6811023 4.6811023 4.622903 4.622903 2.6781487 2.5714643 2.5714643 2.5738587 2.5738587 2.5738587 2.573856 2.573856 2.573856 2.573856 2.5738587 3.6629915 3.6629915 3.6629915 3.6629915 3.6629918 3.5504458 3.5504458 3.5504458 3.5504458 3.5504458 3.5504458 3.5504458 3.5504458 3.6531744 3.6531744 3.662992 2.5714643 3.6629915 3.6629915 3.6629915 3.6629915
3.8011513 3.8011513 2.6803157 3.8086607 3.8086607 3.8086607 3.808661 3.8086607 3.8086607 4.6811023 2.6803157 2.1009452 2.6803157 4.6811023 4.6811023 4.6811023 4.6811023 0.0 2.6803143 4.6738424 4.6811023 4.6811023 4.6811023 4.6811023 4.6811023 4.6811023 4.6811023 4.6811023 4.6811023 4.622903 4.599265 2.5714643 2.5714643 2.5714643 2.5714643 2.5738587 2.573856 2.573856 2.5738587 2.573856 2.573856 3.6629915 3.6629915 3.6629915 3.6531744 3.6531744 3.6531744 3.6531744 3.5504458 3.5504458 3.5504458 3.5504458 3.5504458 3.5504458 3.6531744 2.5714643 2.5714643 2.5738587 2.5738587 2.5738587 2.5738587
3.8011513 3.8011513 2.6803157 3.8011513 3.8086607 3.808661 3.808661 3.808661 3.8086607 4.6811023 2.6803157 3.8086607 3.8086607 4.6811023 4.6811023 4.6811023 4.6811023 4.6811023 4.6811023 4.6811023 4.6811023 4.6811023 4.6811023 4.6811023 4.6811023 4.6811023 4.6811023 4.6811023 4.6811023 4.622903 4.599265 3.6531744 3.6531744 3.6531744 4.599265 2.5738587 2.5738587 2.5738587 2.5738587 2.5738587 2.573856 3.6629918 3.6629918 3.5504458 3.5504458 3.6531744 3.6531744 3.6531744 3.6531744 3.5504458 3.5504458 3.5504458 3.5504458 3.5504458 3.6531744 2.5714643 2.5714643 2.5738587 2.5738587 2.5738587 2.5738587
3.8011513 3.8086607 3.8086607 3.8011513 3.8086607 3.808661 4.6738424 4.6738424 4.6811023 4.6811023 3.8086607 3.8086607 3.8086607 4.6811023 4.6811023 4.6811023 4.6811023 4.6811023 4.6811023 4.6811023 4.6811023 4.6811023 4.6811023 4.6811023 4.6811023 4.6811023 4.6811023 4.6811023 4.6811023 4.622903 3.6531744 3.6531744 3.6531744 4.599265 4.599265 4.677165 4.677165 2.5738587 2.5738587 2.5738587 2.573856 3.6629918 3.6629918 3.6629918 3.5504458 3.6531744 3.6531744 3.6531744 3.6531744 3.6531744 3.5504458 3.5504458 3.5504458 3.5504458 2.5714643 2.5714643 2.5714643 2.5738587 2.5738587 2.5738587 2.5738587
2.6803157 3.8086607 3.8086607 3.8086607 3.8086607 3.8086607 3.808661 4.622903 3.8086607 3.8086607 3.8086607 3.8086607 3.8086607 2.9892912 4.6811023 4.6811023 4.6811023 4.6811023 4.6811023 4.6811023 4.6811023 4.6811023 4.6811023 4.6811023 4.6811023 4.6811023 4.6811023 4.6811023 4.6811023 4.622903 4.599265 4.599265 3.6531744 4.599265 4.599265 4.599265 4.677165 4.677165 2.5738587 2.5738587 2.573856 2.573856 3.6629918 3.6531744 3.6531744 3.6531744 3.6531744 3.6531744 3.6531744 3.6531744 3.5504458 3.5504458 3.6531744 3.6531744 2.5714643 2.5738587 2.5714643 2.5738587 2.5738587 2.5738587 2.5738587
2.6781487 3.8011513 3.8086607 3.8086607 3.8086607 3.8011513 3.8086607 4.6811023 3.8086607 3.8086607 3.8086607 3.8086607 3.8086607 3.8086607 4.6811023 4.6811023 4.6811023 4.6811023 4.6811023 4.6811023 4.6811023 4.6811023 4.6811023 4.6811023 4.6811023 4.6811023 4.6811023 4.6811023 4.622903 4.622903 4.599265 4.599265 3.6531744 4.599265 4.599265 4.599265 4.599265 4.677165 4.677165 2.5738587 2.5738587 2.573856 3.6629918 3.6531744 3.6531744 3.6531744 3.6531744 4.599265 4.599265 3.6531744 3.6531744 3.6531744 3.6531744 3.6531744 2.5738587 2.5738587 2.5714643 2.5738587 2.5738587 4.677165 4.663909
4.622903 3.8011513 3.8011513 3.8086607 3.8011513 3.8011513 3.8011513 4.6811023 3.8086607 3.8086607 3.8086607 3.8086607 3.8086607 4.6811023 3.8017323 4.6811023 4.6811023 4.6811023 4.6811023 4.6811023 4.6811023 4.6811023 4.6811023 4.6811023 4.6811023 4.6811023 4.6811023 4.6811023 4.622903 4.622903 3.77811 4.599265 3.6531744 3.6531744 3.6531744 4.599265 4.599265 4.677165 2.5738587 2.5738587 2.5738587 2.5738587 3.6629915 3.6531744 3.6531744 3.6531744 3.6531744 4.599265 4.599265 3.6531744 3.662992 3.6531744 3.6531744 3.6531744 2.5738587 2.5714643 2.573856 3.662992 4.677165 4.677165 4.663909
2.6803157 2.6781487 3.8011513 3.8011513 3.8011513 4.622903 4.622903 3.8086607 3.8086607 3.8086607 3.8086607 3.8086607 3.8086607 4.6811023 3.8017323 4.6811023 4.6811023 4.6811023 4.6811023 4.6811023 4.6811023 4.6811023 4.6811023 4.6811023 4.6811023 4.6811023 4.6811023 4.6738424 4.622903 3.808661 4.663909 4.599265 4.599265 4.599265 4.599265 4.599265 4.677165 2.5738587 2.5738587 2.5738587 2.5738587 2.5738587 3.6629915 3.6629915 4.677165 4.677165 4.599265 4.677165 4.297232 4.297232 3.6531744 3.6531744 3.6531744 3.6531744 2.573856 2.573856 3.6629918 3.6531744 4.599265 4.677165 4.663909
2.6781487 4.622903 4.622903 3.8011513 4.622903 4.622903 4.622903 3.8086607 3.8086607 3.8086607 3.8086607 3.8086607 3.8086607 4.6811023 4.6811023 4.6811023 4.6811023 4.6811023 4.6811023 4.6811023 4.6811023 4.6811023 4.6811023 4.6811023 4.6811023 4.6811023 4.6738424 4.3599577 4.3599577 3.8011513 4.599265 4.599265 4.599265 4.599265 4.599265 4.297232 2.5538828 2.5738587 2.5738587 3.6629915 2.5738587 3.6629915 3.6629915 3.6629915 4.677165 4.677165 4.677165 4.677165 4.677165 4.677165 3.5504458 3.6531744 3.6531744 3.6531744 3.6629918 3.6629918 4.663909 4.677165 4.677165 4.677165 4.677165
3.8011513 3.8011513 4.622903 4.622903 4.622903 4.622903 4.6811023 4.6811023 3.8086607 3.8086607 3.8086607 3.8086607 3.8086607 4.6811023 4.6811023 4.6811023 4.6811023 4.6811023 4.6811023 4.6811023 4.6811023 4.6811023 4.6811023 4.6811023 4.6811023 4.622903 4.622903 4.3599577 4.3599577 3.8011513 4.599265 4.599265 4.599265 4.599265 4.677165 2.5538828 2.5738587 3.6629915 3.6629915 3.6629915 3.6629915 3.6629915 3.6629915 3.6629915 4.677165 4.677165 4.677165 4.677165 4.677165 4.677165 3.6629915 3.6531744 3.6531744 3.6629915 3.6629918 4.663909 4.663909 4.677165 4.677165 4.677165 4.677165
3.8011513 3.8011513 3.8011513 3.8011513 4.622903 4.622903 4.6811023 4.6811023 3.8086607 3.8086607 3.8086607 3.8086607 3.8086607 4.6811023 4.6811023 4.6811023 4.6811023 4.6811023 4.6811023 4.6811023 4.6811023 4.6811023 4.6811023 4.6811023 4.622903 4.6738424 4.622903 3.8011513 3.8011513 4.622903 4.599265 3.77811 4.599265 4.677165 4.677165 2.5738587 3.6629915 3.6629915 3.6629918 3.6629918 3.6629915 3.6629915 3.6629915 3.6629915 2.5738587 4.677165 4.677165 4.677165 4.677165 4.677165 3.6629915 3.6629915 3.6629915 3.6629915 3.6629915 4.677165 4.677165 4.677165 4.677165 4.677165 4.677165
3.8011513 3.8011513 3.8011513 3.8011513 4.622903 4.6811023 4.622903 4.6811023 3.8086607 3.8086607 3.8086607 3.8086607 3.8086607 3.8086607 4.6811023 4.6738424 4.6738424 4.6811023 4.6811023 4.6811023 4.6811023 4.6811023 4.6811023 4.622903 4.6738424 4.6738424 4.622903 4.622903 3.8011513 4.622903 4.599265 4.677165 4.677165 4.663909 4.677165 2.5738587 3.6629915 3.6629915 3.6629915 3.6629915 3.6629915 3.6629915 2.5738587 2.5738587 2.5738587 4.677165 4.677165 4.677165 4.677165 4.677165 3.6629915 3.6629915 3.6629915 3.6629915 3.6629915 4.677165 4.677165 4.677165 4.677165 4.677165 4.677165
3.8011513 4.622903 4.622903 4.622903 4.6811023 4.622903 4.622903 4.6811023 3.8086607 3.8086607 3.8086607 3.8086607 3.8086607 3.8086607 4.6811023 4.6738424 4.6738424 4.6738424 4.6811023 4.6811023 4.6811023 4.6811023 4.622903 4.622903 4.6738424 3.808661 3.8011513 3.8011513 4.622903 4.622903 4.599265 4.663909 4.677165 4.677165 4.677165 2.5738587 2.5738587 2.5738587 2.5738587 2.5738587 2.5738587 2.5738587 2.5538828 2.5738587 2.5738587 4.297232 4.677165 4.677165 4.677165 4.677165 4.677165 3.6629915 3.6629915 3.6629915 3.6629915 4.677165 4.677165 4.677165 4.677165 4.677165 4.677165
3.808661 4.6738424 4.6811023 4.6811023 4.6811023 4.6811023 4.622903 4.622903 3.8086607 3.8086607 3.8086607 4.6811023 4.6811023 4.6811023 4.6811023 4.6738424 4.6738424 4.6811023 4.6811023 4.6811023 4.6811023 4.622903 4.622903 4.622903 4.6811023 4.622903 3.8011513 3.8011513 4.622903 4.622903 4.599265 4.663909 4.677165 4.677165 4.677165 2.5738587 2.5738587 2.5738568 2.5738587 2.5738587 2.5738587 2.5738587 2.5538828 2.5538828 2.5538828 2.5538828 4.297232 4.677165 4.677165 4.677165 4.677165 4.677165 3.6629915 3.6629915 3.6629915 4.677165 4.677165 4.677165 4.677165 4.677165 4.677165
3.8086607 4.6811023 4.6811023 4.6811023 4.6811023 4.3599577 4.622903 4.622903 4.3599577 4.6811023 4.6811023 4.6811023 4.6811023 4.6811023 4.6811023 4.6811023 4.6811023 4.6811023 4.6811023 4.6811023 4.6811023 4.622903 4.622903 4.6811023 4.622903 4.622903 3.8011513 3.8011513 4.622903 4.622903 4.677165 4.677165 4.599265 4.599265 4.599265 4.599265 4.599265 4.599265 4.677165 4.677165 4.677165 4.677165 4.677165 2.5538828 2.5538828 2.5538828 4.677165 4.677165 4.677165 4.677165 4.677165 4.677165 4.677165 4.677165 3.6629915 3.6629915 4.677165 4.677165 4.677165 4.677165 4.677165
3.8086607 3.8086607 3.8086607 3.8086607 4.6811023 4.3599577 4.3599577 4.6738424 4.6738424 4.6738424 4.6811023 4.6811023 4.6811023 4.6811023 4.6811023 4.6811023 4.6811023 4.6811023 4.6811023 4.6811023 4.6811023 4.622903 4.622903 4.622903 4.622903 4.622903 3.8011513 3.8011513 3.8011513 4.622903 4.599265 4.599265 4.599265 4.677165 4.677165 4.677165 4.599265 4.599265 4.677165 4.677165 4.677165 4.677165 4.677165 4.677165 2.0025194 2.5738587 2.5738587 4.677165 4.677165 4.599265 4.677165 4.677165 4.677165 4.677165 4.677165 4.663909 4.663909 4.677165 4.677165 4.677165 4.677165
3.8086607 3.8086607 3.8086607 3.8086607 4.6811023 4.6811023 4.3599577 4.6738424 3.808661 4.6738424 4.6811023 4.6811023 4.6811023 4.6811023 4.6811023 4.6811023 4.6811023 4.6811023 4.6811023 4.6811023 4.6811023 4.622903 4.622903 4.622903 4.622903 3.8011513 3.8011513 3.8011513 3.8011513 3.8011513 4.599265 4.599265 4.599265 4.677165 4.599265 4.677165 4.677165 4.677165 4.677165 4.677165 4.677165 4.677165 4.677165 4.677165 2.5738587 2.5738587 2.5738587 4.677165 4.663909 4.663909 4.677165 4.677165 4.677165 4.677165 4.677165 4.663909 4.663909 4.677165 4.677165 4.677165 4.677165
