Export/ASCII/RMeteo_SP_inch/p1/RMeteo_2017_SP1_inch.asc
ncols         660
nrows         338
xllcorner     1476150
yllcorner     5017150
cellsize      100
NODATA_value  -9.9e-20
[rows 81 to 107 of 338, columns 549 to 609 of 660]
2.647244 2.9094486 2.6454387 2.636196 2.636196 2.5443263 2.4707997 2.5443263 2.5443263 2.5443263 2.5443263 2.5443263 2.5443263 2.5443263 2.5443263 2.5443263 2.4707997 2.4707997 2.4707997 2.7296135 2.846385 2.846385 2.846385 2.846385 2.8543305 2.8543305 2.8543305 2.8543305 2.8543308 2.8543308 2.8543308 2.8543305 2.8543305 2.846385 2.846385 2.846385 2.846385 2.846385 2.4707997 2.4707997 2.5443263 2.5443263 2.5443263 2.5443263 2.5443263 2.846385 2.846385 2.8543305 2.8543305 2.8543305 2.8543305 2.8543305 2.8543305 2.8543305 2.8543305 2.8543305 2.846385 2.846385 2.8543305 2.8543305 2.846385
2.5543442 2.5543442 2.5543442 2.636196 2.5543442 2.4707997 2.4707997 2.552756 2.552756 2.5443263 2.5443263 2.5443263 2.5443263 2.5443263 2.5443263 2.5443263 2.4707997 2.7296135 2.7296135 2.7296135 2.8543305 2.846385 2.846385 2.8543305 2.8543305 2.8543305 2.8543305 2.8543305 2.8543305 2.8543308 2.8543308 2.8543305 2.8543305 2.846385 2.8543308 2.8543308 2.8543305 2.8543305 2.5443263 2.5443263 2.5443263 2.5443263 2.5443263 2.5443263 2.5443263 2.5443263 2.846385 2.8543305 2.8543305 2.8543305 2.8543305 2.8543305 2.8543305 2.8543305 2.8543305 2.8543305 2.8543305 2.8543305 2.8543305 2.846385 2.846385
2.5543442 2.5543442 2.5543442 2.647244 2.5543442 2.4707997 2.4707997 2.4707997 2.4707997 2.5443263 2.5443263 2.5443263 2.5443263 2.5443263 2.5443263 2.5443263 2.5443263 2.5443263 2.8543305 2.8543305 2.8543305 2.8543305 2.8543305 2.8543305 2.8543305 2.8543308 2.8543308 2.8543305 2.8543305 2.8543305 2.8543305 2.8543305 2.8543305 2.8543305 2.8543308 2.8543308 2.8543305 2.8543308 2.5516298 2.5443263 2.5443263 2.552756 2.5443263 2.5443263 2.5443263 2.5443263 2.8543308 2.8543305 2.8543305 2.8543305 2.8543305 2.8543305 2.8543305 2.8543305 2.8543305 2.8543305 0.0 0.0 2.846385 2.846385 2.846385
2.636196 2.5543442 2.5543442 2.647244 2.6454387 2.4707997 2.4707997 2.4707997 2.4707997 2.4707997 2.5443263 2.5443263 2.5443263 2.5443263 2.5443263 2.5443263 2.846385 2.846385 2.8543305 2.8543305 2.8543305 2.8543305 2.8543308 2.8543308 2.8543305 2.8543308 2.8543308 2.8543305 2.8543305 2.8543305 2.8543305 2.8543305 2.8543305 2.8543305 2.8543305 2.846385 2.846385 2.8543308 2.5516298 2.5443263 2.5443263 2.552756 2.5443263 2.5443263 2.5527554 2.5516298 2.5516298 2.8543305 2.8543305 2.8543305 2.8543305 2.8543305 2.8543305 2.8543305 2.8543305 2.8543305 0.0 0.0 2.846385 2.846385 2.846385
2.636196 2.5543442 2.5543442 2.5543442 2.5543442 2.4707997 2.4707997 2.4707997 2.4707997 2.4707997 2.5443263 2.5443263 2.5443263 2.5443263 2.5443263 2.5443263 2.5443263 2.5527554 2.8543305 2.8543305 2.7296135 2.7296135 2.8543308 2.8543308 2.8543305 2.8543305 2.8543308 2.8543308 2.8543305 2.8543305 2.8543305 2.8543305 2.8543305 2.8543305 2.8543305 2.8543305 2.8543305 2.8543305 2.5527554 2.5527554 2.5527554 2.5527554 2.5527554 2.5527554 2.5527554 2.5527554 2.5527554 2.8543305 2.8543305 2.8543305 2.8543305 2.8543305 2.8543305 2.8543305 2.8543305 2.8543305 2.8543305 2.8543305 2.8543305 2.8543305 2.8543305
2.636196 2.5543442 2.5543442 2.5543442 2.5543442 2.4707997 2.4707997 2.4707997 2.4707997 2.4707997 2.4707997 2.5443263 2.5443263 2.4707997 2.4707997 2.4707997 2.5527554 2.5527554 2.5443263 2.5443263 2.7296135 2.7296135 2.7296135 2.8543305 2.8543305 2.8543305 2.8543308 2.8543308 2.8543308 2.846385 2.846385 2.8543305 2.8543305 2.8543305 2.8543305 2.8543305 2.8543305 2.8543305 2.5443263 2.5527554 2.5527554 2.5527554 2.5527554 2.5527554 2.5527554 2.5527554 2.5527554 2.8543305 2.8543305 2.8543305 2.7296135 2.7296135 2.7296135 2.846385 2.846385 2.846385 2.846385 2.846385 2.846385 2.8543305 2.8543305
2.636196 2.5543442 2.636196 2.5543442 2.5543442 2.4707997 2.4707997 2.4707997 2.4707997 2.4707997 2.4707997 2.5443263 2.5443263 2.4707997 2.4707997 2.4707997 2.5527554 2.5443263 2.5443263 2.5443263 2.5527554 2.7296135 2.7296135 2.8543305 2.8543305 2.8543305 2.8543305 2.8543308 2.8543308 2.846385 2.846385 2.8543308 2.8543308 2.8543305 2.8543305 2.8543305 2.8543305 2.846385 2.5443263 2.5527554 2.5527554 2.5527554 2.5527554 2.5527554 2.5527554 2.5527554 2.5527554 2.5527554 2.8543308 2.8543305 2.8543308 2.8543308 2.7296135 2.846385 2.846385 2.846385 2.5443263 2.846385 2.846385 2.846385 2.8543305
2.5543442 2.5543442 2.636196 2.5543442 2.5543442 2.4707997 2.4707997 2.4707997 2.4707997 2.4707997 2.4707997 2.5443263 2.552756 2.5443263 2.4707997 2.4707997 2.5516298 2.5516298 2.5516298 2.5527554 2.5527554 2.5527554 2.5527554 2.5527554 2.8543305 2.8543305 2.8543305 2.8543308 2.8543308 2.846385 2.846385 2.8543308 2.8543308 2.8543305 2.8543305 2.8543305 2.8543305 2.8543305 2.5516298 2.5516298 2.5527554 2.5527554 2.5527554 2.5527554 2.5516298 2.5527554 2.5527554 2.5527554 2.8543308 2.8543308 2.8543308 2.8543308 2.7296135 2.846385 2.5443263 2.5443263 2.846385 2.846385 2.846385 2.846385 2.8543305
2.5543442 2.636196 0.0 2.636196 2.5543442 2.4707997 2.4707997 2.4707997 2.4707997 2.4707997 2.4707997 2.5443263 2.552756 2.5443263 2.5443263 2.552756 2.5516298 2.5516298 2.5516298 2.552756 2.5527554 2.5527554 2.5527554 2.5527554 2.8543305 2.8543305 2.8543305 2.8543305 2.8543308 2.8543305 2.8543305 2.8543308 2.8543308 2.8543305 2.8543305 2.8543305 2.8543305 2.552756 2.5516298 2.5516298 2.5516298 2.5443263 2.5443263 2.5516298 2.5516298 2.5443263 2.5443263 2.5527554 2.846385 2.8543308 2.8543308 2.8543305 2.846385 2.846385 2.5443263 2.5443263 2.5443263 2.846385 2.8543308 2.846385 2.8543305
2.636196 2.636196 2.636196 2.636196 2.6454387 2.4707997 2.4707997 2.4707997 2.4707997 2.4707997 2.4707997 2.5443263 2.5443263 2.552756 2.552756 2.552756 2.552756 2.552756 2.5527554 2.5527554 2.5527554 2.5527554 2.5527554 2.5527554 2.5527554 2.8543305 2.8543305 2.8543305 2.8543305 2.8543305 2.8543305 2.8543305 2.8543305 2.8543305 2.8543305 2.8543305 2.5527554 2.552756 2.5527554 2.5527554 2.5516298 2.5443263 2.5443263 2.5527554 2.5527554 2.5443263 2.5443263 2.5527554 2.5443263 2.8543308 2.8543308 2.846385 2.846385 2.846385 2.5443263 2.5443263 2.846385 2.846385 2.8543308 2.846385 2.8543305
2.636196 2.636196 2.636196 2.6454387 2.636196 2.5443263 2.552756 2.552756 2.552756 2.552756 2.5443263 2.5443263 2.5443263 2.5443263 2.552756 2.5527554 2.5527554 2.552756 2.5527554 2.5527554 2.5527554 2.5527554 2.5527554 2.5527554 2.5527554 2.8543305 2.8543305 2.8543305 2.8543305 2.8543308 2.8543308 2.8543305 2.8543305 2.8543305 2.846385 2.5443263 2.5516298 2.5527554 2.5527554 2.5527554 2.5527554 2.5443263 2.5443263 2.552756 2.5527554 2.5443263 2.5443263 2.5527554 2.4707997 2.8543308 2.8543308 2.846385 2.846385 2.5443263 2.5443263 2.5443263 2.846385 2.8543305 2.8543305 2.8543305 2.8543305
2.5543442 2.636196 2.636196 2.636196 2.636196 2.5443263 2.4707997 2.4707997 2.552756 2.552756 2.4707997 2.4707997 2.5443263 2.5443263 2.5527554 2.5527554 2.5527554 2.5527554 2.5527554 2.5527554 2.5527554 2.5527554 2.5527554 2.5527554 2.5527554 2.5527554 2.8543305 2.8543305 2.8543305 2.8543308 2.8543308 2.8543305 2.8543305 2.552756 2.5443263 2.5443263 2.5516298 2.5527554 2.5527554 2.5527554 2.5527554 2.5527554 2.5527554 2.5527554 2.5527554 2.5527554 2.5527554 2.5527554 2.4707997 2.8543308 2.8543308 2.846385 2.846385 2.5443263 2.5443263 2.846385 2.846385 2.8543305 2.8543305 2.8543305 2.8543305
2.5543442 2.636196 2.636196 2.636196 2.5543442 2.4707997 2.4707997 2.4707997 2.5443263 2.4707997 2.4707997 2.4707997 2.5527554 2.5527554 2.5527554 2.5527554 2.5527554 2.5527554 2.5527554 2.5527554 2.5527554 2.5527554 2.5527554 2.5527554 2.5527554 2.5527554 2.5527554 2.5527554 2.552756 2.5516295 2.5516298 2.5527554 2.5527554 2.5527554 2.5443263 2.5443263 2.5443263 2.5527554 2.5443263 2.5443263 2.5527554 2.5527554 2.5527554 2.5527554 2.5527554 2.5527554 2.5516298 2.5516298 2.5516298 2.5527554 2.8543305 2.846385 2.846385 2.5443263 2.5443263 2.846385 2.846385 2.8543305 2.8543305 2.8543305 2.7296135
2.5543442 2.5543442 2.636196 2.5543442 2.5543442 2.4707997 2.4707997 2.4707997 2.4707997 2.4707997 2.4707997 2.5516298 2.5516298 2.5527554 2.5527554 2.5527554 2.5527554 2.5527554 2.5527554 2.5527554 2.5527554 2.5527554 2.5527554 2.5527554 2.5527554 2.5527554 2.5527554 2.5527554 2.552756 2.552756 2.552756 2.5527554 2.5527554 2.5527554 2.5443263 2.5443263 2.5443263 2.5527554 2.5443263 2.5443263 2.5443263 2.5527554 2.5527554 2.5527554 2.5527554 2.5516298 2.5516298 2.5516298 2.5527554 2.5527554 2.8543305 2.846385 2.846385 2.5443263 2.846385 2.846385 2.8543305 2.8543305 2.8543305 2.8543305 2.7296135
2.5543442 2.5543442 2.5543442 2.5543442 2.5543442 2.4707997 2.4707997 2.4707997 2.4707997 2.4707997 2.4707997 2.5516298 2.5516298 2.5527554 2.5527554 2.5527554 2.5527554 2.5527554 2.5527554 2.5527554 2.5527554 2.5527554 2.5527554 2.5527554 2.5443263 2.5527554 2.5527554 2.552756 2.552756 2.552756 2.552756 2.5527554 2.5527554 2.5527554 2.5527554 2.5527554 2.5527554 2.5527554 2.5527554 2.5527554 2.5527554 2.5527554 2.552756 2.552756 2.552756 2.5527554 2.5527554 2.5527554 2.5527554 2.8543305 2.8543305 2.8543305 2.846385 2.846385 2.846385 2.846385 2.8543308 2.8543308 2.8543305 2.8543305 2.8543305
2.5543442 2.5543442 2.5543442 2.5543442 2.5543442 2.4707997 2.4707997 2.5516298 2.5516298 2.5527554 2.4707997 2.4707997 2.4707997 2.5527554 2.5527554 2.5527554 2.5527554 2.5527554 2.5527554 2.5527554 2.5527554 2.5527554 2.5527554 2.5516298 2.5516298 2.5443263 2.552756 2.552756 2.552756 2.552756 2.5527554 2.5527554 2.5527554 2.5527554 2.5527554 2.5527554 2.5527554 2.5527554 2.5527554 2.5527554 2.5527554 2.5527554 2.5443263 2.5443263 2.5527554 2.5527554 2.5527554 2.5527554 2.5527554 2.8543305 2.8543305 2.846385 2.8543308 2.8543308 2.846385 2.846385 2.8543305 2.8543305 2.8543305 2.8543305 2.8543305
2.5543442 2.5543442 2.5543442 2.5543442 2.5543442 2.4707997 2.4707997 2.5516298 2.5516298 2.5527554 2.5527554 2.4707997 2.4707997 2.5443263 2.5443263 2.5443263 2.5527554 2.5527554 2.5527554 2.5527554 2.5527554 2.5527554 2.5527554 2.5516298 2.5516298 2.5443263 2.552756 2.552756 2.552756 2.552756 2.5527554 2.5527554 2.5527554 2.5527554 2.5527554 2.5527554 2.5527554 2.5527554 2.5527554 2.5527554 2.5527554 2.5527554 2.5443263 2.5443263 2.5527554 2.5527554 2.5527554 2.5527554 2.5527554 2.8543305 2.8543305 2.8543305 2.8543305 2.7296135 2.7296135 2.7296135 2.7296135 2.8543305 2.8543305 2.8543305 2.8543305
2.5543442 2.5543442 2.636196 2.5543442 2.636196 2.5443263 2.5443263 2.5516298 2.5527554 2.5527554 2.5527554 2.4707997 2.4707997 2.5516298 2.5516298 2.5516298 2.5527554 2.5527554 2.5527554 2.5527554 2.5527554 2.5527554 2.5527554 2.5443263 2.5443263 2.5527554 2.552756 2.552756 2.5527554 2.5527554 2.5443263 2.5527554 2.5527554 2.5527554 2.5527554 2.5527554 2.5527554 2.5527554 2.5527554 2.5527554 2.5527554 2.5527554 2.5443263 2.5443263 2.5527554 2.5527554 2.5527554 2.5527554 2.8543305 2.8543305 2.8543305 2.7296135 2.7296135 2.7296135 2.7296135 2.4707997 2.7296135 2.7296135 2.8543305 2.8543305 2.8543305
2.636196 2.636196 2.636196 2.636196 2.636196 2.5443263 2.5443263 2.5527554 2.5527554 2.5527554 2.5527554 2.5527554 2.4707997 2.5516298 2.5516298 2.5527554 2.5527554 2.5527554 2.5527554 2.5527554 2.5527554 2.5527554 2.5527554 2.5527554 2.5527554 2.5527554 2.552756 2.5527554 2.5516298 2.5516298 2.5443263 2.5527554 2.5527554 2.5527554 2.5527554 2.5527554 2.5527554 2.5527554 2.5527554 2.5527554 2.5443263 2.5527554 2.5443263 2.5443263 2.5527554 2.5527554 2.5527554 2.5527554 2.8543305 2.8543305 2.8543305 2.7296135 2.7296135 2.7296135 2.4707997 2.7296135 2.4707997 2.7296135 2.8543305 2.8543305 2.8543305
2.647244 2.647244 2.647244 2.647244 2.636196 2.5527554 2.5527554 2.5527554 2.5527554 2.5527554 2.5527554 2.5527554 2.5527554 2.5527554 2.5527554 2.5516298 2.5516298 2.5516298 2.5516298 2.5516298 2.552756 2.5516295 2.5516295 2.5527554 2.5527554 2.5527554 2.5527554 2.5527554 2.5516298 2.5516298 2.5443263 2.5443263 2.5527554 2.5527554 2.5527554 2.5527554 2.5527554 2.5527554 2.5527554 2.5443263 2.5516298 2.5516298 2.5516298 2.5527554 2.5527554 2.5527554 2.5527554 2.5527554 2.8543305 2.8543305 2.8543305 2.8543305 2.8543305 2.7296135 2.7296135 2.7296135 2.7296135 2.7296135 2.8543305 2.8543305 2.8543305
2.647244 2.647244 2.647244 2.647244 2.636196 2.5527554 2.5527554 2.5527554 2.5527554 2.5527554 2.5527554 2.5527554 2.5527554 2.5527554 2.5527554 2.5516298 2.5516298 2.5516298 2.5516298 2.5516298 2.5516298 2.5516298 2.5527554 2.5527554 2.5527554 2.5527554 2.5527554 2.5527554 2.5443263 2.5443263 2.5443263 2.5527554 2.5527554 2.5516298 2.5516298 2.5527554 2.5527554 2.5527554 2.5527554 2.5527554 2.5516298 2.5516298 2.5516298 2.5527554 2.5527554 2.5527554 2.5527554 2.5527554 2.8543305 2.8543305 2.8543305 2.8543305 2.8543305 2.7296135 2.7296135 2.7296135 2.7296135 2.7296135 2.8543305 2.8543305 2.8543305
2.9094486 2.647244 2.647244 2.647244 2.647244 2.5527554 2.5527554 2.5527554 2.5527554 2.5527554 2.5527554 2.5527554 2.5527554 2.5527554 2.5527554 2.5527554 2.5527554 2.5516298 2.4707997 2.4707997 2.5516298 2.5516298 2.5527554 2.5527554 2.5527554 2.5527554 2.5527554 2.5527554 2.5443263 2.5443263 2.5443263 2.5443263 2.5527554 2.552756 2.5516298 2.5527554 2.5527554 2.552756 2.552756 2.5527554 2.5516298 2.5443263 2.5443263 2.5443263 2.5443263 2.5443263 2.5527554 2.5527554 2.5527554 2.8543305 2.5516298 2.5443263 2.8543305 2.8543305 2.8543305 2.8543305 2.8543305 2.8543305 2.8543305 2.8543305 2.8543305
2.9921257 2.9921257 2.5999997 2.5999997 2.5999997 2.45433 2.45433 2.45433 2.45433 2.45433 2.45433 2.45433 2.45433 2.45433 2.45433 2.45433 2.45433 2.4522645 2.4522645 2.3375716 2.3375716 2.45433 2.45433 2.45433 2.45433 2.45433 2.45433 2.45433 2.45433 2.4450476 2.45433 2.45433 2.45433 2.4543307 2.4543307 2.45433 2.45433 2.4543307 2.4543307 2.4543307 2.45433 2.4450476 2.4450476 2.4450476 2.4450476 2.4450476 2.4450476 2.45433 2.45433 2.45433 2.4522645 2.3375716 2.3375716 2.4543307 2.8188975 2.8188975 2.8188975 2.8188975 2.8188975 2.8188975 2.8188975
2.9921257 2.954822 2.9921257 2.5999997 2.5999997 2.45433 2.45433 2.45433 2.45433 2.45433 2.45433 2.45433 2.4522645 2.4522645 2.45433 2.45433 2.45433 2.4522645 2.4522645 2.3375716 2.3375716 2.45433 2.45433 2.4522645 2.4522645 2.45433 2.4450476 2.45433 2.45433 2.45433 2.4450476 2.4450476 2.4543307 2.4543307 2.4450476 2.45433 2.45433 2.45433 2.4450476 2.4450476 2.4450476 2.4450476 2.4450476 2.4450476 2.4450476 2.4450476 2.4450476 2.4450476 2.4450476 2.4450476 2.4522645 2.3375716 2.4450476 2.4450476 2.8188975 2.8188975 2.8188975 2.8188975 2.8188975 2.8188975 2.8188975
2.954822 2.954822 2.9921257 2.9921257 2.5999997 2.45433 2.45433 2.4522645 2.4522645 2.45433 2.45433 2.45433 2.4522645 2.4522645 2.45433 2.45433 2.45433 2.45433 2.45433 2.45433 2.45433 2.45433 2.45433 2.4522645 2.4522645 2.45433 2.4450476 2.4450476 2.3375716 2.3375716 2.3375716 2.3375716 2.4864035 2.8188975 2.8188975 2.8188975 2.8188975 2.8188975 2.718701 2.4450476 2.4450476 2.4450476 2.4450476 2.4450476 2.4450476 2.4450476 2.4543307 2.4450476 2.4450476 2.4450476 2.4543307 2.7849724 2.4450476 2.4450476 2.8188975 2.8188975 2.8188975 2.8188975 2.8188975 2.8188975 2.718701
2.9921257 2.9921257 2.9921257 2.9548218 2.9548218 2.45433 2.45433 2.4522645 2.4522645 2.45433 2.45433 2.45433 2.45433 2.4522645 2.4543307 2.45433 2.45433 2.45433 2.45433 2.45433 2.45433 2.45433 2.45433 2.45433 2.45433 2.4543307 2.4543307 2.4450476 2.3375716 2.3375716 2.4864035 2.4864035 2.4864035 2.518898 2.8188975 2.8188975 2.8188975 2.8188975 2.718701 2.4450476 2.4450476 2.4450476 2.3375716 2.4450476 2.4450476 2.4450476 2.4450476 2.4450476 2.4450476 2.4450476 2.4450476 2.4543307 2.4450476 2.4450476 2.8188975 2.8188975 2.8188975 2.8188975 2.8188975 2.8188975 2.718701
2.9921257 2.9921257 2.992122 2.6440043 2.6440043 2.3375716 2.45433 2.45433 2.45433 2.45433 2.45433 2.45433 2.45433 2.4543307 2.45433 2.45433 2.45433 2.45433 2.45433 2.45433 2.45433 2.45433 2.45433 2.4543307 2.4450476 2.4450476 2.4543307 2.4543307 2.3375716 2.4864035 2.4864035 2.4864035 2.4864035 2.518898 2.8188975 2.8188975 2.8188975 2.8188975 2.718701 2.718701 2.718701 2.718701 2.4450476 2.3375716 2.4450476 2.4450476 2.4450476 2.4450476 2.4450476 2.4543307 2.4543307 2.4522638 2.4450476 2.3375716 2.4864035 2.7849724 2.7849724 2.7849724 2.8188975 2.718701 2.718701
