Export/ASCII/RMeteo_SP_inch/p1/RMeteo_2018_SP1_inch.asc
ncols         660
nrows         338
xllcorner     1476100.0
yllcorner     5017100.0
cellsize      100
NODATA_value  -9.9e-20
[rows 224 to 251 of 338, columns 434 to 495 of 660]
4.648033 4.648033 4.648033 4.648033 4.648033 4.648033 4.4662275 4.4662275 4.4662275 4.648033 4.602481 6.8223267 6.487542 5.7890253 5.7890253 5.7890253 6.487542 6.487542 6.487542 6.487542 6.487542 6.487542 6.8223267 6.176179 7.1306276 7.1306276 7.1306276 7.1306276 7.1306276 7.1306276 7.1306276 7.1306276 7.1306276 7.1306276 7.1306276 7.1306276 7.1306276 7.1306276 6.7543793 6.7543793 4.648033 4.6240954 4.6240954 4.6240954 4.096221 0.0 0.0 4.6240954 4.6240954 4.6240954 4.6240954 4.6240954 6.7382574 6.7382574 6.672082 6.672082 6.7382574 6.7382574 6.7382574 6.7382574 6.7382574 6.7382574
4.648033 4.648033 4.648033 4.648033 4.648033 4.648033 4.4662275 4.4662275 5.7890253 4.4662275 4.4662275 6.487542 6.487542 5.7890253 5.7890253 5.7890253 5.7890253 6.487542 6.487542 6.487542 6.487542 6.487542 6.7543793 7.1306276 7.1306276 7.1306276 7.1306276 7.1306276 7.1306276 7.1306276 7.1306276 7.1306276 7.1306276 7.1306276 7.1306276 7.1306276 7.1306276 7.1306276 7.1306276 7.1306276 6.7543793 4.6240954 4.6240954 4.6240954 4.6240954 4.6240954 4.6240954 4.6240954 4.6240954 4.6240954 4.6240954 4.6240954 4.6240954 6.7382574 6.672082 6.672082 6.7382574 6.7382574 6.7382574 6.7382574 6.7382574 6.7382574
4.648033 4.648033 4.648033 4.648033 4.648033 4.648033 4.648033 4.4662275 5.7890253 4.4662275 5.7890253 6.487542 6.487542 6.487542 5.7890253 5.7890253 5.7890253 5.7890253 5.7890253 6.7543793 6.7543793 6.7543793 6.7543793 0.0 6.7543793 7.1306276 6.8223267 6.7543793 7.1306276 7.1306276 7.1306276 7.1306276 7.1306276 7.1306276 7.1306276 7.1306276 7.1306276 7.1306276 7.1306276 7.1306276 6.7543793 4.6240954 4.6240954 4.6240954 4.6240954 4.6240954 4.6240954 4.6240954 4.6240954 4.6240954 4.6240954 4.6240954 4.6240954 6.7382574 6.672082 6.672082 6.7382574 6.7382574 6.7382574 6.7382574 6.7382574 6.7382574
4.648033 4.648033 4.648033 4.648033 4.648033 4.648033 4.648033 4.4662275 5.7890253 5.7890253 4.4662275 4.602481 4.602481 6.487542 6.487542 5.7890253 5.7890253 5.7890253 5.7890253 6.7543793 6.7543793 6.7543793 5.7890253 0.0 6.7543793 6.7543793 6.487542 6.487542 7.1306276 7.1306276 7.1306276 7.1306276 7.1306276 7.1306276 7.1306276 7.1306276 7.1306276 7.1306276 7.1306276 7.1306276 6.7543793 4.6240954 4.6240954 4.6240954 4.6240954 4.6240954 4.6240954 4.6240954 4.6240954 4.6240954 4.6240954 4.6240954 4.6240954 4.6240954 6.7382574 6.7382574 6.7382574 6.7382574 6.7382574 6.7382574 6.7382574 6.7382574
4.648033 4.648033 4.648033 4.648033 4.648033 4.648033 4.648033 4.4662275 4.4662275 4.4662275 4.4662275 4.4662275 4.602481 4.602481 5.7890253 5.7890253 5.7890253 5.7890253 5.7890253 5.7890253 5.7890253 5.7890253 5.7890253 5.7890253 6.7543793 5.7890253 6.487542 6.487542 6.7543793 6.487542 6.8223267 6.7543793 6.487542 6.487542 6.487542 6.7543793 7.1306276 7.1306276 7.1306276 6.7543793 6.7543793 5.709791 4.6240954 4.6240954 4.6240954 4.6240954 4.6240954 4.6240954 4.6240954 4.6240954 4.6240954 4.6240954 4.6240954 4.6240954 4.6240954 6.7382574 6.7382574 6.7382574 6.7382574 6.7382574 6.7382574 6.7382574
4.648033 4.648033 4.648033 4.648033 4.648033 4.648033 4.6427917 4.6427917 4.4662275 4.4662275 5.7890253 5.7890253 4.4662275 4.4662275 4.602481 5.7890253 5.7890253 5.7890253 5.7890253 5.7890253 5.7890253 5.7890253 5.7890253 5.7890253 5.7890253 5.7890253 6.7543793 6.7543793 6.7543793 6.7543793 6.6983137 6.7543793 6.487542 6.487542 6.487542 6.487542 6.7543793 7.1306276 7.1306276 7.1306276 5.7890253 5.709791 4.6240954 4.6240954 4.6240954 4.6240954 4.6240954 4.6240954 4.6240954 4.6240954 4.584631 4.584631 4.6240954 4.6240954 4.6240954 6.4182835 6.4182835 6.4182835 6.4182835 6.4182835 6.672081 6.4182835
4.4662275 4.4662275 4.4662275 4.4662275 4.4662275 4.4662275 4.6427917 5.7890253 4.4662275 5.7890253 5.7890253 5.7890253 5.7890253 4.4662275 6.176179 6.7543793 5.7890253 5.7890253 5.7890253 5.7890253 5.7890253 5.7890253 5.7890253 5.7890253 5.7890253 5.7890253 5.7890253 6.6983137 6.7543793 6.7543793 6.6983137 6.487542 6.7543793 6.487542 6.487542 6.487542 6.487542 6.8223267 6.8223267 6.8223267 6.7543793 6.7382574 6.7382574 6.7382574 4.6240954 4.6240954 4.6240954 4.6240954 4.6240954 4.6240954 4.6221895 4.6221895 7.0437527 4.6240954 4.6240954 4.584631 6.4182835 6.4182835 6.4182835 6.4182835 6.4182835 6.4182835
5.7890253 4.4662275 4.4662275 4.4662275 4.4662275 4.4662275 5.7890253 5.7890253 5.7890253 5.7890253 5.7890253 5.7890253 5.7890253 4.4662275 6.176179 6.176179 6.7543793 6.7543793 5.7890253 5.7890253 5.7890253 5.7890253 5.7890253 5.7890253 5.7890253 5.7890253 5.7890253 6.7543793 6.7543793 6.7543793 6.7543793 6.487542 6.7543793 6.7543793 6.487542 6.487542 6.487542 6.8223267 6.8223267 6.8223267 7.1306276 6.7382574 6.7382574 6.7382574 6.7382574 6.7382574 6.7382574 4.6240954 4.6240954 4.6240954 4.6221895 4.6221895 6.742605 7.0437527 4.6240954 7.0437527 6.742605 6.4182835 6.4182835 6.4182835 6.4182835 6.4182835
5.7890253 5.7890253 5.7890253 4.4662275 4.4662275 5.7890253 5.7890253 5.7890253 5.7890253 5.7890253 5.7890253 5.7890253 5.7890253 5.7890253 4.4662275 7.1306276 7.1306276 6.6983137 6.8223267 6.176179 6.176179 5.7890253 5.7890253 5.7890253 5.7890253 5.7890253 5.7890253 6.7543793 6.7543793 5.7890253 6.7543793 6.7543793 6.7543793 5.7890253 6.487542 6.487542 6.487542 6.8223267 6.8223267 6.8223267 7.1306276 7.0437527 6.7382574 6.7382574 6.7382574 6.7382574 6.7382574 6.7382574 4.6240954 4.6240954 4.6240954 4.584631 6.742605 7.0437527 7.0437527 7.0437527 6.742605 6.742605 6.4182835 6.4182835 6.4182835 6.4182835
5.7890253 5.7890253 5.7890253 5.7890253 5.7890253 5.7890253 5.7890253 5.7890253 5.7890253 5.7890253 5.7890253 5.7890253 5.7890253 5.7890253 4.4662275 4.4662275 6.176179 7.1306276 7.0024233 7.0024233 6.176179 6.176179 5.7890253 5.7890253 5.7890253 6.487542 6.487542 5.7890253 5.7890253 5.7890253 6.7543793 6.7543793 6.7543793 6.7543793 6.7543793 6.487542 6.487542 6.8223267 6.8223267 7.1306276 7.0024233 7.0437527 6.7382574 6.7382574 6.7382574 6.7382574 6.7382574 6.7382574 4.6240954 4.6240954 4.6240954 4.6240954 7.0437527 7.0437527 7.0437527 6.100355 6.742605 6.742605 6.742605 6.742605 6.4182835 6.7303257
5.7890253 5.7890253 5.7890253 5.7890253 5.7890253 5.7890253 5.7890253 5.7890253 5.7890253 5.7890253 5.7890253 5.7890253 4.4662275 5.7890253 5.7890253 4.4662275 6.176179 7.1306276 7.1306276 7.0024233 7.0024233 7.0024233 6.176179 5.7890253 5.7890253 6.487542 6.487542 5.7890253 5.7890253 6.7543793 6.7543793 6.7543793 6.7543793 6.7543793 6.7543793 6.7543793 6.487542 5.987007 7.1306276 6.8223267 7.0024233 6.9171734 7.0437527 6.7382574 6.7382574 6.7382574 6.672082 6.672082 4.6221895 4.6240954 4.6240954 4.6240954 6.9171734 7.0437527 7.0437527 6.100355 6.100355 6.100355 7.0437527 7.0437527 7.0437527 6.7303257
5.7890253 5.7890253 5.7890253 5.7890253 5.7890253 5.7890253 5.7890253 5.7890253 5.7890253 5.7890253 5.7890253 5.7890253 4.602481 4.4662275 4.4662275 4.4662275 4.4662275 7.1306276 7.1306276 7.0024233 7.0024233 6.8223267 6.176179 5.7890253 6.7543793 6.487542 6.7543793 5.7890253 5.7890253 6.7543793 6.7543793 6.7543793 6.7543793 5.7890253 5.7890253 6.7543793 6.7543793 5.987007 6.7543793 6.7543793 6.8223267 6.9171734 7.0437527 6.7382574 6.7382574 6.7382574 6.672082 6.672082 4.6221914 4.6221914 4.6221914 4.6221914 4.6221914 7.0437527 7.0437527 7.0437527 7.0437527 6.100355 6.100355 6.742605 7.0437527 7.0437527
5.7890253 5.7890253 5.7890253 5.7890253 5.7890253 5.7890253 5.7890253 5.7890253 5.7890253 5.7890253 5.7890253 4.602481 4.602481 4.602481 4.602481 4.602481 4.648033 4.648033 7.1306276 7.1306276 7.1306276 7.1306276 6.8223267 6.8223267 5.7890253 6.487542 6.7543793 6.7543793 6.487542 6.7543793 6.7543793 6.7543793 5.7890253 5.7890253 5.7890253 5.7890253 6.7543793 6.7543793 6.7543793 6.7543793 6.8223267 6.9171734 6.9171734 6.672082 6.7382574 6.7382574 6.7382574 6.7382574 6.7382574 4.6221914 4.6221914 4.6221914 6.9171734 7.0437527 7.0437527 7.0437527 6.100355 6.100355 5.709791 6.100355 6.742605 7.0437527
5.7890253 5.7890253 5.7890253 5.7890253 5.7890253 5.7890253 5.7890253 5.7890253 5.7890253 5.7890253 5.7890253 4.602481 4.602481 4.602481 4.602481 4.602481 4.4662275 4.648033 4.648033 7.1306276 7.1306276 7.1306276 6.8223267 6.8223267 6.8223267 6.487542 5.7890253 5.7890253 5.7890253 6.487542 6.487542 5.7890253 5.7890253 5.7890253 6.487542 6.487542 5.7890253 6.7543793 6.7543793 6.7543793 6.7543793 7.0437527 6.9171734 6.9171734 6.7382574 6.7382574 6.7382574 6.7382574 6.7382574 4.6221914 4.6221914 6.9171734 7.0437527 7.0437527 7.0437527 7.0437527 6.100355 6.100355 6.100355 6.100355 6.742605 6.742605
6.487542 5.7890253 5.7890253 5.7890253 5.7890253 5.7890253 5.7890253 5.7890253 5.7890253 5.7890253 5.7890253 4.4662275 4.602481 6.487542 4.602481 4.602481 4.602481 4.648033 4.648033 7.1306276 7.1306276 7.1306276 7.1306276 6.8223267 6.8223267 7.0024233 5.7890253 5.7890253 5.7890253 6.487542 6.7543793 5.7890253 5.7890253 5.7890253 6.487542 6.487542 6.487542 5.7890253 6.7543793 6.7543793 6.7543793 7.0437527 7.0437527 7.0437527 5.709791 5.709791 5.709791 5.709791 6.4182835 6.742605 6.742605 6.9171734 6.9171734 7.0437527 7.0437527 7.0437527 7.0437527 7.0437527 7.0437527 6.742605 6.742605 6.742605
6.487542 6.487542 5.7890253 5.7890253 5.7890253 5.7890253 5.7890253 5.7890253 5.7890253 5.7890253 5.7890253 5.7890253 6.487542 6.487542 6.487542 6.487542 4.602481 4.648033 4.648033 4.648033 7.1306276 7.1306276 7.1306276 7.1306276 6.8223267 6.176179 5.7890253 5.7890253 5.7890253 5.7890253 5.7890253 6.7543793 6.7543793 5.7890253 5.7890253 6.487542 5.7890253 5.7890253 5.7890253 6.7543793 6.7543793 6.9171734 6.9171734 7.0437527 6.100355 5.709791 5.709791 6.4182835 6.742605 6.9171734 6.742605 6.9171734 6.9171734 7.0437527 7.0437527 7.0437527 7.0437527 7.0437527 7.0437527 7.0437527 6.100355 6.742605
6.487542 6.487542 6.487542 5.7890253 5.7890253 5.7890253 5.7890253 5.7890253 5.7890253 5.7890253 5.7890253 5.7890253 6.487542 6.487542 6.487542 6.487542 4.602481 4.648033 4.648033 4.648033 4.648033 7.1306276 7.1306276 7.1306276 6.8223267 6.8223267 6.176179 5.7890253 5.7890253 5.7890253 5.7890253 5.7890253 5.7890253 5.7890253 5.7890253 6.487542 6.487542 5.7890253 5.7890253 5.7890253 5.7890253 6.9171734 6.9171734 6.9171734 7.0437527 6.672082 6.672082 6.4182835 6.742605 6.742605 6.9171734 7.0437527 7.0437527 7.0437527 7.0437527 7.0437527 7.0437527 7.0437527 7.0437527 7.0437527 6.100355 6.100355
6.487542 6.487542 6.487542 6.487542 5.7890253 5.7890253 5.7890253 5.7890253 5.7890253 5.7890253 6.6983137 6.6983137 6.487542 6.487542 6.487542 6.487542 4.602481 4.602481 4.648033 4.648033 4.648033 4.648033 7.1306276 7.1306276 7.1306276 6.8223267 6.8223267 5.7890253 5.7890253 5.7890253 5.7890253 5.7890253 5.7890253 5.7890253 5.7890253 6.487542 6.487542 6.487542 5.7890253 5.7890253 5.7890253 5.709791 5.709791 6.100355 6.672082 6.672082 6.672082 6.7382574 7.0437527 7.0437527 6.9171734 7.0437527 7.0437527 7.0437527 7.0437527 7.0437527 7.0437527 7.0437527 7.0437527 7.0437527 6.100355 6.100355
6.487542 6.487542 6.487542 6.487542 5.7890253 5.7890253 5.7890253 5.7890253 5.7890253 5.7890253 6.7543793 6.6983137 6.6983137 6.487542 6.487542 6.487542 4.648033 4.648033 4.648033 4.648033 4.648033 4.648033 4.648033 7.1306276 7.1306276 6.8223267 6.8223267 6.6983137 5.7890253 5.7890253 5.7890253 5.7890253 5.7890253 5.7890253 5.7890253 6.487542 6.487542 6.487542 5.7890253 6.487542 6.487542 5.709791 5.709791 5.709791 5.709791 5.709791 5.709791 7.0437527 7.0437527 7.0437527 7.0437527 7.0437527 7.0437527 7.0437527 7.0437527 6.742605 6.742605 6.742605 7.0437527 7.0437527 7.0437527 7.0437527
6.487542 6.487542 6.487542 6.487542 5.7890253 5.7890253 5.7890253 5.7890253 5.7890253 5.7890253 6.7543793 6.7469635 6.7469635 6.7543793 6.7543793 6.7543793 6.7543793 4.648033 4.648033 4.648033 4.648033 4.648033 4.648033 7.1306276 7.1306276 7.1306276 6.8223267 7.0024233 5.7890253 6.487542 5.7890253 5.7890253 5.7890253 6.7469635 6.7469635 6.487542 6.487542 6.487542 6.487542 6.487542 6.487542 6.4182835 5.709791 5.709791 5.709791 5.709791 5.709791 5.709791 7.0437527 7.0437527 7.0437527 7.0437527 7.0437527 7.0437527 6.9171734 6.9171734 6.9171734 6.742605 7.0437527 7.0437527 7.0437527 7.0437527
6.8223267 6.8223267 6.8223267 6.487542 5.7890253 6.6983137 6.6983137 6.6983137 5.7890253 5.7890253 5.7890253 6.7543793 6.7543793 6.7543793 6.7543793 6.7543793 6.7543793 4.648033 4.648033 4.648033 4.648033 4.648033 4.648033 4.648033 7.1306276 7.1306276 6.8223267 6.8223267 6.487542 6.487542 6.487542 6.7543793 6.7543793 6.7543793 6.7543793 6.487542 6.487542 6.487542 6.487542 6.487542 6.487542 6.4182835 6.4182835 6.4182835 6.4182835 6.4182835 5.709791 5.709791 7.0437527 7.0437527 7.0437527 7.0437527 6.1914964 6.742605 6.9171734 6.9171734 7.0437527 7.0437527 7.0437527 7.0437527 7.0437527 7.0437527
7.1306276 7.1306276 7.1306276 6.7543793 6.7543793 6.6983137 6.6983137 5.7890253 5.7890253 5.7890253 5.7890253 6.7543793 6.7543793 6.7543793 6.7543793 6.7543793 6.7543793 6.7543793 4.648033 4.648033 4.648033 4.648033 4.648033 4.648033 4.648033 4.648033 7.1306276 6.8223267 6.8223267 6.487542 6.487542 6.487542 6.7543793 5.987007 5.987007 6.487542 6.487542 6.487542 6.487542 6.487542 6.487542 6.4182835 6.4182835 6.4182835 6.4182835 6.4182835 6.4182835 5.709791 7.0437527 7.0437527 7.0437527 7.0437527 7.0437527 6.1914964 6.742605 7.0437527 7.0437527 7.0437527 7.0437527 7.0437527 7.0437527 7.0437527
7.1306276 7.1306276 7.1306276 7.1306276 6.7543793 6.7543793 5.7890253 5.7890253 5.7890253 5.7890253 5.7890253 5.7890253 6.7543793 6.7543793 6.7543793 6.7543793 6.7543793 6.7543793 6.7543793 4.648033 4.648033 4.648033 4.648033 4.648033 4.648033 4.648033 4.648033 6.8223267 6.8223267 6.487542 6.487542 6.7543793 6.7543793 6.7543793 5.987007 6.487542 6.487542 6.487542 6.487542 6.487542 6.487542 6.4182835 6.4182835 6.4182835 6.4182835 6.4182835 6.4182835 5.709791 6.7382574 7.0437527 7.0437527 7.0437527 7.0437527 7.0437527 7.0437527 7.0437527 7.0437527 7.0437527 7.0437527 7.0437527 7.0437527 7.0437527
7.1306276 7.1306276 7.1306276 7.1306276 7.1306276 5.7890253 5.7890253 5.7890253 5.7890253 5.7890253 5.7890253 5.7890253 5.7890253 6.7543793 6.7543793 6.7543793 6.7543793 6.7543793 6.7543793 6.7543793 4.648033 4.648033 4.648033 4.648033 4.648033 4.648033 4.648033 4.648033 4.602481 4.602481 4.648033 6.7543793 6.7543793 6.7543793 6.7543793 6.487542 6.487542 6.487542 6.487542 6.487542 6.487542 6.4182835 6.7382574 6.7382574 6.4182835 6.4182835 6.4182835 5.709791 5.709791 7.0437527 7.0437527 7.0437527 7.0437527 7.0437527 7.0437527 7.0437527 7.0437527 7.0437527 7.0437527 7.0437527 7.0437527 7.0437527
7.1306276 7.1306276 7.1306276 7.1306276 6.176179 5.7890253 5.7890253 5.7890253 5.7890253 5.7890253 5.7890253 5.7890253 5.7890253 5.7890253 6.7543793 6.7543793 6.7543793 6.7543793 6.7543793 6.7543793 4.6427917 4.648033 4.648033 4.648033 4.648033 4.648033 4.648033 4.648033 4.602481 4.602481 4.648033 4.648033 4.648033 6.7543793 6.7543793 6.7543793 6.487542 6.487542 6.487542 6.487542 6.487542 6.4182835 5.709791 6.7382574 6.7382574 6.4182835 6.4182835 5.709791 6.672082 6.672082 7.0437527 7.0437527 7.0437527 7.0437527 7.0437527 7.0437527 6.9171734 6.9171734 7.0240736 7.0240736 7.0437527 7.0437527
7.1306276 7.1306276 6.176179 6.176179 6.176179 6.176179 5.7890253 5.7890253 5.7890253 5.7890253 5.7890253 5.7890253 5.7890253 5.7890253 6.7543793 6.7543793 6.7543793 6.7543793 6.7543793 6.6983137 6.6983137 6.487542 4.648033 4.648033 4.648033 4.648033 4.648033 4.648033 4.602481 4.602481 4.648033 4.648033 4.648033 4.648033 4.648033 6.7543793 5.7890253 6.487542 6.487542 6.487542 6.487542 6.4182835 6.7382574 6.7382574 6.7382574 6.4182835 6.4182835 6.672082 6.672082 6.672082 6.7382574 7.0437527 7.0437527 7.0437527 7.0437527 7.0437527 7.0437527 7.0437527 7.0240736 7.0240736 7.0437527 7.0437527
7.0024233 7.1306276 6.176179 6.176179 6.176179 6.176179 5.7890253 5.7890253 5.7890253 5.7890253 5.7890253 5.7890253 5.7890253 5.7890253 5.7890253 6.7543793 6.7543793 6.7543793 6.7543793 6.6983128 6.7543793 6.7543793 4.648033 4.648033 4.648033 4.648033 4.648033 4.648033 4.602481 4.602481 4.602481 4.648033 4.648033 4.648033 4.648033 4.648033 5.7890253 5.7890253 6.487542 6.487542 6.487542 6.4182835 6.4182835 6.7382574 6.4182835 6.4182835 6.4182835 6.672082 6.7382574 6.7382574 6.7382574 7.0437527 7.0437527 7.0437527 7.0437527 7.0437527 7.0437527 7.0240736 7.0240736 6.1914964 7.0240736 7.0437527
7.0024233 7.1306276 6.176179 6.176179 5.7890253 5.7890253 6.176179 5.7890253 5.7890253 5.7890253 5.7890253 5.7890253 5.7890253 5.7890253 5.7890253 6.7543793 6.7543793 6.7543793 6.7543793 6.7543793 6.7543793 6.7543793 4.648033 4.648033 4.648033 4.648033 4.648033 4.648033 4.648033 4.602481 4.602481 4.648033 4.648033 4.648033 4.648033 4.648033 5.7890253 5.7890253 6.487542 6.487542 5.7890253 6.4182835 6.4182835 6.4182835 6.4182835 6.4182835 6.4182835 6.4182835 6.7382574 6.7382574 6.7382574 6.7382574 7.0437527 7.0437527 7.0437527 7.0437527 7.0437527 7.0437527 0.0 7.0240736 7.0240736 7.0437527
