Export/ASCII/RMeteo_SP_inch/p1/RMeteo_2014_SP4_inch.asc
ncols         660
nrows         338
xllcorner     1476150
yllcorner     5017150
cellsize      100
NODATA_value  -9.9e-20
[rows 162 to 188 of 338, columns 180 to 239 of 660]
9.180155 11.633137 12.573067 12.573067 12.573067 12.253355 12.253355 12.253355 16.548347 16.548347 14.656292 14.656292 19.169804 19.169804 16.548347 16.548347 19.169804 19.169804 19.169804 19.169804 19.169804 19.169804 19.169804 19.169804 14.656292 14.656292 14.656292 14.656292 19.169804 19.169804 19.169804 19.169804 19.169804 19.169804 14.656292 19.169804 19.169804 19.169804 19.169804 19.169804 19.169804 19.169804 19.169804 19.169804 18.403872 19.169804 19.169804 18.403872 18.403872 18.403872 19.169804 18.403872 18.403872 19.169804 19.169804 19.169804 19.169804 19.169804 19.169804 17.965214
11.633137 11.633137 12.573067 12.573067 12.573067 12.686209 12.686209 12.686209 19.169804 10.823484 10.823484 19.169804 19.169804 19.169804 16.548347 16.548347 19.169804 19.169804 19.169804 19.169804 19.169804 19.169804 19.169804 19.169804 14.656292 14.656292 14.656292 14.656292 19.169804 19.169804 19.169804 19.169804 19.169804 19.169804 14.656292 16.548347 19.169804 19.169804 19.169804 18.403872 19.169804 19.169804 19.169804 19.169804 19.169804 19.169804 19.169804 18.403872 18.403872 18.403872 19.169804 19.169804 14.656292 14.656292 14.656292 19.169804 19.169804 19.169804 19.169804 17.965214
11.633137 11.633137 11.633137 12.573067 12.686209 12.686209 12.686209 12.686209 16.548347 10.823484 10.823484 19.169804 19.169804 19.169804 19.169804 19.169804 19.169804 19.169804 19.169804 19.169804 19.169804 19.169804 19.169804 19.169804 19.169804 14.656292 14.656292 14.656292 19.169804 19.169804 19.169804 19.169804 16.548347 16.548347 16.548347 16.548347 19.169804 19.169804 19.169804 19.169804 19.169804 19.169804 19.169804 18.403872 19.169804 19.169804 19.169804 18.403872 18.403872 19.169804 19.169804 19.169804 14.656292 14.656292 14.656292 14.656292 19.169804 19.169804 19.169804 17.965214
11.633137 11.633137 11.633137 12.686209 12.253355 12.253355 12.686209 11.633137 16.548347 10.823484 10.823484 19.169804 19.169804 19.169804 19.169804 19.169804 19.169804 16.548347 16.548347 19.169804 19.169804 19.169804 16.548347 16.548347 19.169804 14.656292 14.656292 14.656292 19.169804 19.169804 19.169804 19.169804 16.548347 12.253355 16.548347 16.548347 19.169804 19.169804 19.169804 19.169804 19.169804 19.169804 19.169804 18.403872 19.169804 19.169804 19.169804 18.403872 18.403872 19.169804 19.169804 18.403872 19.169804 14.656292 14.656292 14.656292 14.656292 19.169804 19.169804 17.965214
12.686209 12.686209 12.686209 12.686209 12.686209 11.633137 12.686209 11.633137 14.656292 10.823484 14.656292 14.656292 14.656292 14.656292 19.169804 19.169804 19.169804 16.548347 16.548347 19.169804 19.169804 19.169804 16.548347 16.548347 19.169804 14.656292 14.656292 19.169804 19.169804 19.169804 19.169804 19.169804 14.656292 16.548347 16.548347 14.656292 19.169804 19.169804 19.169804 19.169804 16.548347 19.169804 19.169804 18.403872 19.169804 16.548347 16.548347 19.169804 18.403872 18.403872 18.403872 18.403872 19.169804 19.169804 14.656292 14.656292 14.656292 19.169804 19.169804 17.965214
11.633137 11.633137 12.686209 12.686209 12.686209 11.633137 12.253355 11.633137 11.633137 14.656292 14.656292 11.633137 14.656292 14.656292 19.169804 19.169804 14.656292 19.169804 19.169804 19.169804 19.169804 19.169804 19.169804 18.403872 19.169804 19.169804 19.169804 16.548347 16.548347 19.169804 19.169804 19.169804 19.169804 19.169804 14.656292 14.656292 19.169804 19.169804 19.169804 14.656292 14.656292 19.169804 19.169804 19.169804 19.169804 16.548347 16.548347 18.403872 18.403872 19.169804 18.403872 18.403872 19.169804 19.169804 19.169804 14.656292 19.169804 19.169804 19.169804 17.965214
11.633137 11.633137 11.633137 12.686209 12.686209 11.633137 12.686209 11.633137 11.633137 11.633137 11.633137 14.656292 14.656292 14.656292 14.656292 14.656292 14.656292 14.656292 19.169804 19.169804 19.169804 19.169804 19.169804 18.403872 18.403872 19.169804 19.169804 14.656292 14.656292 19.169804 19.169804 19.169804 19.169804 19.169804 14.656292 14.656292 19.169804 19.169804 19.169804 14.656292 14.656292 19.169804 19.169804 19.169804 19.169804 18.403872 18.403872 18.403872 19.169804 19.169804 19.169804 18.403872 19.169804 19.169804 19.169804 19.169804 19.169804 19.169804 19.169804 17.965214
12.686209 11.633137 11.633137 12.686209 12.686209 12.686209 12.686209 12.686209 12.686209 12.686209 9.180155 11.633137 14.656292 14.656292 14.656292 14.656292 14.656292 19.169804 19.169804 19.169804 19.169804 19.169804 18.403872 18.403872 18.403872 19.169804 19.169804 19.169804 19.169804 19.169804 19.169804 19.169804 19.169804 16.548347 16.548347 14.656292 19.169804 19.169804 19.169804 14.656292 19.169804 19.169804 19.169804 19.169804 18.403872 18.403872 18.403872 19.169804 19.169804 19.169804 19.169804 19.169804 19.169804 19.169804 19.169804 19.169804 16.548347 14.656292 14.656292 17.965214
11.633137 11.633137 11.633137 12.686209 12.686209 12.686209 12.686209 12.686209 12.686209 12.686209 9.180155 12.686209 16.548347 16.548347 14.656292 16.548347 14.656292 19.169804 16.548347 19.169804 19.169804 19.169804 18.403872 18.403872 18.403872 19.169804 19.169804 19.169804 19.169804 19.169804 19.169804 19.169804 19.169804 16.548347 16.548347 14.656292 19.169804 19.169804 19.169804 19.169804 19.169804 19.169804 19.169804 18.403872 18.403872 18.403872 19.169804 10.823484 19.169804 19.169804 19.169804 19.169804 19.169804 19.169804 19.169804 19.169804 19.169804 14.656292 16.548347 17.965214
11.633137 11.633137 12.686209 12.686209 12.686209 12.686209 12.686209 12.686209 9.180155 12.686209 12.686209 12.686209 19.169804 19.169804 19.169804 16.548347 19.169804 16.548347 19.169804 19.169804 19.169804 19.169804 19.169804 19.169804 19.169804 19.169804 19.169804 19.169804 19.169804 19.169804 19.169804 19.169804 19.169804 19.169804 19.169804 19.169804 19.169804 19.169804 19.169804 19.169804 19.169804 18.403872 18.403872 18.403872 18.403872 18.403872 19.169804 10.823484 19.169804 19.169804 19.169804 19.169804 19.169804 19.169804 19.169804 19.169804 19.169804 16.548347 16.548347 15.738085
11.633137 11.633137 11.633137 11.633137 11.633137 12.686209 12.686209 12.686209 9.180155 9.180155 9.180155 19.169804 19.169804 19.169804 19.169804 19.169804 16.548347 16.548347 19.169804 19.169804 19.169804 19.169804 19.169804 19.169804 19.169804 19.169804 19.169804 19.169804 19.169804 19.169804 7.1441083 7.1441083 19.169804 14.656292 14.656292 19.169804 19.169804 19.169804 19.169804 19.169804 18.403872 18.403872 18.403872 19.169804 19.169804 19.169804 19.169804 18.403872 18.403872 16.548347 16.548347 16.548347 19.169804 19.169804 19.169804 19.169804 19.169804 19.169804 16.548347 17.965214
12.686209 11.633137 12.686209 11.633137 11.633137 12.253355 12.253355 12.253355 12.686209 9.180155 10.823484 19.169804 19.169804 19.169804 19.169804 19.169804 14.656292 14.656292 19.169804 19.169804 19.169804 19.169804 19.169804 19.169804 19.169804 19.169804 19.169804 19.169804 19.169804 7.1441083 7.1441083 7.1441083 19.169804 14.656292 14.656292 18.403872 19.169804 19.169804 19.169804 18.403872 18.403872 18.403872 19.169804 19.169804 19.169804 16.548347 16.548347 19.169804 18.403872 16.548347 16.548347 16.548347 19.169804 19.169804 19.169804 19.169804 19.169804 19.169804 19.169804 17.965214
9.180155 9.180155 12.686209 12.686209 12.686209 12.253355 12.253355 12.253355 12.253355 12.253355 19.169804 19.169804 19.169804 19.169804 19.169804 19.169804 19.169804 19.169804 16.548347 16.548347 16.548347 19.169804 19.169804 19.169804 19.169804 19.169804 19.169804 19.169804 7.1441083 7.1441083 7.1441083 7.1441083 19.169804 14.656292 14.656292 18.403872 19.169804 18.403872 18.403872 18.403872 19.169804 19.169804 19.169804 19.169804 19.169804 16.548347 16.548347 19.169804 18.403872 16.548347 16.548347 18.403872 19.169804 19.169804 19.169804 19.169804 19.169804 18.403872 19.169804 17.965214
9.180155 9.180155 12.686209 12.686209 12.686209 12.686209 12.686209 12.686209 12.253355 12.686209 19.169804 19.169804 19.169804 19.169804 19.169804 19.169804 19.169804 16.548347 16.548347 16.548347 16.548347 19.169804 19.169804 19.169804 19.169804 19.169804 19.169804 19.169804 19.169804 7.1441083 7.1441083 7.1441083 19.169804 19.169804 19.169804 19.169804 18.403872 18.403872 18.403872 19.169804 19.169804 19.169804 14.656292 14.656292 19.169804 19.169804 19.169804 19.169804 19.169804 19.169804 19.169804 18.403872 18.403872 19.169804 19.169804 19.169804 19.169804 18.403872 19.169804 17.965214
9.180155 9.180155 12.686209 12.686209 12.686209 11.633137 11.633137 19.169804 19.169804 19.169804 19.169804 19.169804 19.169804 19.169804 19.169804 19.169804 19.169804 16.548347 16.548347 19.169804 19.169804 19.169804 19.169804 19.169804 19.169804 19.169804 19.169804 19.169804 19.169804 7.1441083 7.1441083 19.169804 19.169804 19.169804 19.169804 18.403872 18.403872 16.548347 16.548347 16.548347 19.169804 19.169804 14.656292 14.656292 14.656292 19.169804 18.403872 19.169804 19.169804 19.169804 19.169804 18.403872 18.403872 19.169804 19.169804 19.169804 19.169804 19.169804 19.169804 17.965214
9.180155 9.180155 12.686209 12.686209 12.686209 11.633137 11.633137 16.548347 19.169804 19.169804 19.169804 19.169804 19.169804 19.169804 19.169804 19.169804 19.169804 19.169804 19.169804 19.169804 19.169804 19.169804 19.169804 19.169804 19.169804 16.548347 16.548347 19.169804 19.169804 7.094908 7.094908 14.656292 14.656292 14.656292 19.169804 16.548347 19.169804 16.548347 16.548347 16.548347 19.169804 19.169804 19.169804 14.656292 14.656292 19.169804 16.548347 16.548347 16.548347 16.548347 19.169804 19.169804 18.403872 19.169804 19.169804 19.169804 19.169804 19.169804 19.169804 17.965214
11.633137 11.633137 12.686209 12.686209 12.686209 12.686209 11.633137 14.656292 14.656292 19.169804 19.169804 14.656292 14.656292 19.169804 19.169804 19.169804 19.169804 16.548347 16.548347 12.686209 12.686209 12.686209 19.169804 19.169804 14.656292 16.548347 16.548347 19.169804 19.169804 7.1441083 7.094908 14.656292 14.656292 14.656292 19.169804 16.548347 19.169804 19.169804 16.548347 19.169804 19.169804 19.169804 19.169804 19.169804 18.403872 18.403872 16.548347 16.548347 16.548347 16.548347 19.169804 19.169804 19.169804 19.169804 19.169804 19.169804 14.656292 14.656292 19.169804 17.965214
11.633137 11.633137 12.686209 12.686209 12.686209 12.686209 11.633137 14.656292 14.656292 14.656292 19.169804 19.169804 14.656292 19.169804 19.169804 19.169804 19.169804 12.253355 12.253355 12.253355 12.686209 11.8632555 18.403872 18.403872 14.656292 14.656292 14.656292 19.169804 19.169804 16.548347 7.094908 7.012334 14.656292 18.403872 18.403872 19.169804 19.169804 19.169804 19.169804 19.169804 19.169804 19.169804 19.169804 19.169804 18.403872 18.403872 16.548347 18.403872 14.656292 14.656292 14.656292 19.169804 19.169804 19.169804 16.548347 16.548347 14.656292 14.656292 19.169804 17.111042
11.633137 11.633137 11.633137 12.686209 12.686209 11.633137 11.633137 14.656292 14.656292 14.656292 14.656292 14.656292 14.656292 19.169804 19.169804 19.169804 19.169804 12.686209 12.686209 12.686209 11.8632555 11.8632555 18.403872 18.403872 14.656292 19.169804 19.169804 19.169804 19.169804 19.169804 7.1441083 7.1441083 6.6947293 6.6947293 18.403872 19.169804 18.403872 19.169804 19.169804 19.169804 19.169804 12.686209 12.686209 12.686209 18.403872 18.403872 16.548347 19.169804 14.656292 14.656292 14.656292 14.656292 19.169804 19.169804 16.548347 16.548347 14.656292 19.169804 19.169804 17.965214
11.633137 9.180155 9.180155 11.633137 11.633137 11.633137 11.633137 14.656292 11.633137 14.656292 14.656292 14.656292 14.656292 19.169804 19.169804 19.169804 19.169804 12.686209 12.686209 12.686209 12.686209 11.8632555 11.8632555 11.8632555 12.686209 19.169804 19.169804 19.169804 19.169804 19.169804 7.1441083 6.6947293 6.6947293 6.6947293 6.6947293 19.169804 18.403872 18.403872 12.686209 12.686209 12.686209 12.686209 12.686209 12.686209 19.169804 18.403872 14.656292 14.656292 14.656292 14.656292 14.656292 14.656292 14.656292 19.169804 16.548347 16.548347 14.656292 14.656292 19.169804 17.965214
10.865559 9.30607 9.30607 9.30607 9.30607 9.30607 11.739559 14.532353 14.532353 14.532353 14.532353 14.532353 14.532353 18.696236 18.696236 18.696236 12.8256235 12.8256235 12.8256235 12.8256235 12.8256235 12.8256235 11.9327345 11.9327345 12.8256235 18.696236 18.696236 18.696236 7.440718 7.440718 7.440718 6.9283333 6.9283333 6.9283333 6.9283333 17.821125 17.821125 17.821125 10.865559 10.865559 12.8256235 12.8256235 18.696236 18.696236 14.532353 14.532353 14.532353 14.532353 14.532353 14.532353 11.739559 11.739559 14.532353 14.532353 14.532353 14.532353 14.532353 14.532353 14.532353 17.227236
10.865559 9.30607 9.30607 9.30607 9.30607 9.30607 12.8256235 18.696236 17.821125 18.696236 18.696236 18.696236 18.696236 18.696236 18.696236 18.696236 12.8256235 12.8256235 12.8256235 12.8256235 12.8256235 12.8256235 11.9327345 11.9327345 18.696236 18.696236 18.696236 18.696236 6.9283333 7.440718 6.9283333 6.9283333 6.9283333 6.9283333 6.9283333 18.696236 18.696236 17.821125 10.865559 10.865559 18.696236 18.696236 18.696236 14.532353 14.532353 11.739559 14.532353 9.30607 9.30607 9.30607 11.739559 11.739559 11.739559 14.532353 14.532353 11.739559 11.739559 14.532353 14.532353 7.0630836
12.8256235 11.739559 11.739559 11.739559 11.739559 11.739559 12.405913 12.8256235 17.821125 18.696236 18.696236 18.696236 18.696236 18.696236 18.696236 18.696236 18.696236 12.8256235 12.8256235 12.8256235 12.8256235 12.8256235 11.9327345 18.696236 18.696236 18.696236 18.696236 17.821125 6.9283333 6.9283333 7.440718 7.440718 6.9283333 6.9283333 6.9283333 17.821125 18.696236 17.821125 17.821125 18.696236 18.696236 18.696236 18.696236 14.532353 14.532353 11.739559 9.30607 9.30607 9.30607 9.30607 9.30607 11.739559 14.532353 14.532353 11.739559 11.739559 11.739559 14.532353 14.532353 6.9490795
12.8256235 12.8256235 11.739559 11.739559 12.8256235 12.8256235 12.8256235 12.8256235 17.821125 18.696236 18.696236 17.821125 18.696236 18.696236 18.696236 18.696236 18.696236 12.8256235 12.8256235 12.8256235 12.8256235 12.8256235 12.8256235 18.696236 18.696236 18.696236 18.696236 17.821125 6.9283333 7.440718 7.440718 7.440718 7.440718 12.8256235 7.440718 7.440718 17.821125 18.696236 17.821125 17.821125 18.696236 18.696236 18.696236 14.532353 14.532353 11.739559 9.30607 9.30607 9.30607 9.30607 10.865559 14.532353 14.532353 14.532353 14.532353 11.739559 11.739559 11.739559 7.295818 6.9490795
12.8256235 12.8256235 12.8256235 12.8256235 12.8256235 12.8256235 12.8256235 12.8256235 12.8256235 18.696236 18.696236 18.696236 17.821125 18.696236 18.696236 18.696236 18.696236 12.8256235 12.8256235 12.8256235 18.696236 18.696236 18.696236 18.696236 18.696236 18.696236 17.821125 6.9283333 6.9283333 7.440718 7.440718 7.440718 7.440718 12.8256235 6.9283333 7.440718 18.696236 17.821125 17.821125 17.821125 18.696236 18.696236 14.532353 14.532353 14.532353 14.532353 14.532353 14.532353 14.532353 10.865559 10.865559 14.532353 18.696236 14.532353 14.532353 14.532353 14.532353 7.295818 7.295818 6.9490795
12.8256235 12.8256235 12.8256235 12.8256235 12.8256235 12.8256235 12.8256235 12.8256235 12.8256235 17.821125 18.696236 18.696236 18.696236 18.696236 18.696236 17.821125 17.821125 17.821125 12.8256235 18.696236 18.696236 17.821125 18.696236 18.696236 18.696236 17.821125 17.821125 6.9283333 6.9283333 7.4476023 7.440718 7.440718 12.8256235 12.8256235 7.440718 7.440718 18.696236 18.696236 18.696236 18.696236 10.865559 10.865559 14.532353 14.532353 14.532353 14.532353 14.532353 14.532353 14.532353 14.532353 14.532353 18.696236 18.137808 18.137808 14.532353 14.532353 14.532353 18.696236 7.440718 17.227236
18.696236 18.696236 12.8256235 12.8256235 12.8256235 12.8256235 12.8256235 12.8256235 12.8256235 12.8256235 18.696236 18.696236 18.696236 18.696236 18.696236 17.821125 17.821125 18.696236 18.696236 18.696236 18.696236 18.696236 18.696236 18.696236 17.821125 17.821125 6.9283333 6.9283333 6.9283333 6.9283333 7.377165 7.377165 12.8256235 12.8256235 7.440718 7.440718 18.696236 10.865559 10.865559 10.865559 10.865559 9.30607 14.532353 14.532353 14.532353 14.532353 14.532353 14.532353 14.532353 18.696236 18.696236 18.696236 18.137808 18.137808 18.696236 18.696236 18.696236 18.696236 18.696236 17.227236
