Export/ASCII/RMeteo_SP_inch/p1/RMeteo_2017_SP4_inch.asc
ncols         660
nrows         338
xllcorner     1476150
yllcorner     5017150
cellsize      100
NODATA_value  -9.9e-20
[rows 0 to 26 of 338, columns 122 to 182 of 660]
4.814871 4.814871 4.814871 4.814871 4.814871 4.814871 4.814871 4.814871 4.814871 4.814871 4.814871 5.383987 5.383987 5.383987 5.383987 5.383987 5.383987 6.2901425 6.2901425 6.2901425 6.2901425 6.2901425 5.6210103 6.2901425 6.2901425 5.383987 5.383987 5.383987 5.383987 5.383987 5.383987 5.383987 5.383987 5.383987 5.383987 5.383987 5.383987 6.2901425 6.2901425 5.7002554 4.8291473 4.8291473 4.8291473 4.8291473 5.473525 6.477312 5.473525 5.473525 5.473525 5.473525 6.477312 5.473525 5.473525 5.473525 5.473525 6.477312 6.477312 6.477312 6.477312 5.473525 4.8291473
4.814871 4.814871 4.814871 4.814871 4.814871 4.814871 4.814871 4.814871 4.814871 4.814871 4.814871 5.383987 5.383987 5.383987 5.383987 5.383987 5.383987 5.383987 6.2901425 6.2901425 5.6210103 5.6210103 5.6210103 6.2901425 6.2901425 5.383987 6.2901425 6.2901425 5.383987 5.383987 5.383987 5.383987 5.383987 5.383987 5.383987 5.383987 6.2901425 6.2901425 5.6210103 5.7002554 4.8291473 4.8291473 4.8291473 4.8291473 5.7002554 6.477312 6.477312 6.477312 5.473525 5.473525 5.473525 5.473525 5.473525 5.473525 5.473525 5.473525 6.477312 6.477312 6.477312 5.473525 4.8291473
4.814871 4.814871 4.814871 4.814871 5.6057353 5.6057353 4.814871 4.814871 4.814871 4.814871 4.814871 4.814871 5.383987 5.383987 5.383987 5.383987 5.383987 5.383987 5.383987 4.814871 5.6210103 5.6210103 5.6210103 6.2901425 6.2901425 6.2901425 6.2901425 6.2901425 6.2901425 5.383987 5.383987 5.383987 5.383987 5.383987 5.383987 5.383987 6.2901425 6.2901425 5.383987 4.8291473 4.8291473 5.473525 5.473525 4.8291473 5.7002554 6.477312 6.477312 6.477312 5.473525 5.473525 5.473525 5.473525 5.473525 5.473525 5.473525 5.7002554 5.7002554 5.7002554 6.7834635 6.477312 5.473525
4.814871 4.814871 4.814871 5.383987 5.383987 4.814871 4.814871 4.814871 4.814871 4.814871 4.814871 5.383987 5.383987 5.383987 5.383987 5.383987 5.383987 5.383987 5.383987 4.814871 5.6210103 5.6210103 5.6210103 6.2901425 6.2901425 6.2901425 6.2901425 6.2901425 5.6210103 6.2901425 5.383987 5.383987 5.383987 5.383987 5.383987 5.383987 5.383987 5.383987 5.383987 5.473525 5.473525 5.473525 5.473525 5.7002554 5.7002554 6.477312 6.477312 6.477312 5.473525 5.473525 4.8291473 5.7451267 5.7451267 4.8291473 4.8291473 5.7002554 6.477312 5.7002554 6.477312 6.477312 5.473525
4.814871 4.814871 5.383987 5.383987 5.383987 4.814871 4.814871 5.383987 5.383987 5.383987 5.383987 5.383987 5.383987 5.383987 5.383987 5.383987 5.383987 5.383987 5.383987 5.383987 4.814871 5.6210103 5.6210103 5.6210103 5.6210103 5.6210103 5.6210103 5.6210103 6.2901425 6.2901425 5.383987 5.383987 5.383987 5.383987 5.383987 5.383987 5.383987 5.383987 5.383987 5.473525 5.473525 5.473525 5.473525 6.477312 5.7002554 5.7002554 6.7834635 6.477312 5.473525 5.473525 5.473525 5.7451267 5.7451267 5.7451267 5.473525 6.477312 5.7002554 5.7002554 5.473525 5.473525 5.473525
5.383987 4.814871 4.814871 5.383987 5.383987 5.383987 5.383987 5.383987 5.383987 5.383987 5.383987 5.383987 5.383987 5.383987 5.383987 5.383987 6.2901425 5.383987 5.383987 5.383987 4.814871 4.814871 5.6210103 5.6210103 6.4444118 5.6210103 5.6210103 5.6210103 6.2901425 5.383987 5.383987 5.383987 5.383987 5.383987 5.383987 5.383987 5.383987 5.6057353 5.6057353 5.473525 5.473525 5.473525 5.473525 5.473525 5.473525 5.7002554 6.477312 6.477312 5.473525 4.8291473 5.473525 5.7451267 5.7451267 5.473525 5.473525 5.473525 4.8291473 4.8291473 4.8291473 5.473525 5.473525
5.383987 5.383987 5.383987 5.383987 5.383987 5.383987 5.383987 5.383987 5.383987 5.383987 5.383987 5.383987 5.383987 5.383987 5.383987 5.383987 6.2901425 6.2901425 6.2901425 5.383987 4.814871 5.6210103 5.6210103 5.6210103 5.6210103 5.6210103 5.6210103 5.6210103 6.2901425 5.383987 5.383987 5.383987 5.383987 5.383987 5.383987 5.383987 5.383987 5.383987 5.6057353 4.8291473 4.8291473 5.473525 5.473525 5.473525 5.473525 5.473525 5.473525 5.473525 5.473525 4.8291473 4.8291473 5.9825373 4.8291473 4.8291473 5.473525 5.473525 4.8291473 4.8291473 4.8291473 5.473525 5.473525
5.383987 5.383987 5.383987 5.383987 5.383987 5.383987 5.383987 5.383987 5.383987 5.383987 5.383987 5.383987 5.383987 5.383987 5.383987 5.383987 6.2901425 6.2901425 6.2901425 6.2901425 4.814871 4.814871 5.6210103 5.6210103 5.6210103 5.6210103 5.6210103 5.6210103 5.6210103 4.814871 4.814871 5.383987 6.2901425 6.2901425 6.2901425 6.2901425 5.383987 4.814871 4.814871 5.473525 5.473525 5.473525 5.473525 5.473525 5.473525 5.473525 5.473525 5.473525 4.8291473 4.8291473 5.7451267 5.9825373 4.8291473 4.8291473 4.8291473 4.8291473 4.8291473 5.7451267 5.473525 5.982538 5.982538
5.383987 5.383987 5.383987 5.383987 5.383987 5.383987 5.383987 5.383987 5.383987 5.383987 5.383987 5.383987 5.383987 5.383987 6.2901425 6.2901425 5.6210103 6.2901425 6.2901425 6.2901425 5.6210103 4.814871 5.6210103 5.6210103 6.2901425 5.383987 5.383987 5.6210103 4.814871 4.814871 4.814871 4.814871 5.6210103 5.6210103 5.6210103 5.6210103 5.6057353 5.6057353 4.814871 5.473525 5.473525 5.473525 5.473525 5.473525 5.473525 5.473525 5.473525 5.473525 5.473525 5.7451267 5.7451267 4.8291473 4.8291473 4.8291473 4.8291473 4.8291473 4.8291473 5.7451267 5.473525 5.473525 5.982538
4.814871 4.814871 6.2901425 6.2901425 5.383987 5.383987 5.383987 5.383987 5.383987 5.383987 5.383987 5.383987 5.383987 6.2901425 6.2901425 6.5078735 6.5078735 5.6210103 6.2901425 6.2901425 6.2901425 5.6210103 4.814871 5.6210103 6.2901425 5.383987 5.383987 5.6210103 5.6210103 5.6210103 4.814871 5.6210103 5.6210103 5.6210103 5.6210103 6.2901425 6.4444118 5.6057353 5.6057353 5.473525 5.473525 5.473525 5.473525 5.473525 5.473525 5.473525 5.473525 5.473525 5.473525 5.473525 5.7451267 4.8291473 4.8291473 4.8291473 4.8291473 4.8291473 5.473525 5.473525 5.9825373 4.8291473 4.8291473
5.7740874 5.7740874 6.5078735 6.2901425 6.2901425 5.383987 5.383987 5.383987 5.383987 5.383987 5.383987 5.383987 6.2901425 6.2901425 6.4444118 6.5078735 6.5078735 5.6210103 5.6210103 6.5078735 6.5078735 5.6210103 5.6210103 6.2901425 6.2901425 6.2901425 6.2901425 5.6210103 5.6210103 5.6210103 4.814871 4.814871 4.814871 5.6210103 5.6210103 6.2901425 6.2901425 5.383987 5.383987 5.473525 6.477312 6.477312 5.473525 5.473525 5.473525 5.473525 5.473525 5.473525 5.473525 5.473525 4.8291473 4.8291473 4.8291473 4.8291473 4.8291473 4.8291473 5.473525 5.473525 5.9825373 4.8291473 4.8291473
5.7740874 5.383987 6.5078735 6.2901425 6.2901425 5.383987 5.383987 5.383987 5.383987 5.383987 5.383987 6.2901425 6.4444118 6.4444118 6.5078735 6.5078735 5.6210103 5.6210103 5.6210103 5.6210103 6.5078735 6.5078735 6.5078735 6.5078735 6.5078735 6.5078735 6.5078735 6.2901425 6.2901425 4.814871 5.383987 5.383987 5.383987 5.383987 6.2901425 5.383987 5.383987 5.383987 5.383987 5.473525 6.477312 6.477312 6.477312 5.473525 5.473525 5.473525 5.473525 5.473525 5.473525 5.473525 5.473525 4.8291473 4.8291473 4.8291473 4.8291473 4.8291473 4.8291473 5.473525 5.473525 5.473525 4.8291473
5.7740874 5.383987 6.5078735 6.2901425 6.2901425 5.383987 5.383987 5.383987 5.383987 5.383987 6.2901425 6.2901425 6.5078735 5.9678736 5.9678736 5.6210103 5.6210103 5.6210103 5.6210103 5.6210103 6.5078735 6.5078735 6.5078735 5.9678736 6.5078735 6.5078735 6.5078735 6.2901425 6.2901425 5.383987 5.383987 6.2901425 6.2901425 5.383987 6.2901425 6.2901425 5.383987 5.383987 5.383987 5.473525 6.477312 6.477312 6.477312 5.473525 5.473525 5.473525 5.473525 5.473525 5.473525 5.473525 5.473525 5.473525 5.473525 4.8291473 4.8291473 4.8291473 4.8291473 4.8291473 4.8291473 5.473525 4.8291473
5.383987 5.383987 5.7740874 5.383987 5.383987 5.383987 5.383987 5.383987 6.2901425 6.2901425 6.2901425 6.5078735 6.4444118 6.5078735 6.5078735 5.6210103 5.6210103 5.6210103 6.5078735 6.5078735 6.5078735 6.5078735 6.5078735 5.9678736 6.5078735 6.5078735 6.2901425 6.2901425 6.2901425 5.383987 5.383987 6.2901425 6.5078735 6.2901425 6.2901425 6.2901425 5.383987 5.383987 5.383987 5.473525 6.477312 6.477312 5.473525 5.473525 5.473525 5.473525 5.473525 5.473525 5.473525 4.8291473 4.8291473 4.8291473 4.8291473 5.473525 4.8291473 4.8291473 4.8291473 4.8291473 5.473525 5.473525 5.473525
5.383987 4.814871 4.814871 5.383987 5.383987 5.383987 5.383987 5.383987 6.2901425 6.4444118 6.4444118 6.5078735 6.5078735 6.5078735 6.5078735 6.2901425 6.2901425 6.5078735 6.5078735 6.5078735 6.5078735 6.5078735 6.5078735 5.9678736 6.5078735 6.2901425 6.2901425 5.383987 5.383987 5.383987 5.383987 6.2901425 6.5078735 6.2901425 5.383987 6.2901425 6.2901425 6.2901425 5.383987 5.473525 5.473525 5.473525 5.473525 5.473525 5.473525 5.473525 5.473525 5.473525 4.8291473 4.8291473 4.8291473 4.8291473 4.8291473 4.8291473 4.8291473 4.8291473 4.8291473 5.473525 5.473525 5.473525 5.473525
5.383987 4.814871 4.814871 5.383987 5.383987 5.383987 5.383987 5.383987 6.2901425 6.2901425 6.4444118 6.5078735 6.5078735 6.5078735 6.5078735 6.5078735 6.2901425 6.5078735 6.5078735 6.5078735 6.5078735 6.5078735 6.5078735 6.5078735 6.5078735 6.2901425 6.2901425 5.383987 5.383987 5.383987 6.2901425 6.2901425 6.5078735 6.2901425 6.2901425 6.2901425 6.2901425 6.2901425 5.383987 5.473525 5.473525 5.473525 5.473525 5.473525 5.473525 4.8291473 4.8291473 5.473525 4.8291473 4.8291473 4.8291473 4.8291473 4.8291473 4.8291473 4.8291473 4.8291473 4.8291473 4.8291473 5.473525 5.473525 4.8291473
5.2829123 5.6210103 6.2901425 6.2901425 5.383987 6.2901425 6.2901425 5.383987 5.383987 6.2901425 6.2901425 6.5078735 6.5078735 6.5078735 6.5078735 6.5078735 6.5078735 6.5078735 6.5078735 6.5078735 6.5078735 6.5078735 6.5078735 6.5078735 6.5078735 6.2901425 6.2901425 5.383987 5.383987 5.383987 5.383987 6.2901425 6.2901425 6.2901425 6.2901425 5.383987 6.2901425 6.2901425 5.383987 5.473525 5.473525 5.473525 5.473525 4.8291473 4.8291473 4.8291473 4.8291473 5.473525 5.473525 5.473525 4.8291473 4.8291473 4.8291473 4.8291473 4.8291473 5.7002554 5.7002554 5.473525 5.473525 5.473525 4.8291473
4.814871 5.6210103 6.2901425 6.2901425 6.2901425 6.5078735 6.2901425 6.2901425 5.383987 6.2901425 6.2901425 6.5078735 6.5078735 6.5078735 6.5078735 6.5078735 6.5078735 6.5078735 6.5078735 6.5078735 6.5078735 6.5078735 6.5078735 6.5078735 5.9678736 5.9678736 6.2901425 5.383987 5.383987 5.383987 5.383987 6.2901425 6.2901425 5.383987 5.383987 6.2901425 6.2901425 6.2901425 6.2901425 5.473525 5.473525 5.473525 5.473525 4.8291473 4.8291473 4.8291473 4.8291473 5.473525 5.473525 5.473525 5.473525 4.8291473 4.8291473 4.8291473 5.7002554 6.477312 6.477312 6.477312 4.8291473 4.8291473 5.473525
5.6057353 5.6210103 6.5078735 6.5078735 6.5078735 6.5078735 6.4444118 6.2901425 6.2901425 6.2901425 6.5078735 6.4444118 6.5078735 6.5078735 6.5078735 6.5078735 6.5078735 6.5078735 6.5078735 6.5078735 5.9678736 6.5078735 6.5078735 6.5078735 6.5078735 6.5078735 6.2901425 6.2901425 5.383987 5.383987 5.383987 5.383987 5.383987 5.383987 5.383987 6.2901425 6.2901425 6.2901425 5.383987 5.473525 5.473525 5.473525 5.473525 4.8291473 4.8291473 4.8291473 4.8291473 4.8291473 5.473525 5.473525 5.473525 4.8291473 4.8291473 4.8291473 5.7002554 5.7002554 6.7834635 5.7002554 4.8291473 4.8291473 5.473525
6.4444118 5.6210103 5.6210103 5.6210103 6.5078735 6.4444118 6.4444118 6.4444118 6.2901425 6.2901425 6.5078735 6.4444118 6.4444118 6.5078735 6.5078735 6.5078735 6.5078735 6.5078735 6.5078735 6.5078735 6.5078735 6.5078735 6.5078735 6.5078735 6.5078735 6.5078735 6.5078735 6.2901425 5.383987 5.383987 6.2901425 6.2901425 5.383987 6.2901425 6.2901425 6.2901425 6.2901425 5.383987 5.383987 5.473525 5.473525 5.473525 5.473525 4.8291473 4.8291473 4.8291473 4.8291473 4.8291473 4.8291473 4.8291473 5.473525 4.8291473 4.8291473 4.8291473 5.7002554 5.7002554 5.9825373 5.473525 5.7451267 5.7451267 5.473525
6.5078735 6.5078735 5.6210103 6.2901425 6.2901425 6.4444118 6.4444118 6.4444118 6.5078735 6.5078735 6.5078735 6.4444118 6.4444118 6.5078735 6.5078735 6.5078735 6.5078735 6.5078735 6.5078735 6.5078735 6.5078735 6.5078735 6.5078735 6.5078735 6.5078735 6.2901425 6.2901425 6.2901425 5.383987 5.383987 6.2901425 6.2901425 6.2901425 6.2901425 6.2901425 5.383987 5.383987 5.383987 5.383987 5.473525 5.473525 5.473525 5.473525 5.473525 5.473525 5.473525 5.473525 5.473525 4.8291473 4.8291473 4.8291473 4.8291473 4.8291473 4.8291473 5.7002554 5.7002554 5.473525 5.7451267 5.7451267 5.7451267 5.7451267
6.2901425 6.2901425 6.2901425 6.2901425 6.2901425 6.2901425 6.4444118 6.2901425 5.9678736 6.2901425 6.2901425 5.6210103 6.4444118 6.5078735 6.4444118 6.4444118 6.5078735 6.5078735 6.5078735 6.5078735 6.5078735 6.5078735 6.5078735 6.5078735 6.2901425 6.2901425 6.2901425 6.2901425 6.2901425 5.6210103 5.6210103 6.2901425 6.2901425 6.2901425 6.2901425 5.383987 5.383987 5.383987 5.383987 4.8291473 5.473525 5.473525 5.473525 5.473525 5.473525 5.473525 5.473525 5.473525 4.8291473 4.8291473 4.8291473 4.8291473 4.8291473 4.8291473 4.8291473 4.8291473 5.473525 5.473525 5.473525 5.473525 5.473525
6.2901425 6.2901425 5.383987 5.383987 6.2901425 6.2901425 6.2901425 6.2901425 6.2901425 6.2901425 6.2901425 6.2901425 6.4444118 6.5078735 6.4444118 6.4444118 6.5078735 6.5078735 6.5078735 6.5078735 6.5078735 6.5078735 6.5078735 6.5078735 6.2901425 6.2901425 6.2901425 5.6210103 5.6210103 5.6210103 6.5078735 6.2901425 6.2901425 6.2901425 5.6210103 5.383987 5.383987 5.383987 4.814871 4.8291473 5.473525 5.473525 5.473525 5.473525 5.473525 5.473525 5.473525 5.473525 5.473525 4.8291473 4.8291473 4.8291473 4.8291473 4.8291473 4.8291473 4.8291473 5.473525 5.473525 5.473525 5.473525 5.473525
6.2901425 6.2901425 5.383987 5.383987 5.383987 6.2901425 5.383987 5.383987 6.2901425 6.2901425 6.2901425 6.2901425 5.6210103 6.5078735 6.5078735 6.5078735 6.5078735 6.4444118 6.5078735 6.5078735 6.5078735 6.5078735 6.5078735 6.5078735 6.5078735 6.5078735 5.6210103 5.6210103 6.5078735 6.2901425 6.2901425 6.2901425 6.2901425 6.2901425 5.6210103 5.383987 5.383987 5.383987 5.383987 6.477312 6.477312 6.477312 5.473525 4.8291473 5.473525 5.473525 5.473525 5.473525 5.473525 4.8291473 4.8291473 4.8291473 4.8291473 4.8291473 4.8291473 4.8291473 5.473525 5.7451267 5.7451267 5.473525 5.473525
5.6256046 5.430454 4.7795806 4.7795806 4.7795806 5.6256046 6.403731 6.403731 5.430454 6.403731 6.403731 6.403731 6.403731 6.716535 6.716535 6.716535 6.716535 6.6100984 6.6100984 6.716535 6.6100984 6.716535 6.716535 6.716535 6.716535 6.716535 6.716535 6.716535 5.6256046 6.403731 6.403731 6.403731 6.403731 5.6256046 5.6256046 5.430454 5.430454 5.430454 6.403731 6.0608377 6.0608377 6.0608377 5.1341004 4.5579453 5.1341004 5.1341004 4.5579453 4.5579453 4.5579453 4.5579453 4.5579453 4.5579453 4.5579453 4.5579453 4.5579453 4.5579453 4.5579453 5.1341004 5.3706207 4.5579453 6.0608377
4.7795806 4.7795806 4.7795806 4.7795806 4.7795806 5.6256046 6.403731 6.403731 6.403731 6.403731 6.403731 6.403731 6.403731 6.403731 6.403731 6.403731 6.716535 6.146536 6.6100984 6.6100984 6.6100984 6.6100984 6.716535 6.716535 6.716535 6.716535 6.716535 5.6256046 5.6256046 5.6256046 5.6256046 6.403731 6.403731 5.6256046 6.403731 5.430454 5.430454 5.430454 6.403731 6.0608377 6.0608377 6.0608377 5.1341004 5.1341004 4.5579453 4.5579453 5.1341004 4.5579453 4.5579453 4.5579453 4.5579453 4.5579453 5.1341004 5.1341004 5.3657694 5.3657694 4.5579453 5.1341004 6.0608377 5.3657694 5.3657694
4.7795806 4.7795806 4.7795806 4.7795806 4.7795806 6.403731 6.403731 6.403731 6.716535 6.716535 6.716535 6.403731 6.403731 6.403731 6.403731 6.403731 6.716535 6.716535 6.716535 6.6100984 6.6100984 6.403731 6.403731 6.716535 6.716535 6.716535 6.716535 6.716535 5.6256046 5.6256046 5.6256046 6.403731 6.716535 6.403731 6.403731 5.430454 5.430454 5.430454 6.403731 6.0608377 6.0608377 5.1341004 5.1341004 5.1341004 5.1341004 5.1341004 5.1341004 5.1341004 4.5579453 4.5579453 4.5579453 4.5579453 4.5579453 5.3657694 6.0608377 5.3657694 5.3657694 6.0608377 6.0608377 6.0608377 6.3188972
