Export/ASCII/RMeteo_SP_inch/p1/RMeteo_2014_SP3_inch.asc
ncols         660
nrows         338
xllcorner     1476100.0
yllcorner     5017100.0
cellsize      100
NODATA_value  -9.9e-20
[rows 168 to 195 of 338, columns 315 to 377 of 660]
9.182939 9.758854 10.528151 9.875934 9.875934 9.197681 9.197681 9.197681 9.335434 9.335434 9.335434 8.562776 9.9519415 9.875934 9.875934 9.875934 9.875934 9.964565 9.197681 8.562776 8.562776 8.562776 8.562776 8.562776 9.197681 8.562776 8.562776 8.562776 8.562776 8.562776 8.562776 8.562776 8.562776 9.335434 9.335434 9.335434 9.335434 8.562776 8.562776 8.562776 8.562776 8.562776 8.562776 8.562776 8.562776 8.562776 8.562776 8.562776 8.562776 8.562776 8.562776 8.562776 9.288943 9.288943 9.288943 8.562776 8.562776 8.562776 8.562776 8.562776 8.562776 8.562776 8.562776
9.9232645 10.528151 10.528151 9.197681 9.197681 9.197681 9.197681 9.197681 9.197681 9.335434 9.964565 9.964565 9.9519415 9.964565 9.875934 9.875934 9.875934 9.875934 9.197681 9.197681 9.197681 9.197681 9.197681 9.197681 9.197681 8.562776 8.562776 8.562776 8.562776 8.562776 8.562776 8.562776 8.562776 9.335434 9.335434 9.335434 8.562776 8.562776 8.562776 8.562776 8.562776 8.562776 8.562776 9.335434 9.335434 8.562776 8.562776 8.562776 8.562776 8.562776 8.562776 8.562776 9.288943 9.288943 9.288943 8.562776 8.562776 8.562776 8.562776 8.562776 8.562776 8.562776 8.562776
10.528151 10.528151 10.528151 9.197681 9.197681 9.197681 9.875934 9.875934 9.875934 9.964565 9.875934 9.875934 9.875934 9.875934 9.875934 9.875934 9.197681 9.197681 9.197681 9.197681 9.197681 9.197681 9.197681 9.197681 9.197681 9.197681 9.197681 8.562776 8.562776 8.562776 8.562776 8.562776 8.562776 9.335434 9.335434 9.335434 8.562776 8.562776 8.562776 8.562776 8.562776 8.562776 8.562776 9.335434 9.335434 8.562776 8.562776 8.562776 8.562776 8.562776 8.562776 8.562776 8.562776 9.288943 9.288943 9.288943 8.562776 8.562776 8.562776 8.562776 8.562776 8.562776 8.562776
9.758854 10.528151 10.528151 9.875934 9.875934 9.875934 9.875934 9.875934 9.875934 9.875934 9.875934 9.197681 9.197681 9.197681 9.197681 9.197681 9.197681 9.197681 9.197681 9.197681 9.197681 9.197681 9.335434 9.197681 9.197681 9.197681 9.197681 8.562776 8.562776 8.562776 8.562776 8.562776 8.562776 8.562776 8.562776 8.562776 8.562776 8.562776 8.562776 8.562776 8.562776 8.562776 8.562776 8.562776 9.305279 8.562776 8.562776 8.562776 8.562776 8.562776 8.562776 8.562776 8.562776 9.288943 9.288943 8.562776 8.562776 8.562776 8.562776 8.562776 8.562776 8.562776 8.562776
9.758854 10.528151 10.528151 9.875934 9.875934 9.875934 9.875934 9.875934 9.197681 9.197681 9.197681 9.197681 9.197681 9.335434 9.197681 9.197681 9.197681 9.197681 9.197681 9.197681 9.197681 9.197681 9.197681 9.197681 9.197681 8.562776 9.335434 8.562776 8.562776 8.562776 8.562776 8.562776 8.562776 8.562776 8.562776 8.562776 8.562776 8.562776 8.562776 8.562776 8.562776 8.562776 8.562776 8.562776 8.562776 8.562776 8.562776 8.562776 8.562776 8.562776 8.562776 8.562776 8.562776 8.562776 8.562776 8.562776 8.562776 8.562776 8.562776 8.562776 8.562776 8.562776 8.562776
9.881889 9.758854 10.528151 9.875934 9.875934 9.875934 9.875934 9.875934 9.875934 9.197681 9.335434 9.335434 8.562776 8.562776 9.197681 9.875934 9.875934 9.197681 9.875934 9.875934 9.197681 9.197681 9.197681 9.197681 9.197681 9.197681 9.197681 8.562776 8.562776 8.562776 8.562776 8.562776 8.562776 8.562776 8.562776 8.562776 8.562776 8.562776 8.562776 8.562776 8.562776 8.562776 8.562776 8.562776 8.562776 8.562776 8.562776 8.562776 8.562776 8.562776 8.562776 8.562776 8.562776 8.562776 8.562776 8.562776 8.562776 8.562776 8.562776 8.562776 8.562776 8.562776 8.562776
9.758854 9.758854 9.758854 9.875934 9.875934 9.875934 9.288943 9.288943 9.288943 9.964565 9.335434 9.335434 9.288943 9.964565 9.875934 9.875934 9.875934 9.875934 9.875934 9.875934 9.875934 9.197681 9.197681 9.197681 9.197681 9.197681 9.197681 9.197681 8.562776 8.562776 8.562776 8.562776 8.562776 8.562776 8.562776 8.562776 8.562776 8.562776 8.562776 8.562776 8.562776 8.562776 8.562776 8.562776 8.562776 8.562776 8.562776 8.562776 8.562776 8.562776 8.562776 8.562776 8.562776 8.562776 8.562776 8.562776 8.562776 8.562776 8.562776 8.562776 8.562776 8.562776 8.562776
10.528151 10.528151 10.528151 9.875934 9.875934 9.288943 9.288943 9.288943 9.288943 9.964565 9.9519415 9.9519415 9.9519415 9.964565 9.288943 9.288943 9.288943 9.875934 9.875934 9.964565 9.875934 9.197681 9.197681 9.197681 9.197681 9.197681 9.197681 9.197681 8.562776 8.562776 8.562776 8.562776 8.562776 8.562776 8.562776 8.562776 8.562776 8.562776 8.562776 8.562776 8.562776 8.562776 8.562776 8.562776 8.562776 8.562776 8.562776 8.562776 8.562776 8.562776 8.562776 8.562776 8.562776 8.562776 8.562776 8.562776 8.562776 8.562776 8.562776 8.562776 8.562776 8.562776 8.562776
10.6063 10.6063 10.6063 9.964565 9.288943 9.288943 9.288943 9.288943 9.288943 9.964565 9.9519415 9.9519415 9.964565 9.964565 9.288943 9.288943 9.288943 8.404568 9.305279 9.964565 9.875934 9.197681 9.197681 9.197681 9.197681 9.197681 9.197681 9.197681 9.197681 8.562776 8.562776 8.562776 8.562776 8.562776 8.562776 8.562776 8.562776 8.562776 8.562776 8.562776 8.562776 8.562776 8.562776 8.562776 8.562776 8.562776 8.562776 8.562776 8.562776 8.562776 8.562776 8.562776 8.562776 8.562776 8.562776 8.562776 8.562776 8.562776 8.562776 8.562776 8.562776 8.562776 8.562776
9.9232645 10.6063 10.6063 9.288943 9.288943 9.288943 9.288943 9.288943 9.964565 9.964565 9.964565 9.964565 9.964565 9.9519415 9.288943 9.288943 9.288943 8.404568 9.9519415 9.964565 9.875934 9.875934 9.197681 9.197681 8.562776 9.197681 9.197681 9.197681 9.197681 8.562776 8.562776 8.562776 8.562776 8.562776 8.562776 8.562776 8.562776 8.562776 8.562776 8.562776 8.562776 8.562776 8.562776 8.562776 8.562776 8.562776 8.562776 8.562776 8.562776 8.562776 8.562776 8.562776 8.562776 8.562776 8.562776 8.562776 8.562776 8.562776 8.562776 8.562776 8.562776 8.562776 8.562776
10.6063 10.6063 10.6063 9.288943 9.288943 9.964565 9.964565 9.964565 9.964565 8.562776 9.964565 9.964565 9.964565 9.9519415 9.9519415 9.964565 9.964565 9.288943 9.288943 9.964565 9.964565 9.875934 9.197681 8.562776 9.197681 9.197681 9.197681 9.197681 9.197681 9.197681 8.562776 8.562776 8.562776 8.562776 8.562776 8.562776 8.562776 8.562776 8.562776 8.562776 8.562776 8.562776 8.562776 8.562776 8.562776 8.562776 8.562776 8.562776 8.562776 8.562776 8.562776 8.562776 8.562776 8.562776 8.562776 8.562776 8.562776 8.562776 8.562776 8.562776 8.562776 8.562776 9.197681
10.6063 10.6063 10.6063 9.964565 9.964565 9.964565 9.964565 9.964565 8.562776 8.562776 9.964565 9.964565 9.964565 9.964565 9.964565 9.964565 9.964565 9.288943 8.562776 9.305279 9.964565 9.875934 9.875934 8.562776 9.197681 9.197681 9.197681 9.197681 9.197681 9.197681 8.562776 8.562776 8.562776 8.562776 8.562776 8.562776 8.562776 8.562776 8.562776 8.562776 8.562776 8.562776 9.335434 9.335434 9.197681 9.197681 9.197681 8.562776 8.562776 8.562776 8.562776 8.562776 8.562776 8.562776 8.562776 8.562776 8.562776 9.305279 8.562776 8.562776 8.562776 8.562776 8.562776
9.9232645 9.9232645 9.9232645 9.288943 9.964565 9.964565 9.964565 8.562776 8.562776 8.562776 9.964565 9.964565 9.964565 9.964565 9.964565 9.964565 8.562776 8.562776 8.562776 9.305279 9.964565 9.964565 9.875934 8.562776 9.197681 9.197681 9.197681 9.197681 9.197681 9.197681 9.197681 8.562776 8.562776 8.562776 8.562776 8.562776 8.562776 8.562776 8.562776 9.335434 9.335434 9.197681 8.562776 9.197681 9.197681 9.197681 8.562776 8.562776 8.562776 8.562776 8.562776 8.562776 8.562776 8.562776 9.335434 8.562776 8.562776 9.335434 9.335434 8.562776 8.562776 8.562776 8.562776
9.182939 9.182939 9.182939 9.288943 9.964565 9.964565 8.562776 8.562776 8.562776 8.562776 8.562776 9.964565 9.964565 9.964565 8.562776 8.562776 9.305279 9.335434 8.562776 9.335434 9.3332815 9.3332815 8.562776 9.197681 9.197681 9.197681 9.197681 9.197681 8.562776 8.562776 9.197681 8.562776 8.562776 9.197681 9.197681 8.562776 8.562776 8.562776 9.197681 9.197681 8.562776 8.562776 8.562776 8.562776 8.562776 8.562776 8.562776 8.562776 8.562776 8.562776 8.562776 8.562776 8.562776 8.562776 8.562776 8.562776 8.562776 9.335434 9.197681 8.562776 8.562776 8.562776 8.562776
8.1651945 8.1651945 8.1651945 8.114414 8.114414 8.114414 8.114414 8.114414 8.114414 8.114414 8.114414 8.74488 8.114414 8.114414 8.114414 8.114414 8.74488 8.74488 8.74488 8.74488 8.740241 8.635646 8.635646 8.635646 8.635646 8.71534 8.114414 8.114414 8.114414 8.114414 8.114414 8.114414 8.114414 8.635646 8.635646 8.635646 8.114414 8.114414 8.635646 8.114414 8.114414 8.114414 8.114414 8.114414 8.114414 8.114414 8.114414 8.114414 8.114414 8.114414 8.114414 8.114414 8.114414 8.114414 8.114414 8.114414 8.114414 8.74488 8.635646 8.114414 8.114414 8.114414 8.114414
8.1651945 8.1651945 8.1651945 8.114414 8.114414 8.114414 8.114414 8.874827 8.114414 8.114414 8.114414 8.74488 8.114414 8.114414 8.114414 8.114414 8.74488 8.114414 8.114414 8.114414 8.114414 8.635646 8.635646 8.635646 8.635646 8.114414 8.114414 8.114414 8.114414 8.114414 8.114414 8.114414 8.114414 8.114414 8.635646 8.635646 8.114414 8.114414 8.114414 8.114414 8.114414 8.114414 8.114414 8.114414 8.114414 8.114414 8.114414 8.114414 8.114414 8.114414 8.114414 8.114414 8.114414 8.114414 8.114414 8.635646 8.114414 8.114414 8.635646 8.114414 8.114414 8.114414 8.114414
8.1651945 8.1651945 8.1651945 8.114414 8.114414 8.874827 9.527558 9.527558 9.527558 8.114414 8.114414 8.74488 8.114414 8.114414 8.114414 8.114414 8.114414 8.114414 8.114414 8.114414 8.635646 8.635646 8.635646 8.635646 8.635646 8.114414 8.114414 8.114414 8.114414 8.114414 8.635646 8.114414 8.114414 8.635646 8.635646 8.114414 8.114414 8.114414 8.74488 8.114414 8.114414 8.114414 8.114414 8.114414 8.114414 8.114414 8.114414 8.114414 8.114414 8.114414 8.114414 8.114414 8.114414 8.114414 8.114414 8.635646 8.114414 8.114414 8.635646 8.114414 8.114414 8.114414 8.114414
8.1651945 8.698104 8.1651945 8.635646 8.114414 8.114414 9.527558 9.527558 9.527558 9.527558 9.527558 8.114414 8.114414 8.114414 8.114414 8.71534 8.71534 8.114414 8.114414 8.114414 8.635646 8.635646 8.114414 8.635646 8.635646 8.114414 8.114414 8.114414 8.635646 8.635646 8.114414 8.635646 8.635646 8.635646 8.635646 8.114414 8.114414 8.114414 8.114414 8.114414 8.114414 8.114414 8.114414 8.114414 8.114414 8.114414 8.114414 8.114414 8.114414 8.114414 8.114414 8.114414 8.114414 8.114414 8.635646 8.635646 8.114414 8.114414 8.114414 8.114414 8.114414 8.114414 8.114414
8.1651945 8.698104 8.698104 8.635646 8.114414 9.527558 9.527558 9.527558 9.527558 9.527558 8.874827 8.114414 8.114414 8.114414 8.635646 8.74488 8.114414 8.114414 8.114414 8.114414 8.114414 8.114414 8.114414 8.114414 8.635646 8.114414 8.114414 8.635646 8.635646 8.635646 8.635646 8.635646 8.635646 8.635646 8.635646 8.635646 8.114414 8.114414 8.114414 8.635646 8.114414 8.114414 8.114414 8.114414 8.114414 8.114414 8.114414 8.114414 8.114414 8.114414 8.114414 8.114414 8.114414 8.114414 8.114414 8.114414 8.114414 8.114414 8.114414 8.114414 8.114414 8.114414 8.114414
8.1651945 8.698104 8.698104 8.635646 8.635646 9.527558 9.527558 9.527558 9.527558 8.874827 8.114414 8.114414 8.114414 8.635646 8.635646 8.635646 8.74488 8.114414 8.114414 8.114414 8.114414 8.114414 8.114414 8.635646 8.635646 8.635646 8.635646 8.635646 8.635646 8.635646 8.635646 8.635646 8.635646 8.635646 8.635646 8.114414 8.114414 8.114414 8.635646 8.635646 8.635646 8.114414 8.114414 8.114414 8.114414 8.114414 8.114414 8.114414 8.114414 8.635646 8.635646 8.114414 8.114414 8.635646 8.635646 8.114414 8.114414 8.114414 8.114414 8.114414 8.114414 8.114414 8.114414
8.698104 8.698104 8.698104 8.635646 8.635646 9.527558 9.527558 9.527558 8.874827 8.874827 8.114414 8.114414 8.635646 8.635646 8.635646 8.635646 8.114414 8.114414 8.114414 8.114414 8.114414 8.114414 8.635646 8.635646 8.635646 8.635646 8.635646 8.635646 8.635646 8.635646 8.635646 8.635646 8.635646 8.635646 8.635646 8.74488 8.635646 8.635646 8.635646 8.635646 8.635646 8.114414 8.114414 8.114414 8.114414 8.114414 8.114414 8.114414 8.635646 8.635646 8.635646 8.635646 8.635646 8.635646 8.635646 8.114414 8.635646 8.635646 8.635646 8.114414 8.114414 8.114414 8.114414
8.698104 8.698104 8.698104 8.635646 8.635646 9.527558 9.527558 8.874827 8.874827 8.114414 8.114414 8.74488 8.74488 8.635646 8.635646 8.635646 8.114414 8.114414 8.114414 8.114414 8.114414 8.635646 8.74488 8.635646 8.635646 8.635646 9.425847 9.425847 9.425847 9.425847 9.425847 8.635646 8.635646 8.635646 8.635646 8.635646 8.635646 8.635646 8.114414 8.114414 8.114414 8.114414 8.114414 8.114414 8.114414 8.114414 8.114414 8.635646 8.635646 8.635646 8.635646 8.635646 8.635646 8.635646 8.635646 8.74488 8.635646 8.635646 8.114414 8.114414 8.114414 8.114414 8.114414
8.1651945 8.862992 8.862992 8.74488 8.74488 9.527558 9.527558 9.527558 8.874827 8.74488 8.74488 8.74488 8.635646 8.635646 8.635646 8.635646 8.114414 8.114414 8.635646 8.74488 8.74488 8.74488 8.635646 8.635646 8.635646 9.425847 9.425847 9.511811 9.511811 9.425847 9.425847 8.635646 8.635646 8.635646 9.425847 9.425847 8.635646 8.635646 8.114414 8.114414 8.114414 8.114414 8.114414 8.114414 8.114414 8.114414 8.114414 8.635646 8.635646 8.635646 8.635646 8.635646 8.635646 8.635646 8.635646 8.114414 8.635646 8.635646 8.114414 8.114414 8.114414 8.114414 8.114414
8.1651945 8.1651945 8.1651945 8.114414 8.114414 8.874827 9.425847 9.425847 8.635646 8.635646 8.635646 8.635646 8.635646 8.635646 8.635646 8.635646 8.114414 8.71534 8.74488 8.74488 8.635646 8.74488 8.74488 9.425847 9.425847 8.874827 9.527558 5.6274014 5.6274014 5.6274014 5.60453 5.6274014 9.425847 9.425847 9.425847 8.874827 9.425847 8.635646 8.114414 8.114414 8.114414 8.114414 8.114414 8.114414 8.114414 8.114414 8.635646 8.635646 8.635646 8.635646 8.635646 8.635646 8.635646 8.635646 8.635646 8.114414 8.114414 8.74488 8.74488 8.114414 8.874827 8.874827 8.874827
8.1651945 8.1651945 8.1651945 8.114414 8.114414 8.114414 8.635646 8.635646 8.635646 8.635646 8.635646 8.635646 8.635646 8.635646 8.114414 8.114414 8.71534 8.635646 8.635646 8.74488 8.635646 8.635646 9.425847 9.527558 9.527558 9.527558 9.511811 5.6274014 5.6274014 5.6274014 5.5368195 5.5368195 9.527558 9.527558 8.874827 9.527558 9.527558 9.425847 8.114414 8.114414 8.114414 8.114414 8.114414 8.114414 8.114414 8.635646 8.635646 8.635646 8.635646 8.635646 8.635646 8.635646 8.635646 8.635646 8.114414 8.874827 8.874827 9.425847 9.425847 8.114414 8.874827 8.874827 8.874827
8.1651945 8.1651945 8.1651945 8.114414 8.114414 8.114414 8.114414 8.635646 8.635646 8.635646 8.635646 8.635646 8.114414 8.74488 8.114414 8.114414 8.635646 8.635646 8.635646 8.635646 8.635646 9.425847 9.527558 9.511811 9.511811 9.511811 5.6232367 5.6274014 5.6274014 5.5368195 5.5368195 5.5368195 5.6274014 9.527558 9.527558 9.527558 9.527558 9.527558 9.425847 8.635646 8.635646 8.635646 8.71534 8.635646 8.635646 8.635646 8.635646 8.635646 8.635646 8.635646 8.635646 8.635646 8.114414 8.635646 8.74488 8.71534 8.114414 9.425847 9.425847 8.635646 8.874827 8.874827 8.114414
8.1651945 8.1651945 8.1651945 8.74488 8.114414 8.114414 8.114414 8.635646 8.635646 8.635646 8.635646 8.114414 8.114414 8.114414 8.114414 8.114414 8.114414 8.635646 8.635646 9.425847 9.425847 9.511811 9.511811 9.511811 8.71534 5.6232367 5.6232367 5.6274014 5.6274014 5.60453 5.60453 5.60453 5.60453 5.6274014 9.527558 9.527558 9.527558 9.425847 9.425847 8.635646 8.635646 8.635646 8.114414 8.635646 8.635646 8.635646 8.635646 8.635646 8.635646 8.635646 8.635646 8.635646 8.74488 8.74488 8.74488 8.71534 8.71534 8.635646 8.635646 8.635646 8.114414 8.114414 8.114414
8.1651945 8.1651945 8.1651945 8.114414 8.114414 8.114414 8.114414 8.114414 8.74488 8.114414 8.114414 8.114414 8.114414 8.114414 8.114414 8.114414 8.114414 8.874827 8.874827 9.425847 9.527558 9.511811 9.511811 9.511811 8.71534 8.71534 4.8777966 5.6274014 5.6274014 5.60453 5.60453 8.635646 5.60453 5.6274014 9.527558 9.527558 9.425847 9.425847 8.635646 8.635646 8.635646 8.635646 8.114414 8.635646 8.635646 8.635646 8.635646 8.74488 8.635646 8.635646 8.635646 8.635646 8.635646 8.74488 8.74488 8.71534 8.114414 8.635646 8.635646 8.635646 8.114414 8.114414 8.114414
