Export/ASCII/RMeteo_SP_inch/p1/RMeteo_2017_SP3_inch.asc
ncols         660
nrows         338
xllcorner     1476150
yllcorner     5017150
cellsize      100
NODATA_value  -9.9e-20
[rows 0 to 26 of 338, columns 305 to 365 of 660]
9.143422 4.235003 4.235003 4.1923413 6.960249 6.960249 6.960249 6.960249 6.960249 6.960249 4.1923413 4.2473507 4.235003 3.6182415 3.6182415 3.6182415 3.6182415 3.6319644 3.6319644 3.6182415 3.6182415 3.568188 3.568188 5.9778447 3.568188 3.568188 3.6425273 3.6425273 3.568188 5.9778447 5.9778447 7.3783894 7.3783894 8.515747 8.515747 7.3783894 7.3783894 7.3783894 7.3783894 5.9778447 5.9778447 6.382108 6.382108 6.382108 6.382108 5.9778447 5.9778447 5.9778447 5.9778447 5.9778447 5.9778447 5.9778447 6.531495 6.382108 6.382108 5.9778447 6.382108 6.382108 6.382108 6.382108 6.382108
9.143422 4.235003 4.235003 4.1923413 6.960249 6.960249 6.960249 6.960249 6.960249 4.1923413 4.1923413 4.235003 4.235003 3.6319644 3.6319644 3.6182415 3.6182415 3.631965 3.6425273 3.6182415 3.6182415 3.6182415 3.568188 3.568188 3.568188 3.6425273 3.228032 3.6182415 3.6182415 5.9778447 5.9778447 5.9778447 7.3783894 8.510318 7.3783894 7.3783894 7.3783894 7.3783894 5.9778447 5.9778447 5.9778447 6.382108 6.382108 8.181635 6.382108 6.382108 6.382108 6.382108 5.9778447 5.9778447 5.9778447 5.9778447 6.382108 6.382108 6.382108 6.5278664 5.9778447 6.382108 6.382108 8.181635 8.181635
4.2473516 4.2473516 3.7818909 4.1923413 6.960249 6.960249 6.960249 6.960249 6.960249 4.1923413 4.1923413 4.235003 4.235003 3.6182415 3.6425273 3.6425273 3.631965 3.631965 3.6182415 3.6182415 3.6182415 3.6425273 3.6425273 3.6425273 3.6425273 3.6425273 3.6425273 3.6182415 3.6182415 3.6425273 3.6182415 7.3783894 7.3783894 7.3783894 7.3783894 7.3783894 7.3783894 7.3783894 5.9778447 5.9778447 5.9778447 6.382108 6.382108 8.181635 8.181635 8.181635 6.382108 5.9778447 5.9778447 5.9778447 5.9778447 5.9778447 5.9778447 5.9778447 6.382108 6.5278664 5.9778447 6.382108 6.382108 8.181635 8.181635
4.2473507 4.2473516 4.1923413 4.1923413 6.960249 6.960249 6.960249 4.1923413 4.1923413 4.1923413 4.2567544 4.2473507 4.235003 3.6182415 3.568188 3.6425273 3.6425273 3.631965 3.631965 3.6182415 3.6182415 3.6182415 3.6425273 3.6425273 3.6319644 3.6319644 3.6425273 3.6425273 8.181635 8.181635 8.181635 8.181635 8.510318 7.3783894 7.3783894 7.3783894 7.3783894 7.3783894 6.5313435 6.5313435 6.5313435 5.9778447 6.382108 8.181635 8.181635 8.181635 8.510318 5.9778447 5.9778447 5.9778447 5.9778447 5.9778447 5.9778447 5.9778447 8.181635 8.181635 6.382108 8.181635 7.3783894 8.181635 8.181635
4.2473507 4.235003 4.1923413 4.1923413 6.960249 6.960249 7.4634657 4.235003 3.7818909 4.2567544 4.2567544 4.2567544 4.2567544 3.568188 3.568188 3.6425273 3.6425273 3.228032 3.631965 3.631965 3.6182415 3.6182415 3.6319644 3.6319644 3.6319644 3.6319644 3.6425273 3.6425273 3.568188 8.181635 8.181635 8.181635 8.181635 7.3783894 7.3783894 7.3783894 7.3783894 7.3783894 7.3783894 7.3783894 5.9778447 5.9778447 5.9778447 8.181635 8.181635 8.181635 7.3783894 8.181635 5.9778447 5.9778447 5.9778447 5.9778447 5.9778447 5.9778447 7.3783894 7.3783894 8.181635 7.3783894 7.3783894 7.3783894 8.510318
4.2473516 4.235003 4.1923413 4.1923413 6.960249 4.1923413 4.235003 4.235003 3.7818909 4.2567544 4.2567544 4.1923413 4.2567544 3.6425273 3.568188 3.568188 3.6425273 3.228032 3.6425273 3.6182415 3.6182415 3.6182415 3.6182415 3.6182415 3.6425273 3.6319644 3.6425273 3.6425273 3.568188 8.181635 6.382108 6.382108 6.382108 6.382108 8.181635 7.3783894 7.3783894 7.3783894 7.3783894 7.3783894 5.9778447 5.9778447 6.382108 8.181635 7.3783894 7.3783894 7.3783894 6.382108 5.9778447 5.9778447 5.9778447 5.9778447 6.382108 5.9778447 7.3783894 7.3783894 7.3783894 7.3783894 8.510318 8.510318 8.510318
9.471425 4.2473516 4.1923413 4.1923413 4.1923413 4.1923413 4.1923413 4.1923413 4.1923413 4.1923413 3.7818909 4.1923413 4.1923413 3.568188 3.568188 3.568188 3.568188 3.228032 3.228032 3.6182415 3.6182415 3.6182415 3.6182415 6.382108 3.6182415 3.6182415 3.6425273 3.6182415 8.181635 8.181635 6.382108 6.382108 6.382108 6.382108 8.181635 8.181635 8.181635 8.181635 8.486859 8.181635 7.3783894 7.3783894 8.181635 7.3783894 7.3783894 7.3783894 8.181635 6.382108 6.382108 6.382108 5.9778447 5.9778447 6.5278664 8.377838 7.3783894 7.3783894 7.3783894 8.377838 8.377838 8.510318 7.3783894
9.471425 4.2473516 3.7818909 3.7818909 3.7818909 3.7818909 3.7818909 3.7818909 4.1923413 4.1923413 4.1923413 4.1923413 4.1923413 3.568188 3.6425273 3.568188 3.228032 3.228032 3.6425273 3.6182415 3.6182415 3.6182415 3.6182415 3.6182415 3.6182415 3.6182415 3.568188 3.568188 7.3783894 5.9778447 5.9778447 6.382108 6.382108 6.382108 6.382108 8.181635 8.510318 8.486859 8.486859 8.486859 8.510318 8.181635 8.181635 7.3783894 7.3783894 8.181635 8.181635 8.181635 8.181635 8.510318 7.3783894 8.181635 8.181635 8.181635 8.181635 8.181635 8.181635 8.181635 8.510318 7.3783894 7.3783894
9.754767 3.7818909 3.7818909 3.7818909 3.7818909 3.7818909 3.7818909 4.1923413 4.1923413 4.1923413 4.1923413 4.1923413 4.1923413 3.568188 3.6425273 3.6425273 3.228032 3.6425273 3.6425273 3.6182415 3.6182415 3.6182415 3.6182415 3.6182415 3.6182415 3.6182415 7.3783894 7.3783894 5.9778447 5.9778447 5.9778447 6.382108 6.382108 6.382108 8.181635 8.181635 8.181635 8.510318 8.486859 8.510318 8.510318 8.181635 6.382108 6.382108 5.9778447 6.382108 6.382108 6.382108 8.181635 8.181635 8.510318 8.181635 8.181635 8.181635 8.181635 6.382108 8.181635 8.181635 8.486859 8.486859 7.3783894
9.754767 3.7818909 3.7818909 3.7818909 3.7818909 3.7818909 3.7818909 4.1923413 4.1923413 3.7818909 3.7818909 3.7818909 4.1923413 3.6425273 3.6425273 3.6425273 3.6425273 3.6425273 3.6425273 3.6182415 3.6182415 3.6182415 3.6182415 6.382108 3.6182415 3.6182415 7.3783894 7.3783894 5.9778447 5.9778447 5.9778447 6.382108 6.382108 6.382108 6.382108 6.382108 6.382108 8.181635 8.181635 8.510318 8.181635 8.181635 8.181635 8.181635 7.3783894 8.181635 6.382108 6.382108 8.181635 8.181635 8.510318 8.181635 6.382108 8.181635 8.181635 6.382108 6.382108 8.181635 8.486859 6.5313435 8.486859
4.2567544 3.7818909 3.7818909 3.7818909 3.7818909 3.7818909 3.7818909 4.1923413 3.7818909 3.7818909 4.2567544 4.2567544 4.2567544 3.6425273 3.6425273 3.6425273 3.6425273 3.6425273 3.6425273 3.6425273 3.6319644 3.6319644 3.6182415 6.382108 6.382108 3.6182415 8.510318 8.181635 6.382108 6.382108 6.382108 6.382108 6.382108 6.382108 6.382108 6.382108 6.382108 6.382108 6.382108 8.181635 7.3783894 8.181635 8.181635 8.181635 7.3783894 7.3783894 6.382108 6.382108 6.382108 8.181635 8.181635 8.181635 6.382108 6.382108 5.9778447 5.9778447 6.382108 8.181635 8.181635 8.181635 8.181635
4.2473507 3.7818909 3.7818909 3.7818909 3.7818909 3.7818909 3.7818909 3.7818909 3.7818909 4.2567544 4.2567544 4.2567544 4.2473516 3.228032 3.228032 3.228032 3.228032 3.228032 3.6425273 3.6425273 3.6425273 3.6425273 3.6182415 6.382108 6.382108 3.6182415 7.3783894 7.3783894 6.382108 6.382108 6.382108 6.382108 6.382108 6.382108 6.382108 6.382108 6.382108 6.382108 6.382108 6.382108 6.382108 6.382108 8.181635 8.181635 7.3783894 7.3783894 5.9778447 6.382108 6.382108 6.382108 6.382108 6.382108 6.382108 6.382108 5.9778447 5.9778447 5.9778447 5.9778447 8.181635 8.181635 6.382108
4.2473507 4.2567544 3.7818909 3.7818909 3.7818909 3.7818909 3.7818909 3.7818909 3.7818909 3.7818909 4.235003 4.2473516 4.2473516 3.228032 3.228032 3.228032 3.228032 3.228032 3.6425273 3.6425273 3.6425273 3.6425273 3.6182415 3.6182415 3.6182415 3.568188 3.568188 5.9778447 6.382108 6.382108 6.382108 6.382108 6.382108 6.382108 6.382108 6.382108 6.382108 6.382108 6.382108 6.382108 6.382108 6.382108 8.181635 8.181635 7.3783894 7.3783894 5.9778447 6.382108 6.382108 5.9778447 5.9778447 6.382108 6.382108 6.382108 5.9778447 5.9778447 5.9778447 5.9778447 6.382108 6.382108 6.382108
4.235003 4.2567544 4.2567544 3.7818909 3.7818909 3.7818909 3.7818909 3.7818909 3.7818909 4.235003 4.235003 4.235003 3.7818909 3.228032 3.228032 3.228032 3.228032 3.228032 3.6425273 3.6425273 3.6425273 3.6425273 3.6425273 3.6182415 3.6182415 3.6182415 3.568188 5.9778447 5.9778447 6.382108 6.382108 6.382108 6.382108 6.382108 6.382108 8.181635 8.181635 8.181635 6.382108 6.382108 6.382108 6.382108 8.181635 8.181635 7.3783894 7.3783894 5.9778447 5.9778447 5.9778447 5.9778447 5.9778447 5.9778447 5.9778447 6.382108 5.9778447 5.9778447 6.382108 5.9778447 5.9778447 5.9778447 8.181635
4.235003 4.235003 4.2567544 3.7818909 3.7818909 3.7818909 3.7818909 3.7818909 3.7818909 4.235003 4.235003 4.235003 4.2473507 3.6319644 3.6319644 3.228032 3.6425273 3.6425273 3.6425273 3.6425273 3.6425273 3.6425273 3.6425273 3.6182415 6.382108 3.568188 3.568188 5.9778447 5.9778447 5.9778447 6.382108 6.382108 6.382108 6.382108 6.382108 8.181635 8.486859 8.486859 5.9778447 6.382108 6.382108 6.382108 6.382108 6.382108 7.3783894 5.9778447 5.9778447 5.9778447 5.9778447 5.9778447 5.9778447 5.9778447 5.9778447 6.382108 6.382108 6.382108 5.9778447 7.3783894 7.3783894 7.3783894 8.181635
4.235003 3.7818909 3.7818909 3.7818909 3.7818909 3.7818909 4.2473507 4.2473507 3.7818909 4.1923413 4.1923413 3.7818909 4.2473507 3.6319644 3.6319644 3.228032 3.6425273 3.6425273 3.228032 3.228032 3.6425273 3.6425273 3.6182415 3.6182415 3.6182415 3.6182415 3.6182415 5.9778447 5.9778447 5.9778447 6.382108 6.382108 6.382108 6.382108 6.382108 8.181635 8.181635 8.181635 8.486859 6.5313435 6.382108 6.382108 6.382108 6.382108 5.9778447 5.9778447 5.9778447 5.9778447 5.9778447 5.9778447 5.9778447 5.9778447 5.9778447 5.9778447 5.9778447 5.9778447 5.9778447 7.3783894 7.3783894 8.181635 8.181635
4.235003 4.235003 3.7818909 3.7818909 3.7818909 3.7818909 4.2473507 4.2473507 4.1923413 4.1923413 4.1923413 3.7818909 4.2567544 3.6319644 3.6319644 3.228032 3.6425273 3.6425273 3.6425273 3.6425273 3.6425273 3.6425273 3.6182415 3.6182415 3.6182415 6.382108 6.382108 6.382108 6.382108 6.382108 6.382108 6.382108 6.382108 6.382108 6.382108 6.382108 8.181635 8.181635 8.181635 8.181635 6.5313435 8.181635 8.181635 8.181635 5.9778447 5.9778447 5.9778447 5.9778447 5.9778447 5.9778447 5.9778447 5.9778447 6.382108 5.9778447 5.9778447 5.9778447 5.9778447 7.3783894 8.510318 8.510318 8.181635
4.235003 4.2567544 3.7818909 3.7818909 3.7818909 3.7818909 3.7818909 3.7818909 4.2473507 4.1923413 4.2567544 3.7818909 4.2567544 3.6425273 3.6425273 3.6425273 3.6425273 3.6182415 3.6182415 3.6425273 3.6425273 3.6425273 3.6319644 3.6425273 3.6182415 3.6182415 3.6182415 6.382108 6.382108 6.382108 6.382108 6.382108 6.382108 6.382108 6.382108 6.382108 6.382108 8.181635 8.181635 8.181635 8.181635 8.181635 8.181635 8.181635 8.181635 6.382108 5.9778447 5.9778447 5.9778447 5.9778447 5.9778447 5.9778447 5.9778447 6.382108 8.181635 8.181635 5.9778447 8.181635 8.181635 8.510318 8.181635
4.2567544 4.2567544 3.7818909 3.7818909 3.7818909 3.7818909 3.7818909 4.1923413 4.2473507 4.2473507 4.2567544 4.2567544 4.2567544 3.6425273 3.6425273 3.6425273 3.6425273 3.6182415 3.6182415 3.6395395 3.6425273 3.6425273 3.6425273 3.6182415 3.6182415 3.6182415 3.6182415 6.382108 6.382108 8.181635 8.181635 8.181635 6.382108 6.382108 6.382108 6.382108 6.382108 6.382108 6.382108 6.382108 8.181635 8.181635 8.181635 8.181635 8.181635 6.382108 5.9778447 5.9778447 5.9778447 5.9778447 5.9778447 5.9778447 5.9778447 5.9778447 7.3783894 8.181635 6.382108 6.382108 8.181635 8.510318 8.377838
4.2567544 3.7818909 3.7818909 3.7818909 3.7818909 3.7818909 3.7818909 4.1923413 4.1923413 4.2473507 4.2567544 4.2567544 4.2567544 3.6425273 3.6425273 3.6425273 3.6425273 3.6182415 3.6182415 3.6395395 3.6425273 3.6425273 3.6425273 3.6425273 3.6182415 3.6182415 3.6182415 6.382108 6.382108 8.181635 8.181635 8.181635 8.181635 6.382108 6.382108 6.382108 6.382108 6.382108 6.382108 8.181635 8.181635 8.181635 6.382108 6.382108 6.382108 6.382108 5.9778447 5.9778447 5.9778447 5.9778447 5.9778447 5.9778447 5.9778447 5.9778447 7.3783894 8.181635 6.382108 6.382108 8.181635 8.181635 8.377838
4.2567544 3.7818909 3.7818909 3.7818909 3.7818909 3.7818909 3.7818909 4.2567544 4.2567544 4.2567544 4.2567544 4.2567544 4.2567544 3.6425273 3.6425273 3.6425273 3.6395395 3.6395395 3.6395395 3.6395395 3.6425273 3.6425273 3.6425273 3.6425273 3.6182415 3.6182415 3.6182415 8.181635 8.181635 8.181635 8.181635 8.181635 8.181635 6.382108 5.9778447 6.5278664 6.382108 8.181635 8.181635 8.181635 8.181635 6.382108 6.382108 6.382108 6.382108 6.382108 6.382108 6.382108 5.9778447 5.9778447 5.9778447 5.9778447 5.9778447 5.9778447 5.9778447 8.181635 6.382108 6.382108 6.382108 8.181635 8.510318
3.7818909 4.2473507 4.2473507 3.7818909 3.7818909 3.7818909 3.7818909 4.2567544 4.2567544 4.2567544 4.2567544 4.2567544 4.2567544 3.6425273 3.6425273 3.6425273 3.6395395 3.6395395 3.6395395 3.6395395 3.6425273 3.6425273 3.6425273 3.631965 3.6182415 3.6182415 3.6182415 8.181635 8.181635 8.181635 8.181635 8.181635 8.181635 6.382108 6.5278664 8.377838 7.3783894 8.181635 8.181635 6.382108 6.382108 6.382108 6.382108 6.382108 6.382108 6.382108 6.382108 6.382108 5.9778447 5.9778447 5.9778447 5.9778447 5.9778447 5.9778447 5.9778447 8.181635 8.181635 6.382108 6.382108 8.181635 8.510318
3.7818909 4.2473507 4.235003 4.235003 3.7818909 3.7818909 3.7818909 4.2567544 4.2567544 4.2567544 4.2567544 4.2567544 4.2567544 3.6425273 3.6395395 3.6395395 3.6425273 3.6425273 3.6425273 3.6395395 3.6425273 3.6425273 3.228032 3.6425273 3.6182415 3.6182415 5.9778447 7.3783894 8.181635 8.181635 8.181635 8.181635 8.181635 6.382108 6.382108 7.3783894 7.3783894 8.486859 8.181635 6.382108 6.382108 6.382108 6.382108 6.382108 6.382108 6.382108 6.382108 6.382108 5.9778447 7.3783894 7.3783894 7.3783894 7.3783894 7.3783894 5.9778447 8.181635 8.181635 8.181635 8.181635 8.181635 8.510318
3.7818909 3.7818909 4.235003 4.235003 4.235003 4.235003 4.2567544 4.2567544 4.2567544 4.2567544 4.2567544 4.2567544 4.2567544 3.6425273 3.6425273 3.6425273 3.6425273 3.6425273 3.6425273 3.6425273 3.6425273 3.568188 3.568188 3.6425273 3.6182415 3.568188 5.9778447 5.9778447 7.3783894 7.3783894 7.3783894 5.9778447 5.9778447 6.382108 6.382108 5.9778447 7.3783894 7.3783894 8.181635 6.382108 6.382108 6.382108 6.382108 6.382108 6.382108 6.382108 6.382108 8.181635 7.3783894 7.3783894 7.4957485 7.4957485 7.4957485 7.3783894 8.510318 8.510318 8.181635 8.181635 8.181635 8.510318 8.377838
2.9768336 2.6788976 2.6788976 2.9768336 2.9492424 2.9492424 2.96446 2.9768336 2.9768336 2.9768336 2.9768336 2.9768336 2.9768336 3.0988815 3.0988815 3.0988815 3.0988815 3.0988815 3.0988815 3.0988815 3.0358868 3.0358868 3.0358868 3.0712373 3.0712373 3.0358868 5.180794 6.2184334 6.723242 6.723242 6.2184334 6.2184334 6.2184334 6.723242 6.723242 5.180794 5.180794 5.180794 5.4277153 5.4277153 5.4277153 5.4277153 5.4277153 5.4277153 5.4277153 5.4277153 6.723242 6.723242 6.723242 5.899211 5.899211 5.899211 5.899211 6.7992134 6.7992134 6.2184334 6.723242 6.723242 6.723242 6.723242 6.7950134
2.9768336 2.6788976 2.6788976 2.9768336 2.9768336 2.96446 2.96446 2.9768336 2.9768336 2.9768336 2.9768336 2.9768336 2.9768336 3.0988815 3.0988815 3.0988815 3.0988815 3.0988815 3.0988815 3.0358868 3.086507 3.086507 3.086507 3.0358868 3.0712373 5.180794 6.2184334 6.2184334 6.7950134 6.7950134 6.7950134 6.7950134 6.2184334 6.7992134 6.723242 6.723242 6.2184334 6.2184334 6.2184334 6.2184334 6.723242 5.4277153 5.4277153 5.4277153 5.4277153 5.4277153 6.723242 6.723242 6.723242 5.899211 5.899211 5.899211 5.899211 5.899211 6.7992134 6.2184334 6.723242 6.723242 6.723242 6.723242 6.7950134
2.9768336 2.6788976 2.6788976 2.9768336 2.9768336 2.96446 2.96446 2.6788976 2.9768336 2.9768336 2.9768336 2.9768336 2.9768336 3.0988815 3.0988815 3.0988815 3.0988815 3.0988815 3.0988815 3.0358868 5.486481 3.086507 3.086507 3.0712373 3.0712373 3.0712373 6.723242 6.2184334 6.2184334 6.2184334 6.7950134 6.7950134 6.7992134 6.7992134 6.723242 6.723242 6.7992134 6.7992134 6.7992134 6.2184334 6.723242 6.723242 6.723242 6.723242 6.723242 6.723242 6.723242 6.723242 6.723242 5.899211 5.899211 6.723242 6.723242 6.723242 6.723242 6.723242 6.723242 6.723242 5.4277153 5.4277153 6.723242
