Export/ASCII/RMeteo_SP_inch/p1/RMeteo_2015_SP1_inch.asc
ncols         660
nrows         338
xllcorner     1476150
yllcorner     5017150
cellsize      100
NODATA_value  -9.9e-20
[rows 27 to 53 of 338, columns 305 to 365 of 660]
4.710394 4.710394 4.710394 4.372047 4.372047 4.7103176 4.7103176 4.372047 4.372047 4.710394 4.710394 4.710394 4.710394 4.588504 4.588504 4.588504 4.588504 4.588504 4.588504 4.588504 4.395919 4.395919 4.288504 4.288504 4.5672865 4.5672865 4.5672865 6.219262 6.219262 6.679743 7.2315598 7.2315598 7.263239 7.263239 7.155755 7.263239 7.263239 7.2637787 7.263239 7.155755 7.155755 7.155755 6.6886244 6.6886244 6.6886244 6.6886244 6.219262 6.679743 6.679743 7.155755 7.155755 7.155755 6.6886244 6.6886244 6.6886244 7.155755 7.155755 7.155755 6.219262 6.219262 7.155755
4.710394 4.4783535 4.4783535 4.4783535 4.4783535 4.372047 4.372047 4.710394 4.710394 4.372047 4.372047 4.710394 4.710394 4.588504 4.588504 4.588504 4.588504 4.588504 4.588504 4.588504 4.588504 4.588504 4.288504 4.288504 4.288504 4.5672865 4.5672865 6.219262 6.9354258 6.679743 7.2637787 6.679743 6.679743 7.263239 7.263239 7.263239 6.9083242 6.9083242 6.9083242 6.679743 6.679743 6.679743 6.219262 6.219262 6.6886244 6.6886244 6.219262 6.219262 6.6886244 6.6886244 6.6886244 6.6886244 6.6886244 6.6886244 6.6886244 7.155755 6.679743 6.679743 6.219262 6.219262 6.219262
4.4783535 4.4783535 6.258807 6.258807 4.4783535 4.372047 4.372047 4.4783535 4.7103176 4.7103176 4.372047 4.372047 4.372047 4.288504 4.588504 4.588504 4.588504 4.588504 4.588504 4.588504 4.288504 4.288504 4.288504 4.288504 4.588504 4.588504 4.5672865 7.155755 6.679743 6.679743 6.679743 6.679743 6.679743 7.263239 7.155755 7.263239 6.9083242 6.9083242 6.9083242 6.219262 6.679743 6.679743 6.219262 6.219262 6.219262 6.6886244 6.6886244 6.6886244 6.6886244 6.6886244 6.6886244 6.6886244 6.6886244 6.6886244 6.6886244 7.155755 7.2637787 6.679743 6.219262 6.219262 6.219262
6.258807 6.258807 6.258807 6.258807 4.4783535 4.4783535 4.4783535 4.4783535 4.7103176 6.9266844 4.4783535 4.372047 4.372047 4.288504 4.588504 4.588504 4.588504 4.588504 4.588504 4.588504 4.288504 4.288504 4.288504 4.288504 4.588504 4.5672865 4.5672865 7.155755 7.155755 7.155755 7.155755 7.155755 7.155755 7.155755 7.155755 7.155755 6.6886244 6.6886244 6.219262 6.219262 6.6886244 6.6886244 6.6886244 6.9083242 6.219262 6.6886244 6.6886244 6.6886244 6.6886244 6.6886244 6.6886244 6.6886244 6.6886244 6.6886244 6.6886244 7.155755 7.155755 6.679743 6.219262 6.219262 6.219262
6.258807 6.258807 6.258807 6.258807 4.4783535 4.4783535 4.4783535 6.258807 6.258807 6.258807 6.258807 4.372047 4.372047 4.5884886 4.5884886 4.5884886 4.5884886 4.588504 4.588504 4.588504 4.288504 4.288504 4.288504 4.288504 4.588504 4.5672865 4.5672865 7.155755 6.6886244 6.6886244 6.6886244 6.6886244 6.6886244 6.6886244 6.6886244 6.6886244 6.6886244 6.6886244 6.6886244 6.6886244 6.6886244 6.6886244 6.6886244 6.6886244 6.6886244 6.6886244 6.6886244 6.6886244 6.6886244 6.6886244 6.6886244 6.6886244 6.6886244 6.6886244 6.6886244 6.6886244 6.219262 6.219262 6.219262 6.219262 6.219262
6.258807 6.258807 4.4783535 4.4783535 4.4783535 4.4783535 6.258807 4.4783535 4.4783535 6.258807 6.258807 4.4783535 4.4783535 4.288504 4.5884886 4.5672865 4.5672865 4.588504 4.588504 4.588504 4.588504 4.588504 4.288504 4.288504 4.588504 4.588504 4.5672865 7.155755 6.6886244 6.6886244 6.219262 6.219262 6.219262 6.6886244 6.6886244 6.6886244 6.6886244 6.6886244 6.6886244 6.6886244 6.6886244 6.6886244 6.6886244 6.6886244 6.6886244 6.6886244 6.6886244 6.6886244 6.6886244 6.6886244 6.6886244 6.6886244 6.6886244 6.6886244 6.6886244 6.6886244 6.219262 6.219262 6.6886244 6.219262 6.219262
6.258807 6.258807 4.4783535 4.372047 4.4783535 4.4783535 4.4783535 4.4783535 4.4783535 4.4783535 4.4783535 4.4783535 4.372047 4.288504 4.5672865 4.5672865 4.5672865 4.5672865 4.288504 4.288504 4.588504 4.588504 4.288504 4.288504 4.588504 4.588504 4.5672865 7.155755 6.6886244 6.6886244 6.219262 6.219262 6.219262 6.6886244 6.6886244 6.6886244 6.6886244 6.6886244 6.6886244 6.6886244 6.6886244 6.6886244 6.6886244 6.6886244 6.6886244 6.6886244 6.6886244 6.6886244 6.6886244 6.6886244 6.6886244 6.6886244 6.6886244 6.6886244 6.6886244 6.6886244 6.6886244 6.6886244 7.155755 6.6886244 6.6886244
4.4783535 4.4783535 4.4783535 4.372047 4.372047 4.372047 4.372047 4.372047 4.372047 4.4783535 4.372047 4.372047 4.372047 4.288504 4.288504 4.5672865 4.5672865 4.5672865 4.288504 4.288504 4.288504 4.5884886 4.5884886 4.5884886 4.588504 4.5672865 4.5672865 6.6886244 6.6886244 6.6886244 6.6886244 6.6886244 6.6886244 6.6886244 6.6886244 6.6886244 6.6886244 6.6886244 6.6886244 6.6886244 6.6886244 6.6886244 6.6886244 6.6886244 6.6886244 6.6886244 6.6886244 6.6886244 6.6886244 6.6886244 7.155755 7.155755 7.155755 6.6886244 6.6886244 6.6886244 6.6886244 6.6886244 7.155755 7.155755 6.6886244
4.4783535 4.372047 4.372047 4.372047 4.372047 4.7103176 4.7103176 4.7103176 4.685029 4.685029 4.685029 4.4783535 4.4783535 4.395919 4.395919 4.588504 4.588504 4.588504 4.288504 4.288504 4.288504 4.5884886 4.5884886 4.5884886 4.588504 4.5672865 4.395919 6.219262 6.219262 6.219262 6.679743 7.155755 7.155755 6.6886244 6.6886244 6.6886244 6.6886244 6.6886244 6.6886244 6.6886244 6.6886244 6.6886244 6.6886244 6.6886244 6.6886244 6.6886244 6.6886244 6.6886244 7.155755 7.155755 7.155755 7.155755 7.155755 7.155755 7.155755 6.6886244 6.6886244 6.219262 7.155755 7.155755 7.155755
4.372047 4.372047 4.372047 4.710394 4.710394 4.7103176 4.7103176 4.7103176 4.685029 4.685029 4.685029 4.4783535 6.258807 6.219262 4.395919 4.5884886 4.5884886 4.588504 4.288504 4.288504 4.288504 4.288504 4.5884886 4.5884886 4.5672865 4.5672865 4.395919 6.219262 6.219262 6.219262 6.679743 7.155755 7.155755 6.6886244 6.6886244 6.6886244 6.6886244 6.6886244 6.6886244 6.6886244 6.219262 6.6886244 7.155755 7.155755 7.155755 7.155755 7.155755 7.155755 7.155755 7.155755 7.155755 7.155755 6.679743 7.155755 7.155755 7.155755 6.6886244 6.219262 6.679743 6.679743 6.219262
4.685029 4.372047 4.710394 4.710394 4.4783535 4.4783535 4.4783535 4.372047 4.372047 4.372047 4.4783535 6.258807 6.258807 6.219262 4.395919 4.5884886 4.5884886 4.588504 4.588504 4.588504 4.5672865 4.5672865 4.5672865 4.5672865 4.5672865 4.5672865 4.395919 6.679743 6.219262 6.219262 6.679743 7.155755 7.155755 6.6886244 6.6886244 6.6886244 6.6886244 6.6886244 6.6886244 6.6886244 6.219262 6.219262 6.679743 6.679743 7.155755 7.155755 6.679743 7.155755 7.155755 7.2637787 6.679743 6.679743 6.679743 6.679743 7.155755 7.155755 7.155755 6.679743 6.679743 6.219262 6.219262
4.685029 6.7591996 4.372047 4.372047 4.4783535 4.4783535 4.4783535 4.4783535 4.7103176 4.7103176 4.4783535 6.258807 6.7591996 6.6886244 4.395919 4.5884886 4.5884886 4.588504 4.588504 4.5672865 4.5672865 4.5672865 4.5672865 4.5672865 4.5672865 7.155755 6.679743 6.679743 6.6886244 6.6886244 6.6886244 6.6886244 6.6886244 6.6886244 6.6886244 6.219262 6.219262 6.219262 6.219262 6.219262 6.219262 6.219262 7.155755 7.155755 7.155755 7.155755 7.155755 7.155755 6.6886244 6.6886244 6.219262 6.219262 6.219262 6.219262 6.219262 6.219262 6.679743 6.679743 6.679743 6.219262 6.219262
6.7591996 6.7591996 4.372047 4.710318 4.710318 4.4783535 4.4783535 4.4783535 4.7103176 4.7103176 4.372047 4.710394 4.685029 6.6886244 6.6886244 6.6886244 4.5672865 4.5884895 4.5672865 4.5672865 4.5672865 4.5884895 4.5672865 4.5884886 4.5672865 7.155755 6.679743 7.155755 6.6886244 6.6886244 6.6886244 6.6886244 6.6886244 6.6886244 6.6886244 6.219262 6.219262 6.219262 6.219262 6.219262 6.679743 7.155755 7.155755 7.155755 7.155755 7.155755 6.6886244 6.6886244 6.6886244 6.6886244 6.6886244 6.219262 6.219262 6.6886244 6.6886244 6.6886244 7.155755 7.2637787 7.2637787 6.679743 6.219262
6.7591996 6.7591996 4.685029 4.710318 4.710318 4.710318 4.372047 4.685029 4.372047 4.372047 4.372047 4.710394 4.685029 4.5672865 4.288504 4.288504 4.288504 4.5884895 4.588504 4.5672865 4.5672865 4.588504 4.5884886 4.5884886 4.5672865 6.219262 6.679743 6.219262 6.6886244 6.6886244 6.6886244 6.6886244 6.6886244 6.6886244 6.219262 6.219262 6.219262 6.219262 6.219262 6.679743 7.155755 7.155755 6.6886244 6.6886244 6.6886244 6.219262 6.6886244 6.219262 6.219262 6.219262 6.6886244 6.219262 6.219262 6.6886244 6.6886244 6.6886244 6.679743 7.2637787 7.2637787 7.2315598 7.2637787
6.7591996 6.9266844 4.685029 4.685029 4.685029 4.685029 4.710394 4.685029 4.372047 4.372047 4.372047 4.710394 4.710318 4.288504 4.288504 4.5884886 4.5884886 4.588504 4.588504 4.5672865 4.5672865 4.588504 4.588504 4.588504 7.155755 6.219262 6.219262 6.219262 6.6886244 6.6886244 6.6886244 6.6886244 6.6886244 6.6886244 6.6886244 6.219262 6.219262 6.219262 6.679743 7.155755 7.155755 6.6886244 6.6886244 6.6886244 6.6886244 6.6886244 6.6886244 6.219262 6.219262 6.219262 6.219262 6.219262 6.219262 6.6886244 6.6886244 6.219262 6.219262 6.219262 6.219262 6.679743 7.2315598
6.7591996 6.7591996 6.7591996 4.685029 4.685029 4.685029 4.710394 4.685029 4.685029 4.372047 4.710318 4.710318 4.710318 4.5884895 4.288504 4.288504 4.288504 4.588504 4.588504 4.5884886 4.5884886 4.588504 4.588504 4.288504 7.155755 6.6886244 6.219262 6.679743 7.155755 6.6886244 6.6886244 7.155755 7.155755 6.6886244 6.219262 6.219262 6.219262 6.679743 6.679743 7.155755 6.219262 6.219262 6.6886244 6.6886244 6.6886244 6.6886244 6.6886244 6.6886244 6.219262 6.219262 6.219262 6.6886244 6.6886244 6.6886244 6.6886244 6.219262 6.219262 6.219262 6.219262 6.679743 7.155755
6.7591996 6.7591996 6.7591996 6.7591996 4.685029 4.685029 4.710394 4.710394 4.710394 4.710394 4.710394 4.710394 4.710394 4.588504 4.588504 4.588504 4.588504 4.588504 4.588504 4.588504 4.395919 4.395919 4.588504 4.588504 7.155755 6.6886244 6.219262 6.679743 6.679743 6.679743 6.219262 6.679743 6.679743 6.219262 6.219262 6.219262 6.679743 7.155755 7.155755 7.155755 6.219262 6.219262 6.219262 6.6886244 6.6886244 6.6886244 6.6886244 6.6886244 6.6886244 6.219262 6.219262 6.6886244 6.6886244 6.6886244 6.6886244 6.6886244 6.219262 6.6886244 7.155755 7.155755 6.6886244
6.7591996 6.7591996 6.7591996 6.7591996 4.685029 4.7103176 4.685029 4.710394 4.710394 4.710394 4.710394 4.710394 4.710394 4.588504 4.588504 4.588504 4.588504 4.588504 4.588504 4.395919 4.395919 6.679743 6.679743 7.2637787 7.155755 7.155755 6.219262 6.219262 6.679743 7.155755 6.219262 6.679743 6.679743 6.219262 6.219262 6.679743 7.155755 7.155755 7.155755 7.155755 6.679743 6.679743 6.679743 7.155755 7.155755 7.155755 6.6886244 6.6886244 6.6886244 6.6886244 6.6886244 6.6886244 6.219262 6.6886244 6.6886244 6.6886244 6.6886244 7.155755 7.155755 7.155755 6.6886244
6.7591996 6.7591996 6.7591996 4.685029 4.7103176 4.7103176 4.7103176 4.685029 4.710394 4.710394 4.710394 4.710394 4.710394 4.588504 4.588504 4.588504 4.588504 4.588504 4.395919 4.395919 6.219262 4.395919 6.679743 7.155755 7.155755 7.155755 7.155755 7.155755 6.6886244 7.155755 6.6886244 6.219262 6.8323965 7.2315598 7.155755 7.155755 7.155755 7.155755 7.155755 7.155755 7.2315598 6.679743 6.679743 6.679743 7.155755 7.155755 6.6886244 6.6886244 7.155755 6.6886244 6.8323965 6.8323965 6.9354258 6.6886244 6.6886244 6.6886244 6.6886244 7.155755 6.6886244 6.6886244 6.6886244
6.258807 6.7655916 7.2753687 7.2753687 4.7103176 6.9266844 4.7103176 4.7103176 4.710394 4.710394 4.710394 4.685029 4.7103176 4.5884886 4.588504 4.588504 4.588504 4.588504 4.395919 4.395919 4.395919 4.395919 7.2637787 7.155755 7.155755 7.155755 6.679743 7.155755 6.6886244 7.155755 7.155755 6.679743 7.2315598 7.155755 7.155755 7.155755 6.6886244 7.155755 7.155755 7.155755 6.679743 6.679743 7.155755 6.679743 7.155755 7.155755 6.6886244 6.6886244 6.679743 6.679743 6.8323965 6.8323965 6.219262 6.219262 6.6886244 6.6886244 6.6886244 6.6886244 6.6886244 6.6886244 6.6886244
7.2753687 6.7655916 7.3818903 7.3818903 4.710394 4.710394 4.372047 4.685029 4.685029 4.710394 4.710394 4.685029 4.7103176 4.5884886 4.588504 4.588504 4.588504 4.588504 4.588504 4.395919 4.395919 4.588504 7.155755 7.155755 7.155755 7.155755 6.219262 6.6886244 6.6886244 6.6886244 7.155755 6.679743 7.2315598 7.155755 7.155755 7.155755 7.155755 7.155755 7.155755 6.679743 6.679743 6.679743 7.155755 6.679743 7.155755 6.6886244 6.6886244 7.155755 6.679743 6.679743 6.8323965 6.219262 6.219262 6.219262 6.6886244 6.6886244 6.6886244 6.6886244 6.6886244 6.6886244 6.219262
7.2753687 7.3818903 7.3818903 7.357338 4.710394 4.710394 4.710394 4.710394 4.685029 4.685029 4.710394 4.710394 4.710394 4.588504 4.588504 4.588504 4.288504 4.288504 4.288504 4.588504 4.588504 4.588504 6.679743 6.679743 6.219262 6.219262 6.219262 6.219262 6.679743 6.679743 6.679743 6.679743 6.5737786 7.2637787 7.2637787 7.2637787 6.679743 7.155755 7.2637787 7.2315598 6.679743 6.679743 7.155755 7.2637787 7.155755 7.155755 7.155755 6.679743 6.679743 6.679743 6.219262 6.219262 6.219262 6.219262 6.6886244 6.6886244 6.6886244 6.6886244 6.6886244 6.6886244 7.155755
7.2753687 7.3818903 7.3818903 7.357338 7.357338 4.710318 4.710394 4.710394 4.710394 4.685029 4.685029 4.710394 4.710394 4.588504 4.588504 4.588504 4.588504 4.288504 4.288504 4.588504 4.588504 4.588504 6.679743 6.679743 6.679743 6.679743 6.679743 6.679743 6.679743 6.679743 7.2637787 7.263239 7.263239 7.263239 7.263239 7.263239 6.679743 6.679743 6.679743 7.2315598 6.679743 7.155755 7.155755 7.2637787 7.2637787 6.679743 6.679743 6.219262 6.219262 6.219262 6.219262 6.219262 6.219262 6.219262 6.6886244 6.6886244 6.6886244 6.6886244 6.6886244 6.6886244 7.155755
7.3818903 7.3818903 7.3818903 7.357338 7.357338 4.710318 4.710394 4.710394 4.4783535 4.4783535 4.685029 4.372047 4.710394 4.588504 4.588504 4.588504 4.288504 4.288504 4.288504 4.588504 4.588504 4.588504 6.679743 6.679743 6.679743 6.679743 6.679743 6.679743 6.679743 7.2637787 7.2637787 7.263239 7.263239 6.9083242 6.9083242 6.9083242 6.9083242 6.9083242 7.155755 7.155755 7.155755 7.2637787 7.155755 7.2637787 7.2637787 6.679743 6.219262 6.219262 6.219262 6.219262 6.219262 6.219262 6.6886244 6.6886244 6.6886244 6.6886244 6.6886244 6.6886244 6.6886244 6.6886244 7.155755
7.2753687 7.3818903 7.3818903 7.3818903 7.3818903 4.710394 4.710394 4.4783535 4.4783535 4.4783535 4.685029 4.685029 4.710394 4.588504 4.588504 4.588504 4.588504 4.588504 4.588504 4.588504 4.588504 4.5884895 7.155755 7.155755 7.155755 6.679743 6.679743 6.679743 7.2637787 7.2637787 7.2637787 7.263239 7.263239 7.263239 6.9083242 6.9083242 6.9083242 6.9083242 7.155755 6.6886244 6.6886244 6.6886244 7.155755 7.155755 7.155755 7.155755 6.679743 6.219262 6.6886244 6.219262 6.219262 6.219262 6.6886244 6.6886244 6.6886244 6.6886244 6.6886244 6.6886244 6.6886244 6.6886244 6.679743
7.357337 7.357337 7.3818903 7.3818903 7.3818903 7.3818903 4.710394 4.4783535 4.4783535 4.4783535 4.710394 4.685029 4.7103176 4.5884886 4.5884886 4.588504 4.588504 4.588504 4.288504 4.588504 4.588504 4.5884895 7.231558 7.231558 7.155755 7.155755 7.2637787 7.2637787 7.2637787 7.2637787 7.2637787 7.263239 7.263239 7.263239 6.9083242 6.9083242 6.9083242 6.6886244 6.6886244 6.6886244 6.6886244 6.6886244 6.6886244 6.6886244 6.6886244 7.155755 6.679743 6.219262 6.6886244 6.219262 6.219262 6.219262 6.6886244 6.6886244 6.6886244 6.6886244 6.6886244 6.6886244 6.6886244 6.6886244 6.679743
6.9266844 7.357337 7.3818903 7.3818903 7.3818903 7.3818903 4.710394 4.4783535 4.4783535 4.710394 4.710394 4.710394 4.685029 4.5884886 4.5672865 4.588504 4.588504 4.588504 4.588504 4.588504 4.588504 4.5884895 7.231558 7.231558 7.155755 7.231558 7.2637787 7.2637787 7.2637787 7.2637787 7.2637787 7.2637787 7.263239 7.263239 6.9083242 6.9083242 6.9083242 6.6886244 6.6886244 6.6886244 6.6886244 6.6886244 6.6886244 6.6886244 6.6886244 7.155755 7.155755 6.6886244 6.6886244 6.6886244 6.679743 6.219262 6.219262 6.6886244 6.6886244 6.6886244 6.6886244 6.6886244 6.6886244 6.6886244 6.679743
