Export/ASCII/RMeteo_SP_inch/p1/RMeteo_2014_SP3_inch.asc
ncols         660
nrows         338
xllcorner     1476100.0
yllcorner     5017100.0
cellsize      100
NODATA_value  -9.9e-20
[rows 196 to 223 of 338, columns 378 to 440 of 660]
8.114414 8.114414 8.114414 8.114414 8.114414 8.114414 5.6232386 5.6274014 8.74488 8.114414 9.527558 9.425847 9.425847 9.425847 8.635646 8.635646 8.635646 8.635646 8.083772 8.083772 8.083772 8.083772 8.162205 9.055119 9.034246 9.034246 9.055119 9.055119 9.055119 9.055119 9.055119 8.943989 8.083772 8.943989 8.083772 8.083772 8.083772 8.083772 7.6582284 7.6582284 7.6582284 8.409407 8.409407 9.055119 9.055119 9.055119 8.409407 8.409407 8.943989 8.409407 8.409407 8.409407 8.409407 8.409407 7.6582284 7.6582284 8.409407 8.409407 9.055119 9.055119 9.055119 9.055119 8.943989
8.114414 8.114414 8.114414 8.114414 8.114414 8.74488 5.6274014 5.6274014 5.6274014 5.6274014 8.874827 9.425847 9.425847 9.425847 8.114414 8.635646 8.635646 8.635646 8.083772 8.083772 8.083772 8.083772 8.943989 9.055119 9.034246 9.034246 9.055119 9.055119 9.055119 8.409407 8.409407 8.409407 8.943989 8.943989 8.943989 8.083772 8.083772 8.943989 8.409407 7.6582284 7.6582284 8.409407 8.409407 9.055119 9.055119 9.055119 8.409407 7.6582284 7.6582284 8.409407 7.6582284 8.409407 8.409407 7.6582284 7.6582284 7.6582284 8.409407 9.055119 9.055119 9.055119 8.943989 8.943989 8.943989
8.635646 8.635646 8.635646 8.114414 8.114414 8.74488 5.6274014 5.6274014 5.6274014 5.5368195 5.5368195 5.5368195 8.874827 8.874827 8.874827 8.874827 8.114414 8.635646 8.083772 8.083772 8.083772 8.083772 8.943989 9.055119 9.055119 9.055119 9.055119 9.055119 9.055119 8.409407 8.409407 8.409407 8.943989 8.943989 8.943989 8.943989 8.943989 9.034246 8.409407 8.409407 7.6582284 8.409407 8.409407 9.055119 9.055119 9.055119 9.055119 8.409407 8.409407 8.409407 8.409407 7.6582284 7.6582284 7.6582284 7.6582284 8.409407 8.409407 9.055119 9.055119 8.943989 8.943989 8.083772 8.083772
8.635646 8.635646 8.635646 8.114414 8.635646 8.114414 5.6274014 5.6274014 5.6232367 5.5368195 5.5368195 5.5368195 5.5368195 5.5368195 8.114414 9.425847 9.425847 8.635646 8.083772 8.083772 8.083772 8.083772 8.943989 8.943989 9.055119 9.055119 9.055119 9.055119 9.055119 9.055119 9.055119 9.055119 9.055119 8.943989 9.055119 9.055119 9.034246 8.409407 8.409407 8.409407 8.409407 8.409407 8.409407 9.055119 9.055119 9.055119 9.055119 9.055119 8.943989 8.943989 8.943989 8.409407 8.409407 7.6582284 8.409407 8.409407 9.055119 9.055119 8.943989 8.943989 8.083772 8.083772 8.083772
8.71534 8.114414 8.114414 5.6274014 5.6274014 5.5368195 5.5368195 5.6232367 5.6232367 5.6232367 5.5368195 5.5368195 5.6274014 5.5368195 9.425847 9.425847 9.425847 8.635646 8.083772 8.083772 8.083772 8.083772 8.943989 8.943989 8.943989 9.055119 9.055119 9.055119 9.055119 8.943989 8.943989 9.055119 9.055119 9.055119 9.055119 9.055119 9.055119 8.409407 8.409407 7.6582284 8.409407 9.034246 9.055119 9.055119 9.055119 9.055119 9.055119 9.055119 8.943989 8.943989 8.943989 8.943989 8.409407 8.409407 8.409407 8.409407 9.055119 8.943989 8.943989 8.083772 8.083772 8.083772 8.943989
8.71534 8.114414 8.114414 8.74488 5.6274014 5.6274014 5.6274014 5.6232367 5.6232367 5.6232367 5.5368195 5.5368195 5.5368195 5.6274014 5.60453 9.425847 9.511811 8.635646 8.083772 8.083772 8.083772 8.083772 8.083772 8.943989 8.943989 9.055119 9.055119 9.055119 5.387244 5.3698463 5.3698463 5.387244 5.387244 5.387244 5.3698463 9.055119 9.055119 9.055119 8.409407 8.409407 8.409407 8.409407 9.055119 9.055119 7.555117 9.034246 9.034246 9.055119 8.943989 8.943989 8.943989 8.943989 9.055119 9.055119 9.055119 9.055119 8.943989 8.943989 8.083772 8.083772 8.083772 8.943989 8.943989
8.71534 8.114414 8.114414 5.6274014 5.6274014 5.6274014 5.6274014 5.6274014 5.6274014 5.5368195 5.5368195 5.5368195 5.6274014 5.6274014 5.5368195 5.5368195 5.6274014 8.635646 8.083772 8.083772 8.083772 8.083772 8.083772 8.943989 9.055119 9.055119 9.055119 9.055119 5.387244 5.3698463 5.3698463 5.387244 5.387244 5.387244 5.3698463 9.055119 9.055119 9.055119 9.055119 8.409407 8.409407 8.409407 8.409407 7.555117 7.555117 9.034246 9.034246 9.055119 9.055119 8.943989 8.943989 8.943989 9.055119 9.055119 8.162205 8.943989 8.409407 8.409407 8.083772 8.083772 8.943989 8.943989 8.943989
8.71534 8.74488 8.71534 5.6232367 8.74488 5.6274014 5.6274014 5.6274014 8.74488 8.114414 8.114414 5.5368195 5.6274014 5.6274014 5.5368195 8.114414 8.74488 8.635646 8.083772 8.083772 8.083772 8.083772 8.083772 8.083772 8.943989 8.943989 9.055119 9.055119 5.387244 5.387244 5.387244 5.387244 5.387244 5.387244 5.387244 9.055119 9.055119 9.055119 9.055119 8.409407 8.409407 7.6582284 8.409407 8.409407 7.555117 9.034246 9.055119 9.055119 9.055119 8.943989 8.943989 8.943989 8.162205 8.083772 9.055119 9.055119 8.409407 8.409407 8.409407 8.943989 8.943989 8.943989 8.083772
8.71534 8.74488 8.71534 8.71534 8.74488 8.74488 8.74488 8.74488 8.74488 8.74488 8.114414 5.5368195 5.5368195 5.5368195 5.5368195 5.5368195 8.74488 8.635646 8.083772 8.083772 8.083772 8.083772 8.083772 8.083772 8.083772 8.943989 8.943989 9.055119 9.055119 5.387244 5.3175516 5.387244 5.387244 5.3175516 5.3175516 5.387244 9.055119 9.055119 9.055119 9.055119 8.409407 8.409407 8.409407 8.409407 8.409407 9.055119 9.055119 9.055119 9.055119 8.943989 8.943989 8.943989 8.162205 8.162205 8.943989 9.034246 8.409407 8.409407 8.409407 8.409407 8.162205 8.162205 8.083772
8.74488 8.74488 8.74488 8.74488 8.74488 8.74488 8.74488 8.74488 8.74488 8.74488 8.74488 5.6274014 5.6274014 5.6274014 5.5368195 5.5368195 8.74488 5.60453 5.3698463 8.083772 8.083772 8.083772 8.083772 8.083772 8.083772 8.083772 8.943989 9.055119 9.055119 5.387244 5.3175516 5.387244 5.387244 5.3175516 5.3175516 5.387244 5.387244 9.055119 9.055119 8.943989 9.034246 9.034246 8.409407 8.409407 8.409407 9.055119 9.055119 9.055119 9.055119 8.943989 8.943989 8.943989 9.055119 8.162205 8.162205 9.034246 8.409407 8.409407 8.409407 8.409407 7.6582284 8.144227 7.6582284
8.74488 8.74488 8.74488 8.74488 8.74488 8.74488 8.74488 8.74488 8.74488 8.74488 5.6274014 5.6274014 5.6274014 5.6274014 5.6274014 5.5368195 5.6274014 5.60453 5.387244 8.162205 8.083772 8.083772 8.083772 8.083772 8.083772 8.083772 8.083772 8.162204 5.387244 5.387244 5.3839607 5.3839607 5.387244 5.387244 5.3175516 5.3175516 5.387244 9.055119 9.055119 8.943989 9.034246 9.034246 8.409407 8.409407 8.409407 9.055119 9.055119 9.055119 9.055119 9.055119 8.943989 8.943989 8.943989 8.162205 8.162205 9.034246 9.055119 8.409407 8.409407 8.409407 7.6582284 7.6582284 7.6582284
8.74488 8.74488 8.74488 8.74488 8.74488 8.74488 8.71534 8.71534 8.74488 5.6274014 5.6274014 5.6274014 5.6274014 5.6274014 5.6274014 5.5368195 5.6274014 5.6274014 5.387244 8.162205 8.162205 8.162204 8.162204 8.162204 8.162204 8.162204 8.162204 8.162204 8.162204 5.3839607 5.3839607 5.3839607 5.387244 5.387244 5.3175516 5.3175516 5.3175516 9.055119 9.055119 9.055119 9.055119 9.055119 9.055119 8.409407 9.055119 9.055119 9.055119 9.055119 9.055119 9.055119 9.055119 8.943989 8.943989 8.943989 9.055119 9.055119 9.055119 9.055119 8.943989 8.409407 7.6582284 7.6582284 7.6582284
8.74488 8.74488 8.74488 8.74488 8.74488 8.74488 8.71534 5.6232367 5.6274014 5.6274014 5.6274014 5.6274014 5.6274014 5.6274014 5.6274014 5.6274014 5.6274014 5.6274014 5.387244 5.387244 8.162205 8.162204 8.162204 8.162204 8.162204 8.162204 8.162204 8.162204 8.162204 5.3839607 5.3839607 5.387244 5.387244 5.387244 5.387244 5.3175516 5.387244 9.055119 9.055119 9.055119 9.055119 9.055119 9.055119 9.055119 9.055119 9.055119 9.055119 9.055119 9.055119 9.055119 9.055119 8.943989 8.943989 8.943989 8.943989 9.055119 8.409407 8.144227 8.144227 8.083772 7.6582284 7.6582284 7.6582284
8.74488 8.74488 8.74488 8.74488 8.74488 8.74488 5.6274014 5.6274014 5.6274014 5.6274014 5.6274014 5.6274014 5.6274014 5.6274014 5.6274014 5.6274014 5.6274014 5.6274014 5.3175516 5.387244 8.144227 8.144227 8.162204 8.162204 8.162204 8.162204 8.162204 8.162204 8.162204 5.387244 5.387244 5.387244 5.387244 5.387244 5.387244 5.387244 5.387244 5.387244 9.055119 9.055119 9.055119 9.055119 9.055119 9.055119 9.055119 9.055119 9.055119 9.055119 9.055119 9.055119 9.055119 9.055119 8.943989 8.943989 8.943989 8.943989 8.409407 8.144227 8.144227 8.083772 8.083772 8.083772 8.144227
8.114414 8.74488 8.74488 8.74488 8.74488 5.6274014 5.6274014 5.6274014 5.6274014 5.6274014 5.6274014 5.6274014 5.6274014 5.6274014 5.6274014 5.6274014 5.6274014 5.6274014 5.3175516 5.387244 8.144227 8.144227 8.162204 8.162204 8.162204 8.162204 8.162204 8.162204 8.162204 5.387244 5.387244 5.387244 5.387244 5.387244 5.387244 5.387244 5.387244 5.3175516 5.3175516 9.055119 9.055119 9.055119 9.055119 9.055119 9.055119 9.055119 9.055119 9.055119 9.055119 9.055119 9.055119 9.055119 8.943989 8.943989 9.055119 8.943989 8.943989 8.943989 7.6582284 8.083772 8.083772 8.083772 8.083772
8.114414 8.74488 8.74488 8.74488 8.74488 5.6274014 5.6274014 5.6274014 5.6274014 5.6274014 5.6274014 5.6232367 5.6232367 5.6232367 5.6274014 5.6274014 5.6274014 5.6274014 5.387244 5.387244 8.144227 8.144227 8.162204 8.162204 8.162204 8.162204 8.162204 8.162204 8.162204 8.162204 5.387244 5.387244 5.387244 5.387244 5.387244 5.387244 5.3175516 5.3175516 5.3175516 5.387244 5.387244 9.055119 9.055119 9.055119 9.055119 9.055119 7.555117 9.055119 9.055119 9.055119 9.055119 9.055119 8.943989 8.943989 9.055119 9.055119 8.943989 8.943989 8.943989 8.083772 8.083772 8.409407 8.409407
8.114414 8.74488 8.74488 8.74488 5.6274014 5.6274014 5.6274014 5.6274014 5.6274014 5.6274014 5.6274014 5.6232367 5.6232367 5.6232367 5.6232367 5.6274014 5.6274014 5.6274014 5.387244 5.387244 8.144227 8.144227 8.162205 8.162204 8.162204 8.162204 8.162204 8.162204 8.162204 8.162204 8.162204 5.387244 5.387244 5.387244 5.387244 5.387244 5.3175516 5.3175516 5.3175516 5.3175516 5.387244 5.387244 5.387244 5.3839607 9.055119 7.555117 8.943989 8.943989 8.943989 9.055119 9.055119 9.055119 8.943989 8.943989 9.055119 9.055119 9.055119 8.943989 8.943989 8.943989 8.943989 8.409407 8.409407
8.114414 8.114414 8.74488 8.74488 8.74488 5.6274014 5.6274014 5.6274014 5.6274014 5.6274014 5.6274014 5.6274014 5.6232367 5.6232367 5.6232367 5.6274014 5.6274014 5.6274014 5.387244 8.162204 8.162204 8.162205 8.162205 8.162205 8.162204 8.162204 8.162204 8.162204 8.162204 8.162204 8.162204 8.162204 9.055119 9.055119 9.055119 9.055119 5.387244 5.3175516 5.3175516 5.3175516 5.387244 5.387244 5.387244 5.3839607 5.387244 5.387244 5.3698463 8.083772 8.943989 8.943989 8.943989 9.055119 8.943989 8.943989 9.055119 9.055119 9.055119 9.055119 8.943989 8.409407 8.409407 8.409407 8.409407
8.114414 8.114414 8.71534 8.71534 8.74488 5.6274014 5.6274014 5.6274014 5.6274014 5.6274014 5.6274014 5.6274014 5.6274014 5.6232367 5.6232367 5.6274014 5.6274014 5.6274014 5.387244 8.162204 8.162204 7.6582284 8.162205 8.162205 8.162205 8.162204 8.162204 8.162204 8.162204 8.162204 8.162204 8.162204 9.055119 9.055119 9.055119 9.055119 9.055119 5.387244 5.387244 5.387244 5.387244 5.387244 5.387244 5.387244 5.387244 5.387244 5.3698463 5.3698463 8.083772 8.083772 8.943989 9.055119 8.943989 8.943989 9.055119 9.055119 9.055119 9.055119 9.055119 8.943989 8.409407 8.409407 8.409407
8.635646 8.635646 8.71534 8.71534 8.71534 5.6232367 5.627386 5.627386 5.6274014 5.6274014 5.6274014 5.6274014 5.6274014 5.6232367 5.6232367 5.60453 5.6274014 8.74488 8.162204 8.162204 7.6582284 7.6582284 8.144227 8.144227 8.162205 8.162204 8.162204 8.162204 8.162204 8.162204 8.162204 9.055119 9.055119 9.055119 9.055119 9.055119 9.055119 9.055119 5.387244 5.387244 5.387244 5.387244 5.387244 5.387244 5.3175516 5.3175516 5.3175516 5.3698463 5.3698463 8.083772 8.943989 9.055119 8.943989 8.943989 9.055119 9.055119 9.055119 9.055119 9.055119 9.055119 8.943989 8.409407 8.409407
8.74488 8.74488 8.71534 8.635646 8.71534 5.6232367 5.6232367 5.60453 5.6274014 5.6274014 5.6274014 5.6274014 5.6274014 5.6274014 5.60453 5.60453 8.74488 8.74488 8.162204 8.162204 7.6582284 7.6582284 8.144227 8.162205 8.162205 8.162205 8.162204 8.162204 8.162204 8.162204 8.162204 9.055119 9.055119 9.055119 9.055119 9.055119 9.055119 9.055119 9.055119 5.387244 5.387244 5.3839607 5.3839607 5.387244 5.387244 5.3175516 5.3175516 5.3698463 5.3698463 8.083772 5.3698463 9.055119 8.943989 8.943989 9.055119 9.055119 9.055119 9.055119 9.055119 9.055119 8.409407 8.943989 8.943989
8.635646 8.635646 8.635646 8.74488 8.74488 5.6232367 5.6232367 5.60453 5.6274014 5.6274014 5.6274014 5.6274014 5.6274014 5.6274014 5.6274014 5.6274014 8.74488 8.74488 8.162204 8.162204 7.6582284 5.3175516 7.6582284 0.0 8.162205 8.162205 8.162204 8.083772 8.083772 8.162204 8.162204 9.055119 9.055119 9.055119 9.055119 9.055119 9.055119 9.055119 9.055119 9.055119 5.387244 5.3839607 5.3839607 5.3839607 5.387244 5.3175516 5.3175516 5.3175516 5.3698463 5.3698463 5.3698463 5.387244 8.943989 8.943989 9.055119 9.055119 9.055119 9.034246 9.034246 9.055119 8.409407 8.409407 8.409407
8.635646 8.635646 8.635646 8.71534 8.74488 5.6274014 5.60453 5.60453 5.6274014 5.6274014 5.6274014 5.6274014 5.6274014 5.6274014 5.6274014 5.6274014 8.74488 8.74488 8.162204 8.162204 8.162204 8.144227 8.144227 5.3698463 5.3698463 5.3698463 5.3698463 5.3698463 6.839684 8.162204 5.387244 9.055119 9.055119 9.055119 9.055119 9.055119 9.055119 9.055119 9.055119 9.055119 9.055119 9.055119 9.034246 5.3839607 5.387244 5.387244 5.387244 5.387244 5.3698463 5.3698463 5.387244 5.387244 5.3698463 5.3698463 9.055119 9.055119 9.055119 8.943989 8.943989 8.943989 8.409407 7.6582284 8.409407
8.635646 8.635646 8.71534 8.71534 8.74488 5.5368195 5.5368195 5.5368195 5.6274014 5.6274014 5.6274014 5.6274014 5.6274014 5.6274014 5.6274014 5.6274014 5.6274014 5.6274014 8.162204 8.162204 8.144227 8.144227 5.3839607 5.3698463 5.3698463 5.3698463 5.3698463 4.670868 5.387244 5.387244 5.387244 9.055119 9.055119 9.055119 9.055119 9.055119 9.055119 9.055119 9.055119 9.055119 9.055119 9.055119 9.055119 5.387244 5.387244 5.387244 5.387244 5.387244 5.387244 5.387244 5.387244 5.387244 5.3698463 5.387244 5.387244 5.387244 8.943989 8.943989 8.943989 8.943989 8.409407 8.409407 8.409407
8.635646 8.635646 8.71534 8.114414 8.114414 5.5368195 5.5368195 5.5368195 5.5368195 5.6274014 5.6274014 5.6274014 5.6274014 5.6274014 5.6274014 5.6274014 5.6274014 5.6274014 8.162204 8.162204 8.162204 7.6582284 5.3175516 5.3698463 5.3698463 4.670868 5.387244 5.387244 5.387244 5.387244 5.387244 9.055119 9.055119 9.055119 9.055119 9.055119 9.055119 9.055119 9.055119 9.055119 9.055119 8.161517 8.161517 5.387244 5.387244 5.387244 5.387244 5.387244 5.387244 5.387244 5.387244 5.387244 5.3698463 5.387244 5.387244 5.387244 5.3698463 5.3698463 8.943989 8.943989 8.409407 8.409407 8.409407
8.635646 8.635646 8.71534 8.114414 8.114414 5.6274014 5.5368195 5.5368195 5.6274014 5.6274014 5.6274014 5.6274014 5.6274014 5.6274014 5.6274014 5.6274014 5.6274014 5.6274014 8.162204 8.162204 8.162204 7.6582284 5.3175516 5.387244 5.387244 4.670868 5.387244 5.387244 5.387244 5.387244 9.055119 9.055119 9.055119 9.055119 9.055119 9.055119 9.055119 9.055119 9.055119 9.055119 9.055119 9.055119 5.387244 5.387244 9.055119 9.055119 5.387244 5.387244 5.387244 5.387244 5.387244 5.3698463 5.3698463 5.387244 5.387244 5.387244 5.387244 5.3698463 5.3698463 8.943989 9.055119 8.409407 5.3175516
8.114414 8.114414 8.71534 8.114414 8.114414 5.6274014 5.6274014 5.6274014 5.6274014 5.6274014 5.6274014 5.6274014 5.6274014 5.6274014 5.6274014 5.6274014 5.6274014 5.6274014 8.162204 8.162204 8.162204 5.387244 5.387244 5.387244 5.387244 5.3839607 5.387244 5.387244 5.387244 5.387244 9.055119 9.055119 9.055119 9.055119 9.055119 8.943989 8.943989 9.055119 9.055119 9.055119 9.055119 9.055119 9.055119 9.055119 9.055119 9.055119 9.055119 8.162204 5.387244 5.387244 5.387244 5.3698463 5.3698463 5.387244 5.387244 5.387244 5.387244 5.387244 5.387244 5.387244 5.387244 5.387244 5.3175516
8.114414 8.71534 8.71534 8.71534 8.74488 5.6274014 5.6274014 5.6274014 5.6274014 5.6274014 5.6274014 5.6274014 5.6274014 5.6274014 5.6274014 5.6274014 5.6274014 5.6274014 8.162204 8.162204 5.387244 5.387244 5.387244 5.387244 5.3175516 5.3175516 5.387244 5.387244 5.387244 5.387244 9.055119 9.055119 9.055119 8.409407 8.409407 9.055119 9.055119 9.055119 9.055119 9.055119 9.055119 9.055119 9.055119 9.055119 9.055119 9.055119 9.055119 8.162204 8.162204 5.387244 5.3698463 5.3698463 5.387244 5.387244 5.387244 5.387244 5.387244 5.387244 5.387244 5.387244 5.387244 5.387244 5.3175516
