Export/ASCII/RMeteo_SP_inch/p1/RMeteo_2018_SP3_inch.asc
ncols         660
nrows         338
xllcorner     1476100.0
yllcorner     5017100.0
cellsize      100
NODATA_value  -9.9e-20
[rows 0 to 26 of 338, columns 305 to 365 of 660]
6.515065 3.7541475 3.7541475 3.7357388 5.653412 5.653412 5.653412 5.653412 5.653412 5.653412 3.7357388 3.7543302 3.7541475 3.4861507 3.4861507 3.4861507 3.4861507 3.4864564 3.4864564 3.4861507 3.4861507 3.4759545 3.4759545 5.2127285 3.4759545 3.4759545 3.4864566 3.4864566 3.4759545 5.2127285 5.2127285 5.830122 5.830122 6.125983 6.125983 5.830122 5.830122 5.830122 5.830122 5.2127285 5.2127285 5.418523 5.418523 5.418523 5.418523 5.2127285 5.2127285 5.2127285 5.2127285 5.2127285 5.2127285 5.2127285 5.4346457 5.418523 5.418523 5.2127285 5.418523 5.418523 5.418523 5.418523 5.418523
6.515065 3.7541475 3.7541475 3.7357388 5.653412 5.653412 5.653412 5.653412 5.653412 3.7357388 3.7357388 3.7541475 3.7541475 3.4864564 3.4864564 3.4861507 3.4861507 3.4864566 3.4864566 3.4861507 3.4861507 3.4861507 3.4759545 3.4759545 3.4759545 3.4864566 3.0618894 3.4861507 3.4861507 5.2127285 5.2127285 5.2127285 5.830122 6.125983 5.830122 5.830122 5.830122 5.830122 5.2127285 5.2127285 5.2127285 5.418523 5.418523 6.089016 5.418523 5.418523 5.418523 5.418523 5.2127285 5.2127285 5.2127285 5.2127285 5.418523 5.418523 5.418523 5.4346447 5.2127285 5.418523 5.418523 6.089016 6.089016
3.7543316 3.7543316 3.2231498 3.7357388 5.653412 5.653412 5.653412 5.653412 5.653412 3.7357388 3.7357388 3.7541475 3.7541475 3.4861507 3.4864566 3.4864566 3.4864566 3.4864566 3.4861507 3.4861507 3.4861507 3.4864566 3.4864566 3.4864566 3.4864566 3.4864566 3.4864566 3.4861507 3.4861507 3.4864566 3.4861507 5.830122 5.830122 5.830122 5.830122 5.830122 5.830122 5.830122 5.2127285 5.2127285 5.2127285 5.418523 5.418523 6.089016 6.089016 6.089016 5.418523 5.2127285 5.2127285 5.2127285 5.2127285 5.2127285 5.2127285 5.2127285 5.418523 5.4346447 5.2127285 5.418523 5.418523 6.089016 6.089016
3.7543302 3.7543316 3.7357388 3.7357388 5.653412 5.653412 5.653412 3.7357388 3.7357388 3.7357388 3.7543316 3.7543302 3.7541475 3.4861507 3.4759545 3.4864566 3.4864566 3.4864566 3.4864566 3.4861507 3.4861507 3.4861507 3.4864566 3.4864566 3.4864564 3.4864564 3.4864566 3.4864566 6.089016 6.089016 6.089016 6.089016 6.125983 5.830122 5.830122 5.830122 5.830122 5.830122 5.4346457 5.4346457 5.4346457 5.2127285 5.418523 6.089016 6.089016 6.089016 6.125983 5.2127285 5.2127285 5.2127285 5.2127285 5.2127285 5.2127285 5.2127285 6.089016 6.089016 5.418523 6.089016 5.830122 6.089016 6.089016
3.7543302 3.7541475 3.7357388 3.7357388 5.653412 5.653412 5.8833714 3.7541475 3.2231498 3.7543316 3.7543316 3.7543316 3.7543316 3.4759545 3.4759545 3.4864566 3.4864566 3.0618894 3.4864566 3.4864566 3.4861507 3.4861507 3.4864564 3.4864564 3.4864564 3.4864564 3.4864566 3.4864566 3.4759545 6.089016 6.089016 6.089016 6.089016 5.830122 5.830122 5.830122 5.830122 5.830122 5.830122 5.830122 5.2127285 5.2127285 5.2127285 6.089016 6.089016 6.089016 5.830122 6.089016 5.2127285 5.2127285 5.2127285 5.2127285 5.2127285 5.2127285 5.830122 5.830122 6.089016 5.830122 5.830122 5.830122 6.125983
3.7543316 3.7541475 3.7357388 3.7357388 5.653412 3.7357388 3.7541475 3.7541475 3.2231498 3.7543316 3.7543316 3.7357388 3.7543316 3.4864566 3.4759545 3.4759545 3.4864566 3.0618894 3.4864566 3.4861507 3.4861507 3.4861507 3.4861507 3.4861507 3.4864566 3.4864564 3.4864566 3.4864566 3.4759545 6.089016 5.418523 5.418523 5.418523 5.418523 6.089016 5.830122 5.830122 5.830122 5.830122 5.830122 5.2127285 5.2127285 5.418523 6.089016 5.830122 5.830122 5.830122 5.418523 5.2127285 5.2127285 5.2127285 5.2127285 5.418523 5.2127285 5.830122 5.830122 5.830122 5.830122 6.125983 6.125983 6.125983
6.545906 3.7543316 3.7357388 3.7357388 3.7357388 3.7357388 3.7357388 3.7357388 3.7357388 3.7357388 3.2231498 3.7357388 3.7357388 3.4759545 3.4759545 3.4759545 3.4759545 3.0618894 3.0618894 3.4861507 3.4861507 3.4861507 3.4861507 5.418523 3.4861507 3.4861507 3.4864566 3.4861507 6.089016 6.089016 5.418523 5.418523 5.418523 5.418523 6.089016 6.089016 6.089016 6.089016 6.125983 6.089016 5.830122 5.830122 6.089016 5.830122 5.830122 5.830122 6.089016 5.418523 5.418523 5.418523 5.2127285 5.2127285 5.4346447 6.123806 5.830122 5.830122 5.830122 6.123806 6.123806 6.125983 5.830122
6.545906 3.7543316 3.2231498 3.2231498 3.2231498 3.2231498 3.2231498 3.2231498 3.7357388 3.7357388 3.7357388 3.7357388 3.7357388 3.4759545 3.4864566 3.4759545 3.0618894 3.0618894 3.4864566 3.4861507 3.4861507 3.4861507 3.4861507 3.4861507 3.4861507 3.4861507 3.4759545 3.4759545 5.830122 5.2127285 5.2127285 5.418523 5.418523 5.418523 5.418523 6.089016 6.125983 6.125983 6.125983 6.125983 6.125983 6.089016 6.089016 5.830122 5.830122 6.089016 6.089016 6.089016 6.089016 6.125983 5.830122 6.089016 6.089016 6.089016 6.089016 6.089016 6.089016 6.089016 6.125983 5.830122 5.830122
6.547243 3.2231498 3.2231498 3.2231498 3.2231498 3.2231498 3.2231498 3.7357388 3.7357388 3.7357388 3.7357388 3.7357388 3.7357388 3.4759545 3.4864566 3.4864566 3.0618894 3.4864566 3.4864566 3.4861507 3.4861507 3.4861507 3.4861507 3.4861507 3.4861507 3.4861507 5.830122 5.830122 5.2127285 5.2127285 5.2127285 5.418523 5.418523 5.418523 6.089016 6.089016 6.089016 6.125983 6.125983 6.125983 6.125983 6.089016 5.418523 5.418523 5.2127285 5.418523 5.418523 5.418523 6.089016 6.089016 6.125983 6.089016 6.089016 6.089016 6.089016 5.418523 6.089016 6.089016 6.125983 6.125983 5.830122
6.547243 3.2231498 3.2231498 3.2231498 3.2231498 3.2231498 3.2231498 3.7357388 3.7357388 3.2231498 3.2231498 3.2231498 3.7357388 3.4864566 3.4864566 3.4864566 3.4864566 3.4864566 3.4864566 3.4861507 3.4861507 3.4861507 3.4861507 5.418523 3.4861507 3.4861507 5.830122 5.830122 5.2127285 5.2127285 5.2127285 5.418523 5.418523 5.418523 5.418523 5.418523 5.418523 6.089016 6.089016 6.125983 6.089016 6.089016 6.089016 6.089016 5.830122 6.089016 5.418523 5.418523 6.089016 6.089016 6.125983 6.089016 5.418523 6.089016 6.089016 5.418523 5.418523 6.089016 6.125983 5.4346457 6.125983
3.7543316 3.2231498 3.2231498 3.2231498 3.2231498 3.2231498 3.2231498 3.7357388 3.2231498 3.2231498 3.7543316 3.7543316 3.7543316 3.4864566 3.4864566 3.4864566 3.4864566 3.4864566 3.4864566 3.4864566 3.4864564 3.4864564 3.4861507 5.418523 5.418523 3.4861507 6.125983 6.089016 5.418523 5.418523 5.418523 5.418523 5.418523 5.418523 5.418523 5.418523 5.418523 5.418523 5.418523 6.089016 5.830122 6.089016 6.089016 6.089016 5.830122 5.830122 5.418523 5.418523 5.418523 6.089016 6.089016 6.089016 5.418523 5.418523 5.2127285 5.2127285 5.418523 6.089016 6.089016 6.089016 6.089016
3.7543302 3.2231498 3.2231498 3.2231498 3.2231498 3.2231498 3.2231498 3.2231498 3.2231498 3.7543316 3.7543316 3.7543316 3.7543316 3.0618894 3.0618894 3.0618894 3.0618894 3.0618894 3.4864566 3.4864566 3.4864566 3.4864566 3.4861507 5.418523 5.418523 3.4861507 5.830122 5.830122 5.418523 5.418523 5.418523 5.418523 5.418523 5.418523 5.418523 5.418523 5.418523 5.418523 5.418523 5.418523 5.418523 5.418523 6.089016 6.089016 5.830122 5.830122 5.2127285 5.418523 5.418523 5.418523 5.418523 5.418523 5.418523 5.418523 5.2127285 5.2127285 5.2127285 5.2127285 6.089016 6.089016 5.418523
3.7543302 3.7543316 3.2231498 3.2231498 3.2231498 3.2231498 3.2231498 3.2231498 3.2231498 3.2231498 3.7541475 3.7543316 3.7543316 3.0618894 3.0618894 3.0618894 3.0618894 3.0618894 3.4864566 3.4864566 3.4864566 3.4864566 3.4861507 3.4861507 3.4861507 3.4759545 3.4759545 5.2127285 5.418523 5.418523 5.418523 5.418523 5.418523 5.418523 5.418523 5.418523 5.418523 5.418523 5.418523 5.418523 5.418523 5.418523 6.089016 6.089016 5.830122 5.830122 5.2127285 5.418523 5.418523 5.2127285 5.2127285 5.418523 5.418523 5.418523 5.2127285 5.2127285 5.2127285 5.2127285 5.418523 5.418523 5.418523
3.7541475 3.7543316 3.7543316 3.2231498 3.2231498 3.2231498 3.2231498 3.2231498 3.2231498 3.7541475 3.7541475 3.7541475 3.2231498 3.0618894 3.0618894 3.0618894 3.0618894 3.0618894 3.4864566 3.4864566 3.4864566 3.4864566 3.4864566 3.4861507 3.4861507 3.4861507 3.4759545 5.2127285 5.2127285 5.418523 5.418523 5.418523 5.418523 5.418523 5.418523 6.089016 6.089016 6.089016 5.418523 5.418523 5.418523 5.418523 6.089016 6.089016 5.830122 5.830122 5.2127285 5.2127285 5.2127285 5.2127285 5.2127285 5.2127285 5.2127285 5.418523 5.2127285 5.2127285 5.418523 5.2127285 5.2127285 5.2127285 6.089016
3.7541475 3.7541475 3.7543316 3.2231498 3.2231498 3.2231498 3.2231498 3.2231498 3.2231498 3.7541475 3.7541475 3.7541475 3.7543302 3.4864564 3.4864564 3.0618894 3.4864566 3.4864566 3.4864566 3.4864566 3.4864566 3.4864566 3.4864566 3.4861507 5.418523 3.4759545 3.4759545 5.2127285 5.2127285 5.2127285 5.418523 5.418523 5.418523 5.418523 5.418523 6.089016 6.125983 6.125983 5.2127285 5.418523 5.418523 5.418523 5.418523 5.418523 5.830122 5.2127285 5.2127285 5.2127285 5.2127285 5.2127285 5.2127285 5.2127285 5.2127285 5.418523 5.418523 5.418523 5.2127285 5.830122 5.830122 5.830122 6.089016
3.7541475 3.2231498 3.2231498 3.2231498 3.2231498 3.2231498 3.7543302 3.7543302 3.2231498 3.7357388 3.7357388 3.2231498 3.7543302 3.4864564 3.4864564 3.0618894 3.4864566 3.4864566 3.0618894 3.0618894 3.4864566 3.4864566 3.4861507 3.4861507 3.4861507 3.4861507 3.4861507 5.2127285 5.2127285 5.2127285 5.418523 5.418523 5.418523 5.418523 5.418523 6.089016 6.089016 6.089016 6.125983 5.4346457 5.418523 5.418523 5.418523 5.418523 5.2127285 5.2127285 5.2127285 5.2127285 5.2127285 5.2127285 5.2127285 5.2127285 5.2127285 5.2127285 5.2127285 5.2127285 5.2127285 5.830122 5.830122 6.089016 6.089016
3.7541475 3.7541475 3.2231498 3.2231498 3.2231498 3.2231498 3.7543302 3.7543302 3.7357388 3.7357388 3.7357388 3.2231498 3.7543316 3.4864564 3.4864564 3.0618894 3.4864566 3.4864566 3.4864566 3.4864566 3.4864566 3.4864566 3.4861507 3.4861507 3.4861507 5.418523 5.418523 5.418523 5.418523 5.418523 5.418523 5.418523 5.418523 5.418523 5.418523 5.418523 6.089016 6.089016 6.089016 6.089016 5.4346457 6.089016 6.089016 6.089016 5.2127285 5.2127285 5.2127285 5.2127285 5.2127285 5.2127285 5.2127285 5.2127285 5.418523 5.2127285 5.2127285 5.2127285 5.2127285 5.830122 6.125983 6.125983 6.089016
3.7541475 3.7543316 3.2231498 3.2231498 3.2231498 3.2231498 3.2231498 3.2231498 3.7543302 3.7357388 3.7543316 3.2231498 3.7543316 3.4864566 3.4864566 3.4864566 3.4864566 3.4861507 3.4861507 3.4864566 3.4864566 3.4864566 3.4864564 3.4864566 3.4861507 3.4861507 3.4861507 5.418523 5.418523 5.418523 5.418523 5.418523 5.418523 5.418523 5.418523 5.418523 5.418523 6.089016 6.089016 6.089016 6.089016 6.089016 6.089016 6.089016 6.089016 5.418523 5.2127285 5.2127285 5.2127285 5.2127285 5.2127285 5.2127285 5.2127285 5.418523 6.089016 6.089016 5.2127285 6.089016 6.089016 6.125983 6.089016
3.7543316 3.7543316 3.2231498 3.2231498 3.2231498 3.2231498 3.2231498 3.7357388 3.7543302 3.7543302 3.7543316 3.7543316 3.7543316 3.4864566 3.4864566 3.4864566 3.4864566 3.4861507 3.4861507 3.4864566 3.4864566 3.4864566 3.4864566 3.4861507 3.4861507 3.4861507 3.4861507 5.418523 5.418523 6.089016 6.089016 6.089016 5.418523 5.418523 5.418523 5.418523 5.418523 5.418523 5.418523 5.418523 6.089016 6.089016 6.089016 6.089016 6.089016 5.418523 5.2127285 5.2127285 5.2127285 5.2127285 5.2127285 5.2127285 5.2127285 5.2127285 5.830122 6.089016 5.418523 5.418523 6.089016 6.125983 6.123806
3.7543316 3.2231498 3.2231498 3.2231498 3.2231498 3.2231498 3.2231498 3.7357388 3.7357388 3.7543302 3.7543316 3.7543316 3.7543316 3.4864566 3.4864566 3.4864566 3.4864566 3.4861507 3.4861507 3.4864566 3.4864566 3.4864566 3.4864566 3.4864566 3.4861507 3.4861507 3.4861507 5.418523 5.418523 6.089016 6.089016 6.089016 6.089016 5.418523 5.418523 5.418523 5.418523 5.418523 5.418523 6.089016 6.089016 6.089016 5.418523 5.418523 5.418523 5.418523 5.2127285 5.2127285 5.2127285 5.2127285 5.2127285 5.2127285 5.2127285 5.2127285 5.830122 6.089016 5.418523 5.418523 6.089016 6.089016 6.123805
3.7543316 3.2231498 3.2231498 3.2231498 3.2231498 3.2231498 3.2231498 3.7543316 3.7543316 3.7543316 3.7543316 3.7543316 3.7543316 3.4864566 3.4864566 3.4864566 3.4864566 3.4864566 3.4864566 3.4864566 3.4864566 3.4864566 3.4864566 3.4864566 3.4861507 3.4861507 3.4861507 6.089016 6.089016 6.089016 6.089016 6.089016 6.089016 5.418523 5.2127285 5.4346447 5.418523 6.089016 6.089016 6.089016 6.089016 5.418523 5.418523 5.418523 5.418523 5.418523 5.418523 5.418523 5.2127285 5.2127285 5.2127285 5.2127285 5.2127285 5.2127285 5.2127285 6.089016 5.418523 5.418523 5.418523 6.089016 6.125983
3.2231498 3.7543302 3.7543302 3.2231498 3.2231498 3.2231498 3.2231498 3.7543316 3.7543316 3.7543316 3.7543316 3.7543316 3.7543316 3.4864566 3.4864566 3.4864566 3.4864566 3.4864566 3.4864566 3.4864566 3.4864566 3.4864566 3.4864566 3.4864566 3.4861507 3.4861507 3.4861507 6.089016 6.089016 6.089016 6.089016 6.089016 6.089016 5.418523 5.4346447 6.123806 5.830122 6.089016 6.089016 5.418523 5.418523 5.418523 5.418523 5.418523 5.418523 5.418523 5.418523 5.418523 5.2127285 5.2127285 5.2127285 5.2127285 5.2127285 5.2127285 5.2127285 6.089016 6.089016 5.418523 5.418523 6.089016 6.125983
3.2231498 3.7543302 3.7541475 3.7541475 3.2231498 3.2231498 3.2231498 3.7543316 3.7543316 3.7543316 3.7543316 3.7543316 3.7543316 3.4864566 3.4864566 3.4864566 3.4864566 3.4864566 3.4864566 3.4864566 3.4864566 3.4864566 3.0618894 3.4864566 3.4861507 3.4861507 5.2127285 5.830122 6.089016 6.089016 6.089016 6.089016 6.089016 5.418523 5.418523 5.830122 5.830122 6.125983 6.089016 5.418523 5.418523 5.418523 5.418523 5.418523 5.418523 5.418523 5.418523 5.418523 5.2127285 5.830122 5.830122 5.830122 5.830122 5.830122 5.2127285 6.089016 6.089016 6.089016 6.089016 6.089016 6.125983
3.2231498 3.2231498 3.7541475 3.7541475 3.7541475 3.7541475 3.7543316 3.7543316 3.7543316 3.7543316 3.7543316 3.7543316 3.7543316 3.4864566 3.4864566 3.4864566 3.4864566 3.4864566 3.4864566 3.4864566 3.4864566 3.4759545 3.4759545 3.4864566 3.4861507 3.4759545 5.2127285 5.2127285 5.830122 5.830122 5.830122 5.2127285 5.2127285 5.418523 5.418523 5.2127285 5.830122 5.830122 6.089016 5.418523 5.418523 5.418523 5.418523 5.418523 5.418523 5.418523 5.418523 6.089016 5.830122 5.830122 5.105984 5.105984 5.105984 5.830122 6.125983 6.125983 6.089016 6.089016 6.089016 6.125983 6.123806
3.6244097 3.1406295 3.1406295 3.6244097 3.6239207 3.6239207 3.624409 3.6244097 3.6244097 3.6244097 3.6244097 3.6244097 3.6244097 3.1481893 3.1481893 3.1481893 3.1481893 3.1481893 3.1481893 3.1481893 3.136773 3.136773 3.136773 3.1480978 3.1480978 3.136773 4.6809783 5.297003 5.5502152 5.5502152 5.297003 5.297003 5.297003 5.5502152 5.5502152 4.6809783 4.6809783 4.6809783 4.8547506 4.8547506 4.8547506 4.8547506 4.8547506 4.8547506 4.8547506 4.8547506 5.5502152 5.5502152 5.5502152 4.6314964 4.6314964 4.6314964 4.6314964 5.5905504 5.5905504 5.297003 5.5502152 5.5502152 5.5502152 5.5502152 5.5877
3.6244097 3.1406295 3.1406295 3.6244097 3.6244097 3.624409 3.624409 3.6244097 3.6244097 3.6244097 3.6244097 3.6244097 3.6244097 3.1481893 3.1481893 3.1481893 3.1481893 3.1481893 3.1481893 3.136773 3.1481886 3.1481886 3.1481886 3.136773 3.1480978 4.6809783 5.297003 5.297003 5.5877 5.5877 5.5877 5.5877 5.297003 5.5905504 5.5502152 5.5502152 5.297003 5.297003 5.297003 5.297003 5.5502152 4.8547506 4.8547506 4.8547506 4.8547506 4.8547506 5.5502152 5.5502152 5.5502152 4.6314964 4.6314964 4.6314964 4.6314964 4.6314964 5.5905504 5.297003 5.5502152 5.5502152 5.5502152 5.5502152 5.5877
3.6244097 3.1406295 3.1406295 3.6244097 3.6244097 3.624409 3.624409 3.1406295 3.6244097 3.6244097 3.6244097 3.6244097 3.6244097 3.1481893 3.1481893 3.1481893 3.1481893 3.1481893 3.1481893 3.136773 4.867716 3.1481886 3.1481886 3.1480978 3.1480978 3.1480978 5.5502152 5.297003 5.297003 5.297003 5.5877 5.5877 5.5905504 5.5905504 5.5502152 5.5502152 5.5905504 5.5905504 5.5905504 5.297003 5.5502152 5.5502152 5.5502152 5.5502152 5.5502152 5.5502152 5.5502152 5.5502152 5.5502152 4.6314964 4.6314964 5.5502152 5.5502152 5.5502152 5.5502152 5.5502152 5.5502152 5.5502152 4.8547506 4.8547506 5.5502152
