Export/ASCII/RMeteo_SP_inch/p1/RMeteo_2014_SP3_inch.asc
ncols         660
nrows         338
xllcorner     1476100.0
yllcorner     5017100.0
cellsize      100
NODATA_value  -9.9e-20
[rows 280 to 307 of 338, columns 378 to 440 of 660]
5.81244 9.307087 9.307087 9.307087 5.81244 5.81244 8.524408 9.298479 9.298479 9.298479 9.307087 9.307087 9.307087 9.307087 9.307087 9.232149 9.232149 5.7911906 5.440893 5.440893 5.4544883 5.4544883 5.4544883 5.4512434 5.4512434 5.4512434 5.4512434 5.4544883 8.032282 8.032282 8.032282 8.032282 8.021858 7.5610437 7.5610437 7.5610437 7.5610437 7.5610437 7.5610437 7.5610437 7.5610437 7.9794974 7.9794974 8.032282 5.440893 8.032282 8.032282 8.032282 8.032282 5.4544883 5.4544883 5.4544883 5.4544883 5.4544883 5.4544883 5.4544883 5.4544883 5.4544883 5.4512434 5.4512434 5.4512434 8.833979 8.846457
5.81244 9.307087 9.307087 9.307087 9.307087 0.0 5.8075895 9.298479 9.307087 9.307087 9.307087 9.307087 9.307087 9.307087 9.307087 9.307087 9.307087 9.232149 8.759782 5.440893 5.440893 5.440893 5.440893 5.4544883 5.4512434 5.4512434 5.4544883 5.4512434 5.4512434 8.032282 8.032282 8.032282 7.9794974 7.9794974 7.9794974 7.9794974 7.5610437 7.5610437 7.5610437 7.5610437 7.5610437 7.5610437 7.9794974 5.440893 5.440893 5.4544883 5.4544883 5.4544883 5.4544883 5.4544883 5.4544883 5.4544883 5.4544883 5.4544883 5.4544883 5.4544883 5.4544883 5.4544883 5.4512434 5.4512434 5.4512434 5.4544883 8.846457
8.524408 9.307087 9.307087 9.307087 9.307087 9.307087 9.307087 9.307087 9.307087 9.307087 9.307087 9.307087 9.307087 9.307087 9.307087 9.307087 9.307087 9.232149 8.759782 7.9794974 7.9794974 7.9794974 8.759782 5.4544883 5.4544883 5.4544883 5.4544883 5.4544883 5.4512434 8.021858 8.021858 7.5610437 7.5610437 7.9794974 7.9794974 7.9794974 7.9794974 7.5610437 7.5610437 7.5610437 7.5610437 7.5610437 7.9794974 5.440893 5.440893 5.4544883 5.4544883 5.4544883 5.4544883 5.4544883 5.4544883 5.4544883 5.4544883 5.4544883 5.4544883 5.4544883 5.4544883 5.4544883 5.4544883 5.4544883 5.4544883 5.4544883 5.4544883
8.524408 9.307087 9.307087 9.307087 9.307087 9.307087 9.307087 9.307087 9.307087 9.307087 9.307087 9.307087 9.307087 9.307087 9.307087 9.307087 9.307087 9.232149 7.9794974 7.9794974 7.9794974 8.759782 8.759782 8.846457 8.846457 5.4544883 5.4544883 5.4544883 5.4512434 8.021858 8.021858 8.021858 7.5610437 7.9794974 7.9794974 7.9794974 7.9794974 7.9794974 7.5610437 7.5610437 7.5610437 7.5610437 5.440893 5.440893 5.440893 5.4544883 5.4544883 5.4544883 5.4544883 5.4544883 5.4544883 5.4544883 5.4544883 5.4544883 5.4544883 5.4544883 5.4544883 5.4544883 5.4544883 5.4544883 5.4544883 5.4544883 5.4544883
8.524408 7.0844088 9.307087 9.307087 9.307087 9.307087 9.307087 9.307087 9.307087 9.307087 9.307087 9.307087 9.307087 9.307087 9.307087 9.307087 9.307087 9.232149 8.759782 8.759782 7.9794974 8.759782 8.759782 8.759782 8.846457 8.846457 5.4544883 5.4544883 5.4512434 5.4512434 8.021858 7.9794974 7.9794974 7.9794974 7.9794974 7.9794974 7.9794974 7.9794974 7.5610437 7.5610437 7.9794974 7.9794974 5.440893 5.4544883 5.440893 5.4544883 5.4544883 5.4544883 5.4544883 5.4544883 5.4544883 5.4544883 5.4544883 5.4544883 5.4544883 5.4544883 5.4544883 5.4544883 5.4544883 5.4544883 5.4544883 5.4544883 5.4544883
8.524408 8.524408 9.307087 9.307087 9.307087 9.307087 9.307087 9.307087 9.307087 9.307087 9.307087 9.307087 9.307087 9.307087 9.307087 9.307087 9.232149 9.232149 8.759782 8.759782 7.9794974 8.759782 8.759782 8.759782 8.759782 8.846457 8.846457 5.4544883 5.4544883 5.4512434 8.021858 7.9794974 7.9794974 7.9794974 7.9794974 8.759782 8.759782 7.9794974 7.9794974 7.9794974 7.9794974 7.9794974 5.4544883 5.4544883 5.440893 5.4544883 5.4544883 8.846457 8.833979 5.4512434 5.4544883 5.4544883 5.4544883 5.4544883 5.4544883 5.4544883 5.4544883 5.4544883 5.4544883 5.4544883 5.4544883 5.4544883 5.4544883
8.524408 9.307087 7.687086 9.307087 9.307087 9.307087 9.307087 9.307087 9.307087 9.307087 9.307087 9.307087 9.307087 9.307087 9.307087 9.307087 9.232149 9.232149 7.286455 8.759782 7.9794974 7.9794974 7.9794974 8.759782 8.759782 8.846457 5.4544883 5.4544883 5.4544883 5.4544883 8.032282 7.9794974 7.9794974 7.9794974 7.9794974 8.759782 8.759782 7.9794974 8.032282 7.9794974 7.9794974 7.9794974 5.4544883 5.440893 5.4512434 8.032282 8.846457 8.846457 8.833979 5.4512434 5.4512434 5.4544883 5.4544883 5.4544883 5.4544883 5.4544883 5.4544883 5.4544883 5.4544883 5.4544883 5.4544883 5.4544883 5.4544883
8.524408 9.307087 7.687086 9.307087 9.307087 9.307087 9.307087 9.307087 9.307087 9.307087 9.307087 9.307087 9.307087 9.307087 9.307087 9.298479 9.232149 8.511857 8.833979 8.759782 8.759782 8.759782 8.759782 8.759782 8.846457 5.4544883 5.4544883 5.4544883 5.4544883 5.4544883 8.032282 8.032282 8.846457 8.846457 8.759782 8.846457 8.289881 8.289881 7.9794974 7.9794974 7.9794974 7.9794974 5.4512434 5.4512434 8.021858 7.9794974 8.759782 8.846457 8.833979 8.833979 5.4544883 5.4544883 5.4544883 5.4544883 5.4544883 5.4544883 5.4544883 5.4544883 5.4544883 5.4544883 5.4544883 5.4512434 5.4512434
8.524408 9.307087 9.307087 9.307087 9.307087 9.307087 9.307087 9.307087 9.307087 9.307087 9.307087 9.307087 9.307087 9.307087 9.298479 8.720939 8.720939 8.429542 8.759782 8.759782 8.759782 8.759782 8.759782 8.289881 5.3637786 5.4544883 5.4544883 8.032282 5.4544883 8.032282 8.032282 8.032282 8.846457 8.846457 8.846457 8.846457 8.846457 8.846457 7.5610437 7.9794974 7.9794974 7.9794974 8.021858 8.021858 8.833979 8.846457 8.846457 8.846457 8.846457 8.846457 8.846457 5.4544883 5.4544883 5.4544883 5.4544883 5.4544883 5.4544883 5.4544883 5.4544883 5.4544883 5.4544883 5.4512434 5.4512434
8.524408 9.307087 9.307087 9.307087 9.307087 9.307087 9.307087 9.307087 9.307087 9.307087 9.307087 9.307087 9.307087 9.232149 9.232149 8.720939 8.720939 8.429542 8.759782 8.759782 8.759782 8.759782 8.846457 5.3637786 5.4544883 8.032282 8.032282 8.032282 8.032282 8.032282 8.032282 8.032282 8.846457 8.846457 8.846457 8.846457 8.846457 8.846457 8.032282 7.9794974 7.9794974 8.032282 8.021858 8.833979 8.833979 8.846457 8.846457 8.846457 8.846457 8.846457 8.846457 5.4544883 5.4544883 5.4544883 5.4544883 5.4544883 5.4544883 5.4544883 5.4544883 5.4544883 5.4544883 5.4544883 5.4512434
8.524408 9.307087 9.307087 9.307087 9.307087 9.307087 9.307087 9.307087 9.307087 9.307087 9.307087 9.307087 9.232149 9.298479 9.232149 8.429542 8.429542 9.232149 8.759782 7.286455 8.759782 8.846457 8.846457 5.4544883 8.032282 8.032282 8.021858 8.021858 8.032282 8.032282 8.032282 8.032282 5.4544883 8.846457 8.846457 8.846457 8.846457 8.846457 8.032282 8.032282 8.032282 8.032282 8.032282 8.846457 8.846457 8.846457 8.846457 8.846457 8.846457 8.846457 8.846457 8.846457 5.4544883 5.4544883 5.4544883 5.4544883 5.4544883 5.4544883 5.4544883 5.4544883 5.4544883 5.4544883 5.4544883
8.524408 8.524408 9.307087 9.298479 9.298479 9.307087 9.307087 9.307087 9.307087 9.307087 9.307087 9.232149 9.298479 9.298479 9.232149 9.232149 8.429542 9.232149 8.759782 8.846457 8.846457 8.833979 8.846457 5.4544883 8.032282 8.032282 8.032282 8.032282 8.032282 8.032282 5.4544883 5.4544883 5.4544883 8.846457 8.846457 8.846457 8.846457 8.846457 8.032282 8.032282 8.032282 8.032282 8.032282 8.846457 8.846457 8.846457 8.846457 8.846457 8.846457 8.846457 8.846457 8.846457 5.4544883 5.4544883 5.4544883 5.4544883 5.4544883 5.4544883 5.4544883 5.4544883 5.4544883 5.4544883 5.4544883
8.524408 8.524408 9.307087 9.298479 9.298479 9.298479 9.307087 9.307087 9.307087 9.307087 9.232149 9.232149 9.298479 8.511857 8.429542 8.429542 9.232149 9.232149 8.759782 8.833979 8.846457 8.846457 8.846457 5.4544883 5.4544883 5.4544883 5.4544883 5.4544883 5.4544883 5.4544883 5.3637786 5.4544883 5.4544883 8.289881 8.846457 8.846457 8.846457 8.846457 8.846457 8.032282 8.032282 8.032282 8.032282 8.846457 8.846457 8.846457 8.846457 8.846457 8.846457 8.846457 8.846457 8.846457 5.4544883 5.4544883 5.4544883 5.4544883 5.4544883 5.4544883 5.4544883 5.4544883 5.4544883 5.4544883 5.4544883
9.307087 9.307087 9.307087 9.298479 9.298479 9.307087 9.307087 9.307087 9.307087 9.232149 9.232149 9.232149 9.307087 9.232149 8.429542 8.429542 9.232149 9.232149 8.759782 8.833979 8.846457 8.846457 8.846457 5.4544883 5.4544883 5.451245 5.4544883 5.4544883 5.4544883 5.4544883 5.3637786 5.3637786 5.3637786 5.3637786 8.289881 8.846457 8.846457 8.846457 8.846457 8.846457 8.032282 8.032282 8.032282 8.846457 8.846457 8.846457 8.846457 8.846457 8.846457 7.286455 8.846457 8.846457 5.4544883 5.4544883 5.4544883 5.4544883 5.4544883 5.4544883 5.4544883 5.4544883 5.4544883 5.4544883 5.4544883
9.307087 9.307087 9.307087 9.307087 9.307087 9.307087 9.307087 9.307087 9.307087 9.232149 9.232149 9.307087 9.232149 9.232149 8.429542 8.429542 9.232149 9.232149 8.846457 8.846457 8.759782 8.759782 8.759782 8.759782 8.759782 8.759782 8.846457 8.846457 8.846457 8.846457 8.846457 5.3637786 5.3637786 5.3637786 8.846457 8.846457 8.846457 8.846457 8.846457 8.846457 8.846457 8.846457 8.032282 8.032282 8.846457 8.846457 8.846457 8.846457 8.846457 8.846457 8.846457 8.846457 5.4544883 5.4544883 5.4544883 5.4544883 5.4544883 5.4544883 5.4544883 5.4544883 5.4544883 8.846457 8.846457
9.307087 9.307087 9.307087 9.307087 9.307087 9.307087 9.307087 9.307087 9.307087 9.232149 9.232149 9.232149 9.232149 9.232149 8.429542 8.429542 8.429542 9.232149 8.759782 8.759782 8.759782 8.846457 8.846457 8.846457 8.759782 8.759782 8.846457 8.846457 8.846457 8.846457 8.846457 8.846457 4.645512 5.4544883 5.4544883 8.846457 8.846457 8.759782 8.846457 8.846457 8.846457 8.846457 8.846457 8.833979 8.833979 8.846457 8.846457 8.846457 8.846457 8.846457 8.846457 8.846457 8.846457 5.4544883 5.4544883 5.4544883 5.4544883 5.4544883 5.4544883 5.4544883 5.4544883 5.4544883 5.4544883
9.307087 9.307087 9.307087 9.307087 9.307087 9.307087 9.307087 9.307087 9.307087 9.232149 9.232149 9.232149 9.232149 8.429542 8.429542 8.429542 8.429542 8.429542 8.759782 8.759782 8.759782 8.846457 8.759782 8.846457 8.846457 8.846457 8.846457 8.846457 8.846457 8.846457 8.846457 8.846457 5.4544883 5.4544883 5.4544883 8.846457 8.833979 8.833979 8.846457 8.846457 8.846457 8.846457 8.846457 8.833979 8.833979 8.846457 8.846457 8.846457 8.846457 8.846457 8.846457 8.846457 8.846457 8.846457 5.4544883 5.4544883 5.4544883 5.4544883 5.4544883 5.4544883 5.4544883 5.4544883 5.4544883
9.307087 9.307087 9.307087 9.307087 9.307087 9.307087 8.720939 8.720939 8.720939 8.720939 9.232149 9.232149 9.232149 9.232149 8.429542 8.429542 8.429542 8.429542 7.9794974 7.9794974 8.759782 8.846457 8.846457 8.846457 8.846457 8.846457 8.846457 8.846457 8.846457 8.846457 8.846457 8.846457 8.846457 5.4544883 5.4544883 5.4512434 5.4512434 8.833979 8.846457 8.846457 8.846457 8.846457 8.846457 8.833979 8.833979 8.846457 8.846457 8.846457 8.846457 8.846457 8.846457 8.846457 8.846457 8.846457 8.846457 8.846457 8.846457 8.846457 8.846457 5.4544883 5.4544883 5.4544883 5.4544883
9.307087 9.307087 9.307087 9.307087 9.307087 8.720939 8.720939 7.9516325 7.9516325 8.720939 8.720939 8.720939 9.232149 9.232149 9.232149 8.429542 8.429542 8.429542 8.759782 8.759782 8.759782 8.846457 8.846457 8.846457 8.846457 8.846457 8.846457 8.846457 8.846457 8.846457 8.846457 8.846457 8.846457 5.4544883 5.4544883 5.4512434 5.4512434 5.4512434 5.4544883 8.846457 8.846457 8.846457 8.846457 8.846457 8.846457 8.846457 8.846457 8.846457 8.846457 8.846457 8.846457 8.759782 8.759782 8.846457 8.846457 8.846457 8.846457 8.846457 8.846457 8.833979 8.833979 8.833979 8.846457
9.307087 9.307087 9.307087 9.307087 9.307087 9.307087 9.232149 9.232149 8.429542 7.9516325 7.9516325 8.720939 8.720939 8.720939 9.232149 9.232149 8.429542 8.429542 8.759782 8.759782 8.759782 8.846457 8.846457 8.846457 8.846457 8.846457 8.846457 8.846457 8.846457 8.846457 8.846457 8.833979 8.833979 5.4512434 5.4544883 5.4544883 5.4544883 5.4544883 5.4544883 8.846457 8.846457 8.846457 8.846457 8.846457 8.846457 8.846457 8.846457 8.846457 8.846457 8.846457 8.846457 8.759782 8.759782 8.846457 8.846457 8.846457 8.846457 8.846457 8.846457 8.833979 8.833979 8.833979 8.846457
9.307087 9.307087 9.307087 9.307087 9.307087 9.307087 9.232149 8.429542 9.232149 9.307087 8.720939 8.720939 7.9516325 8.720939 8.720939 9.232149 9.232149 9.232149 8.846457 8.846457 8.289881 8.846457 8.846457 8.846457 8.846457 8.846457 8.846457 8.846457 8.846457 8.846457 8.846457 8.833979 8.833979 5.4512434 5.4512434 5.4544883 4.645512 5.4544883 5.4544883 5.4544883 8.846457 8.846457 8.846457 8.846457 8.846457 8.846457 8.846457 8.846457 8.846457 8.846457 7.286455 8.846457 8.759782 8.759782 8.846457 8.846457 8.846457 8.846457 8.846457 8.846457 8.833979 8.833979 8.759782
9.307087 9.307087 9.307087 9.307087 9.307087 9.307087 9.232149 8.429542 9.232149 8.720939 8.720939 8.720939 7.9516325 7.9516325 8.720939 8.720939 9.232149 9.232149 8.846457 8.846457 8.289881 8.846457 8.846457 8.846457 8.846457 8.846457 8.846457 8.846457 8.846457 8.846457 8.833979 8.833979 8.833979 8.833979 8.846457 5.4544883 5.4544883 5.4544883 5.4544883 5.4544883 5.4544883 8.846457 8.846457 8.846457 8.846457 8.846457 8.846457 8.846457 7.286455 8.846457 8.846457 8.846457 8.846457 8.759782 8.759782 8.846457 8.846457 8.846457 8.846457 8.846457 8.846457 8.846457 8.846457
9.307087 9.307087 9.307087 9.307087 9.307087 9.307087 9.232149 9.232149 8.720939 8.720939 8.720939 8.720939 7.9516325 7.9516325 7.9516325 5.678673 8.720939 9.307087 8.846457 8.289881 8.846457 8.846457 8.846457 8.846457 8.846457 8.846457 8.846457 8.846457 8.846457 8.846457 8.846457 8.833979 8.833979 8.846457 8.846457 5.4544883 5.4544883 5.4544883 4.645512 5.4544883 5.4544883 5.4544883 8.759782 8.759782 8.759782 8.846457 8.846457 8.846457 8.846457 8.846457 8.846457 8.846457 8.846457 8.759782 8.759782 8.759782 8.846457 8.846457 8.846457 8.846457 8.846457 8.846457 8.846457
9.307087 9.307087 9.307087 9.307087 9.307087 9.307087 9.307087 9.307087 8.720939 8.720939 8.720939 7.9516325 7.9516325 7.9516325 7.9516325 8.720939 8.720939 9.307087 8.289881 8.846457 8.846457 8.846457 8.846457 8.846457 8.846457 8.846457 8.846457 8.846457 8.846457 8.846457 8.846457 8.846457 8.846457 8.846457 8.846457 8.846457 8.846457 5.4544883 4.645512 5.4544883 5.4544883 5.4544883 8.759782 8.759782 8.759782 8.846457 8.846457 8.846457 8.846457 7.286455 8.846457 8.846457 8.833979 8.833979 8.833979 8.759782 8.759782 8.846457 8.846457 8.846457 8.846457 8.846457 8.846457
8.524408 8.524408 9.307087 9.307087 9.307087 9.307087 9.307087 8.720939 8.720939 7.9516325 7.9516325 7.9516325 7.9516325 7.9516325 7.9516325 8.720939 9.232149 9.232149 8.289881 8.846457 8.846457 8.846457 8.846457 8.846457 8.846457 8.846457 8.846457 8.846457 8.846457 8.032282 8.032282 8.032282 8.032282 8.032282 8.846457 8.846457 8.846457 8.846457 5.4544883 5.4544883 5.4544883 5.451245 5.4512434 8.021858 8.833979 8.846457 8.846457 8.846457 8.846457 8.846457 8.846457 8.833979 8.833979 8.833979 8.833979 8.759782 8.759782 8.759782 8.846457 8.846457 8.846457 8.846457 8.846457
8.524408 8.524408 9.307087 9.307087 9.307087 9.307087 8.720939 8.720939 8.720939 7.9516325 7.9516325 7.9516325 7.9516325 7.9516325 7.9516325 8.720939 8.720939 8.720939 8.833979 8.846457 8.846457 8.846457 8.846457 8.846457 8.032282 8.032282 8.032282 8.032282 8.032282 8.032282 8.032282 8.032282 8.032282 8.032282 8.032282 8.846457 8.846457 8.846457 5.4544883 5.4544883 5.4544883 5.4544883 5.4512434 8.833979 8.833979 8.846457 8.846457 8.846457 8.846457 8.846457 8.833979 8.833979 8.833979 8.833979 8.759782 8.759782 8.759782 8.759782 8.846457 8.846457 8.846457 8.846457 8.846457
8.524408 8.524408 9.307087 9.307087 9.307087 9.307087 8.720939 8.720939 8.720939 8.720939 7.9516325 7.9516325 5.678673 5.678673 8.720939 8.720939 8.720939 9.298479 8.833979 8.032282 8.032282 8.846457 8.846457 8.032282 8.032282 8.032282 8.032282 8.032282 8.032282 8.032282 8.032282 8.032282 8.032282 8.032282 8.032282 8.846457 8.846457 8.846457 5.4544883 5.4544883 5.4544883 5.451245 5.4512434 5.4544883 5.4544883 8.846457 8.846457 8.846457 8.846457 8.846457 8.833979 8.833979 8.833979 8.759782 8.846457 8.846457 8.759782 8.759782 8.759782 8.846457 8.846457 8.846457 8.846457
8.524408 8.524408 8.524408 8.524408 9.307087 9.307087 9.307087 8.720939 8.720939 8.720939 8.720939 7.9516325 8.720939 5.678673 8.720939 9.232149 8.720939 9.298479 7.5610437 8.032282 8.032282 8.032282 8.032282 8.032282 8.032282 8.032282 8.032282 8.032282 8.032282 8.032282 8.032282 8.032282 8.032282 8.032282 8.032282 8.846457 5.4544883 5.4544883 5.4544883 5.4544883 5.451245 5.4544883 5.4544883 5.4544883 5.4544883 5.4544883 8.846457 8.846457 8.846457 8.846457 8.833979 8.833979 8.846457 8.846457 8.846457 8.846457 8.759782 8.759782 8.759782 8.846457 8.846457 8.846457 8.846457
