Export/ASCII/RMeteo_SP_inch/p1/RMeteo_2017_SP1_inch.asc
ncols         660
nrows         338
xllcorner     1476150
yllcorner     5017150
cellsize      100
NODATA_value  -9.9e-20
[rows 0 to 26 of 338, columns 366 to 426 of 660]
3.186144 3.4767346 3.5866141 3.1481166 3.1481166 2.9335961 3.4767346 3.4767346 3.5866141 3.5866141 3.5866141 3.5866141 3.5866141 3.2700536 3.2700536 3.5866141 3.4767346 3.4767346 3.4767346 3.4767346 3.244646 3.186144 3.4767346 3.1481166 2.9335961 3.186144 3.186144 3.186144 3.186144 3.186144 2.5995407 2.5995407 2.5995407 2.76362 2.76362 2.76362 2.9914453 2.9914453 2.9914453 2.9914453 2.9914453 2.9914453 2.76362 2.5995407 2.7616544 2.7616544 2.7616544 2.9914453 2.9914453 2.9914453 2.9914453 2.7616544 2.5995407 2.5995407 2.5995407 2.5995407 2.5995407 2.5995407 2.5995407 2.5995407 2.5995407
3.186144 3.4767346 3.5866141 3.1481166 2.9335961 2.9335961 3.1481166 3.1481166 3.5866141 3.4767346 3.4767346 3.1481166 3.1481166 2.9335961 3.1481166 3.4767346 3.4767346 3.557087 3.557087 3.557087 3.557087 2.9335961 3.4767346 3.4767346 3.244646 3.186144 3.186144 3.186144 3.186144 3.186144 2.76362 2.5995407 2.5995407 2.76362 2.76362 2.9914453 2.9914453 2.9914453 2.9914453 2.9914453 2.9914453 2.9914453 2.5995407 2.5995407 2.7616544 2.7616544 2.7616544 2.9914453 2.76362 2.76362 2.76362 2.76362 2.5995407 2.5995407 2.5995407 2.5995407 2.5995407 2.5995407 2.5995407 2.5995407 2.5995407
3.186144 3.4767346 3.2566142 3.4767346 3.4767346 3.1481166 3.1481166 3.1481166 3.5866141 3.4767346 3.4767346 3.1481166 2.9335961 2.9335961 2.9335961 3.4767346 3.4767346 3.557087 3.557087 3.557087 3.1481166 3.1481166 3.1481166 3.1481166 3.244646 3.4767346 3.4767346 3.4767346 3.186144 3.186144 2.76362 2.76362 2.76362 2.9914453 2.9914453 2.9914453 2.9914453 2.9914453 2.7616544 2.7616544 2.5995407 2.5995407 2.5995407 2.5995407 2.7616544 2.7616544 2.7616544 2.9914453 2.76362 2.76362 2.76362 2.7758303 2.5995407 2.5995407 2.5995407 2.5995407 2.5995407 2.5995407 2.5995407 2.5995407 2.5995407
3.4767346 3.4767346 3.4767346 3.4767346 3.4767346 3.1481166 3.1481166 3.5866141 3.5866141 3.1481166 3.1481166 3.1481166 2.9335961 2.9335961 2.9335961 3.1481166 3.1481166 3.1481166 3.5866141 3.557087 3.557087 3.557087 3.557087 3.557087 3.557087 3.557087 3.557087 3.4767346 3.4767346 3.186144 2.76362 2.76362 2.76362 2.9914453 2.9914453 2.9914453 3.0484526 2.7616544 2.7616544 2.7616544 2.5995407 2.5995407 2.5995407 2.5995407 2.7616544 2.7616544 2.7616544 2.7616544 2.9914453 2.76362 2.7758303 2.7758303 2.5995407 2.5995407 2.5995407 2.5995407 2.5995407 2.5995407 2.5995407 2.5995407 2.5995407
3.5866141 3.5866141 3.5866141 3.4767346 3.4767346 3.1481166 3.1481166 3.5866141 3.5866141 3.1481166 3.1481166 3.1481166 3.1481166 3.1481166 3.1481166 2.9335961 2.9335961 2.9335961 3.5866141 3.557087 3.557087 3.557087 3.557087 3.557087 3.557087 3.557087 3.5866141 3.4767346 3.4767346 3.4767346 2.9914453 2.76362 2.76362 2.9914453 2.9914453 2.9914453 3.0484526 2.7616544 2.7616544 2.7616544 2.7616544 2.5995407 2.5995407 2.5995407 2.7616544 2.7616544 3.074803 2.9914453 2.9914453 2.76362 2.7758303 2.7771652 2.5995407 2.5995407 2.5995407 2.5995407 2.5995407 2.5995407 2.5995407 2.5995407 2.5995407
3.5866141 3.5866141 3.5866141 3.1481166 3.1481166 3.1481166 3.1481166 3.4767346 3.4767346 3.4767346 3.1481166 3.1481166 3.1481166 3.1481166 3.1481166 3.2700536 3.5866141 3.5866141 3.5866141 3.1481166 3.1481166 3.557087 3.557087 3.557087 3.4767346 3.4767346 3.4767346 3.4767346 3.4767346 3.4767346 2.9914453 2.5995407 2.76362 2.9914453 2.7616544 3.074803 3.074803 3.074803 3.074803 2.7616544 2.7616544 2.7616544 2.7616544 2.7616544 2.7616544 3.048453 3.048453 3.048453 3.074803 3.074803 2.5995407 2.5995407 2.7758303 2.76362 2.5995407 2.5995407 2.5995407 2.5995407 2.76362 2.5995407 2.5995407
3.1481166 3.1481166 3.1481166 3.1481166 3.1481166 3.1481166 3.1481166 3.4767346 3.4767346 3.4767346 3.5866141 3.5866141 3.5866141 3.5866141 3.5866141 3.557087 3.557087 3.557087 3.557087 3.557087 3.1481166 3.1481166 3.557087 3.1481166 3.4767346 3.4767346 3.186144 3.186144 3.186144 3.4767346 2.9914453 2.5995407 2.5995407 2.7616544 2.7616544 3.074803 3.074803 3.074803 3.074803 2.7616544 2.7616544 2.7616544 2.7616544 2.7616544 2.7616544 2.9914453 3.048453 3.048453 3.074803 3.074803 3.048453 2.9914453 2.9914453 2.9914453 2.76362 2.5995407 2.5995407 2.5995407 2.5995407 2.76362 2.76362
3.1481166 3.1481166 2.9335961 3.1481166 3.1481166 3.1481166 3.1481166 3.557087 3.1481166 2.9335961 3.5866141 3.5866141 3.5866141 3.5866141 3.5866141 3.557087 3.1481166 3.1481166 3.557087 3.557087 3.557087 3.1481166 3.557087 3.557087 3.4767346 3.4767346 3.186144 3.4767346 3.4767346 3.186144 2.76362 2.5995407 2.5995407 2.5995407 2.7616544 3.074803 3.074803 3.074803 3.074803 2.7616544 2.7616544 2.7616544 2.7616544 2.7616544 2.7616544 2.9914453 3.074803 3.074803 2.9914453 3.074803 3.048453 2.9914453 2.9914453 2.9914453 2.9914453 2.5995407 2.5995407 2.5995407 2.5995407 2.5995407 2.5995407
3.1481166 3.1481166 3.1481166 3.1481166 3.1481166 3.1481166 3.1481166 3.2566142 3.186144 3.186144 3.186144 3.5866141 3.1481166 3.1481166 3.5866141 3.557087 3.557087 3.1481166 3.5866141 3.5866141 3.5866141 3.4767346 3.557087 3.557087 3.557087 3.4767346 3.4767346 3.4767346 3.4767346 3.186144 2.5995407 2.5995407 2.5995407 2.5995407 2.7616544 3.074803 3.074803 3.074803 3.074803 2.7616544 2.7616544 2.7616544 2.7616544 3.048453 3.048453 2.7616544 3.074803 3.074803 2.9914453 2.9914453 2.8048034 2.9914453 2.7616544 2.9914453 2.9914453 2.5995407 2.5995407 2.5995407 2.5995407 2.5995407 2.76362
3.1481166 3.1481166 3.1481166 3.1481166 3.1481166 3.1481166 3.1481166 3.186144 3.2732284 3.186144 3.186144 3.1481166 3.1481166 3.4767346 3.4767346 3.557087 3.557087 3.557087 3.5866141 3.5866141 3.5866141 3.4767346 3.5866141 3.557087 3.557087 3.4767346 3.4767346 3.4767346 3.4767346 2.9335961 2.5995407 2.5995407 2.5995407 2.5995407 2.5995407 2.7616544 3.074803 3.074803 3.074803 2.9914453 2.7616544 3.074803 2.7616544 2.7616544 2.7616544 2.9914453 3.074803 3.074803 2.9914453 2.9914453 3.074803 2.9914453 2.9914453 2.9914453 2.5995407 2.5995407 2.5995407 2.5995407 2.5995407 2.5995407 2.76362
3.4767346 3.4767346 3.1481166 3.1481166 3.1481166 3.1481166 3.1481166 3.186144 2.9335961 3.2732284 3.186144 3.2732284 3.4767346 3.4767346 3.4767346 3.557087 3.557087 3.557087 3.5866141 3.5866141 3.5866141 3.5866141 3.5866141 3.5866141 3.5866141 3.4767346 3.4767346 3.1481166 3.1481166 3.1481166 2.7616544 2.7616544 2.7616544 2.7616544 2.7616544 2.9914453 2.7616544 3.074803 3.074803 3.074803 3.074803 3.074803 3.074803 2.7616544 2.7616544 2.9914453 2.9914453 2.7616544 2.7616544 2.9914453 3.074803 2.9914453 2.7616544 2.7616544 2.7616544 2.5995407 2.5995407 2.5995407 2.5995407 2.5995407 2.76362
3.186144 3.4767346 3.4767346 3.4767346 3.4767346 3.4767346 3.4767346 3.5866141 3.2732284 3.2732284 3.2732284 3.186144 3.5866141 3.5866141 3.557087 3.557087 3.5866141 3.5866141 3.5866141 3.5866141 3.5866141 3.5866141 3.5866141 3.5866141 3.4767346 3.4767346 3.4767346 3.4767346 2.9335961 3.1481166 2.7616544 3.074803 3.074803 3.074803 3.074803 2.7616544 2.7616544 3.074803 3.074803 3.074803 3.074803 3.074803 3.074803 3.074803 2.9914453 2.9914453 2.7616544 2.5995407 2.7616544 2.7616544 3.074803 2.7616544 2.7616544 2.7616544 2.7616544 2.7616544 2.5995407 2.5995407 2.5995407 2.5995407 2.76362
3.186144 3.4767346 3.4767346 3.4767346 3.4767346 3.4767346 3.4767346 3.5866141 3.4767346 3.186144 3.5866141 3.557087 3.557087 3.5866141 3.5866141 3.5866141 3.5866141 3.5866141 3.5866141 3.5866141 3.5866141 3.5866141 3.5866141 3.4767346 3.4767346 3.186144 3.186144 3.4767346 3.1481166 3.1481166 3.048453 3.074803 3.074803 3.074803 3.074803 3.074803 3.074803 3.074803 3.074803 3.074803 3.074803 3.074803 3.074803 3.074803 2.9914453 2.9914453 2.5995407 2.5995407 2.5995407 2.7616544 2.7616544 2.7616544 2.7616544 2.9914453 2.7616544 2.7616544 2.7616544 2.7616544 2.7616544 2.5995407 2.5995407
3.186144 3.186144 3.186144 3.4767346 3.4767346 3.4767346 3.4767346 3.5866141 3.5866141 3.186144 3.557087 3.557087 3.557087 3.1481166 3.557087 3.557087 3.5866141 3.5866141 3.5866141 3.5866141 3.5866141 3.5866141 3.4767346 3.4767346 3.4767346 3.4767346 3.186144 3.4767346 3.4767346 3.4767346 2.9914453 2.9914453 3.074803 3.074803 3.074803 3.074803 3.074803 3.074803 3.0484526 3.0484526 3.0484526 3.074803 3.074803 3.074803 2.9914453 2.9914453 2.5995407 2.5995407 2.5995407 2.5995407 2.5995407 2.5995407 2.5995407 2.76362 2.76362 2.9914453 2.9914453 2.7616544 2.9914453 2.7616544 2.7616544
3.186144 3.186144 3.186144 3.186144 3.4767346 3.5866141 3.2566142 3.5866141 3.5866141 3.186144 3.1481166 3.1481166 3.1481166 3.1481166 3.557087 3.1481166 3.5866141 3.5866141 3.5866141 3.5866141 3.5866141 3.4767346 3.4767346 3.4767346 3.4767346 3.4767346 3.186144 3.186144 3.4767346 3.4767346 2.9914453 2.9914453 3.074803 2.9914453 2.9914453 3.074803 3.074803 3.074803 3.0484526 3.0484526 3.0484526 3.074803 3.074803 3.074803 2.9914453 2.9914453 2.5995407 2.5995407 2.5995407 2.5995407 2.5995407 2.5995407 2.5995407 2.76362 2.76362 2.9914453 2.9914453 2.9914453 2.9914453 2.76362 2.7616544
3.186144 3.186144 3.186144 3.186144 3.4767346 3.1481166 3.1481166 3.5866141 3.1481166 3.5866141 3.1481166 3.1481166 3.1481166 3.1481166 3.1481166 3.1481166 3.5866141 3.5866141 3.5866141 3.5866141 3.5866141 3.4767346 3.186144 3.4767346 3.4767346 3.1481166 3.1481166 2.9335961 3.186144 3.186144 2.9914453 2.9914453 2.9914453 2.9914453 2.9914453 2.9914453 3.074803 3.074803 3.0484526 2.9914453 2.9914453 2.7616544 2.9914453 2.9914453 2.9914453 2.9914453 2.5995407 2.7616544 2.7616544 2.76362 2.76362 2.76362 2.76362 2.76362 2.76362 2.76362 2.76362 2.76362 2.76362 2.76362 2.9914453
3.4767346 3.4767346 3.4767346 3.4767346 3.4767346 3.1481166 3.1481166 3.5866141 3.1481166 3.1481166 3.557087 3.557087 3.1481166 3.1481166 2.9335961 3.1481166 3.5866141 3.5866141 3.1481166 3.1481166 3.4767346 3.4767346 3.186144 3.4767346 3.4767346 3.1481166 3.1481166 2.9335961 2.9335961 3.186144 2.9914453 2.9914453 2.9914453 2.9914453 2.9914453 2.9914453 3.074803 3.074803 3.074803 2.9914453 2.9914453 2.7616544 2.9914453 2.9914453 2.9914453 2.9914453 2.76362 2.9914453 2.9914453 2.76362 2.76362 2.5995407 2.7616544 2.76362 2.76362 2.76362 2.76362 2.76362 2.76362 2.76362 2.9914453
3.4767346 3.5866141 3.5866141 3.5866141 3.1481166 3.1481166 3.1481166 3.1481166 3.1481166 2.9335961 3.244646 3.244646 3.557087 3.1481166 3.1481166 3.1481166 3.5866141 3.5866141 3.1481166 2.9335961 3.4767346 3.4767346 3.186144 3.186144 3.186144 3.186144 2.9335961 2.9335961 2.9335961 3.186144 2.76362 2.9914453 2.9914453 2.9914453 2.9914453 2.9914453 3.048453 2.9914453 2.9914453 2.9914453 3.048453 3.048453 2.7616544 2.9914453 2.9914453 2.9914453 2.9914453 2.9914453 2.9914453 2.76362 2.5995407 2.7616544 2.7616544 2.5995407 2.76362 2.76362 2.76362 2.76362 2.76362 2.76362 2.76362
3.4767346 3.5866141 3.5866141 3.5866141 3.2566142 3.1481166 3.1481166 3.1481166 3.1481166 2.9335961 2.9335961 3.557087 3.557087 3.1481166 3.5866141 3.5866141 3.4767346 3.4767346 3.4767346 2.9335961 3.186144 3.186144 3.186144 3.186144 3.186144 3.186144 3.186144 3.186144 3.186144 3.186144 2.76362 2.76362 2.9914453 2.9914453 2.9914453 2.9914453 2.7758303 2.76362 2.9914453 2.9914453 2.9914453 2.9914453 3.074803 3.074803 2.9914453 2.9914453 2.9914453 2.9914453 2.5995407 2.5995407 2.5995407 2.7616544 2.7616544 2.5995407 2.5995407 2.76362 2.76362 2.76362 2.76362 2.76362 2.76362
3.5866141 3.5866141 3.5866141 3.5866141 3.2566142 3.1481166 3.1481166 3.1481166 3.1481166 2.9335961 3.186144 3.4767346 3.4767346 3.1481166 3.5866141 3.5866141 3.4767346 3.4767346 3.4767346 2.9335961 2.9335961 3.186144 3.186144 3.186144 3.186144 3.186144 3.186144 3.186144 3.186144 3.186144 2.76362 2.76362 2.9914453 2.9914453 2.76362 2.76362 2.76362 2.76362 2.76362 2.9914453 2.9914453 2.9914453 2.9914453 2.9914453 2.9914453 2.9914453 2.76362 2.76362 2.5995407 2.5995407 2.5995407 2.5995407 2.7616544 2.5995407 2.5995407 2.76362 2.76362 2.76362 2.76362 2.76362 2.76362
3.5866141 3.5866141 3.1481166 3.1481166 3.1481166 3.1481166 2.9335961 2.9335961 2.9335961 2.9335961 3.4767346 3.4767346 3.4767346 3.1481166 3.5866141 3.5866141 3.4767346 3.4767346 3.4767346 3.4767346 3.186144 3.186144 3.186144 3.186144 3.186144 3.186144 3.186144 3.186144 3.186144 3.186144 2.76362 2.76362 2.76362 2.76362 2.76362 2.76362 2.76362 2.76362 2.76362 2.9914453 2.9914453 2.9914453 2.9914453 2.9914453 2.9914453 2.76362 2.76362 2.76362 2.5995407 2.5995407 2.76362 2.5995407 2.5995407 2.5995407 2.76362 2.76362 2.76362 2.76362 2.76362 2.76362 2.9914453
3.5866141 3.5866141 3.5866141 3.1481166 3.1481166 3.1481166 3.1481166 3.1481166 3.4767346 3.4767346 3.4767346 3.4767346 3.5866141 3.5866141 3.5866141 3.5866141 3.5866141 3.4767346 3.4767346 3.4767346 3.186144 3.186144 3.186144 3.186144 3.186144 3.186144 3.186144 3.186144 3.186144 3.186144 2.76362 2.76362 2.5995407 2.76362 2.76362 2.76362 2.76362 2.76362 2.76362 2.76362 2.9914453 2.9914453 2.9914453 2.76362 2.76362 2.76362 2.76362 2.76362 2.76362 2.76362 2.76362 2.5995407 2.5995407 2.76362 2.76362 2.9914453 2.9914453 2.9914453 2.76362 2.9914453 2.7616544
3.557087 3.557087 3.5866141 3.5866141 3.1481166 3.1481166 3.1481166 3.1481166 3.4767346 3.4767346 3.557087 3.557087 3.1481166 3.5866141 3.5866141 3.5866141 3.5866141 3.4767346 3.4767346 3.4767346 3.186144 3.186144 3.186144 3.186144 3.186144 3.186144 3.186144 3.186144 2.9335961 2.9335961 2.5995407 2.76362 2.5995407 2.7616544 2.7616544 2.76362 2.76362 2.76362 2.9914453 2.9914453 2.9914453 2.9914453 2.9914453 2.9914453 2.76362 2.76362 2.76362 2.76362 2.76362 2.76362 2.76362 2.76362 2.76362 2.76362 2.76362 2.9914453 2.9914453 2.9914453 2.76362 2.9914453 2.9914453
3.557087 3.557087 3.5866141 3.5866141 3.1481166 3.1481166 3.1481166 3.2566142 3.1481166 3.1481166 3.1481166 3.557087 3.1481166 3.1481166 3.5866141 3.5866141 3.5866141 3.4767346 3.4767346 3.4767346 3.1481166 2.9335961 3.186144 3.186144 3.186144 3.186144 3.186144 2.9335961 2.9335961 2.9335961 2.5995407 2.5995407 2.5995407 2.7616544 2.7616544 2.76362 2.76362 2.9914453 2.9914453 2.9914453 2.9914453 2.7616544 2.7616544 2.7616544 2.9914453 2.9914453 2.76362 2.76362 2.76362 2.76362 2.76362 2.76362 2.76362 2.76362 2.9914453 2.9914453 2.9914453 3.048453 2.9914453 2.9914453 2.9914453
3.4212596 3.4212596 3.4212596 3.4212596 3.0912597 3.0912597 3.0912597 3.4212596 3.069444 3.069444 3.069444 3.4212596 3.4212596 3.4212596 3.4212596 3.4212596 3.4212596 3.4212596 3.3206868 3.069444 3.069444 2.8963385 2.8963385 3.0398614 3.0398614 3.0398614 2.8963385 2.8963385 2.8963385 2.8963385 2.6321514 2.6321514 2.7864754 2.7864754 3.008108 2.7850053 2.7850053 3.008108 3.008108 3.0646183 3.0646183 2.7864754 2.7864754 2.7864754 3.008108 3.008108 2.7850053 2.7850053 2.7850053 2.7850053 2.7850053 2.7850053 3.008108 3.008108 3.008108 3.008108 3.008108 3.0646183 3.008108 3.008108 3.0905511
3.3206868 3.3206868 3.3206868 3.4212596 3.0912597 3.069444 3.3868606 3.3868606 3.3206868 3.069444 3.069444 3.4212596 3.4212596 3.4212596 3.4212596 3.4212596 3.4212596 3.069444 3.3206868 3.069444 2.8963385 2.8963385 2.8963385 3.0398614 3.0398614 3.0398614 2.8963385 2.8963385 2.8963385 2.8963385 2.6321514 2.7850053 3.008108 2.7864754 3.008108 3.008108 3.008108 3.008108 3.008108 3.008108 3.0905511 3.0646183 3.0646183 2.7864754 3.008108 3.008108 2.7850053 2.7850053 2.7850053 2.7850053 2.7850053 2.7850053 3.008108 3.008108 3.008108 2.7864754 2.7864754 2.7864754 3.0646183 3.0646183 3.0905511
3.3206868 3.3206868 3.3206868 3.069444 3.069444 3.069444 3.3868606 3.3868606 3.4212596 3.3206868 3.3868608 3.4212596 3.4212596 3.4212596 3.069444 3.069444 3.069444 3.069444 3.3206868 3.3206868 3.0398614 3.0398614 3.0398614 3.0398614 3.0398614 3.0398614 3.0398614 3.0398614 3.0398614 3.0398614 2.7850053 2.7850053 2.6321514 2.7864754 2.7864754 3.008108 3.008108 2.7850053 3.008108 3.0905511 3.0905511 3.0646183 3.0646183 3.0905511 3.0905511 3.008108 3.008108 2.7850053 2.7850053 2.7850053 2.7850053 3.008108 3.008108 3.008108 3.008108 2.6321514 2.7864754 2.7864754 3.0646183 3.0646183 3.0646183
