Export/ASCII/RMeteo_SP_inch/p1/RMeteo_2015_SP2_inch.asc
ncols         660
nrows         338
xllcorner     1476150
yllcorner     5017150
cellsize      100
NODATA_value  -9.9e-20
[rows 243 to 269 of 338, columns 305 to 365 of 660]
5.7874007 5.7874007 5.7874007 5.7874007 5.7874007 5.786026 5.786026 3.9067068 3.9067068 3.9370873 3.9370873 3.9370873 3.9067068 5.7582283 5.7598414 5.7598414 3.7996335 5.720994 5.720994 5.720994 5.720994 5.7598414 5.7598414 5.7598414 5.7598414 5.7598414 5.0779514 5.0779514 5.0779514 5.0779514 5.0779514 5.0779514 5.0779514 5.0779514 5.0779514 5.0779514 5.0779514 5.0779514 5.0779514 3.7996335 3.7996335 3.7996335 3.7996335 3.7996335 5.7598414 5.7598414 5.7598414 5.0646977 5.0646977 5.0779514 5.0349936 5.0349936 5.7598414 5.720994 5.7598414 5.7582283 5.7582283 5.0349936 5.0349936 5.077952 4.1779523
5.7874007 5.7874007 5.7874007 5.7874007 5.7874007 5.7874007 5.7874007 5.7874007 5.7874007 3.9370873 3.9370873 3.9370873 3.9370873 5.7598414 5.7598414 5.7598414 3.7996335 5.7598414 5.720994 5.720994 5.720994 5.720994 5.720994 5.7598414 5.7582283 5.7598414 5.7598414 5.0779514 5.0779514 5.0779514 5.0779514 5.0779514 5.0779514 5.0779514 5.0779514 5.0779514 5.0779514 5.0779514 3.7996335 3.7996335 3.7996335 3.7996335 3.7996335 3.7996335 5.7598414 5.7598414 5.7598414 5.0646977 5.0646977 5.0349936 5.0349936 5.0349936 5.720994 5.7598414 5.7598414 5.7598414 5.7582283 5.0349936 5.0349936 5.077952 4.1779523
5.7874007 5.7874007 5.7874007 5.7874007 5.7874007 5.7874007 5.7874007 5.7874007 5.7874007 3.9370873 3.9370873 3.9370873 3.9370873 3.089339 3.089339 3.089339 3.7996335 5.7598414 5.720994 5.720994 5.0349936 5.0349936 5.720994 5.7598414 5.7582283 5.7598414 5.7598414 5.0779514 5.0349936 5.0349936 5.0779514 5.0779514 5.0779514 5.0779514 5.0779514 5.0779514 5.0779514 5.0349936 3.727952 3.7996335 3.7996335 3.7996335 5.0349936 3.7996335 5.7598414 5.7598414 5.7598414 5.0779514 5.0779514 5.0349936 5.0349936 5.4418254 5.720994 5.720994 5.7598414 5.7598414 5.7598414 5.720994 5.0349936 5.0349936 4.1779523
5.7874007 5.2417245 5.2417245 5.7874007 5.7874007 5.7874007 5.7874007 5.7874007 5.7874007 3.9370873 3.9370873 3.9370873 3.9370873 3.089339 3.089339 3.7996335 3.7996335 5.7598414 5.7598414 5.7598414 5.720994 5.0349936 5.720994 5.7598414 5.7598414 5.7598414 5.7598414 5.0779514 5.0646977 5.0646977 5.0349936 5.0779514 5.0779514 5.0779514 5.0779514 5.0779514 5.0779514 5.0646977 3.767953 3.7996335 3.7996335 3.7996335 5.0349936 5.7598414 5.7598414 5.7598414 5.7598414 5.7598414 5.0779514 4.8909764 4.8909764 5.4418254 4.8909764 5.0349936 5.0349936 5.7598414 5.720994 5.720994 5.0349936 5.077952 4.1779523
5.2417245 5.2417245 5.2417245 5.2417245 5.7874007 5.7874007 5.7874007 5.7874007 5.7874007 3.9370873 3.9370873 3.9370873 3.9370873 3.7996335 3.089339 3.089339 3.7996335 5.7598414 5.7598414 5.7598414 5.720994 5.720994 5.720994 5.720994 5.7598414 5.7598414 5.7598414 5.7598414 5.0646977 5.0646977 5.0349936 5.0779514 5.0779514 5.0779514 5.0779514 5.0779514 5.0779514 5.0646977 3.767953 3.7996335 3.7996335 3.7996335 3.727952 5.7598414 5.7598414 5.7598414 5.7598414 5.7598414 5.077952 4.8909764 4.8909764 4.8909764 4.8909764 5.0349936 5.0349936 5.0349936 5.720994 5.0349936 5.0349936 4.8909764 5.077952
5.2417245 5.2417245 5.2417245 5.2417245 5.7874007 5.7874007 5.7874007 5.7874007 5.7874007 5.7874007 3.9370873 3.9370873 3.9370873 3.7996335 3.7996335 3.089339 3.089339 5.7598414 5.7598414 5.7598414 5.7598414 5.720994 5.720994 5.720994 5.720994 5.720994 5.7598414 5.7598414 5.0349936 5.0349936 5.0349936 5.0779514 5.0779514 5.0779514 5.0779514 5.0779514 5.0779514 5.0646977 5.0646977 3.7996335 3.7996335 3.7996335 3.7996335 5.7598414 5.7598414 5.7598414 5.7598414 5.7598414 4.8909764 4.8909764 4.8909764 4.8909764 4.8909764 5.0349936 5.0349936 5.0349936 5.0349936 5.0349936 5.0349936 5.0349936 5.077952
5.2417245 5.2417245 5.2417245 5.2417245 5.7874007 5.7874007 4.840157 5.7874007 5.7874007 5.7874007 3.9370873 3.3153338 3.9370873 3.7996335 3.7996335 3.089339 3.089339 5.7598414 5.7598414 5.7598414 5.7598414 5.7598414 5.7598414 5.7598414 5.720994 5.720994 5.7598414 5.7598414 5.7598414 5.0779514 5.0779514 5.0779514 5.0779514 5.0779514 5.0779514 5.0779514 5.0779514 5.0349936 5.0779514 3.7996335 3.7996335 3.7996335 3.7996335 5.7598414 5.7598414 5.7598414 5.7598414 5.0779514 4.8909764 4.8909764 4.8909764 4.8909764 4.8909764 5.0349936 5.0349936 5.0349936 5.0349936 5.0349936 5.0349936 5.0349936 5.0349936
5.7874007 5.7874007 5.7874007 5.7874007 5.7874007 5.7874007 5.7874007 5.7874007 5.7874007 4.840157 5.786026 3.9067068 3.9370873 3.7996335 3.7996335 3.7996335 3.089339 5.7598414 5.7598414 5.7598414 5.7598414 5.7598414 5.7598414 5.7598414 5.7598414 5.7598414 5.7598414 5.7598414 5.7598414 5.0779514 5.0779514 5.0779514 5.0779514 5.0779514 5.0779514 5.0779514 5.0779514 5.0779514 5.0779514 3.7996335 3.7996335 3.7996335 3.7996335 3.7996335 5.7598414 5.7598414 5.0779514 5.077952 4.8909764 4.8909764 4.8909764 4.8909764 5.0349936 5.0349936 5.0349936 5.0349936 5.0349936 5.0349936 5.0349936 5.0349936 5.0349936
5.7874007 5.7874007 5.7874007 5.7874007 5.7874007 5.7874007 5.7874007 4.840157 4.840157 4.840157 5.786026 3.9370873 3.9370873 3.7996335 3.7996335 3.7996335 5.7598414 5.7598414 5.7598414 5.7598414 5.7598414 5.0779514 5.7598414 5.7598414 5.7598414 5.7598414 5.7598414 5.7598414 5.7598414 5.7598414 5.0779514 5.0779514 4.1779523 5.0779514 5.0779514 5.0779514 5.0779514 5.0779514 5.0779514 3.7996335 3.7996335 3.7996335 3.7996335 3.7996335 5.7598414 5.7598414 5.7598414 5.4418254 5.4418254 4.8909764 4.8909764 4.8909764 5.0349936 5.0349936 5.0349936 5.0349936 5.0349936 5.0349936 5.0349936 5.0349936 5.0349936
5.7874007 5.7874007 5.7874007 5.7874007 5.7874007 5.7874007 5.7874007 5.7874007 5.7874007 4.840157 5.752784 3.9067068 3.9370873 3.7996335 3.7996335 5.7598414 5.7598414 5.7598414 5.7598414 5.0779514 5.0779514 5.0779514 5.7598414 5.7598414 5.7598414 5.7598414 5.7598414 5.7598414 5.7598414 5.7598414 5.7598414 5.7598414 5.0779514 5.0779514 5.0779514 5.0779514 5.0779514 5.0779514 5.0779514 3.7996335 3.7996335 3.7996335 3.7996335 5.7598414 5.7598414 5.7598414 5.7598414 5.7598414 5.4418254 5.4418254 5.4418254 5.720994 5.0349936 5.0349936 5.0349936 5.0349936 5.0349936 5.0349936 5.0349936 5.0349936 5.720994
5.7874007 5.7874007 5.7874007 5.7874007 5.7874007 5.7874007 5.7874007 5.7874007 5.752784 5.752784 5.752784 3.8686023 3.9370873 4.7998424 5.7598414 5.7598414 5.7598414 5.7598414 5.7598414 5.7598414 5.7598414 5.7598414 5.7598414 5.7582283 5.7582283 5.7582283 5.7598414 5.7598414 5.7598414 5.7598414 5.7598414 5.7598414 5.7598414 5.0779514 5.0779514 5.0779514 5.0779514 5.0779514 5.0779514 5.0779514 3.7996335 3.7996335 3.7996335 5.7598414 5.7598414 5.7598414 5.4418254 5.4418254 5.7598414 5.7598414 5.7598414 5.720994 5.720994 5.0349936 5.0349936 5.0349936 5.0349936 5.0349936 5.0349936 5.720994 5.720994
5.7874007 5.7874007 5.7874007 5.7874007 5.7874007 5.7874007 5.7874007 5.7874007 5.752784 5.752784 5.1921325 5.1921325 5.752784 5.7598414 5.7598414 5.7598414 5.7598414 5.0779514 5.7598414 5.7598414 5.7598414 5.7598414 5.7598414 5.7582283 5.7582283 5.7598414 5.7598414 5.7598414 5.7598414 5.7598414 5.7598414 5.7598414 5.7598414 5.7598414 5.0779514 5.0779514 5.0779514 5.0779514 5.0779514 5.0779514 3.7996335 3.7996335 3.7996335 5.7598414 5.4418254 5.4418254 5.4418254 5.720994 5.720994 5.720994 5.7598414 5.7598414 5.720994 5.0349936 5.0349936 5.0349936 5.0349936 5.0349936 5.0349936 5.720994 5.720994
5.7874007 5.7874007 5.7874007 5.7874007 5.7874007 5.7874007 5.7874007 5.7874007 5.752784 5.752784 5.1921325 5.1921325 5.752784 5.720994 5.7582283 5.7582283 5.7598414 5.0779514 5.7598414 5.7598414 5.7598414 5.7598414 5.7598414 5.7598414 5.7598414 5.7598414 5.7598414 5.7598414 5.7598414 5.7598414 5.7598414 5.7598414 5.7598414 5.7598414 5.7598414 5.7598414 5.7598414 5.7598414 5.0779514 5.7598414 3.7996335 3.727952 3.727952 5.7598414 5.4418254 5.4418254 5.0349936 5.0349936 5.720994 5.720994 5.7598414 5.7598414 5.7598414 5.077952 5.0349936 5.0349936 5.0349936 5.0349936 5.0349936 5.0349936 5.0349936
5.7874007 5.7874007 5.7874007 5.7874007 5.7874007 5.7874007 5.7874007 5.7874007 5.786026 5.752784 5.1921325 5.1921325 5.752784 5.720994 5.7582283 5.7582283 5.7598414 5.0779514 5.7598414 5.7598414 5.7598414 5.7598414 5.7598414 5.7598414 5.7598414 5.7598414 5.7598414 5.7598414 5.7598414 5.7598414 5.7598414 5.7598414 5.758227 5.758227 5.758227 5.7598414 5.7598414 5.7598414 5.7598414 5.7598414 5.7598414 3.727952 3.727952 5.758227 5.4418254 5.4418254 5.720994 5.720994 5.720994 5.720994 5.7598414 5.7598414 5.0349936 5.0349936 5.0349936 5.0349936 5.0349936 5.0349936 5.720994 5.7598414 5.720994
5.7874007 5.7874007 5.7874007 5.7874007 5.7874007 5.7874007 5.7874007 5.7874007 5.786026 5.752784 5.752784 5.752784 5.752784 5.7598414 5.7598414 5.7598414 5.7598414 4.1779523 0.0 0.0 5.7582283 5.7598414 5.7598414 5.7598414 5.7598414 5.7598414 5.7598414 5.7598414 5.7598414 5.7598414 5.7598414 5.7598414 5.758227 5.7598414 5.7598414 5.758227 5.7598414 5.7598414 5.7598414 5.7598414 5.7598414 5.0349936 3.727952 5.758227 5.758227 5.4418254 5.7598414 5.720994 5.0349936 5.720994 5.720994 5.720994 5.0349936 5.0349936 5.0349936 5.0349936 5.0349936 5.0349936 5.720994 5.7598414 5.720994
5.7874007 5.7874007 5.7874007 5.7874007 5.7874007 5.7874007 5.7874007 5.7874007 5.786026 5.786026 5.7874007 5.7874007 5.7874007 5.7598414 5.7598414 5.7598414 5.7598414 4.7998424 4.7998424 0.0 5.7582283 5.7582283 5.7598414 5.7598414 5.7598414 5.7598414 5.7598414 5.7598414 5.7598414 5.7598414 5.7598414 5.7598414 5.758227 5.720994 5.7582283 5.7582283 5.7598414 5.7598414 5.7598414 5.7598414 5.7598414 5.0779514 3.7996335 5.758227 5.720994 5.720994 5.0349936 5.720994 5.720994 5.720994 5.720994 5.0349936 5.0349936 5.0349936 5.0349936 3.727952 3.727952 5.0349936 5.720994 5.077952 5.077952
5.7874007 5.7874007 5.7874007 5.7874007 5.7874007 5.7874007 5.7874007 5.7874007 5.7874007 5.7874007 5.7874007 5.7874007 5.7874007 5.7598414 5.7598414 5.7598414 4.7998424 4.7998424 5.7598414 5.0646977 5.0646977 5.0646977 5.7598414 5.7598414 5.7598414 5.7598414 5.7598414 5.7598414 5.7598414 5.7598414 5.7598414 5.7598414 5.7598414 5.720994 5.7582283 5.7582283 5.7598414 5.7598414 5.7598414 5.7598414 5.7598414 5.0779514 3.7996335 3.7996335 5.720994 5.0349936 5.0349936 5.0349936 5.0349936 5.0349936 5.720994 3.727952 5.0349936 5.0349936 3.727952 3.727952 3.727952 3.727952 5.720994 5.077952 5.077952
5.4960623 5.4960623 5.4960623 5.4960623 5.4960623 5.4960623 5.4960623 5.4960623 5.4960623 5.4960623 5.4960623 5.4960623 5.4960623 5.6889753 5.6889753 5.6889753 0.0 4.681732 4.681732 5.190425 5.190425 5.190425 5.6889753 5.6889753 5.6889753 5.6889753 5.6889753 5.6889753 5.6889753 5.6889753 5.6889753 5.6889753 5.6889753 5.664345 5.664345 5.6889753 5.6889753 5.6889753 5.6889753 5.6889753 5.6889753 5.199999 5.199999 3.8625267 5.163128 5.163128 5.163128 5.163128 5.163128 3.8625267 3.9282217 3.8625267 3.8625267 3.8625267 3.8625267 3.8625267 3.8625267 3.9282217 5.6889753 5.4310474 5.4310474
5.4960623 5.4960623 5.4960623 5.4960623 5.4960623 5.4960623 5.4960623 5.4960623 3.8599806 3.8599806 3.8599806 3.8599806 5.4960623 5.6889753 5.688833 5.6889753 5.6889753 0.0 4.681732 4.681732 5.190425 5.190425 5.199999 5.6889753 5.6889753 5.6889753 5.6889753 5.6889753 5.6889753 5.6889753 5.6889753 3.9282217 5.6889753 5.6889753 5.6889753 5.6889753 5.6889753 5.6889753 5.6889753 5.6889753 5.6889753 5.199999 5.190425 5.163128 5.664345 5.664345 5.163128 5.163128 5.163128 3.8625267 3.8625267 3.8625267 3.8625267 3.8625267 3.7610905 3.7610905 5.199999 5.199999 5.199999 5.4310474 5.4310474
5.4960623 5.4960623 5.4960623 5.4960623 5.4960623 5.4960623 5.4960623 5.4960623 5.4960623 3.8599806 5.4960623 5.4960623 5.4960623 5.688833 5.688833 5.688833 5.6889753 5.6889753 4.681732 4.681732 5.199999 5.199999 5.199999 5.6889753 5.6889753 5.6889753 5.6889753 5.6889753 5.6889753 5.6889753 3.9282217 3.9282217 5.6889753 5.6889753 5.6889753 5.6889753 5.6889753 5.6889753 5.6889753 5.6889753 5.6889753 5.6889753 5.163128 5.163128 5.664345 5.664345 5.664345 5.163128 5.664345 3.8625267 3.8625267 3.8625267 3.8625267 3.8625267 3.8625267 3.8625267 5.199999 5.199999 5.199999 5.199999 4.9781
3.8599806 5.4960623 5.4960623 5.4960623 5.4960623 5.4960623 5.4960623 5.4960623 5.4960623 5.4960623 5.4960623 5.4960623 5.4960623 5.6889753 5.688833 5.688833 5.6889753 5.6889753 5.6889753 5.6889753 5.6889753 5.199999 5.199999 5.6889753 5.688833 5.688833 5.6889753 5.6889753 5.6889753 5.6889753 3.9282217 3.9282217 5.6889753 5.6889753 5.6889753 5.6889753 5.6889753 5.6889753 5.6889753 5.6889753 5.6889753 5.6889753 5.664345 5.664345 5.664345 5.6889753 5.664345 5.664345 5.664345 4.9781 5.163128 5.163128 3.8625267 3.8625267 3.8625267 3.8625267 5.163128 5.199999 5.199999 5.199999 5.199999
3.8599806 5.4960623 5.4960623 5.4960623 5.4960623 5.4960623 5.4960623 5.4960623 5.4960623 5.4960623 5.4960623 5.4960623 5.4960623 5.6889753 5.6889753 5.6889753 5.6889753 5.6889753 5.6889753 5.6889753 5.6889753 5.6889753 5.199999 5.199999 5.688833 5.688833 5.6889753 5.6889753 5.6889753 3.9282217 3.9282217 3.9282217 3.9282217 5.6889753 5.6889753 5.6889753 5.6889753 5.6889753 5.6889753 5.6889753 5.6889753 5.6889753 5.664345 5.664345 5.688833 5.6889753 5.664345 5.664345 5.163128 5.163128 5.199999 5.199999 5.163128 5.163128 5.163128 5.163128 5.199999 5.199999 5.199999 5.199999 5.199999
5.4960623 5.4960623 3.8599806 5.4960623 5.4960623 3.8599806 3.8599806 5.4960623 5.4960623 5.4960623 5.4960623 5.4960623 5.4960623 5.6889753 5.6889753 5.6889753 5.6889753 5.6889753 5.6889753 5.6889753 5.6889753 5.6889753 5.6889753 5.199999 5.6889753 5.6889753 5.6889753 5.6889753 5.6889753 3.9282217 3.9282217 3.9282217 3.9282217 5.6889753 5.6889753 5.6889753 5.6889753 5.6889753 5.6889753 5.6889753 5.6889753 5.6889753 5.664345 5.664345 5.664345 5.664345 5.664345 5.664345 5.163128 5.163128 5.163128 5.199999 5.199999 5.199999 5.163128 5.163128 5.199999 5.199999 5.199999 5.199999 5.199999
5.4960623 5.4960623 5.4960623 5.4960623 5.4960623 3.8599806 3.8599806 5.4960623 5.4960623 5.4960623 5.4960623 5.4960623 5.4960623 5.6889753 5.6889753 5.6889753 5.6889753 5.6889753 5.6889753 5.6889753 5.6889753 5.6889753 5.4310474 4.9781 5.4310474 5.6889753 5.6889753 5.6889753 5.6889753 3.9282217 3.9282217 3.9282217 3.9282217 3.9282217 3.9282217 5.6889753 5.6889753 5.6889753 5.6889753 5.664345 5.664345 5.664345 5.664345 5.664345 5.664345 5.664345 5.664345 5.199999 5.190425 5.163128 5.163128 5.199999 5.199999 5.199999 5.199999 5.199999 5.199999 5.199999 5.199999 5.199999 5.199999
5.4960623 5.4960623 5.4960623 5.4960623 5.4960623 5.4960623 3.8599806 5.4960623 5.4960623 5.4960623 5.4960623 5.4960623 5.4960623 5.6889753 5.6889753 5.6889753 5.4310474 5.6889753 5.6889753 5.664345 5.6889753 5.4310474 5.664345 5.163128 5.4310474 5.4310474 5.4310474 5.4310474 5.4310474 3.7610905 3.7610905 3.7610905 3.9282217 3.9282217 3.9282217 3.9282217 5.6889753 5.6889753 5.664345 5.664345 5.163128 5.163128 5.664345 5.664345 5.664345 5.664345 5.664345 5.199999 5.190425 5.190425 4.24874 5.199999 5.199999 5.199999 5.199999 5.199999 5.199999 5.199999 5.199999 5.199999 5.199999
3.8599806 3.8599806 5.4960623 5.4960623 5.4960623 5.4960623 5.4960623 5.4960623 5.4960623 5.4960623 5.4960623 5.4960623 5.4960623 5.6889753 5.6889753 5.6889753 5.4310474 5.664345 5.664345 5.664345 5.664345 5.664345 5.664345 5.163128 5.4310474 5.4310474 4.9781 4.9781 4.9781 4.9781 4.9781 3.7610905 3.9003108 3.9003108 3.9282217 3.9282217 5.6889753 5.6889753 5.664345 5.664345 5.664345 5.664345 5.163128 5.664345 5.664345 5.664345 5.664345 5.199999 4.24874 5.199999 5.163128 5.163128 5.199999 5.163128 5.163128 5.199999 5.199999 5.199999 5.199999 5.199999 5.199999
5.029133 3.8599806 5.4960623 5.4960623 5.4960623 5.4960623 5.4960623 5.4960623 5.4960623 5.4960623 5.4960623 5.4960623 5.4960623 5.6889753 5.6889753 5.6889753 5.6889753 5.664345 5.664345 5.664345 5.664345 5.664345 5.163128 5.163128 5.190425 5.190425 4.9781 4.9781 5.4310474 5.4310474 5.4310474 3.7610905 3.9003108 3.9003108 3.9282217 3.9282217 3.9282217 5.6889753 5.6889753 5.6889753 5.664345 5.664345 5.664345 5.664345 5.6889753 5.664345 5.664345 5.6889753 5.199999 5.163128 5.190425 5.190425 5.163128 5.163128 5.163128 5.199999 5.199999 5.163128 5.163128 5.163128 5.199999
