Export/ASCII/RMeteo_SP_inch/p1/RMeteo_2016_SP4_inch.asc
ncols         660
nrows         338
xllcorner     1476150
yllcorner     5017150
cellsize      100
NODATA_value  -9.9e-20
[rows 168 to 195 of 338, columns 244 to 304 of 660]
7.3425193 7.3425193 7.3425193 7.3425193 7.3425193 7.3425193 7.3425193 7.3425193 7.3425193 0.0 0.0 7.3425193 7.3425193 7.3425193 7.3224044 7.3224044 7.3425193 7.3425193 7.3425193 7.3425193 6.5025187 6.5025187 7.3425193 7.3425193 7.3425193 7.3425193 7.2250123 6.301108 6.301108 6.301108 6.301108 6.301108 6.342751 6.342751 6.3574796 7.3425193 7.3425193 7.3425193 6.3574796 6.3574796 5.5774784 5.5774784 6.3574796 7.3425193 7.3425193 5.942934 5.942934 5.942934 6.7471757 6.7471757 6.7471757 6.7471757 6.301108 7.2250123 7.3224044 7.3425193 7.3224044 7.3224044 7.2250123 7.2250123 6.301108
7.3425193 7.3425193 7.3425193 7.3425193 7.3425193 7.3425193 7.3425193 7.3425193 6.3553653 6.3553653 6.3553653 6.3553653 7.3425193 7.3425193 7.3224044 7.3425193 7.3425193 7.3425193 7.3425193 7.3425193 7.3425193 6.5025187 7.3425193 7.3425193 7.3425193 7.3425193 7.2250123 7.2250123 4.6246104 6.301108 6.301108 6.301108 6.301108 6.342751 6.5025187 7.3425193 7.3425193 7.3425193 7.3425193 5.5774784 5.5774784 6.3574796 6.342751 7.3224044 7.3425193 6.7471757 5.942934 5.942934 5.942934 6.7471757 6.7471757 6.7471757 5.942934 6.7471757 7.3425193 7.3425193 7.3224044 7.3224044 7.3425193 7.2250123 7.3425193
7.3425193 7.3425193 7.3425193 7.3425193 7.3425193 7.3425193 6.3574796 6.3553653 6.3553653 6.3553653 6.3553653 6.3553653 7.3224044 7.3224044 7.3425193 7.3425193 7.3425193 7.3425193 7.3425193 7.3425193 7.3425193 6.5025187 6.5025187 7.3425193 7.3425193 7.3425193 7.3425193 4.731512 4.6246104 6.301108 6.301108 7.2250123 7.2250123 7.3425193 6.5025187 6.5025187 7.3425193 7.3425193 7.3425193 6.3574796 5.5774784 5.5774784 6.342751 6.342751 7.3425193 7.3425193 5.942934 5.942934 5.942934 6.7471757 7.3425193 6.7471757 6.7471757 6.7471757 6.301108 6.301108 7.3224044 7.3224044 7.3425193 7.3425193 7.3224044
7.3425193 7.3425193 7.3425193 7.3425193 7.3425193 0.0 0.0 0.0 0.0 0.0 6.3553653 6.3553653 6.342751 7.3224044 7.3425193 7.3425193 7.3425193 7.3425193 7.3425193 7.3425193 7.3425193 6.5025187 6.5025187 7.3425193 7.3425193 7.3425193 7.3425193 4.731512 4.6246104 6.301108 6.301108 6.3574796 7.3425193 7.3425193 7.3425193 6.5025187 6.5025187 7.3425193 7.3425193 6.3574796 6.3574796 5.5774784 6.3574796 5.5774784 6.342751 6.342751 6.3574796 6.3574796 6.3574796 6.3574796 7.3425193 7.3224044 7.3224044 7.3425193 7.3425193 7.3425193 7.3425193 7.3425193 7.3425193 7.3224044 7.3224044
4.731512 4.731512 4.731512 4.731512 4.731512 4.731512 0.0 0.0 7.3425193 7.3425193 7.3425193 7.3425193 7.3425193 7.3224044 7.3425193 7.3425193 7.3425193 7.3425193 7.3425193 7.3425193 7.3224044 7.3224044 7.3224044 7.3425193 7.3425193 7.3425193 7.3425193 7.3425193 4.731512 6.3574796 6.3574796 6.3574796 7.3425193 7.3425193 7.3425193 6.5025187 6.5025187 7.3425193 7.3425193 7.3425193 6.3574796 6.301108 6.301108 6.3574796 6.342751 6.342751 6.3574796 6.3574796 6.3574796 6.3574796 6.3574796 7.3224044 7.3224044 7.3224044 7.3425193 7.3425193 6.7471757 6.342751 6.342751 6.7471757 7.3224044
4.731512 4.731512 4.731512 4.731512 4.693379 4.693379 7.3425193 7.3425193 7.3425193 7.3425193 7.3425193 7.3425193 7.3425193 7.3425193 7.3425193 7.3425193 7.3425193 7.3425193 7.3425193 6.7471757 6.7471757 7.3224044 7.3224044 7.3425193 7.3425193 7.3425193 7.2250123 7.3425193 7.3425193 6.3574796 6.3574796 6.3574796 7.3425193 7.3425193 7.3425193 7.3425193 6.5025187 6.5025187 6.5025187 7.2250123 7.2250123 6.301108 6.301108 6.3574796 6.342751 6.342751 6.3574796 6.3574796 6.3574796 6.3574796 6.3574796 6.301108 7.3224044 7.3224044 7.3425193 6.7471757 5.942934 5.942934 5.942934 5.942934 6.7471757
4.731512 4.731512 4.731512 4.731512 4.693379 4.693379 7.3425193 7.3425193 7.3425193 7.3425193 7.3425193 7.3425193 7.3425193 7.3425193 7.3425193 7.3425193 7.3425193 7.3425193 7.3425193 7.2250123 7.2250123 7.2250123 7.3224044 7.3224044 7.2250123 7.2250123 7.2250123 7.2250123 7.3425193 4.731512 6.3574796 6.3574796 7.3425193 7.3425193 7.3425193 7.3425193 6.5025187 7.3425193 7.3425193 6.301108 6.301108 6.301108 6.3574796 6.3574796 6.3574796 6.3574796 6.3574796 6.3574796 6.301108 6.301108 6.301108 6.301108 6.301108 7.3425193 7.3425193 6.7471757 5.942934 5.942934 5.942934 5.942934 5.942934
4.731512 4.731512 4.731512 4.731512 4.693379 6.342751 6.3574796 6.3574796 7.3425193 7.3425193 7.3425193 7.3425193 7.3425193 7.3425193 7.3425193 7.3425193 7.3425193 7.3425193 7.3425193 7.2250123 7.2250123 7.2250123 7.2250123 7.2250123 7.2250123 6.301108 7.2250123 7.3425193 7.3425193 4.731512 6.3574796 6.342751 7.3425193 7.3425193 7.3425193 7.3425193 7.3425193 7.3425193 7.3425193 6.3574796 6.301108 6.301108 6.3574796 7.3425193 7.3425193 6.3574796 6.301108 6.301108 6.301108 6.301108 6.301108 6.301108 6.301108 6.3574796 7.3425193 6.7471757 6.7471757 5.942934 5.942934 5.942934 5.942934
7.3425193 7.3425193 4.731512 4.731512 6.3574796 6.3574796 6.3574796 6.3574796 7.3425193 7.3425193 7.3425193 7.3425193 7.3425193 7.3425193 7.3425193 7.3425193 7.3425193 7.3425193 7.3425193 7.2250123 7.2250123 7.2250123 6.301108 6.301108 6.301108 6.301108 7.2250123 7.2250123 7.2250123 4.731512 4.731512 6.342751 7.3224044 7.3425193 7.3425193 7.3425193 7.3425193 7.3425193 7.3425193 6.3574796 6.3574796 6.3574796 6.3574796 7.3425193 7.3425193 7.3425193 6.301108 6.301108 6.301108 6.301108 6.301108 6.301108 6.301108 6.301108 7.3425193 7.3425193 6.7471757 5.942934 5.942934 5.942934 6.7471757
7.3425193 7.3425193 4.731512 4.731512 4.731512 6.3574796 6.3574796 6.3574796 7.3425193 7.3425193 7.3425193 7.3425193 7.3425193 7.3425193 7.3425193 7.3425193 7.3425193 7.2250123 7.2250123 7.2250123 7.2250123 6.301108 6.301108 6.301108 6.301108 6.301108 6.301108 7.2250123 7.2250123 4.693379 4.693379 4.4617567 7.3224044 7.3224044 7.3425193 7.3425193 7.3425193 7.3425193 7.3425193 7.3425193 6.3574796 6.3574796 6.3574796 6.3574796 7.3425193 7.3425193 6.3574796 6.301108 6.301108 6.301108 7.2250123 6.301108 6.301108 6.342751 7.3425193 7.3425193 5.942934 5.942934 5.942934 5.942934 6.7471757
7.3425193 7.3425193 4.731512 4.731512 6.3574796 6.3574796 6.3574796 6.3574796 4.731512 4.731512 7.3425193 7.3425193 7.3425193 7.3425193 7.3425193 7.3425193 7.3425193 7.3425193 7.2250123 7.2250123 7.2250123 6.301108 6.301108 6.301108 6.301108 6.301108 6.301108 7.2250123 7.2250123 7.3224044 4.693379 7.3224044 7.3224044 7.3224044 7.3224044 7.3425193 7.3425193 7.3425193 7.3425193 7.3425193 6.3574796 6.3574796 6.3574796 6.3574796 7.3425193 7.3425193 6.3574796 6.301108 6.301108 6.301108 6.301108 6.301108 6.301108 6.301108 6.342751 6.3574796 6.3574796 5.942934 5.942934 5.942934 5.942934
6.5025187 6.5025187 4.731512 4.731512 6.3574796 6.3574796 6.3574796 6.3574796 4.731512 4.731512 7.3425193 7.3425193 7.3224044 7.3224044 7.3224044 7.3425193 7.3425193 7.3224044 7.2250123 6.301108 6.301108 6.301108 6.301108 6.301108 6.301108 6.301108 7.2250123 7.2250123 7.2250123 7.3224044 7.3224044 7.3224044 7.3224044 7.3224044 7.3425193 7.3425193 7.3425193 7.3425193 7.3425193 7.3425193 7.3425193 6.3574796 6.3574796 6.3574796 6.3553653 7.3425193 6.3574796 6.301108 6.301108 6.301108 6.301108 6.301108 6.301108 6.342751 6.342751 6.3574796 6.342751 6.342751 5.942934 5.942934 5.942934
4.731512 4.189425 4.189425 4.731512 6.3574796 6.3574796 6.3574796 6.3574796 6.3574796 4.731512 7.3224044 7.3224044 7.3224044 7.3224044 7.3224044 6.342751 7.3224044 7.3224044 7.2250123 7.2250123 6.301108 6.301108 6.301108 6.301108 7.3425193 7.2250123 7.2250123 7.2250123 7.2250123 7.3224044 7.2250123 4.7350135 7.3224044 7.3224044 7.3425193 7.3425193 7.3425193 7.3425193 7.3425193 7.3425193 7.3425193 7.3425193 6.3574796 6.3574796 6.3553653 7.3425193 6.3574796 6.301108 6.301108 7.2250123 7.2250123 7.3224044 6.3574796 6.342751 6.3574796 6.3574796 6.342751 6.342751 6.3574796 5.942934 5.942934
4.6246104 4.189425 4.189425 4.731512 6.3574796 6.3574796 6.3574796 6.3574796 6.3574796 4.731512 7.3425193 7.3425193 7.3425193 7.3425193 7.3224044 7.3224044 7.3224044 7.3425193 7.2250123 7.2250123 7.2250123 6.301108 6.301108 6.301108 7.3425193 7.3425193 7.3425193 7.2250123 7.3425193 7.2250123 7.2250123 7.3224044 7.3224044 7.3224044 7.3425193 7.3425193 7.3425193 6.3574796 6.3574796 7.3425193 7.3425193 7.3425193 6.3574796 6.3574796 6.3574796 7.3425193 7.3425193 7.3425193 7.3425193 7.3425193 7.3224044 7.3224044 6.342751 6.342751 6.3574796 6.3574796 6.3574796 6.3574796 6.3574796 6.3574796 5.942934
4.602518 4.170893 4.170893 4.6970067 4.6970067 6.298424 6.298424 6.298424 6.298424 6.298424 7.2952757 7.2952757 7.2952757 7.2952757 7.2952757 7.2952757 7.2952757 7.2742367 7.2742367 7.1767955 7.1767955 6.243802 6.243802 6.243802 7.1767955 7.1767955 7.2952757 7.2952757 6.699839 6.699839 7.2952757 7.2742367 7.2742367 7.2952757 7.2952757 7.2952757 7.2952757 7.2952757 6.298424 7.2952757 7.2952757 7.2952757 6.298424 6.298424 5.904222 6.699839 7.2952757 7.2952757 7.2952757 7.2952757 7.2742367 7.2952757 4.6970067 4.663349 6.298424 6.298424 6.298424 6.298424 6.296899 6.298424 5.904222
4.6633472 4.6970067 4.6970067 4.170893 4.6970067 4.6970067 6.298424 6.298424 6.298424 6.298424 7.2952757 7.2952757 7.2952757 7.2952757 7.2952757 7.2952757 7.2952757 7.2952757 7.2742367 7.1767955 7.1767955 7.1767955 7.1767955 7.1767955 7.2742367 7.2952757 7.1767955 6.243802 6.699839 6.699839 6.699839 7.2742367 7.2742367 7.2952757 7.2952757 7.2952757 7.2952757 7.2952757 6.298424 6.298424 6.298424 6.298424 6.298424 6.298424 5.904222 6.699839 7.2952757 7.2952757 7.2952757 7.2952757 7.2952757 4.6970067 4.6970067 6.298424 6.298424 6.285877 6.285877 6.296899 6.298424 6.298424 6.298424
4.170893 4.6970067 4.6970067 4.6970067 4.6970067 4.6970067 4.6970067 6.298424 6.298424 6.298424 6.298424 6.298424 7.2952757 7.2952757 7.2952757 7.2952757 7.2952757 7.2952757 7.2952757 7.2952757 7.1767955 7.1767955 7.2952757 7.2952757 7.2742367 7.2952757 6.699839 5.904222 5.904222 5.904222 7.1767955 7.1767955 6.699839 7.2952757 7.2952757 7.2952757 7.2952757 6.298424 6.298424 6.298424 6.298424 6.298424 6.298424 6.298424 6.298424 5.5208654 7.2952757 7.2952757 7.2952757 4.6970067 4.6970067 4.6970067 4.6970067 6.298424 6.298424 6.285877 6.285877 6.285877 6.298424 6.298424 6.243802
4.170893 4.170893 4.6970067 4.6970067 4.6970067 4.6970067 4.6970067 6.298424 6.298424 6.298424 6.298424 6.298424 6.298424 7.1767955 7.1767955 7.1767955 7.2952757 7.2952757 7.2952757 7.2952757 7.2952757 7.2952757 7.2952757 7.2952757 6.699839 6.699839 5.904222 5.904222 5.904222 5.904222 6.243802 6.243802 6.699839 7.2952757 7.2952757 7.2952757 7.2952757 6.298424 6.298424 6.298424 6.298424 6.298424 6.298424 6.298424 6.298424 6.285877 7.2952757 7.2952757 4.6970067 4.6970067 4.6970067 4.6970067 4.6970067 6.298424 6.298424 6.298424 4.6633472 5.904222 5.5208654 6.296899 6.243802
7.2952757 6.457716 4.170893 4.6970067 4.6970067 4.6970067 4.6970067 4.6970067 4.6970067 6.298424 6.298424 6.298424 6.298424 7.2952757 7.1767955 7.2742367 7.2952757 7.2952757 7.2952757 7.2952757 7.2742367 7.2952757 7.2952757 7.2952757 6.699839 5.904222 5.904222 5.904222 5.904222 5.904222 5.904222 5.904222 6.699839 6.699839 7.2952757 7.2952757 7.2952757 7.2952757 6.298424 6.298424 6.298424 6.298424 6.298424 6.298424 6.285877 6.285877 6.298424 7.2952757 4.6970067 4.6970067 4.6970067 4.6970067 4.6970067 6.298424 6.298424 6.298424 4.4641747 4.4641747 5.904222 5.904222 6.296899
7.2952757 7.2952757 4.170893 4.6970067 4.6970067 4.6970067 4.6970067 4.6970067 4.6970067 6.243802 6.243802 6.298424 6.298424 7.2952757 7.2742367 7.2742367 7.2952757 7.2952757 7.2742367 7.2742367 7.2742367 7.2952757 7.2952757 7.2952757 6.699839 6.699839 6.699839 6.699839 4.4641747 5.904222 5.904222 5.904222 5.904222 6.699839 6.699839 7.2952757 7.2952757 7.2952757 6.298424 6.298424 6.298424 6.298424 6.298424 6.298424 6.285877 6.285877 6.285877 7.2952757 4.6970067 4.6970067 4.6970067 4.6970067 4.6970067 6.298424 5.904222 5.904222 4.4641747 4.4641747 4.4641747 6.298424 6.243802
4.6970067 7.2952757 7.2952757 4.170893 4.6970067 4.6970067 4.6970067 4.6970067 4.6970067 6.243802 6.243802 6.298424 6.298424 7.2952757 7.2742367 7.2742367 7.2742367 7.2742367 7.1767955 7.1767955 7.1767955 7.2952757 7.2952757 7.2952757 6.699839 6.699839 6.699839 4.4641747 4.4641747 5.904222 5.904222 5.904222 5.904222 5.904222 6.699839 7.2952757 7.2952757 7.2952757 6.298424 6.298424 6.298424 6.298424 6.298424 6.298424 6.298424 6.285877 6.298424 6.285877 7.2952757 7.2952757 4.6970067 4.6970067 4.6970067 6.298424 6.298424 5.904222 5.904222 4.4641747 4.4641747 4.4641747 4.602518
4.6970067 7.2952757 7.2952757 4.6970067 4.6970067 4.6970067 4.6970067 4.6970067 4.6970067 6.298424 6.243802 6.298424 6.298424 7.2952757 7.2952757 7.2952757 7.2742367 7.2742367 7.1767955 7.1767955 7.1767955 7.2952757 7.2952757 7.2952757 7.2952757 6.699839 6.699839 4.4641747 4.4641747 4.4641747 5.904222 5.904222 5.904222 5.904222 6.699839 6.699839 7.2952757 7.2952757 6.298424 6.298424 6.298424 6.298424 6.298424 6.298424 6.285877 6.298424 6.285877 6.285877 7.2742367 7.2952757 4.6970067 4.6970067 4.6970067 6.298424 6.298424 5.904222 5.904222 4.4641747 4.4641747 4.4641747 4.602518
4.6970067 4.6970067 7.2952757 7.2952757 4.6970067 4.6970067 4.6970067 4.6970067 4.6970067 6.298424 6.298424 6.298424 6.298424 7.2952757 7.2952757 7.2952757 7.2952757 7.2952757 7.2952757 4.6970067 4.6970067 7.2952757 7.2952757 7.2952757 4.6970067 4.6970067 4.4641747 4.4641747 5.904222 5.904222 5.904222 5.904222 5.904222 5.904222 5.904222 6.699839 6.699839 7.2952757 6.298424 6.298424 6.298424 5.5208654 5.5208654 6.298424 6.298424 6.298424 6.298424 6.285877 7.2742367 7.2952757 7.2952757 4.6970067 4.6970067 4.6970067 6.298424 6.298424 5.904222 4.4641747 4.4641747 4.6970067 4.602518
4.6970067 4.6970067 4.6970067 7.2952757 4.6970067 4.6970067 4.6970067 4.6970067 4.6970067 6.298424 6.298424 6.298424 6.298424 6.298424 7.2952757 7.1767955 7.1767955 7.1767955 4.602518 4.6970067 4.6970067 4.6970067 4.6970067 4.6970067 4.6970067 4.6970067 4.4641747 4.4641747 5.904222 5.904222 5.904222 5.904222 5.904222 5.904222 5.904222 5.904222 7.2742367 7.2742367 6.298424 6.298424 6.298424 6.298424 6.298424 5.5208654 5.5208654 0.0 6.298424 6.298424 6.298424 7.2952757 7.2952757 4.6970067 4.6970067 4.6970067 4.6970067 4.6970067 4.6970067 4.6970067 4.6970067 4.6633472 4.602518
4.6970067 4.6970067 4.6970067 7.2952757 7.2952757 4.6970067 4.6970067 4.6970067 4.6970067 6.298424 6.298424 6.298424 6.298424 5.904222 6.699839 7.1767955 7.1767955 7.1767955 4.602518 4.602518 4.6970067 4.6970067 4.6970067 4.6970067 4.6970067 4.6970067 4.6970067 4.4641747 5.904222 5.904222 5.904222 5.904222 5.904222 5.904222 5.904222 5.904222 6.285877 6.285877 6.298424 6.298424 6.298424 6.296899 6.296899 6.296899 6.298424 0.0 6.298424 6.298424 6.298424 0.0 7.2952757 4.6970067 4.6970067 4.6970067 4.6970067 4.6970067 4.6970067 4.6970067 4.4641747 4.6633472 4.6633472
4.6970067 4.6970067 4.6970067 7.2952757 7.2952757 4.6970067 4.6970067 4.6970067 4.6970067 7.2952757 6.298424 6.298424 5.904222 5.904222 6.699839 7.1767955 7.1767955 7.1767955 4.602518 4.6970067 4.6970067 4.6970067 4.6970067 4.6970067 4.6970067 4.6970067 4.6970067 4.4641747 4.4641747 5.904222 4.4641747 4.4641747 4.4641747 5.904222 5.904222 6.298424 6.298424 6.298424 6.298424 6.298424 6.298424 6.296899 6.296899 6.296899 6.298424 0.0 6.298424 6.298424 6.298424 6.298424 7.2952757 4.6970067 4.6970067 4.6970067 4.6970067 4.6970067 4.6970067 4.6970067 4.6970067 4.4641747 4.4641747
4.6970067 4.6970067 4.6970067 7.2952757 7.2952757 7.2952757 7.2952757 4.6970067 4.6970067 7.2952757 7.2952757 6.298424 6.298424 5.904222 6.298424 7.2952757 7.2952757 7.2952757 4.6970067 4.6970067 4.6970067 4.6970067 4.6970067 4.6970067 4.6970067 4.6970067 4.6970067 4.6970067 4.4641747 4.4641747 4.4641747 4.4641747 4.4641747 6.298424 6.298424 6.298424 6.298424 6.298424 6.298424 6.298424 6.298424 6.298424 6.296899 6.296899 0.0 0.0 6.298424 6.298424 6.298424 6.298424 6.298424 4.6970067 4.6970067 4.6970067 4.6970067 4.6970067 4.6970067 4.6970067 4.4641747 4.4641747 4.4641747
4.6970067 4.6970067 4.6970067 7.2952757 7.2952757 7.2952757 7.2952757 4.6970067 4.6970067 4.6970067 7.2952757 6.298424 6.298424 6.298424 6.298424 7.2952757 7.2952757 4.6970067 4.6970067 4.6970067 4.6970067 4.6970067 4.6970067 4.6970067 4.6970067 4.6970067 4.6970067 4.6970067 4.4641747 4.4641747 4.4641747 4.6970067 4.6970067 4.6970067 6.298424 6.298424 6.298424 6.298424 6.298424 6.298424 6.298424 6.298424 6.296899 6.296899 0.0 0.0 5.5208654 5.5208654 6.298424 6.298424 6.298424 4.6970067 4.6633472 4.6970067 4.6970067 4.6970067 4.6970067 4.4641747 4.4641747 6.298424 6.298424
