Export/ASCII/RMeteo_SP_inch/p1/RMeteo_2015_SP1_inch.asc
ncols         660
nrows         338
xllcorner     1476150
yllcorner     5017150
cellsize      100
NODATA_value  -9.9e-20
[rows 243 to 269 of 338, columns 305 to 365 of 660]
6.9212594 6.9212594 6.9212594 6.9212594 6.9212594 6.9004726 6.9004726 4.6571245 4.6571245 4.6593704 4.6593704 4.6593704 4.6571245 6.955314 6.956692 6.956692 4.580472 6.9296794 6.9296794 6.9296794 6.9296794 6.956692 6.956692 6.956692 6.956692 6.956692 6.883464 6.883464 6.883464 6.883464 6.883464 6.883464 6.883464 6.883464 6.883464 6.883464 6.883464 6.883464 6.883464 4.580472 4.580472 4.580472 4.580472 4.580472 6.956692 6.956692 6.956692 6.851062 6.851062 6.883464 6.7580233 6.7580233 6.956692 6.9296794 6.956692 6.955314 6.955314 6.7580233 6.7580233 6.883464 6.223464
6.9212594 6.9212594 6.9212594 6.9212594 6.9212594 6.9212594 6.9212594 6.9212594 6.9212594 4.6593704 4.6593704 4.6593704 4.6593704 6.956692 6.956692 6.956692 4.580472 6.956692 6.9296794 6.9296794 6.9296794 6.9296794 6.9296794 6.956692 6.955314 6.956692 6.956692 6.883464 6.883464 6.883464 6.883464 6.883464 6.883464 6.883464 6.883464 6.883464 6.883464 6.883464 4.580472 4.580472 4.580472 4.580472 4.580472 4.580472 6.956692 6.956692 6.956692 6.851062 6.851062 6.7580233 6.7580233 6.7580233 6.9296794 6.956692 6.956692 6.956692 6.955314 6.7580233 6.7580233 6.883464 6.223464
6.9212594 6.9212594 6.9212594 6.9212594 6.9212594 6.9212594 6.9212594 6.9212594 6.9212594 4.6593704 4.6593704 4.6593704 4.6593704 4.2878747 4.2878747 4.2878747 4.580472 6.956692 6.9296794 6.9296794 6.7580233 6.7580233 6.9296794 6.956692 6.955314 6.956692 6.956692 6.883464 6.7580233 6.7580233 6.883464 6.883464 6.883464 6.883464 6.883464 6.883464 6.883464 6.7580233 4.573003 4.580472 4.580472 4.580472 6.7580233 4.580472 6.956692 6.956692 6.956692 6.883464 6.883464 6.7580233 6.7580233 6.629398 6.9296794 6.9296794 6.956692 6.956692 6.956692 6.9296794 6.7580233 6.7580233 6.223464
6.9212594 6.7884545 6.7884545 6.9212594 6.9212594 6.9212594 6.9212594 6.9212594 6.9212594 4.6593704 4.6593704 4.6593704 4.6593704 4.2878747 4.2878747 4.580472 4.580472 6.956692 6.956692 6.956692 6.9296794 6.7580233 6.9296794 6.956692 6.956692 6.956692 6.956692 6.883464 6.851062 6.851062 6.7580233 6.883464 6.883464 6.883464 6.883464 6.883464 6.883464 6.851062 4.580457 4.580472 4.580472 4.580472 6.7580233 6.956692 6.956692 6.956692 6.956692 6.956692 6.883464 6.3378906 6.3378906 6.629398 6.3378906 6.7580233 6.7580233 6.956692 6.9296794 6.9296794 6.7580233 6.883464 6.223464
6.7884545 6.7884545 6.7884545 6.7884545 6.9212594 6.9212594 6.9212594 6.9212594 6.9212594 4.6593704 4.6593704 4.6593704 4.6593704 4.580472 4.2878747 4.2878747 4.580472 6.956692 6.956692 6.956692 6.9296794 6.9296794 6.9296794 6.9296794 6.956692 6.956692 6.956692 6.956692 6.851062 6.851062 6.7580233 6.883464 6.883464 6.883464 6.883464 6.883464 6.883464 6.851062 4.580457 4.580472 4.580472 4.580472 4.573003 6.956692 6.956692 6.956692 6.956692 6.956692 6.883464 6.3378906 6.3378906 6.3378906 6.3378906 6.7580233 6.7580233 6.7580233 6.9296794 6.7580233 6.7580233 6.3378906 6.883464
6.7884545 6.7884545 6.7884545 6.7884545 6.9212594 6.9212594 6.9212594 6.9212594 6.9212594 6.9212594 4.6593704 4.6593704 4.6593704 4.580472 4.580472 4.2878747 4.2878747 6.956692 6.956692 6.956692 6.956692 6.9296794 6.9296794 6.9296794 6.9296794 6.9296794 6.956692 6.956692 6.7580233 6.7580233 6.7580233 6.883464 6.883464 6.883464 6.883464 6.883464 6.883464 6.851062 6.851062 4.580472 4.580472 4.580472 4.580472 6.956692 6.956692 6.956692 6.956692 6.956692 6.3378906 6.3378906 6.3378906 6.3378906 6.3378906 6.7580233 6.7580233 6.7580233 6.7580233 6.7580233 6.7580233 6.7580233 6.883464
6.7884545 6.7884545 6.7884545 6.7884545 6.9212594 6.9212594 6.2312593 6.9212594 6.9212594 6.9212594 4.6593704 4.305277 4.6593704 4.580472 4.580472 4.2878747 4.2878747 6.956692 6.956692 6.956692 6.956692 6.956692 6.956692 6.956692 6.9296794 6.9296794 6.956692 6.956692 6.956692 6.883464 6.883464 6.883464 6.883464 6.883464 6.883464 6.883464 6.883464 6.7580233 6.883464 4.580472 4.580472 4.580472 4.580472 6.956692 6.956692 6.956692 6.956692 6.883464 6.3378906 6.3378906 6.3378906 6.3378906 6.3378906 6.7580233 6.7580233 6.7580233 6.7580233 6.7580233 6.7580233 6.7580233 6.7580233
6.9212594 6.9212594 6.9212594 6.9212594 6.9212594 6.9212594 6.9212594 6.9212594 6.9212594 6.2312593 6.9004726 4.6571245 4.6593704 4.580472 4.580472 4.580472 4.2878747 6.956692 6.956692 6.956692 6.956692 6.956692 6.956692 6.956692 6.956692 6.956692 6.956692 6.956692 6.956692 6.883464 6.883464 6.883464 6.883464 6.883464 6.883464 6.883464 6.883464 6.883464 6.883464 4.580472 4.580472 4.580472 4.580472 4.580472 6.956692 6.956692 6.883464 6.883464 6.3378906 6.3378906 6.3378906 6.3378906 6.7580233 6.7580233 6.7580233 6.7580233 6.7580233 6.7580233 6.7580233 6.7580233 6.7580233
6.9212594 6.9212594 6.9212594 6.9212594 6.9212594 6.9212594 6.9212594 6.2312593 6.2312593 6.2312593 6.9004726 4.6593704 4.6593704 4.580472 4.580472 4.580472 6.956692 6.956692 6.956692 6.956692 6.956692 6.883464 6.956692 6.956692 6.956692 6.956692 6.956692 6.956692 6.956692 6.956692 6.883464 6.883464 6.223464 6.883464 6.883464 6.883464 6.883464 6.883464 6.883464 4.580472 4.580472 4.580472 4.580472 4.580472 6.956692 6.956692 6.956692 6.629398 6.629398 6.3378906 6.3378906 6.3378906 6.7580233 6.7580233 6.7580233 6.7580233 6.7580233 6.7580233 6.7580233 6.7580233 6.7580233
6.9212594 6.9212594 6.9212594 6.9212594 6.9212594 6.9212594 6.9212594 6.9212594 6.9212594 6.2312593 6.858302 4.6571245 4.6593704 4.580472 4.580472 6.956692 6.956692 6.956692 6.956692 6.883464 6.883464 6.883464 6.956692 6.956692 6.956692 6.956692 6.956692 6.956692 6.956692 6.956692 6.956692 6.956692 6.883464 6.883464 6.883464 6.883464 6.883464 6.883464 6.883464 4.580472 4.580472 4.580472 4.580472 6.956692 6.956692 6.956692 6.956692 6.956692 6.629398 6.629398 6.629398 6.9296794 6.7580233 6.7580233 6.7580233 6.7580233 6.7580233 6.7580233 6.7580233 6.7580233 6.9296794
6.9212594 6.9212594 6.9212594 6.9212594 6.9212594 6.9212594 6.9212594 6.9212594 6.858302 6.858302 6.858302 4.627801 4.6593704 6.266692 6.956692 6.956692 6.956692 6.956692 6.956692 6.956692 6.956692 6.956692 6.956692 6.955314 6.955314 6.955314 6.956692 6.956692 6.956692 6.956692 6.956692 6.956692 6.956692 6.883464 6.883464 6.883464 6.883464 6.883464 6.883464 6.883464 4.580472 4.580472 4.580472 6.956692 6.956692 6.956692 6.629398 6.629398 6.956692 6.956692 6.956692 6.9296794 6.9296794 6.7580233 6.7580233 6.7580233 6.7580233 6.7580233 6.7580233 6.9296794 6.9296794
6.9212594 6.9212594 6.9212594 6.9212594 6.9212594 6.9212594 6.9212594 6.9212594 6.858302 6.858302 6.6316 6.6316 6.858302 6.956692 6.956692 6.956692 6.956692 6.883464 6.956692 6.956692 6.956692 6.956692 6.956692 6.955314 6.955314 6.956692 6.956692 6.956692 6.956692 6.956692 6.956692 6.956692 6.956692 6.956692 6.883464 6.883464 6.883464 6.883464 6.883464 6.883464 4.580472 4.580472 4.580472 6.956692 6.629398 6.629398 6.629398 6.9296794 6.9296794 6.9296794 6.956692 6.956692 6.9296794 6.7580233 6.7580233 6.7580233 6.7580233 6.7580233 6.7580233 6.9296794 6.9296794
6.9212594 6.9212594 6.9212594 6.9212594 6.9212594 6.9212594 6.9212594 6.9212594 6.858302 6.858302 6.6316 6.6316 6.858302 6.9296794 6.955314 6.955314 6.956692 6.883464 6.956692 6.956692 6.956692 6.956692 6.956692 6.956692 6.956692 6.956692 6.956692 6.956692 6.956692 6.956692 6.956692 6.956692 6.956692 6.956692 6.956692 6.956692 6.956692 6.956692 6.883464 6.956692 4.580472 4.573003 4.573003 6.956692 6.629398 6.629398 6.7580233 6.7580233 6.9296794 6.9296794 6.956692 6.956692 6.956692 6.883464 6.7580233 6.7580233 6.7580233 6.7580233 6.7580233 6.7580233 6.7580233
6.9212594 6.9212594 6.9212594 6.9212594 6.9212594 6.9212594 6.9212594 6.9212594 6.9004726 6.858302 6.6316 6.6316 6.858302 6.9296794 6.955314 6.955314 6.956692 6.883464 6.956692 6.956692 6.956692 6.956692 6.956692 6.956692 6.956692 6.956692 6.956692 6.956692 6.956692 6.956692 6.956692 6.956692 6.955314 6.955314 6.955314 6.956692 6.956692 6.956692 6.956692 6.956692 6.956692 4.573003 4.573003 6.955314 6.629398 6.629398 6.9296794 6.9296794 6.9296794 6.9296794 6.956692 6.956692 6.7580233 6.7580233 6.7580233 6.7580233 6.7580233 6.7580233 6.9296794 6.956692 6.9296794
6.9212594 6.9212594 6.9212594 6.9212594 6.9212594 6.9212594 6.9212594 6.9212594 6.9004726 6.858302 6.858302 6.858302 6.858302 6.956692 6.956692 6.956692 6.956692 6.223464 0.0 0.0 6.955314 6.956692 6.956692 6.956692 6.956692 6.956692 6.956692 6.956692 6.956692 6.956692 6.956692 6.956692 6.955314 6.956692 6.956692 6.955314 6.956692 6.956692 6.956692 6.956692 6.956692 6.7580233 4.573003 6.955314 6.955314 6.629398 6.956692 6.9296794 6.7580233 6.9296794 6.9296794 6.9296794 6.7580233 6.7580233 6.7580233 6.7580233 6.7580233 6.7580233 6.9296794 6.956692 6.9296794
6.9212594 6.9212594 6.9212594 6.9212594 6.9212594 6.9212594 6.9212594 6.9212594 6.9004726 6.9004726 6.9212594 6.9212594 6.920902 6.956692 6.956692 6.956692 6.956692 6.266692 6.266692 0.0 6.955314 6.955314 6.956692 6.956692 6.956692 6.956692 6.956692 6.956692 6.956692 6.956692 6.956692 6.956692 6.955314 6.9296794 6.955314 6.955314 6.956692 6.956692 6.956692 6.956692 6.956692 6.883464 4.580472 6.955314 6.9296794 6.9296794 6.7580233 6.9296794 6.9296794 6.9296794 6.9296794 6.7580233 6.7580233 6.7580233 6.7580233 4.573003 4.573003 6.7580233 6.9296794 6.883464 6.883464
6.9212594 6.9212594 6.9212594 6.9212594 6.9212594 6.9212594 6.9212594 6.9212594 6.9212594 6.9212594 6.9212594 6.9212594 6.9212594 6.956692 6.956692 6.956692 6.266692 6.266692 6.956692 6.851062 6.851062 6.851062 6.956692 6.956692 6.956692 6.956692 6.956692 6.956692 6.956692 6.956692 6.956692 6.956692 6.956692 6.9296794 6.955314 6.955314 6.956692 6.956692 6.956692 6.956692 6.956692 6.883464 4.580472 4.580472 6.9296794 6.7580233 6.7580233 6.7580233 6.7580233 6.7580233 6.9296794 4.573003 6.7580233 6.7580233 4.573003 4.573003 4.573003 4.573003 6.9296794 6.883464 6.883464
6.7519674 6.7519674 6.7519674 6.7519674 6.7519674 6.7519674 6.7519674 6.7519674 6.7519674 6.7519674 6.7519674 6.7519674 6.7519674 7.031495 7.031495 7.031495 0.0 6.253935 6.253935 6.9515114 6.9515114 6.9515114 7.031495 7.031495 7.031495 7.031495 7.031495 7.031495 7.031495 7.031495 7.031495 7.031495 7.031495 7.0062027 7.0062027 7.031495 7.031495 7.031495 7.031495 7.031495 7.031495 6.981889 6.981889 4.925438 6.8638754 6.8638754 6.8638754 6.8638754 6.8638754 4.925438 4.9584255 4.925438 4.925438 4.925438 4.925438 4.925438 4.925438 4.9584255 7.031495 6.7279725 6.7279725
6.7519674 6.7519674 6.7519674 6.7519674 6.7519674 6.7519674 6.7519674 6.7519674 4.8012605 4.8012605 4.8012605 4.8012605 6.7519674 7.031495 7.0303793 7.031495 7.031495 0.0 6.253935 6.253935 6.9515114 6.9515114 6.981889 7.031495 7.031495 7.031495 7.031495 7.031495 7.031495 7.031495 7.031495 4.9584255 7.031495 7.031495 7.031495 7.031495 7.031495 7.031495 7.031495 7.031495 7.031495 6.981889 6.9515114 6.8638754 7.0062027 7.0062027 6.8638754 6.8638754 6.8638754 4.925438 4.925438 4.925438 4.925438 4.925438 4.803339 4.803339 6.981889 6.981889 6.981889 6.7279725 6.7279725
6.7519674 6.7519674 6.7519674 6.7519674 6.7519674 6.7519674 6.7519674 6.7519674 6.7519674 4.8012605 6.7519674 6.7519674 6.7519674 7.0303793 7.0303793 7.0303793 7.031495 7.031495 6.253935 6.253935 6.981889 6.981889 6.981889 7.031495 7.031495 7.031495 7.031495 7.031495 7.031495 7.031495 4.9584255 4.9584255 7.031495 7.031495 7.031495 7.031495 7.031495 7.031495 7.031495 7.031495 7.031495 7.031495 6.8638754 6.8638754 7.0062027 7.0062027 7.0062027 6.8638754 7.0062027 4.925438 4.925438 4.925438 4.925438 4.925438 4.925438 4.925438 6.981889 6.981889 6.981889 6.981889 6.4503036
4.8012605 6.7519674 6.7519674 6.7519674 6.7519674 6.7519674 6.7519674 6.7519674 6.7519674 6.7519674 6.7519674 6.7519674 6.7519674 7.031495 7.0303793 7.0303793 7.031495 7.031495 7.031495 7.031495 7.031495 6.981889 6.981889 7.031495 7.0303793 7.0303793 7.031495 7.031495 7.031495 7.031495 4.9584255 4.9584255 7.031495 7.031495 7.031495 7.031495 7.031495 7.031495 7.031495 7.031495 7.031495 7.031495 7.0062027 7.0062027 7.0062027 7.031495 7.0062027 7.0062027 7.0062027 6.4503036 6.8638754 6.8638754 4.925438 4.925438 4.925438 4.925438 6.8638754 6.981889 6.981889 6.981889 6.981889
4.8012605 6.7519674 6.7519674 6.7519674 6.7519674 6.7519674 6.7519674 6.7519674 6.7519674 6.7519674 6.7519674 6.7519674 6.7519674 7.031495 7.031495 7.031495 7.031495 7.031495 7.031495 7.031495 7.031495 7.031495 6.981889 6.981889 7.0303793 7.0303793 7.031495 7.031495 7.031495 4.9584255 4.9584255 4.9584255 4.9584255 7.031495 7.031495 7.031495 7.031495 7.031495 7.031495 7.031495 7.031495 7.031495 7.0062027 7.0062027 7.0303793 7.031495 7.0062027 7.0062027 6.8638754 6.8638754 6.981889 6.981889 6.8638754 6.8638754 6.8638754 6.8638754 6.981889 6.981889 6.981889 6.981889 6.981889
6.7519674 6.7519674 4.8012605 6.7519674 6.7519674 4.8012605 4.8012605 6.7519674 6.7519674 6.7519674 6.7519674 6.7519674 6.7519674 7.031495 7.031495 7.031495 7.031495 7.031495 7.031495 7.031495 7.031495 7.031495 7.031495 6.981889 7.031495 7.031495 7.031495 7.031495 7.031495 4.9584255 4.9584255 4.9584255 4.9584255 7.031495 7.031495 7.031495 7.031495 7.031495 7.031495 7.031495 7.031495 7.031495 7.0062027 7.0062027 7.0062027 7.0062027 7.0062027 7.0062027 6.8638754 6.8638754 6.8638754 6.981889 6.981889 6.981889 6.8638754 6.8638754 6.981889 6.981889 6.981889 6.981889 6.981889
6.7519674 6.7519674 6.7519674 6.7519674 6.7519674 4.8012605 4.8012605 6.7519674 6.7519674 6.7519674 6.7519674 6.7519674 6.7519674 7.031495 7.031495 7.031495 7.031495 7.031495 7.031495 7.031495 7.031495 7.031495 6.7279725 6.4503036 6.7279725 7.031495 7.031495 7.031495 7.031495 4.9584255 4.9584255 4.9584255 4.9584255 4.9584255 4.9584255 7.031495 7.031495 7.031495 7.031495 7.0062027 7.0062027 7.0062027 7.0062027 7.0062027 7.0062027 7.0062027 7.0062027 6.981889 6.9515114 6.8638754 6.8638754 6.981889 6.981889 6.981889 6.981889 6.981889 6.981889 6.981889 6.981889 6.981889 6.981889
6.7519674 6.7519674 6.7519674 6.7519674 6.7519674 6.7519674 4.8012605 6.7519674 6.7519674 6.7519674 6.7519674 6.7519674 6.7519674 7.031495 7.031495 7.031495 6.7279725 7.031495 7.031495 7.0062027 7.031495 6.7279725 7.0062027 6.8638754 6.7279725 6.7279725 6.7279725 6.7279725 6.7279725 4.803339 4.803339 4.803339 4.9584255 4.9584255 4.9584255 4.9584255 7.031495 7.031495 7.0062027 7.0062027 6.8638754 6.8638754 7.0062027 7.0062027 7.0062027 7.0062027 7.0062027 6.981889 6.9515114 6.9515114 6.234329 6.981889 6.981889 6.981889 6.981889 6.981889 6.981889 6.981889 6.981889 6.981889 6.981889
4.8012605 4.8012605 6.7519674 6.7519674 6.7519674 6.7519674 6.7519674 6.7519674 6.7519674 6.7519674 6.7519674 6.7519674 6.7519674 7.031495 7.031495 7.031495 6.7279725 7.0062027 7.0062027 7.0062027 7.0062027 7.0062027 7.0062027 6.8638754 6.7279725 6.7279725 6.4503036 6.4503036 6.4503036 6.4503036 6.4503036 4.803339 4.953379 4.953379 4.9584255 4.9584255 7.031495 7.031495 7.0062027 7.0062027 7.0062027 7.0062027 6.8638754 7.0062027 7.0062027 7.0062027 7.0062027 6.981889 6.234329 6.981889 6.8638754 6.8638754 6.981889 6.8638754 6.8638754 6.981889 6.981889 6.981889 6.981889 6.981889 6.981889
6.668502 4.8012605 6.7519674 6.7519674 6.7519674 6.7519674 6.7519674 6.7519674 6.7519674 6.7519674 6.7519674 6.7519674 6.7519674 7.031495 7.031495 7.031495 7.031495 7.0062027 7.0062027 7.0062027 7.0062027 7.0062027 6.8638754 6.8638754 6.9515114 6.9515114 6.4503036 6.4503036 6.7279725 6.7279725 6.7279725 4.803339 4.953379 4.953379 4.9584255 4.9584255 4.9584255 7.031495 7.031495 7.031495 7.0062027 7.0062027 7.0062027 7.0062027 7.031495 7.0062027 7.0062027 7.031495 6.981889 6.8638754 6.9515114 6.9515114 6.8638754 6.8638754 6.8638754 6.981889 6.981889 6.8638754 6.8638754 6.8638754 6.981889
