Export/ASCII/RMeteo_SP_inch/p1/RMeteo_2014_SP1_inch.asc
ncols         660
nrows         338
xllcorner     1476100.0
yllcorner     5017100.0
cellsize      100
NODATA_value  -9.9e-20
[rows 162 to 188 of 338, columns 180 to 239 of 660]
8.664461 10.605182 11.8221035 11.8221035 11.8221035 11.433433 11.433433 11.433433 12.366577 12.366577 11.681496 11.681496 12.9579735 12.9579735 12.366577 12.366577 12.9579735 12.9579735 12.9579735 12.9579735 12.9579735 12.9579735 12.9579735 12.9579735 11.681496 11.681496 11.681496 11.681496 12.9579735 12.9579735 12.9579735 12.9579735 12.9579735 12.9579735 11.681496 12.9579735 12.9579735 12.9579735 12.9579735 12.9579735 12.9579735 12.9579735 12.9579735 12.9579735 11.892441 12.9579735 12.9579735 11.892441 11.892441 11.892441 12.9579735 11.892441 11.892441 12.9579735 12.9579735 12.9579735 12.9579735 12.9579735 12.9579735 12.667376
10.605182 10.605182 11.8221035 11.8221035 11.8221035 11.938886 11.938886 11.938886 12.9579735 9.687165 9.687165 12.9579735 12.9579735 12.9579735 12.366577 12.366577 12.9579735 12.9579735 12.9579735 12.9579735 12.9579735 12.9579735 12.9579735 12.9579735 11.681496 11.681496 11.681496 11.681496 12.9579735 12.9579735 12.9579735 12.9579735 12.9579735 12.9579735 11.681496 12.366577 12.9579735 12.9579735 12.9579735 11.892441 12.9579735 12.9579735 12.9579735 12.9579735 12.9579735 12.9579735 12.9579735 11.892441 11.892441 11.892441 12.9579735 12.9579735 11.681496 11.681496 11.681496 12.9579735 12.9579735 12.9579735 12.9579735 12.667376
10.605182 10.605182 10.605182 11.8221035 11.938886 11.938886 11.938886 11.938886 12.366577 9.687165 9.687165 12.9579735 12.9579735 12.9579735 12.9579735 12.9579735 12.9579735 12.9579735 12.9579735 12.9579735 12.9579735 12.9579735 12.9579735 12.9579735 12.9579735 11.681496 11.681496 11.681496 12.9579735 12.9579735 12.9579735 12.9579735 12.366577 12.366577 12.366577 12.366577 12.9579735 12.9579735 12.9579735 12.9579735 12.9579735 12.9579735 12.9579735 11.892441 12.9579735 12.9579735 12.9579735 11.892441 11.892441 12.9579735 12.9579735 12.9579735 11.681496 11.681496 11.681496 11.681496 12.9579735 12.9579735 12.9579735 12.667376
10.605182 10.605182 10.605182 11.938886 11.433433 11.433433 11.938886 10.605182 12.366577 9.687165 9.687165 12.9579735 12.9579735 12.9579735 12.9579735 12.9579735 12.9579735 12.366577 12.366577 12.9579735 12.9579735 12.9579735 12.366577 12.366577 12.9579735 11.681496 11.681496 11.681496 12.9579735 12.9579735 12.9579735 12.9579735 12.366577 11.433433 12.366577 12.366577 12.9579735 12.9579735 12.9579735 12.9579735 12.9579735 12.9579735 12.9579735 11.892441 12.9579735 12.9579735 12.9579735 11.892441 11.892441 12.9579735 12.9579735 11.892441 12.9579735 11.681496 11.681496 11.681496 11.681496 12.9579735 12.9579735 12.667376
11.938886 11.938886 11.938886 11.938886 11.938886 10.605182 11.938886 10.605182 11.681496 9.687165 11.681496 11.681496 11.681496 11.681496 12.9579735 12.9579735 12.9579735 12.366577 12.366577 12.9579735 12.9579735 12.9579735 12.366577 12.366577 12.9579735 11.681496 11.681496 12.9579735 12.9579735 12.9579735 12.9579735 12.9579735 11.681496 12.366577 12.366577 11.681496 12.9579735 12.9579735 12.9579735 12.9579735 12.366577 12.9579735 12.9579735 11.892441 12.9579735 12.366577 12.366577 12.9579735 11.892441 11.892441 11.892441 11.892441 12.9579735 12.9579735 11.681496 11.681496 11.681496 12.9579735 12.9579735 12.667376
10.605182 10.605182 11.938886 11.938886 11.938886 10.605182 11.433433 10.605182 10.605182 11.681496 11.681496 10.605182 11.681496 11.681496 12.9579735 12.9579735 11.681496 12.9579735 12.9579735 12.9579735 12.9579735 12.9579735 12.9579735 11.892441 12.9579735 12.9579735 12.9579735 12.366577 12.366577 12.9579735 12.9579735 12.9579735 12.9579735 12.9579735 11.681496 11.681496 12.9579735 12.9579735 12.9579735 11.681496 11.681496 12.9579735 12.9579735 12.9579735 12.9579735 12.366577 12.366577 11.892441 11.892441 12.9579735 11.892441 11.892441 12.9579735 12.9579735 12.9579735 11.681496 12.9579735 12.9579735 12.9579735 12.667376
10.605182 10.605182 10.605182 11.938886 11.938886 10.605182 11.938886 10.605182 10.605182 10.605182 10.605182 11.681496 11.681496 11.681496 11.681496 11.681496 11.681496 11.681496 12.9579735 12.9579735 12.9579735 12.9579735 12.9579735 11.892441 11.892441 12.9579735 12.9579735 11.681496 11.681496 12.9579735 12.9579735 12.9579735 12.9579735 12.9579735 11.681496 11.681496 12.9579735 12.9579735 12.9579735 11.681496 11.681496 12.9579735 12.9579735 12.9579735 12.9579735 11.892441 11.892441 11.892441 12.9579735 12.9579735 12.9579735 11.892441 12.9579735 12.9579735 12.9579735 12.9579735 12.9579735 12.9579735 12.9579735 12.667376
11.938886 10.605182 10.605182 11.938886 11.938886 11.938886 11.938886 11.938886 11.938886 11.938886 8.664461 10.605182 11.681496 11.681496 11.681496 11.681496 11.681496 12.9579735 12.9579735 12.9579735 12.9579735 12.9579735 11.892441 11.892441 11.892441 12.9579735 12.9579735 12.9579735 12.9579735 12.9579735 12.9579735 12.9579735 12.9579735 12.366577 12.366577 11.681496 12.9579735 12.9579735 12.9579735 11.681496 12.9579735 12.9579735 12.9579735 12.9579735 11.892441 11.892441 11.892441 12.9579735 12.9579735 12.9579735 12.9579735 12.9579735 12.9579735 12.9579735 12.9579735 12.9579735 12.366577 11.681496 11.681496 12.667376
10.605182 10.605182 10.605182 11.938886 11.938886 11.938886 11.938886 11.938886 11.938886 11.938886 8.664461 11.938886 12.366577 12.366577 11.681496 12.366577 11.681496 12.9579735 12.366577 12.9579735 12.9579735 12.9579735 11.892441 11.892441 11.892441 12.9579735 12.9579735 12.9579735 12.9579735 12.9579735 12.9579735 12.9579735 12.9579735 12.366577 12.366577 11.681496 12.9579735 12.9579735 12.9579735 12.9579735 12.9579735 12.9579735 12.9579735 11.892441 11.892441 11.892441 12.9579735 9.687165 12.9579735 12.9579735 12.9579735 12.9579735 12.9579735 12.9579735 12.9579735 12.9579735 12.9579735 11.681496 12.366577 12.667376
10.605182 10.605182 11.938886 11.938886 11.938886 11.938886 11.938886 11.938886 8.664461 11.938886 11.938886 11.938886 12.9579735 12.9579735 12.9579735 12.366577 12.9579735 12.366577 12.9579735 12.9579735 12.9579735 12.9579735 12.9579735 12.9579735 12.9579735 12.9579735 12.9579735 12.9579735 12.9579735 12.9579735 12.9579735 12.9579735 12.9579735 12.9579735 12.9579735 12.9579735 12.9579735 12.9579735 12.9579735 12.9579735 12.9579735 11.892441 11.892441 11.892441 11.892441 11.892441 12.9579735 9.687165 12.9579735 12.9579735 12.9579735 12.9579735 12.9579735 12.9579735 12.9579735 12.9579735 12.9579735 12.366577 12.366577 12.167936
10.605182 10.605182 10.605182 10.605182 10.605182 11.938886 11.938886 11.938886 8.664461 8.664461 8.664461 12.9579735 12.9579735 12.9579735 12.9579735 12.9579735 12.366577 12.366577 12.9579735 12.9579735 12.9579735 12.9579735 12.9579735 12.9579735 12.9579735 12.9579735 12.9579735 12.9579735 12.9579735 12.9579735 7.624107 7.624107 12.9579735 11.681496 11.681496 12.9579735 12.9579735 12.9579735 12.9579735 12.9579735 11.892441 11.892441 11.892441 12.9579735 12.9579735 12.9579735 12.9579735 11.892441 11.892441 12.366577 12.366577 12.366577 12.9579735 12.9579735 12.9579735 12.9579735 12.9579735 12.9579735 12.366577 12.667376
11.938886 10.605182 11.938886 10.605182 10.605182 11.433433 11.433433 11.433433 11.938886 8.664461 9.687165 12.9579735 12.9579735 12.9579735 12.9579735 12.9579735 11.681496 11.681496 12.9579735 12.9579735 12.9579735 12.9579735 12.9579735 12.9579735 12.9579735 12.9579735 12.9579735 12.9579735 12.9579735 7.624107 7.624107 7.624107 12.9579735 11.681496 11.681496 11.892441 12.9579735 12.9579735 12.9579735 11.892441 11.892441 11.892441 12.9579735 12.9579735 12.9579735 12.366577 12.366577 12.9579735 11.892441 12.366577 12.366577 12.366577 12.9579735 12.9579735 12.9579735 12.9579735 12.9579735 12.9579735 12.9579735 12.667376
8.664461 8.664461 11.938886 11.938886 11.938886 11.433433 11.433433 11.433433 11.433433 11.433433 12.9579735 12.9579735 12.9579735 12.9579735 12.9579735 12.9579735 12.9579735 12.9579735 12.366577 12.366577 12.366577 12.9579735 12.9579735 12.9579735 12.9579735 12.9579735 12.9579735 12.9579735 7.624107 7.624107 7.624107 7.624107 12.9579735 11.681496 11.681496 11.892441 12.9579735 11.892441 11.892441 11.892441 12.9579735 12.9579735 12.9579735 12.9579735 12.9579735 12.366577 12.366577 12.9579735 11.892441 12.366577 12.366577 11.892441 12.9579735 12.9579735 12.9579735 12.9579735 12.9579735 11.892441 12.9579735 12.667376
8.664461 8.664461 11.938886 11.938886 11.938886 11.938886 11.938886 11.938886 11.433433 11.938886 12.9579735 12.9579735 12.9579735 12.9579735 12.9579735 12.9579735 12.9579735 12.366577 12.366577 12.366577 12.366577 12.9579735 12.9579735 12.9579735 12.9579735 12.9579735 12.9579735 12.9579735 12.9579735 7.624107 7.624107 7.624107 12.9579735 12.9579735 12.9579735 12.9579735 11.892441 11.892441 11.892441 12.9579735 12.9579735 12.9579735 11.681496 11.681496 12.9579735 12.9579735 12.9579735 12.9579735 12.9579735 12.9579735 12.9579735 11.892441 11.892441 12.9579735 12.9579735 12.9579735 12.9579735 11.892441 12.9579735 12.667376
8.664461 8.664461 11.938886 11.938886 11.938886 10.605182 10.605182 12.9579735 12.9579735 12.9579735 12.9579735 12.9579735 12.9579735 12.9579735 12.9579735 12.9579735 12.9579735 12.366577 12.366577 12.9579735 12.9579735 12.9579735 12.9579735 12.9579735 12.9579735 12.9579735 12.9579735 12.9579735 12.9579735 7.624107 7.624107 12.9579735 12.9579735 12.9579735 12.9579735 11.892441 11.892441 12.366577 12.366577 12.366577 12.9579735 12.9579735 11.681496 11.681496 11.681496 12.9579735 11.892441 12.9579735 12.9579735 12.9579735 12.9579735 11.892441 11.892441 12.9579735 12.9579735 12.9579735 12.9579735 12.9579735 12.9579735 12.667376
8.664461 8.664461 11.938886 11.938886 11.938886 10.605182 10.605182 12.366577 12.9579735 12.9579735 12.9579735 12.9579735 12.9579735 12.9579735 12.9579735 12.9579735 12.9579735 12.9579735 12.9579735 12.9579735 12.9579735 12.9579735 12.9579735 12.9579735 12.9579735 12.366577 12.366577 12.9579735 12.9579735 7.526493 7.526493 11.681496 11.681496 11.681496 12.9579735 12.366577 12.9579735 12.366577 12.366577 12.366577 12.9579735 12.9579735 12.9579735 11.681496 11.681496 12.9579735 12.366577 12.366577 12.366577 12.366577 12.9579735 12.9579735 11.892441 12.9579735 12.9579735 12.9579735 12.9579735 12.9579735 12.9579735 12.667376
10.605182 10.605182 11.938886 11.938886 11.938886 11.938886 10.605182 11.681496 11.681496 12.9579735 12.9579735 11.681496 11.681496 12.9579735 12.9579735 12.9579735 12.9579735 12.366577 12.366577 11.938886 11.938886 11.938886 12.9579735 12.9579735 11.681496 12.366577 12.366577 12.9579735 12.9579735 7.624107 7.526493 11.681496 11.681496 11.681496 12.9579735 12.366577 12.9579735 12.9579735 12.366577 12.9579735 12.9579735 12.9579735 12.9579735 12.9579735 11.892441 11.892441 12.366577 12.366577 12.366577 12.366577 12.9579735 12.9579735 12.9579735 12.9579735 12.9579735 12.9579735 11.681496 11.681496 12.9579735 12.667376
10.605182 10.605182 11.938886 11.938886 11.938886 11.938886 10.605182 11.681496 11.681496 11.681496 12.9579735 12.9579735 11.681496 12.9579735 12.9579735 12.9579735 12.9579735 11.433433 11.433433 11.433433 11.938886 11.072117 11.892441 11.892441 11.681496 11.681496 11.681496 12.9579735 12.9579735 12.366577 7.526493 7.3377686 11.681496 11.892441 11.892441 12.9579735 12.9579735 12.9579735 12.9579735 12.9579735 12.9579735 12.9579735 12.9579735 12.9579735 11.892441 11.892441 12.366577 11.892441 11.681496 11.681496 11.681496 12.9579735 12.9579735 12.9579735 12.366577 12.366577 11.681496 11.681496 12.9579735 11.657167
10.605182 10.605182 10.605182 11.938886 11.938886 10.605182 10.605182 11.681496 11.681496 11.681496 11.681496 11.681496 11.681496 12.9579735 12.9579735 12.9579735 12.9579735 11.938886 11.938886 11.938886 11.072117 11.072117 11.892441 11.892441 11.681496 12.9579735 12.9579735 12.9579735 12.9579735 12.9579735 7.624107 7.624107 7.2511663 7.2511663 11.892441 12.9579735 11.892441 12.9579735 12.9579735 12.9579735 12.9579735 11.938886 11.938886 11.938886 11.892441 11.892441 12.366577 12.9579735 11.681496 11.681496 11.681496 11.681496 12.9579735 12.9579735 12.366577 12.366577 11.681496 12.9579735 12.9579735 12.667376
10.605182 8.664461 8.664461 10.605182 10.605182 10.605182 10.605182 11.681496 10.605182 11.681496 11.681496 11.681496 11.681496 12.9579735 12.9579735 12.9579735 12.9579735 11.938886 11.938886 11.938886 11.938886 11.072117 11.072117 11.072117 11.938886 12.9579735 12.9579735 12.9579735 12.9579735 12.9579735 7.624107 7.2511663 7.2511663 7.2511663 7.2511663 12.9579735 11.892441 11.892441 11.938886 11.938886 11.938886 11.938886 11.938886 11.938886 12.9579735 11.892441 11.681496 11.681496 11.681496 11.681496 11.681496 11.681496 11.681496 12.9579735 12.366577 12.366577 11.681496 11.681496 12.9579735 12.667376
9.901611 8.910233 8.910233 8.910233 8.910233 8.910233 10.781549 11.800516 11.800516 11.800516 11.800516 11.800516 11.800516 12.982515 12.982515 12.982515 11.958893 11.958893 11.958893 11.958893 11.958893 11.958893 11.065728 11.065728 11.958893 12.982515 12.982515 12.982515 7.7488346 7.7488346 7.7488346 7.31851 7.31851 7.31851 7.31851 11.886062 11.886062 11.886062 9.901611 9.901611 11.958893 11.958893 12.982515 12.982515 11.800516 11.800516 11.800516 11.800516 11.800516 11.800516 10.781549 10.781549 11.800516 11.800516 11.800516 11.800516 11.800516 11.800516 11.800516 12.540163
9.901611 8.910233 8.910233 8.910233 8.910233 8.910233 11.958893 12.982515 11.886062 12.982515 12.982515 12.982515 12.982515 12.982515 12.982515 12.982515 11.958893 11.958893 11.958893 11.958893 11.958893 11.958893 11.065728 11.065728 12.982515 12.982515 12.982515 12.982515 7.31851 7.7488346 7.31851 7.31851 7.31851 7.31851 7.31851 12.982515 12.982515 11.886062 9.901611 9.901611 12.982515 12.982515 12.982515 11.800516 11.800516 10.781549 11.800516 8.910233 8.910233 8.910233 10.781549 10.781549 10.781549 11.800516 11.800516 10.781549 10.781549 11.800516 11.800516 7.7433324
11.958893 10.781549 10.781549 10.781549 10.781549 10.781549 11.595222 11.958893 11.886062 12.982515 12.982515 12.982515 12.982515 12.982515 12.982515 12.982515 12.982515 11.958893 11.958893 11.958893 11.958893 11.958893 11.065728 12.982515 12.982515 12.982515 12.982515 11.886062 7.31851 7.31851 7.7488346 7.7488346 7.31851 7.31851 7.31851 11.886062 12.982515 11.886062 11.886062 12.982515 12.982515 12.982515 12.982515 11.800516 11.800516 10.781549 8.910233 8.910233 8.910233 8.910233 8.910233 10.781549 11.800516 11.800516 10.781549 10.781549 10.781549 11.800516 11.800516 7.501847
11.958893 11.958893 10.781549 10.781549 11.958893 11.958893 11.958893 11.958893 11.886062 12.982515 12.982515 11.886062 12.982515 12.982515 12.982515 12.982515 12.982515 11.958893 11.958893 11.958893 11.958893 11.958893 11.958893 12.982515 12.982515 12.982515 12.982515 11.886062 7.31851 7.7488346 7.7488346 7.7488346 7.7488346 11.958893 7.7488346 7.7488346 11.886062 12.982515 11.886062 11.886062 12.982515 12.982515 12.982515 11.800516 11.800516 10.781549 8.910233 8.910233 8.910233 8.910233 9.901611 11.800516 11.800516 11.800516 11.800516 10.781549 10.781549 10.781549 7.5202074 7.501847
11.958893 11.958893 11.958893 11.958893 11.958893 11.958893 11.958893 11.958893 11.958893 12.982515 12.982515 12.982515 11.886062 12.982515 12.982515 12.982515 12.982515 11.958893 11.958893 11.958893 12.982515 12.982515 12.982515 12.982515 12.982515 12.982515 11.886062 7.31851 7.31851 7.7488346 7.7488346 7.7488346 7.7488346 11.958893 7.31851 7.7488346 12.982515 11.886062 11.886062 11.886062 12.982515 12.982515 11.800516 11.800516 11.800516 11.800516 11.800516 11.800516 11.800516 9.901611 9.901611 11.800516 12.982515 11.800516 11.800516 11.800516 11.800516 7.5202074 7.5202074 7.501847
11.958893 11.958893 11.958893 11.958893 11.958893 11.958893 11.958893 11.958893 11.958893 11.886062 12.982515 12.982515 12.982515 12.982515 12.982515 11.886062 11.886062 11.886062 11.958893 12.982515 12.982515 11.886062 12.982515 12.982515 12.982515 11.886062 11.886062 7.31851 7.31851 7.757206 7.7488346 7.7488346 11.958893 11.958893 7.7488346 7.7488346 12.982515 12.982515 12.982515 12.982515 9.901611 9.901611 11.800516 11.800516 11.800516 11.800516 11.800516 11.800516 11.800516 11.800516 11.800516 12.982515 12.900564 12.900564 11.800516 11.800516 11.800516 12.982515 7.7488346 12.540163
12.982515 12.982515 11.958893 11.958893 11.958893 11.958893 11.958893 11.958893 11.958893 11.958893 12.982515 12.982515 12.982515 12.982515 12.982515 11.886062 11.886062 12.982515 12.982515 12.982515 12.982515 12.982515 12.982515 12.982515 11.886062 11.886062 7.31851 7.31851 7.31851 7.31851 7.6702895 7.6702895 11.958893 11.958893 7.7488346 7.7488346 12.982515 9.901611 9.901611 9.901611 9.901611 8.910233 11.800516 11.800516 11.800516 11.800516 11.800516 11.800516 11.800516 12.982515 12.982515 12.982515 12.900564 12.900564 12.982515 12.982515 12.982515 12.982515 12.982515 12.540163
