Export/ASCII/RMeteo_SP_inch/p1/RMeteo_2017_SP2_inch.asc
ncols         660
nrows         338
xllcorner     1476100.0
yllcorner     5017100.0
cellsize      100
NODATA_value  -9.9e-20
[rows 243 to 269 of 338, columns 183 to 243 of 660]
4.185502 4.185502 4.185502 4.185502 4.367222 4.367222 4.367222 4.367222 4.367222 4.367222 4.367222 4.367222 4.367222 4.367222 4.367222 4.367222 4.367222 4.185502 3.9199955 3.9199955 4.367222 4.367222 4.367222 4.367222 4.131371 4.131371 4.131371 4.131371 4.367222 4.367222 4.367222 4.367222 4.367222 4.367222 4.367222 4.367222 4.367222 4.367222 4.131371 4.131371 4.131371 4.131371 3.9199955 3.9199955 4.131371 1.723041 1.7234645 1.7234645 4.367222 4.367222 2.8573232 2.8573232 2.8573232 2.8573232 2.8488138 2.8488138 2.6250396 2.6250396 4.232283 4.232283 4.232283
4.185502 4.185502 4.185502 4.185502 4.185502 4.185502 4.367222 4.367222 4.367222 4.367222 4.131371 4.131371 4.367222 4.367222 4.367222 4.367222 4.367222 4.185502 4.185502 4.367222 4.367222 4.367222 4.367222 4.367222 4.367222 4.131371 4.367222 4.367222 4.367222 4.367222 4.367222 4.367222 4.367222 4.367222 4.367222 4.367222 4.367222 4.367222 4.367222 4.131371 4.131371 4.131371 4.131371 4.131371 4.131371 1.723041 1.723041 1.723041 4.367222 4.367222 2.8573232 2.8573232 2.8573232 2.8488138 2.8488138 2.8488138 2.6250396 2.6250396 2.6250396 4.232283 4.232283
4.185502 4.185502 4.185502 4.185502 4.106923 4.185502 4.185502 4.367222 4.367222 4.367222 4.131371 4.2578945 4.367222 4.367222 4.367222 4.367222 4.367222 4.367222 4.185502 4.367222 4.367222 4.367222 4.367222 4.367222 4.367222 4.367222 4.367222 4.367222 4.367222 4.367222 4.367222 4.367222 4.367222 4.367222 4.367222 4.367222 4.367222 4.367222 4.367222 4.367222 4.131371 4.131371 3.71576 4.131371 4.131371 1.723041 1.723041 1.723041 1.7234645 4.367222 2.8573232 2.8573232 2.8573232 2.8573232 2.8488138 2.8573232 2.6250396 2.6250396 2.6250396 2.6250396 4.232283
4.185502 4.185502 4.185502 4.185502 4.106923 4.106923 4.185502 4.185502 4.185502 4.367222 4.2578945 4.2578945 4.2578945 4.367222 4.367222 4.2578945 4.2578945 4.367222 4.367222 4.367222 4.367222 4.367222 4.367222 4.367222 4.367222 4.367222 4.367222 4.367222 4.367222 4.367222 4.367222 4.367222 4.367222 4.367222 4.367222 4.367222 4.367222 4.367222 4.367222 4.367222 4.367222 4.131371 4.131371 4.131371 4.131371 1.723041 1.723041 1.723041 1.7234645 4.367222 4.367222 2.8573232 2.8573232 2.8573232 2.8573232 2.8573232 2.6250396 2.6250396 2.6250396 2.6250396 2.6250396
4.185502 4.185502 4.185502 4.185502 4.185502 4.106923 4.185502 4.185502 4.185502 4.185502 4.2578945 4.2578945 4.367222 4.367222 4.367222 4.2578945 4.2578945 4.367222 4.367222 4.367222 4.367222 4.367222 4.367222 4.367222 4.367222 4.367222 4.367222 4.367222 4.367222 4.367222 4.2578945 4.2578945 4.2578945 4.367222 4.367222 4.367222 4.367222 4.367222 4.367222 4.367222 4.131371 4.131371 4.131371 3.9199955 1.723041 1.723041 1.723041 1.723041 1.7234645 4.367222 4.367222 4.367222 2.8573232 2.8573232 2.8573232 4.106923 3.9381907 2.6250396 2.6250396 2.6250396 2.6250396
4.185502 4.185502 4.185502 4.185502 4.185502 4.185502 4.185502 4.185502 4.185502 4.185502 4.185502 4.367222 4.367222 4.367222 4.367222 4.367222 4.367222 4.367222 4.367222 4.367222 4.367222 4.367222 4.367222 4.367222 4.367222 4.367222 4.367222 4.367222 4.367222 4.367222 4.2578945 4.2578945 4.2578945 4.367222 4.367222 4.367222 4.367222 4.367222 4.367222 4.367222 4.131371 4.131371 3.9199955 3.9199955 1.723041 1.723041 1.723041 1.723041 1.7234645 4.367222 4.367222 2.8573232 2.8573232 2.8573232 2.8573232 4.106923 3.9381907 3.9381907 2.6250396 2.6250396 2.6250396
4.185502 4.185502 4.185502 4.185502 4.185502 4.185502 4.185502 4.185502 4.185502 4.185502 4.185502 4.367222 4.367222 4.367222 4.367222 4.2578945 4.367222 4.367222 4.367222 4.367222 4.367222 4.367222 4.367222 4.367222 4.367222 4.367222 4.367222 4.367222 4.367222 4.367222 4.2578945 4.2578945 4.2578945 4.367222 4.367222 4.367222 4.367222 4.367222 4.367222 4.131371 4.131371 4.131371 1.723041 3.9199955 1.723041 1.723041 1.723041 1.723041 1.723041 4.367222 4.367222 2.8573232 2.8573232 2.8573232 4.185502 4.185502 3.9381907 3.9381907 2.6250396 2.6250396 2.6250396
4.185502 4.185502 4.185502 4.185502 4.185502 4.185502 4.185502 4.185502 4.185502 4.185502 4.185502 4.185502 4.367222 4.367222 4.2578945 4.2578945 4.367222 4.367222 4.367222 4.367222 4.367222 4.367222 4.367222 4.367222 4.367222 4.367222 4.367222 4.367222 4.367222 4.367222 4.367222 4.367222 4.367222 4.367222 4.367222 4.367222 4.367222 4.367222 4.367222 4.131371 4.131371 3.71576 1.723041 3.9199955 3.9199955 1.723041 1.723041 1.723041 4.131371 4.367222 4.367222 4.367222 2.8573232 2.8573232 3.9199955 4.185502 3.9381907 3.9381907 3.9381907 2.6250396 2.6250396
3.46588 4.185502 4.185502 4.185502 4.185502 4.185502 4.185502 4.185502 4.185502 4.185502 4.185502 4.185502 4.185502 4.367222 4.367222 4.2578945 4.2578945 4.367222 4.367222 4.367222 4.367222 4.367222 4.367222 4.367222 4.367222 4.367222 4.367222 4.367222 4.367222 4.367222 4.367222 4.367222 4.367222 4.367222 4.367222 4.367222 4.2578945 4.2578945 1.7234645 1.7234645 1.7234645 1.7234645 1.723041 1.723041 1.723041 1.723041 1.7234645 4.367222 4.367222 4.367222 4.367222 4.367222 4.367222 4.367222 3.9199955 3.9199955 3.9381907 3.9381907 3.9381907 3.9381907 2.6250396
3.46588 4.185502 4.185502 4.185502 4.185502 4.185502 4.185502 4.185502 4.185502 4.185502 4.185502 4.185502 4.185502 4.367222 4.367222 4.367222 4.367222 4.367222 3.8000786 4.367222 4.367222 4.367222 4.367222 4.367222 4.367222 4.367222 4.367222 4.367222 4.367222 4.367222 4.367222 4.367222 4.367222 4.367222 4.367222 4.367222 4.2578945 1.7234645 1.7234645 1.7234645 1.7234645 1.7234645 1.723041 1.723041 1.723041 1.7234645 1.7234645 4.367222 4.367222 4.367222 4.367222 4.367222 4.367222 4.367222 4.367222 4.185502 3.9381907 3.9381907 3.9381907 3.9381907 2.6250396
4.185502 4.367222 4.367222 4.185502 4.185502 4.185502 4.185502 4.185502 4.185502 4.185502 4.185502 4.185502 4.185502 4.367222 4.367222 4.367222 4.367222 4.367222 4.367222 3.8000786 4.367222 4.367222 4.367222 4.367222 4.367222 4.367222 4.367222 4.367222 4.367222 4.367222 4.367222 4.367222 4.367222 4.367222 4.367222 4.367222 4.367222 1.7234645 1.7234645 1.7234645 1.7234645 1.7234645 1.7234645 1.723041 1.7234645 1.7234645 1.7234645 4.185502 4.367222 4.367222 4.367222 4.367222 4.367222 4.367222 4.367222 4.367222 3.9381907 3.9381907 3.9381907 3.9381907 2.6250396
4.185502 4.367222 4.367222 4.367222 4.185502 4.185502 4.185502 4.185502 4.185502 4.185502 4.185502 4.185502 4.185502 4.367222 4.367222 4.367222 4.367222 4.367222 4.131371 4.131371 3.8000786 3.8000786 4.367222 4.367222 4.367222 4.367222 4.367222 4.367222 4.367222 4.367222 4.367222 4.367222 4.367222 4.367222 4.367222 4.367222 4.367222 1.7234645 1.7234645 1.7234645 1.7234645 1.7234645 1.7234645 1.7234645 3.46588 3.46588 4.185502 4.185502 4.367222 4.185502 4.185502 4.185502 4.185502 4.185502 4.185502 4.185502 3.9381907 3.9381907 3.9381907 3.9381907 2.6250396
4.185502 4.185502 4.367222 4.367222 4.367222 4.185502 4.185502 4.185502 4.185502 4.185502 4.185502 4.185502 4.185502 4.185502 4.367222 4.367222 4.2578945 4.2578945 4.2578945 4.2578945 4.2578945 3.8000786 4.367222 4.367222 4.367222 4.367222 4.367222 4.367222 4.367222 4.367222 4.367222 4.367222 4.367222 4.367222 4.367222 4.367222 1.7234645 1.7234645 1.7234645 1.7234645 1.7234645 1.7234645 1.7234645 1.7234645 3.46588 3.46588 4.185502 4.185502 4.185502 4.185502 4.185502 4.185502 3.654475 3.654475 4.185502 4.185502 3.9381907 3.9381907 3.9381907 3.9381907 2.6250396
4.185502 3.654475 3.8000786 4.367222 4.367222 4.367222 4.185502 4.185502 4.185502 4.185502 4.185502 4.185502 4.185502 4.185502 4.367222 4.367222 4.2578945 4.2578945 4.2578945 4.2578945 4.367222 3.8000786 3.8000786 4.367222 4.367222 4.367222 4.367222 4.367222 4.367222 4.367222 4.367222 4.367222 4.367222 4.367222 4.367222 4.367222 1.7234645 1.7234645 1.7234645 1.7234645 1.7234645 1.7234645 1.7234645 1.7234645 4.185502 4.185502 4.185502 4.106923 4.106923 4.185502 4.185502 4.185502 4.185502 4.185502 4.185502 3.9199955 3.9381907 3.9381907 3.9381907 3.9381907 3.9381907
3.654475 4.185502 4.185502 4.367222 4.367222 4.367222 4.367222 4.185502 4.185502 4.185502 4.185502 4.185502 4.185502 4.185502 4.185502 4.367222 4.367222 4.367222 4.367222 4.367222 4.367222 4.367222 4.367222 4.367222 4.367222 4.367222 4.367222 4.367222 4.367222 4.367222 1.7234645 1.7234645 1.7234645 1.7234645 1.7234645 4.367222 1.7234645 1.7234645 1.7234645 1.7234645 1.7234645 1.7234645 1.7234645 1.7234645 4.185502 4.185502 3.46588 4.106923 4.106923 4.185502 4.185502 4.185502 4.185502 4.185502 3.9199955 3.9199955 3.8297517 3.8297517 3.9381907 3.9381907 3.8966725
4.185502 4.185502 4.185502 4.367222 4.367222 4.367222 4.367222 4.367222 4.185502 4.185502 4.185502 4.185502 4.185502 4.185502 4.185502 4.367222 4.367222 4.367222 4.367222 4.367222 4.367222 4.367222 4.367222 4.367222 4.367222 1.7234645 4.367222 1.7234645 1.7234645 1.7234645 1.7234645 1.7234645 1.7234645 1.7234645 1.7234645 1.7234645 1.7234645 1.7234645 1.7234645 1.7234645 1.7234645 1.7234645 1.7234645 1.7234645 4.185502 4.185502 3.46588 3.46588 3.46588 3.46588 4.185502 4.185502 4.185502 4.185502 3.9199955 3.9199955 3.8297517 3.8297517 3.8297517 3.8297517 3.8966725
4.367222 4.185502 4.185502 4.185502 4.367222 4.367222 4.2578945 4.2578945 4.367222 4.2578945 3.9199955 3.9199955 4.185502 4.185502 4.185502 4.185502 4.367222 4.367222 4.367222 4.367222 4.367222 4.367222 4.367222 4.367222 4.367222 1.7234645 1.7234645 1.7234645 1.7234645 1.7234645 1.7234645 1.7234645 1.7234645 1.7234645 1.7234645 1.7234645 1.7234645 1.7234645 1.7234645 1.7234645 1.7234645 1.7234645 1.7234645 1.7234645 4.185502 3.46588 3.46588 3.46588 3.46588 3.46588 4.185502 4.185502 4.185502 4.185502 3.9199955 3.9199955 3.8297517 3.8297517 3.8297517 3.8297517 4.1180263
4.1181097 3.8427377 3.8427377 3.8427377 4.1181097 4.1181097 4.088326 4.088326 4.088326 4.088326 3.805831 3.736983 3.8427377 3.8427377 3.8427377 3.8427377 4.1181097 4.1181097 4.1181097 4.1181097 4.1181097 4.1181097 4.1181097 4.1181097 4.1181097 4.1181097 1.6171656 1.6171656 1.6171656 1.6171656 1.6171656 1.6171656 1.6171656 1.6171656 1.6171656 1.6171656 1.6171656 1.6171656 1.6171656 1.6167421 1.6167421 1.6171656 1.6171656 3.8427377 3.8427377 3.417227 3.417227 3.417227 3.417227 3.736983 3.8427377 3.8351138 3.8351138 3.736983 3.736983 3.736983 3.65214 3.65214 3.65214 3.9307847 3.9307847
4.1181097 3.8427377 3.8427377 3.8427377 3.8427377 4.1181097 4.1181097 4.088326 3.805831 4.088326 4.088326 4.1181097 3.8427377 3.8427377 3.8427377 3.8427377 4.1181097 4.1181097 4.1181097 4.1181097 4.1181097 4.1181097 4.1181097 4.1181097 4.1181097 4.1181097 1.6171656 1.6171656 1.6171656 1.6171656 1.6167421 1.6171656 1.6171656 1.6171656 1.6171656 1.6171656 1.6171656 1.6171656 1.6171656 1.6171656 1.6171656 1.6171656 1.6171656 3.8427377 3.8427377 3.8427377 3.8427377 3.8427377 3.8427377 3.736983 3.736983 3.8427382 3.8427382 3.736983 3.736983 3.736983 3.65214 3.65214 3.65214 3.9307847 3.9307847
4.1181097 3.8427377 3.8427377 3.8427377 3.8427377 3.8427377 4.088326 4.088326 4.088326 4.088326 4.1181097 4.1181097 4.1181097 3.8427377 3.8427377 3.8427377 3.8427377 4.1181097 4.1181097 4.1181097 4.1181097 4.1181097 4.1181097 4.0883255 4.0883255 4.1181097 1.6171656 1.6171656 1.6171656 1.6171656 1.6171656 1.6167421 1.6171656 1.6171656 1.6171656 1.6171651 1.6171656 1.6171656 1.6171656 1.6171656 1.6171656 1.6171656 1.6171656 3.8427377 3.8427377 3.8427377 3.8427377 3.8427377 3.8427377 3.736983 3.736983 3.8427382 3.736983 3.736983 3.736983 3.736983 3.65214 3.65214 3.65214 3.9307847 3.9307847
4.1181097 3.8427377 3.8427377 3.8427377 3.8427377 3.8427377 3.8427377 3.8427377 4.1181097 4.1181097 4.1181097 4.1181097 4.1181097 4.1181097 3.8427377 3.8427377 3.8427377 4.1181097 4.1181097 4.1181097 4.1181097 4.1181097 4.1181097 4.0883255 4.0883255 4.1181097 4.1181097 1.6171656 1.6171656 1.6171656 1.6171656 1.6171656 1.6171656 1.6171656 1.6171656 1.6171656 1.6171656 1.6171656 1.4948819 1.6171656 1.6171656 1.6171656 1.6171656 3.8427377 3.8427377 3.8427377 3.8427377 3.8427377 3.8427377 3.8427377 3.736983 3.736983 3.736983 3.736983 3.736983 3.736983 3.65214 3.65214 3.9307847 3.595853 4.035433
4.1181097 3.8427377 3.8427377 3.8427377 3.8427377 3.8427377 3.8427377 3.8427377 4.1181097 4.1181097 4.1181097 4.1181097 4.1181097 4.1181097 4.1181097 3.8427377 3.8427377 4.1181097 4.1181097 4.007761 4.007761 3.6586685 4.007761 4.007761 4.0883255 4.1181097 4.1181097 1.6171656 1.6171656 1.6171656 1.6171656 1.6171656 1.6171656 1.6171656 1.6171656 1.6171656 1.6171656 1.6171656 1.4948819 1.6171656 1.6171656 1.6171656 1.6171656 3.8427377 3.8427377 3.8427377 3.8427377 3.8427377 3.8427377 3.8427377 3.8427377 3.736983 3.736983 3.736983 4.007761 4.007761 3.65214 3.9307847 3.9307847 4.035433 4.035433
4.088326 3.8427377 3.8427377 3.8427377 3.8427377 3.8427377 3.8427377 3.8427377 4.088326 4.088326 4.1181097 4.1181097 4.1181097 3.6586685 3.6586685 3.417227 3.8427377 3.736983 4.007761 4.007761 4.007761 4.007761 4.007761 4.007761 4.007761 4.1181097 4.1181097 1.6171656 1.6171656 1.6171656 1.6171656 1.6171656 1.6171656 1.6171656 1.6171656 1.6171656 1.6171656 1.6171656 1.6171656 1.6171656 1.6171656 1.6171656 1.6171656 3.805831 3.805831 3.8427377 3.8427377 3.8427377 3.8427377 3.8427377 3.8427377 3.736983 3.736983 4.007761 4.007761 4.088326 3.9307847 3.9307847 3.9307847 4.035433 4.035433
4.088326 3.8427377 3.8427377 3.8427377 3.8427377 3.8427377 3.8427377 3.8427377 4.088326 4.088326 4.1181097 4.1181097 4.1181097 3.6586685 3.6586685 3.6586685 3.417227 3.736983 4.007761 4.007761 3.736983 4.007761 4.007761 4.1181097 4.1181097 4.1181097 4.1181097 4.1181097 1.6171656 1.6171656 1.6171656 1.6171656 1.6171656 1.6171656 1.6171656 1.6171656 1.6171656 1.6171656 1.6171656 1.6171656 1.6171656 1.6171656 3.8427377 3.805831 3.805831 3.8427377 3.8427377 3.8427377 3.805831 3.805831 3.8427377 3.8427377 3.736983 3.6586685 3.6586685 4.1181097 4.035433 4.035433 4.035433 4.035433 4.035433
4.1181097 3.8427377 3.8427377 3.8427377 3.8427377 3.8427377 3.8427377 3.8427377 3.8427377 4.1181097 4.1181097 4.1181097 4.1181097 3.6586685 3.6586685 3.6586685 3.417227 3.417227 3.736983 4.007761 4.007761 4.007761 4.007761 4.1181097 4.1181097 4.1181097 4.1181097 4.1181097 4.1181097 1.6171656 1.6171656 1.6171656 1.6171656 1.6171656 1.6171656 1.6171656 1.6171656 1.6171656 1.6171656 1.6171656 1.6171656 1.6171656 1.6171656 3.8427377 3.8427377 3.8427377 3.8427377 3.805831 3.805831 3.805831 3.8427377 3.8427377 3.736983 3.736983 3.6586685 4.1181097 4.035433 4.0057673 4.035433 4.035433 4.035433
4.1181097 3.8427377 3.8427377 3.8427377 3.8427377 3.8427377 3.8427377 3.8427377 3.8427377 3.8427377 4.1181097 4.1181097 3.6586685 3.6586685 3.6586685 3.417227 3.417227 3.417227 3.417227 4.007761 4.007761 4.1181097 4.1181097 4.1181097 4.1181097 4.1181097 4.1181097 4.1181097 4.1181097 1.6171656 1.6171656 1.6171656 1.6171656 1.6171656 1.6171656 1.6171656 1.6171656 1.6171656 1.6171656 1.6171656 1.6171656 1.6171656 1.6171656 3.8427377 3.8427377 3.8427377 3.8427377 3.8427377 3.805831 3.8427377 3.8427377 3.8427377 3.8427377 3.736983 3.736983 4.1181097 4.035433 4.0057673 4.0057673 4.035433 4.035433
4.1181097 4.1181097 3.8427377 3.8427377 3.8427377 3.8427377 3.8427377 3.8427377 3.8427377 3.8427377 4.1181097 4.1181097 3.6586685 3.6586685 3.6586685 3.6586685 3.6586685 3.417227 3.417227 4.1181097 4.1181097 4.1181097 4.1181097 4.1181097 4.1181097 4.1181097 4.1181097 4.1181097 4.1181097 1.6171656 1.6171656 1.6171656 1.6171656 1.6171656 1.6171656 1.6171656 1.6171656 1.6171656 1.6171656 1.4948819 1.4948819 1.6171656 1.6167421 3.8427377 3.8427377 3.8427377 3.8427377 3.8427377 3.8427377 3.8427377 3.8427377 3.8427377 3.8427377 3.8427377 3.736983 4.007761 4.035433 4.0057673 4.035433 4.035433 4.035433
