Export/ASCII/RMeteo_SP_inch/p1/RMeteo_2014_SP4_inch.asc
ncols         660
nrows         338
xllcorner     1476150
yllcorner     5017150
cellsize      100
NODATA_value  -9.9e-20
[rows 243 to 269 of 338, columns 420 to 479 of 660]
13.086533 13.086533 15.586582 15.586582 15.586582 15.586582 15.586582 15.586582 15.586582 15.586582 15.303425 15.303425 13.086533 13.086533 10.233006 10.233006 10.233006 10.233006 8.786495 8.786495 8.786495 8.786495 8.786495 8.786495 11.09902 11.002148 11.002148 11.09902 11.09902 11.09902 11.09902 6.6776404 6.6776404 6.6776404 6.6776404 6.6776404 6.6776404 15.586582 15.586582 15.586582 13.086533 14.230677 8.786495 10.233006 8.786495 8.786495 8.786495 11.002148 11.002148 10.233006 10.233006 10.233006 10.233006 10.233006 10.233006 9.930254 8.587023 8.587023 8.587023 8.587023
13.086533 13.086533 15.586582 15.586582 15.586582 15.586582 15.586582 15.586582 15.586582 15.586582 15.586582 15.586582 13.086533 13.086533 13.086533 13.086533 13.086533 10.233006 8.786495 10.693695 10.693695 10.693695 8.786495 8.786495 8.786495 11.09902 11.09902 11.09902 11.09902 11.09902 11.09902 6.6776404 6.6776404 6.6776404 6.6776404 6.6776404 6.6776404 6.6776404 15.586582 15.586582 13.086533 13.086533 10.233006 10.233006 10.233006 11.09902 11.09902 11.09902 11.09902 10.233006 10.233006 10.233006 10.233006 10.233006 10.233006 9.930254 9.930254 9.930254 9.930254 9.930254
13.086533 13.086533 15.586582 15.586582 15.586582 15.586582 15.586582 15.586582 15.586582 15.586582 15.586582 15.586582 15.586582 15.586582 15.586582 15.586582 15.586582 11.09902 11.09902 10.693695 10.693695 8.786495 8.786495 8.786495 8.786495 11.09902 11.09902 11.09902 11.09902 11.09902 11.09902 11.09902 6.6776404 6.6776404 6.6776404 6.6776404 6.6776404 6.6776404 6.6776404 6.6776404 15.586582 13.086533 13.086533 10.233006 10.233006 10.233006 11.09902 10.175471 10.175471 10.233006 10.233006 10.233006 10.233006 10.233006 10.233006 9.930254 9.930254 9.930254 9.930254 9.930254
13.086533 13.086533 15.586582 15.586582 15.586582 15.586582 15.586582 15.586582 15.586582 15.586582 15.586582 15.586582 15.586582 15.586582 15.586582 15.586582 15.586582 15.586582 11.09902 11.09902 8.786495 8.786495 8.786495 8.786495 8.786495 8.786495 11.09902 11.09902 11.09902 11.09902 11.09902 11.09902 11.09902 6.6776404 6.6776404 6.6776404 6.6776404 6.6776404 6.6776404 6.6776404 6.6776404 13.086533 13.086533 10.233006 10.233006 11.09902 11.09902 11.09902 10.175471 10.233006 10.233006 10.233006 10.233006 10.233006 10.233006 9.930254 9.930254 9.930254 9.930254 9.930254
13.086533 15.586582 15.586582 15.586582 15.586582 15.586582 15.586582 15.586582 15.586582 15.586582 15.586582 15.586582 15.586582 15.586582 15.586582 15.586582 15.586582 15.586582 15.586582 8.786495 8.786495 8.786495 8.786495 8.786495 8.786495 8.786495 8.786495 11.09902 11.09902 11.09902 11.09902 11.09902 11.09902 11.09902 6.6776404 6.6776404 6.6776404 6.6776404 6.6776404 6.6776404 6.6776404 6.6776404 6.6258216 6.6258216 6.6776404 11.09902 11.09902 11.09902 11.09902 10.233006 10.233006 10.233006 10.233006 10.233006 10.233006 9.930254 10.66453 10.66453 9.930254 9.930254
13.086533 15.586582 15.586582 15.586582 15.586582 15.586582 15.586582 15.586582 15.586582 15.586582 15.586582 15.586582 15.586582 15.586582 15.586582 15.586582 15.586582 15.586582 10.408823 8.786495 8.786495 8.786495 8.786495 8.786495 8.786495 8.786495 8.786495 8.786495 11.09902 11.09902 11.09902 11.09902 11.09902 11.09902 6.664559 6.6776404 6.6776404 6.6776404 6.6776404 6.6776404 6.6776404 6.6776404 6.6258216 6.6258216 6.6776404 6.6776404 6.6776404 11.09902 11.09902 11.09902 10.233006 10.233006 10.233006 10.233006 10.233006 9.930254 8.587023 10.66453 10.66453 9.930254
13.086533 15.586582 15.586582 15.586582 15.586582 15.586582 15.586582 15.586582 15.586582 15.586582 15.586582 15.586582 15.586582 15.586582 15.586582 15.586582 10.408823 10.408823 10.408823 10.408823 8.786495 8.786495 8.786495 8.786495 8.786495 8.786495 8.786495 8.786495 11.09902 11.09902 11.09902 11.09902 11.09902 10.693695 10.693695 10.233006 6.6776404 6.6776404 6.6776404 6.6776404 6.6776404 6.6776404 6.6258216 6.6258216 6.6776404 6.6776404 6.6776404 6.6776404 6.6776404 11.09902 8.786495 10.233006 10.233006 10.233006 10.233006 9.930254 10.66453 10.66453 10.66453 9.930254
15.586582 15.586582 15.586582 15.586582 15.586582 15.586582 15.586582 15.586582 15.586582 15.586582 15.586582 15.586582 15.586582 14.230677 14.230677 15.586582 10.408823 10.408823 10.408823 10.408823 8.786495 8.786495 8.786495 8.786495 8.786495 8.786495 8.786495 8.786495 8.786495 11.09902 11.09902 11.09902 11.09902 10.693695 11.09902 11.09902 6.6776404 6.6776404 6.6776404 6.6776404 6.6776404 6.6776404 6.6258216 6.6258216 6.6258216 6.6776404 6.6776404 6.6776404 6.6776404 6.6776404 8.786495 8.786495 10.233006 10.233006 10.233006 9.930254 9.930254 10.66453 9.930254 9.930254
15.586582 15.586582 15.586582 15.586582 15.586582 15.586582 15.586582 15.586582 15.586582 15.586582 15.586582 15.586582 15.586582 14.230677 14.230677 15.586582 10.408823 10.408823 8.786495 8.786495 10.408823 8.786495 8.786495 8.786495 8.786495 8.786495 8.786495 8.786495 8.786495 11.09902 11.09902 11.09902 11.09902 11.09902 11.09902 11.09902 6.6776404 6.6776404 6.6776404 6.6776404 6.6776404 6.6776404 6.6776404 6.6258216 6.6258216 6.6776404 6.6776404 6.6776404 6.6776404 6.6776404 8.786495 8.786495 10.233006 10.233006 8.786495 9.930254 9.930254 9.930254 9.930254 9.930254
15.586582 15.586582 15.586582 15.586582 15.586582 15.586582 15.586582 15.586582 15.586582 15.586582 13.086533 13.086533 15.586582 15.586582 15.586582 14.560639 10.408823 10.408823 10.408823 10.408823 10.408823 10.408823 10.408823 8.786495 8.786495 8.786495 8.786495 8.786495 11.09902 11.09902 11.09902 11.09902 11.09902 11.09902 11.09902 11.09902 11.09902 6.6776404 6.6776404 6.6776404 6.6776404 6.6776404 6.6776404 6.6776404 6.6258216 6.6258216 6.6776404 6.6776404 6.6776404 6.6776404 6.6776404 8.786495 8.786495 8.786495 8.786495 8.587023 9.930254 9.930254 9.930254 8.587023
15.586582 15.586582 15.586582 15.586582 15.586582 15.586582 15.586582 15.586582 15.586582 13.086533 13.086533 13.086533 15.586582 15.586582 15.586582 15.586582 6.6776404 6.6776404 15.586582 15.586582 15.586582 10.408823 10.408823 10.408823 10.408823 11.09902 11.09902 11.09902 11.09902 11.09902 11.09902 11.09902 11.09902 11.09902 11.09902 10.175471 11.09902 6.6776404 6.6776404 6.6776404 6.6776404 6.6776404 6.6776404 6.6776404 6.6258216 6.6258216 6.6776404 6.6776404 6.6776404 6.6776404 6.6776404 11.09902 8.786495 8.786495 8.786495 8.587023 8.587023 8.587023 8.587023 8.587023
15.586582 15.586582 15.586582 15.586582 15.586582 15.586582 15.586582 15.586582 15.586582 15.586582 15.586582 15.586582 15.586582 15.586582 15.586582 6.6776404 6.6776404 6.6776404 15.586582 15.586582 15.586582 15.586582 10.408823 10.408823 10.408823 11.09902 11.09902 11.09902 11.09902 11.09902 11.09902 11.09902 11.09902 11.09902 11.09902 11.09902 11.09902 11.09902 6.6776404 6.6776404 6.6776404 6.6776404 6.6776404 6.6776404 6.6258216 6.6258216 6.6776404 6.6776404 6.6776404 6.6776404 6.6776404 11.09902 11.09902 8.786495 8.786495 8.587023 8.587023 8.587023 8.587023 8.587023
15.586582 15.586582 15.586582 15.586582 15.586582 15.586582 15.586582 15.586582 6.6776404 6.6776404 15.586582 15.586582 15.586582 15.586582 15.586582 6.6776404 6.6776404 15.586582 15.586582 15.586582 15.586582 15.586582 10.408823 10.408823 10.408823 15.586582 10.233006 11.09902 11.09902 11.09902 11.09902 11.09902 11.09902 11.09902 11.09902 11.09902 11.09902 11.09902 6.6776404 6.6776404 6.6776404 6.6776404 6.6776404 6.6776404 6.6776404 6.6258216 6.6258216 6.6776404 6.664559 6.664559 6.6776404 11.09902 11.09902 11.09902 8.786495 10.334629 10.334629 8.587023 8.587023 8.587023
15.586582 15.586582 15.586582 15.586582 15.586582 15.586582 15.586582 15.586582 6.6776404 6.6776404 6.6776404 15.586582 15.586582 15.586582 15.586582 6.6776404 6.6776404 15.586582 15.586582 15.586582 15.586582 15.586582 10.408823 10.408823 10.408823 15.586582 13.086533 10.233006 11.09902 11.09902 11.09902 11.09902 11.09902 11.09902 11.09902 11.09902 11.09902 11.09902 11.09902 6.6776404 6.6776404 6.6776404 6.6776404 6.6776404 6.6776404 6.6258216 6.6258216 6.6776404 6.664559 6.664559 6.6776404 11.09902 11.09902 11.09902 11.09902 10.334629 10.334629 8.587023 8.587023 8.587023
15.586582 15.586582 15.586582 15.586582 15.586582 15.586582 15.586582 15.586582 6.6776404 6.6776404 15.586582 15.586582 15.586582 15.586582 15.586582 6.6776404 6.6776404 15.586582 15.586582 15.586582 15.586582 15.586582 14.560639 14.560639 15.586582 15.586582 13.086533 10.233006 11.09902 11.09902 11.09902 11.09902 11.09902 11.09902 11.09902 11.09902 11.09902 11.09902 11.09902 6.6776404 6.6776404 6.6776404 6.6776404 6.6776404 6.6776404 6.6776404 6.6258216 6.6258216 6.664559 6.664559 6.6258216 10.233006 11.09902 11.09902 11.09902 10.66453 8.587023 8.587023 8.587023 8.587023
15.586582 15.586582 15.586582 15.586582 15.586582 15.586582 15.586582 15.586582 6.6776404 6.6776404 15.586582 15.586582 15.586582 15.586582 15.586582 6.6776404 6.6776404 15.586582 15.586582 15.586582 15.586582 15.586582 15.586582 15.586582 15.586582 14.230677 14.230677 10.693695 10.693695 11.09902 11.09902 11.09902 11.09902 11.09902 11.09902 11.09902 11.09902 10.175471 11.09902 11.09902 6.6776404 6.6776404 6.6776404 6.6776404 6.6776404 6.6776404 6.6258216 6.6258216 6.664559 6.664559 10.233006 10.233006 11.09902 11.09902 11.09902 10.66453 8.587023 8.587023 8.587023 8.587023
15.586582 15.586582 15.586582 15.586582 15.586582 15.586582 15.586582 15.586582 6.6776404 6.6776404 15.586582 15.586582 15.586582 15.586582 15.586582 6.6776404 6.6776404 15.586582 15.586582 15.586582 15.586582 15.586582 15.586582 15.586582 15.586582 15.586582 14.230677 14.230677 15.586582 11.09902 11.09902 11.09902 11.09902 11.09902 11.09902 11.09902 11.09902 11.09902 11.09902 11.09902 11.09902 6.6776404 6.6776404 6.6776404 6.6776404 6.6776404 6.6776404 6.6258216 6.664559 6.6258216 6.6258216 10.233006 11.09902 11.09902 11.09902 10.66453 10.66453 8.587023 8.587023 8.587023
14.931516 14.931516 14.931516 14.931516 14.931516 14.931516 14.931516 14.931516 6.723679 6.723679 14.931516 14.931516 14.931516 14.931516 14.931516 6.723679 6.723679 14.931516 14.931516 14.931516 14.931516 14.931516 14.931516 14.931516 14.931516 14.931516 12.818461 12.818461 14.931516 14.931516 11.107726 11.107726 11.107726 11.107726 11.107726 11.107726 11.107726 11.107726 11.107726 11.107726 11.107726 11.107726 6.723679 6.723679 6.723679 6.723679 6.723679 6.664853 6.664853 6.664853 6.664853 11.107726 11.107726 11.107726 11.107726 10.630983 10.630983 10.630983 10.630983 10.630983
14.931516 14.931516 14.931516 14.931516 14.931516 14.931516 14.931516 14.931516 14.931516 6.723679 14.931516 14.931516 14.931516 14.931516 14.931516 6.723679 6.723679 14.931516 14.931516 14.931516 14.931516 14.931516 14.931516 14.931516 14.931516 14.931516 14.931516 14.931516 14.931516 14.931516 14.931516 11.107726 10.707176 10.707176 11.107726 11.107726 11.107726 11.107726 11.107726 11.107726 11.107726 11.107726 11.107726 6.723679 6.723679 6.723679 6.723679 6.664853 6.664853 6.723679 6.723679 11.107726 11.107726 11.107726 11.107726 10.630983 10.630983 10.630983 8.731096 8.731096
14.931516 14.931516 14.931516 14.931516 14.931516 14.931516 14.931516 14.931516 14.931516 6.723679 14.931516 14.931516 14.931516 14.931516 14.931516 6.723679 6.723679 14.931516 14.931516 14.931516 14.931516 14.931516 14.931516 14.931516 14.931516 14.931516 14.931516 14.931516 14.931516 14.931516 14.931516 13.81528 13.81528 13.81528 14.931516 11.107726 11.107726 11.107726 11.107726 11.107726 11.107726 11.107726 11.107726 11.107726 6.664853 6.664853 6.723679 6.723679 6.664853 6.664853 6.723679 6.723679 6.723679 6.723679 6.723679 6.4132695 6.4132695 6.4132695 6.0671496 6.0671496
14.931516 14.931516 14.931516 14.931516 14.931516 14.931516 14.931516 14.931516 6.723679 6.723679 6.723679 14.931516 14.931516 14.931516 14.931516 6.723679 6.723679 6.723679 14.931516 14.931516 14.931516 14.931516 14.931516 14.931516 14.931516 14.931516 14.931516 14.931516 14.931516 14.931516 14.931516 13.81528 13.81528 13.81528 14.931516 11.107726 11.107726 11.107726 11.107726 11.107726 11.107726 11.107726 11.107726 11.107726 10.246779 6.664853 6.708824 6.723679 6.664853 6.664853 6.723679 6.723679 6.723679 6.723679 6.723679 6.4132695 6.4132695 6.4132695 6.4132695 6.0671496
14.931516 14.931516 14.931516 14.931516 14.931516 14.931516 14.931516 14.931516 6.723679 6.723679 6.723679 14.931516 14.931516 14.931516 14.931516 14.931516 6.723679 6.723679 14.931516 14.931516 14.931516 14.931516 14.931516 14.931516 14.931516 14.931516 14.931516 14.931516 14.931516 14.931516 14.931516 14.931516 13.81528 13.81528 14.931516 11.107726 11.107726 11.107726 11.107726 11.107726 11.107726 11.107726 11.107726 11.107726 10.707176 6.708824 6.708824 6.723679 6.664853 6.664853 6.664853 6.723679 6.723679 6.723679 6.723679 6.4132695 6.4132695 6.4132695 6.4132695 6.4132695
14.931516 14.931516 14.931516 14.931516 14.931516 14.931516 14.931516 11.107726 6.723679 6.723679 6.723679 14.931516 14.931516 14.931516 14.931516 14.931516 6.723679 6.723679 14.931516 12.818461 14.931516 14.931516 14.931516 14.931516 14.931516 14.931516 14.931516 14.931516 14.931516 14.931516 14.931516 14.931516 14.931516 14.931516 14.931516 14.931516 11.107726 11.107726 11.107726 11.107726 11.107726 11.107726 11.107726 11.107726 11.107726 11.107726 6.723679 6.723679 6.723679 6.664853 6.664853 6.723679 6.723679 6.723679 6.723679 6.4132695 6.4132695 6.4132695 6.4132695 6.4132695
11.107726 14.931516 14.931516 14.931516 11.107726 11.107726 11.107726 11.107726 6.723679 6.723679 6.723679 14.931516 14.931516 14.931516 14.931516 14.931516 6.723679 6.723679 14.931516 12.818461 12.818461 14.931516 14.931516 14.931516 14.931516 14.931516 14.931516 14.931516 14.931516 14.931516 14.931516 14.931516 14.931516 14.931516 14.931516 14.931516 14.931516 11.107726 11.107726 11.107726 11.107726 11.107726 11.107726 11.107726 11.107726 11.107726 11.107726 6.723679 6.723679 6.723679 6.664853 6.723679 6.723679 6.723679 6.723679 6.4132695 6.4132695 6.4132695 6.4132695 6.4132695
14.931516 14.931516 14.931516 11.107726 11.107726 11.107726 11.107726 11.107726 6.723679 6.723679 6.723679 14.931516 14.931516 14.931516 14.931516 14.931516 6.723679 6.723679 14.931516 13.81528 13.81528 14.931516 14.931516 14.931516 14.931516 14.931516 14.931516 14.931516 14.931516 14.931516 14.931516 14.931516 14.931516 14.931516 14.931516 14.931516 14.931516 11.107726 11.107726 11.107726 11.107726 11.107726 11.107726 11.107726 11.107726 11.107726 11.107726 11.107726 6.723679 6.723679 10.246779 10.246779 6.664853 6.664853 6.664853 6.3382964 6.4132695 6.4132695 6.4132695 6.4132695
14.931516 14.931516 14.931516 11.107726 11.107726 11.107726 11.107726 11.107726 6.723679 6.723679 6.723679 6.723679 14.931516 14.931516 14.931516 14.931516 6.723679 6.723679 14.931516 13.81528 13.81528 14.931516 14.931516 14.931516 14.931516 14.931516 14.931516 14.931516 14.931516 14.931516 14.931516 14.931516 14.931516 14.931516 14.931516 14.931516 14.931516 14.931516 11.107726 11.107726 11.107726 11.107726 14.931516 11.107726 11.107726 11.107726 11.107726 11.107726 11.107726 11.107726 10.246779 10.246779 10.246779 10.246779 6.664853 6.4132695 6.4132695 6.4132695 6.4132695 6.4132695
14.931516 14.931516 14.931516 11.107726 11.107726 11.107726 6.723679 6.723679 6.723679 6.723679 6.723679 6.723679 6.723679 14.931516 13.81528 13.81528 6.708824 6.723679 14.931516 14.931516 13.81528 14.931516 13.870945 13.870945 13.870945 14.931516 14.931516 14.931516 14.931516 14.931516 14.931516 14.931516 14.931516 14.931516 14.931516 14.931516 14.931516 14.931516 14.931516 14.931516 14.931516 14.931516 14.931516 14.931516 14.931516 14.931516 11.107726 11.107726 11.107726 11.107726 11.107726 10.246779 10.246779 10.246779 10.246779 6.3382964 6.4132695 6.4132695 6.4132695 6.4132695
