Export/ASCII/RMeteo_SP_inch/p1/RMeteo_2016_SP1_inch.asc
ncols         660
nrows         338
xllcorner     1476100.0
yllcorner     5017100.0
cellsize      100
NODATA_value  -9.9e-20
[rows 162 to 188 of 338, columns 372 to 433 of 660]
5.2008038 5.2008038 5.2008038 5.2008038 5.2008038 5.2008038 5.2008038 5.2008038 5.2008038 5.2008038 5.2008038 5.2008038 5.2008038 5.2008038 5.2008038 5.2008038 5.2008038 5.2008038 5.2008038 5.2008038 5.2008038 5.2008038 5.2008038 5.2008038 5.028067 5.028067 5.028067 5.028067 5.028067 5.028067 5.028067 5.028067 5.028067 5.028067 5.028067 5.028067 5.028067 5.028067 5.028067 5.028067 5.028067 5.028067 5.028067 5.028067 5.028067 5.028067 5.028067 5.028067 5.028067 5.028067 5.028067 5.966421 7.188958 7.188958 5.966421 5.028067 5.028067 5.966421 7.638583 7.638583 8.077392 8.077392
5.2008038 5.2008038 5.2008038 5.2008038 5.2008038 5.2008038 5.2008038 5.2008038 5.2008038 5.2008038 5.2008038 5.2008038 5.2008038 5.2008038 5.2008038 5.2008038 5.2008038 5.2008038 5.2008038 5.2008038 5.2008038 5.2008038 5.2008038 5.2008038 5.028067 5.028067 5.028067 5.028067 5.028067 5.028067 5.028067 5.028067 5.028067 5.028067 5.028067 5.028067 5.028067 5.028067 5.028067 5.028067 5.028067 5.028067 5.028067 5.028067 5.028067 5.028067 5.028067 5.028067 5.028067 5.028067 5.028067 5.028067 5.966421 7.188958 5.028067 5.028067 5.028067 5.966421 7.638583 7.638583 7.638583 8.077392
5.2008038 5.2008038 5.2008038 5.2008038 5.2008038 5.2008038 5.2008038 5.2008038 5.2008038 5.2008038 5.2008038 5.2008038 5.2008038 5.2008038 5.2008038 5.2008038 5.2008038 5.2008038 5.2008038 5.2008038 5.2008038 5.2008038 5.2008038 5.2008038 5.028067 5.028067 5.028067 5.028067 5.028067 5.028067 5.028067 5.028067 5.028067 5.028067 5.966421 5.966421 5.966421 5.028067 5.028067 6.060463 5.028067 5.028067 5.028067 5.028067 5.028067 5.028067 5.028067 5.028067 5.028067 5.028067 5.028067 5.028067 5.028067 5.740753 5.028067 5.028067 5.028067 5.966421 7.638583 7.638583 7.638583 8.077392
5.2008038 5.2008038 5.2008038 5.2008038 5.2008038 5.2008038 5.2008038 5.2008038 5.2008038 5.2008038 5.2008038 5.2008038 5.2008038 5.2008038 5.2008038 5.2008038 5.2008038 5.2008038 5.2008038 5.2008038 5.2008038 5.2008038 5.2008038 5.2008038 5.028067 5.028067 5.028067 5.028067 5.028067 5.028067 5.028067 5.028067 5.028067 5.028067 5.966421 8.077392 8.077392 5.028067 5.028067 5.028067 5.028067 5.028067 5.028067 5.028067 5.028067 5.028067 5.028067 5.028067 5.028067 5.028067 5.028067 5.028067 5.740753 5.740753 5.740753 5.740753 5.740753 7.188958 7.188958 7.188958 8.077392 8.077392
5.2008038 5.2008038 5.2008038 5.2008038 5.2008038 5.2008038 5.2008038 5.2008038 5.2008038 5.2008038 5.2008038 5.2008038 5.2008038 5.2008038 5.2008038 5.2008038 5.2008038 5.2008038 5.2008038 5.2008038 5.2008038 5.2008038 5.2008038 5.2008038 5.028067 5.028067 5.028067 5.028067 5.028067 5.028067 5.028067 5.028067 5.028067 5.028067 5.966421 8.077392 8.077392 5.028067 5.028067 5.028067 5.028067 5.028067 5.028067 5.028067 5.028067 5.028067 5.028067 5.028067 5.028067 5.028067 5.028067 5.740753 5.740753 5.740753 5.740753 5.740753 5.740753 5.740753 5.740753 7.188958 7.188958 7.188958
5.2008038 5.2008038 5.2008038 5.2008038 5.2008038 5.2008038 5.2008038 5.2008038 5.2008038 5.2008038 5.2008038 5.2008038 5.2008038 5.2008038 5.2008038 5.2008038 5.2008038 5.2008038 5.2008038 5.2008038 5.2008038 5.2008038 5.2008038 5.2008038 5.028067 5.028067 5.028067 5.028067 5.028067 5.028067 5.028067 5.028067 5.028067 5.028067 8.077392 8.077392 8.077392 5.028067 5.028067 5.028067 5.028067 5.028067 5.028067 5.028067 5.028067 5.028067 5.028067 5.028067 5.028067 5.028067 5.028067 5.740753 5.740753 6.060463 5.740753 5.740753 5.740753 5.740753 5.740753 5.740753 5.740753 5.740753
5.2008038 5.2008038 5.2008038 5.2008038 5.2008038 5.2008038 5.2008038 5.2008038 5.2008038 6.1361732 6.1361732 5.2008038 5.2008038 5.2008038 5.2008038 5.2008038 5.2008038 5.2008038 5.2008038 5.2008038 5.2008038 5.2008038 5.2008038 5.2008038 5.028067 5.028067 5.028067 5.028067 5.028067 5.028067 5.028067 5.028067 5.028067 5.028067 5.966421 5.966421 5.966421 5.028067 5.028067 5.028067 5.028067 5.028067 5.028067 5.028067 5.028067 5.028067 5.028067 5.028067 5.028067 5.028067 5.028067 5.028067 5.028067 5.028067 5.028067 5.740753 5.740753 5.740753 5.740753 5.740753 5.740753 5.740753
5.2008038 5.2008038 5.2008038 5.2008038 5.2008038 5.2008038 5.2008038 5.2008038 5.2008038 7.861472 6.1361732 5.2008038 5.2008038 5.2008038 5.2008038 5.2008038 5.2008038 5.2008038 5.2008038 5.2008038 5.2008038 5.2008038 5.2008038 5.2008038 5.9886017 5.028067 5.028067 5.028067 5.028067 5.028067 5.028067 5.028067 5.028067 5.028067 5.028067 5.028067 5.028067 5.028067 5.028067 5.028067 5.028067 5.028067 5.028067 5.028067 5.028067 5.028067 5.028067 5.028067 5.028067 5.028067 5.028067 5.028067 5.028067 5.028067 5.028067 5.028067 5.740753 5.740753 5.740753 5.740753 5.740753 5.740753
5.2008038 5.2008038 5.2008038 5.2008038 5.2008038 5.2008038 5.2008038 5.2008038 5.2008038 6.1361732 6.1361732 5.2008038 5.2008038 5.2008038 5.2008038 5.2008038 5.2008038 5.2008038 5.2008038 5.2008038 5.2008038 5.2008038 5.2008038 5.2008038 5.028067 5.028067 5.028067 5.028067 5.028067 5.028067 5.028067 5.028067 5.028067 5.028067 5.028067 5.028067 5.028067 5.028067 5.028067 5.028067 5.028067 5.028067 5.028067 5.028067 5.028067 5.028067 5.028067 5.028067 5.028067 5.028067 5.028067 5.740753 5.740753 6.060463 5.740753 5.740753 5.740753 5.740753 5.740753 5.740753 5.740753 5.740753
5.2008038 5.2008038 5.2008038 5.2008038 5.2008038 5.2008038 5.2008038 5.2008038 5.2008038 6.1361732 6.1361732 5.2008038 5.2008038 5.2008038 5.2008038 5.2008038 5.2008038 5.2008038 5.2008038 5.2008038 5.2008038 5.2008038 5.2008038 5.2008038 5.028067 5.028067 5.028067 5.028067 5.028067 5.028067 5.028067 5.028067 5.028067 5.028067 5.028067 5.028067 5.028067 5.028067 5.028067 5.028067 5.028067 5.028067 5.028067 5.028067 5.028067 5.028067 5.028067 5.028067 5.028067 5.028067 5.028067 5.028067 5.740753 5.740753 5.740753 5.740753 5.740753 5.740753 5.740753 5.740753 5.740753 5.740753
5.2008038 5.2008038 5.2008038 5.2008038 5.2008038 5.2008038 5.2008038 5.2008038 6.1361732 6.1361732 6.1361732 5.2008038 5.2008038 5.2008038 5.2008038 5.2008038 5.2008038 5.2008038 5.2008038 5.2008038 5.2008038 5.2008038 5.2008038 5.2008038 5.028067 5.028067 5.028067 5.028067 5.028067 5.028067 5.028067 5.028067 5.028067 5.028067 5.028067 5.028067 5.028067 5.028067 5.028067 5.028067 5.028067 5.028067 5.028067 5.028067 5.028067 5.028067 5.028067 5.028067 5.028067 5.028067 5.028067 5.028067 5.740753 5.740753 5.740753 5.740753 5.740753 5.740753 5.740753 5.740753 5.740753 5.740753
5.2008038 5.2008038 5.2008038 5.2008038 5.2008038 5.2008038 5.2008038 5.2008038 5.2008038 6.1361732 6.1361732 5.2008038 5.2008038 5.2008038 5.2008038 5.2008038 5.2008038 5.2008038 5.2008038 5.2008038 5.2008038 5.2008038 5.2008038 5.2008038 5.028067 5.028067 5.028067 5.028067 5.028067 5.028067 5.028067 6.060463 5.028067 5.028067 5.028067 5.028067 5.028067 5.028067 5.028067 5.028067 5.028067 5.028067 5.028067 5.028067 5.028067 5.028067 5.028067 5.028067 5.028067 5.028067 5.028067 5.028067 5.740753 5.740753 5.740753 5.740753 5.740753 5.740753 5.740753 5.740753 5.740753 5.028067
5.2008038 5.2008038 5.2008038 5.2008038 5.2008038 5.2008038 5.2008038 5.2008038 5.2008038 5.2008038 5.2008038 5.2008038 5.2008038 5.2008038 5.2008038 5.2008038 5.2008038 5.2008038 5.2008038 5.2008038 5.2008038 5.2008038 5.2008038 5.2008038 5.028067 5.028067 5.028067 5.028067 5.028067 5.028067 5.028067 6.060463 5.028067 5.028067 5.028067 5.028067 5.028067 5.028067 5.028067 5.028067 5.028067 5.028067 5.028067 5.028067 5.028067 6.060463 5.028067 5.028067 5.028067 5.028067 5.028067 5.028067 5.740753 5.740753 5.740753 5.740753 5.028067 5.028067 5.028067 5.9886017 5.028067 5.028067
5.2008038 5.2008038 5.2008038 5.2008038 5.2008038 5.2008038 5.2008038 5.2008038 5.2008038 5.2008038 5.2008038 5.2008038 5.2008038 5.2008038 5.2008038 5.2008038 5.2008038 5.2008038 5.2008038 5.2008038 5.2008038 5.2008038 5.2008038 5.2008038 5.028067 5.028067 5.028067 5.028067 5.028067 5.028067 5.028067 5.028067 5.028067 5.028067 5.028067 5.028067 5.028067 5.028067 5.028067 5.028067 5.028067 5.028067 5.028067 5.028067 5.028067 5.028067 5.028067 5.028067 5.028067 5.028067 5.028067 5.028067 5.740753 5.740753 6.060463 5.028067 5.028067 5.028067 5.028067 5.028067 5.028067 5.028067
5.2008038 5.2008038 5.2008038 5.2008038 5.2008038 5.2008038 5.2008038 5.2008038 5.2008038 5.2008038 5.2008038 5.2008038 5.2008038 5.2008038 5.2008038 5.2008038 5.2008038 5.2008038 5.2008038 5.2008038 5.2008038 5.2008038 5.2008038 5.2008038 5.028067 5.028067 5.028067 5.028067 5.028067 5.028067 5.028067 5.028067 5.028067 5.028067 5.028067 5.028067 5.028067 5.028067 5.028067 5.028067 5.028067 5.028067 5.028067 5.028067 5.028067 5.028067 5.028067 5.028067 5.028067 5.028067 5.028067 5.028067 5.740753 5.740753 6.060463 5.028067 5.028067 5.028067 5.028067 5.028067 5.028067 5.028067
5.2008038 5.2008038 5.2008038 5.2008038 5.2008038 5.2008038 5.2008038 5.2008038 5.2008038 5.2008038 5.2008038 5.2008038 5.2008038 5.2008038 5.2008038 5.2008038 5.2008038 5.2008038 5.2008038 5.2008038 5.2008038 5.2008038 5.2008038 5.2008038 5.028067 5.028067 5.028067 5.028067 5.028067 5.028067 5.028067 5.028067 5.028067 5.028067 5.028067 5.028067 5.028067 5.028067 5.028067 5.028067 5.028067 5.028067 5.966421 5.028067 5.028067 5.028067 5.028067 5.028067 5.028067 5.028067 5.028067 5.028067 5.740753 5.740753 5.9886017 5.028067 5.028067 5.028067 5.028067 5.028067 5.028067 5.028067
5.2008038 5.2008038 5.2008038 5.2008038 5.2008038 5.9430656 5.2008038 5.2008038 5.2008038 5.2008038 5.2008038 5.2008038 5.2008038 5.2008038 5.2008038 5.2008038 5.2008038 5.2008038 5.2008038 5.2008038 5.2008038 5.2008038 5.2008038 5.2008038 5.028067 5.028067 5.028067 5.028067 5.028067 5.028067 5.028067 5.028067 5.028067 5.028067 5.028067 5.028067 5.028067 5.028067 5.028067 5.028067 5.028067 5.028067 8.077392 8.077392 8.077392 6.060463 5.028067 5.028067 5.028067 5.028067 5.028067 5.740753 5.740753 5.9886017 5.028067 5.028067 5.028067 5.028067 5.028067 5.028067 5.028067 5.028067
6.1830835 5.2008038 5.2008038 5.2008038 5.2008038 5.2008038 5.2008038 5.2008038 5.2008038 5.2008038 5.2008038 5.2008038 5.2008038 5.2008038 5.2008038 5.2008038 8.332581 8.332581 6.1361732 5.2008038 5.2008038 5.2008038 5.2008038 5.2008038 5.028067 5.028067 5.028067 5.028067 5.028067 5.028067 5.028067 5.028067 5.028067 5.028067 5.028067 5.028067 5.028067 5.028067 5.028067 5.028067 5.028067 5.028067 5.966421 8.077392 8.077392 8.077392 5.028067 5.028067 5.028067 5.028067 5.028067 5.740753 5.740753 6.060463 5.028067 5.028067 5.028067 5.028067 5.028067 5.028067 5.028067 5.028067
6.2758026 6.2758026 5.2008038 5.2008038 5.2008038 5.2008038 5.2008038 5.2008038 5.2008038 5.2008038 5.2008038 5.2008038 5.2008038 5.2008038 5.2008038 5.2008038 6.1361732 8.332581 8.332581 5.2008038 5.2008038 5.2008038 5.2008038 5.2008038 5.028067 5.028067 5.028067 5.028067 5.028067 5.028067 5.028067 5.028067 5.028067 5.028067 5.028067 5.028067 5.028067 5.028067 5.028067 5.028067 5.028067 5.028067 5.966421 7.996582 7.996582 7.638583 5.966421 5.028067 5.028067 5.028067 5.028067 5.740753 6.060463 6.060463 5.028067 5.028067 5.028067 5.9886017 5.028067 5.028067 5.028067 5.028067
6.2758026 5.9430656 5.2008038 5.2008038 5.2008038 5.2008038 5.2008038 5.2008038 5.2008038 5.2008038 6.2758026 5.2008038 5.2008038 5.2008038 5.2008038 5.2008038 6.1361732 8.332581 8.332581 6.1361732 5.2008038 5.2008038 5.2008038 5.2008038 5.028067 5.028067 5.028067 5.028067 5.028067 5.028067 5.028067 5.028067 5.028067 5.028067 5.028067 5.028067 5.028067 5.028067 5.028067 5.028067 5.028067 5.028067 5.966421 7.996582 7.996582 8.077392 7.638583 5.9886017 5.9886017 5.9886017 5.9886017 5.740753 6.060463 6.060463 5.9886017 5.740753 5.740753 5.740753 5.740753 5.740753 5.740753 5.740753
6.303966 6.040591 5.277947 5.277947 5.277947 5.277947 5.277947 5.277947 5.277947 5.277947 6.303966 5.277947 5.277947 5.277947 6.303966 5.277947 6.2687354 6.2687354 6.2687354 6.2687354 5.277947 5.277947 5.277947 5.277947 5.278549 6.0321302 6.0321302 6.0321302 6.0321302 6.0321302 6.0321302 6.0321302 5.278549 5.278549 5.278549 5.278549 5.278549 5.278549 5.278549 6.0321302 6.0321302 5.278549 6.0321302 6.0321302 7.454069 6.0321302 6.0321302 5.278549 6.246871 6.246871 6.246871 5.278549 6.314458 6.246871 6.246871 6.0321302 6.0321302 6.0321302 6.0321302 6.0321302 6.0321302 6.0321302
5.277947 6.040591 5.277947 5.277947 5.277947 5.277947 5.277947 5.277947 5.277947 5.277947 6.303966 5.277947 5.277947 5.277947 5.277947 6.040591 5.277947 5.277947 5.277947 5.277947 5.277947 5.277947 5.277947 5.277947 6.0321302 6.0321302 6.0321302 6.0321302 6.0321302 6.0321302 6.0321302 6.0321302 5.278549 5.278549 5.278549 5.278549 5.278549 6.0321302 6.0321302 6.0321302 6.0321302 6.0321302 6.0321302 6.0321302 6.0321302 6.0321302 6.0321302 5.278549 6.246871 6.246871 6.246871 5.278549 5.278549 6.246871 6.0321302 6.0321302 6.0321302 6.0321302 6.0321302 6.0321302 6.0321302 6.0321302
5.277947 6.040591 5.277947 5.277947 5.277947 5.277947 5.277947 5.277947 5.277947 5.277947 5.277947 5.277947 5.277947 5.277947 5.277947 6.040591 6.040591 6.040591 6.040591 6.040591 5.277947 5.277947 5.277947 6.040591 6.0321302 5.278549 6.0321302 6.0321302 6.0321302 6.0321302 5.278549 5.278549 5.278549 5.278549 5.278549 5.278549 5.278549 5.278549 6.0321302 6.0321302 6.0321302 5.278549 5.278549 5.278549 5.278549 5.278549 6.0321302 5.278549 6.0321302 6.246871 5.278549 5.278549 6.0321302 7.454069 7.454069 7.454069 6.0321302 6.0321302 6.0321302 7.454069 7.454069 6.0321302
5.277947 5.277947 5.277947 5.277947 5.277947 5.277947 5.277947 5.277947 5.277947 5.277947 5.277947 7.572371 7.572371 5.277947 6.040591 6.040591 6.040591 6.040591 6.040591 6.040591 5.277947 5.277947 5.277947 5.277947 5.278549 5.278549 5.278549 5.278549 5.278549 6.0321302 6.0321302 5.278549 5.278549 5.278549 5.278549 5.278549 5.278549 5.278549 5.278549 5.278549 5.278549 5.278549 5.278549 5.278549 5.278549 5.278549 6.314458 5.278549 5.278549 5.278549 6.0321302 5.278549 6.0321302 7.454069 7.454069 7.454069 7.454069 6.0321302 6.0321302 8.404908 7.454069 7.454069
5.277947 5.277947 5.277947 5.277947 5.277947 5.277947 5.277947 5.277947 5.277947 5.277947 5.277947 7.572371 8.572147 5.277947 5.277947 5.277947 6.040591 6.040591 6.040591 6.040591 5.277947 5.277947 5.277947 5.277947 5.278549 5.278549 6.246871 6.246871 5.278549 6.0321302 6.0321302 5.278549 5.278549 5.278549 5.278549 5.278549 5.278549 5.278549 5.278549 5.278549 5.278549 5.278549 5.278549 5.278549 5.278549 5.278549 6.314458 6.314458 5.278549 5.278549 6.0321302 5.278549 5.278549 7.454069 7.454069 7.9240437 7.454069 7.454069 7.454069 7.637438 7.637438 7.637438
5.277947 5.277947 5.277947 5.277947 5.277947 5.277947 5.277947 5.277947 5.277947 5.277947 5.277947 7.572371 7.572371 5.277947 5.277947 5.277947 5.277947 6.040591 6.040591 5.277947 5.277947 5.277947 5.277947 5.277947 5.278549 5.278549 6.246871 6.246871 5.278549 6.314458 6.314458 6.0321302 5.278549 5.278549 5.278549 5.278549 5.278549 5.278549 5.278549 5.278549 5.278549 5.278549 5.278549 5.278549 5.278549 5.278549 5.278549 6.314458 5.278549 5.278549 6.0321302 5.278549 5.278549 7.454069 7.454069 7.9240437 7.9240437 7.454069 7.454069 7.637438 7.637438 7.637438
6.040591 6.040591 5.277947 5.277947 5.277947 5.277947 5.277947 5.277947 5.277947 5.277947 5.277947 7.572371 7.572371 5.277947 5.277947 5.277947 5.277947 5.277947 5.277947 5.277947 5.277947 5.277947 5.277947 5.277947 5.278549 5.278549 6.246871 6.246871 5.278549 5.278549 5.278549 6.314458 6.0321302 5.278549 5.278549 5.278549 5.278549 5.278549 5.278549 5.278549 5.278549 5.278549 5.278549 5.278549 5.278549 5.278549 5.278549 6.314458 5.278549 5.278549 6.0321302 6.0321302 6.0321302 6.0321302 7.454069 7.9240437 7.9240437 7.9240437 8.404908 7.637438 7.637438 7.637438
