Export/ASCII/RMeteo_SP_inch/p1/RMeteo_2014_SP1_inch.asc
ncols         660
nrows         338
xllcorner     1476100.0
yllcorner     5017100.0
cellsize      100
NODATA_value  -9.9e-20
[rows 243 to 269 of 338, columns 420 to 479 of 660]
10.623069 10.623069 11.349189 11.349189 11.349189 11.349189 11.349189 11.349189 11.349189 11.349189 11.324584 11.324584 10.623069 10.623069 9.82175 9.82175 9.82175 9.82175 8.289828 8.289828 8.289828 8.289828 8.289828 8.289828 11.01318 10.872789 10.872789 11.01318 11.01318 11.01318 11.01318 7.5115533 7.5115533 7.5115533 7.5115533 7.5115533 7.5115533 11.349189 11.349189 11.349189 10.623069 11.0721245 8.289828 9.82175 8.289828 8.289828 8.289828 10.872789 10.872789 9.82175 9.82175 9.82175 9.82175 9.82175 9.82175 9.116242 7.744563 7.744563 7.744563 7.744563
10.623069 10.623069 11.349189 11.349189 11.349189 11.349189 11.349189 11.349189 11.349189 11.349189 11.349189 11.349189 10.623069 10.623069 10.623069 10.623069 10.623069 9.82175 8.289828 10.469153 10.469153 10.469153 8.289828 8.289828 8.289828 11.01318 11.01318 11.01318 11.01318 11.01318 11.01318 7.5115533 7.5115533 7.5115533 7.5115533 7.5115533 7.5115533 7.5115533 11.349189 11.349189 10.623069 10.623069 9.82175 9.82175 9.82175 11.013179 11.013179 11.013179 11.01318 9.82175 9.82175 9.82175 9.82175 9.82175 9.82175 9.116242 9.116242 9.116242 9.116242 9.116242
10.623069 10.623069 11.349189 11.349189 11.349189 11.349189 11.349189 11.349189 11.349189 11.349189 11.349189 11.349189 11.349189 11.349189 11.349189 11.349189 11.349189 11.01318 11.01318 10.469153 10.469153 8.289828 8.289828 8.289828 8.289828 11.01318 11.01318 11.01318 11.01318 11.01318 11.01318 11.01318 7.5115533 7.5115533 7.5115533 7.5115533 7.5115533 7.5115533 7.5115533 7.5115533 11.349189 10.623069 10.623069 9.82175 9.82175 9.82175 11.013179 10.024206 10.024206 9.82175 9.82175 9.82175 9.82175 9.82175 9.82175 9.116242 9.116242 9.116242 9.116242 9.116242
10.623069 10.623069 11.349189 11.349189 11.349189 11.349189 11.349189 11.349189 11.349189 11.349189 11.349189 11.349189 11.349189 11.349189 11.349189 11.349189 11.349189 11.349189 11.01318 11.01318 8.289828 8.289828 8.289828 8.289828 8.289828 8.289828 11.01318 11.01318 11.01318 11.01318 11.01318 11.01318 11.01318 7.5115533 7.5115533 7.5115533 7.5115533 7.5115533 7.5115533 7.5115533 7.5115533 10.623069 10.623069 9.82175 9.82175 11.013179 11.013179 11.01318 10.024206 9.82175 9.82175 9.82175 9.82175 9.82175 9.82175 9.116242 9.116242 9.116242 9.116242 9.116242
10.623069 11.349189 11.349189 11.349189 11.349189 11.349189 11.349189 11.349189 11.349189 11.349189 11.349189 11.349189 11.349189 11.349189 11.349189 11.349189 11.349189 11.349189 11.349189 8.289828 8.289828 8.289828 8.289828 8.289828 8.289828 8.289828 8.289828 11.01318 11.01318 11.01318 11.01318 11.01318 11.01318 11.01318 7.5115533 7.5115533 7.5115533 7.5115533 7.5115533 7.5115533 7.5115533 7.5115533 7.2246847 7.2246847 7.5115533 11.013179 11.013179 11.01318 11.013179 9.82175 9.82175 9.82175 9.82175 9.82175 9.82175 9.116242 10.212952 10.212952 9.116242 9.116242
10.623069 11.349189 11.349189 11.349189 11.349189 11.349189 11.349189 11.349189 11.349189 11.349189 11.349189 11.349189 11.349189 11.349189 11.349189 11.349189 11.349189 11.349189 9.128719 8.289828 8.289828 8.289828 8.289828 8.289828 8.289828 8.289828 8.289828 8.289828 11.013179 11.01318 11.01318 11.01318 11.01318 11.01318 7.402813 7.5115533 7.5115533 7.5115533 7.5115533 7.5115533 7.5115533 7.5115533 7.2246847 7.2246847 7.5115533 7.5115533 7.5115533 11.01318 11.01318 11.013179 9.82175 9.82175 9.82175 9.82175 9.82175 9.116242 7.744563 10.212952 10.212952 9.116242
10.623069 11.349189 11.349189 11.349189 11.349189 11.349189 11.349189 11.349189 11.349189 11.349189 11.349189 11.349189 11.349189 11.349189 11.349189 11.349189 9.128719 9.128719 9.128719 9.128719 8.289828 8.289828 8.289828 8.289828 8.289828 8.289828 8.289828 8.289828 11.013179 11.013179 11.01318 11.01318 11.01318 10.469153 10.469153 9.82175 7.5115533 7.5115533 7.5115533 7.5115533 7.5115533 7.5115533 7.2246847 7.2246847 7.5115533 7.5115533 7.5115533 7.5115533 7.5115533 11.01318 8.289828 9.82175 9.82175 9.82175 9.82175 9.116242 10.21295 10.21295 10.212952 9.116242
11.349189 11.349189 11.349189 11.349189 11.349189 11.349189 11.349189 11.349189 11.349189 11.349189 11.349189 11.349189 11.349189 11.0721245 11.0721245 11.349189 9.128719 9.128719 9.128719 9.128719 8.289828 8.289828 8.289828 8.289828 8.289828 8.289828 8.289828 8.289828 8.289828 11.013179 11.01318 11.01318 11.01318 10.469157 11.013179 11.013179 7.5115533 7.5115533 7.5115533 7.5115533 7.5115533 7.5115533 7.2246847 7.2246847 7.2246847 7.5115533 7.5115533 7.5115533 7.5115533 7.5115533 8.289828 8.289828 9.82175 9.82175 9.82175 9.116242 9.116242 10.21295 9.116242 9.116242
11.349189 11.349189 11.349189 11.349189 11.349189 11.349189 11.349189 11.349189 11.349189 11.349189 11.349189 11.349189 11.349189 11.0721245 11.0721245 11.349189 9.128719 9.128719 8.289828 8.289828 9.128719 8.289828 8.289828 8.289828 8.289828 8.289828 8.289828 8.289828 8.289828 11.013179 11.01318 11.01318 11.01318 11.01318 11.013179 11.013179 7.5115533 7.5115533 7.5115533 7.5115533 7.5115533 7.5115533 7.5115533 7.2246847 7.2246847 7.5115533 7.5115533 7.5115533 7.5115533 7.5115533 8.289828 8.289828 9.82175 9.82175 8.289828 9.116242 9.116242 9.116242 9.116242 9.116242
11.349189 11.349189 11.349189 11.349189 11.349189 11.349189 11.349189 11.349189 11.349189 11.349189 10.623069 10.623069 11.349189 11.349189 11.349189 10.240393 9.128719 9.128719 9.128719 9.128719 9.128719 9.128719 9.128719 8.289828 8.289828 8.289828 8.289828 8.289828 11.013179 11.013179 11.01318 11.01318 11.01318 11.01318 11.01318 11.01318 11.013179 7.5115533 7.5115533 7.5115533 7.5115533 7.5115533 7.5115533 7.5115533 7.2246847 7.2246847 7.5115533 7.5115533 7.5115533 7.5115533 7.5115533 8.289828 8.289828 8.289828 8.289828 7.744563 9.116242 9.116242 9.116242 7.744563
11.349189 11.349189 11.349189 11.349189 11.349189 11.349189 11.349189 11.349189 11.349189 10.623069 10.623069 10.623069 11.349189 11.349189 11.349189 11.349189 7.5115533 7.5115533 11.349189 11.349189 11.349189 9.128719 9.128719 9.128719 9.128719 11.013179 11.013179 11.013179 11.013179 11.01318 11.01318 11.01318 11.01318 11.01318 11.01318 10.024206 11.01318 7.5115533 7.5115533 7.5115533 7.5115533 7.5115533 7.5115533 7.5115533 7.2246847 7.2246847 7.5115533 7.5115533 7.5115533 7.5115533 7.5115533 11.01318 8.289828 8.289828 8.289828 7.744563 7.744563 7.744563 7.744563 7.744563
11.349189 11.349189 11.349189 11.349189 11.349189 11.349189 11.349189 11.349189 11.349189 11.349189 11.349189 11.349189 11.349189 11.349189 11.349189 7.5115533 7.5115533 7.5115533 11.349189 11.349189 11.349189 11.349189 9.128719 9.128719 9.128719 11.01318 11.01318 11.01318 11.01318 11.01318 11.01318 11.01318 11.01318 11.01318 11.01318 11.01318 11.01318 11.01318 7.5115533 7.5115533 7.5115533 7.5115533 7.5115533 7.5115533 7.2246847 7.2246847 7.5115533 7.5115533 7.5115533 7.5115533 7.5115533 11.01318 11.013179 8.289828 8.289828 7.744563 7.744563 7.744563 7.744563 7.744563
11.349189 11.349189 11.349189 11.349189 11.349189 11.349189 11.349189 11.349189 7.5115533 7.5115533 11.349189 11.349189 11.349189 11.349189 11.349189 7.5115533 7.5115533 11.349189 11.349189 11.349189 11.349189 11.349189 9.128719 9.128719 9.128719 11.349189 9.82175 11.01318 11.01318 11.01318 11.01318 11.01318 11.01318 11.01318 11.01318 11.01318 11.01318 11.01318 7.5115533 7.5115533 7.5115533 7.5115533 7.5115533 7.5115533 7.5115533 7.2246847 7.2246847 7.5115533 7.402813 7.402813 7.5115533 11.01318 11.01318 11.013179 8.289828 9.68728 9.68728 7.744563 7.744563 7.744563
11.349189 11.349189 11.349189 11.349189 11.349189 11.349189 11.349189 11.349189 7.5115533 7.5115533 7.5115533 11.349189 11.349189 11.349189 11.349189 7.5115533 7.5115533 11.349189 11.349189 11.349189 11.349189 11.349189 9.128719 9.128719 9.128719 11.349189 10.623069 9.82175 11.01318 11.01318 11.01318 11.01318 11.01318 11.01318 11.01318 11.01318 11.01318 11.01318 11.01318 7.5115533 7.5115533 7.5115533 7.5115533 7.5115533 7.5115533 7.2246847 7.2246847 7.5115533 7.402813 7.402813 7.5115533 11.01318 11.01318 11.013179 11.013179 9.68728 9.68728 7.744563 7.744563 7.744563
11.349189 11.349189 11.349189 11.349189 11.349189 11.349189 11.349189 11.349189 7.5115533 7.5115533 11.349189 11.349189 11.349189 11.349189 11.349189 7.5115533 7.5115533 11.349189 11.349189 11.349189 11.349189 11.349189 10.240393 10.240393 11.349189 11.349189 10.623069 9.82175 11.01318 11.01318 11.01318 11.013179 11.013179 11.013179 11.013179 11.013179 11.01318 11.01318 11.01318 7.5115533 7.5115533 7.5115533 7.5115533 7.5115533 7.5115533 7.5115533 7.2246847 7.2246847 7.402813 7.402813 7.2246847 9.82175 11.01318 11.01318 11.01318 10.21295 7.744563 7.744563 7.744563 7.744563
11.349189 11.349189 11.349189 11.349189 11.349189 11.349189 11.349189 11.349189 7.5115533 7.5115533 11.349189 11.349189 11.349189 11.349189 11.349189 7.5115533 7.5115533 11.349189 11.349189 11.349189 11.349189 11.349189 11.349189 11.349189 11.349189 11.0721245 11.0721245 10.469153 10.469153 11.01318 11.01318 11.01318 11.01318 11.01318 11.013179 11.013179 11.013179 10.024206 11.01318 11.01318 7.5115533 7.5115533 7.5115533 7.5115533 7.5115533 7.5115533 7.2246847 7.2246847 7.402813 7.402813 9.82175 9.82175 11.01318 11.01318 11.01318 10.21295 7.744563 7.744563 7.744563 7.744563
11.349189 11.349189 11.349189 11.349189 11.349189 11.349189 11.349189 11.349189 7.5115533 7.5115533 11.349189 11.349189 11.349189 11.349189 11.349189 7.5115533 7.5115533 11.349189 11.349189 11.349189 11.349189 11.349189 11.349189 11.349189 11.349189 11.349189 11.0721245 11.0721245 11.349189 11.01318 11.01318 11.01318 11.01318 11.01318 11.01318 11.01318 11.013179 11.013179 11.01318 11.01318 11.01318 7.5115533 7.5115533 7.5115533 7.5115533 7.5115533 7.5115533 7.2246847 7.402813 7.2246847 7.2246847 9.82175 11.01318 11.01318 11.01318 10.21295 10.21295 7.744563 7.744563 7.744563
11.6921215 11.6921215 11.6921215 11.6921215 11.6921215 11.6921215 11.6921215 11.6921215 7.356232 7.356232 11.6921215 11.6921215 11.6921215 11.6921215 11.6921215 7.356232 7.356232 11.6921215 11.6921215 11.6921215 11.6921215 11.6921215 11.6921215 11.6921215 11.6921215 11.6921215 10.873327 10.873327 11.6921215 11.6921215 11.022299 11.022299 11.022299 11.022299 11.022299 11.022299 11.022302 11.022302 11.022299 11.022299 11.022299 11.022299 7.356232 7.356232 7.356232 7.356232 7.356232 7.0363846 7.0363846 7.0363846 7.0363846 11.022299 11.022299 11.022299 11.022299 10.143344 10.143344 10.143344 10.143344 10.143344
11.6921215 11.6921215 11.6921215 11.6921215 11.6921215 11.6921215 11.6921215 11.6921215 11.6921215 7.356232 11.6921215 11.6921215 11.6921215 11.6921215 11.6921215 7.356232 7.356232 11.6921215 11.6921215 11.6921215 11.6921215 11.6921215 11.6921215 11.6921215 11.6921215 11.6921215 11.6921215 11.6921215 11.6921215 11.6921215 11.6921215 11.022299 10.445938 10.445938 11.022299 11.022299 11.022299 11.022299 11.022299 11.022299 11.022299 11.022299 11.022299 7.356232 7.356232 7.356232 7.356232 7.0363846 7.0363846 7.356232 7.356232 11.022299 11.022299 11.022299 11.022299 10.143344 10.143344 10.143344 7.7358665 7.7358665
11.6921215 11.6921215 11.6921215 11.6921215 11.6921215 11.6921215 11.6921215 11.6921215 11.6921215 7.356232 11.6921215 11.6921215 11.6921215 11.6921215 11.6921215 7.356232 7.356232 11.6921215 11.6921215 11.6921215 11.6921215 11.6921215 11.6921215 11.6921215 11.6921215 11.6921215 11.6921215 11.6921215 11.6921215 11.6921215 11.6921215 11.373485 11.373485 11.373485 11.6921215 11.022299 11.022299 11.022299 11.022299 11.022299 11.022299 11.022299 11.022299 11.022299 7.0363846 7.0363846 7.356232 7.356232 7.0363846 7.0363846 7.356232 7.356232 7.356232 7.356232 7.356232 6.8991246 6.8991246 6.8991246 6.1185646 6.1185646
11.6921215 11.6921215 11.6921215 11.6921215 11.6921215 11.6921215 11.6921215 11.6921215 7.356232 7.356232 7.356232 11.6921215 11.6921215 11.6921215 11.6921215 7.356232 7.356232 7.356232 11.6921215 11.6921215 11.6921215 11.6921215 11.6921215 11.6921215 11.6921215 11.6921215 11.6921215 11.6921215 11.6921215 11.6921215 11.6921215 11.373485 11.373485 11.373485 11.6921215 11.022299 11.022299 11.022299 11.022299 11.022299 11.022299 11.022299 11.022299 11.022299 9.79677 7.0363846 7.2696314 7.356232 7.0363846 7.0363846 7.356232 7.356232 7.356232 7.356232 7.356232 6.8991246 6.8991246 6.8991246 6.8991246 6.1185646
11.6921215 11.6921215 11.6921215 11.6921215 11.6921215 11.6921215 11.6921215 11.6921215 7.356232 7.356232 7.356232 11.6921215 11.6921215 11.6921215 11.6921215 11.6921215 7.356232 7.356232 11.6921215 11.6921215 11.6921215 11.6921215 11.6921215 11.6921215 11.6921215 11.6921215 11.6921215 11.6921215 11.6921215 11.6921215 11.6921215 11.6921215 11.373485 11.373485 11.6921215 11.022299 11.022299 11.022299 11.022299 11.022299 11.022299 11.022299 11.022299 11.022299 10.445938 7.2696314 7.2696314 7.356232 7.0363846 7.0363846 7.0363846 7.356232 7.356232 7.356232 7.356232 6.8991246 6.8991246 6.8991246 6.8991246 6.8991246
11.6921215 11.6921215 11.6921215 11.6921215 11.6921215 11.6921215 11.6921215 11.022299 7.356232 7.356232 7.356232 11.6921215 11.6921215 11.6921215 11.6921215 11.6921215 7.356232 7.356232 11.6921215 10.873327 11.6921215 11.6921215 11.6921215 11.6921215 11.6921215 11.6921215 11.6921215 11.6921215 11.6921215 11.6921215 11.6921215 11.6921215 11.6921215 11.6921215 11.6921215 11.6921215 11.022299 11.022299 11.022299 11.022299 11.022299 11.022299 11.022299 11.022299 11.022299 11.022299 7.356232 7.356232 7.356232 7.0363846 7.0363846 7.356232 7.356232 7.356232 7.356232 6.8991246 6.8991246 6.8991246 6.8991246 6.8991246
11.022299 11.6921215 11.6921215 11.6921215 11.022299 11.022299 11.022299 11.022299 7.356232 7.356232 7.356232 11.6921215 11.6921215 11.6921215 11.6921215 11.6921215 7.356232 7.356232 11.6921215 10.873327 10.873327 11.6921215 11.6921215 11.6921215 11.6921215 11.6921215 11.6921215 11.6921215 11.6921215 11.6921215 11.6921215 11.6921215 11.6921215 11.6921215 11.6921215 11.6921215 11.6921215 11.022299 11.022299 11.022299 11.022299 11.022299 11.022299 11.022299 11.022302 11.022299 11.022299 7.356232 7.356232 7.356232 7.0363846 7.356232 7.356232 7.356232 7.356232 6.8991246 6.8991246 6.8991246 6.8991246 6.8991246
11.6921215 11.6921215 11.6921215 11.022299 11.022299 11.022299 11.022299 11.022299 7.356232 7.356232 7.356232 11.6921215 11.6921215 11.6921215 11.6921215 11.6921215 7.356232 7.356232 11.6921215 11.373485 11.373485 11.6921215 11.6921215 11.6921215 11.6921215 11.6921215 11.6921215 11.6921215 11.6921215 11.6921215 11.6921215 11.6921215 11.6921215 11.6921215 11.6921215 11.6921215 11.6921215 11.022299 11.022299 11.022299 11.022299 11.022299 11.022299 11.022302 11.022302 11.022299 11.022299 11.022299 7.356232 7.356232 9.79677 9.79677 7.0363846 7.0363846 7.0363846 6.6312227 6.8991246 6.8991246 6.8991246 6.8991246
11.6921215 11.6921215 11.6921215 11.022299 11.022299 11.022299 11.022299 11.022299 7.356232 7.356232 7.356232 7.356232 11.6921215 11.6921215 11.6921215 11.6921215 7.356232 7.356232 11.6921215 11.373485 11.373485 11.6921215 11.6921215 11.6921215 11.6921215 11.6921215 11.6921215 11.6921215 11.6921215 11.6921215 11.6921215 11.6921215 11.6921215 11.6921215 11.6921215 11.6921215 11.6921215 11.6921215 11.022299 11.022299 11.022299 11.022299 11.6921215 11.022302 11.022302 11.022299 11.022299 11.022299 11.022299 11.022299 9.79677 9.79677 9.79677 9.79677 7.0363846 6.8991246 6.8991246 6.8991246 6.8991246 6.8991246
11.6921215 11.6921215 11.6921215 11.022299 11.022299 11.022299 7.356232 7.356232 7.356232 7.356232 7.356232 7.356232 7.356232 11.6921215 11.373485 11.373485 7.2696314 7.356232 11.6921215 11.6921215 11.373485 11.6921215 10.582912 10.582912 10.582912 11.6921215 11.6921215 11.6921215 11.6921215 11.6921215 11.6921215 11.6921215 11.6921215 11.6921215 11.6921215 11.6921215 11.6921215 11.6921215 11.6921215 11.6921215 11.6921215 11.6921215 11.6921215 11.6921215 11.6921215 11.6921215 11.022299 11.022299 11.022299 11.022299 11.022299 9.79677 9.79677 9.79677 9.79677 6.6312227 6.8991246 6.8991246 6.8991246 6.8991246
