Export/ASCII/RMeteo_SP_inch/p1/RMeteo_2014_SP1_inch.asc
ncols         660
nrows         338
xllcorner     1476100.0
yllcorner     5017100.0
cellsize      100
NODATA_value  -9.9e-20
[rows 81 to 107 of 338, columns 300 to 359 of 660]
10.102848 10.102848 10.102848 10.102848 9.035673 9.035673 9.035673 9.035673 10.102848 10.102848 10.102848 10.102848 13.475218 12.166725 13.475218 13.475218 13.475218 13.475218 6.7892313 6.7892313 9.698046 9.698046 12.748783 12.748783 12.748783 12.748783 12.748783 9.698046 9.698046 12.748783 12.748783 11.596514 11.596514 9.698046 9.698046 9.698046 9.698046 9.698046 11.596514 11.596514 11.596514 10.58132 10.58132 10.58132 10.58132 10.58132 8.701712 10.58132 11.596514 12.755907 11.596514 12.748783 12.748783 12.748783 12.748783 12.748783 12.748783 12.748783 12.748783 12.748783
10.102848 10.102848 10.102848 10.102848 10.102848 9.035673 9.035673 9.035673 10.102848 10.102848 13.475218 13.475218 13.475218 12.166725 12.166725 12.166725 13.475218 10.102848 6.7892313 6.7892313 8.701712 9.698046 12.748783 12.748783 12.748783 12.748783 12.748783 9.698046 9.698046 12.748783 12.748783 11.596514 11.596514 9.698046 12.748783 12.23049 11.596514 11.596514 10.58132 11.596514 11.596514 10.58132 10.58132 10.58132 10.58132 10.58132 10.58132 10.58132 11.596514 11.596514 11.596514 11.596514 12.748783 12.23049 12.748783 12.23049 12.23049 12.748783 9.698046 9.698046
13.475218 12.870768 12.870768 10.102848 10.102848 10.102848 9.035673 9.035673 9.035673 10.102848 13.475218 13.475218 13.475218 12.166725 12.166725 12.166725 13.475218 10.102848 6.7892313 6.7892313 8.701712 9.698046 12.748783 12.748783 12.748783 12.230492 12.748783 12.748783 12.748783 12.748783 12.748783 11.596514 11.596514 12.748783 12.748783 12.23049 11.596514 10.58132 10.58132 10.58132 10.58132 10.58132 10.58132 10.58132 10.58132 10.58132 10.58132 10.58132 10.58132 10.58132 10.58132 10.58132 11.596514 12.748783 12.230492 9.698046 12.23049 9.698046 9.698046 9.698046
13.475218 12.870768 12.870768 12.870768 13.475218 10.102848 12.870768 12.870768 11.927267 10.102848 10.102848 10.102848 10.102848 13.475218 13.475218 13.475218 13.475218 13.475218 6.7892313 6.7892313 8.701712 9.698046 9.698046 12.748783 9.698046 9.698046 12.230492 12.230492 12.748783 12.748783 12.748783 12.748783 12.748783 12.748783 12.748783 9.698046 9.698046 10.58132 10.58132 10.58132 10.58132 10.58132 10.58132 10.58132 10.58132 10.58132 10.58132 10.58132 10.58132 10.58132 10.58132 10.58132 11.596514 11.596514 11.596514 9.698046 9.698046 9.698046 9.698046 9.698046
13.475218 13.475218 13.475218 13.475218 13.475218 13.475218 12.870768 12.870768 12.870768 9.035673 10.102848 10.102848 10.102848 13.475218 13.475218 13.475218 13.475218 10.102848 9.698046 9.698046 8.701712 9.698046 9.698046 9.698046 9.698046 9.698046 9.698046 9.698046 9.698046 12.748783 12.748783 12.748783 12.748783 9.698046 12.748783 9.698046 9.698046 11.596514 11.596514 10.58132 10.58132 8.701712 8.701712 10.58132 10.58132 10.58132 8.701712 8.701712 8.701712 8.701712 10.58132 10.58132 10.58132 10.58132 11.596514 9.698046 9.698046 9.698046 9.698046 9.698046
13.475218 13.475218 13.475218 13.475218 13.475218 13.475218 13.475218 13.475218 10.102848 10.102848 10.102848 10.102848 10.102848 13.475218 13.475218 13.475218 10.102848 10.102848 9.698046 8.701712 8.701712 9.698046 9.698046 9.698046 8.701712 9.698046 9.698046 9.698046 11.596514 11.596514 11.596514 12.748783 9.698046 9.698046 9.698046 9.698046 11.596514 11.596514 11.596514 10.58132 11.394626 8.701712 8.701712 10.58132 10.58132 10.58132 8.701712 8.701712 8.701712 8.701712 10.58132 10.58132 10.58132 10.58132 9.698046 12.748783 9.698046 9.698046 8.701712 8.701712
13.475218 13.475218 13.475218 13.475218 13.475218 13.475218 12.870768 12.870768 11.927267 12.870768 10.102848 10.102848 13.475218 13.475218 13.475218 13.475218 10.102848 10.102848 8.701712 8.701712 8.701712 9.698046 9.698046 9.698046 9.698046 9.698046 9.698046 11.596514 11.596514 11.596514 10.58132 11.596514 11.596514 9.698046 9.698046 9.698046 9.698046 9.698046 12.23049 11.394626 8.701712 10.58132 10.58132 10.58132 8.701712 8.701712 8.701712 8.701712 8.701712 8.701712 8.701712 8.701712 10.58132 11.596514 9.698046 12.748783 12.748783 9.698046 9.698046 8.701712
13.475218 13.475218 13.475218 12.408189 13.475218 13.475218 13.475218 12.870768 12.870768 10.102848 12.166725 10.102848 13.475218 13.475218 13.475218 13.475218 10.102848 10.102848 9.698046 8.701712 8.701712 9.698046 9.698046 9.698046 9.698046 9.698046 9.698046 11.596514 11.596514 11.596514 10.58132 11.596514 11.596514 9.698046 9.698046 8.701712 9.698046 9.698046 9.698046 11.394626 8.701712 10.58132 10.58132 10.58132 8.701712 8.701712 8.701712 8.701712 8.701712 8.701712 8.701712 10.58132 10.58132 11.596514 12.748783 12.748783 12.748783 9.698046 9.698046 10.58132
13.475218 13.475218 13.475218 12.408189 10.102848 10.102848 10.102848 10.102848 10.102848 10.102848 12.166725 13.475218 13.475218 13.475218 13.475218 13.475218 13.475218 13.475218 9.698046 9.698046 9.698046 9.698046 9.698046 9.698046 12.748783 12.748783 12.748783 11.596514 11.596514 11.596514 10.58132 11.596514 11.596514 11.596514 9.698046 8.701712 8.701712 8.701712 10.58132 10.58132 10.58132 10.58132 10.58132 10.58132 8.701712 8.701712 10.58132 8.701712 8.701712 8.701712 8.701712 10.58132 11.596514 12.748783 12.748783 12.748783 12.748783 8.701712 11.991622 10.58132
12.166725 10.102848 10.102848 12.408189 10.102848 10.102848 10.102848 10.102848 10.102848 10.102848 10.102848 13.475218 13.475218 13.488188 12.870768 13.475218 13.475218 13.475218 12.748783 9.698046 9.698046 9.698046 12.748783 9.698046 9.698046 11.596514 11.596514 11.596514 11.596514 11.596514 10.58132 10.58132 10.58132 11.596514 9.698046 9.698046 9.698046 8.701712 10.58132 11.991624 11.991624 12.748783 12.748783 12.748783 8.701712 8.701712 10.58132 8.701712 8.701712 10.58132 10.58132 10.58132 11.596514 12.679817 9.698046 9.698046 8.701712 8.701712 11.991622 10.58132
9.035673 9.035673 12.408189 12.408189 10.102848 10.102848 10.102848 10.102848 10.102848 10.102848 10.102848 13.475218 13.488188 10.102848 10.102848 13.475218 13.475218 13.475218 12.748783 9.698046 9.698046 9.698046 12.748783 9.698046 11.596514 11.596514 10.58132 10.58132 10.58132 10.58132 10.58132 10.58132 10.58132 11.596514 12.748783 11.596514 11.596514 8.701712 8.701712 8.701712 9.698046 9.698046 9.698046 9.698046 8.701712 8.701712 10.58132 10.58132 10.58132 10.58132 11.596514 11.596514 10.58132 12.748783 8.701712 8.701712 8.701712 8.701712 11.991622 11.991622
9.035673 9.035673 9.035673 9.035673 9.035673 9.035673 9.035673 9.035673 10.102848 10.102848 13.475218 10.102848 10.102848 10.102848 10.102848 10.102848 12.408189 10.102848 12.748783 12.748783 11.991624 9.698046 12.748783 11.596514 11.596514 10.58132 10.58132 10.58132 10.58132 10.58132 10.58132 10.58132 11.596514 11.596514 12.748783 11.596514 11.596514 9.698046 8.701712 8.701712 8.701712 8.701712 8.701712 8.701712 8.701712 8.701712 8.701712 10.58132 10.58132 12.748783 9.698046 11.596514 10.58132 11.991624 11.991624 8.701712 11.991622 11.991622 11.991622 11.991622
9.035673 9.035673 9.035673 9.035673 9.035673 9.035673 9.035673 9.035673 9.035673 13.475218 13.475218 10.102848 10.102848 10.102848 10.102848 10.102848 10.102848 12.408189 9.698046 9.698046 9.698046 8.701712 11.991624 11.596514 11.596514 10.58132 10.58132 10.58132 10.58132 10.58132 10.58132 10.58132 11.596514 9.698046 12.748783 11.596514 11.596514 9.698046 9.698046 9.698046 8.701712 8.701712 8.701712 8.701712 8.701712 8.701712 8.701712 8.701712 8.701712 12.748783 12.748783 11.596514 10.58132 11.991624 8.701712 10.58132 11.991622 11.991622 11.991622 8.701712
9.035673 9.035673 9.035673 9.035673 9.035673 9.035673 9.035673 9.035673 9.035673 9.035673 9.035673 10.102848 10.102848 10.102848 10.102848 10.102848 10.102848 10.102848 9.698046 9.698046 8.701712 8.701712 8.701712 10.58132 10.58132 10.58132 8.701712 10.58132 8.701712 8.701712 10.58132 10.58132 8.701712 11.596514 11.596514 12.748783 11.596514 12.23049 9.698046 9.698046 9.698046 9.698046 8.701712 8.701712 8.701712 8.701712 8.701712 8.701712 9.698046 12.748783 12.679817 11.596514 11.596514 12.748783 8.701712 10.58132 10.58132 12.748783 11.991622 11.991622
12.166725 9.035673 9.035673 9.035673 9.035673 9.035673 9.035673 9.035673 9.035673 9.035673 10.102848 10.102848 10.102848 10.102848 10.102848 10.102848 10.102848 10.102848 9.698046 9.698046 8.701712 8.701712 8.701712 11.991624 10.58132 8.701712 8.701712 11.991624 11.991624 10.58132 10.58132 10.58132 10.58132 11.596514 11.596514 12.748783 12.748783 12.23049 12.748783 12.748783 9.698046 9.698046 9.698046 8.701712 8.701712 8.701712 8.701712 9.698046 12.679817 12.679817 12.679817 12.748783 11.596514 12.748783 8.701712 11.596514 11.596514 9.698046 9.698046 8.701712
10.102848 10.102848 10.102848 9.035673 9.035673 9.035673 9.035673 9.035673 9.035673 9.035673 10.102848 10.102848 10.102848 10.102848 10.102848 10.102848 10.102848 10.102848 9.698046 9.698046 8.701712 8.701712 8.701712 11.991624 12.748783 8.701712 8.701712 8.701712 8.701712 10.58132 10.58132 10.58132 10.58132 10.58132 11.596514 12.23049 11.394626 12.23049 12.748783 11.705905 12.748783 12.748783 9.698046 9.698046 9.698046 9.698046 9.698046 12.748783 12.748783 12.679817 12.679817 12.679817 11.596514 11.596514 11.596514 11.596514 11.596514 11.596514 10.58132 8.701712
10.102848 10.102848 10.102848 10.102848 10.102848 10.102848 10.102848 10.102848 9.035673 10.102848 10.102848 10.102848 10.102848 10.102848 10.102848 10.102848 10.102848 10.102848 9.698046 9.698046 8.701712 9.698046 9.698046 9.698046 9.698046 12.748783 12.748783 12.748783 9.698046 11.394626 8.701712 8.701712 8.701712 8.701712 9.698046 9.698046 9.698046 11.596514 12.748783 12.748783 11.596514 11.596514 12.748783 12.748783 9.698046 9.698046 12.748783 12.748783 12.748783 12.679817 12.679817 9.698046 11.596514 11.596514 9.698046 9.698046 9.698046 11.596514 8.701712 8.701712
10.102848 10.102848 10.102848 10.102848 10.102848 10.102848 10.102848 12.166725 10.102848 10.102848 10.102848 10.102848 10.102848 10.102848 10.102848 10.102848 10.102848 10.102848 9.698046 9.698046 9.698046 9.698046 9.698046 12.748783 9.698046 12.748783 12.748783 12.748783 12.748783 8.701712 8.701712 8.701712 8.701712 8.701712 8.701712 9.698046 9.698046 9.698046 11.705905 12.748783 11.596514 11.596514 11.596514 11.596514 11.596514 9.698046 12.748783 12.748783 12.748783 11.596514 11.596514 9.698046 9.698046 9.698046 9.698046 9.698046 11.596514 10.58132 10.58132 10.58132
10.102848 10.102848 10.102848 10.102848 10.102848 10.102848 10.102848 10.102848 12.166725 10.102848 10.102848 10.102848 10.102848 10.102848 10.102848 10.102848 10.102848 10.102848 9.698046 9.698046 9.698046 9.698046 9.698046 9.698046 9.698046 9.698046 12.748783 12.748783 12.748783 9.698046 8.701712 8.701712 8.701712 8.701712 9.698046 9.698046 8.701712 9.698046 11.705905 12.748783 11.596514 11.596514 11.596514 10.58132 11.596514 9.698046 9.698046 9.698046 12.748783 11.596514 11.596514 11.596514 9.698046 9.698046 12.23049 12.23049 11.596514 11.596514 10.58132 10.58132
10.102848 10.102848 10.102848 10.102848 10.102848 10.102848 10.102848 10.102848 12.166725 12.166725 10.102848 10.102848 10.102848 10.102848 10.102848 10.102848 10.102848 10.102848 9.698046 9.698046 9.698046 9.698046 9.698046 9.698046 9.698046 9.698046 12.748783 12.748783 12.748783 10.58132 10.58132 8.701712 8.701712 8.701712 9.698046 9.698046 8.701712 9.698046 9.698046 12.748783 11.596514 10.58132 10.58132 10.58132 10.58132 11.596514 11.596514 11.596514 11.596514 11.596514 10.58132 11.596514 8.701712 9.698046 12.23049 12.23049 9.698046 11.596514 10.58132 10.58132
10.102848 10.102848 10.102848 10.102848 10.102848 10.102848 10.102848 10.102848 11.057135 11.057135 12.166725 12.166725 10.102848 10.102848 9.035673 9.035673 10.102848 10.102848 9.698046 9.698046 9.698046 9.698046 9.698046 9.698046 9.698046 9.698046 9.698046 12.748783 12.748783 12.748783 8.701712 10.58132 8.701712 8.701712 8.701712 8.701712 8.701712 8.701712 9.698046 11.596514 10.58132 10.58132 10.58132 10.58132 10.58132 10.58132 10.58132 10.58132 10.58132 10.58132 10.58132 8.701712 9.698046 9.698046 9.698046 9.698046 8.701712 8.701712 10.58132 10.58132
10.102848 10.102848 10.102848 10.102848 10.102848 10.102848 10.102848 10.102848 11.057135 11.057135 11.057135 11.057135 12.166725 10.102848 9.035673 9.035673 10.102848 10.102848 9.698046 9.698046 9.698046 9.698046 9.698046 9.698046 9.698046 9.698046 9.698046 11.596514 12.748783 12.748783 11.596514 11.596514 9.698046 8.701712 8.701712 8.701712 8.701712 8.701712 11.394626 10.58132 10.58132 10.58132 10.58132 10.58132 10.58132 10.58132 10.58132 10.58132 10.58132 10.58132 10.58132 10.58132 11.596514 9.698046 9.698046 9.698046 9.698046 9.698046 10.58132 10.58132
9.667579 9.667579 9.667579 9.667579 9.667579 9.667579 9.667579 11.546659 10.543692 10.543692 10.543692 10.543692 10.543692 10.543692 10.543692 10.543692 11.546659 9.667579 9.611217 9.611217 9.611217 9.611217 9.611217 9.611217 9.611217 9.611217 9.611217 11.3477125 11.3477125 12.311499 12.311499 12.311499 9.611217 9.611217 8.672249 9.611217 8.672249 10.429346 10.429346 10.429346 10.429346 11.3477125 11.3477125 9.611217 11.3477125 10.429346 10.429346 10.429346 10.429346 10.429346 10.429346 10.429346 11.3477125 9.611217 11.3477125 11.3477125 11.3477125 10.429346 10.429346 10.429346
9.667579 9.667579 9.667579 9.667579 9.667579 8.67544 8.67544 10.543692 10.543692 10.543692 10.543692 10.543692 10.543692 10.543692 10.543692 10.543692 10.543692 11.546659 11.3477125 9.611217 9.611217 9.611217 9.611217 9.611217 9.611217 9.611217 9.611217 11.3477125 11.3477125 11.902669 11.902669 12.311499 12.311499 9.611217 9.611217 11.3477125 10.429346 10.429346 10.429346 10.429346 10.429346 11.3477125 12.311499 12.311499 11.3477125 11.3477125 10.429346 10.429346 10.429346 10.429346 10.429346 10.429346 11.3477125 11.3477125 11.3477125 11.3477125 10.429346 10.429346 10.429346 10.429346
9.667579 9.667579 9.667579 9.667579 9.667579 9.667579 8.67544 10.543692 8.67544 8.67544 10.543692 10.543692 10.543692 10.543692 10.543692 10.543692 10.543692 10.543692 10.429346 11.3477125 11.3477125 9.611217 9.611217 9.611217 9.611217 9.611217 9.611217 11.3477125 11.3477125 11.3477125 11.902669 11.183228 11.183228 12.311499 11.3477125 10.429346 10.429346 10.429346 10.429346 10.429346 10.429346 9.611217 12.311499 12.311499 12.311499 11.3477125 10.429346 10.429346 10.429346 10.429346 10.429346 10.429346 11.3477125 11.3477125 11.3477125 11.3477125 10.429346 10.429346 10.429346 10.429346
8.67544 8.67544 9.667579 9.667579 12.667376 0.0 11.813082 8.67544 8.67544 8.67544 10.980358 10.980358 10.980358 10.543692 11.546659 11.546659 11.546659 11.546659 11.3477125 11.3477125 11.3477125 11.3477125 11.3477125 11.3477125 11.3477125 11.902669 11.902669 9.611217 8.672249 8.672249 8.672249 8.672249 11.548329 11.670324 11.670324 10.429346 10.429346 10.429346 10.429346 10.429346 10.429346 9.611217 12.311499 12.311499 12.311499 11.3477125 10.429346 10.429346 10.429346 10.429346 10.429346 10.429346 10.429346 11.3477125 9.611217 11.3477125 11.3477125 10.429346 11.670324 10.429346
10.543692 11.546659 9.667579 12.667376 9.667579 10.980358 10.980358 11.546659 9.667579 9.667579 9.667579 8.67544 8.67544 9.667579 12.667376 12.667376 12.667376 12.667376 11.902669 11.902669 11.902669 11.3477125 10.429346 10.429346 11.3477125 11.3477125 9.611217 9.611217 8.672249 8.672249 8.672249 8.672249 8.672249 11.548329 8.672249 8.672249 8.672249 8.672249 10.429346 10.429346 10.429346 10.429346 12.311499 11.3477125 11.3477125 11.3477125 10.429346 10.429346 10.429346 10.429346 10.429346 10.429346 10.429346 11.3477125 11.3477125 11.3477125 11.3477125 11.3477125 11.3477125 11.3477125
