Export/ASCII/RMeteo_SP_inch/p1/RMeteo_2014_SP2_inch.asc
ncols         660
nrows         338
xllcorner     1476100.0
yllcorner     5017100.0
cellsize      100
NODATA_value  -9.9e-20
[rows 81 to 107 of 338, columns 366 to 426 of 660]
6.25487 5.7739296 5.7739296 6.2834563 6.2834563 5.7739296 5.7739296 5.7739296 6.8558683 6.25487 6.8558683 5.7739296 6.8558683 6.8558683 7.102105 6.8558683 6.25487 5.7739296 5.7739296 5.7739296 5.7739296 5.7739296 5.7739296 5.7739296 5.7739296 5.7739296 5.7739296 6.2834563 6.4839034 6.4839034 5.9628572 5.9628572 5.9628572 5.901616 5.901616 5.901616 5.457597 6.633751 6.633751 6.633751 5.901616 5.901616 5.457597 5.457597 5.457597 5.457597 5.457597 5.457597 5.457597 5.457597 5.457597 5.457597 5.457597 5.8054714 5.8054714 5.8054714 5.8054714 5.8054714 5.457597 5.457597 5.457597
5.7739296 5.7739296 5.7739296 6.2834563 6.2834563 6.2834563 5.7739296 5.7739296 6.25487 7.102105 7.102105 7.102105 7.102105 6.8558683 7.102105 6.8558683 6.8558683 6.2834563 5.7739296 5.7739296 5.7739296 5.7739296 5.7739296 5.7739296 5.7739296 5.7739296 5.7739296 5.7739296 6.4839034 6.4839034 5.9628572 5.9628572 5.9628572 5.457597 5.457597 5.457597 5.457597 6.633751 6.633751 6.633751 6.633751 5.901616 5.901616 5.457597 5.457597 5.457597 5.457597 5.457597 5.457597 5.457597 5.457597 5.457597 5.457597 5.457597 5.8054714 5.8054714 5.8054714 6.1253195 5.457597 5.457597 5.457597
5.7739296 5.7739296 6.25487 6.25487 6.25487 6.8558683 5.7739296 6.25487 6.8558683 7.102105 7.102105 7.102105 6.8558683 6.8558683 6.991973 7.102105 6.8558683 5.7739296 5.7739296 5.7739296 5.7739296 5.7739296 5.7739296 5.7739296 5.7739296 5.7739296 5.7739296 6.2834563 6.677741 6.4839034 5.9628572 5.9628572 5.9628572 5.9628572 5.457597 5.457597 5.457597 5.901616 6.633751 6.633751 6.633751 6.633751 5.901616 5.457597 5.457597 5.457597 5.457597 5.457597 5.457597 5.457597 5.457597 5.457597 5.457597 5.457597 5.457597 5.457597 5.457597 5.457597 5.457597 5.457597 5.8054714
5.7739296 5.7739296 6.25487 6.25487 6.25487 7.102105 5.7739296 6.25487 6.8558683 7.102105 7.102105 7.102105 6.8558683 6.991973 6.991973 6.991973 6.8558683 5.7739296 5.7739296 5.7739296 5.7739296 5.7739296 5.7739296 5.7739296 5.7739296 5.7739296 5.7739296 6.2834563 6.677741 6.067495 5.9628572 5.9628572 5.9628572 5.9628572 5.457597 5.457597 5.457597 5.901616 6.633751 6.633751 6.633751 6.633751 5.457597 5.457597 5.9628572 5.457597 5.457597 5.457597 5.457597 5.457597 5.457597 5.457597 5.457597 5.457597 5.457597 5.8054714 6.1253195 5.457597 5.457597 5.457597 5.8054714
6.677741 6.677741 6.25487 6.25487 7.102105 7.102105 5.7739296 6.25487 6.8558683 7.102105 7.102105 7.102105 7.102105 7.102105 7.102105 7.102105 6.25487 6.25487 6.25487 6.25487 5.7739296 5.7739296 5.7739296 5.7739296 5.7739296 5.7739296 5.7739296 6.2834563 6.677741 6.067495 5.5572224 5.5572224 5.9628572 5.9628572 5.901616 5.901616 5.901616 5.901616 6.633751 6.633751 6.633751 5.901616 5.457597 5.457597 5.9628572 5.457597 5.457597 5.457597 5.457597 5.457597 5.457597 5.457597 5.457597 5.457597 5.457597 5.457597 5.457597 5.457597 5.457597 5.457597 5.8054714
6.677741 7.102105 6.25487 6.25487 6.25487 7.102105 6.616066 6.8558683 6.8558683 7.102105 7.102105 7.102105 7.102105 7.102105 7.089287 7.089287 7.102105 6.25487 7.102105 6.25487 5.7739296 5.7739296 5.7739296 5.7739296 5.7739296 5.7739296 5.7739296 5.7739296 7.102105 7.102105 6.633751 6.633751 6.633751 6.633751 5.901616 5.901616 6.633751 6.633751 6.633751 6.633751 6.633751 6.633751 5.901616 5.457597 6.1253195 5.457597 5.457597 5.457597 5.457597 5.457597 5.457597 5.457597 5.457597 5.457597 5.8054714 5.457597 5.457597 6.1253195 5.457597 5.457597 5.457597
6.8558683 7.102105 6.25487 6.25487 6.25487 6.8558683 6.2834563 6.8558683 6.8558683 7.102105 7.102105 7.102105 7.102105 7.102105 6.616066 6.616066 7.089287 7.102105 7.102105 6.25487 5.7739296 5.7739296 5.7739296 5.7739296 5.7739296 5.7739296 5.7739296 5.7739296 6.991973 6.991973 5.901616 6.633751 6.633751 6.633751 6.633751 6.633751 6.633751 6.633751 6.633751 6.633751 6.633751 6.4285316 6.4285316 5.457597 5.457597 5.457597 5.457597 5.457597 5.457597 5.457597 5.457597 5.457597 5.457597 5.8054714 5.8054714 5.8054714 5.457597 5.457597 5.457597 5.457597 5.457597
6.8558683 7.102105 7.102105 6.8558683 6.8558683 6.8558683 6.2834563 6.25487 6.8558683 7.102105 7.102105 7.102105 7.102105 7.089287 6.616066 6.616066 7.089287 6.25487 6.25487 6.25487 5.7739296 5.7739296 5.7739296 6.2834563 5.7739296 5.7739296 6.2834563 5.7739296 6.4839034 6.991973 5.901616 5.901616 5.901616 6.633751 6.633751 6.633751 6.633751 6.633751 6.633751 6.633751 6.633751 6.4285316 5.8054714 5.457597 5.457597 5.457597 5.457597 5.457597 5.457597 5.457597 5.457597 5.457597 5.457597 5.8054714 5.8054714 5.457597 5.457597 5.457597 5.457597 5.457597 5.457597
6.8558683 6.8558683 6.8558683 6.8558683 6.8558683 6.2834563 6.2834563 6.25487 6.25487 6.25487 7.102105 7.102105 7.102105 6.616066 6.616066 6.616066 6.616066 6.25487 6.25487 6.25487 5.7739296 5.7739296 5.7739296 5.7739296 5.7739296 5.7739296 6.8558683 6.25487 6.991973 6.991973 5.901616 6.633751 6.633751 6.633751 6.633751 6.633751 6.633751 6.633751 6.633751 6.633751 6.4285316 5.8054714 5.8054714 5.457597 5.457597 5.457597 5.457597 5.457597 5.457597 5.457597 5.457597 5.457597 5.457597 5.8054714 5.8054714 5.457597 5.457597 5.457597 5.8054714 5.8054714 5.457597
6.8558683 6.8558683 6.8558683 6.8558683 6.8558683 6.2834563 6.25487 6.25487 5.7739296 6.25487 6.25487 6.25487 6.8558683 7.102105 7.089287 6.616066 7.102105 6.25487 6.25487 6.25487 5.7739296 5.7739296 5.7739296 5.7739296 5.7739296 6.25487 6.8558683 7.102105 7.102105 6.991973 6.5407057 6.633751 6.633751 6.633751 6.633751 6.633751 6.633751 6.633751 5.901616 5.901616 5.8054714 5.8054714 5.457597 5.457597 5.457597 5.457597 5.457597 5.457597 5.457597 5.8054714 5.457597 5.457597 5.457597 5.8054714 5.8054714 5.457597 5.457597 5.457597 5.8054714 5.8054714 5.8054714
6.8558683 7.102105 6.8558683 6.8558683 6.8558683 6.2834563 6.25487 5.7739296 5.7739296 5.7739296 5.7739296 5.7739296 6.8558683 6.8558683 7.102105 7.089287 7.102105 7.102105 7.102105 6.25487 6.25487 6.25487 6.25487 6.25487 6.25487 6.25487 7.102105 7.102105 7.102105 6.991973 6.5407057 6.633751 6.633751 6.633751 6.633751 6.4285316 6.4285316 6.4285316 6.4285316 5.8054714 5.8054714 5.457597 5.457597 5.457597 5.457597 5.457597 5.457597 5.457597 5.457597 5.457597 5.457597 5.457597 5.457597 5.8054714 5.8054714 5.8054714 5.457597 5.457597 5.8054714 5.8054714 5.457597
6.8558683 6.25487 6.25487 6.25487 6.8558683 6.2834563 5.7739296 5.7739296 5.7739296 5.7739296 5.7739296 5.7739296 6.2834563 6.2834563 7.102105 7.102105 7.102105 7.102105 7.102105 7.102105 6.25487 6.25487 6.25487 6.25487 6.25487 7.102105 7.102105 7.102105 7.102105 7.102105 6.633751 6.633751 6.633751 5.457597 5.457597 5.8054714 5.8054714 5.8054714 5.8054714 5.8054714 5.8054714 5.8054714 5.457597 5.457597 5.457597 5.457597 5.457597 5.457597 5.457597 5.457597 5.457597 5.457597 5.8054714 5.8054714 5.8054714 5.8054714 5.457597 5.457597 5.457597 5.457597 5.457597
6.2834563 5.7739296 6.25487 6.25487 6.25487 6.8558683 5.7739296 5.7739296 5.7739296 5.7739296 5.7739296 5.7739296 6.2834563 6.2834563 7.102105 7.102105 7.102105 7.102105 7.102105 7.102105 7.102105 7.102105 7.102105 6.25487 6.25487 6.25487 6.25487 7.102105 7.102105 7.102105 6.633751 6.633751 5.901616 5.901616 5.457597 5.8054714 5.8054714 5.8054714 5.8054714 5.8054714 5.8054714 5.457597 5.457597 5.457597 5.457597 5.457597 5.457597 5.457597 5.457597 5.457597 5.457597 5.457597 5.457597 5.457597 5.457597 5.8054714 5.8054714 5.8054714 5.457597 5.457597 5.457597
6.2834563 6.2834563 5.7739296 6.25487 6.25487 6.25487 6.8558683 6.2834563 5.7739296 5.7739296 5.7739296 5.7739296 6.2834563 6.2834563 6.8558683 7.102105 7.102105 7.102105 7.102105 7.102105 7.102105 7.102105 7.102105 6.25487 5.7739296 5.7739296 5.7739296 6.25487 6.25487 7.102105 6.633751 6.633751 5.901616 5.901616 5.457597 5.457597 5.8054714 5.8054714 5.8054714 5.8054714 5.8054714 5.8054714 5.457597 5.457597 5.457597 5.457597 5.457597 5.457597 5.457597 5.457597 5.457597 5.457597 5.457597 5.457597 5.457597 5.8054714 5.8054714 5.8054714 5.8054714 5.457597 5.457597
6.2834563 6.2834563 6.2834563 5.7739296 6.25487 6.25487 6.8558683 5.7739296 5.7739296 5.7739296 5.7739296 6.2834563 6.2834563 6.2834563 6.8558683 7.102105 7.102105 7.102105 7.102105 7.102105 7.102105 6.8558683 6.8558683 6.25487 5.7739296 5.7739296 5.7739296 5.7739296 6.25487 7.102105 6.633751 5.901616 6.4285316 5.457597 5.457597 5.457597 5.8054714 5.8054714 5.457597 5.8054714 5.8054714 5.8054714 5.457597 5.457597 5.457597 5.457597 5.457597 5.457597 5.457597 5.457597 5.457597 5.457597 5.457597 5.457597 5.457597 5.457597 5.9628572 6.1253195 5.457597 5.457597 5.457597
6.2834563 6.2834563 6.2834563 5.7739296 5.7739296 6.8558683 6.8558683 6.8558683 5.7739296 5.7739296 5.7739296 6.2834563 6.2834563 6.2834563 6.8558683 7.102105 7.102105 7.102105 7.102105 7.102105 6.8558683 6.8558683 6.8558683 6.8558683 6.2834563 5.7739296 5.7739296 5.7739296 6.25487 7.102105 5.901616 5.901616 5.901616 5.457597 5.457597 5.457597 5.457597 5.457597 5.457597 5.8054714 5.8054714 5.457597 5.457597 5.457597 5.457597 5.457597 5.457597 5.457597 5.457597 5.457597 5.457597 5.457597 5.457597 5.457597 5.457597 5.457597 5.457597 5.457597 5.457597 5.457597 5.457597
6.2834563 6.2834563 6.2834563 5.7739296 6.2834563 5.7739296 6.25487 7.102105 5.7739296 6.2834563 6.2834563 6.2834563 6.2834563 6.8558683 6.8558683 7.102105 7.102105 7.102105 7.102105 7.102105 6.8558683 6.2834563 6.2834563 6.2834563 6.2834563 5.7739296 5.7739296 6.677741 7.102105 7.102105 5.901616 5.457597 6.4285316 5.8054714 5.457597 5.457597 5.457597 5.457597 5.457597 5.457597 5.457597 5.457597 5.457597 5.457597 5.457597 5.457597 5.457597 5.457597 5.457597 5.457597 5.457597 5.457597 5.457597 5.901616 5.901616 5.901616 5.457597 5.457597 5.457597 5.457597 5.457597
5.7739296 6.2834563 6.2834563 5.7739296 6.2834563 5.7739296 5.7739296 6.25487 6.8558683 6.2834563 6.8558683 6.2834563 6.2834563 5.7739296 7.102105 6.25487 7.102105 7.102105 7.102105 7.102105 6.8558683 6.2834563 6.2834563 6.2834563 6.2834563 6.2834563 7.102105 6.8558683 7.102105 7.102105 5.901616 5.457597 6.4285316 6.4285316 5.8054714 5.8054714 5.8054714 5.457597 5.457597 5.457597 6.0699196 6.0699196 5.457597 5.457597 5.457597 5.457597 5.457597 5.8054714 5.8054714 5.457597 5.457597 5.457597 5.457597 5.901616 5.901616 5.901616 5.457597 5.457597 5.457597 5.457597 5.457597
5.7739296 6.2834563 6.2834563 5.7739296 6.2834563 5.7739296 5.7739296 5.7739296 6.25487 6.8558683 6.8558683 7.102105 7.102105 5.7739296 6.25487 6.25487 7.102105 6.25487 6.25487 7.102105 7.102105 6.2834563 5.7739296 5.7739296 6.2834563 6.8558683 6.8558683 6.8558683 6.8558683 6.25487 5.901616 5.901616 6.4285316 6.4285316 5.8054714 5.8054714 5.8054714 5.457597 5.457597 5.457597 5.457597 5.9628572 5.457597 5.457597 5.457597 5.457597 5.457597 5.457597 5.457597 5.457597 5.457597 5.457597 5.901616 5.901616 5.901616 5.901616 5.901616 5.457597 5.457597 5.457597 5.457597
5.7739296 5.7739296 6.2834563 6.2834563 6.677741 5.7739296 5.7739296 5.7739296 5.7739296 5.7739296 7.102105 7.102105 7.102105 6.4839034 6.25487 7.102105 7.102105 6.25487 5.7739296 5.7739296 6.2834563 6.2834563 5.7739296 5.7739296 6.2834563 6.8558683 6.8558683 6.2834563 6.8558683 6.25487 5.457597 5.8054714 6.4285316 6.4285316 5.8054714 5.8054714 5.457597 5.457597 5.457597 5.457597 5.457597 5.9628572 5.457597 5.457597 5.457597 5.457597 5.457597 5.457597 5.457597 5.457597 5.457597 5.457597 5.457597 5.8054714 5.8054714 6.4285316 5.901616 5.901616 5.901616 5.457597 5.457597
6.2834563 6.2834563 6.2834563 6.2834563 6.677741 5.7739296 5.7739296 5.7739296 5.7739296 5.7739296 6.4839034 6.25487 7.102105 7.102105 7.102105 7.102105 7.102105 6.25487 5.7739296 5.7739296 6.2834563 6.2834563 5.7739296 5.7739296 6.2834563 5.7739296 6.25487 6.8558683 6.8558683 6.25487 5.457597 5.8054714 5.8054714 5.8054714 5.457597 5.457597 5.9628572 5.457597 5.457597 5.457597 5.457597 5.9628572 5.457597 5.457597 5.8054714 5.457597 5.457597 5.457597 5.457597 5.457597 5.457597 5.457597 5.457597 5.457597 5.8054714 6.4285316 6.5407057 5.901616 5.901616 5.901616 5.901616
6.2834563 6.2834563 6.2834563 6.2834563 6.677741 6.677741 6.677741 5.7739296 5.7739296 5.7739296 5.7739296 6.25487 7.102105 6.991973 6.8558683 6.8558683 7.102105 6.25487 6.25487 5.7739296 5.7739296 6.2834563 5.7739296 5.7739296 5.7739296 5.7739296 5.7739296 6.2834563 6.2834563 5.7739296 5.457597 5.457597 5.457597 5.457597 5.457597 5.8054714 5.8054714 6.1253195 5.457597 5.457597 5.457597 5.457597 5.457597 5.457597 5.8054714 5.457597 5.457597 5.457597 5.457597 5.457597 5.457597 5.457597 5.457597 5.457597 5.8054714 6.4285316 6.633751 6.633751 6.4285316 6.4285316 5.901616
6.420927 6.2395706 7.057659 6.4268923 5.8274937 5.8274937 5.8274937 5.8274937 5.8274937 5.8274937 5.8274937 6.4268923 7.302855 6.420927 6.2395706 7.057659 7.302855 7.057659 6.4268923 5.8274937 5.8274937 5.8274937 5.8274937 5.8274937 5.8274937 5.8274937 6.2395706 6.2395706 6.2395706 6.2395706 6.197446 5.779659 5.779659 5.779659 6.197446 6.197446 6.197446 5.779659 5.779659 5.779659 5.779659 5.779659 6.197446 6.197446 6.197446 6.197446 5.779659 5.779659 5.779659 5.779659 5.779659 5.779659 6.3495913 6.959544 6.197446 6.959544 6.959544 7.1961603 7.1961603 7.1961603 6.3495913
6.2395706 7.057659 7.302855 6.4268923 6.4268923 5.8274937 5.8274937 6.6021967 5.8274937 5.8274937 5.8274937 7.302855 7.057659 7.057659 7.057659 7.302855 7.302855 7.057659 7.057659 5.8274937 5.8274937 5.8274937 5.8274937 5.8274937 5.8274937 5.8274937 5.8274937 7.1916614 7.1916614 7.1916614 7.088893 6.197446 5.779659 5.779659 6.197446 6.197446 6.197446 5.779659 5.779659 5.779659 5.779659 5.779659 5.779659 6.197446 6.197446 6.197446 5.779659 5.779659 5.779659 5.779659 5.779659 6.3495913 6.959544 6.959544 6.197446 6.197446 6.959544 7.1961603 7.1961603 7.1961603 6.3495913
7.057659 6.4268923 6.4268923 7.302855 7.302855 5.8274937 6.6021967 5.8274937 5.8274937 5.8274937 5.8274937 6.2395706 7.057659 7.057659 7.302855 7.302855 7.302855 7.1916614 7.057659 6.4268923 5.8274937 5.8274937 5.8274937 5.8274937 5.8274937 5.8274937 5.8274937 6.4268923 7.1916614 7.1916614 7.088893 6.3495913 5.779659 6.197446 6.197446 6.197446 5.779659 5.779659 5.779659 5.779659 5.779659 5.779659 6.197446 5.779659 5.779659 5.779659 5.779659 5.779659 5.779659 5.779659 5.779659 6.197446 6.959544 6.959544 6.959544 6.959544 6.959544 6.959544 7.1822643 6.533635 5.779659
6.4268923 5.8274937 6.4268923 7.302855 7.302855 5.8274937 5.8274937 5.8274937 5.8274937 5.8274937 5.8274937 6.2395706 7.057659 7.302855 7.302855 7.1916614 7.1916614 7.302855 7.057659 6.4268923 5.8274937 5.8274937 5.8274937 5.8274937 6.2395706 6.2395706 6.2395706 6.4268923 7.1916614 7.1916614 6.3495913 6.3495913 5.779659 6.197446 6.197446 6.197446 5.779659 5.779659 5.779659 5.779659 5.779659 5.779659 5.779659 5.779659 5.779659 5.779659 5.779659 5.779659 5.779659 5.779659 5.779659 6.197446 6.959544 6.959544 6.959544 6.959544 6.959544 6.197446 6.533635 6.533635 6.533635
5.8274937 5.8274937 6.4268923 7.302855 6.2395706 6.2395706 5.8274937 5.8274937 5.8274937 5.8274937 7.302855 7.057659 7.057659 7.302855 7.302855 7.302855 7.1916614 7.302855 7.057659 7.057659 6.4268923 6.4268923 5.8274937 5.8274937 6.2395706 6.2395706 6.2395706 6.4268923 6.4268923 6.4268923 6.3495913 5.779659 5.779659 6.197446 6.197446 6.197446 5.779659 5.779659 5.779659 5.779659 5.779659 6.197446 5.779659 5.779659 5.779659 5.779659 5.779659 5.779659 5.779659 5.779659 6.197446 6.197446 6.197446 6.197446 6.197446 5.779659 5.779659 6.197446 6.197446 6.197446 6.533635
