Export/ASCII/RMeteo_SP_inch/p1/RMeteo_2015_SP2_inch.asc
ncols         660
nrows         338
xllcorner     1476150
yllcorner     5017150
cellsize      100
NODATA_value  -9.9e-20
[rows 243 to 269 of 338, columns 366 to 426 of 660]
3.6285763 3.6285763 3.6285763 4.8909764 4.8909764 4.8909764 4.8909764 4.8909764 4.8909764 4.8909764 4.8909764 4.8909764 4.8909764 4.8909764 3.7996335 5.077952 5.077952 5.077952 5.077952 5.077952 3.7996335 3.089339 3.7996335 5.7598414 5.7598414 5.7598414 5.7598414 5.7598414 5.7598414 5.7598414 5.8661404 5.8661404 5.077944 5.077944 5.077944 5.077944 5.077944 5.077944 3.815983 3.787078 3.787078 5.0657673 3.787078 5.0657673 5.0657673 5.0657673 5.077944 5.077944 5.077944 5.077944 5.077944 5.077944 5.0657673 5.0657673 5.8220124 5.8220124 5.8661404 5.8661404 5.8661404 5.8661404 5.8661404
4.1779523 3.089339 3.6285763 4.8909764 4.8909764 4.8909764 4.8909764 4.8909764 5.077952 4.8909764 4.8909764 4.8909764 4.8909764 3.6285763 3.7996335 3.7996335 5.077952 5.077952 5.077952 5.0779514 3.7996335 3.7996335 3.7996335 3.7996335 3.7996335 5.7598414 5.7598414 5.7598414 5.7598414 5.7598414 5.8661404 5.077944 5.077944 5.077944 5.077944 5.077944 5.077944 5.077944 5.03843 3.7492218 3.787078 3.787078 3.787078 5.0657673 5.0657673 5.0657673 5.077944 5.077944 5.077944 5.077944 5.0657673 5.0657673 5.0657673 5.0657673 5.8220124 5.8220124 5.8661404 5.8661404 5.8661404 5.8661404 5.8661404
4.1779523 3.6285763 3.6285763 3.6285763 4.8909764 4.8909764 4.8909764 4.8909764 4.8909764 4.8909764 4.8909764 4.8909764 4.8909764 3.7996335 3.7996335 3.7996335 3.7996335 3.7996335 3.7996335 3.7996335 3.7996335 3.7996335 3.7996335 3.7996335 5.7598414 5.7598414 5.7598414 5.7598414 5.7598414 5.7598414 5.8661404 5.077944 5.077944 5.077944 5.077944 5.077944 5.077944 5.077944 5.077944 3.815983 3.815983 3.815983 3.787078 5.0657673 5.0657673 5.0657673 5.0657673 5.8661404 5.8661404 5.0657673 5.0657673 5.0657673 5.0657673 5.0657673 5.8220124 5.8220124 5.8661404 5.8661404 5.8661404 5.8661404 5.8661404
4.1779523 3.6285763 3.6285763 3.6285763 4.8909764 4.8909764 4.8909764 4.8909764 4.8909764 4.8909764 4.8909764 4.8909764 4.8909764 3.7996335 3.7996335 3.7996335 3.7996335 3.7996335 3.7996335 3.7996335 3.7996335 3.7996335 3.7996335 3.7996335 5.7598414 5.7598414 5.7598414 5.7598414 5.7598414 5.720994 5.863668 5.0657673 5.077944 5.077944 5.077944 5.077944 5.077944 5.077944 5.077944 5.077944 5.077944 5.077944 3.815983 3.815983 5.0657673 5.0657673 5.863668 5.863668 5.863668 5.0657673 5.0657673 5.0657673 5.0657673 5.0657673 5.8220124 5.8220124 5.8661404 5.8661404 5.8661404 5.8661404 5.8661404
5.077952 3.089339 3.6285763 3.6285763 3.6285763 3.6285763 4.8909764 4.8909764 5.0646977 4.8909764 4.8909764 4.8909764 4.8909764 3.7679553 3.7996335 3.7996335 3.7996335 3.7996335 3.7996335 3.7996335 3.7996335 3.7996335 3.7996335 3.7996335 3.7996335 5.7598414 5.7598414 5.7598414 5.7598414 5.7598414 5.863668 5.863668 5.8661404 5.077944 5.077944 5.077944 5.077944 5.077944 5.077944 5.077944 5.077944 5.077944 5.077944 5.077944 5.077944 5.077944 5.8661404 5.863668 5.863668 5.863668 5.863668 5.0657673 5.0657673 5.0657673 5.8220124 5.8661404 5.8661404 5.8661404 5.8661404 5.8661404 5.8661404
5.0349936 5.064698 4.8909764 4.8909764 3.6285763 3.6285763 3.6285763 5.0646977 5.0646977 5.077952 5.0349936 5.0349936 3.6285763 3.7996335 3.7996335 3.7996335 3.7996335 3.7996335 3.7996335 3.7996335 3.7996335 3.7996335 3.7996335 3.7996335 3.7996335 5.7598414 5.7598414 5.7598414 5.7598414 5.7598414 5.863668 5.863668 5.863668 5.077944 5.077944 5.077944 5.077944 5.077944 5.077944 5.077944 5.077944 5.077944 5.077944 5.077944 5.077944 5.077944 5.8661404 5.8661404 5.8661404 5.8661404 5.863668 5.863668 5.0657673 5.0657673 5.8220124 5.8661404 5.8661404 5.8661404 5.8661404 5.8661404 5.8661404
5.0349936 5.0349936 5.0349936 5.064698 4.8909764 3.6285763 3.6285763 3.6285763 3.7996335 3.7996335 3.727952 5.0349936 3.727952 3.7905536 3.7905536 3.7996335 3.7996335 3.7996335 3.7996335 3.7996335 3.7996335 3.7996335 3.7996335 5.7598414 5.7598414 5.7598414 5.7598414 5.7598414 5.7598414 5.7598414 5.8661404 5.863668 5.863668 5.863668 5.863668 5.0657673 5.0657673 5.077944 5.077944 5.077944 5.077944 5.077944 5.077944 5.077944 5.077944 5.077944 5.8661404 5.8661404 5.8661404 5.8661404 5.8661404 5.8661404 5.8661404 5.8661404 5.8220124 5.8661404 5.8661404 5.8661404 5.8661404 5.8661404 5.8661404
5.0349936 5.0349936 4.8909764 5.064698 5.064698 5.0646977 3.767953 3.6285763 3.6285763 3.6285763 3.727952 3.727952 3.7905536 3.7905536 3.7905536 3.7996335 3.7996335 3.7996335 3.7996335 3.7996335 3.7996335 3.7996335 3.7996335 5.7598414 5.7598414 5.7598414 5.7598414 5.7598414 5.7598414 5.7598414 5.8661404 5.8661404 5.8661404 5.863668 5.863668 5.0657673 5.0657673 5.077944 5.077944 5.077944 5.077944 5.077944 5.077944 5.077944 5.077944 5.077944 5.8661404 5.8661404 5.8661404 5.8661404 5.8661404 5.8661404 5.8661404 5.8661404 5.8661404 5.8661404 5.8661404 5.8661404 5.8661404 5.8661404 5.8661404
5.0349936 5.0349936 4.8909764 4.8909764 4.8909764 5.0646977 5.0646977 4.8909764 4.8909764 4.8909764 3.6285763 3.727952 3.727952 3.7996335 3.7905536 3.7996335 3.7996335 3.7996335 3.7996335 3.7996335 3.7996335 3.7996335 5.7598414 5.7598414 5.7598414 5.7598414 5.7598414 5.7598414 5.7598414 5.7598414 5.8661404 5.8661404 5.8661404 5.8220124 5.863668 5.863668 5.03843 5.077944 5.077944 5.077944 5.0779448 5.03843 5.03843 5.077944 5.077944 5.077944 5.8661404 5.8661404 5.8661404 5.8661404 5.8661404 5.8661404 5.8661404 5.8661404 5.8661404 5.8661404 5.8661404 5.8661404 5.8661404 5.8661404 5.8661404
5.720994 5.720994 4.8909764 4.8909764 4.8909764 4.8909764 5.0646977 4.8909764 4.8909764 4.8909764 5.0349936 5.0349936 3.727952 3.7996335 3.7996335 3.7996335 3.7996335 3.7996335 3.7996335 3.7996335 3.767953 5.7582283 5.7582283 5.7598414 5.7598414 5.7598414 5.7598414 5.7598414 5.7598414 5.7598414 5.8661404 5.8661404 5.8661404 5.8220124 5.8220124 5.8661404 5.077944 5.077944 5.077944 5.077944 5.03843 5.03843 5.03843 5.03843 5.077944 5.077944 5.8661404 5.8661404 5.8661404 5.8661404 5.8661404 5.8661404 5.8661404 5.8661404 5.8661404 5.8661404 5.8661404 5.8661404 5.8661404 5.8661404 5.8661404
5.720994 5.720994 4.8909764 4.8909764 4.8909764 4.8909764 4.8909764 4.8909764 4.8909764 4.8909764 5.0349936 5.0349936 5.0349936 3.7996335 3.7996335 3.7996335 3.7996335 3.7996335 3.7996335 3.7996335 3.7996335 5.7582283 5.7582283 5.7598414 5.7598414 5.7598414 5.7598414 5.7598414 5.7598414 5.7598414 5.8661404 5.8661404 5.8661404 5.8661404 5.8661404 5.863668 5.077944 5.077944 5.077944 5.077944 5.03843 5.03843 5.03843 5.03843 5.03843 5.0779448 5.8661404 5.8661404 5.8661404 5.8661404 5.8220124 5.8220124 5.8661404 5.8661404 5.8661404 5.8661404 5.8661404 5.8661404 5.8661404 5.8661404 5.8661404
5.720994 5.4418254 4.8909764 4.8909764 4.8909764 4.8909764 4.8909764 4.8909764 4.8909764 5.0349936 5.0349936 5.0349936 5.0349936 5.0646977 5.0349936 3.727952 3.727952 3.7996335 3.7996335 3.7996335 3.7996335 5.7598414 5.7598414 5.7598414 5.7598414 5.7598414 5.7598414 5.7598414 5.7598414 5.7598414 5.8661404 5.8661404 5.8661404 5.8661404 5.863668 5.863668 5.8661404 5.0657673 5.0657673 5.03843 5.03843 5.03843 5.03843 5.03843 5.03843 5.8220124 5.863668 5.8661404 5.8661404 5.8220124 5.8220124 5.8220124 5.8220124 5.8661404 5.8661404 5.8661404 5.8661404 5.8661404 5.8661404 5.8661404 5.8661404
5.720994 5.720994 5.720994 5.4418254 4.8909764 4.8909764 4.8909764 4.8909764 4.8909764 5.0349936 5.0349936 5.0349936 5.0349936 5.0349936 5.0349936 5.0349936 5.0349936 5.0349936 3.6285763 3.6285763 3.7996335 3.7996335 5.7598414 5.7598414 5.7598414 5.7598414 5.7598414 5.7598414 5.7598414 5.7598414 5.8661404 5.8661404 5.8661404 5.8661404 5.863668 5.863668 5.8661404 5.0657673 5.0657673 5.03843 5.03843 5.03843 5.03843 5.03843 5.03843 5.8220124 5.5260324 5.5260324 5.5260324 5.8220124 5.8220124 5.8220124 5.8661404 5.8661404 5.8661404 5.8661404 5.8661404 5.8661404 5.8661404 5.8661404 5.8661404
5.720994 5.720994 5.720994 5.4418254 4.8909764 4.8909764 4.8909764 4.8909764 5.0349936 5.0349936 5.0349936 5.0349936 5.0349936 5.0349936 5.0349936 5.0349936 5.0349936 5.0349936 3.6285763 3.6285763 3.7996335 3.7996335 5.7598414 5.7598414 5.7598414 5.7582283 5.7598414 5.7598414 5.7598414 5.7598414 5.8661404 5.8661404 5.8661404 5.8661404 5.8661404 5.8661404 5.8661404 5.0657673 5.0657673 5.03843 5.03843 5.03843 5.03843 5.03843 5.8220124 5.8220124 5.5260324 5.5260324 5.5260324 5.5260324 5.077944 5.077944 5.077944 5.8661404 5.8661404 5.8661404 5.8661404 5.8661404 5.8661404 5.8661404 5.8661404
5.720994 5.720994 5.720994 4.8909764 4.8909764 4.8909764 4.8909764 4.8909764 4.8909764 5.0349936 5.0349936 5.0349936 5.0349936 5.0349936 5.0349936 5.0349936 5.0349936 4.8909764 4.8909764 3.6285763 3.6285763 3.7996335 3.7996335 3.7996335 3.767953 5.7582283 5.7582283 5.7598414 5.7598414 5.7598414 5.8661404 5.8661404 5.8661404 5.8220124 5.5260324 5.5260324 5.03843 5.0657673 5.0657673 5.03843 5.03843 5.03843 5.03843 5.03843 5.0779448 5.0779448 5.8661404 5.5260324 4.8990703 5.5260324 4.8990703 5.077944 5.077944 5.8661404 5.8661404 5.8661404 5.8661404 5.8661404 5.8661404 5.8661404 5.8661404
5.7598414 5.4418254 5.4418254 4.8909764 4.8909764 4.8909764 4.8909764 4.8909764 4.8909764 4.8909764 4.8909764 5.0349936 5.0349936 5.0349936 5.0349936 5.0779514 4.8909764 4.8909764 4.8909764 4.8909764 4.8909764 3.7996335 3.727952 3.727952 3.767953 3.767953 5.7598414 5.7598414 5.7598414 5.7598414 5.8661404 5.8661404 5.8661404 5.03843 4.8990703 4.8990703 5.03843 5.03843 5.03843 5.03843 5.03843 5.03843 5.03843 5.03843 5.0779448 5.0779448 5.03843 5.5260324 4.8990703 5.5260324 4.8990703 5.077944 5.077944 5.8661404 5.8661404 5.8661404 5.8661404 5.8661404 5.8661404 5.8661404 5.8661404
5.077952 5.4418254 5.4418254 4.8909764 4.8909764 4.8909764 4.8909764 5.077952 4.8909764 4.8909764 5.0349936 5.0349936 5.0349936 5.0349936 5.0349936 5.0349936 4.8909764 4.8909764 4.8909764 4.8909764 4.8909764 4.8909764 3.727952 5.0349936 3.6285763 3.7996335 5.0779514 5.0779514 5.7598414 5.7598414 5.8661404 5.8661404 5.8661404 5.03843 5.0779448 5.03843 5.03843 5.03843 5.03843 5.03843 5.03843 5.03843 5.03843 5.03843 5.03843 5.0779448 5.03843 5.5260324 4.8990703 4.8990703 4.8990703 5.077944 5.077944 5.8661404 5.8661404 5.8661404 5.8661404 5.8661404 5.8661404 5.8661404 5.8661404
5.6889753 5.4310474 5.4310474 5.4310474 4.9781 4.9781 4.9781 4.9781 4.9781 4.9781 5.163128 5.163128 5.163128 5.163128 5.163128 5.163128 4.9781 4.9781 4.9781 4.9781 5.163128 5.163128 3.8625267 3.8625267 3.8625267 3.9282217 5.199999 5.199999 5.199999 5.199999 5.7322826 5.7322826 5.701008 5.0250826 5.0582666 5.0250826 5.0250826 5.0250826 5.0250826 5.0250826 5.0250826 5.0250826 5.0250826 5.0250826 5.0250826 5.0582666 5.0582666 5.7322826 5.4401093 5.4401093 5.4401093 5.0582666 5.0582666 5.7322826 5.7322826 5.7322826 5.7322826 5.7322826 5.7322826 5.7322826 5.7322826
5.4310474 5.4310474 5.4310474 5.664345 5.163128 5.163128 4.9781 4.9781 4.9781 4.9781 5.163128 5.163128 5.163128 5.163128 5.163128 4.9781 4.9781 4.9781 4.9781 4.9781 5.163128 5.163128 5.163128 5.163128 3.7610905 3.1807363 5.199999 5.199999 5.199999 5.199999 5.0582666 5.0250826 5.0250826 5.0250826 5.0582666 5.0582666 5.0582666 5.0250826 5.0250826 5.0250826 5.0250826 5.0250826 5.0250826 5.0250826 5.0250826 5.0582666 5.0582666 5.0582666 5.7322826 5.7322826 5.7322826 5.0582666 5.0582666 5.7322826 5.7322826 5.7322826 5.7322826 5.7322826 5.7322826 5.7322826 5.7322826
4.9781 5.4310474 4.9781 5.4310474 5.163128 5.163128 4.9781 4.9781 4.9781 4.9781 4.9781 4.9781 4.9781 4.9781 4.9781 4.9781 4.9781 4.9781 4.9781 5.163128 5.163128 5.163128 5.163128 5.163128 3.7610905 3.9282217 5.199999 5.199999 5.199999 5.199999 5.0582666 5.0250826 5.0250826 5.0250826 5.0250826 5.0582666 5.0582666 5.0582666 5.0582666 5.0250826 5.0250826 5.0495834 5.0250826 5.0250826 5.0250826 5.0582666 5.0582666 5.0582666 5.7322826 5.0582666 5.0582666 5.0582666 5.0582666 5.0582666 5.7322826 5.7322826 5.7322826 5.7322826 5.7322826 5.7322826 5.7322826
5.199999 4.9781 5.4310474 4.9781 5.163128 5.664345 4.9781 4.9781 4.9781 4.9781 4.9781 4.9781 4.9781 4.9781 5.163128 5.163128 4.9781 4.9781 4.9781 5.163128 5.163128 5.163128 5.163128 5.163128 3.7610905 3.9282217 5.199999 5.199999 5.199999 5.199999 5.0582666 5.0250826 5.0250826 5.0250826 5.0250826 4.898225 4.898225 5.0582666 5.0582666 5.0250826 5.0250826 5.0250826 5.0250826 5.0250826 4.898225 5.0582666 5.0582666 5.0582666 5.0582666 5.0582666 5.0582666 5.0582666 5.0582666 5.0582666 5.7322826 5.7322826 5.7322826 5.7322826 5.7322826 5.7322826 5.7322826
4.9781 4.9781 4.9781 5.4310474 4.9781 5.4310474 5.4310474 4.9781 4.9781 4.9781 4.9781 4.9781 4.9781 4.9781 5.163128 5.163128 4.9781 4.9781 4.9781 5.163128 5.163128 5.163128 5.163128 5.163128 3.7610905 3.9003108 4.9781 4.9781 5.199999 5.199999 5.0582666 5.0582666 5.0582666 5.0250826 5.0582666 4.898225 4.898225 4.898225 5.0582666 4.898225 5.0250826 5.0250826 4.898225 4.898225 4.898225 5.0582666 5.0582666 5.0582666 5.0582666 5.0582666 5.0582666 5.0582666 5.0582666 5.0582666 5.7322826 5.7322826 5.7322826 5.7322826 5.7322826 5.7322826 5.7322826
5.199999 4.9781 4.9781 4.9781 5.664345 5.664345 5.163128 4.9781 4.9781 4.9781 4.9781 4.9781 4.9781 4.9781 5.163128 5.163128 5.163128 4.9781 4.9781 5.199999 5.163128 5.163128 5.163128 5.163128 3.7610905 3.7610905 4.9781 4.9781 4.9781 5.199999 4.898225 4.898225 4.898225 5.0582666 5.0582666 4.898225 4.898225 4.898225 4.898225 5.0582666 4.898225 4.898225 4.898225 4.898225 4.898225 4.898225 5.0582666 5.0582666 5.0582666 5.0582666 5.0582666 5.0582666 5.0582666 5.0582666 5.7322826 5.7322826 5.7322826 5.7322826 5.7322826 5.7322826 5.7322826
5.199999 5.199999 4.9781 4.9781 5.664345 5.664345 5.163128 5.199999 4.9781 4.9781 4.9781 4.9781 4.9781 4.9781 4.9781 5.163128 4.9781 4.9781 4.9781 4.9781 5.163128 5.163128 3.8625267 3.8625267 3.7610905 3.7610905 4.9781 4.9781 4.9781 4.9781 4.898225 4.898225 4.898225 4.898225 4.898225 4.898225 4.898225 4.898225 4.898225 4.898225 4.898225 4.898225 4.898225 4.898225 4.898225 4.898225 5.0582666 5.0582666 5.0582666 5.0582666 5.0582666 5.0582666 5.0582666 5.0582666 5.0582666 5.7322826 5.7322826 5.7322826 5.0582666 5.0582666 5.0582666
5.199999 5.199999 5.199999 5.163128 5.664345 5.664345 4.9781 4.9781 4.9781 4.9781 4.9781 4.9781 4.9781 4.9781 4.9781 4.9781 4.9781 4.9781 4.9781 4.9781 4.9781 5.163128 3.8625267 3.7610905 3.7610905 3.7610905 4.9781 4.9781 4.9781 4.9781 4.898225 4.898225 4.898225 4.898225 4.898225 4.898225 4.898225 4.898225 4.898225 4.898225 4.898225 4.898225 4.898225 4.898225 4.898225 5.0582666 5.0582666 5.0582666 5.0582666 5.0582666 5.0582666 5.0582666 5.0582666 5.0582666 5.7322826 5.7322826 5.7322826 5.0582666 5.0582666 5.0582666 5.0582666
5.199999 5.199999 5.199999 5.163128 5.664345 5.4310474 4.9781 4.9781 4.9781 5.199999 4.9781 4.9781 4.9781 5.190425 5.190425 4.9781 5.190425 4.9781 4.9781 4.9781 4.9781 5.163128 3.8625267 3.7610905 3.7610905 3.7610905 4.9781 4.9781 4.9781 4.9781 4.898225 4.898225 4.898225 4.898225 4.898225 4.898225 4.898225 4.898225 5.0582666 5.0582666 4.898225 4.898225 4.898225 4.898225 4.898225 5.0582666 5.0582666 5.0582666 5.0582666 5.0582666 5.0582666 5.0582666 5.0582666 5.0582666 5.7322826 5.7322826 5.7322826 5.0582666 5.0582666 5.0582666 5.0582666
5.199999 5.199999 5.199999 5.163128 5.163128 5.4310474 5.199999 5.190425 5.190425 5.190425 5.190425 5.199999 5.190425 5.190425 5.190425 5.190425 5.190425 5.190425 5.190425 5.190425 4.9781 5.163128 3.8625267 3.8625267 3.9003108 3.7610905 3.7610905 4.9781 4.9781 4.9781 4.898225 4.898225 4.898225 4.898225 4.898225 4.898225 4.898225 4.898225 5.0582666 5.0582666 5.0582666 4.898225 4.898225 4.898225 5.0582666 5.0582666 5.0582666 5.0582666 5.0582666 5.0582666 5.0582666 5.0250826 5.0582666 5.0582666 5.7322826 5.7322826 5.7322826 5.0582666 5.0582666 5.0582666 3.8655298
