Export/ASCII/RMeteo_SP_inch/p1/RMeteo_2014_SP1_inch.asc
ncols         660
nrows         338
xllcorner     1476100.0
yllcorner     5017100.0
cellsize      100
NODATA_value  -9.9e-20
[rows 216 to 242 of 338, columns 300 to 359 of 660]
11.361095 11.361095 11.361095 8.810587 8.810587 8.810587 8.810587 9.755575 9.755575 12.540163 12.540163 12.540163 7.7433324 7.7433324 7.7433324 7.7433324 11.517372 10.581614 11.248861 12.087766 12.087766 12.087766 11.248861 11.248861 10.373465 11.248861 11.248861 9.608111 8.694894 8.694894 8.694894 8.694894 8.694894 8.694894 8.694894 8.694894 10.373465 10.373465 11.248861 11.248861 11.248861 11.248861 12.087766 12.087766 12.087766 12.087766 12.087766 12.087766 11.513103 11.513103 11.513103 11.513103 12.087766 12.087766 12.087766 12.087766 12.087766 12.087766 11.248861 7.354719
11.517372 12.090761 12.090761 12.090761 9.755575 9.755575 8.810587 9.755575 9.755575 9.755575 9.755575 12.540163 7.7433324 7.7433324 7.7433324 7.7433324 11.517372 11.517372 11.248861 11.248861 12.087766 11.248861 10.373465 10.373465 10.373465 10.373465 11.248861 11.248861 8.694894 8.694894 8.694894 8.694894 8.694894 8.694894 8.694894 8.694894 11.248861 11.248861 11.248861 11.248861 11.248861 11.248861 11.248861 12.087766 12.087766 11.248861 11.248861 12.087766 12.087766 11.513103 11.513103 11.513103 12.087766 12.087766 12.087766 11.7534 11.7534 11.7534 11.248861 7.354719
11.517372 12.090761 12.090761 12.090761 9.755575 9.755575 12.090761 9.755575 9.755575 9.755575 9.755575 9.755575 6.9940934 6.9940934 7.7433324 7.7433324 7.501847 7.501847 7.66177 10.980549 12.087766 11.248861 11.248861 10.373465 10.373465 10.373465 11.248861 11.248861 8.694894 8.694894 8.694894 8.694894 8.694894 8.694894 8.694894 11.072711 9.608111 9.608111 12.087766 11.248861 11.248861 11.248861 11.248861 11.248861 11.248861 11.248861 11.248861 12.087766 12.087766 12.087766 12.087766 12.087766 12.087766 12.087766 12.087766 12.087766 12.087766 11.7534 7.565506 7.565506
11.517372 9.755575 9.755575 12.540163 9.755575 9.755575 12.090761 9.755575 9.755575 9.755575 9.755575 8.810587 6.9940934 6.9940934 6.9940934 6.9940934 7.7433324 7.7433324 7.66177 10.980549 10.980549 12.087766 11.248861 11.248861 11.248861 11.248861 11.248861 11.248861 8.694894 8.694894 8.694894 8.694894 8.694894 9.608111 12.087766 11.5131035 11.5131035 12.087766 12.087766 12.087766 12.087766 11.248861 11.248861 11.248861 10.373465 11.248861 11.248861 12.087766 12.087766 12.087766 11.7534 11.7534 12.087766 12.087766 12.087766 12.087766 11.7534 11.248861 7.354719 7.66177
12.540163 12.540163 12.540163 12.540163 12.540163 9.755575 9.755575 8.810587 9.755575 9.755575 9.755575 9.755575 8.810587 8.810587 6.9940934 6.9940934 6.9940934 6.9940934 9.608111 10.980549 10.980549 12.087766 9.608111 9.608111 12.087766 12.087766 12.087766 11.248861 11.248861 8.694894 8.694894 8.694894 8.694894 8.694894 8.694894 9.608111 9.608111 9.608111 9.608111 11.248861 12.087766 11.248861 11.248861 10.373465 10.373465 11.248861 11.248861 12.087766 12.087766 12.087766 11.248861 11.248861 12.087766 12.087766 12.087766 11.7534 11.7534 11.248861 6.805972 7.2146378
12.540163 12.540163 12.540163 12.540163 12.540163 12.540163 9.755575 9.755575 9.755575 9.755575 9.755575 9.755575 8.810587 8.810587 6.9940934 6.9940934 6.9940934 6.9940934 9.608111 9.608111 12.087766 12.087766 10.980549 12.051475 12.087766 9.608111 9.608111 9.608111 8.694894 8.694894 8.694894 8.694894 8.694894 8.694894 8.694894 9.608111 9.608111 9.608111 9.608111 11.5131035 11.5131035 12.087766 11.248861 10.373465 10.373465 11.248861 12.087766 12.087766 12.087766 11.248861 11.248861 11.248861 11.248861 11.248861 12.087766 11.7534 11.248861 7.354719 6.805972 6.805972
12.540163 12.540163 12.540163 12.540163 12.540163 12.540163 12.540163 12.540163 9.755575 9.755575 9.755575 9.755575 9.755575 6.9940934 6.9940934 6.9940934 6.9940934 9.755575 9.608111 9.608111 12.087766 12.087766 10.980549 12.051475 11.248861 9.608111 9.608111 9.608111 9.608111 8.694894 8.694894 8.694894 8.694894 8.694894 8.694894 8.694894 8.694894 8.694894 8.694894 11.5131035 10.373465 10.373465 10.373465 10.373465 11.248861 11.248861 12.087766 12.087766 11.248861 11.248861 11.248861 11.248861 11.248861 11.248861 12.087766 11.7534 9.608111 6.805972 6.805972 6.805972
12.540163 12.540163 12.540163 12.540163 12.540163 12.540163 12.540163 12.540163 12.540163 12.540163 9.755575 9.755575 9.755575 6.9940934 6.9940934 6.9940934 6.9940934 9.755575 9.608111 12.087766 12.087766 12.087766 10.980549 12.087766 9.608111 9.608111 9.608111 9.608111 9.608111 9.608111 8.694894 8.694894 8.694894 8.694894 8.694894 8.694894 8.694894 8.694894 8.694894 11.5131035 10.373465 11.072711 10.373465 11.248861 12.087766 12.087766 11.7534 12.087766 11.248861 11.248861 12.087766 12.087766 11.248861 11.248861 11.248861 11.248861 6.805972 6.805972 6.805972 6.805972
12.540163 12.540163 12.540163 12.540163 12.540163 12.540163 12.540163 12.540163 12.540163 12.540163 12.540163 12.540163 12.540163 6.9940934 6.9940934 6.9940934 6.9940934 9.755575 9.608111 12.087766 12.087766 12.087766 12.087766 12.087766 9.608111 9.608111 9.608111 9.608111 9.608111 9.608111 8.694894 8.694894 8.694894 8.694894 8.694894 8.694894 8.694894 8.694894 9.608111 11.5131035 10.373465 11.072711 11.072711 11.5131035 11.5131035 12.087766 12.087766 12.087766 12.087766 12.087766 12.087766 11.248861 11.248861 11.248861 11.248861 11.248861 6.805972 6.805972 6.805972 6.805972
11.778654 11.778654 11.778654 11.778654 11.778654 11.778654 11.778654 11.778654 12.540163 12.540163 12.540163 12.540163 12.540163 7.7433324 6.9940934 6.9940934 6.9940934 9.755575 9.608111 11.248861 11.248861 11.248861 11.248861 11.248861 11.248861 11.248861 9.608111 9.608111 9.608111 9.608111 8.694894 8.694894 8.694894 8.694894 8.694894 8.694894 8.694894 8.694894 9.608111 12.087766 11.5131035 11.5131035 11.5131035 11.5131035 12.087766 10.980549 12.087766 12.087766 12.087766 12.087766 11.7534 11.248861 11.248861 11.248861 11.248861 9.608111 6.805972 6.805972 6.805972 6.805972
11.778654 11.778654 11.778654 11.778654 12.540163 12.540163 12.540163 11.778654 11.778654 12.540163 12.540163 12.540163 12.540163 12.540163 7.7433324 7.7433324 6.9940934 9.755575 9.608111 11.248861 11.248861 11.248861 11.248861 10.373465 11.248861 11.248861 12.087766 11.7534 9.608111 9.608111 8.694894 8.694894 8.694894 8.694894 8.694894 8.694894 8.694894 8.694894 9.608111 12.087766 12.087766 11.5131035 11.5131035 11.5131035 12.087766 10.980549 12.087766 12.087766 12.087766 12.087766 11.7534 11.248861 11.248861 11.248861 12.087766 9.608111 9.608111 6.805972 6.805972 6.805972
12.540163 12.540163 12.540163 12.540163 12.540163 12.540163 12.540163 12.540163 11.778654 12.540163 12.540163 12.540163 12.540163 12.540163 11.778654 11.778654 6.9940934 9.755575 9.608111 11.248861 11.248861 11.248861 11.248861 11.248861 11.248861 12.087766 12.087766 12.087766 11.7534 9.608111 9.608111 8.694894 8.694894 8.694894 8.694894 8.694894 8.694894 8.694894 9.608111 11.248861 11.248861 11.5131035 11.5131035 10.373465 11.248861 10.980549 12.087766 12.087766 12.087766 12.087766 12.087766 12.087766 12.087766 11.248861 11.248861 12.087766 9.608111 6.805972 6.805972 6.805972
12.540163 12.540163 12.540163 12.540163 12.540163 12.540163 12.540163 11.778654 11.778654 11.778654 12.540163 11.778654 11.778654 11.778654 11.778654 11.778654 11.778654 12.540163 9.608111 11.248861 11.248861 11.248861 11.248861 12.087766 12.087766 12.087766 12.087766 12.087766 12.087766 9.608111 9.608111 9.608111 8.694894 8.694894 8.694894 8.694894 8.694894 8.694894 8.694894 9.608111 8.694894 10.373465 11.248861 10.373465 9.608111 11.248861 10.980549 12.087766 12.087766 12.087766 12.087766 12.087766 11.248861 11.248861 11.248861 12.087766 9.608111 9.608111 6.805972 6.805972
12.540163 12.540163 12.540163 12.540163 12.540163 12.540163 12.540163 11.778654 11.778654 11.778654 11.778654 11.778654 11.778654 11.778654 11.778654 11.778654 11.778654 11.778654 12.087766 11.248861 12.087766 12.087766 12.087766 12.087766 12.087766 12.087766 12.087766 12.087766 12.087766 12.087766 9.608111 9.608111 9.608111 8.694894 8.694894 8.694894 8.694894 8.694894 8.694894 10.373465 8.694894 11.7534 12.087766 9.608111 9.608111 11.248861 11.248861 12.087766 12.087766 12.087766 12.087766 12.087766 11.248861 11.248861 11.248861 9.608111 8.694894 8.694894 9.608111 9.608111
12.540163 12.540163 12.540163 12.540163 12.540163 12.540163 11.778654 11.778654 11.778654 11.778654 11.778654 11.778654 11.778654 11.778654 11.778654 11.778654 11.778654 12.540163 12.087766 12.087766 12.087766 12.087766 12.087766 12.087766 12.087766 12.087766 12.087766 12.087766 12.087766 12.087766 12.087766 12.087766 9.608111 9.608111 9.608111 8.694894 8.694894 8.694894 8.694894 10.373465 10.373465 11.248861 12.087766 12.087766 9.608111 11.7534 11.7534 9.608111 9.608111 9.608111 9.608111 9.608111 9.608111 11.248861 9.608111 9.608111 8.694894 8.694894 9.608111 9.608111
12.540163 12.540163 12.540163 12.540163 12.540163 12.540163 11.778654 11.778654 11.778654 11.778654 11.778654 11.778654 11.778654 11.778654 11.778654 11.778654 11.778654 12.540163 12.087766 12.087766 12.087766 12.087766 12.087766 12.087766 12.087766 12.087766 12.087766 12.087766 12.087766 12.087766 12.087766 12.087766 12.087766 9.608111 9.608111 8.694894 8.694894 8.694894 8.694894 10.373465 10.373465 11.5292015 12.087766 12.087766 10.373465 11.072711 11.072711 9.608111 9.608111 8.694894 9.608111 9.608111 11.248861 11.248861 9.608111 8.694894 8.694894 8.694894 9.608111 9.608111
12.478809 12.540163 12.540163 12.540163 12.540163 12.540163 11.361095 11.361095 11.361095 11.361095 11.778654 11.778654 11.778654 11.778654 11.778654 11.778654 11.361095 12.090761 11.7534 12.087766 12.087766 12.087766 12.087766 12.087766 10.980549 12.087766 12.087766 12.087766 12.087766 12.087766 12.087766 12.087766 12.087766 10.373465 8.694894 8.694894 8.694894 8.694894 8.694894 8.694894 10.373465 11.5131035 12.087766 12.087766 10.373465 11.072711 11.7534 11.7534 9.608111 9.608111 8.694894 9.608111 11.248861 11.248861 9.608111 8.694894 8.694894 8.694894 12.087766 12.087766
12.478809 12.478809 12.540163 12.540163 12.540163 12.540163 11.361095 11.361095 11.361095 11.778654 11.778654 11.778654 11.778654 11.778654 11.778654 11.778654 11.361095 11.361095 11.7534 12.087766 12.087766 12.087766 12.087766 12.087766 0.0 11.7534 11.7534 12.087766 12.087766 12.087766 12.087766 12.087766 12.087766 11.5131035 11.5131035 10.373465 8.694894 8.694894 8.694894 8.694894 8.694894 9.608111 9.608111 12.087766 12.087766 11.7534 11.7534 11.7534 9.608111 9.608111 9.608111 11.248861 11.248861 9.608111 8.694894 11.5131035 11.5131035 11.5131035 12.087766 11.248861
11.698404 12.478809 12.540163 12.540163 12.540163 12.540163 12.540163 11.361095 11.361095 11.778654 11.778654 11.778654 11.778654 11.778654 11.778654 11.778654 11.361095 12.090761 11.7534 12.087766 12.087766 12.087766 12.087766 12.087766 0.0 0.0 11.7534 12.087766 12.087766 12.087766 12.087766 12.087766 12.087766 11.5131035 11.5131035 11.5131035 11.513103 8.694894 8.694894 8.694894 8.694894 8.694894 9.608111 12.087766 12.087766 12.087766 12.087766 9.608111 9.608111 9.608111 9.608111 11.248861 11.248861 12.087766 11.5131035 11.5131035 11.5131035 9.608111 9.608111 11.248861
0.0 0.0 0.0 11.437242 12.540163 12.540163 12.540163 11.778654 11.778654 11.778654 11.778654 11.778654 11.778654 11.778654 11.778654 11.778654 11.778654 12.540163 12.087766 12.087766 12.087766 12.087766 12.087766 0.0 0.0 0.0 10.980549 11.7534 11.7534 12.087766 12.087766 12.087766 12.087766 11.513103 11.513103 11.513103 11.513103 11.072711 11.072711 11.072711 8.694894 8.694894 8.694894 12.087766 12.051475 12.087766 12.087766 9.608111 9.608111 9.608111 9.608111 11.248861 11.248861 12.087766 11.5131035 11.5131035 11.5131035 9.608111 11.248861 11.248861
0.0 0.0 0.0 0.0 11.437242 12.540163 12.540163 12.540163 11.778654 11.778654 11.778654 11.778654 11.778654 11.778654 11.778654 11.778654 11.778654 12.540163 12.087766 12.087766 12.087766 12.087766 12.087766 10.980549 0.0 0.0 10.980549 11.7534 11.7534 11.7534 12.087766 12.087766 12.087766 11.513103 11.513103 11.513103 11.513103 11.072711 11.072711 11.072711 11.513103 11.513103 11.513103 11.426915 12.051475 12.087766 12.087766 9.608111 9.608111 9.608111 12.087766 12.087766 12.087766 9.608111 8.694894 8.694894 8.694894 12.087766 11.248861 11.248861
11.698404 0.0 0.0 0.0 12.540163 12.540163 12.540163 12.540163 12.540163 12.540163 7.7433324 11.778654 11.778654 11.778654 11.778654 11.778654 11.778654 11.778654 12.087766 12.087766 12.087766 12.087766 12.087766 12.087766 0.0 0.0 11.7534 11.7534 11.7534 12.087766 12.087766 12.087766 12.087766 12.087766 11.513103 11.513103 11.513103 11.513103 11.072711 11.072711 11.513103 11.513103 11.513103 11.513103 11.513103 12.087766 12.087766 12.087766 12.087766 12.087766 12.087766 12.087766 12.087766 12.087766 9.608111 9.608111 8.694894 12.087766 9.608111 9.608111
12.478809 12.540163 12.540163 12.540163 12.540163 12.540163 12.540163 12.540163 12.540163 12.540163 7.7433324 7.7433324 7.7433324 7.7433324 7.7433324 11.778654 11.778654 12.540163 12.087766 12.087766 12.087766 12.087766 12.087766 12.087766 11.7534 11.7534 11.7534 12.087766 12.087766 12.087766 12.087766 12.087766 12.087766 11.513103 11.513103 11.513103 11.513103 11.513103 11.513103 11.513103 11.513103 11.513103 11.513103 11.513103 11.513103 11.513103 7.66177 7.2146378 11.5131035 11.5131035 11.5131035 12.087766 11.5131035 8.694894 9.608111 9.608111 9.608111 12.087766 9.608111 9.608111
12.540163 12.540163 12.540163 12.090761 12.090761 12.090761 12.540163 12.540163 12.540163 12.540163 12.540163 7.7433324 7.7433324 7.7433324 7.7433324 7.7433324 11.778654 12.540163 12.087766 12.087766 12.087766 12.087766 12.087766 12.087766 12.087766 12.087766 12.087766 12.087766 12.087766 12.087766 12.087766 12.087766 12.087766 11.513103 11.513103 11.513103 11.513103 11.513103 11.513103 11.513103 11.513103 11.513103 11.513103 11.513103 11.513103 11.513103 7.66177 7.66177 7.66177 11.5131035 11.5131035 12.087766 12.087766 8.694894 8.694894 8.694894 9.608111 9.608111 9.608111 8.694894
12.540163 12.540163 12.540163 12.090761 12.090761 12.090761 12.540163 12.540163 12.540163 12.540163 12.540163 7.7433324 7.7433324 7.7433324 7.7433324 7.7433324 7.7433324 12.540163 12.087766 12.087766 12.087766 7.2146378 12.087766 12.087766 12.087766 12.087766 12.087766 12.087766 12.087766 12.087766 12.087766 12.087766 11.513103 11.513103 11.513103 11.513103 11.513103 11.513103 11.513103 11.513103 11.513103 11.513103 11.513103 11.513103 11.513103 7.66177 7.66177 7.66177 7.66177 11.5131035 11.5131035 12.087766 12.087766 9.608111 8.694894 8.694894 9.608111 9.608111 8.694894 8.694894
12.540163 12.540163 12.540163 11.361095 11.361095 11.517372 12.540163 12.540163 12.540163 12.540163 7.7433324 7.7433324 7.7433324 7.7433324 7.7433324 7.7433324 7.7433324 7.7433324 12.087766 12.087766 12.087766 7.66177 12.087766 12.087766 12.087766 12.087766 12.087766 12.087766 12.087766 12.087766 12.087766 12.087766 11.513103 11.513103 11.513103 11.513103 11.513103 11.513103 11.513103 11.513103 11.513103 11.513103 11.513103 11.513103 11.513103 7.66177 7.66177 7.66177 7.66177 12.087766 12.087766 12.087766 12.087766 11.5131035 8.694894 8.694894 12.087766 9.608111 9.608111 9.608111
12.540163 12.540163 12.540163 12.540163 11.517372 11.517372 12.540163 12.540163 12.540163 12.540163 12.540163 7.6632814 7.6632814 7.6632814 7.7433324 7.7433324 7.7433324 7.6632814 11.7534 12.087766 12.087766 7.66177 11.248861 11.248861 12.087766 12.087766 12.087766 12.087766 10.980549 12.087766 12.087766 11.513103 11.513103 11.513103 11.513103 11.513103 11.513103 11.513103 11.513103 11.513103 11.513103 11.513103 11.513103 11.513103 7.66177 7.66177 7.66177 7.66177 11.248861 12.087766 12.087766 12.087766 11.072711 11.072711 11.072711 10.373465 10.373465 12.087766 12.087766 9.608111
