Export/ASCII/RMeteo_SP_inch/p1/RMeteo_2017_SP3_inch.asc
ncols         660
nrows         338
xllcorner     1476150
yllcorner     5017150
cellsize      100
NODATA_value  -9.9e-20
[rows 270 to 296 of 338, columns 366 to 426 of 660]
4.2645664 4.2645664 4.2645664 4.2645664 4.248811 5.1496058 5.1496058 5.1491127 5.1491127 4.264551 4.264551 4.264551 4.264551 4.264551 4.264551 4.264551 4.264551 4.264551 4.264551 4.264551 4.264551 4.248811 2.3644652 2.3644652 2.365039 2.365039 2.3484354 4.1354885 4.1354885 4.2645664 3.8686614 4.2085156 4.2085156 4.2085156 4.2085156 4.2085156 4.2085156 4.380316 4.380316 4.380316 4.380316 4.380316 4.2085156 4.2085156 4.380316 4.380316 4.380316 4.380316 4.380316 4.380316 4.380316 4.3670497 4.3670497 4.380316 5.303149 5.303149 5.303149 4.380316 4.380316 4.380316 2.317795
4.2645664 4.2645664 4.2645664 4.2645664 4.248811 5.119733 5.1496058 5.1491127 5.1491127 4.264551 4.264551 4.264551 4.264551 4.264551 4.264551 4.264551 4.264551 4.264551 4.264551 4.264551 5.1491127 5.119733 5.1496058 2.365039 2.365039 2.365039 2.005197 2.005197 2.005197 2.005197 1.9982677 4.2085156 4.2085156 4.2085156 4.2085156 4.2085156 4.2085156 4.2085156 4.380316 4.380316 4.380316 4.380316 4.380316 4.2085156 4.380316 4.380316 4.380316 4.380316 4.380316 4.380316 4.380316 4.3670497 4.3670497 4.380316 4.380316 5.303149 5.303149 4.380316 4.380316 4.380316 2.317795
4.248811 4.2645664 4.2645664 4.2645664 4.248811 2.3644652 5.1496058 5.1496058 5.1491127 4.264551 4.264551 4.264551 4.264551 4.264551 4.264551 4.264551 4.264551 4.264551 4.264551 4.264551 5.1491127 5.119733 5.1496058 5.1496058 2.365039 2.365039 2.365039 2.005197 2.005197 2.005197 2.317795 2.317795 4.2085156 4.2085156 4.2085156 4.2085156 4.2085156 4.2085156 4.380316 4.380316 4.380316 4.380316 4.380316 4.2085156 4.2085156 4.380316 4.380316 4.380316 4.380316 4.380316 4.380316 4.380316 4.3670497 4.3670497 4.380316 5.303149 5.303149 4.380316 4.380316 4.380316 2.3177042
4.248811 4.2645664 4.2645664 4.248811 4.248811 2.365039 2.365039 5.1496058 4.264551 4.264551 4.264551 4.264551 4.264551 4.264551 4.264551 4.264551 4.264551 4.264551 4.2645664 4.264551 5.1491127 5.119733 5.119733 5.1496058 5.1496058 2.365039 2.365039 2.365039 2.365039 2.365039 2.3110473 2.3110473 4.2085156 4.2085156 4.2085156 4.2085156 4.2085156 4.2085156 4.2085156 4.2085156 4.380316 4.380316 4.380316 4.2085156 4.2085156 4.380316 4.380316 4.380316 4.380316 4.380316 4.3670497 4.380315 4.3670497 4.3670497 4.380316 5.303149 5.303149 5.303149 4.380316 4.380316 4.3670497
4.248811 4.248811 4.248811 4.248811 4.2645664 2.365039 2.365039 2.365039 2.365039 2.365039 4.264551 4.264551 4.264551 4.264551 4.264551 4.264551 4.264551 4.264551 4.264551 4.264551 4.264551 5.1491127 5.119733 5.119733 5.1496058 2.365039 2.365039 2.365039 2.365039 2.365039 2.317795 2.3110473 4.2085156 4.2085156 4.2085156 4.2085156 4.380316 4.2085156 4.2085156 4.2085156 4.2085156 4.2085156 4.2085156 4.2085156 4.2085156 4.380316 4.380316 4.380316 4.3670497 4.3670497 4.3670497 4.380315 4.3670497 4.3670497 4.380316 5.303149 5.303149 4.380316 4.380316 4.380316 4.3670497
4.248811 4.248811 4.248811 4.248811 2.365039 2.365039 2.365039 2.365039 2.365039 2.365039 4.264551 4.264551 4.264551 4.264551 4.264551 4.264551 4.264551 4.264551 4.264551 4.264551 4.264551 4.264551 5.1491127 5.119733 5.119733 5.1496058 2.365039 2.365039 2.365039 2.365039 2.317795 2.3110473 4.2085156 4.2085156 4.3670497 4.380316 4.380316 4.2085156 4.2085156 4.2085156 4.2085156 4.2085156 4.2085156 4.2085156 4.3670497 4.3670497 4.3670497 4.3670497 4.3670497 4.3670497 4.3670497 4.3670497 4.380316 4.3670497 5.303149 5.303149 5.2609725 4.3670497 4.3670497 4.380316 4.3670497
4.248811 4.248811 4.248811 4.248811 2.365039 2.365039 2.365039 2.365039 2.365039 2.365039 4.264551 4.264551 4.264551 4.264551 4.264551 4.264551 4.2645664 4.2645664 4.264551 4.264551 4.264551 4.264551 4.264551 5.119733 5.119733 5.119733 5.1496058 5.1496058 2.365039 2.365039 2.317795 2.3110473 4.2085156 4.3670497 4.3670497 4.3670497 4.380316 4.380316 4.380315 4.2085156 4.2085156 4.2085156 4.2085156 4.380315 4.3670497 4.3670497 4.3670497 4.3670497 4.3670497 4.3670497 4.3670497 4.3670497 4.3670497 4.3803153 5.303149 5.2609725 4.3670497 4.3670497 4.3670497 4.380316 4.380316
4.248811 4.248811 4.248811 4.248811 2.365039 4.2645664 4.2645664 4.2645664 4.2645664 4.264551 4.264551 4.264551 4.264551 4.264551 4.264551 2.365039 2.365039 4.2645664 4.2645664 4.264551 4.264551 4.264551 4.264551 4.264551 5.119733 5.119733 5.119733 5.1496058 5.1496058 2.365039 2.317795 2.3110473 4.3670497 4.3670497 4.3670497 4.3670497 4.380316 4.380315 4.380315 4.380315 4.380315 4.380315 4.380315 4.380315 4.3670497 4.3670497 4.3670497 4.3670497 4.3670497 4.3670497 4.3670497 4.3670497 4.3803153 4.3670497 5.303149 5.303149 4.3670497 4.3803153 4.3803153 4.3803153 4.380316
4.248811 4.248811 4.248811 4.248811 4.2645664 4.2645664 4.2645664 4.2645664 4.2645664 4.264551 2.365039 4.264551 4.264551 5.1491127 5.1491127 2.365039 2.365039 4.2645664 4.2645664 4.264551 4.264551 4.264551 4.264551 5.1491127 5.1491127 5.119733 5.119733 5.1496058 2.365039 2.365039 2.317795 2.3110473 2.3177042 2.3177042 2.3177042 2.3177042 2.317795 4.380316 4.380315 4.380315 4.380315 4.380315 4.380315 4.380315 4.380315 4.3670497 4.3670497 4.3670497 4.3670497 4.2085156 4.2085156 4.3670497 4.3670497 4.3670497 4.3670497 4.3803153 4.380316 4.3803153 4.3803153 4.3803153 4.380316
4.248811 4.248811 4.248811 4.248811 4.2645664 4.2645664 4.2645664 4.2645664 4.2645664 4.2645664 2.365039 2.365039 2.365039 5.1491127 5.1496058 5.1496058 2.365039 2.365039 4.2645664 4.264551 4.264551 5.1491127 5.1491127 5.1491127 5.1496058 5.1496058 5.119733 5.119733 2.3644652 2.365039 2.317795 2.3177042 2.3110473 2.3110473 2.317795 2.317795 2.317795 2.317795 2.317795 2.317795 4.380315 4.380316 4.380316 4.380315 4.380315 4.2085156 4.2085156 4.2085156 4.2085156 4.2085156 4.2085156 4.3670497 4.3670497 4.3670497 4.3670497 4.3803153 4.380316 4.380316 4.380316 4.380316 4.380316
4.248811 4.248811 4.2645664 4.2645664 4.2645664 4.2645664 4.2645664 4.2645664 4.2645664 5.1496058 2.365039 2.365039 2.365039 5.1496058 5.1496058 5.1496058 2.365039 2.365039 4.2645664 5.1491127 5.1491127 5.1491127 5.1496058 5.1496058 5.1496058 5.1496058 5.1496058 5.119733 5.119733 2.3644652 2.3177042 2.3177042 2.317795 2.317795 2.317795 2.317795 2.317795 2.317795 2.317795 2.317795 4.380316 4.380316 4.380316 4.380316 4.380315 4.2085156 4.2085156 4.2085156 4.2085156 4.2085156 4.2085156 4.2085156 4.2085156 4.3670497 4.3670497 4.3803153 2.3177042 4.380316 4.380316 4.380316 4.380316
4.248811 4.248811 2.365039 4.2645664 4.2645664 4.2645664 4.264551 4.2645664 4.2645664 5.1496058 2.365039 2.005197 2.365039 5.1496058 5.1496058 5.1496058 5.1496058 0.0 2.365039 5.1491127 5.1496058 5.1496058 5.1496058 5.1496058 5.1496058 5.1496058 5.1496058 5.1496058 5.1496058 5.119733 5.2609725 2.3177042 2.3177042 2.3177042 2.3177042 2.317795 2.317795 2.317795 2.317795 2.317795 2.317795 4.380316 4.380316 4.380316 4.3670497 4.3670497 4.3670497 4.3670497 4.2085156 4.2085156 4.2085156 4.2085156 4.2085156 4.2085156 4.3670497 2.3177042 2.3177042 2.317795 2.317795 2.317795 2.317795
4.248811 4.248811 2.365039 4.248811 4.2645664 4.264551 4.264551 4.264551 4.2645664 5.1496058 2.365039 4.2645664 4.2645664 5.1496058 5.1496058 5.1496058 5.1496058 5.1496058 5.1496058 5.1496058 5.1496058 5.1496058 5.1496058 5.1496058 5.1496058 5.1496058 5.1496058 5.1496058 5.1496058 5.119733 5.2609725 4.3670497 4.3670497 4.3670497 5.2609725 2.317795 2.317795 2.317795 2.317795 2.317795 2.317795 4.380315 4.380315 4.2085156 4.2085156 4.3670497 4.3670497 4.3670497 4.3670497 4.2085156 4.2085156 4.2085156 4.2085156 4.2085156 4.3670497 2.3177042 2.3177042 2.317795 2.317795 2.317795 2.317795
4.248811 4.2645664 4.2645664 4.248811 4.2645664 4.264551 5.1491127 5.1491127 5.1496058 5.1496058 4.2645664 4.2645664 4.2645664 5.1496058 5.1496058 5.1496058 5.1496058 5.1496058 5.1496058 5.1496058 5.1496058 5.1496058 5.1496058 5.1496058 5.1496058 5.1496058 5.1496058 5.1496058 5.1496058 5.119733 4.3670497 4.3670497 4.3670497 5.2609725 5.2609725 5.303149 5.303149 2.317795 2.317795 2.317795 2.317795 4.380315 4.380315 4.380315 4.2085156 4.3670497 4.3670497 4.3670497 4.3670497 4.3670497 4.2085156 4.2085156 4.2085156 4.2085156 2.3177042 2.3177042 2.3177042 2.317795 2.317795 2.317795 2.317795
2.365039 4.2645664 4.2645664 4.2645664 4.2645664 4.2645664 4.264551 5.119733 4.2645664 4.2645664 4.2645664 4.2645664 4.2645664 3.7245667 5.1496058 5.1496058 5.1496058 5.1496058 5.1496058 5.1496058 5.1496058 5.1496058 5.1496058 5.1496058 5.1496058 5.1496058 5.1496058 5.1496058 5.1496058 5.119733 5.2609725 5.2609725 4.3670497 5.2609725 5.2609725 5.2609725 5.303149 5.303149 2.317795 2.317795 2.317795 2.317795 4.380315 4.3670497 4.3670497 4.3670497 4.3670497 4.3670497 4.3670497 4.3670497 4.2085156 4.2085156 4.3670497 4.3670497 2.3177042 2.317795 2.3177042 2.317795 2.317795 2.317795 2.317795
2.3644652 4.248811 4.2645664 4.2645664 4.2645664 4.248811 4.2645664 5.1496058 4.2645664 4.2645664 4.2645664 4.2645664 4.2645664 4.2645664 5.1496058 5.1496058 5.1496058 5.1496058 5.1496058 5.1496058 5.1496058 5.1496058 5.1496058 5.1496058 5.1496058 5.1496058 5.1496058 5.1496058 5.119733 5.119733 5.2609725 5.2609725 4.3670497 5.2609725 5.2609725 5.2609725 5.2609725 5.303149 5.303149 2.317795 2.317795 2.317795 4.380315 4.3670497 4.3670497 4.3670497 4.3670497 5.2609725 5.2609725 4.3670497 4.3670497 4.3670497 4.3670497 4.3670497 2.317795 2.317795 2.3177042 2.317795 2.317795 5.303149 5.3002076
5.119733 4.248811 4.248811 4.2645664 4.248811 4.248811 4.248811 5.1496058 4.2645664 4.2645664 4.2645664 4.2645664 4.2645664 5.1496058 4.4296064 5.1496058 5.1496058 5.1496058 5.1496058 5.1496058 5.1496058 5.1496058 5.1496058 5.1496058 5.1496058 5.1496058 5.1496058 5.1496058 5.119733 5.119733 4.60378 5.2609725 4.3670497 4.3670497 4.3670497 5.2609725 5.2609725 5.303149 2.317795 2.317795 2.317795 2.317795 4.380316 4.3670497 4.3670497 4.3670497 4.3670497 5.2609725 5.2609725 4.3670497 4.3803153 4.3670497 4.3670497 4.3670497 2.317795 2.3177042 2.317795 4.3803153 5.303149 5.303149 5.3002076
2.365039 2.3644652 4.248811 4.248811 4.248811 5.119733 5.119733 4.2645664 4.2645664 4.2645664 4.2645664 4.2645664 4.2645664 5.1496058 4.4296064 5.1496058 5.1496058 5.1496058 5.1496058 5.1496058 5.1496058 5.1496058 5.1496058 5.1496058 5.1496058 5.1496058 5.1496058 5.1491127 5.119733 4.264551 5.3002076 5.2609725 5.2609725 5.2609725 5.2609725 5.2609725 5.303149 2.317795 2.317795 2.317795 2.317795 2.317795 4.380316 4.380316 5.303149 5.303149 5.2609725 5.303149 4.9099693 4.9099693 4.3670497 4.3670497 4.3670497 4.3670497 2.317795 2.317795 4.380315 4.3670497 5.2609725 5.303149 5.3002076
2.3644652 5.119733 5.119733 4.248811 5.119733 5.119733 5.119733 4.2645664 4.2645664 4.2645664 4.2645664 4.2645664 4.2645664 5.1496058 5.1496058 5.1496058 5.1496058 5.1496058 5.1496058 5.1496058 5.1496058 5.1496058 5.1496058 5.1496058 5.1496058 5.1496058 5.1491127 4.803826 4.803826 4.248811 5.2609725 5.2609725 5.2609725 5.2609725 5.2609725 4.9099693 2.3110473 2.317795 2.317795 4.380316 2.317795 4.380316 4.380316 4.380316 5.303149 5.303149 5.303149 5.303149 5.303149 5.303149 4.2085156 4.3670497 4.3670497 4.3670497 4.380315 4.380315 5.3002076 5.303149 5.303149 5.303149 5.303149
4.248811 4.248811 5.119733 5.119733 5.119733 5.119733 5.1496058 5.1496058 4.2645664 4.2645664 4.2645664 4.2645664 4.2645664 5.1496058 5.1496058 5.1496058 5.1496058 5.1496058 5.1496058 5.1496058 5.1496058 5.1496058 5.1496058 5.1496058 5.1496058 5.119733 5.119733 4.803826 4.803826 4.248811 5.2609725 5.2609725 5.2609725 5.2609725 5.303149 2.3110473 2.317795 4.380316 4.380316 4.380316 4.380316 4.380316 4.380316 4.380316 5.303149 5.303149 5.303149 5.303149 5.303149 5.303149 4.380316 4.3670497 4.3670497 4.380316 4.380315 5.3002076 5.3002076 5.303149 5.303149 5.303149 5.303149
4.248811 4.248811 4.248811 4.248811 5.119733 5.119733 5.1496058 5.1496058 4.2645664 4.2645664 4.2645664 4.2645664 4.2645664 5.1496058 5.1496058 5.1496058 5.1496058 5.1496058 5.1496058 5.1496058 5.1496058 5.1496058 5.1496058 5.1496058 5.119733 5.1491127 5.119733 4.248811 4.248811 5.119733 5.2609725 4.60378 5.2609725 5.303149 5.303149 2.317795 4.380316 4.380316 4.380315 4.380315 4.380316 4.380316 4.380316 4.380316 2.317795 5.303149 5.303149 5.303149 5.303149 5.303149 4.380316 4.380316 4.380316 4.380316 4.380316 5.303149 5.303149 5.303149 5.303149 5.303149 5.303149
4.248811 4.248811 4.248811 4.248811 5.119733 5.1496058 5.119733 5.1496058 4.2645664 4.2645664 4.2645664 4.2645664 4.2645664 4.2645664 5.1496058 5.1491127 5.1491127 5.1496058 5.1496058 5.1496058 5.1496058 5.1496058 5.1496058 5.119733 5.1491127 5.1491127 5.119733 5.119733 4.248811 5.119733 5.2609725 5.303149 5.303149 5.3002076 5.303149 2.317795 4.380316 4.380316 4.380316 4.380316 4.380316 4.380316 2.317795 2.317795 2.317795 5.303149 5.303149 5.303149 5.303149 5.303149 4.380316 4.380316 4.380316 4.380316 4.380316 5.303149 5.303149 5.303149 5.303149 5.303149 5.303149
4.248811 5.119733 5.119733 5.119733 5.1496058 5.119733 5.119733 5.1496058 4.2645664 4.2645664 4.2645664 4.2645664 4.2645664 4.2645664 5.1496058 5.1491127 5.1491127 5.1491127 5.1496058 5.1496058 5.1496058 5.1496058 5.119733 5.119733 5.1491127 4.264551 4.248811 4.248811 5.119733 5.119733 5.2609725 5.3002076 5.303149 5.303149 5.303149 2.317795 2.317795 2.317795 2.317795 2.317795 2.317795 2.317795 2.3110473 2.317795 2.317795 4.9099693 5.303149 5.303149 5.303149 5.303149 5.303149 4.380316 4.380316 4.380316 4.380316 5.303149 5.303149 5.303149 5.303149 5.303149 5.303149
4.264551 5.1491127 5.1496058 5.1496058 5.1496058 5.1496058 5.119733 5.119733 4.2645664 4.2645664 4.2645664 5.1496058 5.1496058 5.1496058 5.1496058 5.1491127 5.1491127 5.1496058 5.1496058 5.1496058 5.1496058 5.119733 5.119733 5.119733 5.1496058 5.119733 4.248811 4.248811 5.119733 5.119733 5.2609725 5.3002076 5.303149 5.303149 5.303149 2.317795 2.317795 2.317795 2.317795 2.317795 2.317795 2.317795 2.3110473 2.3110473 2.3110473 2.3110473 4.9099693 5.303149 5.303149 5.303149 5.303149 5.303149 4.380316 4.380316 4.380316 5.303149 5.303149 5.303149 5.303149 5.303149 5.303149
4.2645664 5.1496058 5.1496058 5.1496058 5.1496058 4.803826 5.119733 5.119733 4.803826 5.1496058 5.1496058 5.1496058 5.1496058 5.1496058 5.1496058 5.1496058 5.1496058 5.1496058 5.1496058 5.1496058 5.1496058 5.119733 5.119733 5.1496058 5.119733 5.119733 4.248811 4.248811 5.119733 5.119733 5.303149 5.303149 5.2609725 5.2609725 5.2609725 5.2609725 5.2609725 5.2609725 5.303149 5.303149 5.303149 5.303149 5.303149 2.3110473 2.3110473 2.3110473 5.303149 5.303149 5.303149 5.303149 5.303149 5.303149 5.303149 5.303149 4.380316 4.380316 5.303149 5.303149 5.303149 5.303149 5.303149
4.2645664 4.2645664 4.2645664 4.2645664 5.1496058 4.803826 4.803826 5.1491127 5.1491127 5.1491127 5.1496058 5.1496058 5.1496058 5.1496058 5.1496058 5.1496058 5.1496058 5.1496058 5.1496058 5.1496058 5.1496058 5.119733 5.119733 5.119733 5.119733 5.119733 4.248811 4.248811 4.248811 5.119733 5.2609725 5.2609725 5.2609725 5.303149 5.303149 5.303149 5.2609725 5.2609725 5.303149 5.303149 5.303149 5.303149 5.303149 5.303149 1.9982677 2.317795 2.317795 5.303149 5.303149 5.2609725 5.303149 5.303149 5.303149 5.303149 5.303149 5.3002076 5.3002076 5.303149 5.303149 5.303149 5.303149
4.2645664 4.2645664 4.2645664 4.2645664 5.1496058 5.1496058 4.803826 5.1491127 4.264551 5.1491127 5.1496058 5.1496058 5.1496058 5.1496058 5.1496058 5.1496058 5.1496058 5.1496058 5.1496058 5.1496058 5.1496058 5.119733 5.119733 5.119733 5.119733 4.248811 4.248811 4.248811 4.248811 4.248811 5.2609725 5.2609725 5.2609725 5.303149 5.2609725 5.303149 5.303149 5.303149 5.303149 5.303149 5.303149 5.303149 5.303149 5.303149 2.317795 2.317795 2.317795 5.303149 5.3002076 5.3002076 5.303149 5.303149 5.303149 5.303149 5.303149 5.3002076 5.3002076 5.303149 5.303149 5.303149 5.303149
