Export/ASCII/RMeteo_SP_inch/p1/RMeteo_2017_SP3_inch.asc
ncols         660
nrows         338
xllcorner     1476150
yllcorner     5017150
cellsize      100
NODATA_value  -9.9e-20
[rows 162 to 188 of 338, columns 549 to 609 of 660]
5.0992126 6.086614 6.086614 6.086614 6.086614 6.724408 6.724408 6.724408 6.724408 6.724408 6.724408 3.1086621 3.1086621 3.1086612 3.1086612 3.1086621 3.1086621 3.1086621 3.1086621 3.1086621 3.1086621 3.1086621 3.1086621 3.1086621 3.1086621 3.1086621 6.724409 6.724409 6.724408 6.724408 6.724408 6.724408 6.724408 6.724408 6.724408 6.696827 6.696827 6.696827 6.724408 6.724408 6.724408 6.724408 6.724408 5.484252 5.484252 5.484251 5.484251 5.484251 5.484251 5.484251 5.484251 5.484251 5.484251 5.484251 5.484251 5.484251 5.484251 5.484251 5.484251 5.4799294 5.4799294
5.0992126 6.086614 6.086614 6.086614 6.086614 6.724408 6.724408 6.724408 6.724408 6.724408 6.724408 3.1086621 3.1086621 3.1086621 3.1086621 3.1086621 3.1086621 3.1086621 3.1086621 3.1086621 3.1086621 3.1086621 3.1086621 3.1086621 3.1086621 6.724408 6.724408 6.724408 6.724408 6.724408 6.724408 6.724408 6.724408 6.724408 6.696827 6.295864 6.295864 6.295864 6.724408 6.724408 6.724408 6.724408 5.484251 5.484251 5.484251 5.484251 5.484251 5.484251 5.484251 5.484251 5.484251 5.484251 5.484251 5.484251 5.484251 5.484251 5.484251 5.484251 5.484251 5.4799294 5.4799294
5.0992126 6.086614 6.086614 6.086614 6.086614 6.724408 3.1086621 3.1086621 3.1086621 3.1086621 6.724408 3.1086621 3.1086621 3.1086621 3.1086621 3.1086621 3.1086621 3.1086621 3.1086621 3.1086621 3.1086621 3.1086621 3.1086621 3.1086621 3.1086621 6.724408 6.724408 6.724408 6.724408 6.724408 6.724408 6.724408 6.724408 6.724408 6.724408 6.295864 6.295864 6.295864 6.295864 6.724408 6.724408 5.484251 5.484251 5.484251 5.484251 5.484251 5.484251 5.484251 5.484252 5.484252 5.484252 5.484251 5.484251 5.484251 5.484251 5.484251 5.484251 5.484251 5.484251 5.484251 6.724408
6.086614 6.086614 6.086614 6.086614 6.086614 6.724408 3.1086621 3.1086621 3.1086621 3.1086621 3.1086621 3.1086621 3.1086621 3.1086621 3.1086621 3.1086621 3.1086621 3.1086621 3.1086621 3.1086621 3.1086621 3.1086621 3.1086621 3.1086621 6.724408 6.724408 6.724408 6.724408 6.724408 6.724408 6.724408 6.724408 6.724408 6.724408 6.724408 6.295864 6.295864 6.295864 6.295864 6.724408 6.724408 5.4799294 5.4799294 5.484251 5.484251 5.484251 5.484251 5.484252 5.484252 5.484252 5.484252 5.484251 5.484251 5.484251 5.484251 5.484251 5.484251 5.484251 5.484251 5.484251 6.724408
6.086614 6.086614 6.086614 6.086614 6.086614 6.724408 3.1086621 3.1086621 3.1086621 3.1086621 3.1086621 3.1086621 3.1086621 3.1086621 3.1086621 3.1086621 3.1086621 3.1086621 3.1086621 3.1086621 3.1086621 3.1086621 3.1086621 6.724408 6.724408 6.724408 6.724408 6.724408 6.724408 6.724408 6.724408 6.724408 6.724408 6.724408 6.724408 6.724408 6.724408 6.724408 6.724408 6.724408 5.4799294 5.4799294 5.4799294 5.484251 5.4799294 5.4799294 5.484251 5.484251 5.484252 5.484252 5.484251 5.484251 5.484251 5.484251 5.484251 5.484251 5.484251 5.484251 5.484251 5.484251 6.724408
6.086614 6.086614 6.086614 6.086614 6.086614 6.724408 3.1086621 3.1086621 3.1086621 3.1086621 3.1086621 3.1086621 3.1086621 3.1086621 3.1086621 3.1086621 3.1086621 3.1086621 3.1086621 3.1086621 3.1086621 3.1086621 3.1086621 6.724408 6.724408 6.724408 6.724408 6.724408 6.724408 6.724408 6.724408 6.724408 6.724408 6.724408 6.724408 6.724408 6.724408 6.724408 6.724408 6.724408 5.484252 5.484251 5.484251 5.484251 5.484252 5.484252 5.4799294 5.484251 5.484252 5.484251 5.484251 5.484251 5.484251 5.484251 5.484251 5.484251 5.484251 5.484251 5.484251 5.484251 6.724408
6.086614 6.086614 6.086614 6.059532 6.059532 6.724408 3.1086621 3.1086621 3.1086621 3.1086621 3.1086621 3.1086621 3.1086621 3.1086621 3.1086621 3.1086621 3.1086621 3.1086621 3.1086621 3.1086621 3.1086621 3.1086621 3.1086621 6.724408 6.724408 6.724408 6.724408 6.724408 6.724408 6.696827 6.724408 6.724408 6.724408 6.724408 6.724408 6.724408 6.724408 6.724408 6.724408 5.484252 5.484252 5.484251 5.484251 5.484251 5.484251 5.484252 5.4799294 5.484251 5.484251 5.484251 5.484251 5.484251 5.484251 5.484251 5.484251 5.484251 5.484251 5.484251 5.484251 5.484251 6.724408
6.086614 6.086614 6.086614 6.059532 6.059532 3.1086621 3.1086621 3.1086621 3.1086621 3.1086621 3.1086621 3.1086621 3.1086621 3.1086621 3.1086621 3.1086621 3.1086621 3.1086621 3.1086621 3.1086621 3.1086621 6.724408 6.724408 6.724408 6.724408 6.724408 6.724408 6.724408 6.724408 6.696827 6.696827 6.724408 6.724408 6.724408 6.724408 5.484251 5.484251 5.484251 5.484251 5.484252 5.484252 5.484251 5.484251 5.484251 5.484251 5.484252 5.484252 5.484251 5.484251 5.484251 5.484251 5.484251 5.484251 5.484251 5.484251 5.484251 5.484251 5.484251 5.484251 6.724408 6.724408
5.7025394 5.7025394 6.086614 6.086614 6.086614 3.1086621 3.1086621 3.1086621 3.1086621 3.1086621 3.1086621 3.1086621 3.1086621 3.1086621 3.1086621 3.1086621 3.1086621 3.1086621 3.1079676 3.1079676 6.724408 6.724408 6.724408 6.724408 6.724408 6.724408 6.724408 6.724408 5.8244095 6.724409 6.696827 6.696827 6.724408 5.484251 5.484251 5.484251 5.484251 5.484251 5.484251 5.484251 5.484251 5.484251 5.484251 5.484251 5.484251 5.484251 5.484251 5.484251 5.484251 5.484251 5.484251 5.484251 5.484251 5.484251 5.484251 5.484251 5.484251 5.484251 5.484251 6.724408 6.724408
5.7025394 5.7025394 6.086614 6.086614 6.086614 3.1086621 3.1086621 3.1086621 3.1086621 3.1086621 3.1086621 3.1086621 3.1086621 3.1086621 3.1086621 3.1086621 3.1086621 3.1086621 3.1086621 3.1086621 6.724408 6.724408 6.724408 6.724408 6.724408 6.724408 6.724408 6.724408 6.724408 6.696827 6.696827 6.696827 5.484251 5.484251 5.484251 5.484251 5.484251 5.484251 5.484251 5.484251 5.484251 5.484251 5.484251 5.484251 5.484251 5.484251 5.484251 5.484252 5.484252 5.484251 5.484251 5.484251 5.484251 5.484251 5.484251 5.484251 5.484251 5.484251 5.484251 5.484251 6.724408
5.7025394 5.7025394 6.086614 6.086614 6.086614 3.1086621 3.1086621 3.1086621 3.1086621 3.1086621 3.1086621 3.1086621 3.1086621 3.1086621 3.1086621 3.1086621 3.1086621 3.1086621 3.1086621 6.724408 6.724408 6.724408 6.724408 6.724408 6.724408 6.724408 6.724408 6.724408 6.724408 6.696827 5.4799294 5.484251 5.484251 5.484251 5.484251 5.484251 5.484251 5.484251 5.484251 5.484251 5.484251 5.484251 5.484251 5.484251 5.484251 5.484251 5.484251 3.1086612 5.484252 5.484252 5.484251 5.484251 5.484251 5.484251 5.484251 5.484251 5.484251 5.484251 5.484251 5.484251 6.724408
6.059532 6.086614 6.086614 6.086614 6.086614 6.724408 3.1086621 3.1086621 3.1086621 3.1086621 3.1086621 3.1086621 3.1086621 3.1086621 3.1086621 3.1086621 3.1086621 3.1086621 3.1086621 6.724408 6.724408 6.724408 6.724408 6.724408 6.724408 6.724408 6.724408 6.724408 6.724408 5.484251 5.484251 5.484251 5.484251 5.484251 5.484251 5.484251 5.484251 5.484251 5.484251 5.484251 5.484251 5.484251 5.484251 5.484251 5.484251 5.484251 3.1086621 3.1086612 5.484252 5.484252 5.484251 5.484251 5.484251 5.484251 5.484251 5.484251 5.484251 5.484251 5.484251 6.724408 6.724408
6.059532 6.086614 6.086614 5.7025394 5.7025394 6.295864 3.0954137 3.0954137 3.0954137 3.0954137 3.1086621 3.1086621 3.1086621 3.1086621 3.1086621 3.1086621 3.1086621 3.1086621 6.724408 6.724408 6.724408 6.724408 6.724408 6.724408 6.724408 6.724408 6.724408 6.724408 6.724408 5.484251 5.484251 5.484251 5.484251 5.484251 5.484251 5.484251 5.484251 5.484251 5.484251 5.484251 5.484251 5.484251 5.484251 5.484252 5.484251 3.1086621 3.1079676 3.1086621 3.1086621 5.484251 5.484251 5.484251 5.484251 5.484251 5.484251 5.484251 5.484251 5.484251 6.724408 6.724408 6.724408
6.086614 6.086614 5.7025394 5.7025394 4.9107475 5.402985 5.402985 3.0954137 3.0954137 3.0954137 3.0954137 3.1086621 3.1086621 3.1086621 3.1086621 3.1086621 3.1086621 3.1086621 6.724408 6.724408 6.724408 6.724408 6.724408 6.724408 6.724408 6.724408 5.8244095 6.724408 5.484251 5.484251 5.484251 5.484251 5.484251 5.484251 5.484251 5.484251 5.484251 5.484251 5.484251 5.484251 5.484251 5.484251 5.484251 3.1086612 3.1086612 3.1079676 3.1079676 3.1086621 3.1086621 3.1086621 5.484251 5.484251 5.484251 5.484251 5.484251 5.484251 5.484251 5.484251 6.724408 6.724408 6.724408
6.086614 6.086614 5.7025394 5.7025394 4.9107475 5.402985 5.402985 6.295864 3.0954137 3.0954137 3.1086621 3.1086621 3.1086621 3.1086621 3.1086621 3.1086621 3.1086621 6.724408 6.724408 6.724408 6.724408 6.724408 6.724408 6.724408 6.724408 6.724408 6.724408 5.484251 5.484251 5.484251 5.484251 5.484251 5.484251 5.484251 5.484251 5.484251 5.484251 5.484251 5.484251 5.484251 5.484251 3.1086621 3.1086621 3.1086612 3.1086612 3.1079676 3.1079676 3.1086621 3.1086621 3.1086621 5.484251 5.484251 5.484251 5.484251 5.484251 5.484251 5.484251 6.724408 5.8244095 6.724408 6.724408
6.059532 6.059532 5.7025394 5.7025394 5.7025394 6.295864 6.295864 6.295864 6.295864 6.724408 6.724408 3.1086621 3.1086621 3.1086621 3.1086621 3.1086621 3.1086621 6.724408 6.724408 6.724408 6.724408 6.724408 6.724408 6.724408 6.724408 6.724408 6.724408 5.484251 5.484251 5.484251 5.484251 5.484251 5.484251 5.484251 5.484251 5.484251 5.484251 5.484251 5.484251 3.1086621 3.1086621 3.1086621 3.1086621 3.1079676 3.1079676 3.1086621 3.1086621 5.484251 5.484251 3.1086621 5.484251 5.484251 5.484251 5.484251 5.484251 5.484251 5.484251 6.724408 6.724408 6.724408 6.724408
6.059532 6.059532 6.059532 5.7025394 5.7025394 6.295864 6.724408 6.724408 6.724408 6.724408 6.724409 6.724409 3.1086621 3.1086621 3.1086621 3.1086621 6.724408 6.724408 6.724408 6.724408 6.724408 6.724408 6.724408 6.724408 6.724408 6.724408 5.484251 5.484251 5.484251 5.484251 5.484251 5.484251 5.484251 5.4799294 3.1079676 3.1079676 3.1086621 3.1086621 3.1086621 3.1086621 3.1086621 3.1086621 3.1086621 3.1079676 3.1079676 3.1086621 3.1086621 5.484251 5.484251 5.484251 3.1079676 5.4799294 5.484251 5.484251 5.484251 5.484251 5.484251 6.724408 6.724408 5.8244095 6.724408
6.059532 6.086614 6.086614 6.086614 6.086614 6.724409 6.724409 6.724409 6.724408 6.724408 6.724409 6.724409 6.724408 3.1086621 3.1086621 3.0954137 6.295864 6.295864 6.724408 6.724408 6.724408 6.724408 6.724408 6.724408 6.724408 6.724408 5.484251 5.484251 5.484251 5.484251 5.484251 5.484251 5.484251 5.4799294 5.4799294 3.1079676 3.1079676 3.1086621 3.1086621 3.1086621 3.1086621 3.1086621 3.1086621 3.1086621 3.1086621 3.1086621 3.1086621 5.484251 5.484251 5.484251 5.4799294 3.1079676 5.4799294 5.4799294 5.4799294 5.484251 5.484251 6.724408 6.724408 6.724408 6.724408
6.086614 6.086614 6.086614 6.086614 6.059532 6.724409 6.724409 6.724409 6.724408 6.724408 6.724408 6.724408 6.724408 3.1086621 3.1086621 3.0954137 6.295864 6.295864 6.724408 6.724408 6.724408 6.724408 6.724408 6.724408 6.724408 5.484251 5.484251 5.484251 5.484251 5.484251 5.484251 5.484251 5.484251 5.4799294 5.4799294 3.1079676 3.1079676 3.1086621 3.1086621 3.1086621 3.1086621 3.1086621 3.1086621 3.1086621 3.1086621 3.1086621 3.1086621 3.1086621 5.484251 5.484251 5.484251 5.4799294 3.1079676 5.4799294 5.4799294 5.4799294 5.484251 5.484251 6.724408 6.724408 6.724408
6.086614 6.086614 6.086614 6.086614 6.059532 6.696827 6.696827 6.696827 6.724408 6.724408 6.724408 6.724408 6.724408 3.1086621 3.1086621 3.1086621 6.724408 6.724408 6.724408 6.724408 6.724408 6.724408 6.724408 6.724408 4.8842516 5.484251 5.484251 5.484251 5.484251 5.484251 5.484251 5.484251 5.484251 3.1079676 3.1079676 3.1079676 3.1086621 3.1086621 3.1086621 3.1086621 3.1086621 3.1086621 3.1086621 3.1086621 3.1086621 3.1086621 3.1086621 3.1086621 3.1086621 5.484251 5.484251 5.4799294 5.4799294 5.4799294 5.4799294 5.484251 5.484251 6.724408 6.724408 6.724408 6.724408
5.5039363 5.5039363 5.5039363 5.5039363 5.5039363 6.2795277 6.2795277 6.2795277 6.2795277 6.2795277 5.1023617 5.1023617 6.2795277 2.9788978 2.9788978 6.2795277 6.2795277 6.2795277 6.2795277 5.379527 5.379527 5.379527 5.379527 5.379527 5.1023617 5.1023617 5.1023617 5.1023617 5.1023617 5.1023617 5.1023617 5.1023617 5.1023617 2.9786186 2.9786186 2.9788978 2.9788978 2.9788978 2.9788978 2.9788978 2.9788978 2.9788978 2.9788978 2.9788978 2.9788978 2.9788978 2.9788978 2.9788978 2.9788978 2.9786186 5.1010604 5.1010604 5.1023617 5.1023617 5.1023617 5.1023617 5.1023617 6.2795277 6.2795277 6.2795277 6.2795277
5.5039363 5.5039363 5.478603 5.5039363 5.5039363 6.2795277 5.1023617 5.1023617 5.1023617 5.1023617 5.1023617 5.1023617 6.2795277 6.2795277 6.2795277 6.2515616 6.2515616 6.2795277 6.2795277 5.379527 6.2795277 5.1023617 5.1023617 5.1023617 5.1023617 5.1023617 5.1023617 5.1023617 5.1023617 5.1023617 5.1023617 2.9788978 2.9788978 2.9788978 2.9786186 2.9788978 2.9788978 2.9788978 2.9788978 2.9788978 2.9788978 2.9788978 2.9788978 2.9788978 2.9788978 2.9788978 2.9788978 2.9788978 2.9788978 2.9786186 2.9786186 2.9786186 5.1010604 5.1023617 5.1023617 5.1023617 5.1023617 6.2795277 6.2795277 6.2795277 6.2795277
5.5039363 5.478603 5.478603 5.478603 5.5039363 5.1023617 5.1023617 5.1023617 5.1023617 5.1023617 5.1023617 5.1023617 6.2795277 6.2795277 6.2795277 6.2515616 6.2515616 6.2515616 6.2795277 6.2795277 5.1023617 5.1023617 5.1023617 5.1023617 5.1023617 5.1023617 5.1023617 5.1023617 5.1023617 5.1023617 2.9788978 2.9788978 2.9788978 2.9788978 2.9788978 2.9788978 2.9788978 2.9788978 2.9788978 2.9788978 2.9788978 2.9788978 2.9788978 2.9788978 2.9788978 2.9788978 2.9788978 2.9788978 2.9788978 5.1023617 2.9786186 2.9786186 2.9786186 5.1010604 5.1010604 5.1023617 5.1023617 6.2795277 6.2795277 6.2795277 6.2795277
5.5039363 5.478603 4.567593 4.5748034 4.5748034 5.1023617 5.1023617 5.1023617 5.1023617 5.1023617 5.102362 5.102362 6.2795277 6.2795277 6.2795277 6.2795277 6.2795277 6.2795277 6.2795277 6.2795277 5.1023617 5.1023617 5.1023617 5.1023617 5.1023617 5.1023617 5.1023617 5.1023617 5.1023617 2.9788978 2.9788978 2.9788978 2.9788978 2.9788978 2.9788978 2.9788978 2.9788978 2.9788978 2.9788978 2.9788978 2.9788978 2.9788978 2.9788978 2.9788978 2.9788978 2.9788978 2.9788978 2.9788978 2.9788978 2.522835 2.9786186 2.9786186 2.9786186 5.054707 5.054707 5.054707 5.1023617 6.2795277 6.2795277 6.2795277 6.2795277
5.5039363 4.5748034 4.5748034 4.5748034 4.5748034 5.1023617 5.1023617 5.1023617 5.1023617 5.102362 5.102362 6.2795277 6.2795277 6.2795277 6.2795277 6.2795277 6.2795277 6.2795277 6.2795277 5.1023617 5.1023617 5.1023617 5.1023617 5.1023617 5.1023617 2.9788978 2.9788978 2.9788978 2.9788978 2.9788978 2.9788978 2.9788978 2.9788978 2.9788978 2.9788978 2.9788978 2.9788978 2.9788978 2.9788978 2.9788978 2.9788978 2.9788978 2.9788978 2.9788978 2.9788978 2.9788978 2.9788978 2.9788978 2.522835 2.9788978 2.9788978 2.9664905 5.054707 5.054707 5.054707 5.054707 5.1023617 6.2795277 6.2795277 6.2795277 6.2795277
5.5039363 4.5748034 4.5748034 4.5748034 4.5748034 5.1023617 5.1023617 5.1023617 5.1023617 5.102362 5.102362 6.2795277 6.2795277 6.2795277 6.2795277 6.2795277 6.2795277 6.2795277 5.1023617 5.1023617 5.1023617 5.1023617 4.5023623 5.1023617 2.9788978 2.9788978 2.9788978 2.9788978 2.9788978 2.9788978 2.9788978 2.9788978 2.9788978 2.9788978 2.9788978 2.9788978 2.9788978 2.9788978 2.9788978 2.9788978 2.9788978 2.9788978 2.9788978 2.9788978 2.9788978 2.9788978 2.9788978 2.9788978 2.9788978 2.9788978 2.9788978 2.9664905 2.9664905 5.054707 5.054707 5.054707 5.1023617 6.2795277 6.2795277 6.2795277 6.2795277
5.5039363 5.5039363 4.5748034 4.5748034 4.5748034 5.1023617 5.1023617 5.1023617 5.1023617 5.1023617 5.102362 6.2795277 6.2795277 6.2795277 6.2795277 6.2795277 6.2795277 5.1023617 5.1023617 5.1023617 5.1023617 5.1023617 2.522835 2.9788978 2.9788978 2.9788978 2.9788978 2.9788978 2.9788978 2.9788978 2.9788978 2.9788978 2.9788978 2.9788978 2.9788978 2.9788978 2.9788978 2.9788978 2.9788978 2.9788978 2.9788978 2.9788978 2.9788978 2.9788978 2.9788978 2.9788978 2.9788978 2.9788978 2.9788978 2.9788978 2.9788978 2.9786186 2.9664905 5.054707 5.054707 5.054707 5.1023617 6.2795277 6.2795277 6.2795277 6.2795277
