Export/ASCII/RMeteo_SP_inch/p1/RMeteo_2015_SP2_inch.asc
ncols         660
nrows         338
xllcorner     1476150
yllcorner     5017150
cellsize      100
NODATA_value  -9.9e-20
[rows 0 to 26 of 338, columns 305 to 365 of 660]
6.978104 4.054639 4.054639 3.9489038 5.522812 5.522812 5.522812 5.522812 5.522812 5.522812 3.9489038 4.106799 4.054639 3.9292824 3.9292824 3.9292824 3.9292824 3.9757938 3.9757938 3.9292824 3.9292824 3.829193 3.829193 5.476654 3.829193 3.829193 4.015317 4.015317 3.829193 5.476654 5.476654 6.54082 6.54082 7.110235 7.110235 6.54082 6.54082 6.54082 6.54082 5.476654 5.476654 5.696216 5.696216 5.696216 5.696216 5.476654 5.476654 5.476654 5.476654 5.476654 5.476654 5.476654 5.762885 5.696216 5.696216 5.476654 5.696216 5.696216 5.696216 5.696216 5.696216
6.978104 4.054639 4.054639 3.9489038 5.522812 5.522812 5.522812 5.522812 5.522812 3.9489038 3.9489038 4.054639 4.054639 3.9757938 3.9757938 3.9292824 3.9292824 3.975795 4.015317 3.9292824 3.9292824 3.9292824 3.829193 3.829193 3.829193 4.015317 3.4195704 3.9292824 3.9292824 5.476654 5.476654 5.476654 6.54082 7.110235 6.54082 6.54082 6.54082 6.54082 5.476654 5.476654 5.476654 5.696216 5.696216 7.015955 5.696216 5.696216 5.696216 5.696216 5.476654 5.476654 5.476654 5.476654 5.696216 5.696216 5.696216 5.7429466 5.476654 5.696216 5.696216 7.015955 7.015955
4.1068 4.1068 3.4916878 3.9489038 5.522812 5.522812 5.522812 5.522812 5.522812 3.9489038 3.9489038 4.054639 4.054639 3.9292824 4.015317 4.015317 3.975795 3.975795 3.9292824 3.9292824 3.9292824 4.015317 4.015317 4.015317 4.015317 4.015317 4.015317 3.9292824 3.9292824 4.015317 3.9292824 6.54082 6.54082 6.54082 6.54082 6.54082 6.54082 6.54082 5.476654 5.476654 5.476654 5.696216 5.696216 7.015955 7.015955 7.015955 5.696216 5.476654 5.476654 5.476654 5.476654 5.476654 5.476654 5.476654 5.696216 5.7429466 5.476654 5.696216 5.696216 7.015955 7.015955
4.106799 4.1068 3.9489038 3.9489038 5.522812 5.522812 5.522812 3.9489038 3.9489038 3.9489038 4.15059 4.106799 4.054639 3.9292824 3.829193 4.015317 4.015317 3.975795 3.975795 3.9292824 3.9292824 3.9292824 4.015317 4.015317 3.9757938 3.9757938 4.015317 4.015317 7.015955 7.015955 7.015955 7.015955 7.110235 6.54082 6.54082 6.54082 6.54082 6.54082 5.7590027 5.7590027 5.7590027 5.476654 5.696216 7.015955 7.015955 7.015955 7.110235 5.476654 5.476654 5.476654 5.476654 5.476654 5.476654 5.476654 7.015955 7.015955 5.696216 7.015955 6.54082 7.015955 7.015955
4.106799 4.054639 3.9489038 3.9489038 5.522812 5.522812 5.735867 4.054639 3.4916878 4.15059 4.15059 4.15059 4.15059 3.829193 3.829193 4.015317 4.015317 3.4195704 3.975795 3.975795 3.9292824 3.9292824 3.9757938 3.9757938 3.9757938 3.9757938 4.015317 4.015317 3.829193 7.015955 7.015955 7.015955 7.015955 6.54082 6.54082 6.54082 6.54082 6.54082 6.54082 6.54082 5.476654 5.476654 5.476654 7.015955 7.015955 7.015955 6.54082 7.015955 5.476654 5.476654 5.476654 5.476654 5.476654 5.476654 6.54082 6.54082 7.015955 6.54082 6.54082 6.54082 7.110235
4.1068 4.054639 3.9489038 3.9489038 5.522812 3.9489038 4.054639 4.054639 3.4916878 4.15059 4.15059 3.9489038 4.15059 4.015317 3.829193 3.829193 4.015317 3.4195704 4.015317 3.9292824 3.9292824 3.9292824 3.9292824 3.9292824 4.015317 3.9757938 4.015317 4.015317 3.829193 7.015955 5.696216 5.696216 5.696216 5.696216 7.015955 6.54082 6.54082 6.54082 6.54082 6.54082 5.476654 5.476654 5.696216 7.015955 6.54082 6.54082 6.54082 5.696216 5.476654 5.476654 5.476654 5.476654 5.696216 5.476654 6.54082 6.54082 6.54082 6.54082 7.110235 7.110235 7.110235
7.059632 4.1068 3.9489038 3.9489038 3.9489038 3.9489038 3.9489038 3.9489038 3.9489038 3.9489038 3.4916878 3.9489038 3.9489038 3.829193 3.829193 3.829193 3.829193 3.4195704 3.4195704 3.9292824 3.9292824 3.9292824 3.9292824 5.696216 3.9292824 3.9292824 4.015317 3.9292824 7.015955 7.015955 5.696216 5.696216 5.696216 5.696216 7.015955 7.015955 7.015955 7.015955 7.110235 7.015955 6.54082 6.54082 7.015955 6.54082 6.54082 6.54082 7.015955 5.696216 5.696216 5.696216 5.476654 5.476654 5.7429466 7.099931 6.54082 6.54082 6.54082 7.099931 7.099931 7.110235 6.54082
7.059632 4.1068 3.4916878 3.4916878 3.4916878 3.4916878 3.4916878 3.4916878 3.9489038 3.9489038 3.9489038 3.9489038 3.9489038 3.829193 4.015317 3.829193 3.4195704 3.4195704 4.015317 3.9292824 3.9292824 3.9292824 3.9292824 3.9292824 3.9292824 3.9292824 3.829193 3.829193 6.54082 5.476654 5.476654 5.696216 5.696216 5.696216 5.696216 7.015955 7.110235 7.110235 7.110235 7.110235 7.110235 7.015955 7.015955 6.54082 6.54082 7.015955 7.015955 7.015955 7.015955 7.110235 6.54082 7.015955 7.015955 7.015955 7.015955 7.015955 7.015955 7.015955 7.110235 6.54082 6.54082
7.070865 3.4916878 3.4916878 3.4916878 3.4916878 3.4916878 3.4916878 3.9489038 3.9489038 3.9489038 3.9489038 3.9489038 3.9489038 3.829193 4.015317 4.015317 3.4195704 4.015317 4.015317 3.9292824 3.9292824 3.9292824 3.9292824 3.9292824 3.9292824 3.9292824 6.54082 6.54082 5.476654 5.476654 5.476654 5.696216 5.696216 5.696216 7.015955 7.015955 7.015955 7.110235 7.110235 7.110235 7.110235 7.015955 5.696216 5.696216 5.476654 5.696216 5.696216 5.696216 7.015955 7.015955 7.110235 7.015955 7.015955 7.015955 7.015955 5.696216 7.015955 7.015955 7.110235 7.110235 6.54082
7.070865 3.4916878 3.4916878 3.4916878 3.4916878 3.4916878 3.4916878 3.9489038 3.9489038 3.4916878 3.4916878 3.4916878 3.9489038 4.015317 4.015317 4.015317 4.015317 4.015317 4.015317 3.9292824 3.9292824 3.9292824 3.9292824 5.696216 3.9292824 3.9292824 6.54082 6.54082 5.476654 5.476654 5.476654 5.696216 5.696216 5.696216 5.696216 5.696216 5.696216 7.015955 7.015955 7.110235 7.015955 7.015955 7.015955 7.015955 6.54082 7.015955 5.696216 5.696216 7.015955 7.015955 7.110235 7.015955 5.696216 7.015955 7.015955 5.696216 5.696216 7.015955 7.110235 5.7590027 7.110235
4.15059 3.4916878 3.4916878 3.4916878 3.4916878 3.4916878 3.4916878 3.9489038 3.4916878 3.4916878 4.15059 4.15059 4.15059 4.015317 4.015317 4.015317 4.015317 4.015317 4.015317 4.015317 3.9757938 3.9757938 3.9292824 5.696216 5.696216 3.9292824 7.110235 7.015955 5.696216 5.696216 5.696216 5.696216 5.696216 5.696216 5.696216 5.696216 5.696216 5.696216 5.696216 7.015955 6.54082 7.015955 7.015955 7.015955 6.54082 6.54082 5.696216 5.696216 5.696216 7.015955 7.015955 7.015955 5.696216 5.696216 5.476654 5.476654 5.696216 7.015955 7.015955 7.015955 7.015955
4.106799 3.4916878 3.4916878 3.4916878 3.4916878 3.4916878 3.4916878 3.4916878 3.4916878 4.15059 4.15059 4.15059 4.1068 3.4195704 3.4195704 3.4195704 3.4195704 3.4195704 4.015317 4.015317 4.015317 4.015317 3.9292824 5.696216 5.696216 3.9292824 6.54082 6.54082 5.696216 5.696216 5.696216 5.696216 5.696216 5.696216 5.696216 5.696216 5.696216 5.696216 5.696216 5.696216 5.696216 5.696216 7.015955 7.015955 6.54082 6.54082 5.476654 5.696216 5.696216 5.696216 5.696216 5.696216 5.696216 5.696216 5.476654 5.476654 5.476654 5.476654 7.015955 7.015955 5.696216
4.106799 4.15059 3.4916878 3.4916878 3.4916878 3.4916878 3.4916878 3.4916878 3.4916878 3.4916878 4.054639 4.1068 4.1068 3.4195704 3.4195704 3.4195704 3.4195704 3.4195704 4.015317 4.015317 4.015317 4.015317 3.9292824 3.9292824 3.9292824 3.829193 3.829193 5.476654 5.696216 5.696216 5.696216 5.696216 5.696216 5.696216 5.696216 5.696216 5.696216 5.696216 5.696216 5.696216 5.696216 5.696216 7.015955 7.015955 6.54082 6.54082 5.476654 5.696216 5.696216 5.476654 5.476654 5.696216 5.696216 5.696216 5.476654 5.476654 5.476654 5.476654 5.696216 5.696216 5.696216
4.054639 4.15059 4.15059 3.4916878 3.4916878 3.4916878 3.4916878 3.4916878 3.4916878 4.054639 4.054639 4.054639 3.4916878 3.4195704 3.4195704 3.4195704 3.4195704 3.4195704 4.015317 4.015317 4.015317 4.015317 4.015317 3.9292824 3.9292824 3.9292824 3.829193 5.476654 5.476654 5.696216 5.696216 5.696216 5.696216 5.696216 5.696216 7.015955 7.015955 7.015955 5.696216 5.696216 5.696216 5.696216 7.015955 7.015955 6.54082 6.54082 5.476654 5.476654 5.476654 5.476654 5.476654 5.476654 5.476654 5.696216 5.476654 5.476654 5.696216 5.476654 5.476654 5.476654 7.015955
4.054639 4.054639 4.15059 3.4916878 3.4916878 3.4916878 3.4916878 3.4916878 3.4916878 4.054639 4.054639 4.054639 4.106799 3.9757938 3.9757938 3.4195704 4.015317 4.015317 4.015317 4.015317 4.015317 4.015317 4.015317 3.9292824 5.696216 3.829193 3.829193 5.476654 5.476654 5.476654 5.696216 5.696216 5.696216 5.696216 5.696216 7.015955 7.110235 7.110235 5.476654 5.696216 5.696216 5.696216 5.696216 5.696216 6.54082 5.476654 5.476654 5.476654 5.476654 5.476654 5.476654 5.476654 5.476654 5.696216 5.696216 5.696216 5.476654 6.54082 6.54082 6.54082 7.015955
4.054639 3.4916878 3.4916878 3.4916878 3.4916878 3.4916878 4.106799 4.106799 3.4916878 3.9489038 3.9489038 3.4916878 4.106799 3.9757938 3.9757938 3.4195704 4.015317 4.015317 3.4195704 3.4195704 4.015317 4.015317 3.9292824 3.9292824 3.9292824 3.9292824 3.9292824 5.476654 5.476654 5.476654 5.696216 5.696216 5.696216 5.696216 5.696216 7.015955 7.015955 7.015955 7.110235 5.7590027 5.696216 5.696216 5.696216 5.696216 5.476654 5.476654 5.476654 5.476654 5.476654 5.476654 5.476654 5.476654 5.476654 5.476654 5.476654 5.476654 5.476654 6.54082 6.54082 7.015955 7.015955
4.054639 4.054639 3.4916878 3.4916878 3.4916878 3.4916878 4.106799 4.106799 3.9489038 3.9489038 3.9489038 3.4916878 4.15059 3.9757938 3.9757938 3.4195704 4.015317 4.015317 4.015317 4.015317 4.015317 4.015317 3.9292824 3.9292824 3.9292824 5.696216 5.696216 5.696216 5.696216 5.696216 5.696216 5.696216 5.696216 5.696216 5.696216 5.696216 7.015955 7.015955 7.015955 7.015955 5.7590027 7.015955 7.015955 7.015955 5.476654 5.476654 5.476654 5.476654 5.476654 5.476654 5.476654 5.476654 5.696216 5.476654 5.476654 5.476654 5.476654 6.54082 7.110235 7.110235 7.015955
4.054639 4.15059 3.4916878 3.4916878 3.4916878 3.4916878 3.4916878 3.4916878 4.106799 3.9489038 4.15059 3.4916878 4.15059 4.015317 4.015317 4.015317 4.015317 3.9292824 3.9292824 4.015317 4.015317 4.015317 3.9757938 4.015317 3.9292824 3.9292824 3.9292824 5.696216 5.696216 5.696216 5.696216 5.696216 5.696216 5.696216 5.696216 5.696216 5.696216 7.015955 7.015955 7.015955 7.015955 7.015955 7.015955 7.015955 7.015955 5.696216 5.476654 5.476654 5.476654 5.476654 5.476654 5.476654 5.476654 5.696216 7.015955 7.015955 5.476654 7.015955 7.015955 7.110235 7.015955
4.15059 4.15059 3.4916878 3.4916878 3.4916878 3.4916878 3.4916878 3.9489038 4.106799 4.106799 4.15059 4.15059 4.15059 4.015317 4.015317 4.015317 4.015317 3.9292824 3.9292824 4.0032234 4.015317 4.015317 4.015317 3.9292824 3.9292824 3.9292824 3.9292824 5.696216 5.696216 7.015955 7.015955 7.015955 5.696216 5.696216 5.696216 5.696216 5.696216 5.696216 5.696216 5.696216 7.015955 7.015955 7.015955 7.015955 7.015955 5.696216 5.476654 5.476654 5.476654 5.476654 5.476654 5.476654 5.476654 5.476654 6.54082 7.015955 5.696216 5.696216 7.015955 7.110235 7.099931
4.15059 3.4916878 3.4916878 3.4916878 3.4916878 3.4916878 3.4916878 3.9489038 3.9489038 4.106799 4.15059 4.15059 4.15059 4.015317 4.015317 4.015317 4.015317 3.9292824 3.9292824 4.0032234 4.015317 4.015317 4.015317 4.015317 3.9292824 3.9292824 3.9292824 5.696216 5.696216 7.015955 7.015955 7.015955 7.015955 5.696216 5.696216 5.696216 5.696216 5.696216 5.696216 7.015955 7.015955 7.015955 5.696216 5.696216 5.696216 5.696216 5.476654 5.476654 5.476654 5.476654 5.476654 5.476654 5.476654 5.476654 6.54082 7.015955 5.696216 5.696216 7.015955 7.015955 7.099931
4.15059 3.4916878 3.4916878 3.4916878 3.4916878 3.4916878 3.4916878 4.15059 4.15059 4.15059 4.15059 4.15059 4.15059 4.015317 4.015317 4.015317 4.0032234 4.0032234 4.0032234 4.0032234 4.015317 4.015317 4.015317 4.015317 3.9292824 3.9292824 3.9292824 7.015955 7.015955 7.015955 7.015955 7.015955 7.015955 5.696216 5.476654 5.7429466 5.696216 7.015955 7.015955 7.015955 7.015955 5.696216 5.696216 5.696216 5.696216 5.696216 5.696216 5.696216 5.476654 5.476654 5.476654 5.476654 5.476654 5.476654 5.476654 7.015955 5.696216 5.696216 5.696216 7.015955 7.110235
3.4916878 4.106799 4.106799 3.4916878 3.4916878 3.4916878 3.4916878 4.15059 4.15059 4.15059 4.15059 4.15059 4.15059 4.015317 4.015317 4.015317 4.0032234 4.0032234 4.0032234 4.0032234 4.015317 4.015317 4.015317 3.975795 3.9292824 3.9292824 3.9292824 7.015955 7.015955 7.015955 7.015955 7.015955 7.015955 5.696216 5.7429466 7.099931 6.54082 7.015955 7.015955 5.696216 5.696216 5.696216 5.696216 5.696216 5.696216 5.696216 5.696216 5.696216 5.476654 5.476654 5.476654 5.476654 5.476654 5.476654 5.476654 7.015955 7.015955 5.696216 5.696216 7.015955 7.110235
3.4916878 4.106799 4.054639 4.054639 3.4916878 3.4916878 3.4916878 4.15059 4.15059 4.15059 4.15059 4.15059 4.15059 4.015317 4.0032234 4.0032234 4.015317 4.015317 4.015317 4.0032234 4.015317 4.015317 3.4195704 4.015317 3.9292824 3.9292824 5.476654 6.54082 7.015955 7.015955 7.015955 7.015955 7.015955 5.696216 5.696216 6.54082 6.54082 7.110235 7.015955 5.696216 5.696216 5.696216 5.696216 5.696216 5.696216 5.696216 5.696216 5.696216 5.476654 6.54082 6.54082 6.54082 6.54082 6.54082 5.476654 7.015955 7.015955 7.015955 7.015955 7.015955 7.110235
3.4916878 3.4916878 4.054639 4.054639 4.054639 4.054639 4.15059 4.15059 4.15059 4.15059 4.15059 4.15059 4.15059 4.015317 4.015317 4.015317 4.015317 4.015317 4.015317 4.015317 4.015317 3.829193 3.829193 4.015317 3.9292824 3.829193 5.476654 5.476654 6.54082 6.54082 6.54082 5.476654 5.476654 5.696216 5.696216 5.476654 6.54082 6.54082 7.015955 5.696216 5.696216 5.696216 5.696216 5.696216 5.696216 5.696216 5.696216 7.015955 6.54082 6.54082 6.1502347 6.1502347 6.1502347 6.54082 7.110235 7.110235 7.015955 7.015955 7.015955 7.110235 7.099931
4.092085 3.4572759 3.4572759 4.092085 3.9865155 3.9865155 4.042431 4.092085 4.092085 4.092085 4.092085 4.092085 4.092085 3.9730062 3.9730062 3.9730062 3.9730062 3.9730062 3.9730062 3.9730062 3.7582521 3.7582521 3.7582521 3.8757591 3.8757591 3.7582521 5.3211727 6.1155443 6.5152197 6.5152197 6.1155443 6.1155443 6.1155443 6.5152197 6.5152197 5.3211727 5.3211727 5.3211727 5.5166645 5.5166645 5.5166645 5.5166645 5.5166645 5.5166645 5.5166645 5.5166645 6.5152197 6.5152197 6.5152197 5.635432 5.635432 5.635432 5.635432 6.59055 6.59055 6.1155443 6.5152197 6.5152197 6.5152197 6.5152197 6.5815115
4.092085 3.4572759 3.4572759 4.092085 4.092085 4.042431 4.042431 4.092085 4.092085 4.092085 4.092085 4.092085 4.092085 3.9730062 3.9730062 3.9730062 3.9730062 3.9730062 3.9730062 3.7582521 3.9274898 3.9274898 3.9274898 3.7582521 3.8757591 5.3211727 6.1155443 6.1155443 6.5815115 6.5815115 6.5815115 6.5815115 6.1155443 6.59055 6.5152197 6.5152197 6.1155443 6.1155443 6.1155443 6.1155443 6.5152197 5.5166645 5.5166645 5.5166645 5.5166645 5.5166645 6.5152197 6.5152197 6.5152197 5.635432 5.635432 5.635432 5.635432 5.635432 6.59055 6.1155443 6.5152197 6.5152197 6.5152197 6.5152197 6.5815115
4.092085 3.4572759 3.4572759 4.092085 4.092085 4.042431 4.042431 3.4572759 4.092085 4.092085 4.092085 4.092085 4.092085 3.9730062 3.9730062 3.9730062 3.9730062 3.9730062 3.9730062 3.7582521 5.5544515 3.9274898 3.9274898 3.8757591 3.8757591 3.8757591 6.5152197 6.1155443 6.1155443 6.1155443 6.5815115 6.5815115 6.59055 6.59055 6.5152197 6.5152197 6.59055 6.59055 6.59055 6.1155443 6.5152197 6.5152197 6.5152197 6.5152197 6.5152197 6.5152197 6.5152197 6.5152197 6.5152197 5.635432 5.635432 6.5152197 6.5152197 6.5152197 6.5152197 6.5152197 6.5152197 6.5152197 5.5166645 5.5166645 6.5152197
