Export/ASCII/RMeteo_SP_inch/p1/RMeteo_2015_SP4_inch.asc
ncols         660
nrows         338
xllcorner     1476100.0
yllcorner     5017100.0
cellsize      100
NODATA_value  -9.9e-20
[rows 243 to 269 of 338, columns 427 to 487 of 660]
4.3582673 4.3582673 4.3582673 4.3582673 4.3582673 4.351353 4.351353 4.133222 4.133222 4.133222 4.133222 3.9864502 3.9864502 3.9864502 3.9864502 3.9864502 3.9864502 4.1669283 4.1669283 4.1669283 4.1669283 4.1669283 4.1669283 4.1669283 3.357166 3.357166 3.357166 3.357166 3.357166 3.357166 4.3582673 4.3582673 4.3582673 4.351353 4.3582683 3.9864502 4.133222 3.9864502 3.9864502 3.9864502 4.1669283 4.1669283 4.133222 4.133222 4.133222 4.133222 4.133222 4.133222 4.213089 4.090153 4.090153 4.090153 4.090153 4.090153 4.090153 4.515748 4.515748 4.515748 4.515748 4.515748 4.515748
4.3582673 4.3582673 4.3582673 4.3582673 4.3582673 4.351353 4.351353 4.351353 4.351353 4.351353 4.133222 3.9864502 4.161336 4.161336 4.161336 3.9864502 3.9864502 3.9864502 4.1669283 4.1669283 4.1669283 4.1669283 4.1669283 4.1669283 3.357166 3.357166 3.357166 3.357166 3.357166 3.357166 3.357166 4.3582673 4.3582673 4.351353 4.351353 4.133222 4.133222 4.133222 4.1669283 4.1669283 4.1669283 4.1669283 4.133222 4.133222 4.133222 4.133222 4.133222 4.133222 4.213089 4.213089 4.213089 4.213089 4.213089 4.090153 4.090153 4.515748 4.515748 4.515748 4.515748 3.8006296 4.5091143
4.3582673 4.3582673 4.3582673 4.3582673 4.3582673 4.3582673 4.3582673 4.3582673 4.3582673 4.3582673 4.1669283 4.1669283 4.161336 4.161336 3.9864502 3.9864502 3.9864502 3.9864502 4.1669283 4.1669283 4.1669283 4.1669283 4.1669283 4.1669283 4.1669283 3.357166 3.357166 3.357166 3.357166 3.357166 3.357166 3.357166 3.357166 4.3582673 4.351353 4.351353 4.133222 4.133222 4.133222 4.1669283 3.5069284 3.5069284 4.133222 4.133222 4.133222 4.133222 4.133222 4.133222 4.213089 4.213089 4.213089 4.213089 4.213089 4.213089 4.090153 4.515748 4.515748 4.515748 4.515748 4.515748 3.8006296
4.3582673 4.3582673 4.3582673 4.3582673 4.3582673 4.3582673 4.3582673 4.3582673 4.3582673 4.3582673 4.3582673 4.1669283 4.1669283 3.9864502 3.9864502 3.9864502 3.9864502 3.9864502 3.9864502 4.1669283 4.1669283 4.1669283 4.1669283 4.1669283 4.1669283 4.1669283 3.357166 3.357166 3.357166 3.357166 3.357166 3.357166 3.357166 3.357166 4.351353 4.351353 4.133222 4.133222 4.1669283 4.1669283 4.1669283 3.5069284 4.133222 4.133222 4.133222 4.133222 4.133222 4.133222 4.213089 4.213089 4.213089 4.213089 4.213089 4.213089 4.090153 4.2259836 4.515748 4.515748 4.515748 4.515748 4.515748
4.3582673 4.3582673 4.3582673 4.3582673 4.3582673 4.3582673 4.3582673 4.3582673 4.3582673 4.3582673 4.3582673 4.3582673 3.9864502 3.9864502 3.9864502 3.9864502 3.9864502 3.9864502 3.9864502 3.9864502 4.1669283 4.1669283 4.1669283 4.1669283 4.1669283 4.1669283 4.1669283 3.357166 3.357166 3.357166 3.357166 3.357166 3.357166 3.357166 3.357166 3.3363814 3.3363814 3.357166 4.1669283 4.1669283 4.1669283 4.1669283 4.133222 4.133222 4.133222 4.133222 4.133222 4.133222 4.213089 4.2259836 4.2259836 4.213089 4.213089 4.213089 4.090153 4.090153 4.515748 4.515748 4.515748 4.515748 4.515748
4.3582673 4.3582673 4.3582673 4.3582673 4.3582673 4.3582673 4.3582673 4.3582673 4.3582673 4.3582673 4.3582673 4.2064176 3.9864502 3.9864502 3.9864502 3.9864502 3.9864502 3.9864502 3.9864502 3.9864502 3.9864502 4.1669283 4.1669283 4.1669283 4.1669283 4.1669283 4.1669283 3.353066 3.357166 3.357166 3.357166 3.357166 3.357166 3.357166 3.357166 3.3363814 3.3363814 3.357166 3.357166 3.357166 4.1669283 4.1669283 4.1669283 4.133222 4.133222 4.133222 4.133222 4.133222 4.213089 4.090153 4.2259836 4.2259836 4.213089 4.213089 4.090153 4.225794 4.225794 4.515748 4.515748 4.515748 4.515748
4.3582673 4.3582673 4.3582673 4.3582673 4.3582673 4.3582673 4.3582673 4.3582673 4.3582673 4.2064176 4.2064176 4.2064176 4.2064176 3.9864502 3.9864502 3.9864502 3.9864502 3.9864502 3.9864502 3.9864502 3.9864502 4.1669283 4.1669283 4.1669283 4.1669283 4.1669283 4.161336 4.161336 4.133222 3.357166 3.357166 3.357166 3.357166 3.357166 3.357166 3.3363814 3.3363814 3.357166 3.357166 3.357166 3.357166 3.357166 4.1669283 3.9864502 4.133222 4.133222 4.133222 4.133222 4.213089 4.2259836 4.2259836 4.2259836 4.213089 4.213089 4.225794 4.225794 4.225794 4.2259836 4.515748 4.515748 4.515748
4.3582673 4.3582673 4.3582673 4.3582673 4.3582673 4.3582673 4.3582683 4.3582683 4.3582673 4.2064176 4.2064176 4.2064176 4.2064176 3.9864502 3.9864502 3.9864502 3.9864502 3.9864502 3.9864502 3.9864502 3.9864502 3.9864502 4.1669283 4.1669283 4.1669283 4.1669283 4.161336 4.1669283 4.1669283 3.357166 3.357166 3.357166 3.357166 3.357166 3.357166 3.3363814 3.3363814 3.3363814 3.357166 3.357166 3.357166 3.357166 3.357166 3.9864502 3.9864502 4.133222 4.133222 4.133222 4.213089 4.213089 4.2259836 4.213089 4.213089 4.213089 4.225794 4.2259836 4.2259836 4.2259836 4.515748 4.515748 4.515748
4.3582673 4.3582673 4.3582673 4.3582673 4.3582673 4.3582673 4.3582683 4.3582683 4.3582673 4.2064176 4.2064176 3.9864502 3.9864502 4.2064176 3.9864502 3.9864502 3.9864502 3.9864502 3.9864502 3.9864502 3.9864502 3.9864502 4.1669283 4.1669283 4.1669283 4.1669283 4.1669283 4.1669283 4.1669283 3.357166 3.357166 3.357166 3.357166 3.357166 3.357166 3.357166 3.3363814 3.3363814 3.357166 3.357166 3.357166 3.357166 3.357166 3.9864502 3.9864502 4.133222 4.133222 3.9864502 4.213089 4.213089 4.213089 4.213089 4.213089 4.213089 4.213089 4.2259836 4.2259836 4.2259836 4.2259836 4.515748 4.515748
4.3582673 4.3582673 4.3582673 4.351353 4.351353 4.3582673 4.3582673 4.3582673 3.668267 4.2064176 4.2064176 4.2064176 4.2064176 4.2064176 4.2064176 4.2064176 3.9864502 3.9864502 3.9864502 3.9864502 3.9864502 4.1669283 4.1669283 4.1669283 4.1669283 4.1669283 4.1669283 4.1669283 4.1669283 4.1669283 3.357166 3.357166 3.357166 3.357166 3.357166 3.357166 3.357166 3.3363814 3.3363814 3.357166 3.357166 3.357166 3.357166 3.357166 3.9864502 3.9864502 3.9864502 3.9864502 4.090153 4.213089 4.213089 4.213089 4.090153 4.213089 4.090153 4.2259836 4.2259836 4.2259836 4.2259836 4.515748 4.515748
4.3582673 4.3582673 4.351353 4.351353 4.351353 4.3582673 4.3582673 4.3582673 4.3582673 3.357166 3.357166 4.3582673 4.3582673 4.3582673 4.2064176 4.2064176 4.2064176 4.2064176 4.1669283 4.1669283 4.1669283 4.1669283 4.1669283 4.1669283 4.1669283 4.1669283 4.1669283 4.1669283 3.5069284 4.1669283 3.357166 3.357166 3.357166 3.357166 3.357166 3.357166 3.357166 3.3363814 3.3363814 3.357166 3.357166 3.357166 3.357166 3.357166 4.1669283 3.9864502 3.9864502 3.9864502 4.090153 4.090153 4.090153 4.090153 4.090153 4.090153 4.090153 4.2259836 4.2259836 4.2259836 4.2259836 4.515748 4.515748
4.3582673 4.3582673 4.3582673 4.3582673 4.3582673 4.3582673 4.3582673 4.3582673 3.357166 3.357166 3.357166 4.3582673 4.3582673 4.3582673 4.3582673 4.2064176 4.2064176 4.2064176 4.1669283 4.1669283 4.1669283 4.1669283 4.1669283 4.1669283 4.1669283 4.1669283 4.1669283 4.1669283 4.1669283 4.1669283 4.1669283 3.357166 3.357166 3.357166 3.357166 3.357166 3.357166 3.3363814 3.3363814 3.357166 3.357166 3.357166 3.357166 3.357166 4.1669283 4.1669283 3.9864502 3.9864502 4.090153 4.090153 4.090153 4.090153 4.090153 4.090153 4.090153 4.090153 4.2259836 4.2259836 4.2259836 4.2259836 4.515748
4.3582673 3.357166 3.357166 4.3582673 4.3582673 4.3582673 4.3582673 4.3582673 3.357166 3.357166 4.3582673 4.3582673 4.3582673 4.3582673 4.3582673 4.2064176 4.2064176 4.2064176 4.3582673 4.133222 4.1669283 4.1669283 4.1669283 4.1669283 4.1669283 4.1669283 4.1669283 4.1669283 4.1669283 4.1669283 4.1669283 3.357166 3.357166 3.357166 3.357166 3.357166 3.357166 3.357166 3.3363814 3.3363814 3.357166 3.353066 3.353066 3.357166 4.1669283 4.1669283 4.1669283 3.9864502 4.225794 4.225794 4.090153 4.090153 4.090153 4.090153 4.090153 4.090153 4.090153 4.2259836 4.2259836 4.2259836 4.515748
4.3582673 3.357166 3.357166 3.357166 4.3582673 4.3582673 4.3582673 4.3582673 3.357166 3.357166 4.3582673 4.3582673 4.3582673 4.3582673 4.3582673 4.2064176 4.2064176 4.2064176 4.3582673 4.351353 4.133222 4.1669283 4.1669283 4.1669283 4.1669283 4.1669283 4.1669283 4.1669283 4.1669283 4.1669283 4.1669283 4.1669283 3.357166 3.357166 3.357166 3.357166 3.357166 3.357166 3.3363814 3.3363814 3.357166 3.353066 3.353066 3.357166 4.1669283 4.1669283 4.1669283 4.1669283 4.225794 4.225794 4.090153 4.090153 4.090153 4.090153 4.090153 4.090153 4.090153 4.2259836 4.2259836 4.2259836 4.2259836
4.3582673 3.357166 3.357166 4.3582673 4.3582673 4.3582673 4.3582673 4.3582673 3.357166 3.357166 4.3582673 4.3582673 4.3582673 4.3582673 4.3582673 3.668267 3.668267 4.3582673 4.3582673 4.351353 4.133222 4.1669283 4.1669283 4.1669283 4.1669283 4.1669283 4.1669283 4.1669283 4.1669283 4.1669283 4.1669283 4.1669283 3.357166 3.357166 3.357166 3.357166 3.357166 3.357166 3.357166 3.3363814 3.3363814 3.353066 3.353066 3.3363814 4.133222 4.1669283 4.1669283 4.1669283 4.2259836 4.090153 4.090153 4.090153 4.090153 4.090153 4.090153 4.090153 4.090153 4.2259836 4.2259836 4.2259836 4.2259836
4.3582673 3.357166 3.357166 4.3582673 4.3582673 4.3582673 4.3582673 4.3582673 3.357166 3.357166 4.3582673 4.3582673 4.3582673 4.3582673 4.3582673 4.3582673 4.3582673 4.3582673 4.3582683 4.3582683 4.161336 4.161336 4.1669283 4.1669283 4.1669283 4.1669283 4.1669283 4.1669283 4.1669283 4.1669283 3.5069284 4.1669283 4.1669283 3.357166 3.357166 3.357166 3.357166 3.357166 3.357166 3.3363814 3.3363814 3.353066 3.353066 4.133222 4.133222 4.1669283 4.1669283 4.1669283 4.2259836 4.090153 4.090153 4.090153 4.090153 4.090153 4.2259836 4.2259836 4.2259836 4.2259836 4.2259836 4.2259836 4.2259836
4.3582673 3.357166 3.357166 4.3582673 4.3582673 4.3582673 4.3582673 4.3582673 3.357166 3.357166 4.3582673 4.3582673 4.3582673 4.3582673 4.3582673 4.3582673 4.3582673 4.3582673 4.3582673 4.3582683 4.3582683 4.3582673 4.1669283 4.1669283 4.1669283 4.1669283 4.1669283 4.1669283 4.1669283 4.1669283 4.1669283 4.1669283 4.1669283 4.1669283 3.357166 3.357166 3.357166 3.357166 3.357166 3.357166 3.3363814 3.353066 3.3363814 3.3363814 4.133222 4.1669283 4.1669283 4.1669283 4.2259836 4.2259836 4.090153 4.090153 4.090153 4.2259836 4.2259836 4.2259836 4.2259836 4.2259836 4.2259836 4.2259836 4.225794
4.551181 3.5226784 3.5226784 4.551181 4.551181 4.551181 4.551181 4.551181 3.5226784 3.5226784 4.551181 4.551181 4.551181 4.551181 4.551181 4.551181 4.551181 4.551181 4.551181 4.5471344 4.5471344 4.551181 4.551181 4.3244085 4.3244085 4.3244085 4.3244085 4.3244085 4.3244085 4.3244085 4.3244085 4.3244085 4.3244085 4.3244085 4.3244085 3.5226784 3.5226784 3.5226784 3.5226784 3.5226784 3.4932775 3.4932775 3.4932775 3.4932775 4.3244085 4.3244085 4.3244085 4.3244085 4.155117 4.155117 4.155117 4.155117 4.155117 4.155117 4.155117 4.155117 4.155117 4.155117 3.4857478 4.13418 4.154814
4.551181 4.551181 3.5226784 4.551181 4.551181 4.551181 4.551181 4.551181 3.5226784 3.5226784 4.551181 4.551181 4.551181 4.551181 4.551181 4.551181 4.551181 4.551181 4.551181 4.551181 4.551181 4.551181 4.551181 4.551181 4.3244085 4.3242674 4.3242674 4.3244085 4.3244085 4.3244085 4.3244085 4.3244085 4.3244085 4.3244085 4.3244085 4.3244085 3.5226784 3.5226784 3.5226784 3.5226784 3.4932775 3.4932775 3.5226784 3.5226784 4.3244085 4.3244085 4.3244085 4.3244085 4.155117 4.155117 4.155117 4.0012674 4.0012674 4.0012674 4.155117 4.155117 3.4857478 4.154814 4.155117 4.13418 4.154814
4.551181 4.551181 3.5226784 4.551181 4.551181 4.551181 4.551181 4.551181 3.5226784 3.5226784 4.551181 4.551181 4.551181 4.551181 4.551181 4.551181 4.551181 4.551181 4.551181 4.551181 4.551181 4.551181 4.551181 4.551181 4.551181 4.551181 4.551181 4.551181 4.3244085 4.3244085 4.3244085 4.3244085 4.3244085 4.3244085 4.3244085 4.3244085 4.3244085 3.4932775 3.4932775 3.5226784 3.5226784 3.4932775 3.4932775 3.5226784 3.5226784 3.5226784 3.5226784 3.5226784 3.121261 3.121261 3.121261 3.0320475 3.0320475 3.0320475 4.0012674 4.0012674 4.0012674 4.154814 4.154814 4.155117 4.13418
4.551181 3.5226784 3.5226784 3.5226784 4.551181 4.551181 4.551181 4.551181 3.5226784 3.5226784 3.5226784 4.551181 4.551181 4.551181 4.551181 4.551181 4.551181 4.551181 4.551181 4.551181 4.551181 4.551181 4.551181 4.551181 4.551181 4.551181 4.551181 4.551181 4.3244085 4.3244085 4.3244085 4.3244085 4.3244085 4.3244085 4.3244085 4.3244085 4.3244085 4.315818 3.4932775 3.5196333 3.5226784 3.4932775 3.4932775 3.5226784 3.5226784 3.5226784 3.5226784 3.5226784 3.121261 3.121261 3.121261 3.121261 3.0320475 3.0320475 4.0012674 4.0012674 4.0012674 4.154814 4.155117 4.155117 4.155117
4.551181 3.5226784 3.5226784 3.5226784 4.551181 4.551181 4.551181 4.551181 4.551181 3.5226784 3.5226784 4.551181 4.551181 4.551181 4.551181 4.551181 4.551181 4.551181 4.551181 4.551181 4.551181 4.551181 4.551181 4.551181 4.551181 4.551181 4.551181 4.551181 4.3244085 4.3244085 4.3244085 4.3244085 4.3244085 4.3244085 4.3244085 4.3244085 4.3244085 4.3242674 3.5196333 3.5196333 3.5226784 3.4932775 3.4932775 3.4932775 3.5226784 3.5226784 3.5226784 3.5226784 3.121261 3.121261 3.121261 3.121261 3.121261 3.0320475 3.0320475 4.0012674 4.0012674 4.155117 4.155117 4.155117 4.155117
4.3244085 3.5226784 3.5226784 3.5226784 4.551181 4.551181 4.551181 4.551181 4.551181 3.5226784 3.5226784 4.551181 4.5471344 4.551181 4.551181 4.551181 4.551181 4.551181 4.551181 4.551181 4.551181 4.551181 4.551181 4.551181 4.551181 4.551181 4.551181 4.551181 4.551181 4.3244085 4.3244085 4.3244085 4.3244085 4.3244085 4.3244085 4.3244085 4.3244085 4.3244085 4.3244085 3.5226784 3.5226784 3.5226784 3.4932775 3.4932775 3.5226784 3.5226784 3.5226784 3.5226784 3.121261 3.121261 3.121261 3.121261 3.121261 3.121261 3.0320475 3.0320475 4.0012674 4.155117 4.155117 4.155117 4.155117
4.3244085 3.5226784 3.5226784 3.5226784 4.551181 4.551181 4.551181 4.551181 4.551181 3.5226784 3.5226784 4.551181 4.5471344 4.5471344 4.551181 4.551181 4.551181 4.551181 4.551181 4.551181 4.551181 4.551181 4.551181 4.551181 4.551181 4.551181 4.551181 4.551181 4.551181 4.551181 4.3244085 4.3244085 4.3244085 4.3244085 4.3244085 4.3244085 4.3244085 4.3244085 4.3244085 4.3244085 3.5226784 3.5226784 3.5226784 3.4932775 3.5226784 3.5226784 3.5226784 3.5226784 3.121261 3.121261 3.121261 3.121261 3.121261 3.1174524 3.1174524 3.0320475 4.0012674 4.155117 4.155117 4.155117 4.155117
4.3244085 3.5226784 3.5226784 3.5226784 4.551181 4.551181 4.551181 4.551181 4.551181 3.5226784 3.5226784 4.551181 4.551181 4.551181 4.551181 4.551181 4.551181 4.551181 4.551181 4.551181 4.551181 4.551181 4.551181 4.551181 4.551181 4.551181 4.551181 4.551181 4.551181 4.551181 4.3244085 4.3244085 4.3244085 4.3244085 4.3244085 4.3244085 4.3244085 4.3244085 4.3244085 4.3244085 4.3244085 3.5226784 3.5226784 4.315818 4.315818 3.4932775 3.4932775 3.4932775 3.0965757 3.121261 3.121261 3.121261 3.121261 3.1174524 3.1174524 3.121261 3.121261 4.155117 4.155117 4.155117 4.155117
4.3244085 3.5226784 3.5226784 3.5226784 3.5226784 4.551181 4.551181 4.551181 4.551181 3.5226784 3.5226784 4.551181 4.551181 4.551181 4.551181 4.551181 4.551181 4.551181 4.551181 4.551181 4.551181 4.551181 4.551181 4.551181 4.551181 4.551181 4.551181 4.551181 4.551181 4.551181 4.551181 4.3244085 4.3244085 4.3244085 4.3244085 4.551181 4.3244085 4.3244085 4.3244085 4.3244085 4.3244085 4.3244085 4.3244085 4.315818 4.315818 4.315818 4.315818 3.4932775 3.121261 3.121261 3.121261 3.121261 3.121261 3.1174524 3.1174524 3.121261 3.121261 3.121261 4.154814 4.154814 4.4763775
3.5226784 3.5226784 3.5226784 3.5226784 3.5226784 3.5226784 4.551181 4.551181 4.551181 3.5196333 3.5226784 4.551181 4.551181 4.551181 4.551181 3.8021257 3.8021257 3.8021257 4.551181 4.551181 4.551181 4.551181 4.551181 4.551181 4.551181 4.551181 4.551181 4.551181 4.551181 4.551181 4.551181 4.551181 4.551181 4.551181 4.551181 4.551181 4.551181 4.551181 4.551181 4.3244085 4.3244085 4.3244085 4.3244085 4.3244085 4.315818 4.315818 4.315818 4.315818 3.0965757 3.121261 3.121261 3.121261 3.121261 3.121261 3.121261 3.121261 3.121261 3.121261 3.121261 4.154814 4.4763775
