Export/ASCII/RMeteo_SP_inch/p1/RMeteo_2016_SP4_inch.asc
ncols         660
nrows         338
xllcorner     1476150
yllcorner     5017150
cellsize      100
NODATA_value  -9.9e-20
[rows 84 to 111 of 338, columns 366 to 426 of 660]
5.917438 5.917438 6.3736205 6.3736205 6.3736205 7.2677155 5.917438 6.3736205 6.971654 7.2677155 7.2677155 7.2677155 6.971654 7.148255 7.148255 7.148255 6.971654 5.917438 5.917438 5.917438 5.917438 5.917438 5.917438 5.917438 5.917438 5.917438 5.917438 6.2812195 6.3653107 5.527794 6.1413264 6.1413264 6.1413264 6.1413264 5.724504 5.724504 5.724504 6.138264 6.944881 6.944881 6.944881 6.944881 5.724504 5.724504 6.1413264 5.724504 5.724504 5.724504 5.724504 5.724504 5.724504 5.724504 5.724504 5.724504 5.724504 6.0545506 6.190005 5.724504 5.724504 5.724504 6.0545506
6.3653107 6.3653107 6.3736205 6.3736205 7.2677155 7.2677155 5.917438 6.3736205 6.971654 7.2677155 7.2677155 7.2677155 7.2677155 7.2677155 7.2677155 7.2677155 6.3736205 6.3736205 6.3736205 6.3736205 5.917438 5.917438 5.917438 5.917438 5.917438 5.917438 5.917438 6.2812195 6.3653107 5.527794 5.330866 5.330866 6.1413264 6.1413264 6.138264 6.138264 6.138264 6.138264 6.944881 6.944881 6.944881 6.138264 5.724504 5.724504 6.1413264 5.724504 5.724504 5.724504 5.724504 5.724504 5.724504 5.724504 5.724504 5.724504 5.724504 5.724504 5.724504 5.724504 5.724504 5.724504 6.0545506
6.3653107 7.2677155 6.3736205 6.3736205 6.3736205 7.2677155 6.3621173 6.971654 6.971654 7.2677155 7.2677155 7.2677155 7.2677155 7.2677155 7.257847 7.257847 7.2677155 6.3736205 7.2677155 6.3736205 5.917438 5.917438 5.917438 5.917438 5.917438 5.917438 5.917438 5.917438 7.2677155 7.2677155 6.944881 6.944881 6.944881 6.944881 6.138264 6.138264 6.944881 6.944881 6.944881 6.944881 6.944881 6.944881 6.138264 5.724504 6.190005 5.724504 5.724504 5.724504 5.724504 5.724504 5.724504 5.724504 5.724504 5.724504 6.0545506 5.724504 5.724504 6.190005 5.724504 5.724504 5.724504
6.971654 7.2677155 6.3736205 6.3736205 6.3736205 6.971654 6.2812195 6.971654 6.971654 7.2677155 7.2677155 7.2677155 7.2677155 7.2677155 6.3621173 6.3621173 7.257847 7.2677155 7.2677155 6.3736205 5.917438 5.917438 5.917438 5.917438 5.917438 5.917438 5.917438 5.917438 7.148255 7.148255 6.138264 6.944881 6.944881 6.944881 6.944881 6.944881 6.944881 6.944881 6.944881 6.944881 6.944881 6.685762 6.685762 5.724504 5.724504 5.724504 5.724504 5.724504 5.724504 5.724504 5.724504 5.724504 5.724504 6.0545506 6.0545506 6.0545506 5.724504 5.724504 5.724504 5.724504 5.724504
6.971654 7.2677155 7.2677155 6.971654 6.971654 6.971654 6.2812195 6.3736205 6.971654 7.2677155 7.2677155 7.2677155 7.2677155 7.257847 6.3621173 6.3621173 7.257847 6.3736205 6.3736205 6.3736205 5.917438 5.917438 5.917438 6.2812195 5.917438 5.917438 6.2812195 5.917438 6.347437 7.148255 6.138264 6.138264 6.138264 6.944881 6.944881 6.944881 6.944881 6.944881 6.944881 6.944881 6.944881 6.685762 6.0545506 5.724504 5.724504 5.724504 5.724504 5.724504 5.724504 5.724504 5.724504 5.724504 5.724504 6.0545506 6.0545506 5.724504 5.724504 5.724504 5.724504 5.724504 5.724504
6.971654 6.971654 6.971654 6.971654 6.971654 6.2812195 6.2812195 6.3736205 6.3736205 6.3736205 7.2677155 7.2677155 7.2677155 6.3621173 6.3621173 6.3621173 6.3621173 6.3736205 6.3736205 6.3736205 5.917438 5.917438 5.917438 5.917438 5.917438 5.917438 6.971654 6.3736205 7.148255 7.148255 6.138264 6.944881 6.944881 6.944881 6.944881 6.944881 6.944881 6.944881 6.944881 6.944881 6.685762 6.0545506 6.0545506 5.724504 5.724504 5.724504 5.724504 5.724504 5.724504 5.724504 5.724504 5.724504 5.724504 6.0545506 6.0545506 5.724504 5.724504 5.724504 6.0545506 6.0545506 5.724504
6.971654 6.971654 6.971654 6.971654 6.971654 6.2812195 6.3736205 6.3736205 5.917438 6.3736205 6.3736205 6.3736205 6.971654 7.2677155 7.257847 6.3621173 7.2677155 6.3736205 6.3736205 6.3736205 5.917438 5.917438 5.917438 5.917438 5.917438 6.3736205 6.971654 7.2677155 7.2677155 7.148255 6.8431306 6.944881 6.944881 6.944881 6.944881 6.944881 6.944881 6.944881 6.138264 6.138264 6.0545506 6.0545506 5.724504 5.724504 5.724504 5.724504 5.724504 5.724504 5.724504 6.0545506 5.724504 5.724504 5.724504 6.0545506 6.0545506 5.724504 5.724504 5.724504 6.0545506 6.0545506 6.0545506
6.971654 7.2677155 6.971654 6.971654 6.971654 6.2812195 6.3736205 5.917438 5.917438 5.917438 5.917438 5.917438 6.971654 6.971654 7.2677155 7.257847 7.2677155 7.2677155 7.2677155 6.3736205 6.3736205 6.3736205 6.3736205 6.3736205 6.3736205 6.3736205 7.2677155 7.2677155 7.2677155 7.148255 6.8431306 6.944881 6.944881 6.944881 6.944881 6.685762 6.685762 6.685762 6.685762 6.0545506 6.0545506 5.724504 5.724504 5.724504 5.724504 5.724504 5.724504 5.724504 5.724504 5.724504 5.724504 5.724504 5.724504 6.0545506 6.0545506 6.0545506 5.724504 5.724504 6.0545506 6.0545506 5.724504
6.971654 6.3736205 6.3736205 6.3736205 6.971654 6.2812195 5.917438 5.917438 5.917438 5.917438 5.917438 5.917438 6.2812195 6.2812195 7.2677155 7.2677155 7.2677155 7.2677155 7.2677155 7.2677155 6.3736205 6.3736205 6.3736205 6.3736205 6.3736205 7.2677155 7.2677155 7.2677155 7.2677155 7.2677155 6.944881 6.944881 6.944881 5.724504 5.724504 6.0545506 6.0545506 6.0545506 6.0545506 6.0545506 6.0545506 6.0545506 5.724504 5.724504 5.724504 5.724504 5.724504 5.724504 5.724504 5.724504 5.724504 5.724504 6.0545506 6.0545506 6.0545506 6.0545506 5.724504 5.724504 5.724504 5.724504 5.724504
6.2812195 5.917438 6.3736205 6.3736205 6.3736205 6.971654 5.917438 5.917438 5.917438 5.917438 5.917438 5.917438 6.2812195 6.2812195 7.2677155 7.2677155 7.2677155 7.2677155 7.2677155 7.2677155 7.2677155 7.2677155 7.2677155 6.3736205 6.3736205 6.3736205 6.3736205 7.2677155 7.2677155 7.2677155 6.944881 6.944881 6.138264 6.138264 5.724504 6.0545506 6.0545506 6.0545506 6.0545506 6.0545506 6.0545506 5.724504 5.724504 5.724504 5.724504 5.724504 5.724504 5.724504 5.724504 5.724504 5.724504 5.724504 5.724504 5.724504 5.724504 6.0545506 6.0545506 6.0545506 5.724504 5.724504 5.724504
6.2812195 6.2812195 5.917438 6.3736205 6.3736205 6.3736205 6.971654 6.2812195 5.917438 5.917438 5.917438 5.917438 6.2812195 6.2812195 6.971654 7.2677155 7.2677155 7.2677155 7.2677155 7.2677155 7.2677155 7.2677155 7.2677155 6.3736205 5.917438 5.917438 5.917438 6.3736205 6.3736205 7.2677155 6.944881 6.944881 6.138264 6.138264 5.724504 5.724504 6.0545506 6.0545506 6.0545506 6.0545506 6.0545506 6.0545506 5.724504 5.724504 5.724504 5.724504 5.724504 5.724504 5.724504 5.724504 5.724504 5.724504 5.724504 5.724504 5.724504 6.0545506 6.0545506 6.0545506 6.0545506 5.724504 5.724504
6.2812195 6.2812195 6.2812195 5.917438 6.3736205 6.3736205 6.971654 5.917438 5.917438 5.917438 5.917438 6.2812195 6.2812195 6.2812195 6.971654 7.2677155 7.2677155 7.2677155 7.2677155 7.2677155 7.2677155 6.971654 6.971654 6.3736205 5.917438 5.917438 5.917438 5.917438 6.3736205 7.2677155 6.944881 6.138264 6.685762 5.724504 5.724504 5.724504 6.0545506 6.0545506 5.724504 6.0545506 6.0545506 6.0545506 5.724504 5.724504 5.724504 5.724504 5.724504 5.724504 5.724504 5.724504 5.724504 5.724504 5.724504 5.724504 5.724504 5.724504 6.1413264 6.190005 5.724504 5.724504 5.724504
6.2812195 6.2812195 6.2812195 5.917438 5.917438 6.971654 6.971654 6.971654 5.917438 5.917438 5.917438 6.2812195 6.2812195 6.2812195 6.971654 7.2677155 7.2677155 7.2677155 7.2677155 7.2677155 6.971654 6.971654 6.971654 6.971654 6.2812195 5.917438 5.917438 5.917438 6.3736205 7.2677155 6.138264 6.138264 6.138264 5.724504 5.724504 5.724504 5.724504 5.724504 5.724504 6.0545506 6.0545506 5.724504 5.724504 5.724504 5.724504 5.724504 5.724504 5.724504 5.724504 5.724504 5.724504 5.724504 5.724504 5.724504 5.724504 5.724504 5.724504 5.724504 5.724504 5.724504 5.724504
6.2812195 6.2812195 6.2812195 5.917438 6.2812195 5.917438 6.3736205 7.2677155 5.917438 6.2812195 6.2812195 6.2812195 6.2812195 6.971654 6.971654 7.2677155 7.2677155 7.2677155 7.2677155 7.2677155 6.971654 6.2812195 6.2812195 6.2812195 6.2812195 5.917438 5.917438 6.3653107 7.2677155 7.2677155 6.138264 5.724504 6.685762 6.0545506 5.724504 5.724504 5.724504 5.724504 5.724504 5.724504 5.724504 5.724504 5.724504 5.724504 5.724504 5.724504 5.724504 5.724504 5.724504 5.724504 5.724504 5.724504 5.724504 6.138264 6.138264 6.138264 5.724504 5.724504 5.724504 5.724504 5.724504
5.917438 6.2812195 6.2812195 5.917438 6.2812195 5.917438 5.917438 6.3736205 6.971654 6.2812195 6.971654 6.2812195 6.2812195 5.917438 7.2677155 6.3736205 7.2677155 7.2677155 7.2677155 7.2677155 6.971654 6.2812195 6.2812195 6.2812195 6.2812195 6.2812195 7.2677155 6.971654 7.2677155 7.2677155 6.138264 5.724504 6.685762 6.685762 6.0545506 6.0545506 6.0545506 5.724504 5.724504 5.724504 6.179793 6.179793 5.724504 5.724504 5.724504 5.724504 5.724504 6.0545506 6.0545506 5.724504 5.724504 5.724504 5.724504 6.138264 6.138264 6.138264 5.724504 5.724504 5.724504 5.724504 5.724504
5.917438 6.2812195 6.2812195 5.917438 6.2812195 5.917438 5.917438 5.917438 6.3736205 6.971654 6.971654 7.2677155 7.2677155 5.917438 6.3736205 6.3736205 7.2677155 6.3736205 6.3736205 7.2677155 7.2677155 6.2812195 5.917438 5.917438 6.2812195 6.971654 6.971654 6.971654 6.971654 6.3736205 6.138264 6.138264 6.685762 6.685762 6.0545506 6.0545506 6.0545506 5.724504 5.724504 5.724504 5.724504 6.1413264 5.724504 5.724504 5.724504 5.724504 5.724504 5.724504 5.724504 5.724504 5.724504 5.724504 6.138264 6.138264 6.138264 6.138264 6.138264 5.724504 5.724504 5.724504 5.724504
5.917438 5.917438 6.2812195 6.2812195 6.3653107 5.917438 5.917438 5.917438 5.917438 5.917438 7.2677155 7.2677155 7.2677155 6.347437 6.3736205 7.2677155 7.2677155 6.3736205 5.917438 5.917438 6.2812195 6.2812195 5.917438 5.917438 6.2812195 6.971654 6.971654 6.2812195 6.971654 6.3736205 5.724504 6.0545506 6.685762 6.685762 6.0545506 6.0545506 5.724504 5.724504 5.724504 5.724504 5.724504 6.1413264 5.724504 5.724504 5.724504 5.724504 5.724504 5.724504 5.724504 5.724504 5.724504 5.724504 5.724504 6.0545506 6.0545506 6.685762 6.138264 6.138264 6.138264 5.724504 5.724504
6.2812195 6.2812195 6.2812195 6.2812195 6.3653107 5.917438 5.917438 5.917438 5.917438 5.917438 6.347437 6.3736205 7.2677155 7.2677155 7.2677155 7.2677155 7.2677155 6.3736205 5.917438 5.917438 6.2812195 6.2812195 5.917438 5.917438 6.2812195 5.917438 6.3736205 6.971654 6.971654 6.3736205 5.724504 6.0545506 6.0545506 6.0545506 5.724504 5.724504 6.1413264 5.724504 5.724504 5.724504 5.724504 6.1413264 5.724504 5.724504 6.0545506 5.724504 5.724504 5.724504 5.724504 5.724504 5.724504 5.724504 5.724504 5.724504 6.0545506 6.685762 6.8431306 6.138264 6.138264 6.138264 6.138264
6.2812195 6.2812195 6.2812195 6.2812195 6.3653107 6.3653107 6.3653107 5.917438 5.917438 5.917438 5.917438 6.3736205 7.2677155 7.148255 6.971654 6.971654 7.2677155 6.3736205 6.3736205 5.917438 5.917438 6.2812195 5.917438 5.917438 5.917438 5.917438 5.917438 6.2812195 6.2812195 5.917438 5.724504 5.724504 5.724504 5.724504 5.724504 6.0545506 6.0545506 6.190005 5.724504 5.724504 5.724504 5.724504 5.724504 5.724504 6.0545506 5.724504 5.724504 5.724504 5.724504 5.724504 5.724504 5.724504 5.724504 5.724504 6.0545506 6.685762 6.944881 6.944881 6.685762 6.685762 6.138264
6.119499 6.080735 6.9487257 6.502551 5.736516 5.736516 5.736516 5.736516 5.736516 5.736516 5.736516 6.502551 7.0551176 6.119499 6.080735 6.9487257 7.0551176 6.9487257 6.502551 5.736516 5.736516 5.736516 5.736516 5.736516 5.736516 5.736516 6.080735 6.080735 6.080735 6.080735 5.700577 5.4201365 5.4201365 5.4201365 5.700577 5.700577 5.700577 5.4201365 5.4201365 5.4201365 5.4201365 5.4201365 5.700577 5.700577 5.700577 5.700577 5.4201365 5.4201365 5.4201365 5.4201365 5.4201365 5.4201365 6.1044903 6.4766636 5.700577 6.4766636 6.4766636 6.55118 6.55118 6.55118 6.1044903
6.080735 6.9487257 7.0551176 6.502551 6.502551 5.736516 5.736516 6.13307 5.736516 5.736516 5.736516 7.0551176 6.9487257 6.9487257 6.9487257 7.0551176 7.0551176 6.9487257 6.9487257 5.736516 5.736516 5.736516 5.736516 5.736516 5.736516 5.736516 5.736516 7.038785 7.038785 7.038785 6.54391 5.700577 5.4201365 5.4201365 5.700577 5.700577 5.700577 5.4201365 5.4201365 5.4201365 5.4201365 5.4201365 5.4201365 5.700577 5.700577 5.700577 5.4201365 5.4201365 5.4201365 5.4201365 5.4201365 6.1044903 6.4766636 6.4766636 5.700577 5.700577 6.4766636 6.55118 6.55118 6.55118 6.1044903
6.9487257 6.502551 6.502551 7.0551176 7.0551176 5.736516 6.13307 5.736516 5.736516 5.736516 5.736516 6.080735 6.9487257 6.9487257 7.0551176 7.0551176 7.0551176 7.038785 6.9487257 6.502551 5.736516 5.736516 5.736516 5.736516 5.736516 5.736516 5.736516 6.502551 7.038785 7.038785 6.54391 6.1044903 5.4201365 5.700577 5.700577 5.700577 5.4201365 5.4201365 5.4201365 5.4201365 5.4201365 5.4201365 5.700577 5.4201365 5.4201365 5.4201365 5.4201365 5.4201365 5.4201365 5.4201365 5.4201365 5.700577 6.4766636 6.4766636 6.4766636 6.4766636 6.4766636 6.4766636 6.55118 5.812477 5.4201365
6.502551 5.736516 6.502551 7.0551176 7.0551176 5.736516 5.736516 5.736516 5.736516 5.736516 5.736516 6.080735 6.9487257 7.0551176 7.0551176 7.038785 7.038785 7.0551176 6.9487257 6.502551 5.736516 5.736516 5.736516 5.736516 6.080735 6.080735 6.080735 6.502551 7.038785 7.038785 6.1044903 6.1044903 5.4201365 5.700577 5.700577 5.700577 5.4201365 5.4201365 5.4201365 5.4201365 5.4201365 5.4201365 5.4201365 5.4201365 5.4201365 5.4201365 5.4201365 5.4201365 5.4201365 5.4201365 5.4201365 5.700577 6.4766636 6.4766636 6.4766636 6.4766636 6.4766636 5.700577 5.812477 5.812477 5.812477
5.736516 5.736516 6.502551 7.0551176 6.080735 6.080735 5.736516 5.736516 5.736516 5.736516 7.0551176 6.9487257 6.9487257 7.0551176 7.0551176 7.0551176 7.038785 7.0551176 6.9487257 6.9487257 6.502551 6.502551 5.736516 5.736516 6.080735 6.080735 6.080735 6.502551 6.502551 6.502551 6.1044903 5.4201365 5.4201365 5.700577 5.700577 5.700577 5.4201365 5.4201365 5.4201365 5.4201365 5.4201365 5.700577 5.4201365 5.4201365 5.4201365 5.4201365 5.4201365 5.4201365 5.4201365 5.4201365 5.700577 5.700577 5.700577 5.700577 5.700577 5.4201365 5.4201365 5.700577 5.700577 5.700577 5.812477
5.736516 5.736516 6.502551 7.0551176 6.080735 6.080735 5.736516 5.736516 5.736516 6.13307 5.736516 7.0551176 7.0551176 7.0551176 7.0551176 6.502551 6.502551 6.502551 6.502551 7.0551176 7.0551176 6.502551 5.736516 5.736516 6.080735 6.080735 6.080735 6.080735 5.736516 6.502551 6.1044903 5.4201365 5.700577 5.700577 5.700577 5.700577 5.700577 5.4201365 5.4201365 5.4201365 5.4201365 5.4201365 5.4201365 5.4201365 5.4201365 5.4201365 5.4201365 5.4201365 5.4201365 5.4201365 5.4201365 5.4201365 5.4201365 5.4201365 5.4201365 5.4201365 5.4201365 5.700577 5.700577 5.700577 5.812477
6.502551 6.502551 6.502551 7.0551176 6.080735 6.080735 6.080735 6.13307 5.736516 5.736516 5.736516 5.736516 6.119499 7.0551176 7.0551176 6.502551 5.736516 5.736516 6.502551 6.502551 6.502551 6.502551 6.13307 6.080735 6.080735 6.080735 6.080735 6.080735 6.080735 5.736516 5.4201365 5.4201365 5.700577 5.700577 5.700577 5.700577 5.4201365 5.4201365 5.4201365 5.4201365 5.4201365 5.4201365 5.4201365 5.4201365 5.4201365 5.4201365 5.4201365 5.4201365 5.4201365 5.4201365 5.4201365 5.4201365 5.4201365 5.4201365 5.4201365 5.4201365 5.4201365 5.700577 5.4201365 5.4201365 5.4201365
7.0551176 7.0551176 7.0551176 7.0551176 5.736516 5.736516 5.736516 5.736516 5.736516 5.736516 5.736516 5.736516 5.736516 7.0551176 7.0551176 6.502551 5.736516 5.736516 5.736516 5.736516 5.736516 6.9487257 6.080735 6.080735 6.080735 6.080735 6.080735 6.080735 6.080735 5.736516 5.4201365 5.4201365 5.4201365 5.4201365 5.700577 5.4201365 5.4201365 5.4201365 5.4201365 5.4201365 5.4201365 5.4201365 5.4201365 5.4201365 5.4201365 5.4201365 5.4201365 5.4201365 5.4201365 5.4201365 5.4201365 5.4201365 5.4201365 5.4201365 5.4201365 5.4201365 5.4201365 5.4201365 5.4201365 5.4201365 5.4201365
7.0551176 7.0551176 7.0551176 5.736516 5.736516 5.736516 5.736516 5.736516 5.736516 5.736516 5.736516 5.736516 6.080735 6.9487257 7.0551176 6.502551 5.736516 5.736516 5.736516 5.736516 5.736516 6.080735 6.080735 6.119499 6.080735 6.080735 6.080735 6.080735 5.736516 5.736516 5.4201365 5.4201365 5.4201365 5.4201365 5.700577 5.700577 5.4201365 5.4201365 5.4201365 5.4201365 5.4201365 5.4201365 5.4201365 5.4201365 5.4201365 5.4201365 5.4201365 5.4201365 5.4201365 5.4201365 5.4201365 5.4201365 5.4201365 5.4201365 5.4201365 5.4201365 5.4201365 5.4201365 5.4201365 5.4201365 5.4201365
