Export/ASCII/RMeteo_SP_inch/p1/RMeteo_2015_SP4_inch.asc
ncols         660
nrows         338
xllcorner     1476100.0
yllcorner     5017100.0
cellsize      100
NODATA_value  -9.9e-20
[rows 81 to 107 of 338, columns 61 to 121 of 660]
5.0472436 5.0472436 5.0472436 5.0472436 5.0472436 5.0472436 5.0472436 5.0472436 5.0472436 5.0472436 5.0472436 5.0472436 5.0472436 5.0472436 5.0472436 5.0472436 5.0472436 5.0472436 4.9363265 4.9363265 4.9363265 4.7795277 4.7795277 4.7795277 4.7795277 4.7795277 4.282298 4.282298 4.0149837 4.282298 4.282298 4.282298 4.282298 4.282298 4.282298 4.7795277 4.745059 4.282298 4.282298 4.7795277 4.7795277 4.7795277 4.7795277 4.7795277 4.7795277 4.7795277 4.7795277 4.7795277 4.7795277 4.7795277 4.7795277 4.7795277 4.6660013 4.6660013 4.6660013 4.6660013 4.6660013 4.6660013 4.6660013 4.6660013 4.6660013
5.0472436 5.0472436 5.0472436 5.0472436 5.0472436 5.0472436 5.0472436 5.0472436 5.0472436 5.0472436 5.0472436 5.0472436 5.0472436 5.0472436 5.0472436 5.0472436 5.0472436 5.0472436 5.0472436 4.9363265 4.9363265 4.7795277 4.7795277 4.7795277 4.7795277 4.7795277 4.282298 4.282298 4.282298 4.282298 4.282298 4.282298 4.0149837 4.282298 4.282298 4.282298 4.282298 4.282298 4.282298 4.7795277 4.7795277 4.7795277 4.7795277 4.7795277 4.7795277 4.7795277 4.7795277 4.7795277 4.7795277 4.282298 4.6660013 4.6660013 4.6660013 4.6660013 4.6660013 4.6660013 4.6660013 4.282298 4.6660013 4.6660013 4.6660013
5.0062003 5.0472436 5.0472436 5.0472436 5.0472436 5.0472436 5.0472436 5.0472436 5.0472436 5.0472436 5.0472436 5.0472436 5.0472436 5.0472436 5.0472436 5.0472436 5.0472436 5.0472436 5.0472436 4.9363265 4.9363265 4.6660013 4.7795277 4.7795277 4.7795277 4.7795277 4.7795277 4.7795277 4.7795277 4.282298 4.282298 4.282298 4.282298 4.282298 4.282298 4.282298 4.282298 4.7795277 4.7795277 4.7795277 4.7795277 4.7795277 4.7795277 4.7795277 4.7795277 4.7795277 4.7795277 4.7795277 4.7795277 4.7795277 4.282298 4.424062 4.424062 4.6660013 4.424062 4.6660013 4.7795277 4.7795277 4.6660013 4.6660013 4.6660013
5.0062003 5.0472436 5.0472436 5.0472436 5.0472436 5.0472436 5.0472436 5.0472436 5.0472436 5.0472436 5.0472436 5.0472436 5.0472436 5.0472436 5.0472436 5.0472436 5.0472436 5.0472436 5.0472436 5.0472436 4.9363265 4.6660013 4.7795277 4.7795277 4.7795277 4.7795277 4.7795277 4.7795277 4.7795277 4.282298 4.0149837 4.282298 4.7795277 4.282298 4.282298 4.282298 4.282298 4.7795277 4.7795277 4.7795277 4.7795277 4.7795277 4.7795277 4.7795277 4.7795277 4.7795277 4.7795277 4.7795277 4.6660013 4.6660013 4.745059 4.576103 4.424062 4.6660013 4.6660013 4.282298 4.282298 4.282298 4.6660013 4.424062 4.282298
4.9363265 5.0472436 5.0472436 5.0472436 5.0472436 5.0472436 5.0472436 5.0472436 5.0472436 5.0472436 5.0472436 5.0472436 5.0472436 5.0472436 5.0472436 5.0472436 5.0472436 5.0472436 5.0472436 5.0472436 4.9363265 4.6660013 4.6660013 4.7795277 4.7795277 4.7795277 4.7795277 4.7795277 4.282298 4.282298 4.282298 4.282298 4.7795277 4.7795277 4.7795277 4.282298 4.282298 4.7795277 4.7795277 4.7795277 4.7795277 4.7795277 4.7795277 4.7795277 4.7795277 4.7795277 4.7795277 4.7795277 4.6660013 4.6660013 4.6660013 4.576103 4.282298 4.6660013 4.7795277 4.282298 4.282298 4.282298 4.6660013 4.6660013 4.282298
4.9363265 5.0472436 5.0472436 5.0472436 5.0472436 5.0472436 5.0472436 5.0472436 5.0472436 5.0472436 5.0472436 5.0472436 5.0472436 5.0472436 5.0472436 5.0472436 5.0472436 5.0472436 5.0472436 5.0472436 5.0472436 4.6660013 4.6660013 4.282298 4.282298 4.745059 4.745059 4.7795277 4.282298 4.282298 4.7795277 4.179528 4.7795277 4.7795277 4.7795277 4.282298 4.282298 4.7795277 4.7795277 4.7795277 4.7795277 4.7795277 4.7795277 4.7795277 4.7795277 4.7795277 4.7795277 4.282298 4.282298 4.6660013 4.282298 4.282298 4.282298 4.7795277 4.7795277 4.7795277 4.745059 4.745059 4.6660013 4.6660013 4.7795277
4.9363265 5.0062003 5.0062003 5.0472436 5.0472436 5.0472436 5.0472436 5.0472436 5.0472436 5.0472436 5.0472436 5.0472436 5.0472436 5.0472436 5.0472436 5.0472436 5.0472436 5.0472436 5.0472436 5.0472436 5.0472436 4.6660013 4.6660013 4.6660013 4.282298 4.745059 4.745059 4.7795277 4.7795277 4.7795277 4.7795277 4.7795277 4.7795277 4.7795277 4.7795277 4.7795277 4.282298 4.7795277 4.7795277 4.7795277 4.7795277 4.7795277 4.7795277 4.7795277 4.7795277 4.6660013 4.6660013 4.282298 4.282298 4.282298 4.282298 4.282298 4.7795277 4.7795277 4.7795277 4.7795277 4.745059 4.745059 4.7795277 4.6884556 4.7795277
4.9363265 5.0062003 5.0062003 5.0472436 5.0472436 5.0472436 5.0472436 5.0472436 5.0472436 5.0472436 5.0472436 5.0472436 5.0472436 5.0472436 5.0472436 5.0472436 5.0472436 5.0472436 5.0472436 5.0472436 5.0472436 4.7795277 4.6660013 4.6660013 4.6660013 4.6660013 4.7795277 4.7795277 4.179528 4.7795277 4.7795277 4.7795277 4.7795277 4.7795277 4.7795277 4.7795277 4.7795277 4.7795277 4.7795277 4.7795277 4.7795277 4.7795277 4.7795277 4.7795277 4.7795277 4.7795277 4.7795277 4.282298 4.282298 4.282298 4.282298 4.7795277 4.7795277 4.7795277 4.7795277 4.7795277 4.745059 4.745059 4.7795277 4.7795277 4.7795277
4.5710306 4.5710306 5.0062003 5.0472436 5.0472436 5.0472436 5.0472436 5.0472436 5.0472436 5.0472436 5.0472436 5.0472436 5.0472436 5.0472436 5.0472436 5.0472436 5.0472436 5.0472436 5.0472436 5.0472436 5.0472436 4.7795277 4.7795277 4.7795277 4.6660013 4.6660013 4.6660013 4.7795277 4.7795277 4.7795277 4.7795277 4.7795277 4.7795277 4.7795277 4.7795277 4.7795277 4.7795277 4.7795277 4.7795277 4.7795277 4.7795277 4.7795277 4.7795277 4.7795277 4.7795277 4.7795277 4.7795277 4.7795277 4.7795277 4.7795277 4.7795277 4.7795277 4.7795277 4.7795277 4.7795277 4.7795277 4.745059 4.745059 4.7795277 4.7795277 4.7795277
4.9363265 4.9363265 4.5710306 4.5710306 5.0472436 5.0472436 5.0472436 5.0472436 5.0472436 5.0472436 5.0472436 5.0472436 5.0472436 5.0472436 5.0472436 5.0472436 5.0472436 5.0472436 5.0472436 5.0472436 5.0472436 4.7795277 4.7795277 4.7795277 4.7795277 4.6660013 4.6660013 4.6660013 4.7795277 4.6660013 4.7795277 4.7795277 4.7795277 4.7795277 4.7795277 4.7795277 4.7795277 4.7795277 4.7795277 4.7795277 4.7795277 4.7795277 4.7795277 4.7795277 4.7795277 4.7795277 4.7795277 4.7795277 4.7795277 4.7795277 4.7795277 4.7795277 4.7795277 4.130638 4.7795277 4.7795277 4.6660013 4.6660013 4.7795277 4.7795277 4.7795277
4.9363265 4.9363265 4.9363265 4.5710306 4.5710306 5.0472436 5.0472436 5.0472436 4.9363265 4.9363265 5.0472436 5.0472436 5.0472436 5.0472436 5.0472436 5.0472436 5.0472436 5.0472436 5.0472436 5.0472436 5.0472436 4.7795277 4.7795277 4.7795277 4.7795277 4.7795277 4.6660013 4.6660013 4.6660013 4.6660013 4.7795277 4.7795277 4.7795277 4.7795277 4.7795277 4.7795277 4.7795277 4.7795277 4.7795277 4.7795277 4.7795277 4.7795277 4.7795277 4.7795277 4.7795277 4.7795277 4.7795277 4.7795277 4.7795277 4.7795277 4.7795277 4.7795277 4.7795277 4.7795277 4.7795277 4.7795277 4.6660013 4.6660013 4.7795277 4.7795277 4.7795277
4.9363265 4.9363265 4.9363265 4.5710306 5.0472436 5.0472436 5.0472436 5.0472436 4.9363265 4.9363265 4.9363265 4.5710306 4.5710306 4.5710306 5.0472436 5.0472436 5.0472436 5.0472436 5.0472436 5.0472436 5.0472436 4.7795277 4.7795277 4.7795277 4.6660013 4.6660013 4.6660013 4.282298 4.282298 4.282298 4.6660013 4.6660013 4.7795277 4.7795277 4.7795277 4.7795277 4.7795277 4.7795277 4.7795277 4.7795277 4.7795277 4.7795277 4.7795277 4.7795277 4.7795277 4.7795277 4.7795277 4.7795277 4.7795277 4.7795277 4.7795277 4.7795277 4.7795277 4.7795277 4.7795277 4.7795277 4.7795277 4.7795277 4.7795277 4.7795277 4.7795277
4.9363265 4.9363265 4.9363265 4.9363265 4.9363265 4.9363265 5.0472436 5.0472436 4.5710306 4.9363265 4.9363265 4.5710306 4.5710306 4.5710306 5.0472436 5.0472436 5.0472436 5.0472436 5.0472436 5.0472436 5.0472436 4.7795277 4.7795277 4.7795277 4.282298 4.282298 4.282298 4.282298 4.282298 4.282298 4.6660013 4.6660013 4.6660013 4.7795277 4.7795277 4.7795277 4.7795277 4.7795277 4.7795277 4.7795277 4.7795277 4.7795277 4.7795277 4.7795277 4.7795277 4.7795277 4.7795277 4.7795277 4.7795277 4.7795277 4.6660013 4.6660013 4.7795277 4.7795277 4.7795277 4.7795277 4.7795277 4.7795277 4.7795277 4.7795277 4.7795277
4.5710306 5.0472436 4.9363265 4.9363265 4.9363265 4.9363265 4.9363265 4.9363265 4.5710306 4.5710306 4.5710306 4.5710306 4.5710306 4.5710306 5.0472436 5.0472436 5.0472436 5.0472436 5.0472436 5.0472436 5.0472436 4.7795277 4.7795277 4.7795277 4.282298 4.282298 4.282298 4.282298 4.282298 4.282298 4.7795277 4.6660013 4.6660013 4.6660013 4.7795277 4.7795277 4.7795277 4.7795277 4.7795277 4.7795277 4.7795277 4.7795277 4.7795277 4.7795277 4.7795277 4.7795277 4.7795277 4.7795277 4.7795277 4.7795277 4.6660013 4.6660013 4.7795277 4.7795277 4.7795277 4.7795277 4.7795277 4.7795277 4.7795277 4.7795277 4.7795277
4.5710306 4.9363265 4.9363265 4.9363265 4.9363265 4.9363265 4.9363265 4.9363265 4.9363265 4.9363265 4.5710306 4.5710306 4.5710306 5.0472436 5.0472436 5.0472436 5.0472436 5.0472436 5.0472436 5.0472436 5.0472436 4.7795277 4.7795277 4.7795277 4.282298 4.282298 4.282298 4.0149837 4.282298 4.282298 4.7795277 4.7795277 4.6660013 4.6660013 4.6660013 4.6660013 4.7795277 4.7795277 4.7795277 4.7795277 4.7795277 4.7795277 4.7795277 4.7795277 4.7795277 4.7795277 4.7795277 4.7795277 4.7795277 4.7795277 4.6660013 4.6660013 4.7795277 4.7795277 4.7795277 4.7795277 4.7795277 4.7795277 4.7795277 4.7795277 4.7795277
5.0472436 4.9363265 4.9363265 4.661008 4.9363265 4.9363265 4.9363265 4.9363265 4.661008 4.9363265 5.0472436 4.5710306 4.5710306 5.0472436 5.0472436 4.9363265 5.0472436 5.0472436 5.0472436 5.0472436 5.0472436 4.7795277 4.7795277 4.7795277 4.282298 4.282298 4.282298 4.0149837 4.282298 4.282298 4.7795277 4.7795277 4.7795277 4.7795277 4.6660013 4.6660013 4.7795277 4.7795277 4.7795277 4.7795277 4.7795277 4.7795277 4.7795277 4.7795277 4.7795277 4.7795277 4.7795277 4.7795277 4.7795277 4.7795277 4.7795277 4.7795277 4.7795277 4.7795277 4.7795277 4.7795277 4.282298 4.7795277 4.7795277 4.7795277 4.7795277
4.9363265 4.9363265 4.9363265 4.661008 4.661008 4.5710306 4.5710306 4.9363265 4.661008 4.9363265 5.0472436 5.0472436 5.0062003 5.0472436 5.0472436 4.9363265 4.9363265 4.9363265 5.0472436 5.0472436 5.0472436 4.7795277 4.7795277 4.7795277 4.282298 4.282298 4.282298 4.0149837 4.282298 4.282298 4.7795277 4.7795277 4.7795277 4.7795277 4.6660013 4.6660013 4.6660013 4.7795277 4.7795277 4.7795277 4.7795277 4.7795277 4.7795277 4.7795277 4.7795277 4.7795277 4.7795277 4.7795277 4.7795277 4.7795277 4.7795277 4.7795277 4.7795277 4.7795277 4.7795277 4.282298 4.282298 4.7795277 4.7795277 4.282298 4.282298
4.9363265 4.9363265 4.9363265 4.661008 4.3028355 4.3028355 4.5710306 4.5710306 4.661008 4.9363265 5.045939 5.0062003 5.0062003 5.0472436 5.0472436 5.0472436 4.9363265 5.0472436 5.0472436 5.0472436 5.0472436 4.7795277 4.7795277 4.7795277 4.282298 4.282298 4.282298 4.282298 4.282298 4.7795277 4.7795277 4.7795277 4.7795277 4.7795277 4.7795277 4.6660013 4.6660013 4.6660013 4.7795277 4.7795277 4.7795277 4.7795277 4.7795277 4.7795277 4.7795277 4.7795277 4.7795277 4.7795277 4.7795277 4.7795277 4.7795277 4.7795277 4.7795277 4.7795277 4.7795277 4.7795277 4.282298 4.282298 4.6660013 4.6660013 4.6660013
4.9363265 4.9363265 4.661008 4.661008 4.661008 4.3028355 4.3028355 4.3028355 4.5710306 4.5710306 5.045939 5.0062003 5.0062003 5.0472436 5.0472436 5.0472436 4.9363265 5.0472436 5.0472436 5.0472436 5.0472436 4.7795277 4.7795277 4.7795277 4.282298 4.282298 4.0149837 4.0149837 4.282298 4.7795277 4.7795277 4.7795277 4.7795277 4.7795277 4.7795277 4.7795277 4.6660013 4.6660013 4.7795277 4.7795277 4.7795277 4.7795277 4.7795277 4.7795277 4.7795277 4.7795277 4.7795277 4.7795277 4.7795277 4.7795277 4.7795277 4.7795277 4.7795277 4.6660013 4.6660013 4.6660013 4.6660013 4.6660013 4.6660013 4.6660013 4.6660013
4.9363265 4.9363265 4.9363265 4.661008 4.661008 4.3028355 4.3028355 4.5710306 4.5710306 4.5710306 4.9363265 5.0062003 5.0062003 5.0472436 5.0472436 5.0472436 4.9363265 5.0472436 5.0472436 5.0472436 5.0472436 4.7795277 4.7795277 4.7795277 4.7795277 4.282298 4.0149837 4.0149837 4.282298 4.282298 4.7795277 4.7795277 4.7795277 4.7795277 4.7795277 4.7795277 4.7795277 4.6660013 4.6660013 4.7795277 4.7795277 4.7795277 4.7795277 4.7795277 4.7795277 4.7795277 4.7795277 4.7795277 4.7795277 4.7795277 4.7795277 4.282298 4.6660013 4.6660013 4.424062 4.6660013 4.6660013 4.6660013 4.424062 4.424062 4.6660013
5.0472436 5.0472436 4.9363265 4.9363265 4.661008 4.9363265 4.5710306 4.5710306 4.9363265 4.9363265 4.9363265 4.9363265 4.5710306 5.0472436 5.0472436 5.0472436 5.0472436 5.0472436 5.0472436 5.0472436 5.0472436 4.7795277 4.7795277 4.282298 4.745059 4.745059 4.0149837 4.0149837 4.745059 4.745059 4.282298 4.282298 4.282298 4.282298 4.7795277 4.7795277 4.7795277 4.6660013 4.6660013 4.7795277 4.7795277 4.7795277 4.7795277 4.7795277 4.7795277 4.7795277 4.7795277 4.7795277 4.282298 4.7795277 4.282298 4.282298 4.7795277 4.6660013 4.424062 4.424062 4.6660013 4.6660013 4.424062 4.424062 4.6660013
5.0472436 5.0472436 4.5710306 4.9363265 4.9363265 4.9363265 4.9363265 4.9363265 4.9363265 4.9363265 4.9363265 4.9363265 4.5710306 5.0472436 5.0472436 5.0472436 5.0472436 5.0472436 5.0472436 5.0472436 5.0472436 4.7795277 4.7795277 4.282298 4.745059 4.7795277 4.282298 4.0149837 4.745059 4.745059 4.282298 4.282298 4.282298 4.282298 4.7795277 4.7795277 4.7795277 4.6660013 4.6660013 4.7795277 4.7795277 4.7795277 4.7795277 4.7795277 4.7795277 4.7795277 4.282298 4.282298 4.282298 4.282298 4.282298 4.282298 4.7795277 4.6660013 4.6660013 4.6660013 4.6660013 4.6660013 4.424062 4.424062 4.424062
4.8680396 4.2637005 4.539496 4.539496 4.539496 4.539496 4.8236794 4.8236794 4.8236794 4.8937006 4.8937006 4.539496 4.539496 4.8937006 4.8937006 4.8937006 4.8680396 4.8680396 4.8937006 4.8937006 4.8937006 4.885826 4.555468 4.555468 4.885826 4.885826 4.555468 4.3369155 4.555468 4.555468 4.866285 4.555468 4.555468 4.885826 4.885826 4.885826 4.885826 4.885826 4.8256955 4.8256955 4.885826 4.885826 4.885826 4.885826 4.885826 4.885826 4.555468 4.555468 4.555468 4.555468 4.555468 4.885826 4.885826 4.885826 4.885826 4.8855686 4.8855686 4.8256955 4.8256955 4.672614 4.672614
4.8680396 4.8937006 4.2637005 4.539496 4.539496 4.539496 4.539496 4.8236794 4.8236794 4.8937006 4.8937006 4.8937006 4.8937006 4.8937006 4.8937006 4.8937006 4.8680396 4.8680396 4.8937006 4.8937006 4.8937006 4.885826 4.555468 4.555468 4.555468 4.885826 4.555468 4.555468 4.3369155 4.555468 4.866285 4.555468 4.555468 4.555468 4.885826 4.885826 4.885826 4.885826 4.8256955 4.8256955 4.885826 4.885826 4.885826 4.885826 4.885826 4.555468 4.555468 4.555468 4.555468 4.555468 4.555468 4.555468 4.555468 4.885826 4.885826 4.8855686 4.8855686 4.8855686 4.8256955 4.672614 4.672614
4.2637005 4.2637005 4.2637005 4.8937006 4.8937006 4.8937006 4.8937006 4.8937006 4.8937006 4.8937006 4.8937006 4.8937006 4.8937006 4.8937006 4.8937006 4.8937006 4.8680396 4.8680396 4.8937006 4.8937006 4.8937006 4.885826 4.885826 4.885826 4.885826 4.885826 4.866285 4.555468 4.3369155 4.555468 4.555468 4.555468 4.555468 4.555468 4.885826 4.885826 4.885826 4.885826 4.8256955 4.8256955 4.885826 4.885826 4.885826 4.885826 4.885826 4.555468 4.555468 4.555468 4.555468 4.555468 4.3369155 4.555468 4.8256955 4.8256955 4.8256955 4.885826 4.8855686 4.8256955 4.8256955 4.672614 4.672614
4.2637005 4.2637005 4.8937006 4.8937006 4.8937006 4.8937006 4.8937006 4.8937006 4.8937006 4.8937006 4.8937006 4.8937006 4.8937006 4.8937006 4.8937006 4.8937006 4.8937006 4.8937006 4.8937006 4.8937006 4.8937006 4.885826 4.885826 4.885826 4.885826 4.885826 4.866285 4.8256955 4.8256955 4.555468 4.555468 4.555468 4.8256955 4.8256955 4.555468 4.555468 4.885826 4.885826 4.885826 4.8256955 4.8256955 4.885826 4.555468 4.555468 4.555468 4.866285 4.866285 4.555468 4.555468 4.3369155 4.555468 4.8256955 4.8256955 4.8256955 4.8256955 4.8256955 4.8256955 4.8256955 4.8256955 4.672614 4.672614
4.2637005 4.2637005 4.8937006 4.8937006 4.8937006 4.8937006 4.8236794 4.8236794 4.8937006 4.8937006 4.8937006 4.8937006 4.8937006 4.8937006 4.8937006 4.8937006 4.8937006 4.8937006 4.8937006 4.8937006 4.8937006 4.885826 4.885826 4.885826 4.885826 4.885826 4.8256955 4.8256955 4.672614 4.672614 4.555468 4.555468 4.8256955 4.8256955 4.866285 4.866285 4.866285 4.885826 4.885826 4.8256955 4.8256955 4.885826 4.555468 4.555468 4.866285 4.866285 4.885826 4.555468 4.555468 4.8256955 4.8256955 4.8256955 4.8256955 4.8256955 4.8256955 4.8256955 4.8256955 4.672614 4.672614 4.3369155 4.8269663
