Export/ASCII/RMeteo_SP_inch/p1/RMeteo_2015_SP4_inch.asc
ncols         660
nrows         338
xllcorner     1476100.0
yllcorner     5017100.0
cellsize      100
NODATA_value  -9.9e-20
[rows 243 to 269 of 338, columns 305 to 365 of 660]
4.7047234 4.7047234 4.7047234 4.7047234 4.7047234 4.6938305 4.6938305 3.6237733 3.6237733 3.632395 3.632395 3.632395 3.6237733 4.6745214 4.6811028 4.6811028 3.648347 4.6511946 4.6511946 4.6511946 4.6511946 4.6811028 4.6811028 4.6811028 4.6811028 4.6811028 4.503545 4.503545 4.503545 4.503545 4.503545 4.503545 4.503545 4.503545 4.503545 4.503545 4.503545 4.503545 4.503545 3.648347 3.648347 3.648347 3.648347 3.648347 4.6811028 4.6811028 4.6811028 4.474126 4.474126 4.503545 4.426852 4.426852 4.6811028 4.6511946 4.6811028 4.6745214 4.6745214 4.426852 4.426852 4.5035458 3.8155117
4.7047234 4.7047234 4.7047234 4.7047234 4.7047234 4.7047234 4.7047234 4.7047234 4.7047234 3.632395 3.632395 3.632395 3.632395 4.6811028 4.6811028 4.6811028 3.648347 4.6811028 4.6511946 4.6511946 4.6511946 4.6511946 4.6511946 4.6811028 4.6745214 4.6811028 4.6811028 4.503545 4.503545 4.503545 4.503545 4.503545 4.503545 4.503545 4.503545 4.503545 4.503545 4.503545 3.648347 3.648347 3.648347 3.648347 3.648347 3.648347 4.6811028 4.6811028 4.6811028 4.474126 4.474126 4.426852 4.426852 4.426852 4.6511946 4.6811028 4.6811028 4.6811028 4.6745214 4.426852 4.426852 4.5035458 3.8155117
4.7047234 4.7047234 4.7047234 4.7047234 4.7047234 4.7047234 4.7047234 4.7047234 4.7047234 3.632395 3.632395 3.632395 3.632395 3.1685045 3.1685045 3.1685045 3.648347 4.6811028 4.6511946 4.6511946 4.426852 4.426852 4.6511946 4.6811028 4.6745214 4.6811028 4.6811028 4.503545 4.426852 4.426852 4.503545 4.503545 4.503545 4.503545 4.503545 4.503545 4.503545 4.426852 3.6011298 3.648347 3.648347 3.648347 4.426852 3.648347 4.6811028 4.6811028 4.6811028 4.503545 4.503545 4.426852 4.426852 4.471923 4.6511946 4.6511946 4.6811028 4.6811028 4.6811028 4.6511946 4.426852 4.426852 3.8155117
4.7047234 4.5879173 4.5879173 4.7047234 4.7047234 4.7047234 4.7047234 4.7047234 4.7047234 3.632395 3.632395 3.632395 3.632395 3.1685045 3.1685045 3.648347 3.648347 4.6811028 4.6811028 4.6811028 4.6511946 4.426852 4.6511946 4.6811028 4.6811028 4.6811028 4.6811028 4.503545 4.474126 4.474126 4.426852 4.503545 4.503545 4.503545 4.503545 4.503545 4.503545 4.474126 3.6448882 3.648347 3.648347 3.648347 4.426852 4.6811028 4.6811028 4.6811028 4.6811028 4.6811028 4.503545 4.244832 4.244832 4.471923 4.244832 4.426852 4.426852 4.6811028 4.6511946 4.6511946 4.426852 4.5035458 3.8155117
4.5879173 4.5879173 4.5879173 4.5879173 4.7047234 4.7047234 4.7047234 4.7047234 4.7047234 3.632395 3.632395 3.632395 3.632395 3.648347 3.1685045 3.1685045 3.648347 4.6811028 4.6811028 4.6811028 4.6511946 4.6511946 4.6511946 4.6511946 4.6811028 4.6811028 4.6811028 4.6811028 4.474126 4.474126 4.426852 4.503545 4.503545 4.503545 4.503545 4.503545 4.503545 4.474126 3.6448882 3.648347 3.648347 3.648347 3.6011298 4.6811028 4.6811028 4.6811028 4.6811028 4.6811028 4.5035458 4.244832 4.244832 4.244832 4.244832 4.426852 4.426852 4.426852 4.6511946 4.426852 4.426852 4.244832 4.5035458
4.5879173 4.5879173 4.5879173 4.5879173 4.7047234 4.7047234 4.7047234 4.7047234 4.7047234 4.7047234 3.632395 3.632395 3.632395 3.648347 3.648347 3.1685045 3.1685045 4.6811028 4.6811028 4.6811028 4.6811028 4.6511946 4.6511946 4.6511946 4.6511946 4.6511946 4.6811028 4.6811028 4.426852 4.426852 4.426852 4.503545 4.503545 4.503545 4.503545 4.503545 4.503545 4.474126 4.474126 3.648347 3.648347 3.648347 3.648347 4.6811028 4.6811028 4.6811028 4.6811028 4.6811028 4.244832 4.244832 4.244832 4.244832 4.244832 4.426852 4.426852 4.426852 4.426852 4.426852 4.426852 4.426852 4.5035458
4.5879173 4.5879173 4.5879173 4.5879173 4.7047234 4.7047234 3.984724 4.7047234 4.7047234 4.7047234 3.632395 3.1307888 3.632395 3.648347 3.648347 3.1685045 3.1685045 4.6811028 4.6811028 4.6811028 4.6811028 4.6811028 4.6811028 4.6811028 4.6511946 4.6511946 4.6811028 4.6811028 4.6811028 4.503545 4.503545 4.503545 4.503545 4.503545 4.503545 4.503545 4.503545 4.426852 4.503545 3.648347 3.648347 3.648347 3.648347 4.6811028 4.6811028 4.6811028 4.6811028 4.503545 4.244832 4.244832 4.244832 4.244832 4.244832 4.426852 4.426852 4.426852 4.426852 4.426852 4.426852 4.426852 4.426852
4.7047234 4.7047234 4.7047234 4.7047234 4.7047234 4.7047234 4.7047234 4.7047234 4.7047234 3.984724 4.6938305 3.6237733 3.632395 3.648347 3.648347 3.648347 3.1685045 4.6811028 4.6811028 4.6811028 4.6811028 4.6811028 4.6811028 4.6811028 4.6811028 4.6811028 4.6811028 4.6811028 4.6811028 4.503545 4.503545 4.503545 4.503545 4.503545 4.503545 4.503545 4.503545 4.503545 4.503545 3.648347 3.648347 3.648347 3.648347 3.648347 4.6811028 4.6811028 4.503545 4.5035458 4.244832 4.244832 4.244832 4.244832 4.426852 4.426852 4.426852 4.426852 4.426852 4.426852 4.426852 4.426852 4.426852
4.7047234 4.7047234 4.7047234 4.7047234 4.7047234 4.7047234 4.7047234 3.984724 3.984724 3.984724 4.6938305 3.632395 3.632395 3.648347 3.648347 3.648347 4.6811028 4.6811028 4.6811028 4.6811028 4.6811028 4.503545 4.6811028 4.6811028 4.6811028 4.6811028 4.6811028 4.6811028 4.6811028 4.6811028 4.503545 4.503545 3.8155117 4.503545 4.503545 4.503545 4.503545 4.503545 4.503545 3.648347 3.648347 3.648347 3.648347 3.648347 4.6811028 4.6811028 4.6811028 4.471923 4.471923 4.244832 4.244832 4.244832 4.426852 4.426852 4.426852 4.426852 4.426852 4.426852 4.426852 4.426852 4.426852
4.7047234 4.7047234 4.7047234 4.7047234 4.7047234 4.7047234 4.7047234 4.7047234 4.7047234 3.984724 4.6658587 3.6237733 3.632395 3.648347 3.648347 4.6811028 4.6811028 4.6811028 4.6811028 4.503545 4.503545 4.503545 4.6811028 4.6811028 4.6811028 4.6811028 4.6811028 4.6811028 4.6811028 4.6811028 4.6811028 4.6811028 4.503545 4.503545 4.503545 4.503545 4.503545 4.503545 4.503545 3.648347 3.648347 3.648347 3.648347 4.6811028 4.6811028 4.6811028 4.6811028 4.6811028 4.471923 4.471923 4.471923 4.6511946 4.426852 4.426852 4.426852 4.426852 4.426852 4.426852 4.426852 4.426852 4.6511946
4.7047234 4.7047234 4.7047234 4.7047234 4.7047234 4.7047234 4.7047234 4.7047234 4.6658587 4.6658587 4.6658587 3.5946715 3.632395 3.961102 4.6811028 4.6811028 4.6811028 4.6811028 4.6811028 4.6811028 4.6811028 4.6811028 4.6811028 4.6745214 4.6745214 4.6745214 4.6811028 4.6811028 4.6811028 4.6811028 4.6811028 4.6811028 4.6811028 4.503545 4.503545 4.503545 4.503545 4.503545 4.503545 4.503545 3.648347 3.648347 3.648347 4.6811028 4.6811028 4.6811028 4.471923 4.471923 4.6811028 4.6811028 4.6811028 4.6511946 4.6511946 4.426852 4.426852 4.426852 4.426852 4.426852 4.426852 4.6511946 4.6511946
4.7047234 4.7047234 4.7047234 4.7047234 4.7047234 4.7047234 4.7047234 4.7047234 4.6658587 4.6658587 4.4911113 4.4911113 4.6658587 4.6811028 4.6811028 4.6811028 4.6811028 4.503545 4.6811028 4.6811028 4.6811028 4.6811028 4.6811028 4.6745214 4.6745214 4.6811028 4.6811028 4.6811028 4.6811028 4.6811028 4.6811028 4.6811028 4.6811028 4.6811028 4.503545 4.503545 4.503545 4.503545 4.503545 4.503545 3.648347 3.648347 3.648347 4.6811028 4.471923 4.471923 4.471923 4.6511946 4.6511946 4.6511946 4.6811028 4.6811028 4.6511946 4.426852 4.426852 4.426852 4.426852 4.426852 4.426852 4.6511946 4.6511946
4.7047234 4.7047234 4.7047234 4.7047234 4.7047234 4.7047234 4.7047234 4.7047234 4.6658587 4.6658587 4.4911113 4.4911113 4.6658587 4.6511946 4.6745214 4.6745214 4.6811028 4.503545 4.6811028 4.6811028 4.6811028 4.6811028 4.6811028 4.6811028 4.6811028 4.6811028 4.6811028 4.6811028 4.6811028 4.6811028 4.6811028 4.6811028 4.6811028 4.6811028 4.6811028 4.6811028 4.6811028 4.6811028 4.503545 4.6811028 3.648347 3.6011298 3.6011298 4.6811028 4.471923 4.471923 4.426852 4.426852 4.6511946 4.6511946 4.6811028 4.6811028 4.6811028 4.5035458 4.426852 4.426852 4.426852 4.426852 4.426852 4.426852 4.426852
4.7047234 4.7047234 4.7047234 4.7047234 4.7047234 4.7047234 4.7047234 4.7047234 4.6938305 4.6658587 4.4911113 4.4911113 4.6658587 4.6511946 4.6745214 4.6745214 4.6811028 4.503545 4.6811028 4.6811028 4.6811028 4.6811028 4.6811028 4.6811028 4.6811028 4.6811028 4.6811028 4.6811028 4.6811028 4.6811028 4.6811028 4.6811028 4.6745205 4.6745205 4.6745205 4.6811028 4.6811028 4.6811028 4.6811028 4.6811028 4.6811028 3.6011298 3.6011298 4.6745205 4.471923 4.471923 4.6511946 4.6511946 4.6511946 4.6511946 4.6811028 4.6811028 4.426852 4.426852 4.426852 4.426852 4.426852 4.426852 4.6511946 4.6811028 4.6511946
4.7047234 4.7047234 4.7047234 4.7047234 4.7047234 4.7047234 4.7047234 4.7047234 4.6938305 4.6658587 4.6658587 4.6658587 4.6658587 4.6811028 4.6811028 4.6811028 4.6811028 3.8155117 0.0 0.0 4.6745214 4.6811028 4.6811028 4.6811028 4.6811028 4.6811028 4.6811028 4.6811028 4.6811028 4.6811028 4.6811028 4.6811028 4.6745205 4.6811028 4.6811028 4.6745205 4.6811028 4.6811028 4.6811028 4.6811028 4.6811028 4.426852 3.6011298 4.6745205 4.6745205 4.471923 4.6811028 4.6511946 4.426852 4.6511946 4.6511946 4.6511946 4.426852 4.426852 4.426852 4.426852 4.426852 4.426852 4.6511946 4.6811028 4.6511946
4.7047234 4.7047234 4.7047234 4.7047234 4.7047234 4.7047234 4.7047234 4.7047234 4.6938305 4.6938305 4.7047234 4.7047234 4.7047234 4.6811028 4.6811028 4.6811028 4.6811028 3.961102 3.961102 0.0 4.6745214 4.6745214 4.6811028 4.6811028 4.6811028 4.6811028 4.6811028 4.6811028 4.6811028 4.6811028 4.6811028 4.6811028 4.6745205 4.6511946 4.6745214 4.6745214 4.6811028 4.6811028 4.6811028 4.6811028 4.6811028 4.503545 3.648347 4.6745205 4.6511946 4.6511946 4.426852 4.6511946 4.6511946 4.6511946 4.6511946 4.426852 4.426852 4.426852 4.426852 3.6011298 3.6011298 4.426852 4.6511946 4.5035458 4.5035458
4.7047234 4.7047234 4.7047234 4.7047234 4.7047234 4.7047234 4.7047234 4.7047234 4.7047234 4.7047234 4.7047234 4.7047234 4.7047234 4.6811028 4.6811028 4.6811028 3.961102 3.961102 4.6811028 4.474126 4.474126 4.474126 4.6811028 4.6811028 4.6811028 4.6811028 4.6811028 4.6811028 4.6811028 4.6811028 4.6811028 4.6811028 4.6811028 4.6511946 4.6745214 4.6745214 4.6811028 4.6811028 4.6811028 4.6811028 4.6811028 4.503545 3.648347 3.648347 4.6511946 4.426852 4.426852 4.426852 4.426852 4.426852 4.6511946 3.6011298 4.426852 4.426852 3.6011298 3.6011298 3.6011298 3.6011298 4.6511946 4.5035458 4.5035458
4.704723 4.704723 4.704723 4.704723 4.704723 4.704723 4.704723 4.704723 4.704723 4.704723 4.704723 4.704723 4.704723 4.5944877 4.5944877 4.5944877 0.0 3.844488 3.844488 4.4505324 4.4505324 4.4505324 4.5944877 4.5944877 4.5944877 4.5944877 4.5944877 4.5944877 4.5944877 4.5944877 4.5944877 4.5944877 4.5944877 4.587197 4.587197 4.5944877 4.5944877 4.5944877 4.5944877 4.5944877 4.5944877 4.4582667 4.4582667 3.5913985 4.420731 4.420731 4.420731 4.420731 4.420731 3.5913985 3.6091344 3.5913985 3.5913985 3.5913985 3.5913985 3.5913985 3.5913985 3.6091344 4.5944877 4.4477935 4.4477935
4.704723 4.704723 4.704723 4.704723 4.704723 4.704723 4.704723 4.704723 3.6446948 3.6446948 3.6446948 3.6446948 4.704723 4.5944877 4.5944877 4.5944877 4.5944877 0.0 3.844488 3.844488 4.4505324 4.4505324 4.4582667 4.5944877 4.5944877 4.5944877 4.5944877 4.5944877 4.5944877 4.5944877 4.5944877 3.6091344 4.5944877 4.5944877 4.5944877 4.5944877 4.5944877 4.5944877 4.5944877 4.5944877 4.5944877 4.4582667 4.4505324 4.420731 4.587197 4.587197 4.420731 4.420731 4.420731 3.5913985 3.5913985 3.5913985 3.5913985 3.5913985 3.5239377 3.5239377 4.4582667 4.4582667 4.4582667 4.4477935 4.4477935
4.704723 4.704723 4.704723 4.704723 4.704723 4.704723 4.704723 4.704723 4.704723 3.6446948 4.704723 4.704723 4.704723 4.5944877 4.5944877 4.5944877 4.5944877 4.5944877 3.844488 3.844488 4.4582667 4.4582667 4.4582667 4.5944877 4.5944877 4.5944877 4.5944877 4.5944877 4.5944877 4.5944877 3.6091344 3.6091344 4.5944877 4.5944877 4.5944877 4.5944877 4.5944877 4.5944877 4.5944877 4.5944877 4.5944877 4.5944877 4.420731 4.420731 4.587197 4.587197 4.587197 4.420731 4.587197 3.5913985 3.5913985 3.5913985 3.5913985 3.5913985 3.5913985 3.5913985 4.4582667 4.4582667 4.4582667 4.4582667 4.2684145
3.6446948 4.704723 4.704723 4.704723 4.704723 4.704723 4.704723 4.704723 4.704723 4.704723 4.704723 4.704723 4.704723 4.5944877 4.5944877 4.5944877 4.5944877 4.5944877 4.5944877 4.5944877 4.5944877 4.4582667 4.4582667 4.5944877 4.5944877 4.5944877 4.5944877 4.5944877 4.5944877 4.5944877 3.6091344 3.6091344 4.5944877 4.5944877 4.5944877 4.5944877 4.5944877 4.5944877 4.5944877 4.5944877 4.5944877 4.5944877 4.587197 4.587197 4.587197 4.5944877 4.587197 4.587197 4.587197 4.2684145 4.420731 4.420731 3.5913985 3.5913985 3.5913985 3.5913985 4.420731 4.4582667 4.4582667 4.4582667 4.4582667
3.6446948 4.704723 4.704723 4.704723 4.704723 4.704723 4.704723 4.704723 4.704723 4.704723 4.704723 4.704723 4.704723 4.5944877 4.5944877 4.5944877 4.5944877 4.5944877 4.5944877 4.5944877 4.5944877 4.5944877 4.4582667 4.4582667 4.5944877 4.5944877 4.5944877 4.5944877 4.5944877 3.6091344 3.6091344 3.6091344 3.6091344 4.5944877 4.5944877 4.5944877 4.5944877 4.5944877 4.5944877 4.5944877 4.5944877 4.5944877 4.587197 4.587197 4.5944877 4.5944877 4.587197 4.587197 4.420731 4.420731 4.4582667 4.4582667 4.420731 4.420731 4.420731 4.420731 4.4582667 4.4582667 4.4582667 4.4582667 4.4582667
4.704723 4.704723 3.6446948 4.704723 4.704723 3.6446948 3.6446948 4.704723 4.704723 4.704723 4.704723 4.704723 4.704723 4.5944877 4.5944877 4.5944877 4.5944877 4.5944877 4.5944877 4.5944877 4.5944877 4.5944877 4.5944877 4.4582667 4.5944877 4.5944877 4.5944877 4.5944877 4.5944877 3.6091344 3.6091344 3.6091344 3.6091344 4.5944877 4.5944877 4.5944877 4.5944877 4.5944877 4.5944877 4.5944877 4.5944877 4.5944877 4.587197 4.587197 4.587197 4.587197 4.587197 4.587197 4.420731 4.420731 4.420731 4.4582667 4.4582667 4.4582667 4.420731 4.420731 4.4582667 4.4582667 4.4582667 4.4582667 4.4582667
4.704723 4.704723 4.704723 4.704723 4.704723 3.6446948 3.6446948 4.704723 4.704723 4.704723 4.704723 4.704723 4.704723 4.5944877 4.5944877 4.5944877 4.5944877 4.5944877 4.5944877 4.5944877 4.5944877 4.5944877 4.4477935 4.2684145 4.4477935 4.5944877 4.5944877 4.5944877 4.5944877 3.6091344 3.6091344 3.6091344 3.6091344 3.6091344 3.6091344 4.5944877 4.5944877 4.5944877 4.5944877 4.587197 4.587197 4.587197 4.587197 4.587197 4.587197 4.587197 4.587197 4.4582667 4.4505324 4.420731 4.420731 4.4582667 4.4582667 4.4582667 4.4582667 4.4582667 4.4582667 4.4582667 4.4582667 4.4582667 4.4582667
4.704723 4.704723 4.704723 4.704723 4.704723 4.704723 3.6446948 4.704723 4.704723 4.704723 4.704723 4.704723 4.704723 4.5944877 4.5944877 4.5944877 4.4477935 4.5944877 4.5944877 4.587197 4.5944877 4.4477935 4.587197 4.420731 4.4477935 4.4477935 4.4477935 4.4477935 4.4477935 3.5239377 3.5239377 3.5239377 3.6091344 3.6091344 3.6091344 3.6091344 4.5944877 4.5944877 4.587197 4.587197 4.420731 4.420731 4.587197 4.587197 4.587197 4.587197 4.587197 4.4582667 4.4505324 4.4505324 3.7382677 4.4582667 4.4582667 4.4582667 4.4582667 4.4582667 4.4582667 4.4582667 4.4582667 4.4582667 4.4582667
3.6446948 3.6446948 4.704723 4.704723 4.704723 4.704723 4.704723 4.704723 4.704723 4.704723 4.704723 4.704723 4.704723 4.5944877 4.5944877 4.5944877 4.4477935 4.587197 4.587197 4.587197 4.587197 4.587197 4.587197 4.420731 4.4477935 4.4477935 4.2684145 4.2684145 4.2684145 4.2684145 4.2684145 3.5239377 3.6065207 3.6065207 3.6091344 3.6091344 4.5944877 4.5944877 4.587197 4.587197 4.587197 4.587197 4.420731 4.587197 4.587197 4.587197 4.587197 4.4582667 3.7382677 4.4582667 4.420731 4.420731 4.4582667 4.420731 4.420731 4.4582667 4.4582667 4.4582667 4.4582667 4.4582667 4.4582667
4.633119 3.6446948 4.704723 4.704723 4.704723 4.704723 4.704723 4.704723 4.704723 4.704723 4.704723 4.704723 4.704723 4.5944877 4.5944877 4.5944877 4.5944877 4.587197 4.587197 4.587197 4.587197 4.587197 4.420731 4.420731 4.4505324 4.4505324 4.2684145 4.2684145 4.4477935 4.4477935 4.4477935 3.5239377 3.6065207 3.6065207 3.6091344 3.6091344 3.6091344 4.5944877 4.5944877 4.5944877 4.587197 4.587197 4.587197 4.587197 4.5944877 4.587197 4.587197 4.5944877 4.4582667 4.420731 4.4505324 4.4505324 4.420731 4.420731 4.420731 4.4582667 4.4582667 4.420731 4.420731 4.420731 4.4582667
