Export/ASCII/RMeteo_SP_inch/p1/RMeteo_2017_SP1_inch.asc
ncols         660
nrows         338
xllcorner     1476150
yllcorner     5017150
cellsize      100
NODATA_value  -9.9e-20
[rows 162 to 188 of 338, columns 183 to 243 of 660]
3.186614 3.186614 3.1862707 3.1862707 3.1862707 3.4225633 3.4225633 3.371256 3.371256 3.4448817 3.4448817 3.4225633 3.4225633 3.4448817 3.4448817 3.4448817 3.4448817 3.4448817 3.4448817 3.4448817 3.4448817 3.371256 3.371256 3.371256 3.371256 3.4448817 3.4448817 3.4448817 3.4448817 3.4448817 3.4448817 3.371256 3.4448817 3.4448817 3.4448817 3.4448817 3.4448817 3.4448817 3.4448817 3.4448817 3.4448817 3.0848818 3.4448817 3.4448817 3.0848818 3.0848818 3.0848818 3.4448817 3.0848818 3.0848818 3.4448817 3.4448817 3.4448817 3.4448817 3.4448817 3.4448817 3.1732283 3.1732283 3.1732283 3.1732283 3.1732283
3.186614 3.186614 3.186614 3.186614 3.186614 3.4448817 3.1552293 3.1552293 3.4448817 3.4448817 3.4448817 3.4225633 3.4225633 3.4448817 3.4448817 3.4448817 3.4448817 3.4448817 3.4448817 3.4448817 3.4448817 3.371256 3.371256 3.371256 3.371256 3.4448817 3.4448817 3.4448817 3.4448817 3.4448817 3.4448817 3.371256 3.4225633 3.4448817 3.4448817 3.4448817 3.0848818 3.4448817 3.4448817 3.4448817 3.4448817 3.4448817 3.4448817 3.4448817 3.0848818 3.0848818 3.0848818 3.4448817 3.4448817 3.371256 3.371256 3.371256 3.4448817 3.4448817 3.4448817 3.4448817 3.1732283 3.1732283 3.1732283 3.1732283 3.1732283
3.186614 3.186614 3.186614 3.186614 3.186614 3.4225633 3.1552293 3.1552293 3.4448817 3.4448817 3.4448817 3.4448817 3.4448817 3.4448817 3.4448817 3.4448817 3.4448817 3.4448817 3.4448817 3.4448817 3.4448817 3.4448817 3.371256 3.371256 3.371256 3.4448817 3.4448817 3.4448817 3.4448817 3.4225633 3.4225633 3.4225633 3.4225633 3.4448817 3.4448817 3.4448817 3.4448817 3.4448817 3.4448817 3.4448817 3.0848818 3.4448817 3.4448817 3.4448817 3.0848818 3.0848818 3.4448817 3.4448817 3.4448817 3.371256 3.371256 3.371256 3.371256 3.4448817 3.4448817 3.4448817 3.1732283 3.1732283 3.1732283 3.1732283 3.1732283
3.186614 3.1862707 3.1862707 3.186614 3.1742516 3.4225633 3.1552293 3.1552293 3.4448817 3.4448817 3.4448817 3.4448817 3.4448817 3.4448817 3.4225633 3.4225633 3.4448817 3.4448817 3.4448817 3.4225633 3.4225633 3.4448817 3.371256 3.371256 3.371256 3.4448817 3.4448817 3.4448817 3.4448817 3.4225633 3.1862707 3.4225633 3.4225633 3.4448817 3.4448817 3.4448817 3.4448817 3.4448817 3.4448817 3.4448817 3.0848818 3.4448817 3.4448817 3.4448817 3.0848818 3.0848818 3.4448817 3.4448817 3.0848818 3.4448817 3.371256 3.371256 3.371256 3.371256 3.4448817 3.4448817 3.1732283 3.166083 3.166083 3.1732283 3.1732283
3.186614 3.186614 3.1742516 3.186614 3.1742516 3.371256 3.1552293 3.371256 3.371256 3.371256 3.371256 3.4448817 3.4448817 3.4448817 3.4225633 3.4225633 3.4448817 3.4448817 3.4448817 3.4225633 3.4225633 3.4448817 3.371256 3.371256 3.4448817 3.4448817 3.4448817 3.4448817 3.4448817 3.371256 3.4225633 3.4225633 3.371256 3.4448817 3.4448817 3.4448817 3.4448817 3.4225633 3.4448817 3.4448817 3.0848818 3.4448817 3.4225633 3.4225633 3.4448817 3.0848818 3.0848818 3.0848818 3.0848818 3.4448817 3.4448817 3.371256 3.371256 3.371256 3.4448817 3.4448817 3.1732283 3.166083 3.166083 3.1732283 3.1732283
3.186614 3.186614 3.1742516 3.1862707 3.1742516 3.1742516 3.371256 3.371256 3.1742516 3.371256 3.371256 3.4448817 3.4448817 3.371256 3.4448817 3.4448817 3.4448817 3.4448817 3.4448817 3.4448817 3.0848818 3.4448817 3.4448817 3.4448817 3.4225633 3.4225633 3.4448817 3.4448817 3.4448817 3.4448817 3.4448817 3.371256 3.371256 3.4448817 3.4448817 3.4448817 3.371256 3.371256 3.4448817 3.4448817 3.4448817 3.4448817 3.4225633 3.4225633 3.0848818 3.0848818 3.4448817 3.0848818 3.0848818 3.4448817 3.4448817 3.4448817 3.371256 3.4448817 3.4448817 3.4448817 3.1732283 3.1732283 3.1732283 3.1732283 3.1732283
3.186614 3.186614 3.1742516 3.186614 3.1742516 3.1742516 3.1742516 3.1742516 3.371256 3.371256 3.371256 3.371256 3.371256 3.371256 3.371256 3.4448817 3.4448817 3.4448817 3.4448817 3.4448817 3.0848818 3.0848818 3.4448817 3.4448817 3.371256 3.371256 3.4448817 3.4448817 3.4448817 3.4448817 3.4448817 3.371256 3.371256 3.4448817 3.4448817 3.4448817 3.371256 3.371256 3.4448817 3.4448817 3.4448817 3.4448817 3.0848818 3.0848818 3.0848818 3.4448817 3.4448817 3.4448817 3.0848818 3.4448817 3.4448817 3.4448817 3.4448817 3.4448817 3.4448817 3.4448817 3.1732283 3.1732283 3.1732283 3.1732283 3.1732283
3.186614 3.186614 3.186614 3.186614 3.186614 3.186614 3.186614 2.9967968 3.1742516 3.371256 3.371256 3.371256 3.371256 3.371256 3.4448817 3.4448817 3.4448817 3.4448817 3.4448817 3.0848818 3.0848818 3.0848818 3.4448817 3.4448817 3.4448817 3.4448817 3.4448817 3.4448817 3.4448817 3.4448817 3.4225633 3.4225633 3.371256 3.4448817 3.4448817 3.4448817 3.371256 3.4448817 3.4448817 3.4448817 3.4448817 3.0848818 3.0848818 3.0848818 3.4448817 3.4448817 3.4448817 3.4448817 3.4448817 3.4448817 3.4448817 3.4448817 3.4448817 3.4225633 3.371256 3.371256 3.1732283 3.1732283 3.1732283 3.1732283 3.1732283
3.186614 3.186614 3.186614 3.186614 3.186614 3.186614 3.186614 2.9967968 3.186614 3.4225633 3.4225633 3.371256 3.4225633 3.371256 3.4448817 3.4225633 3.4448817 3.4448817 3.4448817 3.0848818 3.0848818 3.0848818 3.4448817 3.4448817 3.4448817 3.4448817 3.4448817 3.4448817 3.4448817 3.4448817 3.4225633 3.4225633 3.371256 3.4448817 3.4448817 3.4448817 3.4448817 3.4448817 3.4448817 3.4448817 3.0848818 3.0848818 3.0848818 3.4448817 3.1552293 3.4448817 3.4448817 3.4448817 3.4448817 3.4448817 3.4448817 3.4448817 3.4448817 3.4448817 3.371256 3.4225633 3.1732283 3.1732283 3.1732283 3.1732283 3.1732283
3.186614 3.186614 3.186614 3.186614 3.186614 2.9967968 3.186614 3.186614 3.186614 3.4448817 3.4448817 3.4448817 3.4225633 3.4448817 3.4225633 3.4448817 3.4448817 3.4448817 3.4448817 3.4448817 3.4448817 3.4448817 3.4448817 3.4448817 3.4448817 3.4448817 3.4448817 3.4448817 3.4448817 3.4448817 3.4448817 3.4448817 3.4448817 3.4448817 3.4448817 3.4448817 3.4448817 3.4448817 3.0848818 3.0848818 3.0848818 3.0848818 3.0848818 3.4448817 3.1552293 3.4448817 3.4448817 3.4448817 3.4448817 3.4448817 3.4448817 3.4448817 3.4448817 3.4448817 3.4225633 3.4225633 3.1732285 3.1732283 3.1732283 3.1732283 3.1732283
3.1742516 3.1742516 3.186614 3.186614 3.186614 2.9967968 2.9967968 2.9967968 3.4448817 3.4448817 3.4448817 3.4448817 3.4448817 3.4225633 3.4225633 3.4448817 3.4448817 3.4448817 3.4448817 3.4448817 3.4448817 3.4448817 3.4448817 3.4448817 3.4448817 3.4448817 3.4448817 2.1724412 2.1724412 3.4448817 3.371256 3.371256 3.4448817 3.4448817 3.4448817 3.4448817 3.4448817 3.0848818 3.0848818 3.0848818 3.4448817 3.4448817 3.4448817 3.4448817 3.0848818 3.0848818 3.4225633 3.4225633 3.4225633 3.4448817 3.4448817 3.4448817 3.4448817 3.4448817 3.4448817 3.4225633 3.1732283 3.1732283 3.1732283 3.1732283 3.1732283
3.1742516 3.1742516 3.1862707 3.1862707 3.1862707 3.186614 2.9967968 3.1552293 3.4448817 3.4448817 3.4448817 3.4448817 3.4448817 3.371256 3.371256 3.4448817 3.4448817 3.4448817 3.4448817 3.4448817 3.4448817 3.4448817 3.4448817 3.4448817 3.4448817 3.4448817 2.1724412 2.1724412 2.1724412 3.4448817 3.371256 3.371256 3.0848818 3.4448817 3.4448817 3.4448817 3.0848818 3.0848818 3.0848818 3.4448817 3.4448817 3.4448817 3.4225633 3.4225633 3.4448817 3.0848818 3.4225633 3.4225633 3.4225633 3.4448817 3.4448817 3.4448817 3.4448817 3.4448817 3.4448817 3.4448817 3.1732283 3.1732283 3.1732283 3.1732283 1.9047248
3.186614 3.186614 3.1862707 3.1862707 3.1862707 3.1862707 3.1862707 3.4448817 3.4448817 3.4448817 3.4448817 3.4448817 3.4448817 3.4448817 3.4448817 3.4225633 3.4225633 3.4225633 3.4448817 3.4448817 3.4448817 3.4448817 3.4448817 3.4448817 3.4448817 2.1724412 2.1724412 2.1724412 2.1724412 3.4448817 3.371256 3.371256 3.0848818 3.4448817 3.0848818 3.0848818 3.0848818 3.4448817 3.4448817 3.4448817 3.4448817 3.4448817 3.4225633 3.4225633 3.4448817 3.0848818 3.4225633 3.4225633 3.0848818 3.4448817 3.4448817 3.4448817 3.4448817 3.4448817 3.0848818 3.4448817 3.1732283 3.1732283 3.1732283 3.1732283 1.9047248
3.186614 3.186614 3.186614 3.186614 3.186614 3.1862707 3.186614 3.4448817 3.4448817 3.4448817 3.4448817 3.4448817 3.4448817 3.4448817 3.4225633 3.4225633 3.4225633 3.4225633 3.4448817 3.4448817 3.4448817 3.4448817 3.4448817 3.4448817 3.4448817 3.4448817 2.1724412 2.1724412 2.1724412 3.4448817 3.4448817 3.4448817 3.4448817 3.0848818 3.0848818 3.0848818 3.4448817 3.4448817 3.4448817 3.371256 3.371256 3.4448817 3.4448817 3.4448817 3.4448817 3.4448817 3.4448817 3.4448817 3.0848818 3.0848818 3.4448817 3.4448817 3.4448817 3.4448817 3.0848818 3.4448817 3.1732283 3.1732283 3.1732283 3.1732283 3.1732283
3.186614 3.186614 3.1742516 3.1742516 3.4448817 3.4448817 3.4448817 3.4448817 3.4448817 3.4448817 3.4448817 3.4448817 3.4448817 3.4448817 3.4225633 3.4225633 3.4448817 3.4448817 3.4448817 3.4448817 3.4448817 3.4448817 3.4448817 3.4448817 3.4448817 3.4448817 2.1724412 2.1724412 3.4448817 3.4448817 3.4448817 3.4448817 3.0848818 3.0848818 3.4225633 3.4225633 3.4225633 3.4448817 3.4448817 3.371256 3.371256 3.371256 3.4448817 3.0848818 3.4448817 3.4448817 3.4448817 3.4448817 3.0848818 3.0848818 3.4448817 3.4448817 3.4448817 3.4448817 3.4448817 3.4448817 3.1732283 3.1732283 3.1732283 3.1732283 3.1732283
3.186614 3.186614 3.1742516 3.1742516 3.4225633 3.4448817 3.4448817 3.4448817 3.4448817 3.4448817 3.4448817 3.4448817 3.4448817 3.4448817 3.4448817 3.4448817 3.4448817 3.4448817 3.4448817 3.4448817 3.4448817 3.4448817 3.4225633 3.4225633 3.4448817 3.4448817 2.1689835 2.1689835 3.371256 3.371256 3.371256 3.4448817 3.4225633 3.4448817 3.4225633 3.4225633 3.4225633 3.4448817 3.4448817 3.4448817 3.371256 3.371256 3.4448817 3.4225633 3.4225633 3.4225633 3.4225633 3.4448817 3.4448817 3.0848818 3.4448817 3.4448817 3.4448817 3.4448817 3.4448817 3.4448817 3.1732283 3.1732283 3.1732283 3.1732283 3.1732283
3.186614 3.186614 3.186614 3.1742516 3.371256 3.371256 3.4448817 3.4448817 3.371256 3.371256 3.4448817 3.4448817 3.4448817 3.4448817 3.4225633 3.4225633 3.186614 3.186614 3.186614 3.4448817 3.4448817 3.371256 3.4225633 3.4225633 3.4448817 3.4448817 2.1724412 2.1689835 3.371256 3.371256 3.371256 3.4448817 3.4225633 3.4448817 3.4448817 3.4225633 3.4448817 3.4448817 3.4448817 3.4448817 3.4448817 3.0848818 3.0848818 3.4225633 3.4225633 3.4225633 3.4225633 3.4448817 3.4448817 3.4448817 3.4448817 3.4448817 3.4448817 3.371256 3.371256 3.4448817 3.1732283 2.8732285 3.1732283 3.1732283 3.1732283
3.186614 3.186614 3.186614 3.1742516 3.371256 3.371256 3.371256 3.4448817 3.4448817 3.371256 3.4448817 3.4448817 3.4448817 3.4448817 3.1862707 3.1862707 3.1862707 3.186614 2.856614 3.0848818 3.0848818 3.371256 3.371256 3.371256 3.4448817 3.4448817 3.4225633 2.1689835 2.1597457 3.371256 3.0848818 3.0848818 3.4448817 3.4448817 3.4448817 3.4448817 3.4448817 3.4448817 3.4448817 3.4448817 3.4448817 3.0848818 3.0848818 3.4225633 3.0848818 3.371256 3.371256 3.371256 3.4448817 3.4448817 3.4448817 3.4225633 3.4225633 3.371256 3.371256 3.4448817 2.8732285 2.8732285 3.1732283 3.1732283 3.1732283
3.186614 3.186614 3.1742516 3.1742516 3.371256 3.371256 3.371256 3.371256 3.371256 3.371256 3.4448817 3.4448817 3.4448817 3.4448817 3.186614 3.186614 3.186614 2.856614 2.856614 3.0848818 3.0848818 3.371256 3.4448817 3.4448817 3.4448817 3.4448817 3.4448817 2.1724412 2.1724412 1.9624417 1.9624417 3.0848818 3.4448817 3.0848818 3.4448817 3.4448817 3.4448817 3.4448817 3.186614 3.186614 3.186614 3.0848818 3.0848818 3.4225633 3.4448817 3.371256 3.371256 3.371256 3.371256 3.4448817 3.4448817 3.4225633 3.4225633 3.371256 3.4448817 3.4448817 3.1732283 2.8732285 3.1732283 3.1732283 3.1732283
3.1742516 3.1742516 3.1742516 3.1742516 3.371256 3.1742516 3.371256 3.371256 3.371256 3.371256 3.4448817 3.4448817 3.4448817 3.4448817 3.186614 3.186614 3.186614 3.186614 2.856614 2.856614 2.856614 3.186614 3.4448817 3.4448817 3.4448817 3.4448817 3.4448817 2.1724412 1.9624417 1.9624417 1.9624417 1.9624417 3.4448817 3.0848818 3.0848818 3.186614 3.186614 3.186614 3.186614 3.186614 3.186614 3.4448817 3.0848818 3.371256 3.371256 3.371256 3.371256 3.371256 3.371256 3.371256 3.4448817 3.4225633 3.4225633 3.371256 3.371256 3.4448817 3.1732283 1.9047248 3.166083 3.166083 3.166083
2.8673913 2.8673913 2.8673913 3.0432067 3.2575881 3.2575881 3.2575881 3.2575881 3.2575881 3.2575881 3.3346455 3.3346455 3.3346455 3.050393 3.050393 3.050393 3.050393 3.050393 3.050393 2.7645671 2.7645671 3.050393 3.3346455 3.3346455 3.3346455 2.0973718 2.0973718 2.0973718 1.9176381 1.9176381 1.9176381 1.9176381 3.0046456 3.0046456 3.0046456 3.0293617 3.0293617 3.050393 3.050393 3.3346455 3.3346455 3.2575881 3.2575881 3.2575881 3.2575881 3.2575881 3.2575881 3.0432067 3.0432067 3.2575881 3.2575881 3.2575881 3.2575881 3.2575881 3.2575881 3.2575881 3.2283463 2.022702 2.022702 3.1481879 3.1481879
2.8673913 2.8673913 2.8673913 3.050393 3.3346455 3.0046456 3.3346455 3.3346455 3.3346455 3.3346455 3.3346455 3.3346455 3.3346455 3.050393 3.050393 3.050393 3.050393 3.050393 3.050393 2.7645671 2.7645671 3.3346455 3.3346455 3.3346455 3.3346455 1.9176381 2.0973718 1.9176381 1.9176381 1.9176381 1.9176381 1.9176381 3.3346455 3.3346455 3.0046456 3.0293617 3.0293617 3.3346455 3.3346455 3.3346455 3.2575881 3.2575881 3.0432067 3.2575881 2.8673913 2.8673913 2.8673913 3.0432067 3.0432067 3.0432067 3.2575881 3.2575881 3.0432067 3.0432067 3.2575881 3.2575881 2.0385149 2.022702 2.022702 1.8585832 2.033632
3.0432067 3.0432067 3.0432067 3.049058 3.050393 3.0046456 3.3346455 3.3346455 3.3346455 3.3346455 3.3346455 3.3346455 3.3346455 3.3346455 3.050393 3.050393 3.050393 3.050393 3.050393 2.7645671 3.3346455 3.3346455 3.3346455 3.3346455 3.0046456 1.9176381 1.9176381 2.0973718 2.0973718 1.9176381 1.9176381 1.9176381 3.0046456 3.3346455 3.0046456 3.0046456 3.3346455 3.3346455 3.3346455 3.3346455 3.2575881 3.2575881 3.0432067 2.8673913 2.8673913 2.8673913 2.8673913 2.8673913 3.0432067 3.2575881 3.2575881 3.0432067 3.0432067 3.0432067 3.2575881 3.2575881 2.022702 2.022702 2.0385149 1.8585832 1.8585832
3.0432067 3.050393 3.050393 3.0503933 3.050393 3.0046456 3.3346455 3.3346455 3.0046456 3.3346455 3.3346455 3.3346455 3.3346455 3.3346455 3.050393 3.050393 3.050393 3.050393 3.050393 3.050393 3.3346455 3.3346455 3.3346455 3.3346455 3.0046456 1.9176381 2.0973718 2.0973718 2.0973718 2.0973718 3.050393 2.0973718 2.0973718 3.0046456 3.3346455 3.0046456 3.0046456 3.3346455 3.3346455 3.3346455 3.2575881 3.2575881 3.0432067 2.8673913 2.8673913 2.8673913 2.8673913 3.0293617 3.2575881 3.2575881 3.2575881 3.2575881 3.0432067 3.0432067 3.0432067 2.0765393 2.022702 2.022702 2.0385149 1.8585832 1.8585832
3.0503933 3.050393 3.050393 3.0503933 3.050393 3.050393 3.3346455 3.3346455 3.3346455 3.0046456 3.3346455 3.3346455 3.3346455 3.3346455 3.050393 3.050393 3.050393 3.3346455 3.3346455 3.3346455 3.3346455 3.3346455 3.3346455 3.0046456 1.9176381 1.9176381 2.0973718 2.0973718 2.0973718 2.0973718 3.050393 1.9176381 2.0973718 3.3346455 3.0046456 3.0046456 3.0046456 3.3346455 3.3346455 3.2575881 3.2575881 3.2575881 3.2575881 3.2575881 3.2575881 3.2575881 3.0293617 3.0293617 3.2575881 3.3346455 3.2575881 3.2575881 3.2575881 3.2575881 2.0765393 2.0765393 2.022702 2.033632 2.033632 2.0385149 2.0385149
3.050393 3.050393 3.050393 3.0503933 3.050393 3.050393 3.0046456 3.3346455 3.3346455 3.3346455 3.3346455 3.3346455 3.0046456 3.0046456 3.0046456 3.050393 3.3346455 3.3346455 3.0046456 3.3346455 3.3346455 3.3346455 3.0046456 3.0046456 1.9176381 1.9176381 2.0976322 2.0973718 2.0973718 3.050393 3.050393 2.0973718 2.0973718 3.3346455 3.3346455 3.3346455 3.3346455 3.0293617 3.0293617 3.2575881 3.2575881 3.2575881 3.2575881 3.2575881 3.2575881 3.2575881 3.2575881 3.2575881 3.3346455 3.3346455 3.3346455 3.2575881 3.2575881 3.2575881 3.3346455 2.0973718 3.2283463 1.8585832 1.8585832 2.0385149 2.0385149
3.050393 3.050393 3.050393 3.050393 3.050393 3.050393 3.050393 3.3346455 3.3346455 3.3346455 3.3346455 3.3346455 3.0046456 3.0046456 3.3346455 3.3346455 3.3346455 3.3346455 3.3346455 3.3346455 3.3346455 3.0046456 3.0046456 1.9176381 1.9176381 1.9176381 1.9176381 2.090541 2.090541 3.050393 3.050393 2.0973718 2.0973718 3.3346455 3.0293617 3.0293617 3.0293617 3.0293617 2.8673913 3.2575881 3.2575881 3.2575881 3.2575881 3.2575881 3.2575881 3.2575881 3.3346455 3.3346455 3.3346455 3.3346455 3.3346455 3.3346455 3.3346455 3.3346455 3.3346455 3.3346455 3.2283463 3.2283463 1.8585832 1.8585832 2.0385149
