Export/ASCII/RMeteo_SP_inch/p1/RMeteo_2015_SP3_inch.asc
ncols         660
nrows         338
xllcorner     1476100.0
yllcorner     5017100.0
cellsize      100
NODATA_value  -9.9e-20
[rows 243 to 269 of 338, columns 366 to 426 of 660]
2.5529647 2.5529647 2.5529647 3.996801 3.996801 3.996801 3.996801 3.996801 3.996801 3.996801 3.996801 3.996801 3.996801 3.996801 2.5699224 4.059842 4.059842 4.059842 4.059842 4.059842 2.5699224 2.066458 2.5699224 4.8307085 4.8307085 4.8307085 4.8307085 4.8307085 4.8307085 4.8307085 4.484252 4.484252 3.7881885 3.7881885 3.7881885 3.7881885 3.7881885 3.7881885 2.3963785 2.3963778 2.3963778 3.788189 2.3963778 3.788189 3.788189 3.788189 3.7881885 3.7881885 3.7881885 3.7881885 3.7881885 3.7881885 3.788189 3.788189 4.4633517 4.4633517 4.484252 4.484252 4.484252 4.484252 4.484252
3.4086614 2.066458 2.5529647 3.996801 3.996801 3.996801 3.996801 3.996801 4.059842 3.996801 3.996801 3.996801 3.996801 2.5529647 2.5699224 2.5699224 4.059842 4.059842 4.059842 4.0598416 2.5699224 2.5699224 2.5699224 2.5699224 2.5699224 4.8307085 4.8307085 4.8307085 4.8307085 4.8307085 4.484252 3.7881885 3.7881885 3.7881885 3.7881885 3.7881885 3.7881885 3.7881885 3.7859416 2.3963778 2.3963778 2.3963778 2.3963778 3.788189 3.788189 3.788189 3.7881885 3.7881885 3.7881885 3.7881885 3.788189 3.788189 3.788189 3.788189 4.4633517 4.4633517 4.484252 4.484252 4.484252 4.484252 4.484252
3.4086614 2.5529647 2.5529647 2.5529647 3.996801 3.996801 3.996801 3.996801 3.996801 3.996801 3.996801 3.996801 3.996801 2.5699224 2.5699224 2.5699224 2.5699224 2.5699224 2.5699224 2.5699224 2.5699224 2.5699224 2.5699224 2.5699224 4.8307085 4.8307085 4.8307085 4.8307085 4.8307085 4.8307085 4.484252 3.7881885 3.7881885 3.7881885 3.7881885 3.7881885 3.7881885 3.7881885 3.7881885 2.3963785 2.3963785 2.3963785 2.3963778 3.788189 3.788189 3.788189 3.788189 4.484252 4.484252 3.788189 3.788189 3.788189 3.788189 3.788189 4.4633517 4.4633517 4.484252 4.484252 4.484252 4.484252 4.484252
3.4086614 2.5529647 2.5529647 2.5529647 3.996801 3.996801 3.996801 3.996801 3.996801 3.996801 3.996801 3.996801 3.996801 2.5699224 2.5699224 2.5699224 2.5699224 2.5699224 2.5699224 2.5699224 2.5699224 2.5699224 2.5699224 2.5699224 4.8307085 4.8307085 4.8307085 4.8307085 4.8307085 4.802476 4.4842443 3.788189 3.7881885 3.7881885 3.7881885 3.7881885 3.7881885 3.7881885 3.7881885 3.7881885 3.7881885 3.7881885 2.3963785 2.3963785 3.788189 3.788189 4.4842443 4.4842443 4.4842443 3.788189 3.788189 3.788189 3.788189 3.788189 4.4633517 4.4633517 4.484252 4.484252 4.484252 4.484252 4.484252
4.059842 2.066458 2.5529647 2.5529647 2.5529647 2.5529647 3.996801 3.996801 4.0598426 3.996801 3.996801 3.996801 3.996801 2.5699224 2.5699224 2.5699224 2.5699224 2.5699224 2.5699224 2.5699224 2.5699224 2.5699224 2.5699224 2.5699224 2.5699224 4.8307085 4.8307085 4.8307085 4.8307085 4.8307085 4.4842443 4.4842443 4.484252 3.7881885 3.7881885 3.7881885 3.7881885 3.7881885 3.7881885 3.7881885 3.7881885 3.7881885 3.7881885 3.7881885 3.7881885 3.7881885 4.484252 4.4842443 4.4842443 4.4842443 4.4842443 3.788189 3.788189 3.788189 4.4633517 4.484252 4.484252 4.484252 4.484252 4.484252 4.484252
4.054707 4.0598416 3.996801 3.996801 2.5529647 2.5529647 2.5529647 4.0598426 4.0598426 4.059842 4.054707 4.054707 2.5529647 2.5699224 2.5699224 2.5699224 2.5699224 2.5699224 2.5699224 2.5699224 2.5699224 2.5699224 2.5699224 2.5699224 2.5699224 4.8307085 4.8307085 4.8307085 4.8307085 4.8307085 4.4842443 4.4842443 4.4842443 3.7881885 3.7881885 3.7881885 3.7881885 3.7881885 3.7881885 3.7881885 3.7881885 3.7881885 3.7881885 3.7881885 3.7881885 3.7881885 4.484252 4.484252 4.484252 4.484252 4.4842443 4.4842443 3.788189 3.788189 4.4633517 4.484252 4.484252 4.484252 4.484252 4.484252 4.484252
4.054707 4.054707 4.054707 4.0598416 3.996801 2.5529647 2.5529647 2.5529647 2.5699224 2.5699224 2.5695293 4.054707 2.5695293 2.5699224 2.5699224 2.5699224 2.5699224 2.5699224 2.5699224 2.5699224 2.5699224 2.5699224 2.5699224 4.8307085 4.8307085 4.8307085 4.8307085 4.8307085 4.8307085 4.8307085 4.484252 4.4842443 4.4842443 4.4842443 4.4842443 3.788189 3.788189 3.7881885 3.7881885 3.7881885 3.7881885 3.7881885 3.7881885 3.7881885 3.7881885 3.7881885 4.484252 4.484252 4.484252 4.484252 4.484252 4.484252 4.484252 4.484252 4.4633517 4.484252 4.484252 4.484252 4.484252 4.484252 4.484252
4.054707 4.054707 3.996801 4.0598416 4.0598416 4.0598426 2.569921 2.5529647 2.5529647 2.5529647 2.5695293 2.5695293 2.5699224 2.5699224 2.5699224 2.5699224 2.5699224 2.5699224 2.5699224 2.5699224 2.5699224 2.5699224 2.5699224 4.8307085 4.8307085 4.8307085 4.8307085 4.8307085 4.8307085 4.8307085 4.484252 4.484252 4.484252 4.4842443 4.4842443 3.788189 3.788189 3.7881885 3.7881885 3.7881885 3.7881885 3.7881885 3.7881885 3.7881885 3.7881885 3.7881885 4.484252 4.484252 4.484252 4.484252 4.484252 4.484252 4.484252 4.484252 4.484252 4.484252 4.484252 4.484252 4.484252 4.484252 4.484252
4.054707 4.054707 3.996801 3.996801 3.996801 4.0598426 4.0598426 3.996801 3.996801 3.996801 2.5529647 2.5695293 2.5695293 2.5699224 2.5699224 2.5699224 2.5699224 2.5699224 2.5699224 2.5699224 2.5699224 2.5699224 4.8307085 4.8307085 4.8307085 4.8307085 4.8307085 4.8307085 4.8307085 4.8307085 4.484252 4.484252 4.484252 4.4633517 4.4842443 4.4842443 3.7859416 3.7881885 3.7881885 3.7881885 3.7881885 3.7859416 3.7859416 3.7881885 3.7881885 3.7881885 4.484252 4.484252 4.484252 4.484252 4.484252 4.484252 4.484252 4.484252 4.484252 4.484252 4.484252 4.484252 4.484252 4.484252 4.484252
4.802476 4.802476 3.996801 3.996801 3.996801 3.996801 4.0598426 3.996801 3.996801 3.996801 4.054707 4.054707 2.5695293 2.5699224 2.5699224 2.5699224 2.5699224 2.5699224 2.5699224 2.5699224 2.569921 4.8300953 4.8300953 4.8307085 4.8307085 4.8307085 4.8307085 4.8307085 4.8307085 4.8307085 4.484252 4.484252 4.484252 4.4633517 4.4633517 4.484252 3.7881885 3.7881885 3.7881885 3.7881885 3.7859416 3.7859416 3.7859416 3.7859416 3.7881885 3.7881885 4.484252 4.484252 4.484252 4.484252 4.484252 4.484252 4.484252 4.484252 4.484252 4.484252 4.484252 4.484252 4.484252 4.484252 4.484252
4.802476 4.802476 3.996801 3.996801 3.996801 3.996801 3.996801 3.996801 3.996801 3.996801 4.054707 4.054707 4.054707 2.5699224 2.5699224 2.5699224 2.5699224 2.5699224 2.5699224 2.5699224 2.5699224 4.8300953 4.8300953 4.8307085 4.8307085 4.8307085 4.8307085 4.8307085 4.8307085 4.8307085 4.484252 4.484252 4.484252 4.484252 4.484252 4.4842443 3.7881885 3.7881885 3.7881885 3.7881885 3.7859416 3.7859416 3.7859416 3.7859416 3.7859416 3.7881885 4.484252 4.484252 4.484252 4.484252 4.4633517 4.4633517 4.484252 4.484252 4.484252 4.484252 4.484252 4.484252 4.484252 4.484252 4.484252
4.802476 4.54004 3.996801 3.996801 3.996801 3.996801 3.996801 3.996801 3.996801 4.054707 4.054707 4.054707 4.054707 4.0598426 4.054707 2.5695293 2.5695293 2.5699224 2.5699224 2.5699224 2.5699224 4.8307085 4.8307085 4.8307085 4.8307085 4.8307085 4.8307085 4.8307085 4.8307085 4.8307085 4.484252 4.484252 4.484252 4.484252 4.4842443 4.4842443 4.484252 3.788189 3.788189 3.7859416 3.7859416 3.7859416 3.7859416 3.7859416 3.7859416 4.4633517 4.4842443 4.484252 4.484252 4.4633517 4.4633517 4.4633517 4.4633517 4.484252 4.484252 4.484252 4.484252 4.484252 4.484252 4.484252 4.484252
4.802476 4.802476 4.802476 4.54004 3.996801 3.996801 3.996801 3.996801 3.996801 4.054707 4.054707 4.054707 4.054707 4.054707 4.054707 4.054707 4.054707 4.054707 2.5529647 2.5529647 2.5699224 2.5699224 4.8307085 4.8307085 4.8307085 4.8307085 4.8307085 4.8307085 4.8307085 4.8307085 4.484252 4.484252 4.484252 4.484252 4.4842443 4.4842443 4.484252 3.788189 3.788189 3.7859416 3.7859416 3.7859416 3.7859416 3.7859416 3.7859416 4.4633517 4.228231 4.228231 4.228231 4.4633517 4.4633517 4.4633517 4.484252 4.484252 4.484252 4.484252 4.484252 4.484252 4.484252 4.484252 4.484252
4.802476 4.802476 4.802476 4.54004 3.996801 3.996801 3.996801 3.996801 4.054707 4.054707 4.054707 4.054707 4.054707 4.054707 4.054707 4.054707 4.054707 4.054707 2.5529647 2.5529647 2.5699224 2.5699224 4.8307085 4.8307085 4.8307085 4.8300953 4.8307085 4.8307085 4.8307085 4.8307085 4.484252 4.484252 4.484252 4.484252 4.484252 4.484252 4.484252 3.788189 3.788189 3.7859416 3.7859416 3.7859416 3.7859416 3.7859416 4.4633517 4.4633517 4.228231 4.228231 4.228231 4.228231 3.7881885 3.7881885 3.7881885 4.484252 4.484252 4.484252 4.484252 4.484252 4.484252 4.484252 4.484252
4.802476 4.802476 4.802476 3.996801 3.996801 3.996801 3.996801 3.996801 3.996801 4.054707 4.054707 4.054707 4.054707 4.054707 4.054707 4.054707 4.054707 3.996801 3.996801 2.5529647 2.5529647 2.5699224 2.5699224 2.5699224 2.569921 4.8300953 4.8300953 4.8307085 4.8307085 4.8307085 4.484252 4.484252 4.484252 4.4633517 4.228231 4.228231 3.7859416 3.788189 3.788189 3.7859416 3.7859416 3.7859416 3.7859416 3.7859416 3.7881885 3.7881885 4.484252 4.228231 3.7065682 4.228231 3.7065682 3.7881885 3.7881885 4.484252 4.484252 4.484252 4.484252 4.484252 4.484252 4.484252 4.484252
4.8307085 4.54004 4.54004 3.996801 3.996801 3.996801 3.996801 3.996801 3.996801 3.996801 3.996801 4.054707 4.054707 4.054707 4.054707 4.0598416 3.996801 3.996801 3.996801 3.996801 3.996801 2.5699224 2.5695293 2.5695293 2.569921 2.569921 4.8307085 4.8307085 4.8307085 4.8307085 4.484252 4.484252 4.484252 3.7859416 3.7065682 3.7065682 3.7859416 3.7859416 3.7859416 3.7859416 3.7859416 3.7859416 3.7859416 3.7859416 3.7881885 3.7881885 3.7859416 4.228231 3.7065682 4.228231 3.7065682 3.7881885 3.7881885 4.484252 4.484252 4.484252 4.484252 4.484252 4.484252 4.484252 4.484252
4.059842 4.54004 4.54004 3.996801 3.996801 3.996801 3.996801 4.059842 3.996801 3.996801 4.054707 4.054707 4.054707 4.054707 4.054707 4.054707 3.996801 3.996801 3.996801 3.996801 3.996801 3.996801 2.5695293 4.054707 2.5529647 2.5699224 4.0598416 4.0598416 4.8307085 4.8307085 4.484252 4.484252 4.484252 3.7859416 3.7881885 3.7859416 3.7859416 3.7859416 3.7859416 3.7859416 3.7859416 3.7859416 3.7859416 3.7859416 3.7859416 3.7881885 3.7859416 4.228231 3.7065682 3.7065682 3.7065682 3.7881885 3.7881885 4.484252 4.484252 4.484252 4.484252 4.484252 4.484252 4.484252 4.484252
4.708661 4.4316187 4.4316187 4.4316187 3.8596187 3.8596187 3.8596187 3.8596187 3.8596187 3.8596187 3.8974762 3.8974762 3.8974762 3.8974762 3.8974762 3.8974762 3.8596187 3.8596187 3.8596187 3.8596187 3.8974762 3.8974762 2.5733519 2.5733519 2.5733519 2.5738592 3.8984246 3.8984246 3.8984246 3.8984246 4.1181097 4.1181097 4.103217 3.4690475 3.4692912 3.4690475 3.4690475 3.4690475 3.4690475 3.4690475 3.4690475 3.4690475 3.4690475 3.4690475 3.4690475 3.4692912 3.4692917 4.1181097 3.8895912 3.8895912 3.8895912 3.4692917 3.4692917 4.1181097 4.1181097 4.1181097 4.1181097 4.1181097 4.1181097 4.1181097 4.1181097
4.4316187 4.4316187 4.4316187 4.6838775 3.8974762 3.8974762 3.8596187 3.8596187 3.8596187 3.8596187 3.8974762 3.8974762 3.8974762 3.8974762 3.8974762 3.8596187 3.8596187 3.8596187 3.8596187 3.8596187 3.8974762 3.8974762 3.8974762 3.8974762 2.5529933 2.0823631 3.8984246 3.8984246 3.8984246 3.8984246 3.4692917 3.4690475 3.4690475 3.4690475 3.4692912 3.4692912 3.4692912 3.4690475 3.4690475 3.4690475 3.4690475 3.4690475 3.4690475 3.4690475 3.4690475 3.4692912 3.4692917 3.4692917 4.1181097 4.1181097 4.1181097 3.4692917 3.4692917 4.1181097 4.1181097 4.1181097 4.1181097 4.1181097 4.1181097 4.1181097 4.1181097
3.8596187 4.4316187 3.8596187 4.4316187 3.8974762 3.8974762 3.8596187 3.8596187 3.8596187 3.8596187 3.8596187 3.8596187 3.8596187 3.8596187 3.8596187 3.8596187 3.8596187 3.8596187 3.8596187 3.8974762 3.8974762 3.8974762 3.8974762 3.8974762 2.5529933 2.5738592 3.8984246 3.8984246 3.8984246 3.8984246 3.4692917 3.4690475 3.4690475 3.4690475 3.4690475 3.4692912 3.4692912 3.4692912 3.4692912 3.4690475 3.4690475 3.4692912 3.4690475 3.4690475 3.4690475 3.4692917 3.4692917 3.4692917 4.1181097 3.4692917 3.4692917 3.4692917 3.4692917 3.4692917 4.1181097 4.1181097 4.1181097 4.1181097 4.1181097 4.1181097 4.1181097
3.8984246 3.8596187 4.4316187 3.8596187 3.8974762 4.6838775 3.8596187 3.8596187 3.8596187 3.8596187 3.8596187 3.8596187 3.8596187 3.8596187 3.8974762 3.8974762 3.8596187 3.8596187 3.8596187 3.8974762 3.8974762 3.8974762 3.8974762 3.8974762 2.5529933 2.5738592 3.8984246 3.8984246 3.8984246 3.8984246 3.4692917 3.4690475 3.4690475 3.4690475 3.4690475 3.4429302 3.4429302 3.4692912 3.4692912 3.4690475 3.4690475 3.4690475 3.4690475 3.4690475 3.4429302 3.4692917 3.4692917 3.4692917 3.4692917 3.4692917 3.4692917 3.4692917 3.4692917 3.4692917 4.1181097 4.1181097 4.1181097 4.1181097 4.1181097 4.1181097 4.1181097
3.8596187 3.8596187 3.8596187 4.4316187 3.8596187 4.4316187 4.4316187 3.8596187 3.8596187 3.8596187 3.8596187 3.8596187 3.8596187 3.8596187 3.8974762 3.8974762 3.8596187 3.8596187 3.8596187 3.8974762 3.8974762 3.8974762 3.8974762 3.8974762 2.5529933 2.5738578 3.8596187 3.8596187 3.8984246 3.8984246 3.4692917 3.4692917 3.4692917 3.4690475 3.4692912 3.4429302 3.4429302 3.4429302 3.4692912 3.4429302 3.4690475 3.4690475 3.4429302 3.4429302 3.4429302 3.4692917 3.4692917 3.4692917 3.4692917 3.4692917 3.4692917 3.4692917 3.4692917 3.4692917 4.1181097 4.1181097 4.1181097 4.1181097 4.1181097 4.1181097 4.1181097
3.8984246 3.8596187 3.8596187 3.8596187 4.6838775 4.6838775 3.8974762 3.8596187 3.8596187 3.8596187 3.8596187 3.8596187 3.8596187 3.8596187 3.8974762 3.8974762 3.8974762 3.8596187 3.8596187 3.8984246 3.8974762 3.8974762 3.8974762 3.8974762 2.5529933 2.5529933 3.8596187 3.8596187 3.8596187 3.8984246 3.4429302 3.4429302 3.4429302 3.4692917 3.4692917 3.4429302 3.4429302 3.4429302 3.4429302 3.4692912 3.4429302 3.4429302 3.4429302 3.4429302 3.4429302 3.4429302 3.4692917 3.4692917 3.4692917 3.4692917 3.4692917 3.4692917 3.4692917 3.4692917 4.1181097 4.1181097 4.1181097 4.1181097 4.1181097 4.1181097 4.1181097
3.8984246 3.8984246 3.8596187 3.8596187 4.6838775 4.6838775 3.8974762 3.8984246 3.8596187 3.8596187 3.8596187 3.8596187 3.8596187 3.8596187 3.8596187 3.8974762 3.8596187 3.8596187 3.8596187 3.8596187 3.8974762 3.8974762 2.5733519 2.5733519 2.5529933 2.5529933 3.8596187 3.8596187 3.8596187 3.8596187 3.4429302 3.4429302 3.4429302 3.4429302 3.4429302 3.4429302 3.4429302 3.4429302 3.4429302 3.4429302 3.4429302 3.4429302 3.4429302 3.4429302 3.4429302 3.4429302 3.4692917 3.4692917 3.4692917 3.4692917 3.4692917 3.4692917 3.4692917 3.4692917 3.4692917 4.1181097 4.1181097 4.1181097 3.4692917 3.4692917 3.4692917
3.8984246 3.8984246 3.8984246 3.8974762 4.6838775 4.6838775 3.8596187 3.8596187 3.8596187 3.8596187 3.8596187 3.8596187 3.8596187 3.8596187 3.8596187 3.8596187 3.8596187 3.8596187 3.8596187 3.8596187 3.8596187 3.8974762 2.5733519 2.5529933 2.5529933 2.5529933 3.8596187 3.8596187 3.8596187 3.8596187 3.4429302 3.4429302 3.4429302 3.4429302 3.4429302 3.4429302 3.4429302 3.4429302 3.4429302 3.4429302 3.4429302 3.4429302 3.4429302 3.4429302 3.4429302 3.4692917 3.4692917 3.4692917 3.4692917 3.4692917 3.4692917 3.4692917 3.4692917 3.4692917 4.1181097 4.1181097 4.1181097 3.4692917 3.4692917 3.4692917 3.4692917
3.8984246 3.8984246 3.8984246 3.8974762 4.6838775 4.4316187 3.8596187 3.8596187 3.8596187 3.8984246 3.8596187 3.8596187 3.8596187 3.898425 3.898425 3.8596187 3.898425 3.8596187 3.8596187 3.8596187 3.8596187 3.8974762 2.5733519 2.5529933 2.5529933 2.5529933 3.8596187 3.8596187 3.8596187 3.8596187 3.4429302 3.4429302 3.4429302 3.4429302 3.4429302 3.4429302 3.4429302 3.4429302 3.4692917 3.4692917 3.4429302 3.4429302 3.4429302 3.4429302 3.4429302 3.4692917 3.4692917 3.4692917 3.4692917 3.4692917 3.4692917 3.4692917 3.4692917 3.4692917 4.1181097 4.1181097 4.1181097 3.4692917 3.4692917 3.4692917 3.4692917
3.8984246 3.8984246 3.8984246 3.8974762 3.8974762 4.4316187 3.8984246 3.898425 3.898425 3.898425 3.898425 3.8984246 3.898425 3.898425 3.898425 3.898425 3.898425 3.898425 3.898425 3.898425 3.8596187 3.8974762 2.5733519 2.5733519 2.5738578 2.5529933 2.5529933 3.8596187 3.8596187 3.8596187 3.4429302 3.4429302 3.4429302 3.4429302 3.4429302 3.4429302 3.4429302 3.4429302 3.4692917 3.4692917 3.4692917 3.4429302 3.4429302 3.4429302 3.4692917 3.4692917 3.4692917 3.4692917 3.4692917 3.4692917 3.4692917 3.4690475 3.4692917 3.4692917 4.1181097 4.1181097 4.1181097 3.4692917 3.4692917 3.4692917 2.2195277
