Export/ASCII/RMeteo_SP_inch/p1/RMeteo_2017_SP4_inch.asc
ncols         660
nrows         338
xllcorner     1476150
yllcorner     5017150
cellsize      100
NODATA_value  -9.9e-20
[rows 81 to 107 of 338, columns 122 to 182 of 660]
5.430454 5.430454 5.430454 6.403731 6.403731 6.403731 6.716535 6.716535 6.716535 6.716535 6.716535 6.716535 6.716535 6.716535 6.716535 6.716535 6.716535 6.403731 5.430454 6.403731 6.403731 6.403731 6.716535 6.716535 6.716535 6.716535 6.716535 6.716535 6.716535 6.716535 6.716535 5.6256046 5.6256046 6.716535 6.6100984 6.6100984 6.716535 6.716535 6.716535 6.3188972 6.3188972 6.3188972 6.3188972 6.3188972 6.3188972 6.3188972 6.3188972 6.3188972 6.3188972 6.3188972 6.3188972 6.3188972 6.3188972 6.3188972 6.3188972 6.3188972 6.3188972 6.3188972 6.3188972 6.3188972 6.3188972
5.430454 5.430454 6.403731 6.403731 6.403731 6.716535 6.716535 6.716535 6.716535 6.716535 6.716535 6.716535 6.716535 6.716535 6.716535 6.716535 6.716535 6.403731 6.403731 6.403731 6.403731 6.403731 6.403731 6.716535 6.716535 6.716535 6.716535 6.716535 6.716535 6.716535 6.716535 5.6256046 6.716535 6.716535 6.6100984 6.6100984 6.716535 6.716535 6.716535 6.3188972 6.3188972 6.3188972 6.3188972 6.3188972 6.3188972 6.3188972 6.3188972 6.3188972 6.3188972 6.3188972 6.3188972 6.3188972 6.3188972 6.3188972 6.3188972 6.3188972 6.3188972 6.3188972 6.3188972 6.3188972 6.3188972
6.403731 6.403731 6.403731 6.716535 6.716535 6.716535 6.716535 6.716535 6.716535 6.716535 6.716535 6.716535 6.716535 6.716535 6.716535 6.716535 6.716535 5.6256046 6.403731 6.403731 6.403731 6.403731 6.403731 6.716535 6.716535 6.716535 6.716535 6.716535 6.716535 6.716535 6.716535 6.716535 6.716535 6.716535 6.716535 6.716535 6.716535 6.716535 6.716535 6.3188972 6.3188972 6.3188972 6.3188972 6.3188972 6.3188972 6.3188972 6.3188972 6.3188972 6.3188972 6.3188972 6.3188972 6.3188972 6.3188972 6.3188972 6.3188972 6.3188972 6.3188972 6.3188972 6.3188972 6.2357893 6.2357893
5.6256046 6.716535 6.716535 6.716535 6.716535 6.716535 6.716535 6.716535 6.716535 6.716535 6.716535 6.716535 6.716535 6.716535 6.716535 6.716535 5.6256046 5.6256046 5.6256046 5.6256046 6.716535 6.403731 6.403731 6.716535 6.716535 6.716535 6.716535 6.146536 6.716535 6.716535 6.716535 6.716535 6.716535 6.716535 6.716535 6.716535 6.716535 6.716535 6.716535 6.3188972 6.3188972 6.3188972 6.3188972 6.3188972 6.3188972 6.3188972 6.3188972 6.3188972 6.3188972 6.3188972 6.3188972 6.3188972 6.3188972 6.3188972 6.3188972 6.3188972 6.3188972 6.3188972 6.3188972 6.2357893 6.3188972
5.6256046 5.6256046 6.716535 6.716535 6.716535 6.716535 6.716535 6.716535 6.716535 6.716535 6.716535 6.716535 6.716535 6.716535 6.716535 6.403731 5.6256046 5.6256046 4.7795806 5.6256046 6.716535 6.6100984 6.716535 6.716535 6.6100984 6.716535 6.146536 6.146536 6.716535 6.716535 6.716535 6.716535 6.716535 6.716535 6.716535 6.716535 6.716535 6.716535 6.716535 6.3188972 6.3188972 6.3188972 6.3188972 6.3188972 6.3188972 6.3188972 6.3188972 6.3188972 6.3188972 6.0608377 6.3188972 6.3188972 6.0608377 6.0608377 6.3188972 6.3188972 6.3188972 6.3188972 6.3188972 6.3188972 6.3188972
5.6256046 6.146536 6.716535 6.716535 6.716535 6.716535 6.716535 6.716535 6.716535 6.716535 6.716535 6.716535 6.716535 6.716535 6.403731 6.403731 6.716535 5.6256046 5.6256046 5.6256046 6.6100984 6.6100984 6.6100984 6.6100984 6.6100984 6.6100984 6.716535 6.716535 6.716535 5.9572425 6.716535 6.716535 6.716535 6.716535 6.716535 6.716535 6.716535 6.716535 6.716535 6.0608377 6.0608377 6.3188972 6.3188972 6.3188972 6.3188972 6.3188972 6.3188972 6.3188972 6.0608377 6.0608377 6.0608377 6.0608377 6.0608377 6.0608377 6.2357893 6.2357893 6.3188972 6.3188972 6.3188972 6.3188972 6.3188972
6.716535 6.716535 6.716535 6.716535 6.716535 6.716535 6.716535 6.716535 6.403731 6.403731 6.716535 6.716535 6.716535 5.6256046 5.6256046 6.716535 6.716535 6.716535 6.716535 6.716535 6.716535 6.6100984 6.403731 6.403731 6.6100984 6.6100984 6.716535 6.711737 6.711737 6.711737 6.711737 6.716535 6.716535 5.6256046 5.6256046 6.716535 6.716535 6.716535 5.6256046 6.0608377 6.0608377 6.3188972 6.3188972 6.3188972 6.3188972 6.3188972 6.3188972 6.3188972 6.0608377 6.0608377 6.0608377 6.0608377 6.3188972 6.3188972 6.3188972 6.3188972 6.3188972 6.3188972 6.3188972 6.3188972 6.3188972
6.716535 6.716535 6.716535 6.716535 6.716535 6.716535 6.716535 6.716535 6.716535 6.716535 6.716535 6.716535 6.716535 6.403731 5.6256046 5.6256046 5.6256046 6.716535 6.716535 6.716535 6.716535 6.403731 6.403731 6.403731 6.6100984 6.716535 6.716535 6.711737 6.711737 6.711737 6.711737 6.716535 6.716535 5.6256046 5.6256046 6.716535 6.716535 6.716535 5.6256046 5.3657694 6.3188972 6.3188972 6.3188972 6.3188972 6.2357893 6.2357893 6.3188972 6.3188972 6.3188972 6.0608377 6.2357893 6.2357893 6.2357893 6.3188972 6.3188972 6.3188972 6.3188972 6.3188972 6.3188972 6.3188972 6.3188972
6.716535 6.716535 6.716535 6.716535 6.716535 6.716535 6.716535 6.716535 6.716535 6.716535 6.716535 6.716535 6.716535 6.403731 5.6256046 5.6256046 5.6256046 6.716535 6.716535 6.716535 6.716535 6.403731 6.403731 6.716535 6.716535 6.716535 6.716535 6.711737 6.711737 6.711737 6.711737 6.716535 6.716535 6.716535 5.6256046 6.6100984 6.6100984 6.716535 6.716535 5.3657694 6.3188972 6.3188972 6.3188972 6.2357893 6.2357893 6.2357893 6.3188972 6.3188972 6.3188972 6.0608377 5.3657694 6.3188972 6.3188972 6.3188972 6.3188972 6.3188972 6.3188972 6.3188972 6.3188972 6.3188972 6.0608377
6.716535 6.716535 6.716535 6.716535 6.716535 6.716535 6.716535 6.716535 6.716535 6.716535 6.716535 6.716535 6.716535 6.716535 5.6256046 5.6256046 5.6256046 6.716535 6.716535 6.716535 6.716535 6.716535 6.716535 6.716535 6.716535 6.716535 6.716535 6.716535 6.711737 6.711737 6.716535 6.716535 6.716535 6.716535 6.716535 6.6100984 6.6100984 6.716535 6.403731 6.0608377 6.0608377 6.0608377 6.0608377 6.0608377 6.0608377 6.0608377 6.3188972 6.3188972 6.3188972 6.0608377 6.0608377 5.3657694 6.3188972 6.3188972 6.3188972 6.3188972 6.3188972 6.3188972 6.3188972 6.3188972 6.0608377
6.716535 6.716535 6.716535 6.716535 6.716535 6.716535 6.716535 6.716535 6.716535 6.716535 6.716535 6.716535 6.716535 6.716535 6.716535 6.716535 6.716535 6.716535 6.716535 6.716535 6.716535 6.716535 6.6100984 6.6100984 6.716535 6.716535 6.716535 6.716535 6.716535 6.716535 6.716535 6.716535 6.716535 6.716535 6.716535 6.716535 6.716535 6.716535 6.403731 6.0608377 6.0608377 6.0608377 6.0608377 6.0608377 6.0608377 6.0608377 6.3188972 6.3188972 6.3188972 6.0608377 6.0608377 5.3657694 6.3188972 6.3188972 6.3188972 6.3188972 6.3188972 6.3188972 6.3188972 5.3657694 6.2357893
6.716535 6.716535 6.716535 6.716535 6.716535 6.716535 6.716535 6.716535 6.716535 6.403731 6.716535 6.716535 6.716535 6.716535 6.716535 6.716535 6.716535 6.716535 6.716535 6.716535 6.716535 6.716535 6.6100984 6.6100984 6.716535 6.716535 6.716535 6.146536 6.711737 6.716535 6.716535 6.716535 6.716535 6.716535 6.403731 6.403731 6.403731 6.403731 6.403731 6.0608377 5.1341004 5.1341004 6.0608377 6.0608377 6.0608377 6.0608377 6.3188972 6.0608377 6.0608377 6.3188972 6.3188972 6.3188972 6.3188972 6.3188972 6.3188972 6.3188972 6.3188972 6.3188972 6.3188972 5.3657694 5.3706207
6.716535 6.716535 6.716535 6.716535 6.716535 6.716535 6.716535 6.716535 6.716535 6.403731 5.6256046 6.716535 6.716535 6.716535 6.716535 6.716535 6.716535 6.716535 6.716535 6.716535 6.6100984 6.6100984 6.716535 6.403731 6.716535 6.716535 6.716535 6.716535 6.716535 6.716535 6.716535 6.716535 6.716535 6.403731 6.403731 6.403731 5.430454 5.430454 5.430454 4.5579453 5.1341004 5.1341004 6.0608377 6.0608377 6.0608377 6.0608377 6.3188972 6.0608377 6.0608377 6.3188972 6.3188972 6.3188972 6.3188972 6.3188972 6.3188972 6.3188972 6.3188972 6.3188972 6.3188972 6.2357893 6.2357893
6.716535 6.716535 6.716535 6.716535 6.716535 6.716535 6.716535 6.716535 6.716535 5.6256046 5.6256046 6.716535 6.716535 6.716535 6.716535 6.716535 6.716535 6.716535 6.6100984 6.6100984 6.6100984 6.6100984 6.716535 6.716535 6.716535 6.716535 6.716535 6.716535 6.716535 6.716535 6.716535 6.716535 6.403731 6.403731 5.430454 5.430454 5.430454 5.430454 5.430454 4.5579453 4.5579453 5.1341004 6.0608377 6.0608377 6.0608377 6.0608377 6.0608377 6.3188972 6.314619 6.314619 5.3657694 5.3657694 5.3657694 5.3657694 6.3188972 6.3188972 6.3188972 6.3188972 6.3188972 6.3188972 6.3188972
6.716535 6.716535 6.716535 6.716535 6.716535 6.716535 6.716535 6.716535 6.716535 6.716535 6.716535 6.716535 6.716535 6.716535 6.716535 6.716535 6.716535 6.716535 6.716535 6.403731 6.403731 6.716535 6.716535 6.716535 6.716535 6.716535 6.716535 6.716535 6.716535 6.716535 6.716535 6.716535 6.716535 6.403731 5.430454 5.430454 5.430454 4.7795806 4.7795806 4.5579453 4.5579453 5.1341004 6.0608377 6.0608377 6.0608377 6.0608377 6.0608377 6.0608377 6.3188972 6.314619 6.2357893 5.3706207 5.3657694 5.3657694 6.3188972 6.3188972 6.3188972 6.3188972 6.3188972 6.3188972 6.314619
6.716535 6.716535 6.716535 6.716535 6.403731 6.716535 6.716535 6.716535 6.716535 6.716535 6.716535 6.716535 6.716535 6.716535 6.716535 6.716535 6.716535 6.716535 6.716535 6.716535 6.403731 6.716535 6.716535 6.716535 6.716535 6.716535 5.6256046 6.716535 6.716535 6.716535 6.716535 6.716535 6.716535 6.403731 6.403731 5.430454 5.430454 5.430454 4.7795806 4.5579453 4.5579453 4.5579453 5.3657694 6.0608377 6.0608377 6.0608377 6.0608377 6.0608377 6.3188972 6.3188972 6.2357893 6.2357893 6.3188972 6.3188972 6.3188972 6.3188972 6.3188972 5.7488976 5.7488976 6.3188972 6.314619
6.716535 6.716535 6.716535 6.403731 6.403731 6.716535 6.716535 6.716535 6.716535 6.716535 6.716535 6.716535 6.716535 6.716535 6.716535 6.716535 6.716535 6.716535 6.716535 6.716535 6.716535 6.716535 6.716535 6.716535 6.716535 5.6256046 5.6256046 5.6256046 6.6100984 6.6100984 6.716535 6.716535 6.403731 6.403731 6.403731 5.430454 5.430454 5.430454 4.7795806 4.5579453 4.5579453 5.3657694 5.3657694 6.0608377 6.0608377 5.1341004 5.1341004 6.0608377 5.3657694 5.3657694 6.3188972 6.3188972 6.3188972 6.3188972 6.3188972 6.3188972 6.3188972 6.3188972 6.314619 6.314619 6.314619
6.403731 6.403731 6.716535 6.716535 6.403731 6.403731 6.716535 6.716535 6.716535 6.716535 6.716535 6.716535 6.716535 6.716535 6.716535 6.716535 6.716535 6.716535 6.716535 6.716535 6.716535 6.716535 6.716535 6.716535 6.716535 6.716535 5.6256046 5.6256046 6.6100984 6.6100984 6.716535 6.716535 6.403731 5.430454 5.430454 5.430454 5.430454 5.430454 5.430454 5.1341004 4.5579453 5.3657694 6.0608377 6.0608377 5.1341004 6.0608377 5.3657694 5.3657694 5.3657694 5.3657694 6.3188972 6.3188972 6.3188972 6.3188972 6.3188972 6.3188972 6.3188972 6.314619 6.314619 6.314619 6.314619
6.403731 6.403731 6.403731 6.403731 6.403731 6.403731 6.716535 6.716535 6.716535 6.716535 6.716535 6.716535 6.716535 6.716535 6.716535 6.716535 6.716535 6.716535 6.716535 6.716535 6.716535 6.716535 6.716535 6.716535 6.716535 6.716535 5.6256046 5.6256046 6.716535 6.716535 6.716535 6.716535 6.403731 6.403731 5.430454 5.430454 5.430454 5.430454 5.430454 5.1341004 5.1341004 5.1341004 5.1341004 5.1341004 5.1341004 6.0608377 5.3657694 5.3657694 5.3657694 5.3657694 6.3188972 6.3188972 6.3188972 6.3188972 6.3188972 6.3188972 6.3188972 6.314619 6.314619 6.2357893 6.2357893
6.403731 6.403731 6.403731 6.716535 6.403731 6.403731 6.403731 6.716535 6.716535 6.716535 6.716535 6.716535 6.716535 6.716535 6.716535 6.716535 6.716535 6.716535 6.716535 6.716535 6.6100984 6.6100984 6.716535 6.716535 6.716535 6.716535 6.716535 6.716535 6.716535 6.716535 6.716535 6.716535 6.716535 6.403731 6.403731 5.430454 5.430454 6.403731 6.403731 5.1341004 5.1341004 5.1341004 5.1341004 5.1341004 5.1341004 6.0608377 5.3657694 5.3657694 5.3657694 6.3188972 6.3188972 6.3188972 6.3188972 6.3188972 6.3188972 6.3188972 6.3188972 6.314619 6.314619 6.2357893 6.2357893
6.403731 6.403731 6.403731 5.6256046 6.403731 6.403731 6.403731 5.6256046 6.716535 6.716535 6.716535 6.716535 6.716535 6.716535 6.716535 6.716535 6.716535 6.716535 6.716535 6.403731 6.6100984 6.6100984 6.6100984 6.716535 6.716535 6.716535 6.716535 6.716535 6.716535 6.716535 6.716535 6.403731 6.403731 6.403731 6.403731 5.430454 5.430454 6.403731 6.403731 6.0608377 6.0608377 6.0608377 5.3657694 5.3657694 6.0608377 5.3657694 5.3657694 5.3657694 5.3657694 6.3188972 6.3188972 6.3188972 6.3188972 6.3188972 6.2357893 6.3188972 6.3188972 6.3188972 6.314619 6.314619 6.3188972
5.430454 6.403731 6.403731 4.7795806 6.403731 6.403731 6.403731 6.6100984 6.6100984 6.716535 6.716535 6.716535 6.716535 6.716535 6.716535 6.716535 6.716535 6.716535 6.716535 6.403731 6.403731 6.716535 6.6100984 6.6100984 6.716535 5.6256046 6.716535 6.716535 6.6100984 6.716535 6.403731 6.403731 6.403731 6.403731 6.403731 6.403731 6.403731 6.403731 6.403731 6.0608377 6.0608377 5.3657694 5.3657694 5.3657694 5.3657694 5.3657694 5.3657694 5.3657694 5.3657694 6.3188972 6.3188972 6.3188972 6.3188972 6.3188972 6.3188972 6.3188972 6.3188972 6.3188972 6.3188972 6.3188972 6.3188972
4.3973026 4.3973026 4.3973026 4.3973026 6.41994 4.3973026 6.41994 6.41994 6.6444283 6.7322836 6.7322836 6.7322836 6.7322836 6.7322836 6.7322836 6.7322836 6.7322836 6.7322836 6.7322836 6.7322836 6.41994 6.41994 6.7322836 6.41994 6.41994 5.554203 6.41994 6.41994 6.6444283 6.7322836 6.41994 6.41994 6.41994 6.41994 6.41994 6.41994 6.41994 5.554203 5.554203 5.264703 5.264703 5.264703 5.264703 5.264703 5.264703 5.264703 5.264703 6.0298433 6.2952747 6.2952747 6.2952747 6.2952747 6.2952747 6.2952747 6.2952747 6.2952747 6.2952747 6.2217855 6.2217855 6.2952747 6.2952747
4.013302 4.3973026 4.3973026 4.3973026 4.3973026 4.3973026 6.41994 6.41994 6.7322836 6.7322836 6.7322836 6.7322836 6.41994 6.41994 6.7322836 6.7322836 6.7322836 6.7322836 6.7322836 6.7322836 6.41994 6.41994 6.41994 6.41994 6.41994 5.554203 6.41994 6.41994 6.7322836 6.7322836 6.41994 6.41994 6.41994 6.7322836 6.7322836 6.41994 6.41994 5.554203 5.554203 3.861079 3.861079 3.861079 5.264703 5.264703 5.264703 5.264703 5.264703 6.0298433 6.2217855 6.0298433 5.264703 6.2952747 6.2952747 6.2952747 6.2952747 6.2952747 6.2952747 6.2217855 6.2217855 6.2952747 6.2952747
4.3973026 4.3973026 4.3973026 4.3973026 4.3973026 4.3973026 4.3973026 6.41994 6.41994 6.41994 4.3973026 4.5542097 4.3973026 4.3973026 4.013302 4.688242 6.7322836 6.7322836 6.7322836 6.7322836 6.41994 6.41994 4.3973026 4.3973026 6.41994 6.41994 6.41994 6.6444283 6.7322836 6.7322836 6.7322836 6.7322836 6.7322836 6.7322836 6.7322836 6.7322836 6.7322836 6.7322836 5.554203 5.264703 5.264703 5.264703 5.264703 6.2217855 6.2952747 6.2952747 6.0298433 6.0298433 6.2217855 6.0298433 5.264703 5.264703 6.2952747 6.2952747 6.2952747 6.2952747 6.2952747 6.2217855 6.2217855 6.2952747 6.2952747
4.3973026 4.3973026 4.3973026 4.3973026 4.3973026 4.3973026 4.3973026 4.3973026 4.3973026 4.3973026 4.3973026 4.5542097 4.013302 4.013302 4.013302 4.688242 4.688242 4.688242 4.688242 4.688242 6.41994 6.41994 4.3973026 4.3973026 5.554203 5.554203 5.554203 6.41994 6.7322836 6.7322836 6.7322836 6.7322836 6.7322836 6.7322836 6.7322836 6.7322836 6.7322836 6.7322836 5.554203 6.2952747 6.2952747 6.2952747 6.2952747 6.2952747 6.2952747 6.2952747 6.2217855 6.2217855 6.2952747 6.2952747 6.2952747 6.2952747 6.2952747 6.2952747 6.2952747 6.2952747 6.2952747 6.2217855 6.2217855 5.264703 6.2952747
4.013302 4.013302 4.688241 4.3973026 4.3973026 4.3973026 4.3973026 4.013302 4.3973026 4.3973026 4.3973026 4.688242 4.688242 4.688242 4.688242 4.688242 4.688242 4.688242 4.688242 4.688242 4.3973026 4.3973026 4.3973026 4.3973026 4.013302 4.013302 5.554203 6.41994 6.7322836 6.7322836 6.7322836 6.7322836 6.7322836 6.7322836 6.7322836 6.7322836 6.7322836 6.7322836 6.41994 6.0298433 6.2952747 6.2952747 6.2952747 6.2952747 6.2217855 6.2217855 6.2217855 6.2217855 6.2952747 6.2952747 6.2952747 6.2952747 6.2952747 6.2952747 6.2952747 6.2952747 6.2952747 6.2952747 6.2952747 6.2952747 6.2952747
