Export/ASCII/RMeteo_SP_inch/p1/RMeteo_2016_SP4_inch.asc
ncols         660
nrows         338
xllcorner     1476150
yllcorner     5017150
cellsize      100
NODATA_value  -9.9e-20
[rows 84 to 111 of 338, columns 305 to 365 of 660]
6.441897 7.261698 7.261698 6.4311547 6.441897 6.441897 6.441897 6.441897 7.3740153 7.3740153 7.3740153 7.3740153 7.3740153 4.4595227 4.4595227 5.917438 6.3736205 6.3736205 7.2677155 6.3736205 6.3736205 7.148253 7.148253 7.2677155 7.2677155 7.2677155 7.2677155 7.2677155 7.2677155 7.2677155 6.3736205 6.3736205 6.2812195 6.2812195 6.2812195 6.2812195 6.2812195 6.2812195 6.2812195 6.2812195 6.2812195 6.2812195 6.2812195 6.2812195 6.2812195 6.2812195 6.2812195 6.971654 6.971654 6.971654 6.3736205 6.3736205 6.3736205 6.3736205 6.3736205 6.3736205 6.3736205 7.148255 6.971654 6.971654 6.2812195
7.3740153 7.261698 7.261698 7.261698 5.9841485 6.441897 6.441897 6.441897 7.3740153 7.3740153 7.3740153 7.3740153 6.441897 6.3736205 6.3736205 5.917438 6.3736205 6.3736205 6.3736205 6.3736205 6.3736205 6.3736205 6.3736205 6.3736205 7.2677155 7.2677155 7.2677155 7.2677155 6.3736205 7.2677155 6.3736205 6.3736205 6.971654 6.971654 6.2812195 6.2812195 5.917438 5.917438 6.2812195 6.2812195 6.2812195 5.917438 5.917438 5.917438 5.917438 6.2812195 6.2812195 6.2812195 6.2812195 6.971654 6.3736205 6.3736205 6.3736205 6.3736205 6.3736205 6.3736205 6.3736205 6.3736205 5.917438 5.917438 6.2812195
7.3740153 7.3740153 7.3740153 6.441897 6.441897 6.441897 6.441897 6.441897 7.3740153 7.3740153 7.3740153 6.441897 6.441897 6.3736205 5.917438 5.917438 6.3736205 6.3736205 6.3736205 5.917438 6.3736205 6.3736205 6.3736205 6.971654 6.971654 6.971654 7.2677155 6.3736205 6.3736205 6.3736205 6.3736205 6.971654 6.971654 6.971654 6.2812195 6.347437 5.917438 5.917438 6.2812195 6.2812195 6.2812195 5.917438 5.917438 5.917438 5.917438 6.2812195 6.2812195 6.2812195 6.2812195 6.3736205 7.2677155 6.3736205 6.3736205 5.917438 5.917438 6.3736205 6.3736205 5.917438 5.917438 5.917438 6.3736205
7.3740153 7.261698 7.261698 6.4311547 7.261698 6.441897 6.441897 7.3740153 7.3740153 7.3740153 7.3740153 6.441897 6.441897 5.917438 5.917438 5.917438 6.3736205 6.3736205 6.3736205 6.3736205 6.3736205 6.3736205 6.971654 6.971654 6.971654 6.2812195 6.971654 6.971654 6.3736205 6.3736205 6.3736205 6.3736205 6.3736205 7.148255 6.347437 5.917438 6.2812195 6.2812195 6.2812195 5.917438 5.917438 5.917438 5.917438 5.917438 5.917438 5.917438 5.917438 6.2812195 6.971654 6.3736205 7.2677155 7.2677155 6.3736205 6.3736205 5.917438 5.917438 5.917438 5.917438 6.347437 6.347437 7.148255
7.3740153 7.3740153 7.261698 7.261698 6.441897 7.0811334 6.441897 7.3740153 7.3740153 7.3740153 7.3740153 6.441897 6.441897 6.3736205 5.917438 5.917438 6.3736205 6.3736205 6.3736205 6.3736205 6.3736205 6.3736205 6.971654 6.971654 6.971654 6.2812195 6.971654 6.971654 6.3736205 6.3736205 5.917438 6.3736205 6.3736205 6.3736205 6.347437 5.917438 6.2812195 6.2812195 6.2812195 5.917438 5.917438 5.917438 5.917438 5.917438 5.917438 5.917438 6.2812195 6.2812195 6.971654 7.2677155 7.2677155 7.2677155 6.3736205 6.3736205 6.2812195 6.971654 7.2677155 6.3701563 7.148255 6.347437 6.971654
6.441897 6.441897 6.441897 6.441897 6.441897 7.0811334 7.3740153 7.3740153 7.3740153 7.3740153 7.3740153 7.3740153 7.3740153 6.3736205 6.3736205 6.3736205 6.3736205 6.3736205 6.3736205 7.2677155 7.2677155 7.2677155 6.971654 6.971654 6.971654 6.2812195 6.971654 6.971654 6.971654 6.3736205 5.917438 5.917438 5.917438 6.2812195 6.2812195 6.2812195 6.2812195 6.2812195 6.2812195 5.917438 5.917438 6.2812195 5.917438 5.917438 5.917438 5.917438 6.2812195 6.971654 7.2677155 7.2677155 7.2677155 7.2677155 5.917438 6.3653107 6.2812195 6.971654 7.2677155 7.2677155 7.257847 6.971654 6.971654
6.441897 6.441897 6.441897 6.441897 6.441897 6.441897 7.3740153 7.3740153 7.3740134 7.261698 7.3740153 7.3740153 7.3740153 7.2677155 6.3736205 6.3736205 6.3736205 7.2677155 6.3736205 6.3736205 6.971654 6.971654 6.971654 6.971654 6.971654 6.2812195 6.2812195 6.2812195 6.971654 6.3736205 6.3736205 6.3736205 5.917438 6.2812195 6.3653107 6.3653107 7.2677155 7.2677155 7.2677155 5.917438 5.917438 6.2812195 5.917438 5.917438 6.2812195 6.2812195 6.2812195 6.971654 7.257847 6.3736205 6.3736205 5.917438 5.917438 6.3653107 6.2812195 6.971654 6.971654 6.971654 6.971654 6.971654 6.2812195
6.441897 6.441897 6.441897 6.441897 6.441897 6.441897 7.3740153 7.3740134 6.441897 6.441897 7.3740153 7.3740153 7.3740153 7.2677155 6.3736205 6.3736205 6.3736205 7.2677155 6.3736205 6.971654 6.971654 6.2812195 6.2812195 6.2812195 6.2812195 6.2812195 6.2812195 6.2812195 6.971654 7.2677155 6.971654 6.971654 5.917438 5.917438 5.917438 6.3736205 6.3736205 6.3736205 6.3736205 5.917438 5.917438 6.2812195 6.2812195 6.2812195 6.2812195 6.971654 6.971654 6.2812195 7.2677155 5.917438 5.917438 5.917438 5.917438 6.3653107 6.3653107 6.971654 6.2812195 6.2812195 6.2812195 6.2812195 6.2812195
5.9841485 5.9841485 5.9841485 6.441897 6.441897 7.3740153 6.441897 6.441897 6.441897 6.441897 6.441897 6.4764566 6.441897 7.2677155 7.2677155 6.3653107 6.3736205 7.2677155 6.971654 6.971654 6.2812195 6.2812195 6.2812195 6.2812195 6.2812195 6.2812195 6.2812195 6.971654 6.971654 7.2677155 6.971654 6.971654 6.3736205 5.917438 5.917438 5.917438 5.917438 5.917438 5.917438 5.917438 5.917438 5.917438 6.2812195 6.2812195 7.2677155 6.3736205 6.971654 6.2812195 6.3653107 6.3653107 5.917438 6.3653107 6.3653107 6.3653107 6.3653107 6.2812195 6.2812195 6.2812195 6.2812195 6.2812195 6.2812195
5.9841485 5.9841485 5.9841485 5.9841485 7.3740153 7.3740153 6.441897 6.441897 6.441897 6.441897 6.441897 6.441897 6.4764566 6.3736205 6.3736205 6.3736205 5.917438 6.3653107 6.971654 6.971654 6.2812195 6.2812195 6.2812195 6.2812195 6.2812195 6.2812195 6.2812195 6.971654 6.3736205 7.2677155 6.971654 6.971654 6.3736205 6.3736205 6.3736205 5.917438 5.917438 5.917438 5.917438 5.917438 5.917438 5.917438 5.917438 5.917438 7.2677155 7.2677155 6.971654 6.2812195 6.3653107 5.917438 6.2812195 6.3653107 6.3653107 6.3653107 5.917438 6.2812195 6.2812195 6.2812195 6.2812195 6.2812195 6.2812195
5.9841485 5.9841485 5.9841485 5.9841485 5.9841485 5.9841485 6.441897 6.441897 6.441897 6.441897 6.441897 6.441897 6.441897 6.3736205 6.3736205 5.917438 5.917438 5.917438 6.2812195 6.2812195 6.2812195 5.917438 6.2812195 5.917438 5.917438 6.2812195 6.2812195 5.917438 6.971654 6.971654 7.2677155 6.971654 7.148255 6.3736205 6.3736205 6.3736205 6.3736205 5.917438 5.917438 5.917438 5.917438 5.917438 5.917438 6.3736205 7.2677155 7.257847 6.971654 6.971654 7.2677155 5.917438 6.2812195 6.2812195 7.2677155 6.3653107 6.3653107 6.3653107 6.2812195 6.2812195 6.2812195 6.2812195 6.2812195
5.9841485 5.9841485 5.9841485 5.9841485 5.9841485 6.441897 6.441897 6.441897 6.441897 6.441897 6.441897 6.441897 6.441897 6.3736205 6.3736205 5.917438 5.917438 5.917438 6.3653107 6.2812195 5.917438 5.917438 6.3653107 6.3653107 6.2812195 6.2812195 6.2812195 6.2812195 6.971654 6.971654 7.2677155 7.2677155 7.148255 7.2677155 7.2677155 6.3736205 6.3736205 6.3736205 5.917438 5.917438 5.917438 5.917438 6.3736205 7.257847 7.257847 7.257847 7.2677155 6.971654 7.2677155 5.917438 6.971654 6.971654 6.3736205 6.3736205 5.917438 5.917438 5.917438 5.917438 6.2812195 6.2812195 6.2812195
5.9841485 5.9841485 5.9841485 5.9841485 5.9841485 6.441897 6.441897 6.441897 6.441897 6.441897 6.441897 6.441897 6.441897 6.3736205 6.3736205 5.917438 5.917438 5.917438 6.3653107 7.2677155 5.917438 5.917438 5.917438 5.917438 6.2812195 6.2812195 6.2812195 6.2812195 6.2812195 6.971654 7.148255 6.347437 7.148255 7.2677155 6.3701563 7.2677155 7.2677155 6.3736205 6.3736205 6.3736205 6.3736205 6.3736205 7.2677155 7.2677155 7.257847 7.257847 7.257847 6.971654 6.971654 6.971654 6.971654 6.971654 6.971654 6.2812195 5.917438 5.917438 5.917438 5.917438 6.2812195 6.2812195 6.2812195
6.441897 6.441897 6.441897 5.9841485 6.441897 6.441897 6.441897 6.441897 6.441897 6.441897 6.441897 6.441897 6.441897 6.3736205 6.3736205 5.917438 6.3736205 6.3736205 6.3736205 6.3736205 7.2677155 7.2677155 7.2677155 6.3736205 6.347437 5.917438 5.917438 5.917438 5.917438 6.3736205 6.3736205 6.3736205 6.971654 7.2677155 7.2677155 6.971654 6.971654 7.2677155 7.2677155 6.3736205 6.3736205 7.2677155 7.2677155 7.2677155 7.257847 7.257847 6.3736205 6.971654 6.971654 6.3736205 6.3736205 6.3736205 6.971654 5.917438 5.917438 5.917438 5.917438 5.917438 6.2812195 6.2812195 6.2812195
6.441897 6.441897 7.0811334 6.441897 6.441897 6.441897 6.441897 6.441897 6.441897 6.441897 6.441897 6.441897 6.441897 6.3736205 6.3736205 6.3736205 6.3736205 6.3736205 7.2677155 6.3736205 7.2677155 7.2677155 7.2677155 7.2677155 5.917438 5.917438 5.917438 5.917438 5.917438 5.917438 6.3736205 6.3736205 6.3736205 6.3701563 7.2677155 6.971654 6.971654 6.971654 6.971654 6.971654 6.3736205 7.2677155 7.2677155 7.2677155 6.971654 6.971654 6.3736205 6.3736205 6.3736205 6.3736205 6.3736205 6.971654 6.2812195 6.2812195 6.2812195 5.917438 5.917438 5.917438 5.917438 5.917438 5.917438
6.441897 6.441897 6.441897 7.0811334 6.441897 6.441897 6.441897 6.441897 6.441897 6.441897 6.441897 6.441897 6.441897 6.3736205 6.3736205 6.3736205 6.3736205 6.3736205 6.3736205 6.3736205 6.3736205 7.2677155 7.2677155 7.2677155 6.3736205 5.917438 5.917438 5.917438 5.917438 6.3736205 6.3736205 5.917438 6.3736205 6.3701563 7.2677155 6.971654 6.971654 6.971654 6.2812195 6.971654 6.3736205 6.3736205 6.3736205 7.2677155 6.971654 6.971654 6.971654 6.3736205 6.3736205 7.148255 7.148255 6.971654 6.971654 6.2812195 6.2812195 5.917438 5.917438 5.917438 5.917438 5.917438 5.917438
6.441897 6.441897 6.441897 7.0811334 7.0811334 6.441897 6.441897 6.441897 6.441897 6.441897 6.441897 6.441897 6.441897 6.3736205 6.3736205 6.3736205 6.3736205 6.3736205 6.3736205 6.3736205 6.3736205 7.2677155 7.2677155 7.2677155 6.2812195 6.2812195 5.917438 5.917438 5.917438 6.3736205 6.3736205 5.917438 6.3736205 6.3736205 7.2677155 6.971654 6.2812195 6.2812195 6.2812195 6.2812195 6.971654 6.971654 6.971654 6.971654 6.971654 6.2812195 6.971654 5.917438 6.3736205 7.148255 7.148255 6.3736205 6.971654 6.2812195 6.2812195 5.917438 5.917438 5.917438 5.917438 5.917438 5.917438
6.441897 6.441897 6.441897 6.366814 6.366814 7.0811334 7.0811334 6.441897 6.441897 5.9841485 5.9841485 6.441897 6.441897 6.3736205 6.3736205 6.3736205 6.3736205 6.3736205 6.3736205 6.3736205 6.3736205 6.3736205 7.2677155 7.2677155 7.2677155 5.917438 6.2812195 5.917438 5.917438 5.917438 5.917438 5.917438 5.917438 6.3736205 6.971654 6.2812195 6.2812195 6.2812195 6.2812195 6.2812195 6.2812195 6.2812195 6.2812195 6.2812195 6.2812195 6.2812195 5.917438 6.3736205 6.3736205 6.3736205 6.3736205 5.917438 5.917438 6.2812195 6.2812195 6.3653107 6.3653107 6.3653107 5.917438 5.917438 5.917438
6.441897 6.441897 6.441897 6.366814 6.366814 6.366814 6.366814 7.0811334 6.441897 5.9841485 5.9841485 6.441897 6.441897 6.3736205 6.3736205 6.3736205 6.3736205 6.3736205 6.3736205 6.3736205 6.3736205 6.3736205 6.971654 7.2677155 7.2677155 6.971654 6.971654 6.3736205 5.917438 5.917438 5.917438 5.917438 5.917438 6.347437 6.2812195 6.2812195 6.2812195 6.2812195 6.2812195 6.2812195 6.2812195 6.2812195 6.2812195 6.2812195 6.2812195 6.2812195 6.2812195 6.971654 6.3736205 6.3736205 6.3736205 6.3736205 6.3736205 6.2812195 6.2812195 6.2812195 6.3653107 6.3653107 5.917438 5.917438 5.917438
6.7471757 6.7471757 7.2250123 6.301108 6.301108 6.301108 6.301108 6.301108 6.301108 6.301108 6.301108 7.2250123 6.7471757 6.502551 6.502551 6.502551 6.502551 6.502551 6.502551 6.502551 6.502551 6.502551 6.9487257 6.9487257 7.0551176 7.0551176 7.0551176 6.502551 6.502551 5.736516 6.502551 5.736516 6.080735 6.080735 6.080735 6.080735 6.9487257 6.9487257 6.502551 6.9487257 6.080735 6.080735 6.080735 6.080735 6.080735 6.080735 6.080735 6.9487257 6.502551 6.9487257 6.9487257 6.9487257 6.080735 6.080735 6.080735 6.080735 6.13307 6.080735 6.080735 6.080735 5.736516
5.942934 5.942934 6.301108 6.301108 6.301108 6.301108 6.301108 6.301108 6.301108 6.301108 6.301108 6.301108 7.2250123 6.9487257 6.502551 6.502551 6.502551 6.502551 6.502551 6.502551 6.502551 6.502551 6.9487257 6.9487257 7.038785 7.038785 7.0551176 7.0551176 6.502551 6.502551 6.9487257 6.080735 6.080735 6.080735 6.080735 6.080735 6.9487257 7.0551176 7.0551176 6.9487257 6.9487257 6.080735 6.080735 6.080735 6.080735 6.080735 6.080735 6.9487257 6.9487257 6.9487257 6.9487257 6.080735 6.080735 6.080735 6.080735 6.080735 6.080735 6.080735 6.080735 6.080735 6.119499
6.7471757 5.942934 6.301108 5.942934 5.942934 6.301108 6.301108 6.301108 6.301108 6.301108 6.301108 6.301108 6.301108 6.080735 6.9487257 6.9487257 6.502551 6.502551 6.502551 6.502551 6.502551 6.502551 6.9487257 6.9487257 6.9487257 7.038785 6.119499 6.119499 7.0551176 6.9487257 6.080735 6.080735 6.080735 6.080735 6.080735 6.080735 6.502551 7.0551176 7.0551176 7.0551176 6.9487257 6.080735 6.080735 6.080735 6.080735 6.080735 6.080735 6.9487257 6.9487257 6.9487257 6.9487257 6.080735 6.080735 6.080735 6.080735 6.080735 6.080735 6.080735 6.080735 6.080735 6.080735
0.0 6.3574796 5.942934 5.942934 5.942934 5.5774784 5.5774784 5.5774784 6.301108 7.2250123 7.2250123 7.2250123 7.2250123 6.9487257 6.9487257 6.9487257 6.9487257 6.9487257 6.9487257 6.9487257 7.038785 7.038785 6.502551 5.736516 5.736516 5.736516 5.736516 6.13124 6.13307 6.13307 6.080735 6.080735 6.080735 6.080735 6.080735 6.080735 6.502551 7.0551176 7.0551176 7.0551176 6.9487257 6.080735 6.080735 6.080735 6.080735 6.080735 6.080735 6.080735 6.9487257 6.502551 6.9487257 6.9487257 6.080735 6.13307 6.080735 6.080735 6.080735 6.080735 6.080735 6.080735 6.502551
5.5774784 5.5774784 7.2250123 6.7471757 6.7471757 6.7471757 5.942934 5.942934 6.7471757 7.3425193 7.3425193 7.3425193 7.3425193 7.038785 7.038785 7.038785 6.9487257 6.080735 6.080735 6.9487257 6.9487257 6.502551 6.502551 5.736516 5.736516 5.736516 5.736516 5.736516 6.13124 5.736516 5.736516 5.736516 5.736516 6.080735 6.080735 6.080735 6.080735 7.0551176 6.9487257 6.9487257 6.9487257 6.080735 6.080735 6.080735 6.080735 6.080735 6.080735 6.080735 6.9487257 6.9487257 6.9487257 6.9487257 6.9487257 6.9487257 6.9487257 6.9487257 6.9487257 6.502551 6.502551 6.502551 6.502551
5.942934 5.942934 7.2250123 6.7471757 6.7471757 6.7471757 5.942934 5.942934 6.7471757 6.7471757 7.3425193 7.3425193 7.3425193 7.038785 7.038785 7.038785 7.038785 6.9487257 6.9487257 6.080735 6.080735 6.502551 6.502551 5.736516 5.736516 5.736516 5.736516 5.736516 5.736516 5.736516 5.736516 5.736516 5.736516 6.080735 6.080735 6.080735 6.080735 6.9487257 6.9487257 6.080735 6.080735 6.080735 6.080735 6.080735 6.080735 6.080735 6.080735 5.736516 5.736516 6.080735 6.9487257 6.9487257 6.9487257 6.9487257 6.9487257 6.9487257 6.080735 6.9487257 6.9487257 6.9487257 5.736516
5.942934 5.942934 6.301108 6.7471757 6.7471757 5.942934 5.942934 5.942934 5.942934 6.7471757 6.7471757 7.2250123 7.2250123 7.0551176 7.038785 7.038785 7.038785 6.9487257 6.9487257 6.9487257 6.9487257 6.9487257 6.9487257 6.502551 6.502551 5.736516 5.736516 5.736516 5.736516 5.736516 5.736516 5.736516 5.736516 6.080735 6.080735 6.080735 6.080735 6.080735 6.080735 6.080735 6.080735 6.080735 6.080735 6.080735 6.080735 6.080735 6.080735 5.736516 5.736516 6.080735 6.9487257 6.9487257 6.502551 6.9487257 6.9487257 6.9487257 6.080735 6.080735 6.080735 6.9487257 6.502551
5.942934 5.942934 6.301108 5.942934 5.942934 5.942934 5.942934 5.942934 5.942934 5.942934 5.942934 7.2250123 7.2250123 7.038785 7.0551176 7.038785 7.038785 7.0551176 6.502551 6.502551 6.502551 6.502551 7.038785 6.9487257 6.9487257 6.9487257 6.502551 6.502551 5.736516 5.736516 5.736516 5.736516 6.9487257 6.9487257 6.502551 5.736516 6.080735 6.080735 5.736516 5.736516 6.080735 6.9487257 7.0551176 6.9487257 6.9487257 6.9487257 6.9487257 6.502551 6.502551 6.9487257 6.9487257 6.9487257 6.502551 6.9487257 6.9487257 5.736516 6.080735 6.080735 6.502551 6.502551 6.502551
5.942934 5.942934 5.942934 5.942934 5.942934 5.942934 5.942934 5.942934 5.942934 5.942934 5.942934 7.2250123 7.3224044 7.038785 7.0551176 7.0551176 6.502551 6.502551 6.502551 6.502551 5.736516 5.736516 6.502551 6.502551 6.9487257 6.9487257 6.9487257 6.9487257 6.9487257 6.080735 5.736516 6.080735 6.080735 7.0551176 6.502551 5.736516 5.736516 5.736516 5.736516 5.736516 5.736516 6.9487257 6.9487257 6.9487257 6.9487257 6.9487257 6.9487257 6.9487257 6.9487257 6.9487257 6.502551 7.038785 6.9487257 5.736516 5.736516 5.736516 5.736516 5.736516 6.502551 6.502551 6.502551
