Export/ASCII/RMeteo_SP_inch/p1/RMeteo_2017_SP1_inch.asc
ncols         660
nrows         338
xllcorner     1476150
yllcorner     5017150
cellsize      100
NODATA_value  -9.9e-20
[rows 162 to 188 of 338, columns 122 to 182 of 660]
3.0515466 3.0515466 3.0515466 3.0515466 3.0515466 3.2338583 3.2338583 3.2338583 3.0515466 3.0515466 3.2338583 3.0515466 3.0515466 3.2192252 3.2192252 3.2192252 3.2192252 3.0515466 3.0515466 3.0515466 3.0515466 3.0515466 3.0515466 3.0515466 3.0515466 3.0515466 3.0515466 3.0515466 3.0515466 3.2192252 3.2192252 3.2192252 3.0515466 3.2192252 3.2332525 3.2192252 3.2332525 3.2332525 3.2338583 3.186614 3.186614 3.1862707 3.1862707 3.1862707 2.9967968 3.1742516 3.1742516 3.1742516 3.1742516 3.1742516 3.1742516 3.1742516 2.9967968 2.9967968 2.9967968 3.1742516 2.9967968 2.9967968 2.9967968 3.1742516 3.186614
3.0515466 3.0515466 3.0515466 3.0515466 3.0515466 3.2338583 3.2338583 3.2338583 3.0515466 3.2338583 3.2192252 3.2192252 3.2192252 3.2192252 3.2192252 3.2192252 3.2192252 3.0515466 3.0515466 3.0515466 3.0515466 3.0515466 3.0515466 3.0515466 3.0515466 3.0515466 3.0515466 3.0515466 3.2192252 3.2192252 3.2192252 3.2192252 3.2192252 3.2192252 3.2192252 3.2192252 3.2192252 3.2192252 3.2192252 3.4448817 3.186614 3.1862707 3.1862707 3.186614 2.9967968 2.9967968 3.1742516 3.1742516 3.1742516 3.1742516 3.186614 3.1742516 3.1742516 2.9967968 3.186614 3.1742516 3.1742516 3.1742516 3.1742516 3.1742516 3.186614
3.0515466 3.0515466 3.0515466 3.0515466 3.2338583 3.2338583 3.2192252 3.2192252 3.2192252 3.2192252 3.2192252 3.2192252 3.2192252 3.2192252 3.2192252 3.2192252 3.2192252 3.0515466 3.2192252 3.2192252 3.2192252 3.2192252 3.2192252 3.233858 3.0515466 3.0515466 3.0515466 3.0515466 3.0515466 3.0515466 3.0515466 3.2192252 3.2192252 3.2192252 3.2192252 3.2192252 3.2192252 3.2192252 3.2338583 3.4448817 3.186614 3.186614 3.186614 3.186614 2.9967968 2.9967968 3.1742516 3.1742516 3.1742516 3.1742516 3.1742516 3.1742516 3.1742516 3.1742516 3.1742516 3.1742516 3.1742516 3.1742516 3.1742516 3.1742516 3.1742516
3.2192252 3.0515466 3.2192252 3.2192252 3.2192252 3.2192252 3.2192252 3.2192252 3.2192252 3.2192252 3.2192252 3.2192252 3.2338583 3.2192252 3.2192252 3.0515466 3.2192252 3.2192252 3.2192252 3.2192252 3.233858 3.233858 3.233858 3.233858 3.0515466 3.0515466 3.0515466 3.0515466 3.0515466 3.0515466 3.0515466 3.2192252 3.2192252 3.2192252 3.2192252 3.2192252 3.2192252 3.2192252 3.2338583 3.186614 3.186614 3.186614 2.9967968 3.186614 2.9967968 2.9967968 3.1742516 3.1742516 3.186614 3.186614 3.1742516 3.1742516 3.1742516 3.1742516 3.1742516 3.1742516 3.1742516 3.1742516 3.1742516 3.1742516 3.1742516
3.2192252 3.2192252 3.2192252 3.2192252 3.2192252 3.2192252 3.2192252 3.2192252 3.2192252 3.0515466 3.2338583 3.2338583 3.2338583 3.2192252 3.0515466 3.0515466 3.2192252 3.2192252 3.2192252 3.233858 3.233858 3.233858 3.2192252 3.2192252 3.2192252 3.2192252 3.0515466 3.0515466 3.0515466 3.0515466 3.0515466 3.2192252 3.2192252 3.2192252 3.2192252 3.2192252 3.2192252 3.2192252 3.2338583 3.186614 3.4448817 2.9967968 3.1862707 3.1862707 3.186614 3.186614 3.186614 3.1862707 3.186614 3.1742516 3.1742516 3.1742516 3.1742516 3.1742516 3.371256 3.371256 3.1742516 3.1742516 3.186614 3.186614 3.186614
3.2192252 3.2192252 3.2192252 3.2192252 3.2192252 3.2192252 3.2192252 3.2338583 3.2332525 3.2332525 3.2332525 3.2338583 3.0515466 3.0515466 3.0515466 3.0515466 3.0515466 3.2338583 3.233858 3.233858 3.233858 3.2192252 3.2192252 3.2192252 3.2192252 3.2192252 3.0515466 3.0515466 3.0515466 3.0515466 3.2192252 3.2192252 3.2192252 3.2192252 3.2192252 3.2192252 3.2192252 3.2192252 3.2338583 3.186614 3.186614 2.9967968 3.1862707 3.1862707 3.186614 3.186614 3.186614 3.186614 3.186614 3.1742516 3.1862707 3.1742516 3.1742516 3.1742516 3.4448817 3.4448817 3.1742516 3.186614 3.1742516 3.1742516 3.186614
3.2192252 3.2192252 3.2192252 3.2192252 3.2332525 3.2332525 3.2338583 3.2338583 3.2332525 3.0515466 3.2332525 3.2338583 3.2338583 3.0515466 3.0515466 3.0515466 3.2338583 3.2338583 3.2192252 3.2192252 3.2192252 3.2192252 3.2192252 3.2192252 3.2192252 3.2192252 3.2192252 3.0515466 3.0515466 3.0515466 3.2192252 3.2192252 3.2192252 3.2192252 3.2192252 3.2192252 3.2192252 3.2192252 3.2338583 3.186614 3.186614 3.186614 3.186614 3.186614 3.186614 3.186614 3.186614 3.186614 3.186614 3.186614 3.1742516 3.186614 3.1742516 3.186614 3.4448817 3.4448817 3.186614 3.186614 3.1742516 3.1742516 3.1742516
3.2192252 3.2192252 3.2192252 3.2192252 3.2332525 3.2332525 3.2338583 3.2338583 3.2338583 3.0515466 3.0515466 3.2338583 3.2338583 3.0515466 3.0515466 3.0515466 3.2332525 3.2192252 3.2192252 3.2192252 3.2192252 3.2192252 3.2192252 3.2192252 3.2192252 3.2192252 3.2192252 3.2192252 3.2192252 3.2192252 3.2192252 3.2192252 3.2192252 3.2192252 3.2192252 3.2192252 3.2192252 3.2192252 3.2338583 3.186614 3.186614 3.186614 3.186614 3.186614 3.186614 3.1862707 3.4225633 3.4448817 3.4225633 3.4225633 3.4448817 3.186614 3.186614 3.186614 3.4448817 3.4448817 3.186614 3.186614 3.186614 3.1742516 3.1742516
3.2332525 3.2192252 3.2192252 3.2338583 3.0515466 3.0515466 3.2338583 3.2338583 3.2338583 3.2338583 3.2338583 3.233858 3.233858 3.0515466 3.0515466 3.0515466 3.2192252 3.2192252 3.2192252 3.233858 3.2192252 3.2192252 3.2192252 3.2192252 3.2192252 3.2192252 3.2192252 3.2192252 3.2192252 3.2192252 3.2192252 3.2192252 3.2192252 3.2192252 3.2192252 3.2192252 3.2192252 3.2192252 3.2338583 3.186614 3.186614 3.186614 3.186614 3.186614 3.186614 3.1862707 3.4225633 3.4225633 3.4225633 3.4225633 3.0848818 3.186614 3.1862707 3.1862707 3.186614 3.4448817 3.186614 3.186614 3.1742516 3.1742516 3.1742516
3.2332525 3.2332525 3.2192252 3.2338583 3.0515466 3.0515466 3.2192252 3.2192252 3.2338583 3.2338583 3.2192252 3.2192252 3.2192252 3.2332525 3.2332525 3.2192252 3.2192252 3.2192252 3.2192252 3.2338583 3.233858 3.2192252 3.2192252 3.2192252 3.2192252 3.2192252 3.2192252 3.2192252 3.2192252 3.2192252 3.2192252 3.2192252 3.2192252 3.2192252 3.2192252 3.2192252 3.2338583 3.2338583 3.2338583 3.186614 3.186614 3.186614 3.186614 3.186614 3.4448817 3.1552293 3.1552293 3.4448817 3.4448817 3.4448817 3.4225633 3.186614 3.1862707 3.1862707 3.186614 3.4448817 3.186614 3.186614 3.1742516 3.1742516 3.186614
3.5393698 3.5393698 3.2338583 3.2338583 3.2338583 3.0515466 3.2192252 3.2192252 3.2192252 3.2338583 3.2192252 3.2192252 3.2192252 3.2192252 3.2332525 3.2192252 3.2192252 3.2192252 3.2338583 3.0515466 3.2332525 3.2192252 3.2192252 3.2192252 3.2192252 3.2192252 3.2192252 3.2192252 3.2192252 3.2192252 3.0515466 3.2192252 3.2192252 3.2332525 3.0515466 3.0515466 3.2338583 3.2338583 3.2338583 3.186614 3.186614 3.186614 2.9967968 2.9967968 3.4225633 3.4225633 3.1552293 3.4448817 3.4448817 3.186614 3.1862707 3.186614 3.186614 3.1862707 3.1862707 3.0848818 3.186614 3.186614 3.1742516 3.1742516 3.1742516
3.5393698 3.5121748 3.5121748 3.2332525 3.2338583 3.2192252 3.2192252 3.0515466 3.0515466 3.2192252 3.2192252 3.2192252 3.2192252 3.2192252 3.2338583 3.2338583 3.2332525 3.2332525 3.2192252 3.2332525 3.2332525 3.2192252 3.2192252 3.2332525 3.2332525 3.0515466 3.0515466 3.2192252 3.2192252 3.2192252 3.0515466 3.0515466 3.0515466 3.0515466 3.0515466 3.0515466 3.2338583 3.2338583 3.2338583 3.186614 3.186614 3.186614 2.9967968 2.9967968 3.4225633 3.4225633 3.0848818 3.4225633 3.4448817 3.186614 3.1862707 3.186614 3.186614 3.1862707 3.1862707 3.0848818 3.186614 3.186614 3.186614 3.1742516 3.186614
3.4547617 3.5121748 3.5121748 3.4547617 3.2192252 3.2192252 3.2192252 3.0515466 3.0515466 3.0515466 3.2192252 3.2192252 3.2192252 3.2192252 3.2338583 3.2338583 3.233858 3.2332525 3.2332525 3.2332525 3.2332525 3.2192252 3.2192252 3.0515466 3.0515466 3.0515466 3.0515466 3.2192252 3.2192252 3.2192252 3.2332525 3.0515466 3.0515466 3.0515466 3.2338583 3.2338583 3.2338583 3.2338583 3.2338583 3.186614 3.1862707 3.1862707 3.1862707 3.1862707 3.4448817 3.4448817 3.4448817 3.4448817 3.4448817 3.186614 3.186614 3.186614 3.186614 3.186614 3.186614 3.0848818 3.4448817 2.9967968 2.9967968 2.9967968 3.186614
3.5393698 3.5393698 3.4547617 3.4547617 3.2192252 3.2192252 3.2192252 3.0515466 3.0515466 3.0515466 3.2192252 3.2192252 3.2192252 3.2192252 3.2338583 3.2338583 3.2338583 3.2192252 3.2332525 3.2332525 3.2338583 3.2338583 3.0515466 3.0515466 3.0515466 3.0515466 3.0515466 3.2192252 3.2192252 3.2332525 3.2332525 3.0515466 3.0515466 3.2332525 3.2332525 3.2332525 3.2338583 3.2338583 3.2338583 3.186614 3.1862707 3.1862707 3.1862707 3.1862707 3.186614 3.4448817 3.4448817 3.4448817 3.4448817 3.4448817 3.186614 3.186614 3.186614 3.186614 3.186614 3.0848818 3.4448817 2.9967968 2.9967968 2.9967968 3.186614
3.5121748 3.5121748 3.4547617 3.2192252 3.2192252 3.2192252 3.2192252 3.0515466 3.0515466 3.0515466 3.2192252 3.2192252 3.2192252 3.2192252 3.2192252 3.0515466 3.2338583 3.2338583 3.0515466 3.0515466 3.0515466 3.2192252 3.0515466 3.0515466 3.0515466 3.0515466 3.0515466 3.0515466 3.0515466 3.0515466 3.0515466 3.0515466 3.0515466 3.0515466 3.0515466 3.2338583 3.2338583 3.2338583 3.5393698 3.4448817 3.4448817 3.186614 3.186614 3.186614 3.1862707 3.4225633 3.4448817 3.4448817 3.0848818 3.0848818 3.186614 3.186614 3.186614 3.186614 3.186614 3.0848818 3.4448817 2.9967968 2.9967968 2.9967968 3.186614
3.5121748 3.5121748 3.4547617 3.4547617 3.4547617 3.2192252 3.2192252 3.2192252 3.2192252 3.2192252 3.2192252 3.2192252 3.2192252 3.2192252 3.2338583 3.0515466 3.0515466 3.2338583 3.2338583 3.0515466 3.0515466 3.2192252 3.2192252 3.0515466 3.0515466 3.233858 3.0515466 3.0515466 3.0515466 3.0515466 3.0515466 3.0515466 3.0515466 3.0515466 3.0515466 3.233858 2.9038582 3.2332525 3.1793702 3.4448817 3.4448817 3.186614 3.186614 3.186614 3.186614 3.4225633 3.0848818 3.4448817 3.0848818 3.0848818 3.186614 3.186614 3.186614 3.186614 3.186614 3.4448817 3.371256 3.1742516 2.9967968 2.9967968 3.186614
3.5393698 3.5121748 3.5121748 3.4547617 3.4547617 3.2192252 3.2192252 3.2192252 3.2192252 3.2192252 3.2192252 3.2192252 3.2192252 3.2192252 3.2338583 3.2338583 3.2338583 3.2338583 3.2338583 3.2338583 3.0515466 3.2338583 3.2192252 3.0515466 3.0515466 3.0515466 3.0515466 3.233858 3.2338583 3.2338583 3.233858 3.233858 3.0515466 3.0515466 3.0515466 2.9038582 3.2338583 3.2338583 3.5393698 3.4448817 3.4448817 3.4448817 3.186614 3.186614 3.186614 3.4448817 3.0848818 3.0848818 3.4448817 3.0848818 3.186614 3.186614 3.186614 3.186614 3.186614 3.4448817 3.371256 3.1742516 3.1742516 3.1742516 3.186614
3.5121748 3.5121748 3.5121748 3.4547617 3.4547617 3.4547617 3.4547617 3.4547617 3.4547617 3.4547617 3.2338583 3.2338583 3.2192252 3.2338583 3.2338583 3.2338583 3.2338583 3.2338583 3.2338583 3.2338583 3.2338583 3.2338583 3.0515466 3.0515466 3.0515466 3.0515466 3.0515466 3.233858 3.2338583 3.2338583 3.2338583 3.2338583 3.0515466 3.0515466 3.2332525 3.2332525 2.9038582 3.2192252 3.4547617 3.4448817 3.4448817 3.4448817 3.186614 3.186614 3.186614 3.186614 3.4448817 3.0848818 3.4448817 3.0848818 3.0848818 3.1862707 3.1862707 3.186614 3.186614 3.4448817 3.371256 3.1742516 3.1742516 3.1742516 3.186614
3.5121748 3.5121748 3.5393698 3.5121748 3.4547617 3.4547617 3.4547617 3.4547617 3.4547617 3.5393698 3.5393698 3.2332525 3.2332525 3.2338583 3.2338583 2.9038582 3.2338583 3.2338583 3.2338583 3.2338583 3.2338583 3.2338583 3.0515466 3.0515466 3.0515466 3.0515466 3.0515466 3.2338583 3.2338583 3.2338583 3.2338583 3.233858 2.9038582 3.0515466 3.2332525 3.2332525 2.9038582 3.2192252 3.4547617 3.4448817 3.4448817 3.4448817 3.4448817 3.186614 3.186614 3.186614 3.4448817 3.0848818 3.4448817 3.0848818 3.0848818 3.1862707 3.1862707 3.186614 3.186614 3.4448817 3.4448817 3.1742516 3.1742516 3.1742516 3.1742516
3.2332525 3.5121748 3.5121748 3.5121748 3.5121748 3.4547617 3.4547617 3.4547617 3.5393698 3.5393698 3.5121748 3.2332525 3.2332525 3.2332525 3.2338583 3.2338583 3.2338583 2.9038582 3.2338583 3.233858 3.233858 3.2338583 3.2338583 3.0515466 3.2338583 3.2192252 3.2192252 3.2192252 2.9038582 2.9038582 3.2338583 3.233858 2.9038582 2.9038582 3.0515466 3.0515466 2.9038582 3.2338583 3.2338583 3.4448817 3.4448817 3.4448817 3.4448817 3.186614 3.186614 3.186614 3.186614 3.0848818 3.0848818 3.0848818 3.0848818 3.186614 3.186614 3.186614 3.4448817 3.4448817 3.4448817 3.1742516 3.1742516 2.9967968 2.9967968
3.374379 3.1659696 3.374379 3.374379 3.374379 3.3264458 3.3264458 3.3937006 3.3937006 3.3937006 3.3937006 3.1659696 3.1659696 3.1659696 3.1502223 3.1502223 3.166929 3.166929 3.1659696 3.166929 3.166929 3.1502223 3.166929 3.166929 3.166929 3.1502223 3.1502223 3.1502223 3.1502223 3.1502223 3.166929 3.166929 2.8669293 2.8669293 2.8669293 2.8669293 3.1502223 3.1502223 3.1502223 3.0490587 3.3111513 3.3346455 3.3111513 2.7645671 2.7645671 3.050393 3.050393 3.3346455 3.3346455 3.3346455 3.050393 3.050393 3.050393 3.050393 3.3346455 3.3346455 3.3346455 3.0293617 3.0293617 2.8673913 2.8673913
3.3937006 3.166929 3.166929 3.166929 3.3937006 3.3937006 3.3937006 3.3937006 3.3937006 3.3937006 3.166929 3.166929 3.166929 3.1502223 3.1502223 3.166929 3.166929 3.166929 3.1659696 3.1659696 3.166929 3.1502223 3.1502223 3.1659696 3.166929 3.1502223 3.1502223 3.1502223 3.166929 3.166929 3.166929 3.1502223 3.1502223 3.166929 3.166929 3.1502223 3.1502223 3.1502223 3.1502223 3.0432067 3.0490587 3.3346455 3.3346455 3.0046456 2.7645671 3.050393 3.050393 3.3346455 3.3346455 3.3346455 3.050393 3.050393 3.3346455 3.3346455 3.3346455 3.0046456 3.0046456 3.0293617 3.0293617 2.8673913 2.8673913
3.3937006 3.166929 3.166929 3.166929 3.3937006 3.3937006 3.3937006 3.3937006 3.3937006 3.3937006 3.166929 3.166929 3.166929 3.1502223 3.1502223 3.1659696 3.1659696 3.166929 3.1659696 3.166929 3.166929 3.1502223 3.1502223 3.1502223 3.1659696 3.1502223 3.1502223 3.1502223 3.1502223 3.1502223 3.1502223 3.166929 2.8669293 3.166929 3.166929 3.1502223 2.9537084 2.9537084 2.9537084 3.0432067 3.050393 3.3346455 3.2575881 3.2575881 3.3346455 3.050393 3.050393 3.3346455 3.3346455 3.3346455 3.3346455 3.3346455 3.3346455 3.3346455 3.3346455 3.3346455 3.3346455 3.3346455 3.050393 3.0432067 3.0432067
3.3937006 3.166929 3.166929 3.166929 3.166929 3.166929 3.3937006 3.3937006 3.3937006 3.3264458 3.1502223 3.1502223 3.166929 3.166929 3.1502223 3.1659696 3.1659696 3.166929 3.1659696 3.1659696 3.1659696 3.1502223 3.1502223 3.1502223 3.1502223 3.1502223 3.1502223 3.1502223 3.1502223 3.1502223 3.1502223 3.166929 2.8669293 3.166929 3.166929 3.1502223 2.9537084 2.9537084 2.9537084 2.8673913 3.050393 3.050393 3.2575881 3.2575881 3.3346455 3.3346455 3.0046456 3.0046456 3.0046456 3.3346455 3.3346455 3.3346455 3.3346455 3.3111513 3.3111513 3.3346455 3.3346455 3.050393 3.050393 3.050393 3.0432067
3.3937006 3.166929 3.166929 3.3937006 3.3937006 3.166929 3.166929 3.3937006 3.374379 3.3264458 3.1502223 3.1502223 3.166929 3.166929 3.166929 3.166929 3.166929 3.1659696 3.1659696 3.1659696 3.1659696 3.166929 3.166929 3.166929 3.1502223 3.1502223 3.1502223 3.1502223 3.1502223 3.1502223 3.1502223 3.1502223 3.166929 2.8669293 3.166929 3.166929 2.9537084 2.9537084 2.9537084 2.8673913 3.0432067 3.050393 3.050393 3.2575881 3.2575881 3.3346455 3.3111513 3.3111513 3.0046456 3.3346455 3.3111513 3.3111513 3.3346455 3.3111513 3.3111513 3.3111513 3.3346455 3.050393 3.050393 3.050393 3.0503933
3.3937006 3.166929 3.166929 3.3937006 3.3937006 3.166929 3.166929 3.1659696 3.3264458 3.3264458 3.1502223 3.1502223 3.166929 3.166929 3.166929 3.166929 3.166929 3.1659696 3.1659696 3.1659696 3.166929 3.166929 3.1502223 3.1502223 3.1502223 3.1502223 3.1502223 3.1502223 3.1502223 3.1502223 3.1502223 3.1502223 3.1502223 3.166929 3.166929 3.166929 3.166929 2.9537084 2.9537084 3.0432067 3.0432067 3.050393 3.050393 3.3346455 3.3346455 3.3346455 3.0046456 3.3111513 3.0046456 3.0046456 3.3111513 3.3111513 3.3346455 3.0046456 3.3111513 3.3111513 3.3346455 3.050393 3.050393 3.050393 3.050393
3.3937006 3.166929 3.166929 3.3937006 3.3937006 3.3937006 3.166929 3.1659696 3.374379 3.3264458 3.1502223 3.1502223 3.166929 3.166929 3.3937006 3.166929 3.166929 3.166929 3.166929 3.166929 3.166929 3.166929 3.1502223 3.1502223 3.1502223 3.1502223 3.1502223 3.1502223 3.1502223 3.1502223 3.1502223 3.1502223 3.1502223 3.1502223 3.166929 3.166929 2.9537084 3.1502223 3.1502223 3.0432067 3.050393 3.050393 3.050393 3.0503933 3.3346455 3.3346455 3.0046456 3.0046456 3.3346455 3.3346455 3.0046456 3.0046456 3.3346455 3.0046456 3.3346455 3.3346455 3.3346455 3.3346455 3.3346455 3.3346455 3.0503933
